 Time, ttl_pwr, cpu_pwr, mem_pwr, cpu_load, mem_load
 1500441000, 2,7205000000e+02, 2,0608000000e+02, 4,7860000000e+01, 3,1733866667e+01, 2,3543623333e+04
 1500441300, 2,7646666667e+02, 2,0602666667e+02, 5,2586666667e+01, 3,1832166667e+01, 2,3544170000e+04
 1500441600, 2,6615000000e+02, 2,0030000000e+02, 4,9380000000e+01, 3,1916066667e+01, 2,3543566667e+04
 1500441900, 2,7045000000e+02, 2,0806000000e+02, 5,4060000000e+01, 3,1953666667e+01, 2,3543200000e+04
 1500442200, 2,8500000000e+02, 2,1000000000e+02, 5,6000000000e+01, 3,1944533333e+01, 2,3543830000e+04
 1500442500, 2,8083333333e+02, 2,0500000000e+02, 5,4333333333e+01, 3,1966066667e+01, 2,3544010000e+04
 1500442800, 2,8000000000e+02, 2,0400000000e+02, 5,4000000000e+01, 3,1970266667e+01, 2,3544366667e+04
 1500443100, 2,7146666667e+02, 2,0314666667e+02, 4,8026666667e+01, 3,1975966667e+01, 2,3544023333e+04
 1500443400, 2,6345000000e+02, 2,0246000000e+02, 4,3220000000e+01, 3,1968333333e+01, 2,3543340000e+04
 1500443700, 2,7513333333e+02, 2,0410666667e+02, 5,4000000000e+01, 3,1965633333e+01, 2,3542456667e+04
 1500444000, 2,8000000000e+02, 2,0800000000e+02, 5,4000000000e+01, 3,1959166667e+01, 2,3543630000e+04
 1500444300, 2,8415000000e+02, 2,0966000000e+02, 5,4000000000e+01, 3,1939500000e+01, 2,3544800000e+04
 1500444600, 2,7560000000e+02, 2,0122666667e+02, 5,4000000000e+01, 3,1590266667e+01, 2,3792773333e+04
 1500444900, 2,7645000000e+02, 2,0202000000e+02, 5,4000000000e+01, 3,1017700000e+01, 2,3544833333e+04
 1500445200, 2,8615000000e+02, 2,0954000000e+02, 5,6300000000e+01, 3,1300600000e+01, 2,3544370000e+04
 1500445500, 2,8960000000e+02, 2,0789333333e+02, 6,3626666667e+01, 3,1502866667e+01, 2,3544000000e+04
 1500445800, 2,7500000000e+02, 2,0400000000e+02, 5,0000000000e+01, 3,0014400000e+01, 1,6650146667e+04
 1500446100, 8,7500000000e+01, 5,4000000000e+01, 1,6666666667e+01, 2,4621800000e+01, 1,7520850000e+04
 1500446400, 1,9726666667e+02, 1,3930666667e+02, 4,0080000000e+01, 2,6235600000e+01, 2,3565053333e+04
 1500446700, 2,8713333333e+02, 2,0970666667e+02, 5,8000000000e+01, 2,7857733333e+01, 2,3565400000e+04
 1500447000, 2,8540000000e+02, 2,0832000000e+02, 5,7080000000e+01, 2,9019933333e+01, 2,3566026667e+04
 1500447300, 2,6946666667e+02, 1,9605333333e+02, 5,3520000000e+01, 2,9865466667e+01, 2,3566546667e+04
 1500447600, 2,5000000000e+02, 1,9800000000e+02, 3,6000000000e+01, 3,0486033333e+01, 2,3565856667e+04
 1500447900, 2,7066666667e+02, 1,9965333333e+02, 5,0880000000e+01, 3,0895933333e+01, 2,3565773333e+04
 1500448200, 2,7500000000e+02, 2,0125333333e+02, 5,2746666667e+01, 3,1212266667e+01, 2,3566176667e+04
 1500448500, 2,7930000000e+02, 2,0544000000e+02, 5,3720000000e+01, 3,1420133333e+01, 2,3566030000e+04
 1500448800, 2,8383333333e+02, 2,0720000000e+02, 5,7400000000e+01, 3,1602600000e+01, 2,3565600000e+04
 1500449100, 2,7986666667e+02, 1,9800000000e+02, 6,1840000000e+01, 3,1723133333e+01, 2,3566036667e+04
 1500449400, 2,7500000000e+02, 1,9800000000e+02, 5,6000000000e+01, 3,1752233333e+01, 2,3566206667e+04
 1500449700, 2,7913333333e+02, 2,0296000000e+02, 5,4346666667e+01, 3,1805233333e+01, 2,3566833333e+04
 1500450000, 2,6746666667e+02, 2,0274666667e+02, 4,5226666667e+01, 3,1861466667e+01, 2,3567400000e+04
 1500450300, 1,7116666667e+02, 1,2573333333e+02, 2,7000000000e+01, 3,0336400000e+01, 2,3862180000e+04
 1500450600, 1,0373333333e+02, 6,5440000000e+01, 1,9520000000e+01, 2,8740533333e+01, 2,3568090000e+04
 1500450900, 2,6986666667e+02, 2,0010666667e+02, 5,1626666667e+01, 2,9648533333e+01, 2,3569370000e+04
 1500451200, 2,6500000000e+02, 2,0400000000e+02, 3,8000000000e+01, 3,0108700000e+01, 2,3569166667e+04
 1500451500, 2,7750000000e+02, 2,0233333333e+02, 5,3000000000e+01, 3,0449700000e+01, 2,3568596667e+04
 1500451800, 2,7685000000e+02, 2,0200000000e+02, 5,4740000000e+01, 3,0858700000e+01, 2,3568166667e+04
 1500452100, 2,7715000000e+02, 2,0114000000e+02, 5,7440000000e+01, 3,1146400000e+01, 2,3568230000e+04
 1500452400, 2,7886666667e+02, 2,0000000000e+02, 6,0640000000e+01, 3,1405033333e+01, 2,3568230000e+04
 1500452700, 2,7500000000e+02, 2,0000000000e+02, 5,5946666667e+01, 3,1608133333e+01, 2,3567740000e+04
 1500453000, 2,7500000000e+02, 2,0000000000e+02, 5,4000000000e+01, 3,1738933333e+01, 2,3567653333e+04
 1500453300, 2,7500000000e+02, 2,0000000000e+02, 5,2346666667e+01, 3,1837400000e+01, 2,3568403333e+04
 1500453600, 2,7500000000e+02, 1,9749333333e+02, 5,0746666667e+01, 3,1852000000e+01, 2,3568166667e+04
 1500453900, 2,7930000000e+02, 2,0202000000e+02, 5,1720000000e+01, 3,1851366667e+01, 2,3568200000e+04
 1500454200, 2,7933333333e+02, 2,0773333333e+02, 5,0826666667e+01, 3,1865633333e+01, 2,3568626667e+04
 1500454500, 2,6045000000e+02, 2,0018000000e+02, 4,0300000000e+01, 3,1847400000e+01, 2,3568173333e+04
 1500454800, 2,7500000000e+02, 2,0600000000e+02, 5,0000000000e+01, 3,1887666667e+01, 2,3568403333e+04
 1500455100, 2,8326666667e+02, 2,0600000000e+02, 5,8266666667e+01, 3,1821466667e+01, 2,3569060000e+04
 1500455400, 2,8500000000e+02, 2,0348000000e+02, 5,7480000000e+01, 3,1772533333e+01, 2,3569173333e+04
 1500455700, 2,8716666667e+02, 1,9940000000e+02, 5,9466666667e+01, 3,1846166667e+01, 2,3569406667e+04
 1500456000, 2,8886666667e+02, 1,9917333333e+02, 6,2186666667e+01, 3,1867233333e+01, 2,3568863333e+04
 1500456300, 2,8470000000e+02, 2,0982000000e+02, 5,5940000000e+01, 3,1745833333e+01, 2,3569516667e+04
 1500456600, 2,7500000000e+02, 2,0400000000e+02, 5,4000000000e+01, 3,1726633333e+01, 2,3569486667e+04
 1500456900, 2,7085000000e+02, 1,9570000000e+02, 5,4000000000e+01, 3,1779800000e+01, 2,3569313333e+04
 1500457200, 2,7316666667e+02, 2,0033333333e+02, 5,2733333333e+01, 3,1800100000e+01, 2,3567206667e+04
 1500457500, 1,7966666667e+02, 1,2686666667e+02, 3,3800000000e+01, 3,0758300000e+01, 2,3808130000e+04
 1500457800, 1,0525000000e+02, 6,4413333333e+01, 2,1166666667e+01, 3,0386266667e+01, 2,3567973333e+04
 1500458100, 2,7986666667e+02, 1,9800000000e+02, 5,9893333333e+01, 3,0842866667e+01, 2,3567660000e+04
 1500458400, 2,7500000000e+02, 1,9800000000e+02, 5,6000000000e+01, 3,1171533333e+01, 2,3568630000e+04
 1500458700, 2,6673333333e+02, 2,0130666667e+02, 4,4426666667e+01, 3,1413600000e+01, 2,3570000000e+04
 1500459000, 2,6815000000e+02, 2,0074000000e+02, 4,7040000000e+01, 3,1605033333e+01, 2,3569543333e+04
 1500459300, 2,7426666667e+02, 2,0085333333e+02, 5,2560000000e+01, 3,1722433333e+01, 2,3569033333e+04
 1500459600, 2,7655000000e+02, 2,0062000000e+02, 5,4620000000e+01, 3,1676300000e+01, 2,3569623333e+04
 1500459900, 2,6460000000e+02, 1,9610666667e+02, 4,9573333333e+01, 3,1465300000e+01, 2,3569630000e+04
 1500460200, 2,5000000000e+02, 2,0000000000e+02, 3,4000000000e+01, 3,1613366667e+01, 2,3569576667e+04
 1500460500, 2,7893333333e+02, 2,0826666667e+02, 5,2186666667e+01, 3,1724766667e+01, 2,3570156667e+04
 1500460800, 2,7240000000e+02, 1,9992000000e+02, 5,3480000000e+01, 3,1679433333e+01, 2,3569226667e+04
 1500461100, 2,7360000000e+02, 2,0088000000e+02, 5,3720000000e+01, 3,1669666667e+01, 2,3570630000e+04
 1500461400, 2,8150000000e+02, 2,0813333333e+02, 5,4133333333e+01, 3,1783266667e+01, 2,3570333333e+04
 1500461700, 2,7045000000e+02, 2,0218000000e+02, 4,8300000000e+01, 3,1858933333e+01, 2,3570460000e+04
 1500462000, 2,8500000000e+02, 2,0800000000e+02, 5,8000000000e+01, 3,1788433333e+01, 2,3570400000e+04
 1500462300, 2,8500000000e+02, 1,9800000000e+02, 4,9666666667e+01, 3,1848100000e+01, 2,3570596667e+04
 1500462600, 2,6933333333e+02, 1,9600000000e+02, 4,6746666667e+01, 3,1816733333e+01, 2,3570126667e+04
 1500462900, 2,6866666667e+02, 1,9946666667e+02, 5,1200000000e+01, 3,1859866667e+01, 2,3569466667e+04
 1500463200, 2,7773333333e+02, 2,0218666667e+02, 5,8000000000e+01, 3,1805766667e+01, 2,3569226667e+04
 1500463500, 2,7013333333e+02, 1,9616000000e+02, 5,7946666667e+01, 3,1847733333e+01, 2,3569746667e+04
 1500463800, 2,7500000000e+02, 2,0200000000e+02, 5,6000000000e+01, 3,1895000000e+01, 2,3568193333e+04
 1500464100, 2,7500000000e+02, 2,0366000000e+02, 5,4340000000e+01, 3,1929100000e+01, 2,3570483333e+04
 1500464400, 2,7183333333e+02, 2,0273333333e+02, 5,0200000000e+01, 3,1856033333e+01, 2,3572020000e+04
 1500464700, 2,7430000000e+02, 2,0028000000e+02, 5,4020000000e+01, 3,0803033333e+01, 2,3571800000e+04
 1500465000, 2,7773333333e+02, 1,9800000000e+02, 6,0186666667e+01, 3,1156700000e+01, 2,3572626667e+04
 1500465300, 2,7000000000e+02, 1,9824000000e+02, 5,3820000000e+01, 3,1375766667e+01, 2,3571906667e+04
 1500465600, 2,7000000000e+02, 2,0600000000e+02, 4,8000000000e+01, 3,1526766667e+01, 2,3570856667e+04
 1500465900, 2,8245000000e+02, 2,1098000000e+02, 5,4640000000e+01, 3,1686033333e+01, 2,3571406667e+04
 1500466200, 2,7240000000e+02, 2,0192000000e+02, 5,2220000000e+01, 3,1650600000e+01, 2,3571570000e+04
 1500466500, 2,6285000000e+02, 1,9858000000e+02, 5,2580000000e+01, 3,1620966667e+01, 2,3571250000e+04
 1500466800, 2,5886666667e+02, 2,0154666667e+02, 5,1920000000e+01, 3,1659500000e+01, 2,3572006667e+04
 1500467100, 2,5566666667e+02, 2,0021333333e+02, 3,8480000000e+01, 3,1708733333e+01, 2,3572796667e+04
 1500467400, 2,8000000000e+02, 2,0800000000e+02, 5,6000000000e+01, 3,1762000000e+01, 2,3571540000e+04
 1500467700, 2,8000000000e+02, 2,0138666667e+02, 6,0960000000e+01, 3,1674300000e+01, 2,3572420000e+04
 1500468000, 2,7366666667e+02, 1,9620000000e+02, 5,9466666667e+01, 3,1749066667e+01, 2,3570963333e+04
 1500468300, 2,7430000000e+02, 1,9916000000e+02, 5,7140000000e+01, 3,1832400000e+01, 2,3571400000e+04
 1500468600, 2,7770000000e+02, 2,0462000000e+02, 5,6460000000e+01, 3,1888933333e+01, 2,3571623333e+04
 1500468900, 2,6970000000e+02, 2,0012000000e+02, 5,7400000000e+01, 3,1899933333e+01, 2,3572630000e+04
 1500469200, 2,6000000000e+02, 2,0400000000e+02, 3,8000000000e+01, 3,1921700000e+01, 2,3572340000e+04
 1500469500, 2,8075000000e+02, 2,1064000000e+02, 5,1280000000e+01, 3,1815900000e+01, 2,3571040000e+04
 1500469800, 2,8500000000e+02, 2,0822000000e+02, 5,6520000000e+01, 3,1820366667e+01, 2,3572433333e+04
 1500470100, 2,8070000000e+02, 2,0600000000e+02, 5,4560000000e+01, 3,1837266667e+01, 2,3572373333e+04
 1500470400, 2,7615000000e+02, 2,0600000000e+02, 5,0920000000e+01, 3,1784366667e+01, 2,3572230000e+04
 1500470700, 2,7916666667e+02, 2,0600000000e+02, 5,3333333333e+01, 3,1857866667e+01, 2,3572570000e+04
 1500471000, 2,5500000000e+02, 2,0600000000e+02, 3,4000000000e+01, 3,1892633333e+01, 2,3572250000e+04
 1500471300, 2,7153333333e+02, 2,0104000000e+02, 5,2186666667e+01, 3,1890033333e+01, 2,3572976667e+04
 1500471600, 1,6100000000e+02, 1,0753333333e+02, 3,5733333333e+01, 3,1252933333e+01, 2,3779226667e+04
 1500471900, 1,6595000000e+02, 1,1850000000e+02, 3,0020000000e+01, 3,1171766667e+01, 2,3573173333e+04
 1500472200, 2,6350000000e+02, 2,0306666667e+02, 4,1733333333e+01, 3,1369000000e+01, 2,3573623333e+04
 1500472500, 2,7515000000e+02, 2,0018000000e+02, 5,4120000000e+01, 3,1469000000e+01, 2,3573176667e+04
 1500472800, 2,8000000000e+02, 2,0600000000e+02, 5,8000000000e+01, 3,1659833333e+01, 2,3573860000e+04
 1500473100, 2,8413333333e+02, 2,0765333333e+02, 5,6346666667e+01, 3,1780866667e+01, 2,3574180000e+04
 1500473400, 2,8183333333e+02, 2,0546666667e+02, 5,6000000000e+01, 3,1783266667e+01, 2,3573953333e+04
 1500473700, 2,7786666667e+02, 2,0400000000e+02, 5,4293333333e+01, 3,1736766667e+01, 2,3574310000e+04
 1500474000, 2,7500000000e+02, 2,0354000000e+02, 5,2000000000e+01, 3,1977600000e+01, 2,3577236667e+04
 1500474300, 2,7486666667e+02, 2,0194666667e+02, 5,2000000000e+01, 3,2163933333e+01, 2,3576750000e+04
 1500474600, 2,7000000000e+02, 2,0000000000e+02, 5,2000000000e+01, 3,2410166667e+01, 2,3574606667e+04
 1500474900, 2,8250000000e+02, 2,0166666667e+02, 6,3666666667e+01, 3,2592100000e+01, 2,3575486667e+04
 1500475200, 2,7873333333e+02, 2,0074666667e+02, 5,9733333333e+01, 3,2638033333e+01, 2,3576736667e+04
 1500475500, 2,7500000000e+02, 2,0086000000e+02, 5,5140000000e+01, 3,2754633333e+01, 2,3575830000e+04
 1500475800, 2,7615000000e+02, 2,0200000000e+02, 5,4920000000e+01, 3,2840333333e+01, 2,3576643333e+04
 1500476100, 2,8013333333e+02, 2,0216000000e+02, 5,8000000000e+01, 3,2901700000e+01, 2,3577150000e+04
 1500476400, 2,8500000000e+02, 2,0800000000e+02, 5,8000000000e+01, 3,2954566667e+01, 2,3576260000e+04
 1500476700, 2,8500000000e+02, 2,0800000000e+02, 5,6340000000e+01, 3,2832833333e+01, 2,3577573333e+04
 1500477000, 2,7246666667e+02, 2,0048000000e+02, 5,3493333333e+01, 3,2804200000e+01, 2,3577256667e+04
 1500477300, 2,6500000000e+02, 1,9600000000e+02, 5,1146666667e+01, 3,2851400000e+01, 2,3577973333e+04
 1500477600, 2,6500000000e+02, 1,9692000000e+02, 4,9540000000e+01, 3,2885866667e+01, 2,3577830000e+04
 1500477900, 2,6553333333e+02, 2,0021333333e+02, 4,8213333333e+01, 3,2852400000e+01, 2,3577940000e+04
 1500478200, 2,8500000000e+02, 2,0800000000e+02, 5,6000000000e+01, 3,2940000000e+01, 2,3577433333e+04
 1500478500, 2,8500000000e+02, 2,0800000000e+02, 5,6000000000e+01, 3,2833400000e+01, 2,3578173333e+04
 1500478800, 1,5200000000e+02, 9,9066666667e+01, 3,5733333333e+01, 2,7360000000e+01, 2,4075500000e+04
 1500479100, 1,6033333333e+02, 1,0512000000e+02, 3,7653333333e+01, 2,6574066667e+01, 2,3574500000e+04
 1500479400, 2,7730000000e+02, 1,9800000000e+02, 5,5540000000e+01, 2,8115866667e+01, 2,3569223333e+04
 1500479700, 2,8500000000e+02, 1,9840000000e+02, 5,4133333333e+01, 2,9157633333e+01, 2,3568776667e+04
 1500480000, 2,8500000000e+02, 2,1000000000e+02, 5,8000000000e+01, 2,9926833333e+01, 2,3568770000e+04
 1500480300, 2,7250000000e+02, 1,9833333333e+02, 5,4666666667e+01, 3,0528800000e+01, 2,3568570000e+04
 1500480600, 2,7000000000e+02, 1,9980000000e+02, 5,1466666667e+01, 3,0938700000e+01, 2,3567833333e+04
 1500480900, 2,7000000000e+02, 1,9942000000e+02, 5,1720000000e+01, 3,1235833333e+01, 2,3568006667e+04
 1500481200, 2,7000000000e+02, 1,9645333333e+02, 5,4000000000e+01, 3,1427066667e+01, 2,3567973333e+04
 1500481500, 2,7013333333e+02, 1,9800000000e+02, 5,4213333333e+01, 3,1548333333e+01, 2,3568683333e+04
 1500481800, 2,7500000000e+02, 1,9800000000e+02, 6,2000000000e+01, 3,1546700000e+01, 2,3568813333e+04
 1500482100, 2,8330000000e+02, 2,0630000000e+02, 5,7020000000e+01, 3,1639600000e+01, 2,3570036667e+04
 1500482400, 2,7873333333e+02, 2,0424000000e+02, 5,4746666667e+01, 3,1742566667e+01, 2,3569736667e+04
 1500482700, 2,7286666667e+02, 2,0029333333e+02, 5,4000000000e+01, 3,1828333333e+01, 2,3569426667e+04
 1500483000, 2,7116666667e+02, 1,9940000000e+02, 5,3066666667e+01, 3,1729433333e+01, 2,3569840000e+04
 1500483300, 2,7500000000e+02, 2,0386666667e+02, 4,9466666667e+01, 3,1790166667e+01, 2,3570606667e+04
 1500483600, 2,7500000000e+02, 2,0000000000e+02, 3,4000000000e+01, 3,1853700000e+01, 2,3569936667e+04
 1500483900, 2,7913333333e+02, 2,0496000000e+02, 5,0533333333e+01, 3,1920866667e+01, 2,3570180000e+04
 1500484200, 2,7686666667e+02, 1,9973333333e+02, 5,7760000000e+01, 3,1941433333e+01, 2,3575833333e+04
 1500484500, 2,7930000000e+02, 2,0116000000e+02, 5,8280000000e+01, 3,1982833333e+01, 2,3576023333e+04
 1500484800, 2,8386666667e+02, 2,0664000000e+02, 5,6453333333e+01, 3,2021066667e+01, 2,3575973333e+04
 1500485100, 2,8000000000e+02, 2,0206666667e+02, 5,8000000000e+01, 3,1987500000e+01, 2,3576860000e+04
 1500485400, 2,8000000000e+02, 2,0400000000e+02, 5,8000000000e+01, 3,1796233333e+01, 2,3577830000e+04
 1500485700, 2,8413333333e+02, 2,0896000000e+02, 5,4693333333e+01, 3,1871866667e+01, 2,3578373333e+04
 1500486000, 1,6150000000e+02, 1,0866666667e+02, 3,5000000000e+01, 2,8237700000e+01, 2,4161890000e+04
 1500486300, 7,2666666667e+01, 3,8733333333e+01, 1,7933333333e+01, 2,0768333333e+01, 2,3788933333e+04
 1500486600, 5,0000000000e+01, 2,4000000000e+01, 1,0000000000e+01, 1,5441466667e+01, 2,3581666667e+04
 1500486900, 5,6750000000e+01, 2,9340000000e+01, 1,1320000000e+01, 1,7039000000e+01, 2,3578463333e+04
 1500487200, 2,7500000000e+02, 2,0200000000e+02, 5,4000000000e+01, 2,1173200000e+01, 2,3580173333e+04
 1500487500, 2,7913333333e+02, 2,0861333333e+02, 5,0693333333e+01, 2,4169066667e+01, 2,3580026667e+04
 1500487800, 2,8315000000e+02, 2,1000000000e+02, 5,5040000000e+01, 2,6330333333e+01, 2,3579913333e+04
 1500488100, 2,8286666667e+02, 2,1000000000e+02, 5,7146666667e+01, 2,7831566667e+01, 2,3579663333e+04
 1500488400, 2,8000000000e+02, 2,0908000000e+02, 5,6460000000e+01, 2,8946866667e+01, 2,3581033333e+04
 1500488700, 2,7973333333e+02, 2,0578666667e+02, 5,7786666667e+01, 2,9800100000e+01, 2,3580600000e+04
 1500489000, 2,7000000000e+02, 1,9800000000e+02, 5,0000000000e+01, 3,0291733333e+01, 2,3580800000e+04
 1500489300, 2,5346666667e+02, 1,9800000000e+02, 3,6773333333e+01, 3,0663466667e+01, 2,3580146667e+04
 1500489600, 2,6566666667e+02, 1,9925333333e+02, 4,9040000000e+01, 3,1041433333e+01, 2,3579786667e+04
 1500489900, 2,7500000000e+02, 1,9744000000e+02, 5,8853333333e+01, 3,1259100000e+01, 2,3579426667e+04
 1500490200, 2,7730000000e+02, 1,9722000000e+02, 5,9540000000e+01, 3,1501833333e+01, 2,3580626667e+04
 1500490500, 2,8486666667e+02, 2,0794666667e+02, 5,7946666667e+01, 3,1682533333e+01, 2,3580926667e+04
 1500490800, 2,8000000000e+02, 2,0600000000e+02, 5,6000000000e+01, 3,1774866667e+01, 2,3579890000e+04
 1500491100, 2,8413333333e+02, 2,0930666667e+02, 5,6000000000e+01, 3,1846200000e+01, 2,3580803333e+04
 1500491400, 2,8185000000e+02, 2,0874000000e+02, 5,6000000000e+01, 3,1905166667e+01, 2,3580600000e+04
 1500491700, 2,7786666667e+02, 2,0629333333e+02, 5,5146666667e+01, 3,1797566667e+01, 2,3581626667e+04
 1500492000, 2,7386666667e+02, 2,0218666667e+02, 5,4906666667e+01, 3,1726266667e+01, 2,3580973333e+04
 1500492300, 2,6986666667e+02, 1,9626666667e+02, 5,7466666667e+01, 3,1747000000e+01, 2,3581176667e+04
 1500492600, 2,6500000000e+02, 2,0600000000e+02, 3,8000000000e+01, 3,1813366667e+01, 2,3580030000e+04
 1500492900, 2,8160000000e+02, 2,0766000000e+02, 5,4600000000e+01, 3,1832300000e+01, 2,3579566667e+04
 1500493200, 2,7246666667e+02, 2,0048000000e+02, 5,4240000000e+01, 3,1842433333e+01, 2,3580396667e+04
 1500493500, 2,6285000000e+02, 1,9772000000e+02, 4,8560000000e+01, 3,1819766667e+01, 2,3580530000e+04
 1500493800, 2,6453333333e+02, 2,0181333333e+02, 4,6266666667e+01, 3,0839700000e+01, 2,3580893333e+04
 1500494100, 2,8000000000e+02, 2,0794000000e+02, 5,4120000000e+01, 3,1093433333e+01, 2,3580633333e+04
 1500494400, 2,8000000000e+02, 2,0600000000e+02, 5,8000000000e+01, 3,1351933333e+01, 2,3581770000e+04
 1500494700, 2,6750000000e+02, 1,9766666667e+02, 5,1333333333e+01, 3,1540933333e+01, 2,3580580000e+04
 1500495000, 2,6500000000e+02, 2,0106666667e+02, 4,6200000000e+01, 3,1673500000e+01, 2,3580033333e+04
 1500495300, 2,7140000000e+02, 2,0229333333e+02, 5,1680000000e+01, 3,1770133333e+01, 2,3581173333e+04
 1500495600, 2,8000000000e+02, 2,0090666667e+02, 6,0640000000e+01, 3,1845900000e+01, 2,3580630000e+04
 1500495900, 2,7906666667e+02, 2,0373333333e+02, 5,5413333333e+01, 3,1891166667e+01, 2,3580373333e+04
 1500496200, 2,4500000000e+02, 1,9400000000e+02, 3,4000000000e+01, 3,1943400000e+01, 2,3579183333e+04
 1500496500, 2,6575000000e+02, 2,0064000000e+02, 4,7280000000e+01, 3,1970233333e+01, 2,3580626667e+04
 1500496800, 2,7000000000e+02, 2,0073333333e+02, 5,0000000000e+01, 3,1899233333e+01, 2,3580170000e+04
 1500497100, 2,6566666667e+02, 1,9826666667e+02, 4,8266666667e+01, 3,1797733333e+01, 2,3580273333e+04
 1500497400, 2,6345000000e+02, 1,9784000000e+02, 4,8300000000e+01, 3,1806833333e+01, 2,3581400000e+04
 1500497700, 2,7530000000e+02, 2,0412000000e+02, 5,6000000000e+01, 3,1893933333e+01, 2,3580176667e+04
 1500498000, 2,8500000000e+02, 2,0800000000e+02, 5,6000000000e+01, 3,1967600000e+01, 2,3580653333e+04
 1500498300, 2,5583333333e+02, 2,0133333333e+02, 3,7666666667e+01, 3,2008333333e+01, 2,3581573333e+04
 1500498600, 2,7193333333e+02, 2,0626666667e+02, 4,7786666667e+01, 3,2016266667e+01, 2,3580396667e+04
 1500498900, 2,8070000000e+02, 2,0742000000e+02, 5,3420000000e+01, 3,1986466667e+01, 2,3581193333e+04
 1500499200, 2,7613333333e+02, 2,0490666667e+02, 5,0906666667e+01, 3,1984833333e+01, 2,3580603333e+04
 1500499500, 2,8000000000e+02, 2,0782000000e+02, 5,4060000000e+01, 3,2000300000e+01, 2,3580403333e+04
 1500499800, 2,8000000000e+02, 2,0200000000e+02, 5,6000000000e+01, 3,2012300000e+01, 2,3580203333e+04
 1500500100, 2,8000000000e+02, 2,0200000000e+02, 5,7666666667e+01, 3,2028333333e+01, 2,3580166667e+04
 1500500400, 2,7055000000e+02, 2,0200000000e+02, 5,6740000000e+01, 3,2019000000e+01, 2,3580030000e+04
 1500500700, 1,9133333333e+02, 1,3786666667e+02, 4,2133333333e+01, 3,1317700000e+01, 2,3683296667e+04
 1500501000, 1,3640000000e+02, 8,8040000000e+01, 3,1360000000e+01, 3,1114300000e+01, 2,3581626667e+04
 1500501300, 2,7515000000e+02, 2,0218000000e+02, 5,5940000000e+01, 3,1355033333e+01, 2,3581800000e+04
 1500501600, 2,8000000000e+02, 2,0800000000e+02, 5,4000000000e+01, 3,1481333333e+01, 2,3582600000e+04
 1500501900, 2,8413333333e+02, 2,0800000000e+02, 5,5653333333e+01, 3,1613100000e+01, 2,3580516667e+04
 1500502200, 2,7555000000e+02, 2,0170000000e+02, 5,3480000000e+01, 3,1659600000e+01, 2,3581256667e+04
 1500502500, 2,7213333333e+02, 2,0056000000e+02, 5,2000000000e+01, 3,1732733333e+01, 2,3581450000e+04
 1500502800, 2,7726666667e+02, 2,0490666667e+02, 5,2906666667e+01, 3,1782266667e+01, 2,3582380000e+04
 1500503100, 2,8486666667e+02, 2,0784000000e+02, 5,6053333333e+01, 3,1850966667e+01, 2,3583633333e+04
 1500503400, 2,8000000000e+02, 2,0200000000e+02, 5,8000000000e+01, 3,1935766667e+01, 2,3582570000e+04
 1500503700, 2,7585000000e+02, 2,0366000000e+02, 4,9700000000e+01, 3,1991166667e+01, 2,3582403333e+04
 1500504000, 2,7815000000e+02, 2,0148000000e+02, 5,1780000000e+01, 3,2039266667e+01, 2,3582420000e+04
 1500504300, 2,7783333333e+02, 2,0260000000e+02, 5,4000000000e+01, 3,2048033333e+01, 2,3582603333e+04
 1500504600, 2,7726666667e+02, 2,0645333333e+02, 5,4453333333e+01, 3,2052266667e+01, 2,3583403333e+04
 1500504900, 2,8500000000e+02, 2,0800000000e+02, 5,6000000000e+01, 3,1932100000e+01, 2,3583196667e+04
 1500505200, 2,8500000000e+02, 2,0800000000e+02, 5,6000000000e+01, 3,1944633333e+01, 2,3582633333e+04
 1500505500, 2,8085000000e+02, 2,0302000000e+02, 5,4340000000e+01, 3,1966600000e+01, 2,3583166667e+04
 1500505800, 2,7685000000e+02, 2,0200000000e+02, 5,5260000000e+01, 3,1976300000e+01, 2,3583593333e+04
 1500506100, 2,7286666667e+02, 2,0200000000e+02, 5,4293333333e+01, 3,1967200000e+01, 2,3583000000e+04
 1500506400, 2,6660000000e+02, 2,0064000000e+02, 4,8826666667e+01, 3,1954533333e+01, 2,3583400000e+04
 1500506700, 2,5575000000e+02, 1,9636000000e+02, 3,8540000000e+01, 3,1852800000e+01, 2,3582840000e+04
 1500507000, 2,8000000000e+02, 2,0800000000e+02, 5,6000000000e+01, 3,1816166667e+01, 2,3584026667e+04
 1500507300, 2,8416666667e+02, 2,0633333333e+02, 5,7666666667e+01, 3,1809800000e+01, 2,3584166667e+04
 1500507600, 2,7873333333e+02, 1,9973333333e+02, 6,0506666667e+01, 3,1599733333e+01, 2,3583573333e+04
 1500507900, 2,7715000000e+02, 2,0030000000e+02, 5,9420000000e+01, 3,0938100000e+01, 2,3584236667e+04
 1500508200, 2,7433333333e+02, 2,0464000000e+02, 5,1920000000e+01, 3,1233166667e+01, 2,3584230000e+04
 1500508500, 2,5553333333e+02, 1,9994666667e+02, 3,8533333333e+01, 3,1453200000e+01, 2,3585453333e+04
 1500508800, 2,7500000000e+02, 1,9800000000e+02, 5,8000000000e+01, 3,1618700000e+01, 2,3585540000e+04
 1500509100, 2,7913333333e+02, 1,9634666667e+02, 5,6346666667e+01, 3,1777533333e+01, 2,3585003333e+04
 1500509400, 2,7373333333e+02, 1,9976000000e+02, 5,0986666667e+01, 3,1869866667e+01, 2,3585000000e+04
 1500509700, 2,7000000000e+02, 2,0029333333e+02, 4,9706666667e+01, 3,1935333333e+01, 2,3585346667e+04
 1500510000, 2,6883333333e+02, 1,9753333333e+02, 5,2000000000e+01, 3,1981266667e+01, 2,3584420000e+04
 1500510300, 2,6473333333e+02, 1,9605333333e+02, 5,1573333333e+01, 3,2006833333e+01, 2,3585030000e+04
 1500510600, 2,5500000000e+02, 1,9800000000e+02, 3,6000000000e+01, 3,2011066667e+01, 2,3585040000e+04
 1500510900, 2,7160000000e+02, 1,9800000000e+02, 5,7580000000e+01, 3,1961433333e+01, 2,3585580000e+04
 1500511200, 2,7500000000e+02, 2,0178000000e+02, 5,6960000000e+01, 3,1955000000e+01, 2,3586003333e+04
 1500511500, 2,7713333333e+02, 2,0485333333e+02, 5,5706666667e+01, 3,1966800000e+01, 2,3585463333e+04
 1500511800, 2,7886666667e+02, 2,0509333333e+02, 5,7546666667e+01, 3,1988533333e+01, 2,3585973333e+04
 1500512100, 2,7515000000e+02, 2,0200000000e+02, 5,6000000000e+01, 3,2000300000e+01, 2,3585576667e+04
 1500512400, 2,8000000000e+02, 2,0200000000e+02, 5,6000000000e+01, 3,1999733333e+01, 2,3584836667e+04
 1500512700, 2,8000000000e+02, 2,0365333333e+02, 5,6000000000e+01, 3,2008266667e+01, 2,3584803333e+04
 1500513000, 2,7060000000e+02, 2,0400000000e+02, 5,3493333333e+01, 3,1958133333e+01, 2,3585600000e+04
 1500513300, 2,5855000000e+02, 2,0056000000e+02, 4,5120000000e+01, 3,1956866667e+01, 2,3585746667e+04
 1500513600, 2,5460000000e+02, 1,9784000000e+02, 3,8760000000e+01, 3,1932900000e+01, 2,3584596667e+04
 1500513900, 2,6986666667e+02, 2,0389333333e+02, 4,8053333333e+01, 3,1866533333e+01, 2,3584826667e+04
 1500514200, 2,6500000000e+02, 2,0000000000e+02, 5,0000000000e+01, 3,1841466667e+01, 2,3585003333e+04
 1500514500, 2,7740000000e+02, 2,0496000000e+02, 5,6613333333e+01, 3,1737733333e+01, 2,3592363333e+04
 1500514800, 2,7055000000e+02, 1,9844000000e+02, 5,4220000000e+01, 3,0831766667e+01, 2,3633296667e+04
 1500515100, 2,6500000000e+02, 1,9486000000e+02, 5,1140000000e+01, 3,1022500000e+01, 2,3585626667e+04
 1500515400, 2,6960000000e+02, 1,9876000000e+02, 5,0000000000e+01, 3,1333333333e+01, 2,3586430000e+04
 1500515700, 2,8483333333e+02, 2,0780000000e+02, 5,0266666667e+01, 3,1544933333e+01, 2,3585806667e+04
 1500516000, 2,8000000000e+02, 2,0200000000e+02, 5,8000000000e+01, 3,1701933333e+01, 2,3586393333e+04
 1500516300, 2,8413333333e+02, 2,0365333333e+02, 6,2960000000e+01, 3,1822866667e+01, 2,3586000000e+04
 1500516600, 2,8500000000e+02, 2,0652000000e+02, 6,0220000000e+01, 3,1915966667e+01, 2,3586796667e+04
 1500516900, 2,8285000000e+02, 2,0800000000e+02, 5,7140000000e+01, 3,1987666667e+01, 2,3587396667e+04
 1500517200, 2,7770000000e+02, 2,0570000000e+02, 5,4620000000e+01, 3,1997333333e+01, 2,3587593333e+04
 1500517500, 2,7045000000e+02, 1,9830000000e+02, 5,0180000000e+01, 3,1917666667e+01, 2,3586803333e+04
 1500517800, 2,8500000000e+02, 2,0800000000e+02, 5,6000000000e+01, 3,1792300000e+01, 2,3587173333e+04
 1500518100, 2,8085000000e+02, 2,0468000000e+02, 5,6000000000e+01, 3,1859166667e+01, 2,3585830000e+04
 1500518400, 2,8000000000e+02, 2,0274000000e+02, 5,7260000000e+01, 3,1897500000e+01, 2,3587830000e+04
 1500518700, 2,8000000000e+02, 2,0200000000e+02, 5,7146666667e+01, 3,1938833333e+01, 2,3587800000e+04
 1500519000, 2,7655000000e+02, 2,0016000000e+02, 5,5080000000e+01, 3,1954600000e+01, 2,3587376667e+04
 1500519300, 2,6560000000e+02, 1,9448000000e+02, 5,2180000000e+01, 3,1970300000e+01, 2,3586996667e+04
 1500519600, 2,8500000000e+02, 2,1000000000e+02, 5,8000000000e+01, 3,1980000000e+01, 2,3587650000e+04
 1500519900, 2,7670000000e+02, 1,9672000000e+02, 5,9660000000e+01, 3,1988300000e+01, 2,3587940000e+04
 1500520200, 2,7813333333e+02, 2,0277333333e+02, 5,7493333333e+01, 3,1984600000e+01, 2,3587203333e+04
 1500520500, 2,7785000000e+02, 2,0542000000e+02, 5,4280000000e+01, 3,1954300000e+01, 2,3587403333e+04
 1500520800, 2,7160000000e+02, 2,0109333333e+02, 4,9733333333e+01, 3,1970566667e+01, 2,3587826667e+04
 1500521100, 2,6040000000e+02, 1,9800000000e+02, 4,2373333333e+01, 3,1988833333e+01, 2,3587623333e+04
 1500521400, 2,7500000000e+02, 1,9800000000e+02, 5,6000000000e+01, 3,2026800000e+01, 2,3588913333e+04
 1500521700, 2,7500000000e+02, 2,0132000000e+02, 5,4340000000e+01, 3,1260700000e+01, 2,3588463333e+04
 1500522000, 2,7185000000e+02, 2,0074000000e+02, 5,4000000000e+01, 3,1043300000e+01, 2,3589230000e+04
 1500522300, 2,7426666667e+02, 2,0341333333e+02, 5,4000000000e+01, 3,1183933333e+01, 2,3590463333e+04
 1500522600, 2,8000000000e+02, 2,0664000000e+02, 5,5813333333e+01, 3,1401266667e+01, 2,3590566667e+04
 1500522900, 2,7970000000e+02, 2,0182000000e+02, 6,1880000000e+01, 3,1558100000e+01, 2,3589770000e+04
 1500523200, 2,7000000000e+02, 1,9600000000e+02, 5,8000000000e+01, 3,1648300000e+01, 2,3590236667e+04
 1500523500, 2,7000000000e+02, 2,0098000000e+02, 4,9700000000e+01, 3,1766400000e+01, 2,3589803333e+04
 1500523800, 2,7633333333e+02, 2,0706666667e+02, 5,1800000000e+01, 3,1837633333e+01, 2,3590566667e+04
 1500524100, 2,8215000000e+02, 2,0656000000e+02, 5,5720000000e+01, 3,1889500000e+01, 2,3590463333e+04
 1500524400, 2,8500000000e+02, 2,0338000000e+02, 5,8000000000e+01, 3,1828000000e+01, 2,3591170000e+04
 1500524700, 2,8446666667e+02, 2,0762666667e+02, 5,7840000000e+01, 3,1838500000e+01, 2,3590603333e+04
 1500525000, 2,6500000000e+02, 1,9400000000e+02, 5,2000000000e+01, 3,1805800000e+01, 2,3590060000e+04
 1500525300, 2,6086666667e+02, 1,9565333333e+02, 4,7040000000e+01, 3,1865400000e+01, 2,3590736667e+04
 1500525600, 2,7575000000e+02, 2,0356000000e+02, 5,2300000000e+01, 3,1853700000e+01, 2,3589830000e+04
 1500525900, 2,7006666667e+02, 2,0288000000e+02, 4,6613333333e+01, 3,1834033333e+01, 2,3591206667e+04
 1500526200, 2,5680000000e+02, 1,9736000000e+02, 3,9893333333e+01, 3,1693866667e+01, 2,3590600000e+04
 1500526500, 2,7973333333e+02, 2,0184000000e+02, 5,9840000000e+01, 3,1621333333e+01, 2,3590603333e+04
 1500526800, 2,7000000000e+02, 1,9600000000e+02, 5,4000000000e+01, 3,1558433333e+01, 2,3590173333e+04
 1500527100, 2,7830000000e+02, 2,0264000000e+02, 5,5660000000e+01, 3,1655600000e+01, 2,3590436667e+04
 1500527400, 2,7060000000e+02, 2,0024000000e+02, 5,2240000000e+01, 3,1776766667e+01, 2,3591426667e+04
 1500527700, 2,6500000000e+02, 1,9714666667e+02, 5,0853333333e+01, 3,1867633333e+01, 2,3591400000e+04
 1500528000, 2,6613333333e+02, 1,9600000000e+02, 5,2453333333e+01, 3,1916033333e+01, 2,3590370000e+04
 1500528300, 2,7030000000e+02, 1,9624000000e+02, 5,4120000000e+01, 3,1969766667e+01, 2,3590433333e+04
 1500528600, 2,8000000000e+02, 2,0400000000e+02, 5,8000000000e+01, 3,1588933333e+01, 2,3834606667e+04
 1500528900, 2,7585000000e+02, 2,0068000000e+02, 5,6340000000e+01, 3,1044200000e+01, 2,3590836667e+04
 1500529200, 2,8130000000e+02, 2,0504000000e+02, 5,7260000000e+01, 3,1317366667e+01, 2,3591603333e+04
 1500529500, 2,8073333333e+02, 2,0373333333e+02, 5,7146666667e+01, 3,1535066667e+01, 2,3590970000e+04
 1500529800, 2,7500000000e+02, 1,9890666667e+02, 5,5546666667e+01, 3,1691733333e+01, 2,3591026667e+04
 1500530100, 2,7473333333e+02, 2,0184000000e+02, 5,3893333333e+01, 3,1800233333e+01, 2,3591253333e+04
 1500530400, 2,6500000000e+02, 1,9600000000e+02, 5,0000000000e+01, 3,1867100000e+01, 2,3592566667e+04
 1500530700, 2,5670000000e+02, 1,9932000000e+02, 4,0040000000e+01, 2,9878633333e+01, 1,6689903333e+04
 1500531000, 1,2516666667e+02, 8,8533333333e+01, 2,0266666667e+01, 2,2163000000e+01, 7,0873333333e+03
 1500531300, 5,0000000000e+01, 2,4000000000e+01, 1,0000000000e+01, 1,6057333333e+01, 7,0882333333e+03
 1500531600, 5,0000000000e+01, 2,4000000000e+01, 1,0000000000e+01, 1,1648333333e+01, 7,0888333333e+03
 1500531900, 5,0000000000e+01, 2,4000000000e+01, 1,0000000000e+01, 8,4390000000e+00, 7,0896333333e+03
 1500532200, 5,0000000000e+01, 2,4000000000e+01, 1,0000000000e+01, 6,1156666667e+00, 7,0900000000e+03
 1500532500, 5,0000000000e+01, 2,4000000000e+01, 1,0000000000e+01, 4,4322666667e+00, 7,0889266667e+03
 1500532800, 5,0000000000e+01, 2,4000000000e+01, 1,0000000000e+01, 3,2083333333e+00, 7,0888000000e+03
 1500533100, 5,0000000000e+01, 2,4000000000e+01, 1,0000000000e+01, 2,3320000000e+00, 7,0892666667e+03
 1500533400, 5,0000000000e+01, 2,4000000000e+01, 1,0000000000e+01, 1,6966666667e+00, 7,0889666667e+03
 1500533700, 5,0000000000e+01, 2,4000000000e+01, 1,0000000000e+01, 1,2496666667e+00, 7,0894333333e+03
 1500534000, 5,0000000000e+01, 2,4000000000e+01, 1,0000000000e+01, 9,2033333333e-01, 7,0899666667e+03
 1500534300, 5,0000000000e+01, 2,4000000000e+01, 1,0000000000e+01, 6,8233333333e-01, 7,1099000000e+03
 1500534600, 7,1583333333e+01, 3,5100000000e+01, 1,7400000000e+01, 1,0079666667e+00, 8,0600933333e+03
 1500534900, 8,7166666667e+01, 4,4600000000e+01, 2,2866666667e+01, 1,2353333333e+00, 1,1563933333e+04
 1500535200, 1,0733333333e+02, 6,2733333333e+01, 2,6166666667e+01, 2,8306666667e+00, 1,6705783333e+04
 1500535500, 1,6966666667e+02, 1,1573333333e+02, 3,3933333333e+01, 5,2864000000e+00, 1,7817786667e+04
 1500535800, 1,6000000000e+02, 1,0800000000e+02, 3,2000000000e+01, 6,7316000000e+00, 1,9170393333e+04
 1500536100, 2,2666666667e+02, 1,6466666667e+02, 4,3666666667e+01, 1,0439666667e+01, 3,3625333333e+04
 1500536400, 2,5260000000e+02, 1,8482000000e+02, 4,8520000000e+01, 1,5445733333e+01, 4,0976796667e+04
 1500536700, 2,6215000000e+02, 1,9086000000e+02, 5,0860000000e+01, 2,0178466667e+01, 4,1888630000e+04
 1500537000, 2,6500000000e+02, 1,9200000000e+02, 5,2000000000e+01, 2,3575566667e+01, 4,1910503333e+04
 1500537300, 2,6500000000e+02, 1,9200000000e+02, 5,2000000000e+01, 2,6103833333e+01, 4,2163823333e+04
 1500537600, 2,6500000000e+02, 1,9200000000e+02, 5,2000000000e+01, 2,7917133333e+01, 4,1982980000e+04
 1500537900, 2,6086666667e+02, 1,9034666667e+02, 5,0346666667e+01, 2,9204233333e+01, 4,2276016667e+04
 1500538200, 2,6315000000e+02, 1,9126000000e+02, 5,1260000000e+01, 3,0067133333e+01, 4,2403996667e+04
 1500538500, 2,6500000000e+02, 1,9200000000e+02, 5,2000000000e+01, 3,0696933333e+01, 4,2573643333e+04
 1500538800, 2,6500000000e+02, 1,9200000000e+02, 5,2000000000e+01, 3,1236600000e+01, 4,2451453333e+04
 1500539100, 2,6485000000e+02, 1,9194000000e+02, 5,1940000000e+01, 3,1646133333e+01, 4,2529750000e+04
 1500539400, 2,6000000000e+02, 1,9000000000e+02, 5,0000000000e+01, 3,1905400000e+01, 4,2607010000e+04
 1500539700, 2,6415000000e+02, 1,9166000000e+02, 5,1660000000e+01, 3,2106600000e+01, 4,2413236667e+04
 1500540000, 2,6500000000e+02, 1,9200000000e+02, 5,2000000000e+01, 3,2288633333e+01, 4,2797260000e+04
 1500540300, 2,6500000000e+02, 1,9200000000e+02, 5,2000000000e+01, 3,2398866667e+01, 4,3046920000e+04
 1500540600, 2,6500000000e+02, 1,9200000000e+02, 5,2000000000e+01, 3,2470133333e+01, 4,3188740000e+04
 1500540900, 2,6500000000e+02, 1,9200000000e+02, 5,2000000000e+01, 3,2567766667e+01, 4,3313153333e+04
 1500541200, 2,6500000000e+02, 1,9200000000e+02, 5,2000000000e+01, 3,2676000000e+01, 4,2034183333e+04
 1500541500, 2,4425000000e+02, 1,7540000000e+02, 4,7020000000e+01, 3,1241966667e+01, 3,3560950000e+04
 1500541800, 2,3366666667e+02, 1,6693333333e+02, 4,4733333333e+01, 2,9426000000e+01, 3,3301166667e+04
 1500542100, 2,3650000000e+02, 1,7093333333e+02, 4,4866666667e+01, 2,7972000000e+01, 3,3380133333e+04
 1500542400, 2,4616666667e+02, 1,8046666667e+02, 4,6466666667e+01, 2,6836000000e+01, 3,3421133333e+04
 1500542700, 2,4666666667e+02, 1,7920000000e+02, 4,7400000000e+01, 2,5038000000e+01, 2,4798900000e+04
 1500543000, 1,5000000000e+02, 9,8000000000e+01, 3,0000000000e+01, 2,1706833333e+01, 1,4991023333e+04
 1500543300, 1,1250000000e+02, 6,6333333333e+01, 2,5000000000e+01, 1,7355100000e+01, 8,8521933333e+03
 1500543600, 8,6600000000e+01, 4,5280000000e+01, 2,1546666667e+01, 1,4171566667e+01, 1,0041026667e+04
 1500543900, 9,6166666667e+01, 5,3780000000e+01, 2,1693333333e+01, 1,2672366667e+01, 2,0940690000e+04
 1500544200, 1,5300000000e+02, 1,0180000000e+02, 2,9133333333e+01, 1,5078600000e+01, 3,3245833333e+04
 1500544500, 2,4553333333e+02, 1,8032000000e+02, 4,6106666667e+01, 1,8655700000e+01, 3,9568593333e+04
 1500544800, 2,6500000000e+02, 1,9200000000e+02, 5,0000000000e+01, 2,2516966667e+01, 4,1268583333e+04
 1500545100, 2,6085000000e+02, 1,9200000000e+02, 5,0000000000e+01, 2,5328933333e+01, 4,1762963333e+04
 1500545400, 2,6315000000e+02, 1,9200000000e+02, 5,0000000000e+01, 2,7343800000e+01, 4,2112180000e+04
 1500545700, 2,6500000000e+02, 1,9286666667e+02, 5,0000000000e+01, 2,8795133333e+01, 4,2383616667e+04
 1500546000, 2,6385000000e+02, 1,9354000000e+02, 5,0000000000e+01, 2,9907766667e+01, 4,2527886667e+04
 1500546300, 2,6015000000e+02, 1,9206000000e+02, 5,0060000000e+01, 3,0686766667e+01, 4,2677393333e+04
 1500546600, 2,6500000000e+02, 1,9400000000e+02, 5,2000000000e+01, 3,1254533333e+01, 4,2816273333e+04
 1500546900, 2,6085000000e+02, 1,9234000000e+02, 4,8680000000e+01, 3,1667400000e+01, 4,2831466667e+04
 1500547200, 2,6313333333e+02, 1,9200000000e+02, 4,9253333333e+01, 3,1985033333e+01, 4,3023923333e+04
 1500547500, 2,6283333333e+02, 1,9200000000e+02, 5,0000000000e+01, 3,2188400000e+01, 4,3448506667e+04
 1500547800, 2,6116666667e+02, 1,9200000000e+02, 5,0000000000e+01, 3,2352633333e+01, 4,3490176667e+04
 1500548100, 2,6485000000e+02, 1,9200000000e+02, 5,0000000000e+01, 3,2445500000e+01, 4,3400736667e+04
 1500548400, 2,6000000000e+02, 1,9200000000e+02, 5,0000000000e+01, 3,2549566667e+01, 4,3445450000e+04
 1500548700, 2,6415000000e+02, 1,9200000000e+02, 5,0000000000e+01, 3,2634100000e+01, 4,3621666667e+04
 1500549000, 2,6500000000e+02, 1,9200000000e+02, 5,0000000000e+01, 3,2555400000e+01, 4,3662230000e+04
 1500549300, 2,6500000000e+02, 1,9200000000e+02, 5,0000000000e+01, 3,2689766667e+01, 4,3726630000e+04
 1500549600, 2,5916666667e+02, 1,8780000000e+02, 4,9066666667e+01, 3,1825266667e+01, 3,2625873333e+04
 1500549900, 2,3633333333e+02, 1,7080000000e+02, 4,5533333333e+01, 2,7067666667e+01, 1,7525866667e+04
 1500550200, 1,3000000000e+02, 7,8000000000e+01, 3,2000000000e+01, 2,2470666667e+01, 1,5888000000e+04
 1500550500, 1,5500000000e+02, 1,0300000000e+02, 3,2000000000e+01, 1,8488333333e+01, 1,2198000000e+04
 1500550800, 9,0333333333e+01, 5,4800000000e+01, 1,8066666667e+01, 1,3839000000e+01, 6,8574333333e+03
 1500551100, 5,0000000000e+01, 2,4000000000e+01, 1,0000000000e+01, 1,0105333333e+01, 6,8052333333e+03
 1500551400, 7,2333333333e+01, 4,0526666667e+01, 1,4466666667e+01, 8,2141333333e+00, 8,3990333333e+03
 1500551700, 1,5735000000e+02, 1,0556000000e+02, 2,9580000000e+01, 1,2331866667e+01, 1,0221390000e+04
 1500552000, 1,8486666667e+02, 1,3400000000e+02, 2,7946666667e+01, 1,6662033333e+01, 1,0154743333e+04
 1500552300, 1,8000000000e+02, 1,3400000000e+02, 2,6000000000e+01, 1,9502966667e+01, 1,0351630000e+04
 1500552600, 2,1750000000e+02, 1,7066666667e+02, 2,6000000000e+01, 2,1128000000e+01, 1,3360060000e+04
 1500552900, 2,3753333333e+02, 1,8677333333e+02, 2,9760000000e+01, 2,3805966667e+01, 1,9010860000e+04
 1500553200, 2,4500000000e+02, 1,9285333333e+02, 3,2000000000e+01, 2,6219133333e+01, 1,9219693333e+04
 1500553500, 2,4500000000e+02, 1,9354000000e+02, 3,2000000000e+01, 2,7961700000e+01, 1,9503396667e+04
 1500553800, 2,4500000000e+02, 1,9200000000e+02, 3,2053333333e+01, 2,9200166667e+01, 1,9719703333e+04
 1500554100, 2,4500000000e+02, 1,9200000000e+02, 3,4000000000e+01, 3,0028566667e+01, 1,9775140000e+04
 1500554400, 2,4500000000e+02, 1,9200000000e+02, 3,2346666667e+01, 3,0609366667e+01, 1,9930093333e+04
 1500554700, 2,4500000000e+02, 1,9200000000e+02, 3,2000000000e+01, 3,1042300000e+01, 1,9894270000e+04
 1500555000, 2,4500000000e+02, 1,9286666667e+02, 3,2000000000e+01, 3,1372666667e+01, 1,9861086667e+04
 1500555300, 2,4500000000e+02, 1,9353333333e+02, 3,2000000000e+01, 3,1585400000e+01, 1,9845320000e+04
 1500555600, 2,4500000000e+02, 1,9200000000e+02, 3,2000000000e+01, 3,1755400000e+01, 1,9836356667e+04
 1500555900, 2,4500000000e+02, 1,9200000000e+02, 3,2000000000e+01, 3,1872866667e+01, 1,9931790000e+04
 1500556200, 2,4500000000e+02, 1,9200000000e+02, 3,2000000000e+01, 3,1989566667e+01, 1,9932530000e+04
 1500556500, 2,4500000000e+02, 1,9200000000e+02, 3,3253333333e+01, 3,2069066667e+01, 1,9914973333e+04
 1500556800, 2,4500000000e+02, 1,9200000000e+02, 3,3146666667e+01, 3,2107366667e+01, 1,9937910000e+04
 1500557100, 2,4500000000e+02, 1,9200000000e+02, 3,2000000000e+01, 3,2148666667e+01, 2,0080466667e+04
 1500557400, 2,4500000000e+02, 1,9200000000e+02, 3,2000000000e+01, 3,2169533333e+01, 2,0058693333e+04
 1500557700, 2,4500000000e+02, 1,9200000000e+02, 3,2000000000e+01, 3,2232500000e+01, 2,0040593333e+04
 1500558000, 2,4083333333e+02, 1,8866666667e+02, 3,0333333333e+01, 3,2395633333e+01, 2,0311473333e+04
 1500558300, 2,2746666667e+02, 1,7546666667e+02, 3,0000000000e+01, 3,2861133333e+01, 2,0517883333e+04
 1500558600, 2,1576666667e+02, 1,6292000000e+02, 3,1693333333e+01, 3,3366166667e+01, 2,0615860000e+04
 1500558900, 1,8140000000e+02, 1,3004000000e+02, 3,1800000000e+01, 3,3670733333e+01, 2,0588373333e+04
 1500559200, 8,0000000000e+01, 3,8000000000e+01, 2,4000000000e+01, 3,3887200000e+01, 2,0680640000e+04
 1500559500, 8,0000000000e+01, 3,8000000000e+01, 2,4000000000e+01, 3,4231633333e+01, 2,0618960000e+04
 1500559800, 8,0000000000e+01, 3,8000000000e+01, 2,4000000000e+01, 3,4388900000e+01, 2,0604710000e+04
 1500560100, 8,0000000000e+01, 3,6753333333e+01, 2,4000000000e+01, 3,4526766667e+01, 2,0664346667e+04
 1500560400, 8,0000000000e+01, 3,6853333333e+01, 2,4000000000e+01, 3,4856433333e+01, 2,0598356667e+04
 1500560700, 8,0000000000e+01, 3,7193333333e+01, 2,4000000000e+01, 3,5067633333e+01, 2,0701070000e+04
 1500561000, 8,0000000000e+01, 3,6433333333e+01, 2,4000000000e+01, 3,5275400000e+01, 2,0704096667e+04
 1500561300, 8,0000000000e+01, 3,8000000000e+01, 2,4000000000e+01, 3,5394866667e+01, 2,0644263333e+04
 1500561600, 8,4416666667e+01, 3,8000000000e+01, 2,4000000000e+01, 3,5543733333e+01, 2,0663046667e+04
 1500561900, 1,1753333333e+02, 7,0533333333e+01, 2,7253333333e+01, 3,5626266667e+01, 2,0628873333e+04
 1500562200, 1,0433333333e+02, 5,9400000000e+01, 2,5933333333e+01, 3,5713600000e+01, 2,0547500000e+04
 1500562500, 9,1200000000e+01, 4,7786666667e+01, 2,4000000000e+01, 3,5856633333e+01, 2,0548810000e+04
 1500562800, 1,0000000000e+02, 5,5560000000e+01, 2,4000000000e+01, 3,6072500000e+01, 2,0582840000e+04
 1500563100, 1,0000000000e+02, 5,4053333333e+01, 2,4000000000e+01, 3,5974500000e+01, 2,0558703333e+04
 1500563400, 1,0000000000e+02, 5,6000000000e+01, 2,4000000000e+01, 3,5850566667e+01, 2,0557076667e+04
 1500563700, 2,3420000000e+02, 1,5685333333e+02, 5,3280000000e+01, 3,5701366667e+01, 2,0500006667e+04
 1500564000, 1,7558333333e+02, 1,1340000000e+02, 3,7800000000e+01, 3,5542400000e+01, 2,0370373333e+04
 1500564300, 1,4708333333e+02, 9,6166666667e+01, 2,7333333333e+01, 3,5488866667e+01, 1,9999206667e+04
 1500564600, 2,0540000000e+02, 1,4586666667e+02, 3,6533333333e+01, 3,5350800000e+01, 1,9649140000e+04
 1500564900, 2,7460000000e+02, 1,9996000000e+02, 5,1720000000e+01, 3,5194666667e+01, 1,9408886667e+04
 1500565200, 2,5500000000e+02, 1,9800000000e+02, 3,8000000000e+01, 3,4857533333e+01, 1,9133196667e+04
 1500565500, 2,3000000000e+02, 1,8300000000e+02, 2,8000000000e+01, 3,3247666667e+01, 1,1050400000e+04
 1500565800, 2,2500000000e+02, 1,7873333333e+02, 2,6000000000e+01, 3,1251000000e+01, 1,1255733333e+04
 1500566100, 2,2500000000e+02, 1,7800000000e+02, 2,6000000000e+01, 2,9854666667e+01, 1,1424266667e+04
 1500566400, 2,2500000000e+02, 1,7800000000e+02, 2,6000000000e+01, 2,8821333333e+01, 1,1516300000e+04
 1500566700, 2,2483333333e+02, 1,7800000000e+02, 2,6000000000e+01, 2,8053333333e+01, 1,1552800000e+04
 1500567000, 2,2000000000e+02, 1,7800000000e+02, 2,6000000000e+01, 2,7536333333e+01, 1,1565600000e+04
 1500567300, 2,2000000000e+02, 1,7800000000e+02, 2,6000000000e+01, 2,7164000000e+01, 1,1574333333e+04
 1500567600, 2,2316666667e+02, 1,7926666667e+02, 2,7266666667e+01, 2,6705333333e+01, 1,1574200000e+04
 1500567900, 2,2500000000e+02, 1,8000000000e+02, 2,7133333333e+01, 2,6274333333e+01, 1,1476866667e+04
 1500568200, 2,2383333333e+02, 1,7906666667e+02, 2,6000000000e+01, 2,5816666667e+01, 1,1369266667e+04
 1500568500, 2,2000000000e+02, 1,7600000000e+02, 2,6000000000e+01, 2,5342666667e+01, 1,1367966667e+04
 1500568800, 2,2000000000e+02, 1,7600000000e+02, 2,6000000000e+01, 2,5064833333e+01, 1,1396260000e+04
 1500569100, 2,2406666667e+02, 1,7437333333e+02, 2,6000000000e+01, 2,5054500000e+01, 1,1455640000e+04
 1500569400, 2,2500000000e+02, 1,7275333333e+02, 2,7246666667e+01, 2,5201666667e+01, 1,1518046667e+04
 1500569700, 2,2076666667e+02, 1,6861333333e+02, 2,8000000000e+01, 2,5456233333e+01, 1,1579476667e+04
 1500570000, 2,1295000000e+02, 1,6236000000e+02, 2,8000000000e+01, 2,5702166667e+01, 1,1693603333e+04
 1500570300, 1,9460000000e+02, 1,4548000000e+02, 2,7120000000e+01, 2,5848866667e+01, 1,1823613333e+04
 1500570600, 1,3893333333e+02, 9,2880000000e+01, 2,4000000000e+01, 2,5980700000e+01, 1,1796236667e+04
 1500570900, 1,0000000000e+02, 5,2000000000e+01, 2,4000000000e+01, 2,6096266667e+01, 1,1773473333e+04
 1500571200, 1,2440000000e+02, 7,4773333333e+01, 2,7253333333e+01, 2,6172400000e+01, 1,1784460000e+04
 1500571500, 1,4233333333e+02, 9,1100000000e+01, 3,0466666667e+01, 2,6198900000e+01, 1,1858316667e+04
 1500571800, 1,7291666667e+02, 1,1550000000e+02, 3,5333333333e+01, 2,6331300000e+01, 1,1698883333e+04
 1500572100, 1,9375000000e+02, 1,3064000000e+02, 3,8380000000e+01, 2,6855833333e+01, 1,2105180000e+04
 1500572400, 8,0933333333e+01, 3,6886666667e+01, 2,2093333333e+01, 2,7642200000e+01, 1,2083336667e+04
 1500572700, 1,2000000000e+02, 7,4000000000e+01, 2,6000000000e+01, 2,7286766667e+01, 1,1722026667e+04
 1500573000, 9,1300000000e+01, 4,7760000000e+01, 2,2720000000e+01, 2,6955733333e+01, 1,1587156667e+04
 1500573300, 1,1855000000e+02, 6,8840000000e+01, 2,6880000000e+01, 2,6695433333e+01, 1,1655836667e+04
 1500573600, 1,4000000000e+02, 8,6000000000e+01, 3,0000000000e+01, 2,7767500000e+01, 1,1945250000e+04
 1500573900, 1,1305000000e+02, 6,4440000000e+01, 2,6920000000e+01, 2,7642200000e+01, 1,1975250000e+04
 1500574200, 1,0196666667e+02, 5,5573333333e+01, 2,4786666667e+01, 2,6581533333e+01, 1,1453866667e+04
 1500574500, 1,0620000000e+02, 5,9786666667e+01, 2,4826666667e+01, 2,5041933333e+01, 1,1158263333e+04
 1500574800, 1,1920000000e+02, 7,1780000000e+01, 2,6840000000e+01, 2,3537533333e+01, 1,0963455000e+04
 1500575100, 1,3520000000e+02, 8,6100000000e+01, 3,0080000000e+01, 2,2658533333e+01, 1,0618395000e+04
 1500575400, 1,5500000000e+02, 9,6000000000e+01, 3,8000000000e+01, 2,1497100000e+01, 1,1775380000e+04
 1500575700, 2,0028333333e+02, 1,3387333333e+02, 4,2940000000e+01, 1,9721933333e+01, 2,0600333333e+04
 1500576000, 2,2246666667e+02, 1,5945333333e+02, 4,2753333333e+01, 1,8714266667e+01, 2,5120466667e+04
 1500576300, 2,3000000000e+02, 1,7000000000e+02, 4,2000000000e+01, 1,8099500000e+01, 2,5404793333e+04
 1500576600, 2,3111666667e+02, 1,7000000000e+02, 4,2000000000e+01, 1,7685366667e+01, 2,5547993333e+04
 1500576900, 2,3488333333e+02, 1,7000000000e+02, 4,2000000000e+01, 1,7339366667e+01, 2,5572946667e+04
 1500577200, 2,3000000000e+02, 1,7000000000e+02, 4,2000000000e+01, 1,6907733333e+01, 2,6062566667e+04
 1500577500, 2,3411666667e+02, 1,7164666667e+02, 4,2000000000e+01, 1,6546533333e+01, 2,6263076667e+04
 1500577800, 2,3500000000e+02, 1,7324666667e+02, 4,2000000000e+01, 1,6258400000e+01, 2,6259573333e+04
 1500578100, 2,3500000000e+02, 1,7315333333e+02, 4,2000000000e+01, 1,6064966667e+01, 2,6390903333e+04
 1500578400, 2,3500000000e+02, 1,7200000000e+02, 4,2000000000e+01, 1,5942366667e+01, 2,6307620000e+04
 1500578700, 2,3488333333e+02, 1,7195333333e+02, 4,2000000000e+01, 1,5907066667e+01, 2,6301330000e+04
 1500579000, 2,3000000000e+02, 1,7000000000e+02, 4,2000000000e+01, 1,5869366667e+01, 2,6455690000e+04
 1500579300, 2,3411666667e+02, 1,7164666667e+02, 4,2000000000e+01, 1,5829300000e+01, 2,6476223333e+04
 1500579600, 2,3188333333e+02, 1,6950666667e+02, 4,2000000000e+01, 1,5787300000e+01, 2,6566170000e+04
 1500579900, 2,3211666667e+02, 1,6969333333e+02, 4,2000000000e+01, 1,5761533333e+01, 2,6491926667e+04
 1500580200, 2,3500000000e+02, 1,7200000000e+02, 4,2000000000e+01, 1,5681566667e+01, 2,4247503333e+04
 1500580500, 2,3220000000e+02, 1,6957333333e+02, 4,1673333333e+01, 1,4134466667e+01, 1,6903546667e+04
 1500580800, 1,1500000000e+02, 6,8000000000e+01, 2,8000000000e+01, 1,1829000000e+01, 9,1173200000e+03
 1500581100, 8,6183333333e+01, 4,3300000000e+01, 2,4706666667e+01, 8,6950000000e+00, 7,0672033333e+03
 1500581400, 6,1300000000e+01, 2,9273333333e+01, 1,5273333333e+01, 6,3345000000e+00, 7,0528000000e+03
 1500581700, 5,0000000000e+01, 2,4000000000e+01, 1,0000000000e+01, 4,6108666667e+00, 7,0546933333e+03
 1500582000, 5,0000000000e+01, 2,4000000000e+01, 1,0000000000e+01, 3,3515000000e+00, 7,0576933333e+03
 1500582300, 5,0000000000e+01, 2,4000000000e+01, 1,0000000000e+01, 2,4282666667e+00, 7,0604000000e+03
 1500582600, 5,0000000000e+01, 2,4000000000e+01, 1,0000000000e+01, 2,0056333333e+00, 7,6370000000e+03
 1500582900, 1,2821666667e+02, 8,9866666667e+01, 2,1526666667e+01, 3,3363000000e+00, 1,4963050000e+04
 1500583200, 1,4811666667e+02, 1,0649333333e+02, 2,4000000000e+01, 4,6287333333e+00, 4,2027646667e+04
 1500583500, 1,5000000000e+02, 1,0884666667e+02, 2,4000000000e+01, 5,5579666667e+00, 4,2028423333e+04
 1500583800, 1,5111666667e+02, 1,1000000000e+02, 2,4000000000e+01, 6,2330666667e+00, 4,2027576667e+04
 1500584100, 1,5488333333e+02, 1,1000000000e+02, 2,4000000000e+01, 6,7213333333e+00, 4,2028023333e+04
 1500584400, 1,5000000000e+02, 1,1000000000e+02, 2,4000000000e+01, 7,0750000000e+00, 4,2029423333e+04
 1500584700, 1,5000000000e+02, 1,0835333333e+02, 2,4000000000e+01, 7,3369000000e+00, 4,3104680000e+04
 1500585000, 1,4065000000e+02, 9,9273333333e+01, 2,4000000000e+01, 7,5277333333e+00, 4,8970166667e+04
 1500585300, 1,4558333333e+02, 1,0162000000e+02, 2,4846666667e+01, 7,5200666667e+00, 5,2069576667e+04
 1500585600, 1,6000000000e+02, 1,1200000000e+02, 2,6000000000e+01, 7,1848666667e+00, 5,2111623333e+04
 1500585900, 1,6000000000e+02, 1,1200000000e+02, 2,6000000000e+01, 6,8915666667e+00, 5,2106246667e+04
 1500586200, 1,6000000000e+02, 1,1200000000e+02, 2,6000000000e+01, 6,7035000000e+00, 5,2069776667e+04
 1500586500, 1,6000000000e+02, 1,1200000000e+02, 2,6000000000e+01, 6,3793333333e+00, 5,2112776667e+04
 1500586800, 1,6000000000e+02, 1,1200000000e+02, 2,6000000000e+01, 6,1823333333e+00, 5,2113000000e+04
 1500587100, 1,6000000000e+02, 1,1200000000e+02, 2,6000000000e+01, 6,3876333333e+00, 5,2112823333e+04
 1500587400, 1,6000000000e+02, 1,1200000000e+02, 2,6000000000e+01, 6,4401000000e+00, 5,2107376667e+04
 1500587700, 1,5953333333e+02, 1,1167333333e+02, 2,5953333333e+01, 6,4719666667e+00, 3,3652960000e+04
 1500588000, 1,4000000000e+02, 9,8000000000e+01, 2,4000000000e+01, 6,8066333333e+00, 7,8316966667e+03
 1500588300, 1,4823333333e+02, 1,0788000000e+02, 2,4000000000e+01, 7,1365333333e+00, 4,1984070000e+04
 1500588600, 1,5000000000e+02, 1,1000000000e+02, 2,4000000000e+01, 7,3869000000e+00, 4,1986000000e+04
 1500588900, 1,5211666667e+02, 1,1000000000e+02, 2,4000000000e+01, 7,5590333333e+00, 4,1985623333e+04
 1500589200, 1,5388333333e+02, 1,1000000000e+02, 2,4000000000e+01, 7,6825666667e+00, 4,1986000000e+04
 1500589500, 1,5000000000e+02, 1,1000000000e+02, 2,4000000000e+01, 7,7758666667e+00, 4,1987223333e+04
 1500589800, 1,5000000000e+02, 1,1000000000e+02, 2,4000000000e+01, 7,8375000000e+00, 4,3183926667e+04
 1500590100, 1,3353333333e+02, 8,8593333333e+01, 2,5646666667e+01, 7,6799666667e+00, 5,2026023333e+04
 1500590400, 1,4558333333e+02, 1,0145333333e+02, 2,6000000000e+01, 7,2259333333e+00, 5,2117000000e+04
 1500590700, 1,5500000000e+02, 1,1200000000e+02, 2,6000000000e+01, 6,8565666667e+00, 5,2118093333e+04
 1500591000, 1,5611666667e+02, 1,1200000000e+02, 2,6000000000e+01, 6,5180333333e+00, 5,2120623333e+04
 1500591300, 1,5988333333e+02, 1,1200000000e+02, 2,6000000000e+01, 6,4608333333e+00, 5,2121553333e+04
 1500591600, 1,5500000000e+02, 1,1200000000e+02, 2,6000000000e+01, 6,3869666667e+00, 5,2121423333e+04
 1500591900, 1,5500000000e+02, 1,1035333333e+02, 2,6000000000e+01, 6,1672000000e+00, 5,2122293333e+04
 1500592200, 1,5500000000e+02, 1,1124666667e+02, 2,6000000000e+01, 6,0458000000e+00, 5,2123353333e+04
 1500592500, 1,5076666667e+02, 1,0776666667e+02, 2,5153333333e+01, 6,0155000000e+00, 2,4537003333e+04
 1500592800, 1,3271666667e+02, 9,0386666667e+01, 2,4000000000e+01, 5,3165333333e+00, 8,1778933333e+03
 1500593100, 9,1633333333e+01, 5,1400000000e+01, 2,4186666667e+01, 4,9537000000e+00, 1,3922163333e+04
 1500593400, 1,6000000000e+02, 1,1000000000e+02, 3,2000000000e+01, 5,7961000000e+00, 1,5327003333e+04
 1500593700, 1,6000000000e+02, 1,1000000000e+02, 3,2000000000e+01, 6,4136666667e+00, 1,5346923333e+04
 1500594000, 1,6000000000e+02, 1,1123333333e+02, 3,2000000000e+01, 6,9015000000e+00, 1,5378643333e+04
 1500594300, 1,6000000000e+02, 1,1115333333e+02, 3,2000000000e+01, 7,2483000000e+00, 1,5402876667e+04
 1500594600, 1,6223333333e+02, 1,1223333333e+02, 3,2000000000e+01, 7,5371000000e+00, 1,7415810000e+04
 1500594900, 1,7000000000e+02, 1,2000000000e+02, 3,2000000000e+01, 7,9421666667e+00, 1,8586056667e+04
 1500595200, 1,7000000000e+02, 1,2000000000e+02, 3,2000000000e+01, 8,2458333333e+00, 1,8711803333e+04
 1500595500, 1,7000000000e+02, 1,2000000000e+02, 3,2000000000e+01, 8,4583666667e+00, 1,8535910000e+04
 1500595800, 1,2325000000e+02, 7,7613333333e+01, 2,7013333333e+01, 7,4641333333e+00, 1,0896910000e+04
 1500596100, 9,2950000000e+01, 5,1180000000e+01, 2,4000000000e+01, 5,7150666667e+00, 1,0211573333e+04
 1500596400, 9,0000000000e+01, 5,0000000000e+01, 2,4000000000e+01, 4,4332666667e+00, 1,0211376667e+04
 1500596700, 9,0000000000e+01, 5,0000000000e+01, 2,4000000000e+01, 3,5045000000e+00, 1,0210423333e+04
 1500597000, 9,0000000000e+01, 5,0000000000e+01, 2,4000000000e+01, 2,8496333333e+00, 1,0211576667e+04
 1500597300, 9,0000000000e+01, 5,0000000000e+01, 2,4000000000e+01, 2,3825666667e+00, 9,8404166667e+03
 1500597600, 6,5066666667e+01, 3,3793333333e+01, 1,5273333333e+01, 1,8314000000e+00, 6,9464233333e+03
 1500597900, 5,0000000000e+01, 2,4000000000e+01, 1,0000000000e+01, 1,3464333333e+00, 6,9459766667e+03
 1500598200, 5,0000000000e+01, 2,4000000000e+01, 1,0000000000e+01, 9,8563333333e-01, 6,9462000000e+03
 1500598500, 5,0583333333e+01, 2,4233333333e+01, 1,0280000000e+01, 7,3086666667e-01, 6,9457766667e+03
 1500598800, 7,5000000000e+01, 3,4000000000e+01, 2,2000000000e+01, 5,4450000000e-01, 6,9452466667e+03
 1500599100, 5,4416666667e+01, 2,5766666667e+01, 1,2120000000e+01, 4,0743333333e-01, 6,9461533333e+03
 1500599400, 5,0000000000e+01, 2,4000000000e+01, 1,0000000000e+01, 3,1640000000e-01, 6,9461900000e+03
 1500599700, 5,0000000000e+01, 2,4000000000e+01, 1,0000000000e+01, 2,3486666667e-01, 6,9459800000e+03
 1500600000, 5,0000000000e+01, 2,4000000000e+01, 1,0000000000e+01, 1,8906666667e-01, 6,9449766667e+03
 1500600300, 5,0000000000e+01, 2,4000000000e+01, 1,0000000000e+01, 1,5953333333e-01, 6,9454233333e+03
 1500600600, 5,0000000000e+01, 2,3960000000e+01, 1,0000000000e+01, 1,3756666667e-01, 6,9454000000e+03
 1500600900, 5,0000000000e+01, 2,2000000000e+01, 1,0000000000e+01, 1,1953333333e-01, 6,9456233333e+03
 1500601200, 5,0000000000e+01, 2,3646666667e+01, 1,0000000000e+01, 1,0776666667e-01, 6,9461766667e+03
 1500601500, 5,0000000000e+01, 2,4000000000e+01, 1,0000000000e+01, 8,7300000000e-02, 6,9456233333e+03
 1500601800, 5,0000000000e+01, 2,4000000000e+01, 1,0000000000e+01, 5,7533333333e-02, 6,9459533333e+03
 1500602100, 5,0000000000e+01, 2,4000000000e+01, 1,0000000000e+01, 5,0000000000e-02, 6,9460466667e+03
 1500602400, 5,0000000000e+01, 2,4000000000e+01, 1,0000000000e+01, 5,0000000000e-02, 6,9468233333e+03
 1500602700, 5,0000000000e+01, 2,4000000000e+01, 1,0000000000e+01, 5,0000000000e-02, 6,9469466667e+03
 1500603000, 5,0000000000e+01, 2,4000000000e+01, 1,0000000000e+01, 5,0000000000e-02, 6,9470233333e+03
 1500603300, 5,0000000000e+01, 2,4000000000e+01, 1,0000000000e+01, 5,0000000000e-02, 6,9476000000e+03
 1500603600, 5,0000000000e+01, 2,4000000000e+01, 1,0000000000e+01, 5,0233333333e-02, 6,9478000000e+03
 1500603900, 5,0000000000e+01, 2,4000000000e+01, 1,0000000000e+01, 5,3766666667e-02, 6,9470000000e+03
 1500604200, 5,0000000000e+01, 2,4000000000e+01, 1,0000000000e+01, 5,0000000000e-02, 6,9472000000e+03
 1500604500, 5,0000000000e+01, 2,4000000000e+01, 1,0000000000e+01, 5,0000000000e-02, 6,9471766667e+03
 1500604800, 5,0000000000e+01, 2,4000000000e+01, 1,0000000000e+01, 5,0000000000e-02, 6,9466233333e+03
 1500605100, 6,2466666667e+01, 2,8986666667e+01, 1,6233333333e+01, 5,7166666667e-02, 6,9864333333e+03
 1500605400, 7,6350000000e+01, 3,8773333333e+01, 2,0000000000e+01, 1,6666666667e-01, 7,7016900000e+03
 1500605700, 8,6066666667e+01, 4,8426666667e+01, 2,0853333333e+01, 3,9226666667e-01, 8,3227033333e+03
 1500606000, 9,0000000000e+01, 5,0000000000e+01, 2,4000000000e+01, 5,6373333333e-01, 8,5223066667e+03
 1500606300, 9,0000000000e+01, 5,0000000000e+01, 2,4000000000e+01, 7,1080000000e-01, 8,6709033333e+03
 1500606600, 9,0000000000e+01, 5,0000000000e+01, 2,4000000000e+01, 7,9730000000e-01, 8,0240566667e+03
 1500606900, 6,5333333333e+01, 3,3966666667e+01, 1,5366666667e+01, 6,7230000000e-01, 6,9949866667e+03
 1500607200, 5,0000000000e+01, 2,3153333333e+01, 1,0000000000e+01, 5,1050000000e-01, 6,9742000000e+03
 1500607500, 5,0000000000e+01, 2,2446666667e+01, 1,0000000000e+01, 3,9413333333e-01, 6,9752233333e+03
 1500607800, 5,0000000000e+01, 2,4000000000e+01, 1,0000000000e+01, 3,0990000000e-01, 6,9771633333e+03
 1500608100, 5,0000000000e+01, 2,4000000000e+01, 1,0000000000e+01, 2,2860000000e-01, 6,9818000000e+03
 1500608400, 5,0000000000e+01, 2,4000000000e+01, 1,0000000000e+01, 1,7906666667e-01, 6,9826000000e+03
 1500608700, 5,0000000000e+01, 2,4000000000e+01, 1,0000000000e+01, 1,4130000000e-01, 6,9824000000e+03
 1500609000, 6,4816666667e+01, 3,2466666667e+01, 1,5926666667e+01, 1,8773333333e-01, 7,3165700000e+03
 1500609300, 7,8300000000e+01, 3,9533333333e+01, 2,1320000000e+01, 3,3316666667e-01, 8,6604733333e+03
 1500609600, 5,7216666667e+01, 2,5866666667e+01, 1,2326666667e+01, 8,0416666667e-01, 1,6669213333e+04
 1500609900, 1,5000000000e+02, 1,0400000000e+02, 2,6000000000e+01, 2,6329666667e+00, 2,6037163333e+04
 1500610200, 1,5410000000e+02, 1,1056000000e+02, 2,6000000000e+01, 4,1140000000e+00, 2,8682416667e+04
 1500610500, 1,5500000000e+02, 1,1200000000e+02, 2,4753333333e+01, 5,1943000000e+00, 3,0826426667e+04
 1500610800, 1,5500000000e+02, 1,1200000000e+02, 2,4846666667e+01, 5,9569333333e+00, 3,1904673333e+04
 1500611100, 1,5500000000e+02, 1,1200000000e+02, 2,5553333333e+01, 6,5042666667e+00, 3,3174780000e+04
 1500611400, 1,5500000000e+02, 1,1195333333e+02, 2,4046666667e+01, 6,9017000000e+00, 3,3825770000e+04
 1500611700, 1,5500000000e+02, 1,1000000000e+02, 2,6000000000e+01, 7,2063000000e+00, 3,4667460000e+04
 1500612000, 1,5500000000e+02, 1,1164666667e+02, 2,6000000000e+01, 7,4172666667e+00, 3,5013456667e+04
 1500612300, 1,5500000000e+02, 1,1200000000e+02, 2,6000000000e+01, 7,5448000000e+00, 3,5229440000e+04
 1500612600, 1,5500000000e+02, 1,1200000000e+02, 2,6000000000e+01, 7,6541000000e+00, 3,5305773333e+04
 1500612900, 1,5500000000e+02, 1,1200000000e+02, 2,6000000000e+01, 7,7296333333e+00, 3,5281036667e+04
 1500613200, 1,5500000000e+02, 1,1200000000e+02, 2,6000000000e+01, 7,7951666667e+00, 3,5370620000e+04
 1500613500, 1,5500000000e+02, 1,1200000000e+02, 2,6000000000e+01, 7,8429333333e+00, 3,5489340000e+04
 1500613800, 1,5500000000e+02, 1,1035333333e+02, 2,6000000000e+01, 7,8715333333e+00, 3,5752296667e+04
 1500614100, 1,5500000000e+02, 1,1124666667e+02, 2,6000000000e+01, 7,8564666667e+00, 3,5797493333e+04
 1500614400, 1,5500000000e+02, 1,1200000000e+02, 2,6000000000e+01, 7,8829333333e+00, 3,5780416667e+04
 1500614700, 1,5500000000e+02, 1,1200000000e+02, 2,6000000000e+01, 7,9358666667e+00, 3,5835113333e+04
 1500615000, 1,5500000000e+02, 1,1200000000e+02, 2,6000000000e+01, 7,9802333333e+00, 3,5964843333e+04
 1500615300, 1,5500000000e+02, 1,1200000000e+02, 2,6000000000e+01, 7,9942333333e+00, 3,6044376667e+04
 1500615600, 1,5500000000e+02, 1,1035333333e+02, 2,6000000000e+01, 7,8357000000e+00, 2,7767510000e+04
 1500615900, 1,2695000000e+02, 8,3820000000e+01, 2,4753333333e+01, 6,4509000000e+00, 1,2928806667e+04
 1500616200, 8,6716666667e+01, 5,0220000000e+01, 1,8073333333e+01, 5,1085666667e+00, 9,4577866667e+03
 1500616500, 6,2816666667e+01, 3,1360000000e+01, 1,3126666667e+01, 3,9937000000e+00, 8,8983083333e+03
 1500616800, 8,1800000000e+01, 4,2620000000e+01, 2,1540000000e+01, 3,8708000000e+00, 1,0452255000e+04
 1500617100, 6,8900000000e+01, 3,1780000000e+01, 1,7340000000e+01, 4,0658000000e+00, 1,0063930000e+04
 1500617400, 6,0900000000e+01, 3,0180000000e+01, 1,2540000000e+01, 4,2236000000e+00, 1,0573233333e+04
 1500617700, 7,2200000000e+01, 3,4880000000e+01, 1,8506666667e+01, 5,2046000000e+00, 1,9432826667e+04
 1500618000, 1,8540000000e+02, 1,2800000000e+02, 3,8400000000e+01, 9,5889000000e+00, 3,8166426667e+04
 1500618300, 2,5500000000e+02, 1,8600000000e+02, 5,0000000000e+01, 1,5915566667e+01, 4,1345440000e+04
 1500618600, 2,5606666667e+02, 1,8642666667e+02, 5,0426666667e+01, 2,0534166667e+01, 4,1412700000e+04
 1500618900, 2,6000000000e+02, 1,8800000000e+02, 5,2000000000e+01, 2,3815166667e+01, 4,1872890000e+04
 1500619200, 2,6000000000e+02, 1,8800000000e+02, 5,2000000000e+01, 2,6238433333e+01, 4,1811843333e+04
 1500619500, 2,6000000000e+02, 1,8800000000e+02, 5,2000000000e+01, 2,8022766667e+01, 4,1844973333e+04
 1500619800, 2,6000000000e+02, 1,8800000000e+02, 5,2000000000e+01, 2,9314066667e+01, 4,2085443333e+04
 1500620100, 2,6000000000e+02, 1,8800000000e+02, 5,2000000000e+01, 3,0266433333e+01, 4,2430423333e+04
 1500620400, 2,6000000000e+02, 1,8800000000e+02, 5,1566666667e+01, 3,0999766667e+01, 4,2512876667e+04
 1500620700, 2,6000000000e+02, 1,8800000000e+02, 5,0000000000e+01, 3,1401033333e+01, 4,2276706667e+04
 1500621000, 2,6000000000e+02, 1,8800000000e+02, 5,0000000000e+01, 3,1795233333e+01, 4,2271943333e+04
 1500621300, 2,6000000000e+02, 1,8800000000e+02, 5,0000000000e+01, 3,2006200000e+01, 4,2143236667e+04
 1500621600, 2,6000000000e+02, 1,8800000000e+02, 5,0000000000e+01, 3,2249366667e+01, 4,2424396667e+04
 1500621900, 2,6000000000e+02, 1,8800000000e+02, 5,0000000000e+01, 3,2376800000e+01, 4,2334473333e+04
 1500622200, 2,5891666667e+02, 1,8713333333e+02, 5,0000000000e+01, 3,2446166667e+01, 4,2392366667e+04
 1500622500, 2,5508333333e+02, 1,8406666667e+02, 5,0000000000e+01, 3,2561100000e+01, 4,2804566667e+04
 1500622800, 2,6000000000e+02, 1,8800000000e+02, 5,0000000000e+01, 3,2634900000e+01, 4,3046286667e+04
 1500623100, 2,6000000000e+02, 1,8800000000e+02, 5,0000000000e+01, 3,2664166667e+01, 4,2962983333e+04
 1500623400, 2,6000000000e+02, 1,8800000000e+02, 5,1233333333e+01, 3,2667833333e+01, 4,2791893333e+04
 1500623700, -nan, 1,8717333333e+02, 5,0346666667e+01, 3,2658233333e+01, 4,2686983333e+04
 1500624000, -nan, 1,8643333333e+02, 4,8866666667e+01, 3,2673966667e+01, 4,2913120000e+04
 1500624300, -nan, 1,8796666667e+02, 5,1966666667e+01, 3,2661433333e+01, 4,2750460000e+04
 1500624600, -nan, 1,8600000000e+02, 5,0000000000e+01, 3,2626400000e+01, 4,2782540000e+04
 1500624900, -nan, 1,8600000000e+02, 5,0000000000e+01, 3,2209066667e+01, 3,7766220000e+04
 1500625200, -nan, 1,7360000000e+02, 4,3800000000e+01, 2,9191800000e+01, 2,6682060000e+04
 1500625500, -nan, -nan, 4,0000000000e+01, 2,5956200000e+01, 2,4824560000e+04
 1500625800, -nan, -nan, 3,8680000000e+01, 2,2511200000e+01, 1,8667040000e+04
 1500626100, -nan, -nan, -nan, 2,0705333333e+01, 3,2885206667e+04
 1500626400, -nan, -nan, -nan, 1,9917600000e+01, -nan
 1500626700, -nan, -nan, -nan, 2,0584200000e+01, -nan
 1500627000, -nan, -nan, -nan, 2,1315200000e+01, -nan
 1500627300, -nan, -nan, -nan, -nan, -nan
