 Time, ttl_pwr, cpu_pwr, mem_pwr, cpu_load, mem_load
 1500441000, 2,5500000000e+02, 1,8800000000e+02, 4,6000000000e+01, 2,3739433333e+01, 4,3409816667e+04
 1500441300, 2,5500000000e+02, 1,8800000000e+02, 4,6000000000e+01, 2,6223333333e+01, 4,4089483333e+04
 1500441600, 2,5500000000e+02, 1,8800000000e+02, 4,6000000000e+01, 2,8026433333e+01, 4,4190976667e+04
 1500441900, 2,5500000000e+02, 1,8675333333e+02, 4,4753333333e+01, 2,9298266667e+01, 4,4247656667e+04
 1500442200, 2,5500000000e+02, 1,8684666667e+02, 4,4846666667e+01, 3,0275466667e+01, 4,4728790000e+04
 1500442500, 2,5500000000e+02, 1,8800000000e+02, 4,6000000000e+01, 3,1024500000e+01, 4,5025890000e+04
 1500442800, 2,5500000000e+02, 1,8800000000e+02, 4,6000000000e+01, 3,1509300000e+01, 4,5059403333e+04
 1500443100, 2,5500000000e+02, 1,8800000000e+02, 4,6000000000e+01, 3,1755766667e+01, 4,5126713333e+04
 1500443400, 2,5500000000e+02, 1,8800000000e+02, 4,4353333333e+01, 3,2023900000e+01, 4,5367410000e+04
 1500443700, 2,5190000000e+02, 1,8676000000e+02, 4,4000000000e+01, 3,2191266667e+01, 4,5409413333e+04
 1500444000, 2,5211666667e+02, 1,8684666667e+02, 4,4846666667e+01, 3,2316666667e+01, 4,5420903333e+04
 1500444300, 2,5500000000e+02, 1,8800000000e+02, 4,6000000000e+01, 3,2391266667e+01, 4,5519520000e+04
 1500444600, 2,5500000000e+02, 1,8796000000e+02, 4,5960000000e+01, 3,2449300000e+01, 4,5624000000e+04
 1500444900, 2,5500000000e+02, 1,8600000000e+02, 4,4000000000e+01, 3,2656633333e+01, 4,5675343333e+04
 1500445200, 2,5500000000e+02, 1,8764666667e+02, 4,5646666667e+01, 3,1689466667e+01, 3,4824710000e+04
 1500445500, 1,9546666667e+02, 1,3786666667e+02, 3,5973333333e+01, 2,6830266667e+01, 1,6550693333e+04
 1500445800, 1,0843333333e+02, 6,4320000000e+01, 2,2720000000e+01, 2,2434666667e+01, 1,3718320000e+04
 1500446100, 6,6466666667e+01, 3,1733333333e+01, 1,5440000000e+01, 1,7771266667e+01, 8,2929933333e+03
 1500446400, 6,7800000000e+01, 3,4320000000e+01, 1,4560000000e+01, 1,4769166667e+01, 9,7156866667e+03
 1500446700, 1,2496666667e+02, 7,7213333333e+01, 2,4960000000e+01, 1,3112933333e+01, 2,2976353333e+04
 1500447000, 2,4013333333e+02, 1,7410666667e+02, 4,4000000000e+01, 1,6337766667e+01, 3,2869673333e+04
 1500447300, 2,4500000000e+02, 1,7800000000e+02, 4,4000000000e+01, 1,9509933333e+01, 3,8787933333e+04
 1500447600, 2,5326666667e+02, 1,8461333333e+02, 4,7306666667e+01, 2,3142266667e+01, 4,0938860000e+04
 1500447900, 2,5500000000e+02, 1,8725333333e+02, 4,8000000000e+01, 2,5770733333e+01, 4,1719260000e+04
 1500448200, 2,5500000000e+02, 1,8800000000e+02, 4,7153333333e+01, 2,7631100000e+01, 4,2629730000e+04
 1500448500, 2,5500000000e+02, 1,8800000000e+02, 4,6453333333e+01, 2,9037900000e+01, 4,3012616667e+04
 1500448800, 2,5500000000e+02, 1,8800000000e+02, 4,8000000000e+01, 3,0018266667e+01, 4,3047263333e+04
 1500449100, 2,5500000000e+02, 1,8800000000e+02, 4,8000000000e+01, 3,0735100000e+01, 4,3134080000e+04
 1500449400, 2,5500000000e+02, 1,8800000000e+02, 4,8000000000e+01, 3,1315300000e+01, 4,3207793333e+04
 1500449700, 2,5500000000e+02, 1,8800000000e+02, 4,8000000000e+01, 3,1691766667e+01, 4,3268790000e+04
 1500450000, 2,5288333333e+02, 1,8715333333e+02, 4,7153333333e+01, 3,1965800000e+01, 4,3295113333e+04
 1500450300, 2,5110000000e+02, 1,8600000000e+02, 4,6440000000e+01, 3,2161066667e+01, 4,3356133333e+04
 1500450600, 2,5500000000e+02, 1,8605333333e+02, 4,8000000000e+01, 3,2340933333e+01, 4,3443803333e+04
 1500450900, 2,5500000000e+02, 1,8800000000e+02, 4,8000000000e+01, 3,2446033333e+01, 4,3426266667e+04
 1500451200, 2,5500000000e+02, 1,8635333333e+02, 4,8000000000e+01, 3,2512000000e+01, 4,3415703333e+04
 1500451500, 2,5500000000e+02, 1,8724666667e+02, 4,6753333333e+01, 3,2520900000e+01, 4,3502140000e+04
 1500451800, 2,5500000000e+02, 1,8800000000e+02, 4,6840000000e+01, 3,2593733333e+01, 4,3659840000e+04
 1500452100, 2,5500000000e+02, 1,8755333333e+02, 4,7553333333e+01, 3,2682033333e+01, 4,3673473333e+04
 1500452400, 2,5473333333e+02, 1,8584000000e+02, 4,6000000000e+01, 3,2507666667e+01, 3,9621043333e+04
 1500452700, 2,4500000000e+02, 1,8000000000e+02, 4,6000000000e+01, 2,9804666667e+01, 2,5514226667e+04
 1500453000, 1,4166666667e+02, 9,5680000000e+01, 2,6160000000e+01, 2,3855466667e+01, 8,0569866667e+03
 1500453300, 7,6133333333e+01, 4,4160000000e+01, 1,4480000000e+01, 1,8255066667e+01, 6,5409733333e+03
 1500453600, 5,6400000000e+01, 2,7413333333e+01, 1,1706666667e+01, 1,4297066667e+01, 6,5392133333e+03
 1500453900, 6,7100000000e+01, 3,2420000000e+01, 1,5260000000e+01, 1,1498966667e+01, 7,0139033333e+03
 1500454200, 7,7133333333e+01, 3,5920000000e+01, 2,0266666667e+01, 9,4734666667e+00, 9,4069333333e+03
 1500454500, 1,5500000000e+02, 1,0600000000e+02, 3,0000000000e+01, 8,5781333333e+00, 1,5685986667e+04
 1500454800, 1,5500000000e+02, 1,0765333333e+02, 3,0000000000e+01, 8,3449333333e+00, 1,5847586667e+04
 1500455100, 1,5500000000e+02, 1,0800000000e+02, 3,0000000000e+01, 8,2040000000e+00, 1,5943346667e+04
 1500455400, 1,5500000000e+02, 1,0800000000e+02, 3,0000000000e+01, 8,0488000000e+00, 1,6031106667e+04
 1500455700, 1,5500000000e+02, 1,0845333333e+02, 3,0000000000e+01, 7,9729333333e+00, 1,6041413333e+04
 1500456000, 1,5500000000e+02, 1,1005333333e+02, 2,9786666667e+01, 7,9272000000e+00, 1,6364906667e+04
 1500456300, 1,5500000000e+02, 1,1200000000e+02, 2,2000000000e+01, 7,8844000000e+00, 1,6399093333e+04
 1500456600, 1,5500000000e+02, 1,0869333333e+02, 2,8613333333e+01, 7,9486000000e+00, 1,6750000000e+04
 1500456900, 1,2163333333e+02, 7,5240000000e+01, 2,5146666667e+01, 9,3189333333e+00, 1,7643466667e+04
 1500457200, 9,2400000000e+01, 4,6906666667e+01, 2,2000000000e+01, 1,0695666667e+01, 1,8359310000e+04
 1500457500, 1,5430000000e+02, 9,9640000000e+01, 3,2920000000e+01, 1,2664433333e+01, 3,5679790000e+04
 1500457800, 2,5110000000e+02, 1,8288000000e+02, 4,8000000000e+01, 1,8099633333e+01, 4,1085870000e+04
 1500458100, 2,5488333333e+02, 1,8595333333e+02, 4,8000000000e+01, 2,2133166667e+01, 4,1229326667e+04
 1500458400, 2,5000000000e+02, 1,8400000000e+02, 4,8000000000e+01, 2,5081366667e+01, 4,1146096667e+04
 1500458700, 2,5413333333e+02, 1,8565333333e+02, 4,8000000000e+01, 2,7213300000e+01, 4,1312076667e+04
 1500459000, 2,5500000000e+02, 1,9101333333e+02, 4,5493333333e+01, 2,8710700000e+01, 4,1530566667e+04
 1500459300, 2,5500000000e+02, 1,9061333333e+02, 4,5693333333e+01, 2,9779033333e+01, 4,1672423333e+04
 1500459600, 2,5500000000e+02, 1,8600000000e+02, 4,8000000000e+01, 3,0571600000e+01, 4,1797603333e+04
 1500459900, 2,5500000000e+02, 1,8596000000e+02, 4,7960000000e+01, 3,1064533333e+01, 4,1960270000e+04
 1500460200, 2,5500000000e+02, 1,8400000000e+02, 4,6000000000e+01, 3,1479933333e+01, 4,2028046667e+04
 1500460500, 2,4265000000e+02, 1,7741333333e+02, 4,4353333333e+01, 3,1375300000e+01, 3,6891580000e+04
 1500460800, 2,4000000000e+02, 1,7600000000e+02, 4,4000000000e+01, 2,9618166667e+01, 3,2506593333e+04
 1500461100, 2,2576666667e+02, 1,6380000000e+02, 4,1560000000e+01, 2,8433000000e+01, 3,2878106667e+04
 1500461400, 2,1293333333e+02, 1,5280000000e+02, 3,9360000000e+01, 2,7862400000e+01, 3,3320493333e+04
 1500461700, 2,4023333333e+02, 1,7623333333e+02, 4,4046666667e+01, 2,7501600000e+01, 3,8417880000e+04
 1500462000, 2,5000000000e+02, 1,8600000000e+02, 4,6000000000e+01, 2,8815233333e+01, 4,1724353333e+04
 1500462300, 2,5410000000e+02, 1,8600000000e+02, 4,6000000000e+01, 2,9939266667e+01, 4,1756976667e+04
 1500462600, 2,5500000000e+02, 1,8724666667e+02, 4,6000000000e+01, 3,0794966667e+01, 4,1575863333e+04
 1500462900, 2,4860000000e+02, 1,8458666667e+02, 4,4293333333e+01, 3,0216266667e+01, 3,3537133333e+04
 1500463200, 2,4000000000e+02, 1,7909333333e+02, 4,2000000000e+01, 2,8666000000e+01, 3,2643160000e+04
 1500463500, 2,4013333333e+02, 1,7605333333e+02, 4,2053333333e+01, 2,8090266667e+01, 3,3235316667e+04
 1500463800, 2,4500000000e+02, 1,7800000000e+02, 4,4000000000e+01, 2,7467166667e+01, 3,6984070000e+04
 1500464100, 2,5326666667e+02, 1,8461333333e+02, 4,7306666667e+01, 2,8643066667e+01, 4,1405846667e+04
 1500464400, 2,5500000000e+02, 1,8724000000e+02, 4,8000000000e+01, 2,9721900000e+01, 4,1584463333e+04
 1500464700, 2,5500000000e+02, 1,8800000000e+02, 4,7153333333e+01, 3,0528866667e+01, 4,1706363333e+04
 1500465000, 2,5500000000e+02, 1,8756000000e+02, 4,6000000000e+01, 3,1120433333e+01, 4,2125893333e+04
 1500465300, 2,5420000000e+02, 1,8541333333e+02, 4,5786666667e+01, 3,0860800000e+01, 3,4221346667e+04
 1500465600, 2,2500000000e+02, 1,6400000000e+02, 3,8000000000e+01, 2,7629066667e+01, 2,4840813333e+04
 1500465900, 1,9606666667e+02, 1,4085333333e+02, 3,4693333333e+01, 2,4788700000e+01, 2,5035345000e+04
 1500466200, 1,4728333333e+02, 1,0027333333e+02, 2,6233333333e+01, 2,3130533333e+01, 2,5853925000e+04
 1500466500, 1,7260000000e+02, 1,2133333333e+02, 3,0266666667e+01, 2,1649066667e+01, 2,9666253333e+04
 1500466800, 2,1633333333e+02, 1,5706666667e+02, 3,7413333333e+01, 2,2050266667e+01, 3,3938000000e+04
 1500467100, 2,4160000000e+02, 1,7818666667e+02, 4,0640000000e+01, 2,1772000000e+01, 2,6301306667e+04
 1500467400, 2,0840000000e+02, 1,5248000000e+02, 3,3760000000e+01, 2,0614666667e+01, 2,5710733333e+04
 1500467700, 9,8466666667e+01, 5,3093333333e+01, 2,2426666667e+01, 2,0443800000e+01, 2,7574960000e+04
 1500468000, 2,2500000000e+02, 1,6600000000e+02, 3,8000000000e+01, 2,0653466667e+01, 3,3735693333e+04
 1500468300, 2,4153333333e+02, 1,7757333333e+02, 4,1306666667e+01, 2,1840400000e+01, 3,4767360000e+04
 1500468600, 2,4500000000e+02, 1,8125333333e+02, 4,2000000000e+01, 2,2074000000e+01, 2,9287013333e+04
 1500468900, 2,0446666667e+02, 1,4445333333e+02, 3,7733333333e+01, 2,0843866667e+01, 2,6000186667e+04
 1500469200, 1,6700000000e+02, 1,1077333333e+02, 3,3360000000e+01, 1,9792533333e+01, 2,6316880000e+04
 1500469500, 2,0998333333e+02, 1,5492666667e+02, 3,5880000000e+01, 1,9451733333e+01, 2,7085603333e+04
 1500469800, 1,4213333333e+02, 9,5866666667e+01, 2,6320000000e+01, 1,9348533333e+01, 2,7443813333e+04
 1500470100, 2,2000000000e+02, 1,6400000000e+02, 3,8000000000e+01, 2,0014666667e+01, 3,3510720000e+04
 1500470400, 2,3653333333e+02, 1,7557333333e+02, 4,1306666667e+01, 2,1122000000e+01, 3,3550186667e+04
 1500470700, 2,4000000000e+02, 1,7925333333e+02, 4,2000000000e+01, 2,1932133333e+01, 3,3683120000e+04
 1500471000, 2,4000000000e+02, 1,7914666667e+02, 4,2000000000e+01, 2,2450533333e+01, 3,1794426667e+04
 1500471300, 2,1506666667e+02, 1,5669333333e+02, 3,8373333333e+01, 2,1334000000e+01, 2,4683706667e+04
 1500471600, 1,3253333333e+02, 8,6133333333e+01, 2,6320000000e+01, 1,9972133333e+01, 2,4761866667e+04
 1500471900, 2,2500000000e+02, 1,6400000000e+02, 3,8000000000e+01, 1,8864800000e+01, 2,4884386667e+04
 1500472200, 2,2086666667e+02, 1,6234666667e+02, 3,8000000000e+01, 1,8059466667e+01, 2,4675106667e+04
 1500472500, 1,8240000000e+02, 1,3066666667e+02, 3,2986666667e+01, 1,6309233333e+01, 1,6445420000e+04
 1500472800, 1,1846666667e+02, 7,2840000000e+01, 2,5253333333e+01, 1,5648133333e+01, 1,7325960000e+04
 1500473100, 1,0890000000e+02, 6,1960000000e+01, 2,5360000000e+01, 1,4951200000e+01, 1,8140530000e+04
 1500473400, 1,5766666667e+02, 1,0349333333e+02, 3,2720000000e+01, 1,4888133333e+01, 2,8780693333e+04
 1500473700, 2,3535000000e+02, 1,7032666667e+02, 4,2140000000e+01, 1,8812100000e+01, 4,1726116667e+04
 1500474000, 2,5000000000e+02, 1,8400000000e+02, 4,8000000000e+01, 2,2660966667e+01, 4,1970890000e+04
 1500474300, 2,5411666667e+02, 1,8564666667e+02, 4,8000000000e+01, 2,5430200000e+01, 4,2097510000e+04
 1500474600, 2,5500000000e+02, 1,8600000000e+02, 4,8000000000e+01, 2,7409066667e+01, 4,2516363333e+04
 1500474900, 2,5500000000e+02, 1,8600000000e+02, 4,8000000000e+01, 2,8868766667e+01, 4,2937403333e+04
 1500475200, 2,5160000000e+02, 1,8418666667e+02, 4,6640000000e+01, 2,9840933333e+01, 4,0334390000e+04
 1500475500, 2,3986666667e+02, 1,7778666667e+02, 4,1946666667e+01, 2,8835733333e+01, 3,3405693333e+04
 1500475800, 2,3500000000e+02, 1,7000000000e+02, 4,0000000000e+01, 2,7645866667e+01, 3,3369346667e+04
 1500476100, 2,2260000000e+02, 1,6008000000e+02, 4,1653333333e+01, 2,6567333333e+01, 3,3393333333e+04
 1500476400, 2,3253333333e+02, 1,7053333333e+02, 4,3253333333e+01, 2,5860266667e+01, 3,3372160000e+04
 1500476700, 2,4000000000e+02, 1,7800000000e+02, 4,4000000000e+01, 2,5326800000e+01, 3,3537906667e+04
 1500477000, 2,4000000000e+02, 1,7709333333e+02, 4,4000000000e+01, 2,4951200000e+01, 3,3633466667e+04
 1500477300, 2,4000000000e+02, 1,7400000000e+02, 4,4000000000e+01, 2,4645466667e+01, 3,3676360000e+04
 1500477600, 2,4000000000e+02, 1,7400000000e+02, 4,4000000000e+01, 2,4456133333e+01, 3,3796900000e+04
 1500477900, 2,3173333333e+02, 1,6738666667e+02, 4,4000000000e+01, 2,4324800000e+01, 3,4252333333e+04
 1500478200, 2,3626666667e+02, 1,7352000000e+02, 4,4000000000e+01, 2,4148133333e+01, 3,2149040000e+04
 1500478500, 2,3786666667e+02, 1,7629333333e+02, 4,1440000000e+01, 2,3824533333e+01, 2,5701440000e+04
 1500478800, 2,3500000000e+02, 1,7490666667e+02, 3,8000000000e+01, 2,4418266667e+01, 2,5662000000e+04
 1500479100, 2,3433333333e+02, 1,7746666667e+02, 3,7840000000e+01, 2,4147333333e+01, 1,9399226667e+04
 1500479400, 2,1000000000e+02, 1,5800000000e+02, 3,2000000000e+01, 2,2680800000e+01, 1,6806253333e+04
 1500479700, 2,0586666667e+02, 1,5469333333e+02, 3,0346666667e+01, 2,1929400000e+01, 1,7554846667e+04
 1500480000, 2,1753333333e+02, 1,6904000000e+02, 3,0000000000e+01, 2,2908666667e+01, 1,7698773333e+04
 1500480300, 2,2713333333e+02, 1,7800000000e+02, 3,0853333333e+01, 2,3781466667e+01, 1,8226760000e+04
 1500480600, 2,2546666667e+02, 1,7392000000e+02, 3,1093333333e+01, 2,3893600000e+01, 1,4563646667e+04
 1500480900, 2,1026666667e+02, 1,6021333333e+02, 2,8053333333e+01, 2,3969800000e+01, 1,0976316667e+04
 1500481200, 2,3000000000e+02, 1,7600000000e+02, 3,2000000000e+01, 2,4770133333e+01, 1,0941956667e+04
 1500481500, 2,2173333333e+02, 1,7600000000e+02, 2,5386666667e+01, 2,5147733333e+01, 1,1420413333e+04
 1500481800, 2,2313333333e+02, 1,7725333333e+02, 2,5253333333e+01, 2,5442533333e+01, 1,1760120000e+04
 1500482100, 2,2286666667e+02, 1,7800000000e+02, 2,6000000000e+01, 2,5708200000e+01, 1,1985623333e+04
 1500482400, 2,2108333333e+02, 1,7843333333e+02, 2,6433333333e+01, 2,6001033333e+01, 1,2704453333e+04
 1500482700, 2,2530000000e+02, 1,8020000000e+02, 2,8040000000e+01, 2,7935166667e+01, 1,2459193333e+04
 1500483000, 2,4000000000e+02, 1,9000000000e+02, 3,0000000000e+01, 2,9457733333e+01, 1,3097806667e+04
 1500483300, 2,3173333333e+02, 1,8834666667e+02, 2,5040000000e+01, 3,0441600000e+01, 1,3002786667e+04
 1500483600, 2,3000000000e+02, 1,8309333333e+02, 2,6453333333e+01, 3,0820133333e+01, 1,3281573333e+04
 1500483900, 2,3203333333e+02, 1,8162666667e+02, 2,8000000000e+01, 3,1248133333e+01, 1,3490983333e+04
 1500484200, 2,3613333333e+02, 1,8445333333e+02, 2,8906666667e+01, 3,1623200000e+01, 1,3170753333e+04
 1500484500, 2,3973333333e+02, 1,8589333333e+02, 3,1893333333e+01, 3,1533366667e+01, 1,2639950000e+04
 1500484800, 2,3000000000e+02, 1,8200000000e+02, 2,8000000000e+01, 3,0490400000e+01, 1,1798933333e+04
 1500485100, 2,2173333333e+02, 1,7538666667e+02, 2,6346666667e+01, 2,8740866667e+01, 1,1595126667e+04
 1500485400, 2,1691666667e+02, 1,6783333333e+02, 2,9700000000e+01, 2,7306666667e+01, 1,1436293333e+04
 1500485700, 1,9416666667e+02, 1,4566666667e+02, 2,7833333333e+01, 2,6094233333e+01, 1,1131000000e+04
 1500486000, 1,7633333333e+02, 1,3133333333e+02, 2,2906666667e+01, 2,4913033333e+01, 1,0365546667e+04
 1500486300, 2,1433333333e+02, 1,6930666667e+02, 2,6053333333e+01, 2,2978800000e+01, 9,7352133333e+03
 1500486600, 1,9000000000e+02, 1,4400000000e+02, 2,8000000000e+01, 2,0894266667e+01, 9,4787066667e+03
 1500486900, 1,8173333333e+02, 1,3738666667e+02, 2,4693333333e+01, 1,8628266667e+01, 8,8806000000e+03
 1500487200, 1,6120000000e+02, 1,1970666667e+02, 2,2746666667e+01, 1,6333200000e+01, 8,5676533333e+03
 1500487500, 1,4786666667e+02, 1,0744000000e+02, 2,2853333333e+01, 1,4393333333e+01, 8,3630000000e+03
 1500487800, 1,4160000000e+02, 9,9466666667e+01, 2,4453333333e+01, 1,2647233333e+01, 7,9078800000e+03
 1500488100, 1,2946666667e+02, 8,3520000000e+01, 2,6000000000e+01, 1,0957066667e+01, 7,4346933333e+03
 1500488400, 1,1000000000e+02, 6,6000000000e+01, 2,6000000000e+01, 8,6970666667e+00, 6,8006400000e+03
 1500488700, 6,0400000000e+01, 3,1280000000e+01, 1,2773333333e+01, 6,3469333333e+00, 6,6634000000e+03
 1500489000, 5,0000000000e+01, 2,4000000000e+01, 1,0000000000e+01, 4,6033333333e+00, 6,6640266667e+03
 1500489300, 5,0000000000e+01, 2,4000000000e+01, 1,0000000000e+01, 3,3360000000e+00, 6,6661066667e+03
 1500489600, 5,0000000000e+01, 2,4000000000e+01, 1,0000000000e+01, 2,4217333333e+00, 6,6689733333e+03
 1500489900, 5,0000000000e+01, 2,4000000000e+01, 1,0000000000e+01, 1,7618666667e+00, 6,6689600000e+03
 1500490200, 5,0000000000e+01, 2,4000000000e+01, 1,0000000000e+01, 1,3652000000e+00, 7,3191200000e+03
 1500490500, 8,3066666667e+01, 4,5493333333e+01, 1,8266666667e+01, 1,2581333333e+00, 8,2628400000e+03
 1500490800, 8,6866666667e+01, 4,8746666667e+01, 2,0000000000e+01, 1,1145333333e+00, 7,0618666667e+03
 1500491100, 7,0066666667e+01, 3,7760000000e+01, 1,5733333333e+01, 8,3560000000e-01, 6,7037733333e+03
 1500491400, 5,0000000000e+01, 2,4000000000e+01, 1,0000000000e+01, 6,1293333333e-01, 6,7038000000e+03
 1500491700, 5,0000000000e+01, 2,4000000000e+01, 1,0000000000e+01, 4,4653333333e-01, 6,7038000000e+03
 1500492000, 5,0000000000e+01, 2,4000000000e+01, 1,0000000000e+01, 3,3186666667e-01, 6,7044533333e+03
 1500492300, 5,0000000000e+01, 2,4000000000e+01, 1,0000000000e+01, 2,7266666667e-01, 6,7775933333e+03
 1500492600, 7,4533333333e+01, 3,7493333333e+01, 1,6133333333e+01, 1,3086666667e+00, 8,5956833333e+03
 1500492900, 8,7983333333e+01, 4,4386666667e+01, 2,0000000000e+01, 3,0788000000e+00, 9,5953600000e+03
 1500493200, 8,3000000000e+01, 4,0800000000e+01, 1,9600000000e+01, 4,2739333333e+00, 1,0074520000e+04
 1500493500, 7,9400000000e+01, 3,9840000000e+01, 1,8640000000e+01, 6,8138333333e+00, 2,6398983333e+04
 1500493800, 2,4000000000e+02, 1,8000000000e+02, 4,2000000000e+01, 1,3719000000e+01, 3,3818680000e+04
 1500494100, 2,4413333333e+02, 1,8330666667e+02, 4,2000000000e+01, 1,8987733333e+01, 3,5192373333e+04
 1500494400, 2,4811666667e+02, 1,8400000000e+02, 4,2000000000e+01, 2,2781933333e+01, 3,4872090000e+04
 1500494700, 2,4790000000e+02, 1,8400000000e+02, 4,2000000000e+01, 2,5555533333e+01, 3,4842773333e+04
 1500495000, 2,4386666667e+02, 1,8264000000e+02, 4,1546666667e+01, 2,7566133333e+01, 3,4811450000e+04
 1500495300, 2,4013333333e+02, 1,7810666667e+02, 4,0053333333e+01, 2,9037000000e+01, 3,4827113333e+04
 1500495600, 2,4500000000e+02, 1,8200000000e+02, 4,2000000000e+01, 3,0068966667e+01, 3,4870916667e+04
 1500495900, 2,4911666667e+02, 1,8529333333e+02, 4,2000000000e+01, 3,0815866667e+01, 3,4912926667e+04
 1500496200, 2,4376666667e+02, 1,7976666667e+02, 4,0753333333e+01, 3,1362066667e+01, 3,4939210000e+04
 1500496500, 2,3786666667e+02, 1,7429333333e+02, 4,0000000000e+01, 3,1803866667e+01, 3,4906686667e+04
 1500496800, 2,3835000000e+02, 1,7512666667e+02, 4,0446666667e+01, 3,2164433333e+01, 3,5003380000e+04
 1500497100, 2,5000000000e+02, 1,8595333333e+02, 4,2000000000e+01, 3,2368566667e+01, 3,5028493333e+04
 1500497400, 2,5000000000e+02, 1,8400000000e+02, 4,2000000000e+01, 3,1301800000e+01, 2,2371160000e+04
 1500497700, 8,4666666667e+01, 5,1733333333e+01, 1,5546666667e+01, 2,4100533333e+01, 6,6731066667e+03
 1500498000, 6,5666666667e+01, 3,1520000000e+01, 1,6266666667e+01, 1,8483200000e+01, 6,5557866667e+03
 1500498300, 7,5000000000e+01, 3,6000000000e+01, 2,0853333333e+01, 1,4561866667e+01, 6,5592266667e+03
 1500498600, 8,2350000000e+01, 4,2300000000e+01, 2,2000000000e+01, 1,1704033333e+01, 9,1123600000e+03
 1500498900, 1,1146666667e+02, 6,7280000000e+01, 2,2213333333e+01, 9,4264000000e+00, 1,3803520000e+04
 1500499200, 1,6500000000e+02, 1,1400000000e+02, 3,0000000000e+01, 9,0695666667e+00, 1,8500043333e+04
 1500499500, 1,0151666667e+02, 5,7353333333e+01, 2,2186666667e+01, 1,0170733333e+01, 1,9465076667e+04
 1500499800, 1,0396666667e+02, 5,9173333333e+01, 2,2000000000e+01, 1,1262033333e+01, 2,0011563333e+04
 1500500100, 1,8646666667e+02, 1,3018666667e+02, 3,3280000000e+01, 1,3151600000e+01, 3,0865013333e+04
 1500500400, 2,3500000000e+02, 1,7370666667e+02, 4,0000000000e+01, 1,6495866667e+01, 3,1987933333e+04
 1500500700, 2,3386666667e+02, 1,7418666667e+02, 4,0000000000e+01, 1,8902533333e+01, 3,2367360000e+04
 1500501000, 2,3013333333e+02, 1,6821333333e+02, 4,0000000000e+01, 2,0638400000e+01, 3,2197666667e+04
 1500501300, 2,3500000000e+02, 1,7600000000e+02, 4,0000000000e+01, 2,1883600000e+01, 3,2634546667e+04
 1500501600, 2,3086666667e+02, 1,7104000000e+02, 4,0000000000e+01, 2,2589733333e+01, 2,8994893333e+04
 1500501900, 2,3313333333e+02, 1,7250666667e+02, 4,1253333333e+01, 2,2985066667e+01, 2,8936440000e+04
 1500502200, 2,3286666667e+02, 1,7314666667e+02, 4,1146666667e+01, 2,3314000000e+01, 2,8741920000e+04
 1500502500, 2,3113333333e+02, 1,7245333333e+02, 4,0000000000e+01, 2,3606400000e+01, 2,8925840000e+04
 1500502800, 2,3500000000e+02, 1,7394666667e+02, 4,0000000000e+01, 2,4353366667e+01, 2,9427060000e+04
 1500503100, 2,3500000000e+02, 1,7200000000e+02, 4,0000000000e+01, 2,7686966667e+01, 3,4652726667e+04
 1500503400, 2,4735000000e+02, 1,8352666667e+02, 4,3293333333e+01, 3,0416433333e+01, 3,8370003333e+04
 1500503700, 2,5000000000e+02, 1,8474666667e+02, 4,4000000000e+01, 3,1084900000e+01, 3,8500140000e+04
 1500504000, 2,4360000000e+02, 1,7973333333e+02, 4,2293333333e+01, 2,9737866667e+01, 2,7646000000e+04
 1500504300, 2,2140000000e+02, 1,6266666667e+02, 3,8186666667e+01, 2,6319733333e+01, 2,4591346667e+04
 1500504600, 1,7237500000e+02, 1,2169000000e+02, 3,1370000000e+01, 2,4035366667e+01, 2,5070070000e+04
 1500504900, 1,5237500000e+02, 1,0409000000e+02, 2,6570000000e+01, 2,3187066667e+01, 2,5949560000e+04
 1500505200, 8,8466666667e+01, 4,7093333333e+01, 2,2213333333e+01, 2,2976200000e+01, 2,4767066667e+04
 1500505500, 1,5940000000e+02, 1,1013333333e+02, 2,8613333333e+01, 2,1061333333e+01, 2,5821146667e+04
 1500505800, 2,1260000000e+02, 1,5658666667e+02, 3,6266666667e+01, 2,1827066667e+01, 3,0184466667e+04
 1500506100, 2,3500000000e+02, 1,7600000000e+02, 4,0000000000e+01, 2,2471866667e+01, 3,1417853333e+04
 1500506400, 2,3500000000e+02, 1,7645333333e+02, 4,0000000000e+01, 2,2938666667e+01, 3,1430173333e+04
 1500506700, 2,3500000000e+02, 1,7789333333e+02, 3,9946666667e+01, 2,3268933333e+01, 3,1462253333e+04
 1500507000, 2,3500000000e+02, 1,7400000000e+02, 3,8000000000e+01, 2,3599066667e+01, 3,1419040000e+04
 1500507300, 2,3500000000e+02, 1,7234666667e+02, 3,9653333333e+01, 2,3638533333e+01, 2,6548146667e+04
 1500507600, 1,7466666667e+02, 1,2132000000e+02, 3,1553333333e+01, 2,2702666667e+01, 2,1957923333e+04
 1500507900, 1,4346666667e+02, 9,5620000000e+01, 2,6846666667e+01, 2,1487433333e+01, 2,3217606667e+04
 1500508200, 1,5175000000e+02, 1,0253333333e+02, 2,8000000000e+01, 2,2360200000e+01, 2,8215966667e+04
 1500508500, 1,4245000000e+02, 9,2240000000e+01, 2,8233333333e+01, 2,3494466667e+01, 2,9838916667e+04
 1500508800, 2,4500000000e+02, 1,8600000000e+02, 3,8000000000e+01, 2,5482466667e+01, 3,4647986667e+04
 1500509100, 2,4500000000e+02, 1,8270666667e+02, 4,1293333333e+01, 2,7592300000e+01, 3,4991353333e+04
 1500509400, 2,4500000000e+02, 1,8200000000e+02, 4,2000000000e+01, 2,9176900000e+01, 3,5097373333e+04
 1500509700, 2,3006666667e+02, 1,7005333333e+02, 3,9440000000e+01, 2,8432000000e+01, 2,3503573333e+04
 1500510000, 1,8620000000e+02, 1,3269333333e+02, 3,3733333333e+01, 2,5380400000e+01, 2,0901920000e+04
 1500510300, 1,0766666667e+02, 6,2453333333e+01, 2,6213333333e+01, 2,3398400000e+01, 2,0881106667e+04
 1500510600, 2,0500000000e+02, 1,5200000000e+02, 3,4000000000e+01, 2,1537466667e+01, 2,0901120000e+04
 1500510900, 2,1326666667e+02, 1,5696000000e+02, 3,5653333333e+01, 2,0379066667e+01, 2,1461503333e+04
 1500511200, 1,9933333333e+02, 1,4546666667e+02, 3,3493333333e+01, 2,0095566667e+01, 2,2176273333e+04
 1500511500, 1,9640000000e+02, 1,4312000000e+02, 3,2853333333e+01, 2,0189833333e+01, 2,5439146667e+04
 1500511800, 2,1406666667e+02, 1,5770666667e+02, 3,5813333333e+01, 2,2566500000e+01, 3,4109113333e+04
 1500512100, 2,4513333333e+02, 1,8405333333e+02, 4,2000000000e+01, 2,5412066667e+01, 3,4835970000e+04
 1500512400, 2,5000000000e+02, 1,8600000000e+02, 4,2000000000e+01, 2,6330000000e+01, 2,8679466667e+04
 1500512700, 2,3346666667e+02, 1,7277333333e+02, 4,0346666667e+01, 2,5685333333e+01, 2,5155606667e+04
 1500513000, 1,5676666667e+02, 1,0240000000e+02, 3,2113333333e+01, 2,4235133333e+01, 2,1506583333e+04
 1500513300, 1,0213333333e+02, 5,3413333333e+01, 2,6000000000e+01, 2,2968066667e+01, 2,1463926667e+04
 1500513600, 1,0085000000e+02, 5,5233333333e+01, 2,4893333333e+01, 2,2013333333e+01, 2,2382896667e+04
 1500513900, 1,2286666667e+02, 7,6560000000e+01, 2,5626666667e+01, 2,2119600000e+01, 2,8437253333e+04
 1500514200, 2,3526666667e+02, 1,7426666667e+02, 3,8106666667e+01, 2,4540900000e+01, 3,3941943333e+04
 1500514500, 2,4500000000e+02, 1,8400000000e+02, 4,2000000000e+01, 2,6893933333e+01, 3,4721516667e+04
 1500514800, 2,4913333333e+02, 1,8400000000e+02, 4,2000000000e+01, 2,8535466667e+01, 3,4821280000e+04
 1500515100, 2,4686666667e+02, 1,8274666667e+02, 4,0746666667e+01, 2,9698933333e+01, 3,4804073333e+04
 1500515400, 2,4711666667e+02, 1,8284666667e+02, 4,0846666667e+01, 3,0533000000e+01, 3,4818453333e+04
 1500515700, 2,4776666667e+02, 1,8266000000e+02, 4,2000000000e+01, 3,1160733333e+01, 3,4846543333e+04
 1500516000, 2,3933333333e+02, 1,7741333333e+02, 4,1840000000e+01, 3,0953066667e+01, 2,7704596667e+04
 1500516300, 2,1500000000e+02, 1,5600000000e+02, 3,6000000000e+01, 2,7566533333e+01, 2,0810440000e+04
 1500516600, 1,3233333333e+02, 8,4906666667e+01, 2,7733333333e+01, 2,4924533333e+01, 2,0752360000e+04
 1500516900, 1,3553333333e+02, 8,8773333333e+01, 2,7173333333e+01, 2,3154333333e+01, 2,1686483333e+04
 1500517200, 1,3770000000e+02, 8,9700000000e+01, 2,7180000000e+01, 2,2921300000e+01, 2,2351220000e+04
 1500517500, 1,4040000000e+02, 9,1040000000e+01, 2,7360000000e+01, 2,2296200000e+01, 2,3298180000e+04
 1500517800, 2,1093333333e+02, 1,5669333333e+02, 3,2266666667e+01, 2,3660466667e+01, 3,4136460000e+04
 1500518100, 2,4500000000e+02, 1,8200000000e+02, 4,2000000000e+01, 2,6154466667e+01, 3,4695713333e+04
 1500518400, 2,2846666667e+02, 1,6877333333e+02, 3,7040000000e+01, 2,6466400000e+01, 2,4786346667e+04
 1500518700, 1,7486666667e+02, 1,2213333333e+02, 3,0986666667e+01, 2,4098800000e+01, 2,1011080000e+04
 1500519000, 1,5993333333e+02, 1,0880000000e+02, 2,9706666667e+01, 2,2477600000e+01, 2,1006426667e+04
 1500519300, 1,6346666667e+02, 1,1194666667e+02, 2,9933333333e+01, 2,1885266667e+01, 2,2036400000e+04
 1500519600, 1,0280000000e+02, 6,0453333333e+01, 2,2320000000e+01, 2,1848266667e+01, 2,2593843333e+04
 1500519900, 2,0500000000e+02, 1,5000000000e+02, 3,4000000000e+01, 2,2307000000e+01, 3,1786943333e+04
 1500520200, 2,4205000000e+02, 1,7799333333e+02, 4,0586666667e+01, 2,5122200000e+01, 3,4121260000e+04
 1500520500, 2,5000000000e+02, 1,8400000000e+02, 4,2000000000e+01, 2,7250200000e+01, 3,4854800000e+04
 1500520800, 2,5000000000e+02, 1,8400000000e+02, 4,2000000000e+01, 2,8793866667e+01, 3,4932293333e+04
 1500521100, 2,4886666667e+02, 1,8309333333e+02, 4,1546666667e+01, 2,9883833333e+01, 3,4950250000e+04
 1500521400, 2,4486666667e+02, 1,7994666667e+02, 4,0000000000e+01, 3,0681433333e+01, 3,4897243333e+04
 1500521700, 2,4000000000e+02, 1,7800000000e+02, 4,0000000000e+01, 3,1214966667e+01, 3,4990076667e+04
 1500522000, 2,4413333333e+02, 1,8130666667e+02, 4,1653333333e+01, 3,1743500000e+01, 3,4145920000e+04
 1500522300, 2,1993333333e+02, 1,6069333333e+02, 3,8240000000e+01, 2,9705600000e+01, 2,1833920000e+04
 1500522600, 1,7513333333e+02, 1,2240000000e+02, 3,1733333333e+01, 2,6418533333e+01, 2,0681813333e+04
 1500522900, 1,4520000000e+02, 9,6613333333e+01, 2,7360000000e+01, 2,4162000000e+01, 2,0669533333e+04
 1500523200, 1,8066666667e+02, 1,2664000000e+02, 3,2000000000e+01, 2,2092933333e+01, 2,0690413333e+04
 1500523500, 2,0500000000e+02, 1,5000000000e+02, 3,2000000000e+01, 2,0479733333e+01, 2,0709626667e+04
 1500523800, 2,0500000000e+02, 1,5165333333e+02, 3,3653333333e+01, 1,9888733333e+01, 2,1631626667e+04
 1500524100, 1,4700000000e+02, 9,7866666667e+01, 2,7813333333e+01, 2,0834533333e+01, 2,1843446667e+04
 1500524400, 1,2373333333e+02, 7,8240000000e+01, 2,3493333333e+01, 1,8692800000e+01, 1,2938506667e+04
 1500524700, 1,3066666667e+02, 8,3680000000e+01, 2,4560000000e+01, 1,7583200000e+01, 2,0473813333e+04
 1500525000, 1,6086666667e+02, 1,0850666667e+02, 2,9813333333e+01, 1,7681600000e+01, 2,1002933333e+04
 1500525300, 2,1473333333e+02, 1,5784000000e+02, 3,5946666667e+01, 1,7309866667e+01, 2,1803893333e+04
 1500525600, 2,0500000000e+02, 1,5200000000e+02, 3,4000000000e+01, 1,7020733333e+01, 2,1849653333e+04
 1500525900, 1,2450000000e+02, 7,6866666667e+01, 2,4800000000e+01, 1,7692233333e+01, 2,2435883333e+04
 1500526200, 1,5013333333e+02, 1,0037333333e+02, 2,8266666667e+01, 1,8714400000e+01, 2,2795013333e+04
 1500526500, 2,0986666667e+02, 1,5189333333e+02, 3,7973333333e+01, 2,0372800000e+01, 3,5035550000e+04
 1500526800, 2,5000000000e+02, 1,8400000000e+02, 4,6000000000e+01, 2,3844733333e+01, 3,7906850000e+04
 1500527100, 2,4986666667e+02, 1,8394666667e+02, 4,5946666667e+01, 2,6278066667e+01, 3,7872273333e+04
 1500527400, 2,4500000000e+02, 1,8200000000e+02, 4,4000000000e+01, 2,8083866667e+01, 3,7828120000e+04
 1500527700, 2,4913333333e+02, 1,8365333333e+02, 4,5653333333e+01, 2,9305466667e+01, 3,7823306667e+04
 1500528000, 2,5000000000e+02, 1,8400000000e+02, 4,6000000000e+01, 3,0216233333e+01, 3,8017476667e+04
 1500528300, 2,5000000000e+02, 1,8400000000e+02, 4,5153333333e+01, 3,0878833333e+01, 3,8201753333e+04
 1500528600, 2,4886666667e+02, 1,8264000000e+02, 4,4000000000e+01, 3,0647000000e+01, 3,2553296667e+04
 1500528900, 2,4300000000e+02, 1,7634666667e+02, 4,3680000000e+01, 2,7919733333e+01, 2,4396933333e+04
 1500529200, 1,7000000000e+02, 1,1600000000e+02, 3,2000000000e+01, 2,5157600000e+01, 2,4193830000e+04
 1500529500, 1,1610000000e+02, 6,8960000000e+01, 2,6120000000e+01, 2,3960733333e+01, 2,4714133333e+04
 1500529800, 2,0180000000e+02, 1,4405333333e+02, 3,5920000000e+01, 2,2268000000e+01, 2,6261520000e+04
 1500530100, 2,3566666667e+02, 1,7128000000e+02, 4,1760000000e+01, 2,2264433333e+01, 3,2644826667e+04
 1500530400, 2,4286666667e+02, 1,7800000000e+02, 4,4000000000e+01, 2,3292133333e+01, 3,3271173333e+04
 1500530700, 2,4446666667e+02, 1,8023333333e+02, 4,5340000000e+01, 2,4664433333e+01, 3,9327046667e+04
 1500531000, 2,5988333333e+02, 1,8800000000e+02, 4,9953333333e+01, 2,6877566667e+01, 4,0672376667e+04
 1500531300, 2,5500000000e+02, 1,8800000000e+02, 4,8000000000e+01, 2,8455433333e+01, 4,0850613333e+04
 1500531600, 2,5500000000e+02, 1,8800000000e+02, 4,8000000000e+01, 2,9571433333e+01, 4,0861653333e+04
 1500531900, 2,5811666667e+02, 1,8800000000e+02, 4,8000000000e+01, 3,0413266667e+01, 4,0855563333e+04
 1500532200, 2,5786666667e+02, 1,8714666667e+02, 4,8000000000e+01, 3,1024466667e+01, 4,0822176667e+04
 1500532500, 2,5500000000e+02, 1,8555333333e+02, 4,8000000000e+01, 3,1516566667e+01, 4,0727656667e+04
 1500532800, 2,5473333333e+02, 1,8384000000e+02, 4,7893333333e+01, 3,1468000000e+01, 3,5334736667e+04
 1500533100, 2,4500000000e+02, 1,7800000000e+02, 4,4000000000e+01, 2,8384933333e+01, 2,4191346667e+04
 1500533400, 1,9953333333e+02, 1,4162666667e+02, 3,7386666667e+01, 2,5508133333e+01, 2,4513753333e+04
 1500533700, 1,9313333333e+02, 1,4277333333e+02, 3,2240000000e+01, 2,3793366667e+01, 2,5265990000e+04
 1500534000, 2,0566666667e+02, 1,5226666667e+02, 3,4266666667e+01, 2,2804600000e+01, 2,9133633333e+04
 1500534300, 2,2781666667e+02, 1,6425333333e+02, 4,1786666667e+01, 2,4061300000e+01, 3,9278536667e+04
 1500534600, 2,5500000000e+02, 1,8600000000e+02, 4,8000000000e+01, 2,6433800000e+01, 4,0665670000e+04
 1500534900, 2,5500000000e+02, 1,8600000000e+02, 4,8000000000e+01, 2,8152733333e+01, 4,0678073333e+04
 1500535200, 2,5500000000e+02, 1,8600000000e+02, 4,8000000000e+01, 2,9392600000e+01, 4,0636550000e+04
 1500535500, 2,5500000000e+02, 1,8600000000e+02, 4,8000000000e+01, 3,0267633333e+01, 4,0902176667e+04
 1500535800, 2,5500000000e+02, 1,8600000000e+02, 4,8000000000e+01, 3,0918933333e+01, 4,1114503333e+04
 1500536100, 2,5500000000e+02, 1,8600000000e+02, 4,8000000000e+01, 3,1384566667e+01, 4,1493613333e+04
 1500536400, 2,5500000000e+02, 1,8604666667e+02, 4,8000000000e+01, 3,1733300000e+01, 4,1500733333e+04
 1500536700, 2,5500000000e+02, 1,8800000000e+02, 4,8000000000e+01, 3,2055566667e+01, 4,1299046667e+04
 1500537000, 2,5500000000e+02, 1,8800000000e+02, 4,8000000000e+01, 3,1940600000e+01, 3,5798540000e+04
 1500537300, 2,4560000000e+02, 1,8048000000e+02, 4,4240000000e+01, 2,9992800000e+01, 3,2199653333e+04
 1500537600, 2,4213333333e+02, 1,7856000000e+02, 4,2000000000e+01, 2,8356800000e+01, 3,2286720000e+04
 1500537900, 2,0300000000e+02, 1,4490000000e+02, 3,5700000000e+01, 2,7434266667e+01, 3,2471596667e+04
 1500538200, 1,4766666667e+02, 9,6853333333e+01, 2,6720000000e+01, 2,6024266667e+01, 2,5095266667e+04
 1500538500, 2,2540000000e+02, 1,6826666667e+02, 3,6213333333e+01, 2,4664666667e+01, 3,0626533333e+04
 1500538800, 2,4000000000e+02, 1,7800000000e+02, 4,4000000000e+01, 2,4519600000e+01, 3,2258133333e+04
 1500539100, 2,4000000000e+02, 1,7800000000e+02, 4,4000000000e+01, 2,4332533333e+01, 3,3539400000e+04
 1500539400, 2,4313333333e+02, 1,7800000000e+02, 4,4000000000e+01, 2,4209600000e+01, 3,4072360000e+04
 1500539700, 2,4500000000e+02, 1,7885333333e+02, 4,4000000000e+01, 2,4127866667e+01, 3,3922040000e+04
 1500540000, 2,4386666667e+02, 1,7864000000e+02, 4,4000000000e+01, 2,4062933333e+01, 3,3839986667e+04
 1500540300, 2,3960000000e+02, 1,7373333333e+02, 4,3893333333e+01, 2,3914533333e+01, 3,1744943333e+04
 1500540600, 2,2500000000e+02, 1,6400000000e+02, 4,0000000000e+01, 2,2606166667e+01, 2,5442066667e+04
 1500540900, 1,9206666667e+02, 1,3436000000e+02, 3,5060000000e+01, 2,1596900000e+01, 2,6003866667e+04
 1500541200, 2,1946666667e+02, 1,5808000000e+02, 4,0266666667e+01, 2,1348533333e+01, 3,1644773333e+04
 1500541500, 2,3360000000e+02, 1,7258666667e+02, 4,2293333333e+01, 2,0748800000e+01, 2,7021013333e+04
 1500541800, 2,2046666667e+02, 1,6346666667e+02, 3,9546666667e+01, 2,0445666667e+01, 2,7639743333e+04
 1500542100, 2,0606666667e+02, 1,4885333333e+02, 3,8160000000e+01, 2,0191466667e+01, 3,2684346667e+04
 1500542400, 2,4500000000e+02, 1,8000000000e+02, 4,4000000000e+01, 2,1185200000e+01, 3,5488426667e+04
 1500542700, 2,4500000000e+02, 1,8000000000e+02, 4,4000000000e+01, 2,1947333333e+01, 3,5889706667e+04
 1500543000, 2,4500000000e+02, 1,8000000000e+02, 4,4000000000e+01, 2,2827800000e+01, 3,6398416667e+04
 1500543300, 2,4286666667e+02, 1,7829333333e+02, 4,4000000000e+01, 2,3726933333e+01, 3,6966626667e+04
 1500543600, 2,4340000000e+02, 1,7872000000e+02, 4,4906666667e+01, 2,5237533333e+01, 4,3437973333e+04
 1500543900, 2,5500000000e+02, 1,8795333333e+02, 4,8000000000e+01, 2,7306266667e+01, 4,3880413333e+04
 1500544200, 2,5500000000e+02, 1,8600000000e+02, 4,8000000000e+01, 2,8833800000e+01, 4,3834333333e+04
 1500544500, 2,5500000000e+02, 1,8600000000e+02, 4,8000000000e+01, 2,9702266667e+01, 3,9766573333e+04
 1500544800, 2,4873333333e+02, 1,8224000000e+02, 4,5493333333e+01, 2,8582133333e+01, 3,4027880000e+04
 1500545100, 2,4500000000e+02, 1,7914666667e+02, 4,4853333333e+01, 2,7389866667e+01, 3,3882773333e+04
 1500545400, 2,4500000000e+02, 1,7845333333e+02, 4,5546666667e+01, 2,6428933333e+01, 3,4079146667e+04
 1500545700, 2,4473333333e+02, 1,7978666667e+02, 4,3946666667e+01, 2,5719233333e+01, 3,4211240000e+04
 1500546000, 2,3500000000e+02, 1,7200000000e+02, 4,2000000000e+01, 2,5238300000e+01, 3,4101930000e+04
 1500546300, 2,4326666667e+02, 1,7861333333e+02, 4,3653333333e+01, 2,4842266667e+01, 3,3969533333e+04
 1500546600, 2,4500000000e+02, 1,8000000000e+02, 4,4000000000e+01, 2,4594933333e+01, 3,4158440000e+04
 1500546900, 2,4500000000e+02, 1,8000000000e+02, 4,4000000000e+01, 2,4406666667e+01, 3,4106573333e+04
 1500547200, 2,4500000000e+02, 1,8000000000e+02, 4,4453333333e+01, 2,4210533333e+01, 3,2061880000e+04
 1500547500, 2,2550000000e+02, 1,6350000000e+02, 4,3000000000e+01, 2,2707000000e+01, 2,4112333333e+04
 1500547800, 1,1606666667e+02, 7,0960000000e+01, 2,6106666667e+01, 2,0129833333e+01, 1,6956940000e+04
 1500548100, 1,5500000000e+02, 1,0600000000e+02, 3,0000000000e+01, 1,7579866667e+01, 1,9547440000e+04
 1500548400, 1,1483333333e+02, 6,7440000000e+01, 2,3573333333e+01, 1,7843466667e+01, 2,4929206667e+04
 1500548700, 1,7706666667e+02, 1,2317333333e+02, 3,3280000000e+01, 1,8608800000e+01, 2,5622913333e+04
 1500549000, 2,3481666667e+02, 1,7216000000e+02, 4,3386666667e+01, 2,0094700000e+01, 3,8282743333e+04
 1500549300, 2,5610000000e+02, 1,8644000000e+02, 4,8440000000e+01, 2,3600333333e+01, 4,1089946667e+04
 1500549600, 2,5988333333e+02, 1,8800000000e+02, 4,9953333333e+01, 2,6122300000e+01, 4,1221510000e+04
 1500549900, 2,5500000000e+02, 1,8800000000e+02, 4,8000000000e+01, 2,7964533333e+01, 4,1411466667e+04
 1500550200, 2,5500000000e+02, 1,8800000000e+02, 4,8000000000e+01, 2,9340166667e+01, 4,1529876667e+04
 1500550500, 2,5500000000e+02, 1,8800000000e+02, 4,8000000000e+01, 3,0261066667e+01, 4,1607593333e+04
 1500550800, 2,5500000000e+02, 1,8800000000e+02, 4,8000000000e+01, 3,0907166667e+01, 4,1390470000e+04
 1500551100, 2,5273333333e+02, 1,8573333333e+02, 4,7093333333e+01, 3,1148933333e+01, 3,7916616667e+04
 1500551400, 2,4443333333e+02, 1,7754666667e+02, 4,4226666667e+01, 2,9527066667e+01, 3,3691720000e+04
 1500551700, 2,4043333333e+02, 1,7434666667e+02, 4,5826666667e+01, 2,8824266667e+01, 3,4376286667e+04
 1500552000, 2,4000000000e+02, 1,7565333333e+02, 4,4346666667e+01, 2,7929333333e+01, 3,5046760000e+04
 1500552300, 2,4935000000e+02, 1,8223333333e+02, 4,6493333333e+01, 2,8439800000e+01, 4,1581783333e+04
 1500552600, 2,5500000000e+02, 1,8685333333e+02, 4,8000000000e+01, 2,9605700000e+01, 4,1544706667e+04
 1500552900, 2,5500000000e+02, 1,8754666667e+02, 4,8000000000e+01, 3,0450233333e+01, 4,1794520000e+04
 1500553200, 2,5500000000e+02, 1,8605333333e+02, 4,8000000000e+01, 3,1030600000e+01, 4,2116170000e+04
 1500553500, 2,5500000000e+02, 1,8800000000e+02, 4,8000000000e+01, 3,1450633333e+01, 4,2057706667e+04
 1500553800, 2,5500000000e+02, 1,8800000000e+02, 4,8000000000e+01, 3,1784966667e+01, 4,2012910000e+04
 1500554100, 2,5500000000e+02, 1,8800000000e+02, 4,8000000000e+01, 3,2025833333e+01, 4,1943890000e+04
 1500554400, 2,5500000000e+02, 1,8800000000e+02, 4,8000000000e+01, 3,2137400000e+01, 4,1830143333e+04
 1500554700, 2,5500000000e+02, 1,8755333333e+02, 4,8000000000e+01, 3,2307266667e+01, 4,1884756667e+04
 1500555000, 2,5476666667e+02, 1,8581333333e+02, 4,7906666667e+01, 3,2285666667e+01, 3,8000203333e+04
 1500555300, 2,4500000000e+02, 1,7800000000e+02, 4,4000000000e+01, 3,0386666667e+01, 3,2906746667e+04
 1500555600, 2,4086666667e+02, 1,7634666667e+02, 4,5653333333e+01, 2,8864800000e+01, 3,3109340000e+04
 1500555900, 2,3060000000e+02, 1,6973333333e+02, 4,0986666667e+01, 2,7627733333e+01, 2,4700753333e+04
 1500556200, 2,2926666667e+02, 1,7026666667e+02, 3,8000000000e+01, 2,6693500000e+01, 2,0913643333e+04
 1500556500, 2,2026666667e+02, 1,6421333333e+02, 3,4826666667e+01, 2,5463866667e+01, 1,7459420000e+04
 1500556800, 1,7160000000e+02, 1,2549333333e+02, 2,4213333333e+01, 2,5463600000e+01, 1,7074533333e+04
 1500557100, 2,3000000000e+02, 1,8000000000e+02, 3,2000000000e+01, 2,5235066667e+01, 1,8619760000e+04
 1500557400, 2,2586666667e+02, 1,7834666667e+02, 3,0346666667e+01, 2,4953333333e+01, 1,9244553333e+04
 1500557700, 2,2106666667e+02, 1,7485333333e+02, 2,6853333333e+01, 2,5546733333e+01, 1,9750006667e+04
 1500558000, 2,2626666667e+02, 1,7650666667e+02, 2,9760000000e+01, 2,5615066667e+01, 2,3027516667e+04
 1500558300, 2,3630000000e+02, 1,8304000000e+02, 3,4520000000e+01, 2,7116333333e+01, 2,7132256667e+04
 1500558600, 2,4500000000e+02, 1,9000000000e+02, 3,8000000000e+01, 2,8583966667e+01, 2,7328460000e+04
 1500558900, 2,4500000000e+02, 1,9000000000e+02, 3,8000000000e+01, 2,9639433333e+01, 2,7452666667e+04
 1500559200, 2,4500000000e+02, 1,9000000000e+02, 3,8000000000e+01, 3,0416433333e+01, 2,7430220000e+04
 1500559500, 2,4911666667e+02, 1,9000000000e+02, 3,8000000000e+01, 3,0997600000e+01, 2,7331533333e+04
 1500559800, 2,3746666667e+02, 1,8373333333e+02, 3,4240000000e+01, 3,0350400000e+01, 2,0551693333e+04
 1500560100, 2,3000000000e+02, 1,7914666667e+02, 3,1146666667e+01, 2,8733200000e+01, 1,9049186667e+04
 1500560400, 2,3000000000e+02, 1,7800000000e+02, 3,0000000000e+01, 2,7445466667e+01, 1,9148293333e+04
 1500560700, 2,2986666667e+02, 1,7794666667e+02, 3,0000000000e+01, 2,6511200000e+01, 1,9166533333e+04
 1500561000, 2,2500000000e+02, 1,7600000000e+02, 3,0000000000e+01, 2,5861066667e+01, 1,9182243333e+04
 1500561300, 2,2910000000e+02, 1,7764000000e+02, 3,1640000000e+01, 2,5644800000e+01, 1,9390740000e+04
 1500561600, 2,1491666667e+02, 1,6352000000e+02, 3,0793333333e+01, 2,5755066667e+01, 1,9562460000e+04
 1500561900, 2,0083333333e+02, 1,4983333333e+02, 2,9166666667e+01, 2,5912100000e+01, 1,9627310000e+04
 1500562200, 1,7116666667e+02, 1,2233333333e+02, 2,6700000000e+01, 2,6079900000e+01, 1,9687646667e+04
 1500562500, 8,7666666667e+01, 4,6346666667e+01, 2,2000000000e+01, 2,6223033333e+01, 1,9686203333e+04
 1500562800, 1,0766666667e+02, 6,3946666667e+01, 2,2000000000e+01, 2,6411633333e+01, 1,9699376667e+04
 1500563100, 8,5700000000e+01, 4,1700000000e+01, 2,0380000000e+01, 2,6554266667e+01, 1,9672103333e+04
 1500563400, 8,0000000000e+01, 3,7213333333e+01, 2,1213333333e+01, 2,6576033333e+01, 1,9735666667e+04
 1500563700, 8,2066666667e+01, 3,7173333333e+01, 2,3653333333e+01, 2,6592066667e+01, 1,9603093333e+04
 1500564000, 8,7066666667e+01, 3,8480000000e+01, 2,5586666667e+01, 2,6612400000e+01, 1,9483156667e+04
 1500564300, 9,5050000000e+01, 4,8080000000e+01, 2,3980000000e+01, 2,6586866667e+01, 1,9532490000e+04
 1500564600, 1,0000000000e+02, 5,6000000000e+01, 2,2000000000e+01, 2,6516233333e+01, 1,9351240000e+04
 1500564900, 1,1225000000e+02, 6,7433333333e+01, 2,2000000000e+01, 2,6613566667e+01, 1,9359566667e+04
 1500565200, 1,3033333333e+02, 8,2266666667e+01, 2,5680000000e+01, 2,6789800000e+01, 1,9259050000e+04
 1500565500, 1,6480000000e+02, 1,1232000000e+02, 3,0480000000e+01, 2,6809233333e+01, 1,9074480000e+04
 1500565800, 2,0793333333e+02, 1,5216000000e+02, 3,4453333333e+01, 2,6580266667e+01, 1,8476520000e+04
 1500566100, 2,3486666667e+02, 1,7994666667e+02, 3,5840000000e+01, 2,6168400000e+01, 1,8530720000e+04
 1500566400, 2,3000000000e+02, 1,7800000000e+02, 3,0000000000e+01, 2,5839733333e+01, 1,8961600000e+04
 1500566700, 2,3000000000e+02, 1,7634666667e+02, 3,0000000000e+01, 2,5592766667e+01, 1,9328236667e+04
 1500567000, 2,2686666667e+02, 1,7600000000e+02, 3,0000000000e+01, 2,5416933333e+01, 1,9652736667e+04
 1500567300, 2,2500000000e+02, 1,7600000000e+02, 3,0000000000e+01, 2,5305700000e+01, 1,9592410000e+04
 1500567600, 2,2160000000e+02, 1,7373333333e+02, 2,8640000000e+01, 2,4645033333e+01, 1,3729156667e+04
 1500567900, 2,1013333333e+02, 1,6610666667e+02, 2,4000000000e+01, 2,2772133333e+01, 1,0679693333e+04
 1500568200, 2,1500000000e+02, 1,7000000000e+02, 2,4000000000e+01, 2,1981933333e+01, 1,1248120000e+04
 1500568500, 2,1500000000e+02, 1,7000000000e+02, 2,4000000000e+01, 2,1344466667e+01, 1,1973533333e+04
 1500568800, 2,2313333333e+02, 1,7488000000e+02, 2,5626666667e+01, 2,1909466667e+01, 1,9478013333e+04
 1500569100, 2,2813333333e+02, 1,7725333333e+02, 3,1013333333e+01, 2,3067733333e+01, 1,9541613333e+04
 1500569400, 2,2786666667e+02, 1,7714666667e+02, 3,2293333333e+01, 2,3885200000e+01, 1,9410253333e+04
 1500569700, 2,2160000000e+02, 1,7237333333e+02, 3,0000000000e+01, 2,4212533333e+01, 1,9411226667e+04
 1500570000, 2,1013333333e+02, 1,6010666667e+02, 2,9893333333e+01, 2,4384666667e+01, 1,9421413333e+04
 1500570300, 2,1500000000e+02, 1,6400000000e+02, 2,6000000000e+01, 2,4683233333e+01, 1,9314050000e+04
 1500570600, 1,9893333333e+02, 1,4150666667e+02, 3,2426666667e+01, 2,4861866667e+01, 1,9393350000e+04
 1500570900, 1,3673333333e+02, 8,6933333333e+01, 2,6640000000e+01, 2,4965100000e+01, 1,9617403333e+04
 1500571200, 9,3800000000e+01, 4,9386666667e+01, 2,2000000000e+01, 2,5093600000e+01, 1,9608416667e+04
 1500571500, 8,3916666667e+01, 3,9133333333e+01, 2,2000000000e+01, 2,5187133333e+01, 1,9661983333e+04
 1500571800, 8,0000000000e+01, 3,6000000000e+01, 2,2000000000e+01, 2,5310766667e+01, 1,9748150000e+04
 1500572100, 1,2410000000e+02, 7,1280000000e+01, 2,7880000000e+01, 2,5829100000e+01, 2,0140526667e+04
 1500572400, 1,1683333333e+02, 7,0366666667e+01, 2,4733333333e+01, 2,6281166667e+01, 1,9646493333e+04
 1500572700, 1,0893333333e+02, 6,5146666667e+01, 2,4000000000e+01, 2,6603066667e+01, 1,9805650000e+04
 1500573000, 1,1130000000e+02, 6,7880000000e+01, 2,4000000000e+01, 2,6847366667e+01, 2,0176870000e+04
 1500573300, 1,2000000000e+02, 7,6000000000e+01, 2,3553333333e+01, 2,6537566667e+01, 2,0049840000e+04
 1500573600, 1,2003333333e+02, 7,6000000000e+01, 2,2040000000e+01, 2,6101600000e+01, 2,0104263333e+04
 1500573900, 1,3000000000e+02, 7,6000000000e+01, 3,4000000000e+01, 2,5608600000e+01, 2,0063563333e+04
 1500574200, 1,5846666667e+02, 1,0040000000e+02, 3,5626666667e+01, 2,5858033333e+01, 2,3898356667e+04
 1500574500, 2,1513333333e+02, 1,5613333333e+02, 3,9760000000e+01, 2,6531433333e+01, 2,6048026667e+04
 1500574800, 2,3220000000e+02, 1,7320000000e+02, 4,0293333333e+01, 2,6002766667e+01, 2,5691610000e+04
 1500575100, 1,7900000000e+02, 1,2320000000e+02, 3,3200000000e+01, 2,4921900000e+01, 2,9688126667e+04
 1500575400, 1,5403333333e+02, 9,9460000000e+01, 3,0913333333e+01, 2,5465366667e+01, 3,8972310000e+04
 1500575700, 2,5500000000e+02, 1,8795333333e+02, 4,8000000000e+01, 2,7579566667e+01, 4,1823200000e+04
 1500576000, 2,5500000000e+02, 1,8600000000e+02, 4,8000000000e+01, 2,9270600000e+01, 4,2161286667e+04
 1500576300, 2,5500000000e+02, 1,8764666667e+02, 4,8000000000e+01, 3,0463700000e+01, 4,2144203333e+04
 1500576600, 2,5500000000e+02, 1,8674666667e+02, 4,8000000000e+01, 3,1289200000e+01, 4,2243080000e+04
 1500576900, 2,5500000000e+02, 1,8684666667e+02, 4,8000000000e+01, 3,1964833333e+01, 4,2384246667e+04
 1500577200, 2,5500000000e+02, 1,8800000000e+02, 4,8000000000e+01, 3,2474000000e+01, 4,2779383333e+04
 1500577500, 2,5500000000e+02, 1,8800000000e+02, 4,8000000000e+01, 3,2773333333e+01, 4,3117013333e+04
 1500577800, 2,5500000000e+02, 1,8800000000e+02, 4,8000000000e+01, 3,3028433333e+01, 4,3316050000e+04
 1500578100, 2,5500000000e+02, 1,8800000000e+02, 4,8000000000e+01, 3,3219966667e+01, 4,3027150000e+04
 1500578400, 2,5500000000e+02, 1,8800000000e+02, 4,8000000000e+01, 3,3362533333e+01, 4,3006760000e+04
 1500578700, 2,5500000000e+02, 1,8716000000e+02, 4,8000000000e+01, 3,3505033333e+01, 4,3007676667e+04
 1500579000, 2,5160000000e+02, 1,8418666667e+02, 4,7093333333e+01, 3,2326133333e+01, 3,4938826667e+04
 1500579300, 2,4013333333e+02, 1,7800000000e+02, 4,4000000000e+01, 3,0138133333e+01, 3,4261653333e+04
 1500579600, 2,4500000000e+02, 1,7800000000e+02, 4,4000000000e+01, 2,8683733333e+01, 3,4030246667e+04
 1500579900, 2,4086666667e+02, 1,7634666667e+02, 4,2346666667e+01, 2,7605600000e+01, 3,4032040000e+04
 1500580200, 2,4000000000e+02, 1,7600000000e+02, 4,3253333333e+01, 2,6649600000e+01, 3,4155186667e+04
 1500580500, 2,4213333333e+02, 1,7685333333e+02, 4,4000000000e+01, 2,5869600000e+01, 3,4132893333e+04
 1500580800, 2,4500000000e+02, 1,7845333333e+02, 4,4000000000e+01, 2,5287466667e+01, 3,4399466667e+04
 1500581100, 2,4486666667e+02, 1,7989333333e+02, 4,4000000000e+01, 2,4898266667e+01, 3,4664626667e+04
 1500581400, 2,4000000000e+02, 1,7600000000e+02, 4,4000000000e+01, 2,4634400000e+01, 3,4464786667e+04
 1500581700, 2,4000000000e+02, 1,7765333333e+02, 4,4000000000e+01, 2,4009333333e+01, 2,8745933333e+04
 1500582000, 2,3373333333e+02, 1,7173333333e+02, 4,0240000000e+01, 2,1982933333e+01, 2,4921040000e+04
 1500582300, 2,0013333333e+02, 1,4325333333e+02, 3,4586666667e+01, 1,9355733333e+01, 1,5503426667e+04
 1500582600, 1,3960000000e+02, 9,3226666667e+01, 2,6373333333e+01, 1,4864000000e+01, 6,5686800000e+03
 1500582900, 6,9466666667e+01, 3,5680000000e+01, 1,3893333333e+01, 1,0849066667e+01, 6,4740266667e+03
 1500583200, 5,0000000000e+01, 2,4000000000e+01, 1,0000000000e+01, 7,8621333333e+00, 6,4744533333e+03
 1500583500, 5,0000000000e+01, 2,2346666667e+01, 1,0000000000e+01, 5,6982666667e+00, 6,4758000000e+03
 1500583800, 5,0000000000e+01, 2,2000000000e+01, 1,0000000000e+01, 4,1333333333e+00, 6,4763200000e+03
 1500584100, 5,0000000000e+01, 2,2853333333e+01, 1,0000000000e+01, 2,9992000000e+00, 6,4756800000e+03
 1500584400, 5,0000000000e+01, 2,4000000000e+01, 1,0000000000e+01, 2,1904000000e+00, 6,4764000000e+03
 1500584700, 5,0000000000e+01, 2,4000000000e+01, 1,0000000000e+01, 1,6090000000e+00, 6,4761533333e+03
 1500585000, 5,0000000000e+01, 2,4000000000e+01, 1,0000000000e+01, 1,1684000000e+00, 6,4768533333e+03
 1500585300, 5,0000000000e+01, 2,4000000000e+01, 1,0000000000e+01, 8,5533333333e-01, 6,4772000000e+03
 1500585600, 5,0000000000e+01, 2,4000000000e+01, 1,0000000000e+01, 6,2893333333e-01, 6,4767733333e+03
 1500585900, 5,0000000000e+01, 2,4000000000e+01, 1,0000000000e+01, 4,7506666667e-01, 6,4743466667e+03
 1500586200, 5,0000000000e+01, 2,4000000000e+01, 1,0000000000e+01, 3,7306666667e-01, 6,4744266667e+03
 1500586500, 5,0000000000e+01, 2,4000000000e+01, 1,0000000000e+01, 2,8186666667e-01, 6,4752000000e+03
 1500586800, 5,0000000000e+01, 2,4000000000e+01, 1,0000000000e+01, 5,9213333333e-01, 7,0770800000e+03
 1500587100, 1,2853333333e+02, 9,1786666667e+01, 1,9920000000e+01, 2,4526666667e+00, 1,4519000000e+04
 1500587400, 1,4813333333e+02, 1,0725333333e+02, 2,2000000000e+01, 3,9858666667e+00, 4,1548000000e+04
 1500587700, 1,5000000000e+02, 1,0800000000e+02, 2,2000000000e+01, 5,1008000000e+00, 4,1549026667e+04
 1500588000, 1,5000000000e+02, 1,0800000000e+02, 2,2000000000e+01, 5,9098666667e+00, 4,1548573333e+04
 1500588300, 1,5000000000e+02, 1,0805333333e+02, 2,2000000000e+01, 6,4968000000e+00, 4,1548573333e+04
 1500588600, 1,5000000000e+02, 1,1000000000e+02, 2,2000000000e+01, 6,9170666667e+00, 4,1548853333e+04
 1500588900, 1,4173333333e+02, 1,0173333333e+02, 2,2000000000e+01, 7,1893333333e+00, 4,4457873333e+04
 1500589200, 1,4000000000e+02, 9,8746666667e+01, 2,2000000000e+01, 7,4390666667e+00, 4,9637013333e+04
 1500589500, 1,1226666667e+02, 7,3253333333e+01, 2,0293333333e+01, 1,0452933333e+01, 5,1602946667e+04
 1500589800, 9,2000000000e+01, 5,4960000000e+01, 1,9360000000e+01, 1,1243466667e+01, 5,1687200000e+04
 1500590100, 1,5000000000e+02, 1,0605333333e+02, 2,4000000000e+01, 9,9368000000e+00, 5,1687653333e+04
 1500590400, 1,5000000000e+02, 1,0800000000e+02, 2,4000000000e+01, 8,9889333333e+00, 5,1687973333e+04
 1500590700, 1,5413333333e+02, 1,0965333333e+02, 2,4000000000e+01, 8,2173333333e+00, 5,1631680000e+04
 1500591000, 1,5500000000e+02, 1,1000000000e+02, 2,4000000000e+01, 7,6458666667e+00, 5,1688200000e+04
 1500591300, 1,5500000000e+02, 1,1000000000e+02, 2,4000000000e+01, 7,4280000000e+00, 5,1688826667e+04
 1500591600, 1,5500000000e+02, 1,1000000000e+02, 2,4000000000e+01, 7,1368000000e+00, 5,1688973333e+04
 1500591900, 1,5500000000e+02, 1,1000000000e+02, 2,4000000000e+01, 6,8625333333e+00, 5,1670866667e+04
 1500592200, 1,5500000000e+02, 1,1000000000e+02, 2,4000000000e+01, 6,7270666667e+00, 5,0535800000e+04
 1500592500, 1,4260000000e+02, 1,0173333333e+02, 2,2346666667e+01, 6,1642666667e+00, 1,0640200000e+04
 1500592800, 1,0240000000e+02, 6,3653333333e+01, 2,0746666667e+01, 4,8001333333e+00, 1,2356853333e+04
 1500593100, 1,4826666667e+02, 1,0344000000e+02, 2,5120000000e+01, 6,2150666667e+00, 1,2874213333e+04
 1500593400, 2,1280000000e+02, 1,6106666667e+02, 3,0640000000e+01, 6,9258666667e+00, 1,2768706667e+04
 1500593700, 1,2000000000e+02, 7,6000000000e+01, 2,5946666667e+01, 5,8762666667e+00, 1,2761200000e+04
 1500594000, 1,2000000000e+02, 7,6000000000e+01, 2,4000000000e+01, 5,0448000000e+00, 1,2726886667e+04
 1500594300, 9,5200000000e+01, 5,6160000000e+01, 2,2346666667e+01, 4,1306666667e+00, 1,1317120000e+04
 1500594600, 1,7773333333e+02, 1,3221333333e+02, 2,9520000000e+01, 4,9486666667e+00, 1,1999586667e+04
 1500594900, 1,8306666667e+02, 1,3562666667e+02, 2,9733333333e+01, 6,0884000000e+00, 1,1988653333e+04
 1500595200, 1,1886666667e+02, 7,5546666667e+01, 2,4453333333e+01, 5,2690666667e+00, 1,1976106667e+04
 1500595500, 1,1486666667e+02, 7,3840000000e+01, 2,5893333333e+01, 4,6196000000e+00, 1,1888986667e+04
 1500595800, 1,1000000000e+02, 6,8000000000e+01, 2,2000000000e+01, 3,7990666667e+00, 1,1184320000e+04
 1500596100, 9,3466666667e+01, 5,3120000000e+01, 2,2000000000e+01, 5,1411666667e+00, 1,1989393333e+04
 1500596400, 1,0880000000e+02, 6,6293333333e+01, 2,4506666667e+01, 5,8490666667e+00, 1,1981400000e+04
 1500596700, 1,2000000000e+02, 7,6000000000e+01, 2,6000000000e+01, 5,0789333333e+00, 1,1979426667e+04
 1500597000, 1,1320000000e+02, 7,0106666667e+01, 2,5093333333e+01, 4,3928000000e+00, 1,1354333333e+04
 1500597300, 9,3866666667e+01, 5,3573333333e+01, 2,2320000000e+01, 3,8749333333e+00, 1,1793706667e+04
 1500597600, 2,3500000000e+02, 1,8400000000e+02, 3,4000000000e+01, 6,1370666667e+00, 1,2032360000e+04
 1500597900, 1,3993333333e+02, 9,4720000000e+01, 2,7386666667e+01, 5,6046666667e+00, 1,1979600000e+04
 1500598200, 1,2000000000e+02, 7,4753333333e+01, 2,6000000000e+01, 4,8346000000e+00, 1,1903096667e+04
 1500598500, 1,0720000000e+02, 6,3760000000e+01, 2,4293333333e+01, 3,9468000000e+00, 1,1185920000e+04
 1500598800, 1,1946666667e+02, 7,6746666667e+01, 2,4266666667e+01, 4,9576000000e+00, 1,2124560000e+04
 1500599100, 2,1733333333e+02, 1,6549333333e+02, 3,1840000000e+01, 6,0601333333e+00, 1,2139160000e+04
 1500599400, 1,2000000000e+02, 7,4033333333e+01, 2,6000000000e+01, 5,2520333333e+00, 1,2130720000e+04
 1500599700, 1,2000000000e+02, 7,6000000000e+01, 2,6000000000e+01, 4,6330666667e+00, 1,1949546667e+04
 1500600000, 6,2133333333e+01, 3,3013333333e+01, 1,2773333333e+01, 3,6616000000e+00, 6,4770533333e+03
 1500600300, 5,0000000000e+01, 2,4000000000e+01, 1,0000000000e+01, 2,6596000000e+00, 6,4731733333e+03
 1500600600, 5,0000000000e+01, 2,4000000000e+01, 1,0000000000e+01, 1,9325333333e+00, 6,4726266667e+03
 1500600900, 5,1133333333e+01, 2,4453333333e+01, 1,0453333333e+01, 1,4305333333e+00, 6,4731733333e+03
 1500601200, 5,4866666667e+01, 2,5946666667e+01, 1,1946666667e+01, 1,0502666667e+00, 6,4726266667e+03
 1500601500, 5,0000000000e+01, 2,4000000000e+01, 1,0000000000e+01, 7,8533333333e-01, 6,4726000000e+03
 1500601800, 5,0000000000e+01, 2,4000000000e+01, 1,0000000000e+01, 5,7346666667e-01, 6,4727733333e+03
 1500602100, 5,0000000000e+01, 2,4000000000e+01, 1,0000000000e+01, 4,2080000000e-01, 6,4724266667e+03
 1500602400, 5,0000000000e+01, 2,4000000000e+01, 1,0000000000e+01, 3,1533333333e-01, 6,4730000000e+03
 1500602700, 5,0000000000e+01, 2,4000000000e+01, 1,0000000000e+01, 2,2896666667e-01, 6,4731966667e+03
 1500603000, 5,0000000000e+01, 2,3946666667e+01, 1,0000000000e+01, 1,9240000000e-01, 6,4732266667e+03
 1500603300, 5,0000000000e+01, 2,2000000000e+01, 1,0000000000e+01, 1,4920000000e-01, 6,4737733333e+03
 1500603600, 5,0000000000e+01, 2,3653333333e+01, 1,0000000000e+01, 1,2373333333e-01, 6,4730000000e+03
 1500603900, 5,0000000000e+01, 2,4000000000e+01, 1,0000000000e+01, 1,0320000000e-01, 6,4726266667e+03
 1500604200, 5,0000000000e+01, 2,3153333333e+01, 1,0000000000e+01, 7,7500000000e-02, 6,4721733333e+03
 1500604500, 5,0000000000e+01, 2,2453333333e+01, 1,0000000000e+01, 6,1466666667e-02, 6,4718266667e+03
 1500604800, 5,0000000000e+01, 2,4000000000e+01, 1,0000000000e+01, 5,0000000000e-02, 6,4724266667e+03
 1500605100, 5,0000000000e+01, 2,4000000000e+01, 1,0000000000e+01, 5,6000000000e-02, 6,4727733333e+03
 1500605400, 5,0000000000e+01, 2,4000000000e+01, 1,0000000000e+01, 5,0000000000e-02, 6,4724266667e+03
 1500605700, 5,0000000000e+01, 2,4000000000e+01, 1,0000000000e+01, 5,4000000000e-02, 6,4720466667e+03
 1500606000, 5,0000000000e+01, 2,4000000000e+01, 1,0000000000e+01, 5,0000000000e-02, 6,4729733333e+03
 1500606300, 5,0000000000e+01, 2,4000000000e+01, 1,0000000000e+01, 5,0000000000e-02, 6,4728266667e+03
 1500606600, 5,0000000000e+01, 2,4000000000e+01, 1,0000000000e+01, 5,0000000000e-02, 6,4736000000e+03
 1500606900, 5,0000000000e+01, 2,4000000000e+01, 1,0000000000e+01, 6,4233333333e-02, 6,4734933333e+03
 1500607200, 5,0000000000e+01, 2,4000000000e+01, 1,0000000000e+01, 7,0266666667e-02, 6,4723733333e+03
 1500607500, 5,0000000000e+01, 2,4000000000e+01, 1,0000000000e+01, 5,9466666667e-02, 6,4730000000e+03
 1500607800, 5,0000000000e+01, 2,4000000000e+01, 1,0000000000e+01, 5,4033333333e-02, 6,4730000000e+03
 1500608100, 5,0000000000e+01, 2,4000000000e+01, 1,0000000000e+01, 5,2266666667e-02, 6,4736000000e+03
 1500608400, 5,0000000000e+01, 2,4000000000e+01, 1,0000000000e+01, 5,1733333333e-02, 6,4736000000e+03
 1500608700, 5,0000000000e+01, 2,4000000000e+01, 1,0000000000e+01, 5,0000000000e-02, 6,4736266667e+03
 1500609000, 5,0000000000e+01, 2,4000000000e+01, 1,0000000000e+01, 5,0000000000e-02, 6,4746000000e+03
 1500609300, 7,1933333333e+01, 3,7786666667e+01, 1,7520000000e+01, 1,7093333333e-01, 7,0637333333e+03
 1500609600, 7,8600000000e+01, 4,2586666667e+01, 1,9440000000e+01, 4,1053333333e-01, 1,0004640000e+04
 1500609900, 8,8133333333e+01, 5,4320000000e+01, 1,7360000000e+01, 1,9318666667e+00, 2,4332640000e+04
 1500610200, 1,5000000000e+02, 1,1000000000e+02, 2,2053333333e+01, 3,5871333333e+00, 2,9510173333e+04
 1500610500, 1,5000000000e+02, 1,1000000000e+02, 2,4000000000e+01, 4,8194666667e+00, 3,0200306667e+04
 1500610800, 1,5000000000e+02, 1,0834666667e+02, 2,2346666667e+01, 5,7057333333e+00, 3,1410853333e+04
 1500611100, 1,5313333333e+02, 1,1050666667e+02, 2,3253333333e+01, 6,3584000000e+00, 3,2339280000e+04
 1500611400, 1,5286666667e+02, 1,1114666667e+02, 2,3146666667e+01, 6,8216000000e+00, 3,2893266667e+04
 1500611700, 1,5000000000e+02, 1,0954666667e+02, 2,2000000000e+01, 7,1492000000e+00, 3,3242920000e+04
 1500612000, 1,5000000000e+02, 1,0794666667e+02, 2,2053333333e+01, 7,3762666667e+00, 3,3376240000e+04
 1500612300, 1,5000000000e+02, 1,0600000000e+02, 2,4000000000e+01, 7,5202666667e+00, 3,3447306667e+04
 1500612600, 1,5000000000e+02, 1,0930666667e+02, 2,2346666667e+01, 7,6586666667e+00, 3,3448120000e+04
 1500612900, 1,5000000000e+02, 1,0749333333e+02, 2,3253333333e+01, 7,7416000000e+00, 3,3463426667e+04
 1500613200, 1,5000000000e+02, 1,0770666667e+02, 2,4000000000e+01, 7,7956000000e+00, 3,3582160000e+04
 1500613500, 1,4886666667e+02, 1,0864000000e+02, 2,4000000000e+01, 7,8610666667e+00, 3,3699226667e+04
 1500613800, 1,4513333333e+02, 1,0416000000e+02, 2,4000000000e+01, 7,8805333333e+00, 3,3772066667e+04
 1500614100, 1,5000000000e+02, 1,1000000000e+02, 2,4000000000e+01, 7,8985333333e+00, 3,3864093333e+04
 1500614400, 1,5000000000e+02, 1,0834666667e+02, 2,4000000000e+01, 7,9145333333e+00, 3,3942706667e+04
 1500614700, 1,5000000000e+02, 1,0925333333e+02, 2,4000000000e+01, 7,9448000000e+00, 3,3969853333e+04
 1500615000, 1,5213333333e+02, 1,1000000000e+02, 2,4000000000e+01, 7,9260000000e+00, 3,1761600000e+04
 1500615300, 1,4026666667e+02, 9,6400000000e+01, 2,3546666667e+01, 6,9780000000e+00, 1,4883093333e+04
 1500615600, 8,9066666667e+01, 4,9413333333e+01, 2,1680000000e+01, 5,4594666667e+00, 9,1592933333e+03
 1500615900, 5,5000000000e+01, 2,8000000000e+01, 1,0000000000e+01, 4,3185333333e+00, 8,1162933333e+03
 1500616200, 8,3933333333e+01, 4,6186666667e+01, 1,9920000000e+01, 3,3589333333e+00, 7,2745733333e+03
 1500616500, 6,4933333333e+01, 3,3706666667e+01, 1,4480000000e+01, 3,2284000000e+00, 1,3772190000e+04
 1500616800, 1,2680000000e+02, 9,0560000000e+01, 1,8533333333e+01, 8,2164000000e+00, 2,3182680000e+04
 1500617100, 2,2886666667e+02, 1,7954666667e+02, 2,9546666667e+01, 1,3463166667e+01, 2,3718266667e+04
 1500617400, 2,2526666667e+02, 1,7826666667e+02, 2,8053333333e+01, 1,7798333333e+01, 2,3864330000e+04
 1500617700, 2,3500000000e+02, 1,8800000000e+02, 3,0000000000e+01, 2,0671333333e+01, 2,3954960000e+04
 1500618000, 2,2673333333e+02, 1,7973333333e+02, 3,0000000000e+01, 2,2896600000e+01, 2,4019620000e+04
 1500618300, 2,2500000000e+02, 1,8050666667e+02, 2,7493333333e+01, 2,4592133333e+01, 2,4092146667e+04
 1500618600, 2,2713333333e+02, 1,8370666667e+02, 2,6000000000e+01, 2,5498533333e+01, 2,4202066667e+04
 1500618900, 2,2890000000e+02, 1,8556000000e+02, 2,5560000000e+01, 2,6054200000e+01, 2,4363623333e+04
 1500619200, 2,2486666667e+02, 1,8362666667e+02, 2,4213333333e+01, 2,6449600000e+01, 2,4436373333e+04
 1500619500, 2,2000000000e+02, 1,7000000000e+02, 3,2000000000e+01, 2,6663466667e+01, 2,4728840000e+04
 1500619800, 2,2413333333e+02, 1,8157333333e+02, 2,7040000000e+01, 2,7077066667e+01, 2,4893293333e+04
 1500620100, 2,2500000000e+02, 1,8275333333e+02, 2,4753333333e+01, 2,7096000000e+01, 2,4924836667e+04
 1500620400, 1,9513333333e+02, 1,5384000000e+02, 2,3146666667e+01, 2,6681200000e+01, 2,5550810000e+04
 1500620700, 1,4593333333e+02, 1,0602666667e+02, 2,3360000000e+01, 2,5583200000e+01, 2,7547933333e+04
 1500621000, 1,1486666667e+02, 7,1840000000e+01, 2,7893333333e+01, 2,4321266667e+01, 2,7612793333e+04
 1500621300, 1,1000000000e+02, 6,6000000000e+01, 2,4000000000e+01, 1,9791066667e+01, 2,7663400000e+04
 1500621600, 1,0586666667e+02, 6,6000000000e+01, 2,4000000000e+01, 1,6443466667e+01, 2,7663066667e+04
 1500621900, 1,3633333333e+02, 8,9813333333e+01, 2,9013333333e+01, 1,5363033333e+01, 2,7662440000e+04
 1500622200, 1,8463333333e+02, 1,3702000000e+02, 2,8613333333e+01, 1,8278633333e+01, 2,7712053333e+04
 1500622500, 2,2613333333e+02, 1,8245333333e+02, 2,5360000000e+01, 2,0347466667e+01, 2,7742306667e+04
 1500622800, 2,2973333333e+02, 1,8378666667e+02, 2,9840000000e+01, 2,2054000000e+01, 2,7746506667e+04
 1500623100, 2,2000000000e+02, 1,7600000000e+02, 2,4000000000e+01, 2,3684066667e+01, 2,7750693333e+04
 1500623400, 2,2413333333e+02, 1,7930666667e+02, 2,7306666667e+01, 2,5000133333e+01, 2,7759253333e+04
 1500623700, 2,2500000000e+02, 1,8000000000e+02, 2,6760000000e+01, 2,5827866667e+01, 2,7768786667e+04
 1500624000, 2,2713333333e+02, 1,7914666667e+02, 2,8560000000e+01, 2,6410766667e+01, -nan
 1500624300, 2,2888333333e+02, 1,7889333333e+02, 3,0213333333e+01, 2,6842266667e+01, -nan
 1500624600, 2,2500000000e+02, 1,8194666667e+02, 2,4106666667e+01, 2,6798266667e+01, -nan
 1500624900, 2,2500000000e+02, 1,8000000000e+02, 2,8000000000e+01, 2,6821066667e+01, -nan
 1500625200, 2,2913333333e+02, 1,8165333333e+02, 2,8000000000e+01, 2,6959566667e+01, -nan
 1500625500, 2,3313333333e+02, 1,8200000000e+02, 3,0506666667e+01, 2,7035466667e+01, -nan
 1500625800, 2,2646666667e+02, 1,7602666667e+02, 2,9440000000e+01, 2,6718933333e+01, -nan
 1500626100, -nan, 1,7112666667e+02, 2,6446666667e+01, 2,6425600000e+01, -nan
 1500626400, -nan, -nan, -nan, -nan, -nan
 1500626700, -nan, -nan, -nan, -nan, -nan
 1500627000, -nan, -nan, -nan, -nan, -nan
 1500627300, -nan, -nan, -nan, -nan, -nan
