 Time, ttl_pwr, cpu_pwr, mem_pwr, cpu_load, mem_load
 1500441000, 2,5141666667e+02, 1,8570000000e+02, 4,7433333333e+01, 3,1429833333e+01, 2,6967840000e+04
 1500441300, 2,5500000000e+02, 1,8954000000e+02, 4,6460000000e+01, 3,1581133333e+01, 2,6967400000e+04
 1500441600, 2,5500000000e+02, 1,8400000000e+02, 5,2000000000e+01, 3,1615000000e+01, 2,6968173333e+04
 1500441900, 2,5500000000e+02, 1,8400000000e+02, 4,8480000000e+01, 3,1639600000e+01, 2,6968373333e+04
 1500442200, 2,5160000000e+02, 1,8672000000e+02, 4,3920000000e+01, 3,1705033333e+01, 2,6967080000e+04
 1500442500, 2,5000000000e+02, 1,8609333333e+02, 4,4860000000e+01, 3,1675400000e+01, 2,6967966667e+04
 1500442800, 2,5138333333e+02, 1,8566000000e+02, 4,6893333333e+01, 3,1701400000e+01, 2,6968323333e+04
 1500443100, 2,5583333333e+02, 1,9033333333e+02, 4,4333333333e+01, 3,1762100000e+01, 2,6968203333e+04
 1500443400, 2,6500000000e+02, 1,9400000000e+02, 4,8000000000e+01, 3,1783100000e+01, 2,6968200000e+04
 1500443700, 2,4733333333e+02, 1,7986666667e+02, 4,8000000000e+01, 2,7523000000e+01, 1,2493933333e+04
 1500444000, 1,1516666667e+02, 7,4133333333e+01, 2,2033333333e+01, 2,0858666667e+01, 1,1373950000e+04
 1500444300, 5,5000000000e+01, 2,5033333333e+01, 1,0000000000e+01, 1,7167833333e+01, 1,0820416667e+04
 1500444600, 5,7833333333e+01, 2,5700000000e+01, 1,1133333333e+01, 1,4763666667e+01, 1,1190616667e+04
 1500444900, 7,9166666667e+01, 4,2666666667e+01, 1,5500000000e+01, 1,1950833333e+01, 1,5251983333e+04
 1500445200, 2,3500000000e+02, 1,8200000000e+02, 3,2000000000e+01, 1,5032900000e+01, 2,2581756667e+04
 1500445500, 1,8220000000e+02, 1,2744000000e+02, 3,3760000000e+01, 1,8569233333e+01, 2,3196803333e+04
 1500445800, 2,1941666667e+02, 1,6373333333e+02, 3,4000000000e+01, 2,0532833333e+01, 2,4281200000e+04
 1500446100, 2,4241666667e+02, 1,8786666667e+02, 3,3033333333e+01, 2,2207133333e+01, 2,4847473333e+04
 1500446400, 2,3508333333e+02, 1,8236666667e+02, 3,1433333333e+01, 2,4052766667e+01, 2,4917973333e+04
 1500446700, 2,0916666667e+02, 1,5700000000e+02, 3,0333333333e+01, 2,4965433333e+01, 2,4989530000e+04
 1500447000, 2,0000000000e+02, 1,4600000000e+02, 3,4000000000e+01, 2,5986366667e+01, 2,5003086667e+04
 1500447300, 2,2200000000e+02, 1,7240000000e+02, 3,2240000000e+01, 2,6283866667e+01, 2,5012980000e+04
 1500447600, 2,3183333333e+02, 1,8010000000e+02, 3,3366666667e+01, 2,6183633333e+01, 2,5022270000e+04
 1500447900, 2,3741666667e+02, 1,8490000000e+02, 3,3033333333e+01, 2,6290933333e+01, 2,5022103333e+04
 1500448200, 2,4280000000e+02, 1,9192000000e+02, 3,1440000000e+01, 2,6828966667e+01, 2,5026010000e+04
 1500448500, 2,4750000000e+02, 1,9916666667e+02, 3,0000000000e+01, 2,6657366667e+01, 2,5038823333e+04
 1500448800, 2,2000000000e+02, 1,6800000000e+02, 3,0000000000e+01, 2,6687266667e+01, 2,5049956667e+04
 1500449100, 2,3766666667e+02, 1,8390000000e+02, 3,3533333333e+01, 2,6524833333e+01, 2,5055866667e+04
 1500449400, 2,3316666667e+02, 1,8190000000e+02, 3,2633333333e+01, 2,6865333333e+01, 2,5057553333e+04
 1500449700, 2,1308333333e+02, 1,6163333333e+02, 3,3933333333e+01, 2,6925266667e+01, 2,5066506667e+04
 1500450000, 1,9780000000e+02, 1,4480000000e+02, 3,4880000000e+01, 2,6642800000e+01, 2,5100773333e+04
 1500450300, 2,0500000000e+02, 1,5250000000e+02, 3,1666666667e+01, 2,6172500000e+01, 2,5102903333e+04
 1500450600, 2,0500000000e+02, 1,5800000000e+02, 2,8000000000e+01, 2,5611200000e+01, 2,5105923333e+04
 1500450900, 2,2260000000e+02, 1,7384000000e+02, 2,9760000000e+01, 2,5734200000e+01, 2,5112123333e+04
 1500451200, 2,4200000000e+02, 1,8824000000e+02, 3,2720000000e+01, 2,6141933333e+01, 2,5128910000e+04
 1500451500, 2,4516666667e+02, 1,9110000000e+02, 3,3033333333e+01, 2,6750900000e+01, 2,5133416667e+04
 1500451800, 2,3716666667e+02, 1,8403333333e+02, 3,3133333333e+01, 2,6964000000e+01, 2,5142950000e+04
 1500452100, 2,3000000000e+02, 1,7384000000e+02, 3,6160000000e+01, 2,7288033333e+01, 2,5175406667e+04
 1500452400, 2,3000000000e+02, 1,7200000000e+02, 3,8000000000e+01, 2,6902300000e+01, 2,5182303333e+04
 1500452700, 2,0800000000e+02, 1,5440000000e+02, 3,4480000000e+01, 2,6799466667e+01, 2,5183550000e+04
 1500453000, 2,0841666667e+02, 1,6020000000e+02, 2,8533333333e+01, 2,6731566667e+01, 2,5182450000e+04
 1500453300, 2,0760000000e+02, 1,5632000000e+02, 2,9840000000e+01, 2,6554366667e+01, 2,5189530000e+04
 1500453600, 2,1340000000e+02, 1,5808000000e+02, 3,3440000000e+01, 2,6779666667e+01, 2,5195326667e+04
 1500453900, 2,3460000000e+02, 1,8320000000e+02, 3,2320000000e+01, 2,6764633333e+01, 2,5198990000e+04
 1500454200, 2,3000000000e+02, 1,7400000000e+02, 3,6000000000e+01, 2,7041100000e+01, 2,5203040000e+04
 1500454500, 2,1233333333e+02, 1,5810000000e+02, 3,4233333333e+01, 2,7050766667e+01, 2,5214546667e+04
 1500454800, 2,2708333333e+02, 1,7240000000e+02, 3,4000000000e+01, 2,6480100000e+01, 2,5241406667e+04
 1500455100, 2,1566666667e+02, 1,6356666667e+02, 3,1100000000e+01, 2,6966500000e+01, 2,5246496667e+04
 1500455400, 2,1180000000e+02, 1,6056000000e+02, 2,9680000000e+01, 2,6747533333e+01, 2,5249686667e+04
 1500455700, 2,5500000000e+02, 1,9355333333e+02, 3,3846666667e+01, 2,7024300000e+01, 2,5266790000e+04
 1500456000, 2,5500000000e+02, 1,4000000000e+02, 3,2000000000e+01, 2,7720266667e+01, 2,5274163333e+04
 1500456300, 2,2408333333e+02, 1,6473333333e+02, 3,3766666667e+01, 2,7093533333e+01, 2,5291783333e+04
 1500456600, 2,3366666667e+02, 1,8303333333e+02, 3,2633333333e+01, 2,6837333333e+01, 2,5318550000e+04
 1500456900, 2,4480000000e+02, 1,9096000000e+02, 3,2960000000e+01, 2,6967433333e+01, 2,5342640000e+04
 1500457200, 2,3340000000e+02, 1,7650666667e+02, 3,4000000000e+01, 2,6591900000e+01, 2,5354793333e+04
 1500457500, 1,9268333333e+02, 1,3722666667e+02, 3,4000000000e+01, 2,6357700000e+01, 2,5359733333e+04
 1500457800, 2,2500000000e+02, 1,5200000000e+02, 3,4000000000e+01, 2,5787966667e+01, 2,5362383333e+04
 1500458100, 2,3383333333e+02, 1,8026666667e+02, 3,4000000000e+01, 2,6031433333e+01, 2,5363880000e+04
 1500458400, 2,3840000000e+02, 1,8400000000e+02, 3,4000000000e+01, 2,6301166667e+01, 2,5366116667e+04
 1500458700, 2,3033333333e+02, 1,7820000000e+02, 3,0133333333e+01, 2,6862966667e+01, 2,5367240000e+04
 1500459000, 2,1860000000e+02, 1,7032000000e+02, 2,6560000000e+01, 2,7122633333e+01, 2,5447403333e+04
 1500459300, 2,1540000000e+02, 1,6616000000e+02, 2,8480000000e+01, 2,6773733333e+01, 2,5460310000e+04
 1500459600, 2,2000000000e+02, 1,6800000000e+02, 3,4000000000e+01, 2,7088066667e+01, 2,5460606667e+04
 1500459900, 2,4200000000e+02, 1,8560000000e+02, 3,4000000000e+01, 2,7162600000e+01, 2,5463653333e+04
 1500460200, 2,4841666667e+02, 1,9346666667e+02, 3,5366666667e+01, 2,7049933333e+01, 2,5465023333e+04
 1500460500, 2,4275000000e+02, 1,9020000000e+02, 3,4066666667e+01, 2,7390700000e+01, 2,5467050000e+04
 1500460800, 2,2520000000e+02, 1,7392000000e+02, 3,2560000000e+01, 2,7482066667e+01, 2,5468440000e+04
 1500461100, 2,0291666667e+02, 1,5100000000e+02, 3,3666666667e+01, 2,7907066667e+01, 2,5471316667e+04
 1500461400, 2,3500000000e+02, 1,8400000000e+02, 3,0000000000e+01, 2,7769033333e+01, 2,5470990000e+04
 1500461700, 2,4820000000e+02, 1,9632000000e+02, 3,1760000000e+01, 2,7561066667e+01, 2,5474680000e+04
 1500462000, 2,4323333333e+02, 1,9123333333e+02, 3,2000000000e+01, 2,7445533333e+01, 2,5476810000e+04
 1500462300, 2,0880000000e+02, 1,5536000000e+02, 3,2000000000e+01, 2,7393300000e+01, 2,5477233333e+04
 1500462600, 1,9341666667e+02, 1,3870000000e+02, 3,2566666667e+01, 2,7383633333e+01, 2,5478560000e+04
 1500462900, 2,4080000000e+02, 1,8200000000e+02, 3,4000000000e+01, 2,7352733333e+01, 2,5480323333e+04
 1500463200, 2,5000000000e+02, 1,3600000000e+02, 3,4000000000e+01, 2,7090166667e+01, 2,5491566667e+04
 1500463500, 2,4558333333e+02, 1,8546666667e+02, 3,4000000000e+01, 2,7362200000e+01, 2,5492756667e+04
 1500463800, 2,0400000000e+02, 1,5100000000e+02, 3,4000000000e+01, 2,6913233333e+01, 2,5493880000e+04
 1500464100, 1,9215000000e+02, 1,3962666667e+02, 3,4000000000e+01, 2,7171600000e+01, 2,5495630000e+04
 1500464400, 1,8866666667e+02, 1,3780000000e+02, 3,2300000000e+01, 2,7480733333e+01, 2,5498440000e+04
 1500464700, 1,6583333333e+02, 1,1750000000e+02, 2,8500000000e+01, 2,7451400000e+01, 2,5498833333e+04
 1500465000, 2,3000000000e+02, 1,7800000000e+02, 3,4000000000e+01, 2,7564166667e+01, 2,5500766667e+04
 1500465300, 2,2116666667e+02, 1,7446666667e+02, 2,6933333333e+01, 2,7459166667e+01, 2,5501883333e+04
 1500465600, 2,0640000000e+02, 1,5632000000e+02, 3,1440000000e+01, 2,7649633333e+01, 2,5528860000e+04
 1500465900, 2,1450000000e+02, 1,6443333333e+02, 3,1100000000e+01, 2,7144666667e+01, 2,5593800000e+04
 1500466200, 2,3141666667e+02, 1,8200000000e+02, 2,9700000000e+01, 2,7027166667e+01, 2,5594596667e+04
 1500466500, 2,3375000000e+02, 1,8133333333e+02, 3,3500000000e+01, 2,6808500000e+01, 2,5598190000e+04
 1500466800, 2,2000000000e+02, 1,7400000000e+02, 2,8000000000e+01, 2,6462400000e+01, 2,5597086667e+04
 1500467100, 1,9791666667e+02, 1,5103333333e+02, 2,6233333333e+01, 2,7067300000e+01, 2,5599236667e+04
 1500467400, 2,1880000000e+02, 1,7112000000e+02, 2,7360000000e+01, 2,6793033333e+01, 2,5604350000e+04
 1500467700, 2,0100000000e+02, 1,5203333333e+02, 2,8966666667e+01, 2,6789100000e+01, 2,5605670000e+04
 1500468000, 1,8841666667e+02, 1,3926666667e+02, 2,9433333333e+01, 2,6334366667e+01, 2,5611870000e+04
 1500468300, 2,3220000000e+02, 1,8464000000e+02, 2,8640000000e+01, 2,6562300000e+01, 2,5614963333e+04
 1500468600, 2,0000000000e+02, 1,4600000000e+02, 3,6000000000e+01, 2,6802100000e+01, 2,5615513333e+04
 1500468900, 2,2208333333e+02, 1,7603333333e+02, 2,8933333333e+01, 2,6345933333e+01, 2,5616446667e+04
 1500469200, 2,3860000000e+02, 1,4192000000e+02, 3,2080000000e+01, 2,6492266667e+01, 2,5705643333e+04
 1500469500, 2,3291666667e+02, 1,4913333333e+02, 3,1100000000e+01, 2,6251366667e+01, 2,5717433333e+04
 1500469800, 2,2420000000e+02, 1,7936000000e+02, 2,8000000000e+01, 2,6424833333e+01, 2,5719276667e+04
 1500470100, 2,3380000000e+02, 1,8688000000e+02, 2,8000000000e+01, 2,6575433333e+01, 2,5720160000e+04
 1500470400, 2,2000000000e+02, 1,7400000000e+02, 2,8000000000e+01, 2,6631600000e+01, 2,5720443333e+04
 1500470700, 2,3325000000e+02, 1,8813333333e+02, 2,8000000000e+01, 2,6611766667e+01, 2,5719040000e+04
 1500471000, 2,2480000000e+02, 1,7640000000e+02, 2,8000000000e+01, 2,6686733333e+01, 2,5719846667e+04
 1500471300, 2,2725000000e+02, 1,7966666667e+02, 2,8000000000e+01, 2,6835200000e+01, 2,5718693333e+04
 1500471600, 2,3220000000e+02, 1,8608000000e+02, 2,8000000000e+01, 2,6874200000e+01, 2,5720153333e+04
 1500471900, 2,2583333333e+02, 1,7716666667e+02, 2,8000000000e+01, 2,6744266667e+01, 2,5718320000e+04
 1500472200, 2,3500000000e+02, 1,9000000000e+02, 2,8000000000e+01, 2,6736666667e+01, 2,5718166667e+04
 1500472500, 2,3500000000e+02, 1,9000000000e+02, 2,8000000000e+01, 2,6824666667e+01, 2,5721133333e+04
 1500472800, 2,3500000000e+02, 1,8726666667e+02, 2,8000000000e+01, 2,6866300000e+01, 2,5723476667e+04
 1500473100, 2,3741666667e+02, 1,8890000000e+02, 2,8000000000e+01, 2,6958266667e+01, 2,5723430000e+04
 1500473400, 2,3575000000e+02, 1,8803333333e+02, 2,8000000000e+01, 2,6883233333e+01, 2,5724383333e+04
 1500473700, 2,2500000000e+02, 1,7783333333e+02, 2,8000000000e+01, 2,6894666667e+01, 2,5723410000e+04
 1500474000, 2,2500000000e+02, 1,7600000000e+02, 2,8000000000e+01, 2,7089433333e+01, 2,5723710000e+04
 1500474300, 2,2500000000e+02, 1,8130000000e+02, 2,8000000000e+01, 2,7181000000e+01, 2,5725096667e+04
 1500474600, 2,3180000000e+02, 1,8472000000e+02, 2,8000000000e+01, 2,7220133333e+01, 2,5723403333e+04
 1500474900, 2,3016666667e+02, 1,8213333333e+02, 2,7033333333e+01, 2,7207766667e+01, 2,5722170000e+04
 1500475200, 2,2641666667e+02, 1,7970000000e+02, 2,6566666667e+01, 2,7060666667e+01, 2,5724113333e+04
 1500475500, 2,2840000000e+02, 1,8256000000e+02, 2,7840000000e+01, 2,7036566667e+01, 2,5723596667e+04
 1500475800, 2,1000000000e+02, 1,6600000000e+02, 2,6000000000e+01, 2,7051400000e+01, 2,5722596667e+04
 1500476100, 2,2766666667e+02, 1,8366666667e+02, 2,7766666667e+01, 2,7094266667e+01, 2,5724220000e+04
 1500476400, 2,2658333333e+02, 1,8053333333e+02, 2,8000000000e+01, 2,7040533333e+01, 2,5724370000e+04
 1500476700, 2,2983333333e+02, 1,8380000000e+02, 2,8000000000e+01, 2,6979566667e+01, 2,5724710000e+04
 1500477000, 2,3220000000e+02, 1,8664000000e+02, 2,8000000000e+01, 2,6909800000e+01, 2,5724753333e+04
 1500477300, 2,2583333333e+02, 1,7900000000e+02, 2,8000000000e+01, 2,6922733333e+01, 2,5724720000e+04
 1500477600, 2,3500000000e+02, 1,9000000000e+02, 2,8000000000e+01, 2,6944033333e+01, 2,5725196667e+04
 1500477900, 2,2616666667e+02, 1,7940000000e+02, 2,8000000000e+01, 2,6964200000e+01, 2,5723800000e+04
 1500478200, 2,3183333333e+02, 1,8346666667e+02, 2,8000000000e+01, 2,6964133333e+01, 2,5724280000e+04
 1500478500, 2,3016666667e+02, 1,8116666667e+02, 2,8000000000e+01, 2,7028266667e+01, 2,5724513333e+04
 1500478800, 2,2500000000e+02, 1,7713333333e+02, 2,7433333333e+01, 2,7138666667e+01, 2,5724283333e+04
 1500479100, 2,2541666667e+02, 1,8033333333e+02, 2,6166666667e+01, 2,7067166667e+01, 2,5724730000e+04
 1500479400, 2,3000000000e+02, 1,8400000000e+02, 2,8000000000e+01, 2,7196300000e+01, 2,5738413333e+04
 1500479700, 2,2558333333e+02, 1,7870000000e+02, 2,8000000000e+01, 2,7325100000e+01, 2,5736450000e+04
 1500480000, 2,3183333333e+02, 1,8620000000e+02, 2,8000000000e+01, 2,7405666667e+01, 2,5737516667e+04
 1500480300, 2,3020000000e+02, 1,8424000000e+02, 2,8000000000e+01, 2,7797833333e+01, 2,5736553333e+04
 1500480600, 2,2783333333e+02, 1,8140000000e+02, 2,8000000000e+01, 2,7943500000e+01, 2,5735953333e+04
 1500480900, 2,3460000000e+02, 1,8936000000e+02, 2,8000000000e+01, 2,8140566667e+01, 2,5734313333e+04
 1500481200, 2,3000000000e+02, 1,8200000000e+02, 2,8000000000e+01, 2,8103133333e+01, 2,5733600000e+04
 1500481500, 2,2558333333e+02, 1,7846666667e+02, 2,6233333333e+01, 2,8109666667e+01, 2,5734320000e+04
 1500481800, 2,3180000000e+02, 1,8616000000e+02, 2,7360000000e+01, 2,8039633333e+01, 2,5734483333e+04
 1500482100, 2,3016666667e+02, 1,8420000000e+02, 2,8000000000e+01, 2,8097266667e+01, 2,5735873333e+04
 1500482400, 2,2920000000e+02, 1,8192000000e+02, 2,8000000000e+01, 2,7968900000e+01, 2,5736066667e+04
 1500482700, 2,3875000000e+02, 1,9100000000e+02, 2,8000000000e+01, 2,7861033333e+01, 2,5736283333e+04
 1500483000, 2,2500000000e+02, 1,8000000000e+02, 2,8000000000e+01, 2,7959300000e+01, 2,5735833333e+04
 1500483300, 2,3380000000e+02, 1,8880000000e+02, 2,8000000000e+01, 2,8014266667e+01, 2,5735520000e+04
 1500483600, 2,2820000000e+02, 1,8184000000e+02, 2,8000000000e+01, 2,7017400000e+01, 2,5736473333e+04
 1500483900, 2,3225000000e+02, 1,8090000000e+02, 3,1866666667e+01, 2,5082133333e+01, 2,5738436667e+04
 1500484200, 2,3291666667e+02, 1,7890000000e+02, 3,4300000000e+01, 2,5971200000e+01, 2,5739086667e+04
 1500484500, 2,1666666667e+02, 1,6633333333e+02, 3,0000000000e+01, 2,6510600000e+01, 2,5740656667e+04
 1500484800, 2,3500000000e+02, 1,7000000000e+02, 3,0000000000e+01, 2,7005666667e+01, 2,5741050000e+04
 1500485100, 2,4383333333e+02, 1,8943333333e+02, 3,5300000000e+01, 2,7213066667e+01, 2,5743313333e+04
 1500485400, 2,5180000000e+02, 1,9472000000e+02, 3,7360000000e+01, 2,7364633333e+01, 2,5745663333e+04
 1500485700, 2,5016666667e+02, 1,9310000000e+02, 3,5100000000e+01, 2,7955733333e+01, 2,5746226667e+04
 1500486000, 2,4220000000e+02, 1,8944000000e+02, 3,0880000000e+01, 2,8097933333e+01, 2,5743400000e+04
 1500486300, 2,3500000000e+02, 1,8800000000e+02, 2,8160000000e+01, 2,8219833333e+01, 2,5748440000e+04
 1500486600, 2,3500000000e+02, 1,8800000000e+02, 3,0000000000e+01, 2,8264233333e+01, 2,5750190000e+04
 1500486900, 2,3500000000e+02, 1,8624666667e+02, 3,1753333333e+01, 2,8085800000e+01, 2,5740896667e+04
 1500487200, 2,4853333333e+02, 1,9547333333e+02, 3,4706666667e+01, 2,8318733333e+01, 2,5746330000e+04
 1500487500, 1,9216666667e+02, 1,4006666667e+02, 3,3100000000e+01, 2,8208500000e+01, 2,5751720000e+04
 1500487800, 1,5440000000e+02, 1,0344000000e+02, 3,1120000000e+01, 2,8421200000e+01, 2,5754606667e+04
 1500488100, 2,2583333333e+02, 1,7016666667e+02, 3,3833333333e+01, 2,8747166667e+01, 2,5756020000e+04
 1500488400, 1,8000000000e+02, 1,2800000000e+02, 3,2000000000e+01, 2,8251566667e+01, 2,5753376667e+04
 1500488700, 2,3741666667e+02, 1,8453333333e+02, 3,3766666667e+01, 2,8042000000e+01, 2,5758083333e+04
 1500489000, 2,0420000000e+02, 1,5256000000e+02, 3,4000000000e+01, 2,7702366667e+01, 2,5795066667e+04
 1500489300, 2,1158333333e+02, 1,6106666667e+02, 3,3033333333e+01, 2,7831066667e+01, 2,5800763333e+04
 1500489600, 2,2320000000e+02, 1,7208000000e+02, 3,2560000000e+01, 2,7934333333e+01, 2,5804840000e+04
 1500489900, 1,8560000000e+02, 1,3128000000e+02, 3,4160000000e+01, 2,7968500000e+01, 2,5804680000e+04
 1500490200, 2,5000000000e+02, 1,9200000000e+02, 3,6000000000e+01, 2,8414666667e+01, 2,5804483333e+04
 1500490500, 2,4116666667e+02, 1,8846666667e+02, 3,2466666667e+01, 2,7683166667e+01, 2,5799636667e+04
 1500490800, 2,4000000000e+02, 1,8663333333e+02, 3,2000000000e+01, 2,7251900000e+01, 2,5801746667e+04
 1500491100, 2,3516666667e+02, 1,8116666667e+02, 3,3933333333e+01, 2,6653666667e+01, 2,5804056667e+04
 1500491400, 2,2575000000e+02, 1,7373333333e+02, 3,4300000000e+01, 2,6444500000e+01, 2,5806250000e+04
 1500491700, 2,1666666667e+02, 1,6916666667e+02, 3,0333333333e+01, 2,6481800000e+01, 2,5809560000e+04
 1500492000, 2,3500000000e+02, 1,8200000000e+02, 3,4000000000e+01, 2,6021500000e+01, 2,5810040000e+04
 1500492300, 2,3500000000e+02, 1,8376666667e+02, 3,0466666667e+01, 2,6213333333e+01, 2,5811313333e+04
 1500492600, 2,4860000000e+02, 1,9216000000e+02, 3,5440000000e+01, 2,6420366667e+01, 2,5812450000e+04
 1500492900, 2,3820000000e+02, 1,8064000000e+02, 3,6080000000e+01, 2,6515133333e+01, 2,5816050000e+04
 1500493200, 2,2708333333e+02, 1,7193333333e+02, 3,4000000000e+01, 2,6767566667e+01, 2,5817246667e+04
 1500493500, 2,4125000000e+02, 1,8850000000e+02, 3,3833333333e+01, 2,6348833333e+01, 2,5818916667e+04
 1500493800, 2,0000000000e+02, 1,5000000000e+02, 3,2000000000e+01, 2,6564100000e+01, 2,5820383333e+04
 1500494100, 2,1766666667e+02, 1,6766666667e+02, 3,2000000000e+01, 2,6455633333e+01, 2,5818816667e+04
 1500494400, 2,3366666667e+02, 1,7956666667e+02, 3,3366666667e+01, 2,7121333333e+01, 2,5818166667e+04
 1500494700, 2,3516666667e+02, 1,8110000000e+02, 3,3033333333e+01, 2,7075800000e+01, 2,5819993333e+04
 1500495000, 2,3141666667e+02, 1,7913333333e+02, 3,2566666667e+01, 2,6328333333e+01, 2,5822000000e+04
 1500495300, 2,2500000000e+02, 1,7283333333e+02, 3,3500000000e+01, 2,6365433333e+01, 2,5823443333e+04
 1500495600, 1,1500000000e+02, 7,2000000000e+01, 2,8000000000e+01, 2,5936566667e+01, 2,5822800000e+04
 1500495900, 2,3773333333e+02, 1,8421333333e+02, 3,3260000000e+01, 2,6509166667e+01, 2,5825543333e+04
 1500496200, 2,4480000000e+02, 1,9456000000e+02, 3,1280000000e+01, 2,6259133333e+01, 2,5828246667e+04
 1500496500, 2,3758333333e+02, 1,9103333333e+02, 2,9033333333e+01, 2,6456566667e+01, 2,5829000000e+04
 1500496800, 2,3223333333e+02, 1,8723333333e+02, 2,8000000000e+01, 2,6545466667e+01, 2,5836283333e+04
 1500497100, 2,2583333333e+02, 1,8050000000e+02, 2,8333333333e+01, 2,6522866667e+01, 2,5843920000e+04
 1500497400, 2,3500000000e+02, 1,8600000000e+02, 3,2000000000e+01, 2,6638500000e+01, 2,5846283333e+04
 1500497700, 2,3500000000e+02, 1,8600000000e+02, 3,0233333333e+01, 2,6689166667e+01, 2,5847046667e+04
 1500498000, 2,2475000000e+02, 1,7370000000e+02, 3,2733333333e+01, 2,6894000000e+01, 2,5850216667e+04
 1500498300, 2,2000000000e+02, 1,6896000000e+02, 3,3040000000e+01, 2,6108866667e+01, 2,5852160000e+04
 1500498600, 2,2141666667e+02, 1,7000000000e+02, 3,2566666667e+01, 2,5860500000e+01, 2,5855150000e+04
 1500498900, 2,2333333333e+02, 1,6850000000e+02, 3,4000000000e+01, 2,6149000000e+01, 2,5854216667e+04
 1500499200, 2,0500000000e+02, 1,5200000000e+02, 3,4000000000e+01, 2,6292166667e+01, 2,5856450000e+04
 1500499500, 2,3150000000e+02, 1,8380000000e+02, 3,0466666667e+01, 2,6346433333e+01, 2,5857400000e+04
 1500499800, 2,3500000000e+02, 1,8526666667e+02, 3,1366666667e+01, 2,6272166667e+01, 2,5859336667e+04
 1500500100, 2,1083333333e+02, 1,5790000000e+02, 3,2966666667e+01, 2,6329666667e+01, 2,5861366667e+04
 1500500400, 1,8780000000e+02, 1,3280000000e+02, 3,4000000000e+01, 2,6424066667e+01, 2,5859723333e+04
 1500500700, 1,9580000000e+02, 1,4096000000e+02, 3,4000000000e+01, 2,6523266667e+01, 2,5860483333e+04
 1500501000, 2,0500000000e+02, 1,5200000000e+02, 3,4000000000e+01, 2,5945500000e+01, 2,5868800000e+04
 1500501300, 1,8746666667e+02, 1,3271333333e+02, 3,5753333333e+01, 2,6304533333e+01, 2,5873863333e+04
 1500501600, 2,1916666667e+02, 1,3410000000e+02, 3,0533333333e+01, 2,6720800000e+01, 2,5877673333e+04
 1500501900, 2,2775000000e+02, 1,5243333333e+02, 2,8966666667e+01, 2,6016966667e+01, 2,5875216667e+04
 1500502200, 2,2141666667e+02, 1,7113333333e+02, 3,0000000000e+01, 2,6324800000e+01, 2,5874680000e+04
 1500502500, 2,2500000000e+02, 1,7416666667e+02, 3,0000000000e+01, 2,5925433333e+01, 2,5877240000e+04
 1500502800, 2,2500000000e+02, 1,7600000000e+02, 3,0000000000e+01, 2,6392066667e+01, 2,5880083333e+04
 1500503100, 2,3380000000e+02, 1,8304000000e+02, 3,0000000000e+01, 2,5775033333e+01, 2,5882193333e+04
 1500503400, 2,1791666667e+02, 1,7033333333e+02, 3,0000000000e+01, 2,6222066667e+01, 2,5884310000e+04
 1500503700, 2,2208333333e+02, 1,7560000000e+02, 2,9033333333e+01, 2,5926833333e+01, 2,5886216667e+04
 1500504000, 2,3216666667e+02, 1,8460000000e+02, 2,9133333333e+01, 2,5811300000e+01, 2,5888170000e+04
 1500504300, 2,1625000000e+02, 1,6733333333e+02, 3,1666666667e+01, 2,6369633333e+01, 2,5888953333e+04
 1500504600, 1,2000000000e+02, 7,2000000000e+01, 2,8000000000e+01, 2,6145166667e+01, 2,5888963333e+04
 1500504900, 2,2560000000e+02, 1,7760000000e+02, 2,8000000000e+01, 2,6469233333e+01, 2,5892783333e+04
 1500505200, 2,0925000000e+02, 1,6056666667e+02, 2,8000000000e+01, 2,6429200000e+01, 2,5894233333e+04
 1500505500, 2,0950000000e+02, 1,5760000000e+02, 3,0900000000e+01, 2,6650966667e+01, 2,5896026667e+04
 1500505800, 2,1366666667e+02, 1,5923333333e+02, 3,4000000000e+01, 2,6299066667e+01, 2,5897870000e+04
 1500506100, 1,8916666667e+02, 1,3616666667e+02, 3,3833333333e+01, 2,6475666667e+01, 2,5898250000e+04
 1500506400, 2,3500000000e+02, 1,8200000000e+02, 3,2000000000e+01, 2,6322166667e+01, 2,5900196667e+04
 1500506700, 2,3058333333e+02, 1,8376666667e+02, 2,8466666667e+01, 2,5764233333e+01, 2,5900843333e+04
 1500507000, 2,0620000000e+02, 1,6224000000e+02, 2,8000000000e+01, 2,5605200000e+01, 2,5899850000e+04
 1500507300, 2,0950000000e+02, 1,6553333333e+02, 2,8000000000e+01, 2,5550366667e+01, 2,5900193333e+04
 1500507600, 2,2075000000e+02, 1,7603333333e+02, 2,8000000000e+01, 2,5381366667e+01, 2,5899430000e+04
 1500507900, 2,0958333333e+02, 1,6533333333e+02, 2,8000000000e+01, 2,5361900000e+01, 2,5899513333e+04
 1500508200, 2,0500000000e+02, 1,5800000000e+02, 2,8000000000e+01, 2,5309966667e+01, 2,5899680000e+04
 1500508500, 2,2266666667e+02, 1,7390000000e+02, 2,8000000000e+01, 2,5187533333e+01, 2,5899600000e+04
 1500508800, 2,1475000000e+02, 1,6780000000e+02, 2,8000000000e+01, 2,5297733333e+01, 2,5899876667e+04
 1500509100, 2,1725000000e+02, 1,7076666667e+02, 2,7033333333e+01, 2,5164733333e+01, 2,5901000000e+04
 1500509400, 2,2641666667e+02, 1,7913333333e+02, 2,6566666667e+01, 2,5192733333e+01, 2,5900770000e+04
 1500509700, 2,2666666667e+02, 1,7866666667e+02, 2,8000000000e+01, 2,5211933333e+01, 2,5902323333e+04
 1500510000, 1,9000000000e+02, 1,4200000000e+02, 2,8000000000e+01, 2,5015833333e+01, 2,5901083333e+04
 1500510300, 2,1640000000e+02, 1,7016000000e+02, 2,8000000000e+01, 2,5134400000e+01, 2,5901516667e+04
 1500510600, 2,2683333333e+02, 1,8083333333e+02, 2,8000000000e+01, 2,5037100000e+01, 2,5901573333e+04
 1500510900, 2,2033333333e+02, 1,7530000000e+02, 2,8000000000e+01, 2,4967100000e+01, 2,5901886667e+04
 1500511200, 2,1425000000e+02, 1,6996666667e+02, 2,8000000000e+01, 2,5147533333e+01, 2,5901876667e+04
 1500511500, 2,2340000000e+02, 1,7840000000e+02, 2,7840000000e+01, 2,4988400000e+01, 2,5901970000e+04
 1500511800, 2,0500000000e+02, 1,6000000000e+02, 2,6000000000e+01, 2,5056033333e+01, 2,5901960000e+04
 1500512100, 2,0940000000e+02, 1,6176000000e+02, 2,7760000000e+01, 2,5132300000e+01, 2,5902610000e+04
 1500512400, 2,2025000000e+02, 1,7430000000e+02, 2,8000000000e+01, 2,5072233333e+01, 2,5903810000e+04
 1500512700, 2,1533333333e+02, 1,6840000000e+02, 2,8000000000e+01, 2,5069466667e+01, 2,5903110000e+04
 1500513000, 2,1060000000e+02, 1,6216000000e+02, 2,8000000000e+01, 2,5021266667e+01, 2,5903560000e+04
 1500513300, 2,2541666667e+02, 1,7850000000e+02, 2,7833333333e+01, 2,4994000000e+01, 2,5904366667e+04
 1500513600, 2,3000000000e+02, 1,8400000000e+02, 2,6000000000e+01, 2,5126566667e+01, 2,5904826667e+04
 1500513900, 2,0791666667e+02, 1,6280000000e+02, 2,7766666667e+01, 2,5012733333e+01, 2,5905003333e+04
 1500514200, 2,1866666667e+02, 1,7366666667e+02, 2,8000000000e+01, 2,5086833333e+01, 2,5905393333e+04
 1500514500, 2,2016666667e+02, 1,7420000000e+02, 2,8000000000e+01, 2,5119166667e+01, 2,5905600000e+04
 1500514800, 2,1075000000e+02, 1,6403333333e+02, 2,8000000000e+01, 2,4998400000e+01, 2,5905400000e+04
 1500515100, 2,0166666667e+02, 1,5566666667e+02, 2,8000000000e+01, 2,5108033333e+01, 2,5904486667e+04
 1500515400, 2,2000000000e+02, 1,7400000000e+02, 2,8000000000e+01, 2,4971300000e+01, 2,5905446667e+04
 1500515700, 2,1116666667e+02, 1,6516666667e+02, 2,8000000000e+01, 2,4973266667e+01, 2,5907246667e+04
 1500516000, 2,2025000000e+02, 1,7356666667e+02, 2,8000000000e+01, 2,5028833333e+01, 2,5906116667e+04
 1500516300, 2,2980000000e+02, 1,8184000000e+02, 2,8000000000e+01, 2,4881833333e+01, 2,5905803333e+04
 1500516600, 2,2225000000e+02, 1,7410000000e+02, 2,8000000000e+01, 2,5007100000e+01, 2,5906563333e+04
 1500516900, 1,9250000000e+02, 1,4633333333e+02, 2,8000000000e+01, 2,5021266667e+01, 2,5907973333e+04
 1500517200, 2,2000000000e+02, 1,7200000000e+02, 2,8000000000e+01, 2,5045400000e+01, 2,5906503333e+04
 1500517500, 2,2883333333e+02, 1,8436666667e+02, 2,8000000000e+01, 2,5176833333e+01, 2,5906850000e+04
 1500517800, 2,1633333333e+02, 1,7096666667e+02, 2,6633333333e+01, 2,5068633333e+01, 2,5906796667e+04
 1500518100, 2,1725000000e+02, 1,6980000000e+02, 2,6966666667e+01, 2,5129666667e+01, 2,5908083333e+04
 1500518400, 2,1933333333e+02, 1,7146666667e+02, 2,8000000000e+01, 2,5136866667e+01, 2,5908213333e+04
 1500518700, 2,0541666667e+02, 1,6050000000e+02, 2,8000000000e+01, 2,5083966667e+01, 2,5908880000e+04
 1500519000, 2,1000000000e+02, 1,6600000000e+02, 2,8000000000e+01, 2,5105800000e+01, 2,5908086667e+04
 1500519300, 2,2766666667e+02, 1,8190000000e+02, 2,8000000000e+01, 2,5076400000e+01, 2,5907943333e+04
 1500519600, 2,1300000000e+02, 1,6768000000e+02, 2,8000000000e+01, 2,4975600000e+01, 2,5910526667e+04
 1500519900, 2,1220000000e+02, 1,6576000000e+02, 2,8000000000e+01, 2,4982733333e+01, 2,5910400000e+04
 1500520200, 2,2283333333e+02, 1,7483333333e+02, 2,8000000000e+01, 2,4918366667e+01, 2,5909836667e+04
 1500520500, 2,2791666667e+02, 1,8000000000e+02, 2,8000000000e+01, 2,4883566667e+01, 2,5891580000e+04
 1500520800, 2,0500000000e+02, 1,5800000000e+02, 2,8000000000e+01, 2,4912066667e+01, 2,5876820000e+04
 1500521100, 2,2266666667e+02, 1,7566666667e+02, 2,8000000000e+01, 2,4787000000e+01, 2,5862036667e+04
 1500521400, 2,1480000000e+02, 1,6984000000e+02, 2,6640000000e+01, 2,4819500000e+01, 2,5857290000e+04
 1500521700, 2,0520000000e+02, 1,6024000000e+02, 2,6960000000e+01, 2,4858800000e+01, 2,5856393333e+04
 1500522000, 2,1275000000e+02, 1,6363333333e+02, 3,0833333333e+01, 2,4964500000e+01, 2,5896116667e+04
 1500522300, 2,4458333333e+02, 1,8833333333e+02, 3,7333333333e+01, 2,6052566667e+01, 2,5907893333e+04
 1500522600, 2,4000000000e+02, 1,9200000000e+02, 3,0000000000e+01, 2,6822566667e+01, 2,5910636667e+04
 1500522900, 1,3400000000e+02, 8,7766666667e+01, 3,0000000000e+01, 2,6398933333e+01, 2,5931406667e+04
 1500523200, 1,9858333333e+02, 1,5463333333e+02, 3,2733333333e+01, 2,6455233333e+01, 2,5934393333e+04
 1500523500, 2,4220000000e+02, 1,9680000000e+02, 3,2080000000e+01, 2,6630633333e+01, 2,5934246667e+04
 1500523800, 2,4575000000e+02, 1,9576666667e+02, 3,2266666667e+01, 2,6718833333e+01, 2,5936276667e+04
 1500524100, 2,3541666667e+02, 1,8083333333e+02, 3,7166666667e+01, 2,7102633333e+01, 2,5938823333e+04
 1500524400, 2,4000000000e+02, 1,9000000000e+02, 2,8000000000e+01, 2,7108866667e+01, 2,5940313333e+04
 1500524700, 2,3116666667e+02, 1,9176666667e+02, 3,3300000000e+01, 2,6981333333e+01, 2,5941083333e+04
 1500525000, 2,4366666667e+02, 1,9063333333e+02, 3,8100000000e+01, 2,6931900000e+01, 2,5941306667e+04
 1500525300, 2,4280000000e+02, 1,8328000000e+02, 3,9040000000e+01, 2,6969100000e+01, 2,5943356667e+04
 1500525600, 2,3783333333e+02, 1,7940000000e+02, 3,6866666667e+01, 2,6989533333e+01, 2,5945876667e+04
 1500525900, 2,4458333333e+02, 1,8783333333e+02, 3,4000000000e+01, 2,7385333333e+01, 2,5946966667e+04
 1500526200, 2,4000000000e+02, 1,8600000000e+02, 3,4000000000e+01, 2,7189800000e+01, 2,5947553333e+04
 1500526500, 2,4883333333e+02, 1,9130000000e+02, 3,5766666667e+01, 2,6866766667e+01, 2,5950563333e+04
 1500526800, 2,4658333333e+02, 1,9200000000e+02, 3,4633333333e+01, 2,7050966667e+01, 2,5952376667e+04
 1500527100, 2,4016666667e+02, 1,8620000000e+02, 3,5933333333e+01, 2,7308300000e+01, 2,5953356667e+04
 1500527400, 2,3500000000e+02, 1,8170000000e+02, 3,6300000000e+01, 2,6941900000e+01, 2,5954373333e+04
 1500527700, 2,3583333333e+02, 1,8633333333e+02, 3,2333333333e+01, 2,7005766667e+01, 2,5955550000e+04
 1500528000, 2,4500000000e+02, 1,9000000000e+02, 3,6000000000e+01, 2,7270600000e+01, 2,5957003333e+04
 1500528300, 1,9641666667e+02, 1,4760000000e+02, 3,0700000000e+01, 2,7171700000e+01, 2,5958963333e+04
 1500528600, 1,8320000000e+02, 1,3248000000e+02, 3,2720000000e+01, 2,7215600000e+01, 2,5959306667e+04
 1500528900, 2,1383333333e+02, 1,5796666667e+02, 3,5933333333e+01, 2,7143200000e+01, 2,5960746667e+04
 1500529200, 2,3300000000e+02, 1,7470000000e+02, 3,6866666667e+01, 2,6393500000e+01, 2,5962533333e+04
 1500529500, 1,8920000000e+02, 1,3584000000e+02, 3,3520000000e+01, 2,6276833333e+01, 2,5964400000e+04
 1500529800, 1,8000000000e+02, 1,3400000000e+02, 2,8000000000e+01, 2,6637566667e+01, 2,5964290000e+04
 1500530100, 2,3720000000e+02, 1,8328000000e+02, 3,6800000000e+01, 2,6803133333e+01, 2,5966170000e+04
 1500530400, 2,4158333333e+02, 1,9000000000e+02, 3,5266666667e+01, 2,7498200000e+01, 2,5967493333e+04
 1500530700, 2,4000000000e+02, 1,8806666667e+02, 3,4966666667e+01, 2,7299666667e+01, 2,5968886667e+04
 1500531000, 2,4141666667e+02, 1,8770000000e+02, 3,5433333333e+01, 2,6690266667e+01, 2,5969326667e+04
 1500531300, 2,4458333333e+02, 1,9150000000e+02, 3,4166666667e+01, 2,6694933333e+01, 2,5969923333e+04
 1500531600, 2,4000000000e+02, 1,8600000000e+02, 3,6000000000e+01, 2,7151800000e+01, 2,5973903333e+04
 1500531900, 2,2680000000e+02, 1,8072000000e+02, 2,8960000000e+01, 2,6374833333e+01, 2,5992433333e+04
 1500532200, 2,3866666667e+02, 1,7180000000e+02, 3,3466666667e+01, 2,6766633333e+01, 2,5993403333e+04
 1500532500, 2,1841666667e+02, 1,5736666667e+02, 3,2133333333e+01, 2,7236833333e+01, 2,5995933333e+04
 1500532800, 2,0680000000e+02, 1,5944000000e+02, 3,0800000000e+01, 2,7438766667e+01, 2,5995870000e+04
 1500533100, 2,4846666667e+02, 1,9277333333e+02, 3,7693333333e+01, 2,8098266667e+01, 2,5997650000e+04
 1500533400, 2,3000000000e+02, 1,7800000000e+02, 3,4000000000e+01, 2,7996400000e+01, 2,5999020000e+04
 1500533700, 1,9908333333e+02, 1,5326666667e+02, 2,8700000000e+01, 2,7636966667e+01, 2,6001046667e+04
 1500534000, 2,1208333333e+02, 1,6230000000e+02, 3,2100000000e+01, 2,7366666667e+01, 2,6002340000e+04
 1500534300, 2,3208333333e+02, 1,8056666667e+02, 3,3033333333e+01, 2,6963900000e+01, 2,6004156667e+04
 1500534600, 2,3508333333e+02, 1,8323333333e+02, 3,2000000000e+01, 2,6896700000e+01, 2,6004956667e+04
 1500534900, 2,1083333333e+02, 1,5883333333e+02, 3,2000000000e+01, 2,7043500000e+01, 2,6007166667e+04
 1500535200, 2,2000000000e+02, 1,9000000000e+02, 3,2000000000e+01, 2,6926733333e+01, 2,6009150000e+04
 1500535500, 2,0233333333e+02, 1,5466666667e+02, 3,3766666667e+01, 2,7084666667e+01, 2,6010050000e+04
 1500535800, 2,2380000000e+02, 1,7584000000e+02, 2,9920000000e+01, 2,7106966667e+01, 2,6010923333e+04
 1500536100, 2,4466666667e+02, 1,9090000000e+02, 3,0900000000e+01, 2,6875000000e+01, 2,6011600000e+04
 1500536400, 2,5216666667e+02, 1,9343333333e+02, 3,4000000000e+01, 2,7304566667e+01, 2,6013610000e+04
 1500536700, 2,4333333333e+02, 1,9033333333e+02, 3,3833333333e+01, 2,7560633333e+01, 2,6015406667e+04
 1500537000, 2,2500000000e+02, 1,7200000000e+02, 3,2000000000e+01, 2,7520200000e+01, 2,6017483333e+04
 1500537300, 2,2500000000e+02, 1,7730000000e+02, 2,8466666667e+01, 2,7755100000e+01, 2,6018043333e+04
 1500537600, 2,3183333333e+02, 1,8346666667e+02, 3,0733333333e+01, 2,7422133333e+01, 2,6022290000e+04
 1500537900, 2,2050000000e+02, 1,7246666667e+02, 3,0066666667e+01, 2,7694366667e+01, 2,6023790000e+04
 1500538200, 2,1208333333e+02, 1,6423333333e+02, 2,9133333333e+01, 2,7851866667e+01, 2,6023966667e+04
 1500538500, 2,3041666667e+02, 1,8016666667e+02, 3,2166666667e+01, 2,7659866667e+01, 2,6026043333e+04
 1500538800, 2,3500000000e+02, 1,8200000000e+02, 3,4000000000e+01, 2,7966400000e+01, 2,6026753333e+04
 1500539100, 2,5260000000e+02, 1,9784000000e+02, 3,7520000000e+01, 2,7844866667e+01, 2,6032360000e+04
 1500539400, 2,1760000000e+02, 1,6328000000e+02, 3,5280000000e+01, 2,7251100000e+01, 2,6033440000e+04
 1500539700, 2,2640000000e+02, 1,7192000000e+02, 3,4000000000e+01, 2,7476400000e+01, 2,6034560000e+04
 1500540000, 2,4520000000e+02, 1,9048000000e+02, 3,4560000000e+01, 2,7335800000e+01, 2,6037120000e+04
 1500540300, 2,2041666667e+02, 1,6716666667e+02, 3,5166666667e+01, 2,7301966667e+01, 2,6038540000e+04
 1500540600, 2,2500000000e+02, 1,8000000000e+02, 2,6000000000e+01, 2,7326133333e+01, 2,6041253333e+04
 1500540900, 1,2783333333e+02, 8,4600000000e+01, 2,6000000000e+01, 2,6595166667e+01, 2,6043200000e+04
 1500541200, 2,1020000000e+02, 1,5768000000e+02, 3,4160000000e+01, 2,6918633333e+01, 2,6044363333e+04
 1500541500, 2,4775000000e+02, 1,9413333333e+02, 3,6066666667e+01, 2,6664266667e+01, 2,6045290000e+04
 1500541800, 2,4283333333e+02, 1,9056666667e+02, 3,4566666667e+01, 2,6690800000e+01, 2,6046573333e+04
 1500542100, 2,4791666667e+02, 1,9066666667e+02, 3,5333333333e+01, 2,7060166667e+01, 2,6049056667e+04
 1500542400, 2,2500000000e+02, 1,7600000000e+02, 2,8000000000e+01, 2,6844500000e+01, 2,6051413333e+04
 1500542700, 2,1616666667e+02, 1,6893333333e+02, 2,6233333333e+01, 2,6691666667e+01, 2,6056233333e+04
 1500543000, 2,3200000000e+02, 1,8296000000e+02, 3,0080000000e+01, 2,6468233333e+01, 2,6058990000e+04
 1500543300, 2,2308333333e+02, 1,7356666667e+02, 3,0066666667e+01, 2,6048566667e+01, 2,6059736667e+04
 1500543600, 2,1491666667e+02, 1,6450000000e+02, 2,9700000000e+01, 2,6126000000e+01, 2,6060356667e+04
 1500543900, 2,4120000000e+02, 1,8696000000e+02, 3,4000000000e+01, 2,6392833333e+01, 2,6063126667e+04
 1500544200, 2,5500000000e+02, 1,9800000000e+02, 3,4000000000e+01, 2,6986133333e+01, 2,6063313333e+04
 1500544500, 2,3740000000e+02, 1,8392000000e+02, 3,5760000000e+01, 2,7396833333e+01, 2,6064876667e+04
 1500544800, 2,4866666667e+02, 1,9156666667e+02, 3,8733333333e+01, 2,7096366667e+01, 2,6065970000e+04
 1500545100, 2,4050000000e+02, 1,8536666667e+02, 3,6133333333e+01, 2,7311933333e+01, 2,6067023333e+04
 1500545400, 2,2500000000e+02, 1,7570000000e+02, 3,0866666667e+01, 2,7148866667e+01, 2,6070376667e+04
 1500545700, 2,2541666667e+02, 1,8016666667e+02, 2,8000000000e+01, 2,7064566667e+01, 2,6072756667e+04
 1500546000, 2,3000000000e+02, 1,8200000000e+02, 2,8000000000e+01, 2,7356500000e+01, 2,6071516667e+04
 1500546300, 2,3441666667e+02, 1,8376666667e+02, 3,1533333333e+01, 2,7457566667e+01, 2,6072403333e+04
 1500546600, 2,2816666667e+02, 1,7580000000e+02, 3,2000000000e+01, 2,7774333333e+01, 2,6074816667e+04
 1500546900, 1,7425000000e+02, 1,2366666667e+02, 3,0066666667e+01, 2,7512600000e+01, 2,6076183333e+04
 1500547200, 1,5116666667e+02, 1,0090000000e+02, 2,9700000000e+01, 2,7413666667e+01, 2,6077600000e+04
 1500547500, 2,2333333333e+02, 1,6766666667e+02, 3,3666666667e+01, 2,7397600000e+01, 2,6079353333e+04
 1500547800, 1,5000000000e+02, 9,8000000000e+01, 3,0000000000e+01, 2,6880000000e+01, 2,6080683333e+04
 1500548100, 2,1183333333e+02, 1,5983333333e+02, 3,0000000000e+01, 2,6963733333e+01, 2,6083956667e+04
 1500548400, 2,3366666667e+02, 1,8030000000e+02, 3,2733333333e+01, 2,6643600000e+01, 2,6085906667e+04
 1500548700, 2,2308333333e+02, 1,7246666667e+02, 3,1100000000e+01, 2,6467600000e+01, 2,6085553333e+04
 1500549000, 2,1633333333e+02, 1,6876666667e+02, 2,8000000000e+01, 2,6772333333e+01, 2,6083800000e+04
 1500549300, 2,4220000000e+02, 1,9344000000e+02, 2,8000000000e+01, 2,6636033333e+01, 2,6084690000e+04
 1500549600, 2,1000000000e+02, 1,6400000000e+02, 2,8000000000e+01, 2,6377600000e+01, 2,6084200000e+04
 1500549900, 2,3650000000e+02, 1,8873333333e+02, 2,8000000000e+01, 2,6412000000e+01, 2,6084880000e+04
 1500550200, 2,3658333333e+02, 1,8653333333e+02, 2,8000000000e+01, 2,6498466667e+01, 2,6085283333e+04
 1500550500, 2,2291666667e+02, 1,7433333333e+02, 2,7033333333e+01, 2,6614066667e+01, 2,6085433333e+04
 1500550800, 2,1850000000e+02, 1,7193333333e+02, 2,6566666667e+01, 2,6513933333e+01, 2,6086480000e+04
 1500551100, 2,3680000000e+02, 1,8880000000e+02, 2,8000000000e+01, 2,6712800000e+01, 2,6086180000e+04
 1500551400, 2,0000000000e+02, 1,5200000000e+02, 2,8000000000e+01, 2,6669200000e+01, 2,6084236667e+04
 1500551700, 2,3960000000e+02, 1,9072000000e+02, 2,8000000000e+01, 2,6651200000e+01, 2,6085483333e+04
 1500552000, 2,2800000000e+02, 1,7832000000e+02, 2,8000000000e+01, 2,6500800000e+01, 2,6086836667e+04
 1500552300, 2,2483333333e+02, 1,7676666667e+02, 2,8000000000e+01, 2,6821666667e+01, 2,6086266667e+04
 1500552600, 2,3000000000e+02, 1,8343333333e+02, 2,8000000000e+01, 2,6719200000e+01, 2,6085876667e+04
 1500552900, 2,2875000000e+02, 1,8066666667e+02, 2,8000000000e+01, 2,6770533333e+01, 2,6086403333e+04
 1500553200, 2,1500000000e+02, 1,6600000000e+02, 2,8000000000e+01, 2,6699266667e+01, 2,6085320000e+04
 1500553500, 2,3708333333e+02, 1,8896666667e+02, 2,8000000000e+01, 2,6856433333e+01, 2,6086016667e+04
 1500553800, 2,1620000000e+02, 1,7024000000e+02, 2,6640000000e+01, 2,6870800000e+01, 2,6087370000e+04
 1500554100, 2,2191666667e+02, 1,7643333333e+02, 2,6966666667e+01, 2,6831166667e+01, 2,6087000000e+04
 1500554400, 2,3020000000e+02, 1,8392000000e+02, 2,7440000000e+01, 2,6879800000e+01, 2,6086503333e+04
 1500554700, 2,0791666667e+02, 1,6083333333e+02, 2,6166666667e+01, 2,6801866667e+01, 2,6086393333e+04
 1500555000, 2,4000000000e+02, 1,9200000000e+02, 2,8000000000e+01, 2,6862766667e+01, 2,6087753333e+04
 1500555300, 2,0920000000e+02, 1,6032000000e+02, 2,6240000000e+01, 2,6853900000e+01, 2,6086323333e+04
 1500555600, 2,2891666667e+02, 1,8060000000e+02, 2,7366666667e+01, 2,6722833333e+01, 2,6087190000e+04
 1500555900, 2,2320000000e+02, 1,7664000000e+02, 2,7040000000e+01, 2,6757900000e+01, 2,6086593333e+04
 1500556200, 2,1491666667e+02, 1,6906666667e+02, 2,6566666667e+01, 2,6621066667e+01, 2,6086226667e+04
 1500556500, 2,3720000000e+02, 1,8944000000e+02, 2,7840000000e+01, 2,6559566667e+01, 2,6087293333e+04
 1500556800, 2,0500000000e+02, 1,6000000000e+02, 2,6000000000e+01, 2,6457766667e+01, 2,6087426667e+04
 1500557100, 2,3591666667e+02, 1,8826666667e+02, 2,7766666667e+01, 2,6234666667e+01, 2,6086960000e+04
 1500557400, 2,1620000000e+02, 1,7024000000e+02, 2,6640000000e+01, 2,6427800000e+01, 2,6087636667e+04
 1500557700, 2,2191666667e+02, 1,7546666667e+02, 2,6966666667e+01, 2,6421666667e+01, 2,6087683333e+04
 1500558000, 2,3008333333e+02, 1,8236666667e+02, 2,7433333333e+01, 2,6530333333e+01, 2,6087433333e+04
 1500558300, 2,0820000000e+02, 1,6088000000e+02, 2,6160000000e+01, 2,6559633333e+01, 2,6087323333e+04
 1500558600, 2,4500000000e+02, 1,9400000000e+02, 2,8000000000e+01, 2,6453300000e+01, 2,6088973333e+04
 1500558900, 2,0966666667e+02, 1,6220000000e+02, 2,6233333333e+01, 2,6687166667e+01, 2,6072750000e+04
 1500559200, 2,2891666667e+02, 1,7986666667e+02, 2,7366666667e+01, 2,6508666667e+01, 2,6071990000e+04
 1500559500, 2,2320000000e+02, 1,7368000000e+02, 2,8000000000e+01, 2,6462866667e+01, 2,6073890000e+04
 1500559800, 2,1491666667e+02, 1,6620000000e+02, 2,8000000000e+01, 2,6461066667e+01, 2,6074043333e+04
 1500560100, 2,3720000000e+02, 1,8928000000e+02, 2,8000000000e+01, 2,6579533333e+01, 2,6060713333e+04
 1500560400, 2,0500000000e+02, 1,5800000000e+02, 2,8000000000e+01, 2,6497166667e+01, 2,6053790000e+04
 1500560700, 2,3591666667e+02, 1,8803333333e+02, 2,8000000000e+01, 2,6429200000e+01, 2,6044560000e+04
 1500561000, 2,1620000000e+02, 1,6888000000e+02, 2,6640000000e+01, 2,6448066667e+01, 2,6044310000e+04
 1500561300, 2,2191666667e+02, 1,7540000000e+02, 2,6966666667e+01, 2,6393966667e+01, 2,6044563333e+04
 1500561600, 2,3020000000e+02, 1,8448000000e+02, 2,8000000000e+01, 2,6448566667e+01, 2,6044523333e+04
 1500561900, 2,0833333333e+02, 1,6283333333e+02, 2,8000000000e+01, 2,6631333333e+01, 2,6041506667e+04
 1500562200, 2,4500000000e+02, 1,9400000000e+02, 2,8000000000e+01, 2,6643200000e+01, 2,6040190000e+04
 1500562500, 2,0525000000e+02, 1,5690000000e+02, 2,8000000000e+01, 2,5945666667e+01, 2,1674833333e+04
 1500562800, 1,0091666667e+02, 6,5900000000e+01, 1,5700000000e+01, 2,1061666667e+01, 1,1430266667e+04
 1500563100, 5,5000000000e+01, 2,6000000000e+01, 1,0966666667e+01, 1,7288000000e+01, 1,1098050000e+04
 1500563400, 5,5000000000e+01, 2,6000000000e+01, 1,2000000000e+01, 1,4906833333e+01, 1,1248966667e+04
 1500563700, 7,2916666667e+01, 4,0000000000e+01, 1,5500000000e+01, 1,2752000000e+01, 1,1570166667e+04
 1500564000, 2,7000000000e+02, 1,9400000000e+02, 5,4000000000e+01, 1,1061666667e+01, 1,1195000000e+04
 1500564300, 2,6558333333e+02, 1,9223333333e+02, 5,4000000000e+01, 1,0412066667e+01, 1,1103923333e+04
 1500564600, 2,6158333333e+02, 1,8926666667e+02, 5,2633333333e+01, 9,7871666667e+00, 1,1478733333e+04
 1500564900, 2,5758333333e+02, 1,8413333333e+02, 5,3933333333e+01, 8,9590000000e+00, 1,1431566667e+04
 1500565200, 1,9833333333e+02, 1,3580000000e+02, 4,3533333333e+01, 8,6223333333e+00, 1,1099233333e+04
 1500565500, 5,7083333333e+01, 2,5166666667e+01, 1,2833333333e+01, 8,7331666667e+00, 1,1490233333e+04
 1500565800, 8,0000000000e+01, 3,8000000000e+01, 2,2000000000e+01, 7,2178333333e+00, 1,6155533333e+04
 1500566100, 8,8833333333e+01, 4,6833333333e+01, 2,3766666667e+01, 6,0216666667e+00, 1,6681250000e+04
 1500566400, 1,9250000000e+02, 1,4093333333e+02, 3,2200000000e+01, 8,3526666667e+00, 1,7033716667e+04
 1500566700, 1,8441666667e+02, 1,3276666667e+02, 3,2133333333e+01, 8,1348333333e+00, 1,6939266667e+04
 1500567000, 1,2500000000e+02, 7,7433333333e+01, 2,8000000000e+01, 7,0156666667e+00, 1,6935150000e+04
 1500567300, 1,2250000000e+02, 7,4000000000e+01, 2,7666666667e+01, 5,9855333333e+00, 1,6864300000e+04
 1500567600, 9,5000000000e+01, 5,2000000000e+01, 2,4000000000e+01, 4,9390000000e+00, 1,5438833333e+04
 1500567900, 9,5000000000e+01, 5,2000000000e+01, 2,4000000000e+01, 4,2301666667e+00, 1,5787050000e+04
 1500568200, 1,6333333333e+02, 1,1760000000e+02, 2,6733333333e+01, 6,5938333333e+00, 1,6358033333e+04
 1500568500, 1,6116666667e+02, 1,1320000000e+02, 2,8000000000e+01, 6,8091666667e+00, 1,6266866667e+04
 1500568800, 1,2358333333e+02, 7,5433333333e+01, 2,8000000000e+01, 6,0795000000e+00, 1,6265000000e+04
 1500569100, 1,1791666667e+02, 7,2166666667e+01, 2,7666666667e+01, 5,4491666667e+00, 1,6000950000e+04
 1500569400, 9,5000000000e+01, 5,2000000000e+01, 2,4000000000e+01, 4,6373333333e+00, 1,5482266667e+04
 1500569700, 9,5000000000e+01, 5,2000000000e+01, 2,4000000000e+01, 4,4935000000e+00, 1,6078700000e+04
 1500570000, 1,7016666667e+02, 1,2033333333e+02, 3,2200000000e+01, 6,9651666667e+00, 1,6365766667e+04
 1500570300, 1,6633333333e+02, 1,1623333333e+02, 3,2133333333e+01, 6,4458333333e+00, 1,6314516667e+04
 1500570600, 1,2216666667e+02, 7,6300000000e+01, 2,7433333333e+01, 5,7765000000e+00, 1,6297433333e+04
 1500570900, 1,1333333333e+02, 7,0333333333e+01, 2,5833333333e+01, 5,0166666667e+00, 1,5465466667e+04
 1500571200, 9,5000000000e+01, 5,2000000000e+01, 2,4000000000e+01, 4,2966666667e+00, 1,5730266667e+04
 1500571500, 8,1750000000e+01, 3,9633333333e+01, 2,4000000000e+01, 4,9870000000e+00, 1,6228183333e+04
 1500571800, 1,1758333333e+02, 7,2166666667e+01, 2,8100000000e+01, 7,3671666667e+00, 1,6359366667e+04
 1500572100, 1,3016666667e+02, 8,3166666667e+01, 2,9033333333e+01, 6,6125000000e+00, 1,6324083333e+04
 1500572400, 1,2358333333e+02, 7,6866666667e+01, 2,8000000000e+01, 5,9146666667e+00, 1,6318000000e+04
 1500572700, 1,1791666667e+02, 7,2166666667e+01, 2,7666666667e+01, 5,0851666667e+00, 1,6357816667e+04
 1500573000, 9,5000000000e+01, 5,2000000000e+01, 2,4000000000e+01, 4,2750000000e+00, 1,5731566667e+04
 1500573300, 9,5000000000e+01, 5,2000000000e+01, 2,4000000000e+01, 5,1150000000e+00, 1,6224450000e+04
 1500573600, 1,3258333333e+02, 8,4800000000e+01, 2,8100000000e+01, 6,7868333333e+00, 1,6344966667e+04
 1500573900, 1,3791666667e+02, 8,9366666667e+01, 2,9033333333e+01, 6,1063333333e+00, 1,6328683333e+04
 1500574200, 1,2500000000e+02, 7,7433333333e+01, 2,8000000000e+01, 5,5536666667e+00, 1,6308833333e+04
 1500574500, 1,1916666667e+02, 7,1833333333e+01, 2,6666666667e+01, 4,7900000000e+00, 1,2830566667e+04
 1500574800, 5,5000000000e+01, 2,6000000000e+01, 1,2000000000e+01, 5,3560000000e+00, 1,0929700000e+04
 1500575100, 1,4333333333e+02, 1,0020000000e+02, 2,2600000000e+01, 6,3796666667e+00, 4,1474366667e+04
 1500575400, 1,5500000000e+02, 1,1136666667e+02, 2,5366666667e+01, 7,1108333333e+00, 4,5529516667e+04
 1500575700, 1,5500000000e+02, 1,1006666667e+02, 2,6000000000e+01, 7,6531666667e+00, 4,5529516667e+04
 1500576000, 1,5500000000e+02, 1,0856666667e+02, 2,6000000000e+01, 8,0483333333e+00, 4,5530250000e+04
 1500576300, 1,5500000000e+02, 1,1000000000e+02, 2,6000000000e+01, 8,3323333333e+00, 4,5532000000e+04
 1500576600, 1,5500000000e+02, 1,1000000000e+02, 2,6000000000e+01, 8,5008333333e+00, 4,7508800000e+04
 1500576900, 1,5941666667e+02, 1,1176666667e+02, 2,7766666667e+01, 8,5636666667e+00, 5,5562966667e+04
 1500577200, 1,6000000000e+02, 1,1336666667e+02, 2,8000000000e+01, 8,2535000000e+00, 5,5651566667e+04
 1500577500, 1,6000000000e+02, 1,1400000000e+02, 2,8000000000e+01, 7,7673333333e+00, 5,5615166667e+04
 1500577800, 1,6000000000e+02, 1,1400000000e+02, 2,8000000000e+01, 7,6100000000e+00, 5,5604800000e+04
 1500578100, 1,5833333333e+02, 1,1266666667e+02, 2,7666666667e+01, 7,5586666667e+00, 3,4650666667e+04
 1500578400, 1,4000000000e+02, 9,8000000000e+01, 2,4000000000e+01, 7,9068333333e+00, 1,0890616667e+04
 1500578700, 1,4883333333e+02, 1,0860000000e+02, 2,4000000000e+01, 8,1441666667e+00, 4,1618400000e+04
 1500579000, 1,5341666667e+02, 1,0863333333e+02, 2,5366666667e+01, 8,1303333333e+00, 4,5692633333e+04
 1500579300, 1,5258333333e+02, 1,0800000000e+02, 2,6000000000e+01, 8,1103333333e+00, 4,5692800000e+04
 1500579600, 1,5000000000e+02, 1,0800000000e+02, 2,6000000000e+01, 8,0863333333e+00, 4,5693083333e+04
 1500579900, 1,5000000000e+02, 1,0800000000e+02, 2,6000000000e+01, 8,0711666667e+00, 4,5694166667e+04
 1500580200, 1,5000000000e+02, 1,0800000000e+02, 2,6000000000e+01, 8,0543333333e+00, 4,5693600000e+04
 1500580500, 1,5000000000e+02, 1,0800000000e+02, 2,4233333333e+01, 7,9365000000e+00, 5,3511683333e+04
 1500580800, 1,5683333333e+02, 1,1210000000e+02, 2,6733333333e+01, 7,5128333333e+00, 5,5797600000e+04
 1500581100, 1,6000000000e+02, 1,1400000000e+02, 2,8000000000e+01, 7,1185000000e+00, 5,5796716667e+04
 1500581400, 1,6000000000e+02, 1,1400000000e+02, 2,8000000000e+01, 6,8073333333e+00, 5,5797483333e+04
 1500581700, 1,6000000000e+02, 1,1400000000e+02, 2,8000000000e+01, 6,4881666667e+00, 5,5797966667e+04
 1500582000, 1,6000000000e+02, 1,1400000000e+02, 2,8000000000e+01, 6,3710000000e+00, 5,5798483333e+04
 1500582300, 1,6000000000e+02, 1,1576666667e+02, 2,8000000000e+01, 6,4235000000e+00, 5,5799200000e+04
 1500582600, 1,6000000000e+02, 1,1600000000e+02, 2,8000000000e+01, 6,5226666667e+00, 5,2196116667e+04
 1500582900, 1,5275000000e+02, 1,0826666667e+02, 2,6066666667e+01, 6,6976666667e+00, 1,1446000000e+04
 1500583200, 1,4783333333e+02, 1,0283333333e+02, 2,4566666667e+01, 7,0578333333e+00, 3,4590800000e+04
 1500583500, 1,5500000000e+02, 1,1016666667e+02, 2,6000000000e+01, 7,3243333333e+00, 4,5662000000e+04
 1500583800, 1,5500000000e+02, 1,1200000000e+02, 2,6000000000e+01, 7,5210000000e+00, 4,5662116667e+04
 1500584100, 1,5500000000e+02, 1,1023333333e+02, 2,6000000000e+01, 7,6688333333e+00, 4,5661850000e+04
 1500584400, 1,5500000000e+02, 1,1000000000e+02, 2,6000000000e+01, 7,7786666667e+00, 4,5664683333e+04
 1500584700, 1,5500000000e+02, 1,1000000000e+02, 2,6000000000e+01, 7,8490000000e+00, 4,5664883333e+04
 1500585000, 1,3516666667e+02, 9,0733333333e+01, 2,6000000000e+01, 7,7923333333e+00, 5,1496166667e+04
 1500585300, 9,1666666667e+01, 4,8166666667e+01, 2,6166666667e+01, 7,2015000000e+00, 5,5821083333e+04
 1500585600, 1,6500000000e+02, 1,1600000000e+02, 2,8000000000e+01, 6,8265000000e+00, 5,5820433333e+04
 1500585900, 1,6500000000e+02, 1,1600000000e+02, 2,8000000000e+01, 6,5280000000e+00, 5,5820716667e+04
 1500586200, 1,6500000000e+02, 1,1736666667e+02, 2,6633333333e+01, 6,1576666667e+00, 5,5820083333e+04
 1500586500, 1,6258333333e+02, 1,1703333333e+02, 2,6966666667e+01, 5,8890000000e+00, 5,5820400000e+04
 1500586800, 1,6141666667e+02, 1,1600000000e+02, 2,8000000000e+01, 5,7671666667e+00, 5,5820166667e+04
 1500587100, 1,6416666667e+02, 1,1550000000e+02, 2,7833333333e+01, 5,7688333333e+00, 4,4338266667e+04
 1500587400, 1,5500000000e+02, 1,1000000000e+02, 2,6000000000e+01, 6,3132333333e+00, 1,0844763333e+04
 1500587700, 1,5058333333e+02, 1,1000000000e+02, 2,4233333333e+01, 6,8033333333e+00, 4,1580483333e+04
 1500588000, 1,5341666667e+02, 1,1000000000e+02, 2,5366666667e+01, 7,1413333333e+00, 4,5661966667e+04
 1500588300, 1,5500000000e+02, 1,1000000000e+02, 2,6000000000e+01, 7,3846666667e+00, 4,5662400000e+04
 1500588600, 1,5500000000e+02, 1,1000000000e+02, 2,6000000000e+01, 7,5653333333e+00, 4,5662233333e+04
 1500588900, 1,5500000000e+02, 1,1000000000e+02, 2,6000000000e+01, 7,6903333333e+00, 4,5662566667e+04
 1500589200, 1,5500000000e+02, 1,1000000000e+02, 2,6000000000e+01, 7,7638333333e+00, 4,9477366667e+04
 1500589500, 1,4616666667e+02, 1,0293333333e+02, 2,4233333333e+01, 7,7361666667e+00, 5,5573833333e+04
 1500589800, 1,5525000000e+02, 1,1020000000e+02, 2,6733333333e+01, 7,4538333333e+00, 5,5794366667e+04
 1500590100, 1,6000000000e+02, 1,1400000000e+02, 2,8000000000e+01, 6,6925000000e+00, 5,5793200000e+04
 1500590400, 1,6000000000e+02, 1,1456666667e+02, 2,8000000000e+01, 6,3660000000e+00, 5,5794366667e+04
 1500590700, 1,6000000000e+02, 1,1600000000e+02, 2,8000000000e+01, 6,3468333333e+00, 5,5795283333e+04
 1500591000, 1,6000000000e+02, 1,1600000000e+02, 2,8000000000e+01, 6,2825000000e+00, 5,5794750000e+04
 1500591300, 1,6000000000e+02, 1,1600000000e+02, 2,8000000000e+01, 6,2666666667e+00, 5,5795400000e+04
 1500591600, 1,5658333333e+02, 1,1326666667e+02, 2,6633333333e+01, 6,2840000000e+00, 5,5796416667e+04
 1500591900, 1,2600000000e+02, 8,3000000000e+01, 2,5033333333e+01, 5,9570000000e+00, 1,9365850000e+04
 1500592200, 1,3608333333e+02, 8,9966666667e+01, 2,7400000000e+01, 5,3170000000e+00, 1,6710983333e+04
 1500592500, 2,3041666667e+02, 1,7683333333e+02, 3,5333333333e+01, 7,5498333333e+00, 1,6922216667e+04
 1500592800, 1,2500000000e+02, 7,6000000000e+01, 2,8000000000e+01, 6,7310000000e+00, 1,6859433333e+04
 1500593100, 1,2500000000e+02, 7,6000000000e+01, 2,8000000000e+01, 5,7356666667e+00, 1,6858000000e+04
 1500593400, 1,0450000000e+02, 5,9600000000e+01, 2,5266666667e+01, 4,8308333333e+00, 1,6542166667e+04
 1500593700, 9,5000000000e+01, 5,2000000000e+01, 2,4000000000e+01, 4,1713333333e+00, 1,5796950000e+04
 1500594000, 1,1058333333e+02, 6,5600000000e+01, 2,6266666667e+01, 6,2817333333e+00, 1,6093983333e+04
 1500594300, 1,4791666667e+02, 9,8166666667e+01, 3,1666666667e+01, 5,7535000000e+00, 1,6034916667e+04
 1500594600, 1,2500000000e+02, 7,8000000000e+01, 2,8000000000e+01, 4,9966666667e+00, 1,6005716667e+04
 1500594900, 9,8500000000e+01, 5,5033333333e+01, 2,6233333333e+01, 4,0956666667e+00, 1,5260350000e+04
 1500595200, 1,9408333333e+02, 1,4220000000e+02, 3,2833333333e+01, 5,3078333333e+00, 1,6087316667e+04
 1500595500, 1,8200000000e+02, 1,3180000000e+02, 3,2133333333e+01, 6,0306666667e+00, 1,6042383333e+04
 1500595800, 1,2000000000e+02, 7,6000000000e+01, 2,8000000000e+01, 5,2257000000e+00, 1,6035790000e+04
 1500596100, 1,1875000000e+02, 7,4833333333e+01, 2,7666666667e+01, 4,6297333333e+00, 1,5807566667e+04
 1500596400, 1,0500000000e+02, 6,2000000000e+01, 2,4000000000e+01, 3,8428333333e+00, 1,5404916667e+04
 1500596700, 9,6166666667e+01, 5,3166666667e+01, 2,4000000000e+01, 5,2971666667e+00, 1,6079816667e+04
 1500597000, 1,1550000000e+02, 6,8400000000e+01, 2,6733333333e+01, 5,8615000000e+00, 1,6037933333e+04
 1500597300, 1,2258333333e+02, 7,5033333333e+01, 2,8000000000e+01, 5,1035000000e+00, 1,6033733333e+04
 1500597600, 1,1291666667e+02, 6,7766666667e+01, 2,7433333333e+01, 4,3798333333e+00, 1,5466333333e+04
 1500597900, 9,5000000000e+01, 5,2000000000e+01, 2,5833333333e+01, 3,6388333333e+00, 1,5694333333e+04
 1500598200, 9,8000000000e+01, 5,4520000000e+01, 2,4360000000e+01, 5,7614666667e+00, 1,6113760000e+04
 1500598500, 1,4500000000e+02, 9,4000000000e+01, 3,0000000000e+01, 5,6410000000e+00, 1,6039100000e+04
 1500598800, 1,2291666667e+02, 7,6333333333e+01, 2,8233333333e+01, 4,9535000000e+00, 1,6035066667e+04
 1500599100, 1,1658333333e+02, 7,1266666667e+01, 2,6633333333e+01, 4,2473666667e+00, 1,3632933333e+04
 1500599400, 9,9250000000e+01, 5,5600000000e+01, 2,4200000000e+01, 4,2925333333e+00, 1,2437590000e+04
 1500599700, 8,1316666667e+01, 3,8526666667e+01, 2,2526666667e+01, 5,4400333333e+00, 1,3604963333e+04
 1500600000, 8,7916666667e+01, 4,2833333333e+01, 2,4000000000e+01, 6,1122000000e+00, 1,6172423333e+04
 1500600300, 1,2000000000e+02, 7,4000000000e+01, 2,4000000000e+01, 9,7882666667e+00, 4,2450523333e+04
 1500600600, 2,4320000000e+02, 1,7432000000e+02, 4,8640000000e+01, 1,6115333333e+01, 4,4877186667e+04
 1500600900, 2,6341666667e+02, 1,8800000000e+02, 5,2000000000e+01, 2,0727166667e+01, 4,5279830000e+04
 1500601200, 2,6260000000e+02, 1,8800000000e+02, 5,2960000000e+01, 2,4054533333e+01, 4,5216766667e+04
 1500601500, 2,6000000000e+02, 1,8743333333e+02, 5,3433333333e+01, 2,6407533333e+01, 4,5216790000e+04
 1500601800, 2,6000000000e+02, 1,8615333333e+02, 5,2000000000e+01, 2,8154033333e+01, 4,5330603333e+04
 1500602100, 2,6000000000e+02, 1,8800000000e+02, 5,2000000000e+01, 2,9375033333e+01, 4,5904100000e+04
 1500602400, 2,6000000000e+02, 1,8800000000e+02, 5,3766666667e+01, 3,0279166667e+01, 4,5692880000e+04
 1500602700, 2,6000000000e+02, 1,8800000000e+02, 5,2646666667e+01, 3,0979600000e+01, 4,5641686667e+04
 1500603000, 2,6238333333e+02, 1,8895333333e+02, 5,2953333333e+01, 3,1433566667e+01, 4,5756816667e+04
 1500603300, 2,6500000000e+02, 1,9000000000e+02, 5,4000000000e+01, 3,1703700000e+01, 4,5589740000e+04
 1500603600, 2,6458333333e+02, 1,8983333333e+02, 5,3833333333e+01, 3,1985166667e+01, 4,5508550000e+04
 1500603900, 2,6000000000e+02, 1,8800000000e+02, 5,2000000000e+01, 3,2181633333e+01, 4,6347513333e+04
 1500604200, 2,6440000000e+02, 1,8800000000e+02, 5,2000000000e+01, 3,2260433333e+01, 4,6298400000e+04
 1500604500, 2,6500000000e+02, 1,8800000000e+02, 5,2000000000e+01, 3,2429733333e+01, 4,6201040000e+04
 1500604800, 2,6500000000e+02, 1,8800000000e+02, 5,2000000000e+01, 3,2509233333e+01, 4,6131563333e+04
 1500605100, 2,6358333333e+02, 1,8800000000e+02, 5,2000000000e+01, 3,2587766667e+01, 4,6156880000e+04
 1500605400, 2,6000000000e+02, 1,8800000000e+02, 5,2160000000e+01, 3,2613200000e+01, 4,6086073333e+04
 1500605700, 2,6000000000e+02, 1,8800000000e+02, 5,4000000000e+01, 3,2688166667e+01, 4,6363463333e+04
 1500606000, 2,6440000000e+02, 1,8800000000e+02, 5,2240000000e+01, 3,2728133333e+01, 4,6593766667e+04
 1500606300, 2,5475000000e+02, 1,8116666667e+02, 4,9266666667e+01, 3,1825166667e+01, 3,6427356667e+04
 1500606600, 2,2583333333e+02, 1,5866666667e+02, 4,3166666667e+01, 2,8226000000e+01, 2,8539183333e+04
 1500606900, 2,0850000000e+02, 1,4593333333e+02, 3,9133333333e+01, 2,5135900000e+01, 2,8604933333e+04
 1500607200, 2,2960000000e+02, 1,6584000000e+02, 4,2000000000e+01, 2,3795733333e+01, 2,9484643333e+04
 1500607500, 2,2500000000e+02, 1,6400000000e+02, 4,2000000000e+01, 2,2326833333e+01, 2,9151583333e+04
 1500607800, 2,4708333333e+02, 1,7990000000e+02, 4,7300000000e+01, 2,2095000000e+01, 3,5328516667e+04
 1500608100, 2,2608333333e+02, 1,6423333333e+02, 4,1166666667e+01, 2,1707233333e+01, 2,8163840000e+04
 1500608400, 1,9808333333e+02, 1,3956666667e+02, 3,8000000000e+01, 2,0951966667e+01, 2,8395770000e+04
 1500608700, 1,8560000000e+02, 1,2648000000e+02, 3,8000000000e+01, 2,1098700000e+01, 3,5359336667e+04
 1500609000, 2,1058333333e+02, 1,4760000000e+02, 4,0833333333e+01, 2,2357666667e+01, 3,7868783333e+04
 1500609300, 2,5115000000e+02, 1,8261333333e+02, 4,8460000000e+01, 2,4515700000e+01, 4,4014640000e+04
 1500609600, 2,6500000000e+02, 1,9000000000e+02, 5,4000000000e+01, 2,6770033333e+01, 4,4012666667e+04
 1500609900, 2,6500000000e+02, 1,9000000000e+02, 5,4000000000e+01, 2,8378966667e+01, 4,4260303333e+04
 1500610200, 2,6500000000e+02, 1,9000000000e+02, 5,4000000000e+01, 2,9526166667e+01, 4,4237736667e+04
 1500610500, 2,6500000000e+02, 1,9000000000e+02, 5,4000000000e+01, 3,0360433333e+01, 4,4200803333e+04
 1500610800, 2,6500000000e+02, 1,9000000000e+02, 5,4000000000e+01, 3,0958900000e+01, 4,4187330000e+04
 1500611100, 2,6500000000e+02, 1,9000000000e+02, 5,4000000000e+01, 3,1453233333e+01, 4,4541383333e+04
 1500611400, 2,6500000000e+02, 1,9000000000e+02, 5,4000000000e+01, 3,1772200000e+01, 4,4492853333e+04
 1500611700, 2,6500000000e+02, 1,9000000000e+02, 5,2240000000e+01, 3,2027100000e+01, 4,4545923333e+04
 1500612000, 2,6500000000e+02, 1,9000000000e+02, 5,2000000000e+01, 3,2233766667e+01, 4,4587743333e+04
 1500612300, 2,6500000000e+02, 1,9000000000e+02, 5,2000000000e+01, 3,2369566667e+01, 4,4846803333e+04
 1500612600, 2,6500000000e+02, 1,9000000000e+02, 5,2560000000e+01, 3,2489300000e+01, 4,5055570000e+04
 1500612900, 2,6500000000e+02, 1,9000000000e+02, 5,4000000000e+01, 3,2597200000e+01, 4,5106250000e+04
 1500613200, 2,6500000000e+02, 1,9000000000e+02, 5,4000000000e+01, 3,2566266667e+01, 4,4899840000e+04
 1500613500, 2,6500000000e+02, 1,9000000000e+02, 5,2240000000e+01, 3,2602400000e+01, 4,5048910000e+04
 1500613800, 2,6500000000e+02, 1,9000000000e+02, 5,3360000000e+01, 3,2609600000e+01, 4,5187460000e+04
 1500614100, 2,6020000000e+02, 1,8616000000e+02, 5,2080000000e+01, 3,2668866667e+01, 4,4587946667e+04
 1500614400, 2,5216666667e+02, 1,8086666667e+02, 4,9433333333e+01, 3,1249000000e+01, 3,6601016667e+04
 1500614700, 2,4416666667e+02, 1,7733333333e+02, 4,7666666667e+01, 2,8569333333e+01, 2,9850883333e+04
 1500615000, 2,3500000000e+02, 1,7000000000e+02, 4,4000000000e+01, 2,5221000000e+01, 2,7645166667e+04
 1500615300, 2,3500000000e+02, 1,7176666667e+02, 4,4000000000e+01, 2,2608833333e+01, 2,6890250000e+04
 1500615600, 1,9058333333e+02, 1,3236666667e+02, 3,7166666667e+01, 1,9576366667e+01, 1,8979876667e+04
 1500615900, 1,2381666667e+02, 7,3793333333e+01, 2,8566666667e+01, 1,7859533333e+01, 1,9890623333e+04
 1500616200, 9,1650000000e+01, 4,6206666667e+01, 2,4000000000e+01, 1,5854233333e+01, 1,4364366667e+04
 1500616500, 1,0141666667e+02, 5,6266666667e+01, 2,4000000000e+01, 1,3412166667e+01, 1,5716236667e+04
 1500616800, 1,1666666667e+02, 7,1500000000e+01, 2,6000000000e+01, 1,5043633333e+01, 3,4616670000e+04
 1500617100, 2,4500000000e+02, 1,7600000000e+02, 4,8000000000e+01, 1,8305500000e+01, 4,2276640000e+04
 1500617400, 2,6266666667e+02, 1,8836666667e+02, 5,3300000000e+01, 2,2190300000e+01, 4,6391763333e+04
 1500617700, 2,6500000000e+02, 1,9000000000e+02, 5,4000000000e+01, 2,5133033333e+01, 4,6284780000e+04
 1500618000, 2,6500000000e+02, 1,9000000000e+02, 5,4000000000e+01, 2,7285133333e+01, 4,7498483333e+04
 1500618300, 2,6500000000e+02, 1,9000000000e+02, 5,4000000000e+01, 2,8875666667e+01, 4,8087610000e+04
 1500618600, 2,6500000000e+02, 1,9016000000e+02, 5,4000000000e+01, 2,9954500000e+01, 4,7974630000e+04
 1500618900, 2,6500000000e+02, 1,9200000000e+02, 5,4000000000e+01, 3,0759700000e+01, 4,8384553333e+04
 1500619200, 2,6500000000e+02, 1,9023333333e+02, 5,4000000000e+01, 3,1280700000e+01, 4,8285880000e+04
 1500619500, 2,6500000000e+02, 1,9000000000e+02, 5,2633333333e+01, 3,1689633333e+01, 4,8337413333e+04
 1500619800, 2,6500000000e+02, 1,9000000000e+02, 5,2960000000e+01, 3,1975466667e+01, 4,8131526667e+04
 1500620100, 2,6500000000e+02, 1,9000000000e+02, 5,4000000000e+01, 3,2207000000e+01, 4,8530440000e+04
 1500620400, 2,6500000000e+02, 1,9000000000e+02, 5,4000000000e+01, 3,2356566667e+01, 4,8481576667e+04
 1500620700, 2,6500000000e+02, 1,9000000000e+02, 5,4000000000e+01, 3,2469633333e+01, 4,8409846667e+04
 1500621000, 2,6500000000e+02, 1,9000000000e+02, 5,2233333333e+01, 3,2542500000e+01, 4,8497083333e+04
 1500621300, 2,2080000000e+02, 1,5464000000e+02, 4,5200000000e+01, 3,2592833333e+01, 4,8244043333e+04
 1500621600, 2,3141666667e+02, 1,6216666667e+02, 4,6833333333e+01, 3,2601900000e+01, 4,8326526667e+04
 1500621900, 2,6500000000e+02, 1,8800000000e+02, 5,2560000000e+01, 3,2611633333e+01, 4,8337456667e+04
 1500622200, 2,6500000000e+02, 1,8816000000e+02, 5,3840000000e+01, 3,2618400000e+01, 4,8148920000e+04
 1500622500, 2,6500000000e+02, 1,9000000000e+02, 5,2000000000e+01, 3,2637466667e+01, 4,8115046667e+04
 1500622800, 2,6500000000e+02, 1,9175333333e+02, 5,2000000000e+01, 3,2695200000e+01, 4,9806756667e+04
 1500623100, 2,6500000000e+02, 1,9064000000e+02, 5,3360000000e+01, 3,2707766667e+01, 4,9647300000e+04
 1500623400, 2,6500000000e+02, 1,9000000000e+02, 5,4000000000e+01, 3,2539033333e+01, 4,6413196667e+04
 1500623700, 2,5791666667e+02, 1,8433333333e+02, 5,2300000000e+01, 3,0711500000e+01, 3,9104450000e+04
 1500624000, 2,4083333333e+02, 1,7083333333e+02, 4,8000000000e+01, 2,8978166667e+01, 3,9047316667e+04
 1500624300, 2,5000000000e+02, 1,8000000000e+02, 4,8000000000e+01, 2,7495666667e+01, 3,7684050000e+04
 1500624600, 2,3675000000e+02, 1,7293333333e+02, 4,4466666667e+01, 2,4579500000e+01, 2,2734750000e+04
 1500624900, 1,8375000000e+02, 1,2690000000e+02, 3,5800000000e+01, 2,0578166667e+01, 1,6828066667e+04
 1500625200, 1,6000000000e+02, 1,0793333333e+02, 3,0066666667e+01, 1,7015666667e+01, 2,6688166667e+04
 1500625500, -nan, 1,3210000000e+02, 3,0833333333e+01, 1,7341333333e+01, 4,2968300000e+04
 1500625800, -nan, -nan, 3,7833333333e+01, 1,9138000000e+01, 4,8683466667e+04
 1500626100, -nan, -nan, -nan, -nan, -nan
 1500626400, -nan, -nan, -nan, -nan, -nan
 1500626700, -nan, -nan, -nan, -nan, -nan
 1500627000, -nan, -nan, -nan, -nan, -nan
 1500627300, -nan, -nan, -nan, -nan, -nan
