 Time, ttl_pwr, cpu_pwr, mem_pwr, cpu_load, mem_load
 1500448500, 2.5260000000e+02, 1.9628000000e+02, 3.7320000000e+01, 3.1164300000e+01, 2.3390576667e+04
 1500448800, 2.5130000000e+02, 1.9820000000e+02, 3.4520000000e+01, 3.1340133333e+01, 2.3390046667e+04
 1500449100, 2.5888333333e+02, 2.0176666667e+02, 3.8893333333e+01, 3.1533666667e+01, 2.3391423333e+04
 1500449400, 2.5510000000e+02, 1.9404000000e+02, 4.2120000000e+01, 3.1678633333e+01, 2.3390553333e+04
 1500449700, 2.6000000000e+02, 1.9600000000e+02, 4.8000000000e+01, 3.1781866667e+01, 2.3391750000e+04
 1500450000, 2.5590000000e+02, 1.9928000000e+02, 3.9800000000e+01, 3.1836500000e+01, 2.3390653333e+04
 1500450300, 2.6430000000e+02, 2.0124000000e+02, 4.6680000000e+01, 3.1858633333e+01, 2.3390956667e+04
 1500450600, 2.7000000000e+02, 2.0030666667e+02, 5.1153333333e+01, 3.1898066667e+01, 2.3389403333e+04
 1500450900, 2.6458333333e+02, 1.9713333333e+02, 4.6100000000e+01, 3.1897466667e+01, 2.3389400000e+04
 1500451200, 2.4520000000e+02, 1.9404000000e+02, 3.2200000000e+01, 3.1952833333e+01, 2.3390823333e+04
 1500451500, 2.5500000000e+02, 1.9600000000e+02, 4.2000000000e+01, 3.2011066667e+01, 2.3390753333e+04
 1500451800, 2.6735000000e+02, 2.0258666667e+02, 4.6940000000e+01, 3.2020266667e+01, 2.3390986667e+04
 1500452100, 2.6376666667e+02, 2.0524666667e+02, 4.6753333333e+01, 3.1751066667e+01, 2.3390376667e+04
 1500452400, 2.6211666667e+02, 2.0261333333e+02, 4.6000000000e+01, 3.0955333333e+01, 2.3389626667e+04
 1500452700, 2.6276666667e+02, 1.9666000000e+02, 4.6000000000e+01, 3.1259100000e+01, 2.3390216667e+04
 1500453000, 2.5535000000e+02, 1.9218666667e+02, 4.6046666667e+01, 3.1484466667e+01, 2.3389736667e+04
 1500453300, 2.7000000000e+02, 2.0000000000e+02, 4.8000000000e+01, 3.1652700000e+01, 2.3388886667e+04
 1500453600, 2.7411666667e+02, 2.0658666667e+02, 4.6353333333e+01, 3.1743766667e+01, 2.3391193333e+04
 1500453900, 2.7190000000e+02, 2.0428000000e+02, 4.6000000000e+01, 3.1717033333e+01, 2.3390770000e+04
 1500454200, 2.6788333333e+02, 2.0369333333e+02, 4.3460000000e+01, 3.1726900000e+01, 2.3390400000e+04
 1500454500, 2.6613333333e+02, 2.0554666667e+02, 4.1813333333e+01, 3.1743866667e+01, 2.3389990000e+04
 1500454800, 2.7000000000e+02, 2.0396000000e+02, 4.7960000000e+01, 3.1823800000e+01, 2.3390590000e+04
 1500455100, 2.7000000000e+02, 2.0200000000e+02, 4.6000000000e+01, 3.1880633333e+01, 2.3389813333e+04
 1500455400, 2.6590000000e+02, 1.9544000000e+02, 5.0920000000e+01, 3.1838866667e+01, 2.3390210000e+04
 1500455700, 2.6811666667e+02, 1.9898666667e+02, 4.8260000000e+01, 3.1846900000e+01, 2.3390360000e+04
 1500456000, 2.6146666667e+02, 2.0029333333e+02, 3.9173333333e+01, 3.1809900000e+01, 2.3389010000e+04
 1500456300, 2.5440000000e+02, 1.9976000000e+02, 3.3520000000e+01, 3.1760000000e+01, 2.3390013333e+04
 1500456600, 2.6980000000e+02, 2.0584000000e+02, 4.5880000000e+01, 3.1820033333e+01, 2.3389840000e+04
 1500456900, 2.6000000000e+02, 1.9800000000e+02, 4.0000000000e+01, 3.1835900000e+01, 2.3390780000e+04
 1500457200, 2.7235000000e+02, 2.0458666667e+02, 4.6586666667e+01, 3.1827166667e+01, 2.3391806667e+04
 1500457500, 2.6880000000e+02, 2.0104000000e+02, 4.5520000000e+01, 3.1880133333e+01, 2.3390596667e+04
 1500457800, 2.6500000000e+02, 1.9884666667e+02, 4.4846666667e+01, 3.1949300000e+01, 2.3390096667e+04
 1500458100, 2.6273333333e+02, 2.0045333333e+02, 4.3280000000e+01, 3.1989433333e+01, 2.3389306667e+04
 1500458400, 2.5488333333e+02, 2.0190666667e+02, 3.4000000000e+01, 3.1972533333e+01, 2.3389586667e+04
 1500458700, 2.5000000000e+02, 1.9800000000e+02, 3.4000000000e+01, 3.1914800000e+01, 2.3390633333e+04
 1500459000, 2.6230000000e+02, 1.9636000000e+02, 4.7120000000e+01, 3.1921633333e+01, 2.3391000000e+04
 1500459300, 2.6811666667e+02, 1.9974000000e+02, 4.8753333333e+01, 3.1974600000e+01, 2.3389980000e+04
 1500459600, 2.5933333333e+02, 1.9517333333e+02, 4.4586666667e+01, 3.1097966667e+01, 2.3420043333e+04
 1500459900, 2.5050000000e+02, 1.8952000000e+02, 4.1760000000e+01, 3.0907700000e+01, 2.3392023333e+04
 1500460200, 2.6973333333e+02, 2.0173333333e+02, 4.8000000000e+01, 3.1228133333e+01, 2.3393433333e+04
 1500460500, 2.6000000000e+02, 1.9200000000e+02, 4.8000000000e+01, 3.1454700000e+01, 2.3392383333e+04
 1500460800, 2.6411666667e+02, 1.9694000000e+02, 4.8000000000e+01, 3.1511500000e+01, 2.3391803333e+04
 1500461100, 2.6811666667e+02, 2.0049333333e+02, 4.6753333333e+01, 3.1578333333e+01, 2.3391386667e+04
 1500461400, 2.7000000000e+02, 2.0454000000e+02, 4.5153333333e+01, 3.1624633333e+01, 2.3391833333e+04
 1500461700, 2.6670000000e+02, 2.0536000000e+02, 4.3120000000e+01, 3.1734200000e+01, 2.3393590000e+04
 1500462000, 2.5510000000e+02, 1.9604000000e+02, 4.0040000000e+01, 3.1821333333e+01, 2.3392796667e+04
 1500462300, 2.6000000000e+02, 1.9800000000e+02, 4.2000000000e+01, 3.1869066667e+01, 2.3392776667e+04
 1500462600, 2.6410000000e+02, 2.0128000000e+02, 4.5280000000e+01, 3.1867900000e+01, 2.3392006667e+04
 1500462900, 2.6500000000e+02, 1.9824000000e+02, 4.8506666667e+01, 3.1915466667e+01, 2.3392616667e+04
 1500463200, 2.6290000000e+02, 1.9600000000e+02, 4.8320000000e+01, 3.1944533333e+01, 2.3392830000e+04
 1500463500, 2.6113333333e+02, 1.9600000000e+02, 4.6000000000e+01, 3.1980966667e+01, 2.3392746667e+04
 1500463800, 2.6520000000e+02, 1.9624000000e+02, 4.6040000000e+01, 3.2030866667e+01, 2.3392860000e+04
 1500464100, 2.7500000000e+02, 2.0800000000e+02, 4.8000000000e+01, 3.2000800000e+01, 2.3393970000e+04
 1500464400, 2.5860000000e+02, 1.9816000000e+02, 3.9800000000e+01, 3.1964600000e+01, 2.3392440000e+04
 1500464700, 2.5500000000e+02, 1.9352000000e+02, 4.0480000000e+01, 3.1931833333e+01, 2.3394846667e+04
 1500465000, 2.6346666667e+02, 1.9877333333e+02, 4.3693333333e+01, 3.1960466667e+01, 2.3394826667e+04
 1500465300, 2.7276666667e+02, 2.0621333333e+02, 4.5553333333e+01, 3.1970766667e+01, 2.3394566667e+04
 1500465600, 2.6460000000e+02, 1.9988000000e+02, 4.3760000000e+01, 3.1929433333e+01, 2.3395000000e+04
 1500465900, 2.4500000000e+02, 1.9400000000e+02, 3.2000000000e+01, 3.1976400000e+01, 2.3395406667e+04
 1500466200, 2.5320000000e+02, 1.9564000000e+02, 3.6920000000e+01, 3.1998433333e+01, 2.3394810000e+04
 1500466500, 2.5190000000e+02, 1.9476000000e+02, 3.8000000000e+01, 3.2014166667e+01, 2.3395356667e+04
 1500466800, 2.5630000000e+02, 1.9988000000e+02, 3.8000000000e+01, 3.2001600000e+01, 2.3394633333e+04
 1500467100, 2.6280000000e+02, 2.0492000000e+02, 3.8440000000e+01, 3.1036800000e+01, 2.3395006667e+04
 1500467400, 2.5510000000e+02, 1.9400000000e+02, 4.0160000000e+01, 3.1312866667e+01, 2.3394576667e+04
 1500467700, 2.6000000000e+02, 1.9400000000e+02, 4.8000000000e+01, 3.1521433333e+01, 2.3395220000e+04
 1500468000, 2.6000000000e+02, 1.9894000000e+02, 4.4706666667e+01, 3.1647300000e+01, 2.3394870000e+04
 1500468300, 2.6935000000e+02, 2.0498666667e+02, 4.5246666667e+01, 3.1640866667e+01, 2.3395943333e+04
 1500468600, 2.6660000000e+02, 2.0212000000e+02, 4.5160000000e+01, 3.1732000000e+01, 2.3395336667e+04
 1500468900, 2.5946666667e+02, 1.9712666667e+02, 4.4446666667e+01, 3.1807033333e+01, 2.3394040000e+04
 1500469200, 2.7470000000e+02, 2.0772000000e+02, 4.6040000000e+01, 3.1843000000e+01, 2.3394600000e+04
 1500469500, 2.6000000000e+02, 1.9400000000e+02, 4.8000000000e+01, 3.1876233333e+01, 2.3394766667e+04
 1500469800, 2.6000000000e+02, 1.9729333333e+02, 4.4706666667e+01, 3.1923633333e+01, 2.3395260000e+04
 1500470100, 2.6313333333e+02, 2.0301333333e+02, 4.0240000000e+01, 3.1943500000e+01, 2.3396143333e+04
 1500470400, 2.6500000000e+02, 2.0346000000e+02, 4.1386666667e+01, 3.1914333333e+01, 2.3395403333e+04
 1500470700, 2.6613333333e+02, 2.0045333333e+02, 4.6453333333e+01, 3.1871233333e+01, 2.3395013333e+04
 1500471000, 2.7000000000e+02, 2.0204666667e+02, 4.7953333333e+01, 3.1925200000e+01, 2.3394620000e+04
 1500471300, 2.7000000000e+02, 2.0400000000e+02, 4.6000000000e+01, 3.1968233333e+01, 2.3394553333e+04
 1500471600, 2.6173333333e+02, 1.9904000000e+02, 4.4346666667e+01, 3.1955566667e+01, 2.3394653333e+04
 1500471900, 2.6623333333e+02, 2.0049333333e+02, 4.5246666667e+01, 3.1978866667e+01, 2.3394406667e+04
 1500472200, 2.6580000000e+02, 2.0284000000e+02, 4.3480000000e+01, 3.2002366667e+01, 2.3396180000e+04
 1500472500, 2.6220000000e+02, 2.0444000000e+02, 4.1760000000e+01, 3.2017633333e+01, 2.3395820000e+04
 1500472800, 2.7000000000e+02, 2.0600000000e+02, 4.8000000000e+01, 3.1991500000e+01, 2.3395210000e+04
 1500473100, 2.7000000000e+02, 2.0600000000e+02, 4.8000000000e+01, 3.1956800000e+01, 2.3394796667e+04
 1500473400, 2.6590000000e+02, 1.9780000000e+02, 4.8000000000e+01, 3.1930800000e+01, 2.3395413333e+04
 1500473700, 2.6500000000e+02, 1.9972000000e+02, 4.8000000000e+01, 3.1939233333e+01, 2.3395800000e+04
 1500474000, 2.6500000000e+02, 2.0200000000e+02, 4.7160000000e+01, 3.1906033333e+01, 2.3395800000e+04
 1500474300, 2.6170000000e+02, 2.0024000000e+02, 4.3800000000e+01, 3.1413233333e+01, 2.3397643333e+04
 1500474600, 2.5020000000e+02, 1.9408000000e+02, 3.6160000000e+01, 3.0902766667e+01, 2.3397183333e+04
 1500474900, 2.6000000000e+02, 1.9800000000e+02, 4.4000000000e+01, 3.1146533333e+01, 2.3396393333e+04
 1500475200, 2.6000000000e+02, 1.9472000000e+02, 4.5640000000e+01, 3.1367900000e+01, 2.3396623333e+04
 1500475500, 2.6310000000e+02, 1.9276000000e+02, 5.0960000000e+01, 3.1556133333e+01, 2.3397176667e+04
 1500475800, 2.6711666667e+02, 1.9792666667e+02, 5.0613333333e+01, 3.1727300000e+01, 2.3396396667e+04
 1500476100, 2.6780000000e+02, 2.0424000000e+02, 4.6000000000e+01, 3.1791000000e+01, 2.3397813333e+04
 1500476400, 2.5988333333e+02, 1.9804666667e+02, 4.5766666667e+01, 3.1877800000e+01, 2.3396996667e+04
 1500476700, 2.5500000000e+02, 2.0000000000e+02, 3.6000000000e+01, 3.1944866667e+01, 2.3396360000e+04
 1500477000, 2.6735000000e+02, 2.0494000000e+02, 4.4233333333e+01, 3.1931366667e+01, 2.3396226667e+04
 1500477300, 2.5760000000e+02, 1.9732000000e+02, 4.3520000000e+01, 3.1977833333e+01, 2.3396816667e+04
 1500477600, 2.5210000000e+02, 1.9284000000e+02, 4.2840000000e+01, 3.1964600000e+01, 2.3397223333e+04
 1500477900, 2.5720000000e+02, 1.9532000000e+02, 4.4880000000e+01, 3.2001266667e+01, 2.3396673333e+04
 1500478200, 2.6488333333e+02, 1.9995333333e+02, 4.7906666667e+01, 3.2040233333e+01, 2.3397926667e+04
 1500478500, 2.6000000000e+02, 1.9800000000e+02, 4.4000000000e+01, 3.2039466667e+01, 2.3397330000e+04
 1500478800, 2.6823333333e+02, 2.0294000000e+02, 4.7293333333e+01, 3.2044233333e+01, 2.3396623333e+04
 1500479100, 2.7000000000e+02, 2.0400000000e+02, 4.6753333333e+01, 3.2008766667e+01, 2.3396396667e+04
 1500479400, 2.6576666667e+02, 1.9976666667e+02, 4.6846666667e+01, 3.2177633333e+01, 2.3405803333e+04
 1500479700, 2.6110000000e+02, 1.9576000000e+02, 4.7560000000e+01, 3.2421933333e+01, 2.3407396667e+04
 1500480000, 2.6490000000e+02, 2.0188000000e+02, 4.6000000000e+01, 3.2572100000e+01, 2.3406830000e+04
 1500480300, 2.6000000000e+02, 1.9600000000e+02, 4.6000000000e+01, 3.2677700000e+01, 2.3406540000e+04
 1500480600, 2.6823333333e+02, 2.0094000000e+02, 4.6000000000e+01, 3.2715933333e+01, 2.3406063333e+04
 1500480900, 2.5760000000e+02, 2.0076000000e+02, 3.6080000000e+01, 3.2669866667e+01, 2.3406956667e+04
 1500481200, 2.5210000000e+02, 1.9748000000e+02, 3.5880000000e+01, 3.2634400000e+01, 2.3405800000e+04
 1500481500, 2.5835000000e+02, 1.9623333333e+02, 4.4446666667e+01, 3.2681066667e+01, 2.3406040000e+04
 1500481800, 2.6970000000e+02, 2.0384000000e+02, 4.5840000000e+01, 2.9295133333e+01, 2.3695166667e+04
 1500482100, 2.5500000000e+02, 1.9600000000e+02, 3.8000000000e+01, 2.8610500000e+01, 2.3407366667e+04
 1500482400, 2.4680000000e+02, 1.9764000000e+02, 3.1440000000e+01, 2.9841366667e+01, 2.3407026667e+04
 1500482700, 2.5740000000e+02, 2.0172000000e+02, 3.7440000000e+01, 3.0679000000e+01, 2.3406756667e+04
 1500483000, 2.6500000000e+02, 2.0148000000e+02, 4.3680000000e+01, 3.1259966667e+01, 2.3406416667e+04
 1500483300, 2.6500000000e+02, 1.9889333333e+02, 4.5553333333e+01, 3.1665400000e+01, 2.3406863333e+04
 1500483600, 2.6486666667e+02, 2.0189333333e+02, 4.3946666667e+01, 3.2055766667e+01, 2.3408956667e+04
 1500483900, 2.6000000000e+02, 1.9800000000e+02, 4.2000000000e+01, 3.2338066667e+01, 2.3407796667e+04
 1500484200, 2.6411666667e+02, 1.9800000000e+02, 4.8586666667e+01, 3.2523366667e+01, 2.3407943333e+04
 1500484500, 2.6190000000e+02, 1.9428000000e+02, 4.7520000000e+01, 3.2597000000e+01, 2.3414173333e+04
 1500484800, 2.6210000000e+02, 1.9284000000e+02, 4.7680000000e+01, 3.2661533333e+01, 2.3413200000e+04
 1500485100, 2.6170000000e+02, 1.9444000000e+02, 4.6480000000e+01, 3.2731866667e+01, 2.3412820000e+04
 1500485400, 2.5020000000e+02, 1.9612000000e+02, 3.4160000000e+01, 3.2799233333e+01, 2.3413823333e+04
 1500485700, 2.6000000000e+02, 2.0200000000e+02, 4.2000000000e+01, 3.2862666667e+01, 2.3413946667e+04
 1500486000, 2.6000000000e+02, 1.9870666667e+02, 4.3646666667e+01, 3.2874066667e+01, 2.3413246667e+04
 1500486300, 2.5690000000e+02, 2.0048000000e+02, 3.7800000000e+01, 3.2908666667e+01, 2.3413360000e+04
 1500486600, 2.5710000000e+02, 1.9780000000e+02, 4.1560000000e+01, 3.2928500000e+01, 2.3413046667e+04
 1500486900, 2.6111666667e+02, 1.9468000000e+02, 5.0213333333e+01, 3.2953133333e+01, 2.3412930000e+04
 1500487200, 2.6511666667e+02, 2.0404666667e+02, 4.4046666667e+01, 3.2988533333e+01, 2.3412463333e+04
 1500487500, 2.7000000000e+02, 2.0600000000e+02, 4.6000000000e+01, 3.2877466667e+01, 2.3412800000e+04
 1500487800, 2.6586666667e+02, 2.0269333333e+02, 4.6000000000e+01, 3.2905033333e+01, 2.3412780000e+04
 1500488100, 2.6810000000e+02, 2.0448000000e+02, 4.6000000000e+01, 3.2916800000e+01, 2.3412840000e+04
 1500488400, 2.6788333333e+02, 2.0515333333e+02, 4.5153333333e+01, 3.2951966667e+01, 2.3413473333e+04
 1500488700, 2.6611666667e+02, 2.0489333333e+02, 4.4446666667e+01, 3.2928200000e+01, 2.3414273333e+04
 1500489000, 2.7000000000e+02, 2.0790666667e+02, 4.6000000000e+01, 3.2917833333e+01, 2.3412823333e+04
 1500489300, 2.7000000000e+02, 2.0400000000e+02, 4.6000000000e+01, 3.1176233333e+01, 2.3662443333e+04
 1500489600, 1.0466666667e+02, 6.3466666667e+01, 2.2853333333e+01, 2.5912433333e+01, 2.3662990000e+04
 1500489900, 1.9400000000e+02, 1.4064000000e+02, 3.4120000000e+01, 2.7394200000e+01, 2.3414606667e+04
 1500490200, 2.7000000000e+02, 2.0261333333e+02, 4.1460000000e+01, 2.8940166667e+01, 2.3415423333e+04
 1500490500, 2.7000000000e+02, 1.9889333333e+02, 4.0233333333e+01, 2.9917100000e+01, 2.3415046667e+04
 1500490800, 2.6976666667e+02, 2.0190666667e+02, 4.7953333333e+01, 3.0651600000e+01, 2.3410316667e+04
 1500491100, 2.6000000000e+02, 1.9800000000e+02, 4.6000000000e+01, 3.0991833333e+01, 2.3407196667e+04
 1500491400, 2.4346666667e+02, 1.9304000000e+02, 3.4426666667e+01, 3.1256666667e+01, 2.3407200000e+04
 1500491700, 2.5240000000e+02, 1.9448000000e+02, 4.0680000000e+01, 3.1386800000e+01, 2.3406746667e+04
 1500492000, 2.6426666667e+02, 1.9941333333e+02, 4.6000000000e+01, 3.1523833333e+01, 2.3405623333e+04
 1500492300, 2.7000000000e+02, 2.0400000000e+02, 4.6000000000e+01, 3.1599333333e+01, 2.3406420000e+04
 1500492600, 2.6960000000e+02, 2.0389333333e+02, 4.5946666667e+01, 3.1702666667e+01, 2.3406803333e+04
 1500492900, 2.5500000000e+02, 2.0000000000e+02, 4.4000000000e+01, 3.1797300000e+01, 2.3406790000e+04
 1500493200, 2.6326666667e+02, 2.0000000000e+02, 4.5653333333e+01, 3.1865600000e+01, 2.3406420000e+04
 1500493500, 2.6500000000e+02, 2.0249333333e+02, 4.3506666667e+01, 3.1896366667e+01, 2.3406380000e+04
 1500493800, 2.6080000000e+02, 1.9896000000e+02, 4.3680000000e+01, 3.1845100000e+01, 2.3406773333e+04
 1500494100, 2.5611666667e+02, 1.9334000000e+02, 4.6000000000e+01, 3.1859933333e+01, 2.3407063333e+04
 1500494400, 2.5973333333e+02, 1.9805333333e+02, 4.5520000000e+01, 3.1881500000e+01, 2.3407426667e+04
 1500494700, 2.5000000000e+02, 2.0000000000e+02, 2.8000000000e+01, 3.1910200000e+01, 2.3407560000e+04
 1500495000, 2.5410000000e+02, 1.9836000000e+02, 3.7840000000e+01, 3.1884166667e+01, 2.3406620000e+04
 1500495300, 2.6123333333e+02, 2.0174000000e+02, 4.2493333333e+01, 3.1952666667e+01, 2.3407426667e+04
 1500495600, 2.6711666667e+02, 2.0400000000e+02, 4.5693333333e+01, 3.1960000000e+01, 2.3407780000e+04
 1500495900, 2.6560000000e+02, 2.0224000000e+02, 4.4920000000e+01, 3.1962066667e+01, 2.3407193333e+04
 1500496200, 2.5035000000e+02, 1.9609333333e+02, 3.4280000000e+01, 3.1954100000e+01, 2.3407223333e+04
 1500496500, 2.6500000000e+02, 2.0000000000e+02, 4.6000000000e+01, 3.1949600000e+01, 2.3406520000e+04
 1500496800, 2.6500000000e+02, 1.9344000000e+02, 5.0920000000e+01, 3.1921933333e+01, 2.3406836667e+04
 1500497100, 2.5876666667e+02, 1.8950666667e+02, 5.0753333333e+01, 3.0880266667e+01, 2.3408473333e+04
 1500497400, 2.5923333333e+02, 1.9223333333e+02, 4.9153333333e+01, 3.1001266667e+01, 2.3409370000e+04
 1500497700, 2.6280000000e+02, 1.9668000000e+02, 4.7560000000e+01, 3.1292833333e+01, 2.3409440000e+04
 1500498000, 2.5488333333e+02, 1.9200000000e+02, 4.5906666667e+01, 3.1500100000e+01, 2.3409376667e+04
 1500498300, 2.5000000000e+02, 1.9200000000e+02, 4.2000000000e+01, 3.1646400000e+01, 2.3409646667e+04
 1500498600, 2.6646666667e+02, 2.0352666667e+02, 4.3646666667e+01, 3.1720633333e+01, 2.3410253333e+04
 1500498900, 2.7000000000e+02, 2.0475333333e+02, 4.5246666667e+01, 3.1755633333e+01, 2.3409920000e+04
 1500499200, 2.6580000000e+02, 2.0148000000e+02, 4.5160000000e+01, 3.1827600000e+01, 2.3409606667e+04
 1500499500, 2.5776666667e+02, 1.9889333333e+02, 4.0426666667e+01, 3.1883166667e+01, 2.3409180000e+04
 1500499800, 2.5030000000e+02, 2.0192000000e+02, 2.8400000000e+01, 3.1934833333e+01, 2.3408396667e+04
 1500500100, 2.6500000000e+02, 1.9800000000e+02, 4.8000000000e+01, 3.1896333333e+01, 2.3408780000e+04
 1500500400, 2.6088333333e+02, 1.9800000000e+02, 4.4706666667e+01, 3.1882366667e+01, 2.3408000000e+04
 1500500700, 2.6626666667e+02, 2.0176000000e+02, 4.5253333333e+01, 3.1926300000e+01, 2.3410040000e+04
 1500501000, 2.6153333333e+02, 2.0146000000e+02, 4.1766666667e+01, 3.1931333333e+01, 2.3410376667e+04
 1500501300, 2.5000000000e+02, 1.9621333333e+02, 3.7786666667e+01, 3.1827166667e+01, 2.3408783333e+04
 1500501600, 2.5040000000e+02, 1.9028000000e+02, 4.4040000000e+01, 3.1867600000e+01, 2.3408186667e+04
 1500501900, 2.7000000000e+02, 2.0400000000e+02, 4.6000000000e+01, 3.1928866667e+01, 2.3407393333e+04
 1500502200, 2.5360000000e+02, 1.9580000000e+02, 3.7800000000e+01, 3.1948633333e+01, 2.3408620000e+04
 1500502500, 2.5311666667e+02, 1.9150666667e+02, 4.3480000000e+01, 3.1949800000e+01, 2.3409603333e+04
 1500502800, 2.5288333333e+02, 1.9084666667e+02, 4.5460000000e+01, 3.1837266667e+01, 2.3408816667e+04
 1500503100, 2.5440000000e+02, 1.9420000000e+02, 4.3760000000e+01, 3.1867400000e+01, 2.3408800000e+04
 1500503400, 2.6976666667e+02, 2.0186000000e+02, 4.9906666667e+01, 3.1883433333e+01, 2.3408806667e+04
 1500503700, 2.6000000000e+02, 1.9600000000e+02, 4.6000000000e+01, 3.1940933333e+01, 2.3408796667e+04
 1500504000, 2.5588333333e+02, 1.9270666667e+02, 4.4353333333e+01, 3.1888333333e+01, 2.3409633333e+04
 1500504300, 2.5810000000e+02, 1.9572000000e+02, 4.2760000000e+01, 3.1871600000e+01, 2.3410160000e+04
 1500504600, 2.5790000000e+02, 1.9716000000e+02, 4.0320000000e+01, 3.0910500000e+01, 2.3410816667e+04
 1500504900, 2.5388333333e+02, 1.9466000000e+02, 3.8893333333e+01, 3.1147333333e+01, 2.3411603333e+04
 1500505200, 2.5010000000e+02, 1.9016000000e+02, 4.1960000000e+01, 3.1316600000e+01, 2.3408980000e+04
 1500505500, 2.5500000000e+02, 1.9800000000e+02, 4.0000000000e+01, 3.1466033333e+01, 2.3408650000e+04
 1500505800, 2.4270000000e+02, 1.9308000000e+02, 3.3440000000e+01, 3.1527566667e+01, 2.3409780000e+04
 1500506100, 2.5240000000e+02, 1.9324000000e+02, 4.1920000000e+01, 3.1655866667e+01, 2.3409980000e+04
 1500506400, 2.6211666667e+02, 1.9654000000e+02, 4.7153333333e+01, 3.1726000000e+01, 2.3410243333e+04
 1500506700, 2.6610000000e+02, 2.0088000000e+02, 4.6440000000e+01, 3.1640433333e+01, 2.3411540000e+04
 1500507000, 2.6960000000e+02, 2.0380000000e+02, 4.7840000000e+01, 3.1717666667e+01, 2.3409380000e+04
 1500507300, 2.5000000000e+02, 1.9400000000e+02, 4.0000000000e+01, 3.1818033333e+01, 2.3409623333e+04
 1500507600, 2.5411666667e+02, 1.9564666667e+02, 4.1646666667e+01, 3.1866100000e+01, 2.3409413333e+04
 1500507900, 2.6123333333e+02, 1.9849333333e+02, 4.5740000000e+01, 3.1911400000e+01, 2.3409963333e+04
 1500508200, 2.6290000000e+02, 1.9916000000e+02, 4.6320000000e+01, 3.1855066667e+01, 2.3409640000e+04
 1500508500, 2.5665000000e+02, 1.9755333333e+02, 4.1766666667e+01, 3.1894866667e+01, 2.3410216667e+04
 1500508800, 2.4550000000e+02, 1.9616000000e+02, 3.4280000000e+01, 3.1949233333e+01, 2.3410476667e+04
 1500509100, 2.7000000000e+02, 2.0400000000e+02, 4.8000000000e+01, 3.1953900000e+01, 2.3411266667e+04
 1500509400, 2.7000000000e+02, 2.0400000000e+02, 4.6353333333e+01, 3.1903866667e+01, 2.3410823333e+04
 1500509700, 2.6688333333e+02, 2.0150666667e+02, 4.6000000000e+01, 3.1868233333e+01, 2.3410596667e+04
 1500510000, 2.6500000000e+02, 2.0000000000e+02, 4.6000000000e+01, 3.1876900000e+01, 2.3410343333e+04
 1500510300, 2.6060000000e+02, 1.9912000000e+02, 4.2040000000e+01, 3.1888133333e+01, 2.3411220000e+04
 1500510600, 2.4510000000e+02, 1.9592000000e+02, 2.8280000000e+01, 3.1798900000e+01, 2.3410383333e+04
 1500510900, 2.5000000000e+02, 1.9200000000e+02, 4.2000000000e+01, 3.1801300000e+01, 2.3410200000e+04
 1500511200, 2.6235000000e+02, 1.9694000000e+02, 4.5293333333e+01, 3.1859066667e+01, 2.3409806667e+04
 1500511500, 2.6500000000e+02, 1.9924666667e+02, 4.4753333333e+01, 3.1896933333e+01, 2.3409623333e+04
 1500511800, 2.6080000000e+02, 1.9832000000e+02, 4.2320000000e+01, 3.1611833333e+01, 2.3456010000e+04
 1500512100, 2.5390000000e+02, 1.9424000000e+02, 4.0000000000e+01, 3.0906700000e+01, 2.3411006667e+04
 1500512400, 2.5023333333e+02, 1.8832666667e+02, 4.0046666667e+01, 3.1166000000e+01, 2.3410993333e+04
 1500512700, 2.6000000000e+02, 2.0200000000e+02, 4.2000000000e+01, 3.1328466667e+01, 2.3411456667e+04
 1500513000, 2.6000000000e+02, 2.0528000000e+02, 4.5280000000e+01, 3.1460600000e+01, 2.3411970000e+04
 1500513300, 2.6311666667e+02, 2.0475333333e+02, 4.6000000000e+01, 3.1605033333e+01, 2.3411023333e+04
 1500513600, 2.6080000000e+02, 1.9812000000e+02, 4.6840000000e+01, 3.1740666667e+01, 2.3411016667e+04
 1500513900, 2.5835000000e+02, 1.9312666667e+02, 4.7106666667e+01, 3.1738833333e+01, 2.3411780000e+04
 1500514200, 2.6988333333e+02, 2.0386000000e+02, 4.4046666667e+01, 3.1706666667e+01, 2.3411173333e+04
 1500514500, 2.6500000000e+02, 1.9800000000e+02, 4.6000000000e+01, 3.1813800000e+01, 2.3410813333e+04
 1500514800, 2.5680000000e+02, 1.9636000000e+02, 4.1080000000e+01, 3.1868833333e+01, 2.3411783333e+04
 1500515100, 2.5190000000e+02, 1.9228000000e+02, 4.1240000000e+01, 3.1835100000e+01, 2.3413043333e+04
 1500515400, 2.5420000000e+02, 1.9336000000e+02, 4.3680000000e+01, 3.1893233333e+01, 2.3412356667e+04
 1500515700, 2.5890000000e+02, 1.9756000000e+02, 4.5120000000e+01, 3.1907066667e+01, 2.3411633333e+04
 1500516000, 2.5510000000e+02, 1.9616000000e+02, 4.1920000000e+01, 3.1904633333e+01, 2.3411803333e+04
 1500516300, 2.6000000000e+02, 2.0400000000e+02, 3.8000000000e+01, 3.1934333333e+01, 2.3411573333e+04
 1500516600, 2.6410000000e+02, 2.0236000000e+02, 4.6200000000e+01, 3.1957733333e+01, 2.3411820000e+04
 1500516900, 2.6188333333e+02, 1.9826000000e+02, 4.4260000000e+01, 3.1943666667e+01, 2.3412393333e+04
 1500517200, 2.6213333333e+02, 1.9685333333e+02, 4.4560000000e+01, 3.1930700000e+01, 2.3411226667e+04
 1500517500, 2.6060000000e+02, 1.9712000000e+02, 4.4040000000e+01, 3.1931000000e+01, 2.3412183333e+04
 1500517800, 2.4523333333e+02, 1.9404666667e+02, 3.0233333333e+01, 3.1838233333e+01, 2.3411403333e+04
 1500518100, 2.5500000000e+02, 1.9600000000e+02, 4.0000000000e+01, 3.1824700000e+01, 2.3411850000e+04
 1500518400, 2.5500000000e+02, 1.9435333333e+02, 4.3293333333e+01, 3.1789466667e+01, 2.3412350000e+04
 1500518700, 2.6435000000e+02, 2.0023333333e+02, 4.6493333333e+01, 3.1772066667e+01, 2.3411780000e+04
 1500519000, 2.6786666667e+02, 2.0400000000e+02, 4.6293333333e+01, 3.1818533333e+01, 2.3410400000e+04
 1500519300, 2.6388333333e+02, 2.0221333333e+02, 4.4000000000e+01, 3.1140433333e+01, 2.3652990000e+04
 1500519600, 2.6011666667e+02, 1.9618666667e+02, 4.3953333333e+01, 3.0705466667e+01, 2.3412000000e+04
 1500519900, 2.6500000000e+02, 2.0400000000e+02, 4.2000000000e+01, 3.1081233333e+01, 2.3413213333e+04
 1500520200, 2.5680000000e+02, 1.9416000000e+02, 4.3640000000e+01, 3.1370633333e+01, 2.3413000000e+04
 1500520500, 2.6123333333e+02, 1.9574000000e+02, 4.4000000000e+01, 3.1545766667e+01, 2.3413000000e+04
 1500520800, 2.6288333333e+02, 1.9800000000e+02, 4.4846666667e+01, 3.1694766667e+01, 2.3413223333e+04
 1500521100, 2.6000000000e+02, 1.9755333333e+02, 4.6000000000e+01, 3.1767033333e+01, 2.3413790000e+04
 1500521400, 2.5990000000e+02, 1.9592000000e+02, 4.5960000000e+01, 3.1806466667e+01, 2.3413403333e+04
 1500521700, 2.5500000000e+02, 1.9200000000e+02, 4.4000000000e+01, 3.1761433333e+01, 2.3413406667e+04
 1500522000, 2.6320000000e+02, 2.0184000000e+02, 4.4000000000e+01, 3.1818500000e+01, 2.3413806667e+04
 1500522300, 2.6813333333e+02, 2.0400000000e+02, 4.5253333333e+01, 3.1849333333e+01, 2.3412396667e+04
 1500522600, 2.5950000000e+02, 1.9896000000e+02, 4.0960000000e+01, 3.1907433333e+01, 2.3413416667e+04
 1500522900, 2.4726666667e+02, 1.9245333333e+02, 3.6266666667e+01, 3.1946200000e+01, 2.3414646667e+04
 1500523200, 2.5500000000e+02, 1.9412000000e+02, 4.4080000000e+01, 3.1949800000e+01, 2.3414556667e+04
 1500523500, 2.5500000000e+02, 2.0000000000e+02, 4.8000000000e+01, 3.1904500000e+01, 2.3412160000e+04
 1500523800, 2.5911666667e+02, 2.0000000000e+02, 4.4706666667e+01, 3.1905066667e+01, 2.3411826667e+04
 1500524100, 2.5690000000e+02, 1.9504000000e+02, 4.5240000000e+01, 3.1911500000e+01, 2.3412196667e+04
 1500524400, 2.5711666667e+02, 1.9369333333e+02, 4.5153333333e+01, 3.1901133333e+01, 2.3413026667e+04
 1500524700, 2.6223333333e+02, 1.9823333333e+02, 4.4000000000e+01, 3.1886933333e+01, 2.3414020000e+04
 1500525000, 2.6988333333e+02, 2.0590666667e+02, 4.4046666667e+01, 3.1908400000e+01, 2.3414393333e+04
 1500525300, 2.6500000000e+02, 2.0200000000e+02, 4.6000000000e+01, 3.1938666667e+01, 2.3415430000e+04
 1500525600, 2.5680000000e+02, 1.9708000000e+02, 4.2720000000e+01, 3.1904466667e+01, 2.3415400000e+04
 1500525900, 2.4575000000e+02, 1.9230000000e+02, 3.5833333333e+01, 3.1921566667e+01, 2.3414993333e+04
 1500526200, 2.4846666667e+02, 1.9000000000e+02, 4.0466666667e+01, 3.1979166667e+01, 2.3415203333e+04
 1500526500, 2.6111666667e+02, 1.9268000000e+02, 5.0660000000e+01, 3.2026700000e+01, 2.3415423333e+04
 1500526800, 2.6480000000e+02, 2.0192000000e+02, 4.5920000000e+01, 3.1220966667e+01, 2.3660086667e+04
 1500527100, 2.5500000000e+02, 1.9800000000e+02, 4.2000000000e+01, 3.1242666667e+01, 2.3417176667e+04
 1500527400, 2.6735000000e+02, 2.0458666667e+02, 4.5293333333e+01, 3.1455533333e+01, 2.3416420000e+04
 1500527700, 2.5140000000e+02, 1.9732000000e+02, 3.6080000000e+01, 3.1606933333e+01, 2.3416376667e+04
 1500528000, 2.4840000000e+02, 1.9200000000e+02, 3.7560000000e+01, 3.1680633333e+01, 2.3416256667e+04
 1500528300, 2.6111666667e+02, 1.9378666667e+02, 4.7553333333e+01, 3.1750333333e+01, 2.3417360000e+04
 1500528600, 2.6500000000e+02, 2.0000000000e+02, 4.6000000000e+01, 3.1708733333e+01, 2.3417606667e+04
 1500528900, 2.6500000000e+02, 2.0000000000e+02, 4.6000000000e+01, 3.1738600000e+01, 2.3416826667e+04
 1500529200, 2.4853333333e+02, 1.9670666667e+02, 3.4473333333e+01, 3.1787800000e+01, 2.3416626667e+04
 1500529500, 2.6370000000e+02, 2.0348000000e+02, 4.0726666667e+01, 3.1766466667e+01, 2.3416163333e+04
 1500529800, 2.7076666667e+02, 2.0461333333e+02, 4.5153333333e+01, 3.1781833333e+01, 2.3417196667e+04
 1500530100, 2.6386666667e+02, 2.0045333333e+02, 4.3546666667e+01, 3.1838100000e+01, 2.3416823333e+04
 1500530400, 2.5546666667e+02, 1.9800000000e+02, 4.1413333333e+01, 3.1640766667e+01, 2.3426260000e+04
 1500530700, 9.0000000000e+01, 5.2000000000e+01, 2.0000000000e+01, 3.0246400000e+01, 2.3405020000e+04
 1500531000, 2.3820000000e+02, 1.7714666667e+02, 4.1406666667e+01, 3.0713033333e+01, 2.3404783333e+04
 1500531300, 2.5760000000e+02, 1.9656000000e+02, 4.3520000000e+01, 3.1080200000e+01, 2.3405240000e+04
 1500531600, 2.5420000000e+02, 1.9620000000e+02, 4.2000000000e+01, 3.1347033333e+01, 2.3405616667e+04
 1500531900, 2.6000000000e+02, 2.0021333333e+02, 4.3340000000e+01, 3.1514500000e+01, 2.3406823333e+04
 1500532200, 2.5990000000e+02, 1.9396000000e+02, 4.7880000000e+01, 3.1551633333e+01, 2.3406196667e+04
 1500532500, 2.5500000000e+02, 1.9200000000e+02, 4.2000000000e+01, 3.1710833333e+01, 2.3405556667e+04
 1500532800, 2.6320000000e+02, 2.0020000000e+02, 4.3640000000e+01, 3.1807466667e+01, 2.3406023333e+04
 1500533100, 2.5876666667e+02, 1.9701333333e+02, 4.2753333333e+01, 3.1894066667e+01, 2.3407006667e+04
 1500533400, 2.6130000000e+02, 1.9820000000e+02, 4.3680000000e+01, 3.1967300000e+01, 2.3407263333e+04
 1500533700, 2.7000000000e+02, 2.0445333333e+02, 4.5546666667e+01, 3.1917233333e+01, 2.3407380000e+04
 1500534000, 2.6520000000e+02, 2.0189333333e+02, 4.3360000000e+01, 3.1793200000e+01, 2.3646456667e+04
 1500534300, 9.0000000000e+01, 5.2000000000e+01, 2.0000000000e+01, 3.0728333333e+01, 2.3405850000e+04
 1500534600, 2.1300000000e+02, 1.6680000000e+02, 2.8200000000e+01, 3.1075666667e+01, 2.3406253333e+04
 1500534900, 2.4310000000e+02, 1.9324000000e+02, 3.0000000000e+01, 3.1312100000e+01, 2.3406740000e+04
 1500535200, 2.4500000000e+02, 1.9568000000e+02, 3.0000000000e+01, 3.1467166667e+01, 2.3407046667e+04
 1500535500, 2.5058333333e+02, 1.9889333333e+02, 3.4020000000e+01, 3.1611233333e+01, 2.3406800000e+04
 1500535800, 2.7000000000e+02, 2.0204666667e+02, 4.8000000000e+01, 3.1707966667e+01, 2.3406183333e+04
 1500536100, 2.7000000000e+02, 2.0400000000e+02, 4.8000000000e+01, 3.1707666667e+01, 2.3406820000e+04
 1500536400, 2.6588333333e+02, 1.9906000000e+02, 4.8000000000e+01, 3.1781766667e+01, 2.3406626667e+04
 1500536700, 2.6810000000e+02, 1.9924000000e+02, 5.0480000000e+01, 3.1850133333e+01, 2.3407380000e+04
 1500537000, 2.6580000000e+02, 1.9916000000e+02, 4.9480000000e+01, 3.1836900000e+01, 2.3407443333e+04
 1500537300, 2.6110000000e+02, 1.9888000000e+02, 4.6000000000e+01, 3.1841966667e+01, 2.3407393333e+04
 1500537600, 2.6490000000e+02, 2.0200000000e+02, 4.5880000000e+01, 3.1864600000e+01, 2.3405973333e+04
 1500537900, 2.6000000000e+02, 2.0200000000e+02, 4.0000000000e+01, 3.1826566667e+01, 2.3406223333e+04
 1500538200, 2.7230000000e+02, 2.0692000000e+02, 4.6560000000e+01, 3.1865933333e+01, 2.3407203333e+04
 1500538500, 2.6880000000e+02, 2.0304000000e+02, 4.8000000000e+01, 3.1935533333e+01, 2.3406436667e+04
 1500538800, 2.6710000000e+02, 2.0000000000e+02, 4.8840000000e+01, 3.2011200000e+01, 2.3407860000e+04
 1500539100, 2.7000000000e+02, 2.0044666667e+02, 4.9553333333e+01, 3.2040200000e+01, 2.3407650000e+04
 1500539400, 2.7000000000e+02, 2.0200000000e+02, 4.8000000000e+01, 3.2052233333e+01, 2.3406216667e+04
 1500539700, 2.7000000000e+02, 2.0200000000e+02, 4.8000000000e+01, 3.1995866667e+01, 2.3406400000e+04
 1500540000, 2.6590000000e+02, 1.9544000000e+02, 5.2920000000e+01, 3.1984566667e+01, 2.3406410000e+04
 1500540300, 2.6500000000e+02, 1.9650666667e+02, 5.0240000000e+01, 3.1985566667e+01, 2.3406776667e+04
 1500540600, 2.6500000000e+02, 1.9884666667e+02, 4.6306666667e+01, 3.1951266667e+01, 2.3406823333e+04
 1500540900, 2.6611666667e+02, 2.0134000000e+02, 4.4893333333e+01, 3.1956466667e+01, 2.3408260000e+04
 1500541200, 2.7000000000e+02, 2.0600000000e+02, 4.8000000000e+01, 3.1937533333e+01, 2.3407583333e+04
 1500541500, 2.7000000000e+02, 2.0600000000e+02, 4.8000000000e+01, 3.0667866667e+01, 2.3406753333e+04
 1500541800, 2.6176666667e+02, 2.0106000000e+02, 4.3060000000e+01, 3.1029466667e+01, 2.3407046667e+04
 1500542100, 2.6620000000e+02, 2.0248000000e+02, 4.5720000000e+01, 3.1282166667e+01, 2.3407983333e+04
 1500542400, 2.6788333333e+02, 2.0400000000e+02, 4.5460000000e+01, 3.1477966667e+01, 2.3407623333e+04
 1500542700, 2.6390000000e+02, 2.0268000000e+02, 4.2000000000e+01, 3.1653266667e+01, 2.3407320000e+04
 1500543000, 2.6026666667e+02, 1.9821333333e+02, 4.2160000000e+01, 3.1721866667e+01, 2.3406866667e+04
 1500543300, 2.7000000000e+02, 2.0600000000e+02, 4.8000000000e+01, 3.1754933333e+01, 2.3407016667e+04
 1500543600, 2.6586666667e+02, 2.0269333333e+02, 4.4693333333e+01, 3.1811900000e+01, 2.3406800000e+04
 1500543900, 2.6186666667e+02, 1.9949333333e+02, 4.2746666667e+01, 3.1794766667e+01, 2.3407000000e+04
 1500544200, 2.6211666667e+02, 1.9715333333e+02, 4.5386666667e+01, 3.1833800000e+01, 2.3407600000e+04
 1500544500, 2.6390000000e+02, 1.9688000000e+02, 5.0000000000e+01, 3.1911700000e+01, 2.3408023333e+04
 1500544800, 2.6000000000e+02, 2.0000000000e+02, 4.9840000000e+01, 3.1972833333e+01, 2.3407810000e+04
 1500545100, 2.6000000000e+02, 2.0000000000e+02, 4.2000000000e+01, 3.2012500000e+01, 2.3408770000e+04
 1500545400, 2.6413333333e+02, 2.0000000000e+02, 4.3653333333e+01, 3.2020200000e+01, 2.3406773333e+04
 1500545700, 2.5260000000e+02, 2.0000000000e+02, 3.5320000000e+01, 3.2027966667e+01, 2.3406196667e+04
 1500546000, 2.4920000000e+02, 2.0168000000e+02, 3.1680000000e+01, 3.2044500000e+01, 2.3406650000e+04
 1500546300, 2.5500000000e+02, 2.0354666667e+02, 3.4453333333e+01, 3.2049300000e+01, 2.3407976667e+04
 1500546600, 2.5523333333e+02, 2.0209333333e+02, 3.6046666667e+01, 3.2022433333e+01, 2.3408386667e+04
 1500546900, 2.6500000000e+02, 2.0600000000e+02, 3.8000000000e+01, 3.2050400000e+01, 2.3407800000e+04
 1500547200, 2.7326666667e+02, 2.0600000000e+02, 4.6266666667e+01, 3.2022566667e+01, 2.3407230000e+04
 1500547500, 2.6880000000e+02, 2.0104000000e+02, 4.9240000000e+01, 3.1986000000e+01, 2.3408200000e+04
 1500547800, 2.6710000000e+02, 1.9968000000e+02, 5.0000000000e+01, 3.1996633333e+01, 2.3408003333e+04
 1500548100, 2.6890000000e+02, 2.0156000000e+02, 4.9560000000e+01, 3.2022433333e+01, 2.3407423333e+04
 1500548400, 2.6510000000e+02, 2.0012000000e+02, 4.7960000000e+01, 3.1978300000e+01, 2.3432300000e+04
 1500548700, 2.7000000000e+02, 2.0600000000e+02, 4.6000000000e+01, 3.0819200000e+01, 2.3623663333e+04
 1500549000, 2.7411666667e+02, 2.0600000000e+02, 4.7646666667e+01, 3.1096333333e+01, 2.3409530000e+04
 1500549300, 2.6575000000e+02, 1.9860000000e+02, 4.9233333333e+01, 3.1308533333e+01, 2.3408970000e+04
 1500549600, 2.6211666667e+02, 1.9738666667e+02, 4.8306666667e+01, 3.1401766667e+01, 2.3407800000e+04
 1500549900, 2.6500000000e+02, 2.0200000000e+02, 4.6000000000e+01, 3.1526966667e+01, 2.3408206667e+04
 1500550200, 2.6460000000e+02, 2.0188000000e+02, 4.5680000000e+01, 3.1618733333e+01, 2.3408640000e+04
 1500550500, 2.4500000000e+02, 1.9600000000e+02, 3.0000000000e+01, 3.1668333333e+01, 2.3408763333e+04
 1500550800, 2.4910000000e+02, 1.9600000000e+02, 3.6560000000e+01, 3.1720466667e+01, 2.3408786667e+04
 1500551100, 2.4690000000e+02, 1.9724000000e+02, 3.1800000000e+01, 3.1762100000e+01, 2.3410220000e+04
 1500551400, 2.4500000000e+02, 1.9716000000e+02, 2.8840000000e+01, 3.1745133333e+01, 2.3409186667e+04
 1500551700, 2.4611666667e+02, 1.9644666667e+02, 3.0446666667e+01, 3.1778700000e+01, 2.3409196667e+04
 1500552000, 2.5030000000e+02, 1.9808000000e+02, 3.2240000000e+01, 3.1838500000e+01, 2.3407960000e+04
 1500552300, 2.6500000000e+02, 2.0200000000e+02, 4.4000000000e+01, 3.1831666667e+01, 2.3408460000e+04
 1500552600, 2.5270000000e+02, 1.9872000000e+02, 3.9080000000e+01, 3.1907433333e+01, 2.3409310000e+04
 1500552900, 2.5623333333e+02, 2.0298666667e+02, 3.8000000000e+01, 3.1904966667e+01, 2.3407663333e+04
 1500553200, 2.5786666667e+02, 2.0088000000e+02, 4.0560000000e+01, 3.1919133333e+01, 2.3409193333e+04
 1500553500, 2.5611666667e+02, 1.9489333333e+02, 4.4446666667e+01, 3.1970066667e+01, 2.3408403333e+04
 1500553800, 2.6023333333e+02, 1.9818666667e+02, 4.6000000000e+01, 3.1908800000e+01, 2.3408973333e+04
 1500554100, 2.7000000000e+02, 2.0600000000e+02, 4.6000000000e+01, 3.1941600000e+01, 2.3408800000e+04
 1500554400, 2.7000000000e+02, 2.0435333333e+02, 4.7646666667e+01, 3.1982266667e+01, 2.3408373333e+04
 1500554700, 2.6688333333e+02, 2.0400000000e+02, 4.5506666667e+01, 3.1994700000e+01, 2.3408400000e+04
 1500555000, 2.6080000000e+02, 1.9896000000e+02, 4.4000000000e+01, 3.1988633333e+01, 2.3408600000e+04
 1500555300, 2.5390000000e+02, 1.9200000000e+02, 4.3120000000e+01, 3.1842333333e+01, 2.3408186667e+04
 1500555600, 2.5046666667e+02, 1.9228000000e+02, 4.0093333333e+01, 3.1873100000e+01, 2.3408043333e+04
 1500555900, 2.7000000000e+02, 2.0400000000e+02, 4.4000000000e+01, 3.1205266667e+01, 2.3609253333e+04
 1500556200, 2.5770000000e+02, 1.9416000000e+02, 4.4000000000e+01, 3.1120966667e+01, 2.3409623333e+04
 1500556500, 2.6430000000e+02, 1.9820000000e+02, 4.5240000000e+01, 3.1358966667e+01, 2.3410266667e+04
 1500556800, 2.6370000000e+02, 2.0032000000e+02, 4.2640000000e+01, 3.1562300000e+01, 2.3409383333e+04
 1500557100, 2.5611666667e+02, 1.9889333333e+02, 3.8446666667e+01, 3.1662300000e+01, 2.3409436667e+04
 1500557400, 2.5970000000e+02, 2.0188000000e+02, 3.9760000000e+01, 3.1713200000e+01, 2.3409760000e+04
 1500557700, 2.4500000000e+02, 1.9600000000e+02, 2.8000000000e+01, 3.1787933333e+01, 2.3408826667e+04
 1500558000, 2.4910000000e+02, 1.9436000000e+02, 3.4560000000e+01, 3.1814133333e+01, 2.3409823333e+04
 1500558300, 2.5935000000e+02, 1.9649333333e+02, 4.3480000000e+01, 3.1817700000e+01, 2.3410473333e+04
 1500558600, 2.6080000000e+02, 1.9548000000e+02, 4.5480000000e+01, 3.1812466667e+01, 2.3410863333e+04
 1500558900, 2.5723333333e+02, 1.9378666667e+02, 4.2000000000e+01, 3.1876166667e+01, 2.3411330000e+04
 1500559200, 2.6500000000e+02, 2.0004000000e+02, 4.2080000000e+01, 3.1932866667e+01, 2.3410573333e+04
 1500559500, 2.6500000000e+02, 2.0200000000e+02, 4.6000000000e+01, 3.1914900000e+01, 2.3410000000e+04
 1500559800, 2.6088333333e+02, 1.9870666667e+02, 4.4353333333e+01, 3.1906833333e+01, 2.3410000000e+04
 1500560100, 2.5690000000e+02, 1.9552000000e+02, 4.2760000000e+01, 3.1909633333e+01, 2.3410403333e+04
 1500560400, 2.6135000000e+02, 1.9569333333e+02, 4.4540000000e+01, 3.1895033333e+01, 2.3410796667e+04
 1500560700, 2.6780000000e+02, 1.9800000000e+02, 4.6680000000e+01, 3.1928233333e+01, 2.3410360000e+04
 1500561000, 2.6030000000e+02, 1.9816000000e+02, 4.2040000000e+01, 3.1944900000e+01, 2.3410283333e+04
 1500561300, 2.7500000000e+02, 2.0600000000e+02, 4.4000000000e+01, 3.1984466667e+01, 2.3410580000e+04
 1500561600, 2.5441666667e+02, 1.9612000000e+02, 3.7413333333e+01, 3.1989300000e+01, 2.3410403333e+04
 1500561900, 2.6566666667e+02, 2.0402666667e+02, 4.3520000000e+01, 3.1972533333e+01, 2.3410840000e+04
 1500562200, 2.6865000000e+02, 2.0407333333e+02, 4.6306666667e+01, 3.1929266667e+01, 2.3411570000e+04
 1500562500, 2.6111666667e+02, 1.9734000000e+02, 4.4000000000e+01, 3.1954233333e+01, 2.3412450000e+04
 1500562800, 2.6523333333e+02, 2.0209333333e+02, 4.4093333333e+01, 3.1905266667e+01, 2.3410600000e+04
 1500563100, 2.7500000000e+02, 2.0600000000e+02, 4.8000000000e+01, 3.0060133333e+01, 2.3625400000e+04
 1500563400, 2.5860000000e+02, 1.9288000000e+02, 4.6360000000e+01, 2.7358333333e+01, 2.3410853333e+04
 1500563700, 2.6123333333e+02, 1.9623333333e+02, 4.6000000000e+01, 2.8678266667e+01, 2.3411383333e+04
 1500564000, 2.6711666667e+02, 2.0000000000e+02, 4.6846666667e+01, 2.9642966667e+01, 2.3411420000e+04
 1500564300, 2.6560000000e+02, 2.0044000000e+02, 4.6680000000e+01, 3.0243100000e+01, 2.3411156667e+04
 1500564600, 2.5011666667e+02, 2.0176666667e+02, 4.2000000000e+01, 3.0660700000e+01, 2.3412446667e+04
 1500564900, 2.5500000000e+02, 1.9200000000e+02, 4.2000000000e+01, 3.1063000000e+01, 2.3411593333e+04
 1500565200, 2.5910000000e+02, 1.9692000000e+02, 4.2000000000e+01, 3.1297866667e+01, 2.3412396667e+04
 1500565500, 2.6000000000e+02, 1.9800000000e+02, 4.2000000000e+01, 3.1448133333e+01, 2.3411413333e+04
 1500565800, 2.5790000000e+02, 1.9632000000e+02, 4.2000000000e+01, 3.1748033333e+01, 2.3420053333e+04
 1500566100, 2.5500000000e+02, 1.9664000000e+02, 4.2880000000e+01, 3.2095766667e+01, 2.3421196667e+04
 1500566400, 2.5546666667e+02, 2.0604666667e+02, 4.6000000000e+01, 3.2255166667e+01, 2.3422026667e+04
 1500566700, 2.7500000000e+02, 2.0800000000e+02, 4.6000000000e+01, 3.2418466667e+01, 2.3421553333e+04
 1500567000, 2.7088333333e+02, 2.0635333333e+02, 4.4353333333e+01, 3.2563700000e+01, 2.3420776667e+04
 1500567300, 2.7310000000e+02, 2.0724000000e+02, 4.6480000000e+01, 3.2662166667e+01, 2.3419426667e+04
 1500567600, 2.6450000000e+02, 2.0380000000e+02, 4.1280000000e+01, 3.2602300000e+01, 2.3419623333e+04
 1500567900, 2.5110000000e+02, 1.9800000000e+02, 3.3320000000e+01, 3.2676066667e+01, 2.3419606667e+04
 1500568200, 2.5480000000e+02, 1.9800000000e+02, 3.7840000000e+01, 3.2692333333e+01, 2.3419640000e+04
 1500568500, 2.4500000000e+02, 1.9800000000e+02, 3.0000000000e+01, 3.2771200000e+01, 2.3420716667e+04
 1500568800, 2.4910000000e+02, 1.9964000000e+02, 3.1640000000e+01, 3.2845233333e+01, 2.3420666667e+04
 1500569100, 2.4688333333e+02, 2.0249333333e+02, 3.3246666667e+01, 3.2854133333e+01, 2.3419786667e+04
 1500569400, 2.4920000000e+02, 2.0148000000e+02, 3.6520000000e+01, 3.2864266667e+01, 2.3421503333e+04
 1500569700, 2.5500000000e+02, 1.9800000000e+02, 3.9560000000e+01, 3.2925666667e+01, 2.3425843333e+04
 1500570000, 2.5488333333e+02, 1.9786000000e+02, 3.7953333333e+01, 3.2981366667e+01, 2.3424946667e+04
 1500570300, 2.5000000000e+02, 1.9200000000e+02, 3.6000000000e+01, 3.2995733333e+01, 2.3449856667e+04
 1500570600, 9.2933333333e+01, 5.6426666667e+01, 1.6160000000e+01, 2.7750000000e+01, 2.3891733333e+04
 1500570900, 6.3133333333e+01, 2.9253333333e+01, 1.3253333333e+01, 2.0666533333e+01, 2.3427480000e+04
 1500571200, 1.4331666667e+02, 9.6040000000e+01, 2.6700000000e+01, 1.9162300000e+01, 2.3428546667e+04
 1500571500, 2.5440000000e+02, 1.8996000000e+02, 4.4880000000e+01, 2.2905433333e+01, 2.3429196667e+04
 1500571800, 2.6960000000e+02, 2.0388000000e+02, 4.7680000000e+01, 2.5699933333e+01, 2.3429226667e+04
 1500572100, 2.5000000000e+02, 1.9800000000e+02, 3.2000000000e+01, 2.7747366667e+01, 2.3427563333e+04
 1500572400, 2.7058333333e+02, 2.0458666667e+02, 4.5173333333e+01, 2.9184366667e+01, 2.3429023333e+04
 1500572700, 2.7500000000e+02, 2.0600000000e+02, 4.9253333333e+01, 3.0188700000e+01, 2.3429436667e+04
 1500573000, 2.7080000000e+02, 2.0348000000e+02, 4.9160000000e+01, 3.0982000000e+01, 2.3428620000e+04
 1500573300, 2.6611666667e+02, 2.0000000000e+02, 4.8000000000e+01, 3.1557733333e+01, 2.3429243333e+04
 1500573600, 2.7000000000e+02, 2.0014000000e+02, 4.7953333333e+01, 3.1963533333e+01, 2.3430006667e+04
 1500573900, 2.7000000000e+02, 2.0600000000e+02, 4.6000000000e+01, 3.2259200000e+01, 2.3429590000e+04
 1500574200, 2.7000000000e+02, 2.0600000000e+02, 4.6000000000e+01, 3.2464333333e+01, 2.3429776667e+04
 1500574500, 2.6380000000e+02, 1.9856000000e+02, 4.6000000000e+01, 3.2585500000e+01, 2.3429383333e+04
 1500574800, 2.6000000000e+02, 1.9400000000e+02, 4.6840000000e+01, 3.2690533333e+01, 2.3428023333e+04
 1500575100, 2.6220000000e+02, 1.9576000000e+02, 4.7560000000e+01, 3.2756033333e+01, 2.3429000000e+04
 1500575400, 2.7000000000e+02, 2.0209333333e+02, 4.6000000000e+01, 3.2752333333e+01, 2.3429196667e+04
 1500575700, 2.7000000000e+02, 2.0600000000e+02, 4.6000000000e+01, 3.2805766667e+01, 2.3428990000e+04
 1500576000, 2.7000000000e+02, 2.0104000000e+02, 5.0960000000e+01, 3.2874433333e+01, 2.3429606667e+04
 1500576300, 2.7000000000e+02, 2.0374000000e+02, 4.9506666667e+01, 3.2892166667e+01, 2.3429600000e+04
 1500576600, 2.6153333333e+02, 2.0600000000e+02, 4.2073333333e+01, 3.2921500000e+01, 2.3430223333e+04
 1500576900, 2.5223333333e+02, 2.0510666667e+02, 3.4893333333e+01, 3.2972433333e+01, 2.3429023333e+04
 1500577200, 2.5975000000e+02, 2.0186666667e+02, 3.7933333333e+01, 3.2972033333e+01, 2.3429416667e+04
 1500577500, 2.4500000000e+02, 1.9400000000e+02, 3.4000000000e+01, 3.3017100000e+01, 2.3428426667e+04
 1500577800, 2.4500000000e+02, 1.9728000000e+02, 3.0720000000e+01, 3.3030766667e+01, 2.3429973333e+04
 1500578100, 2.6058333333e+02, 2.0298666667e+02, 3.8726666667e+01, 3.2963833333e+01, 2.3429740000e+04
 1500578400, 1.8040000000e+02, 1.3005333333e+02, 3.1200000000e+01, 2.8385333333e+01, 2.3926506667e+04
 1500578700, 1.0510000000e+02, 6.6280000000e+01, 2.1040000000e+01, 2.6764333333e+01, 2.3429856667e+04
 1500579000, 2.6490000000e+02, 2.0192000000e+02, 4.6000000000e+01, 2.8521500000e+01, 2.3429000000e+04
 1500579300, 2.6000000000e+02, 1.9800000000e+02, 4.6000000000e+01, 2.9757266667e+01, 2.3431236667e+04
 1500579600, 2.5588333333e+02, 1.9470666667e+02, 4.1060000000e+01, 3.0617133333e+01, 2.3429786667e+04
 1500579900, 2.5500000000e+02, 1.9276000000e+02, 4.2480000000e+01, 3.1264200000e+01, 2.3430026667e+04
 1500580200, 2.5710000000e+02, 1.9536000000e+02, 4.3160000000e+01, 3.1763500000e+01, 2.3430950000e+04
 1500580500, 2.6000000000e+02, 1.9824000000e+02, 4.2000000000e+01, 3.2043200000e+01, 2.3421090000e+04
 1500580800, 2.6000000000e+02, 1.9228000000e+02, 4.1920000000e+01, 3.2050000000e+01, 2.3416963333e+04
 1500581100, 2.6000000000e+02, 2.0600000000e+02, 3.8000000000e+01, 3.2039000000e+01, 2.3416010000e+04
 1500581400, 2.5586666667e+02, 1.9442666667e+02, 4.1306666667e+01, 3.2014533333e+01, 2.3415596667e+04
 1500581700, 2.6430000000e+02, 1.9696000000e+02, 4.6960000000e+01, 3.1959266667e+01, 2.3417000000e+04
 1500582000, 2.7211666667e+02, 2.0338666667e+02, 4.8306666667e+01, 3.1892966667e+01, 2.3417243333e+04
 1500582300, 2.7053333333e+02, 2.0442666667e+02, 4.5553333333e+01, 3.1877733333e+01, 2.3417186667e+04
 1500582600, 2.5510000000e+02, 1.9208000000e+02, 4.4080000000e+01, 3.1953500000e+01, 2.3417170000e+04
 1500582900, 2.6000000000e+02, 1.9600000000e+02, 4.8000000000e+01, 3.2005166667e+01, 2.3416600000e+04
 1500583200, 2.6410000000e+02, 2.0092000000e+02, 4.8000000000e+01, 3.2050166667e+01, 2.3416623333e+04
 1500583500, 2.4941666667e+02, 1.9576666667e+02, 3.6780000000e+01, 3.2045766667e+01, 2.3417420000e+04
 1500583800, 2.4840000000e+02, 1.9536000000e+02, 3.5880000000e+01, 3.2048166667e+01, 2.3417600000e+04
 1500584100, 2.6113333333e+02, 2.0045333333e+02, 4.4453333333e+01, 3.1984400000e+01, 2.3417346667e+04
 1500584400, 2.6476666667e+02, 2.0181333333e+02, 4.5906666667e+01, 3.1996133333e+01, 2.3417580000e+04
 1500584700, 2.5500000000e+02, 1.9400000000e+02, 4.2000000000e+01, 3.1996400000e+01, 2.3416773333e+04
 1500585000, 2.6320000000e+02, 2.0220000000e+02, 4.3640000000e+01, 3.2026200000e+01, 2.3416223333e+04
 1500585300, 2.5260000000e+02, 1.9780000000e+02, 3.6560000000e+01, 3.2021666667e+01, 2.3416823333e+04
 1500585600, 2.4920000000e+02, 1.9652000000e+02, 3.3680000000e+01, 3.1496333333e+01, 2.3417643333e+04
 1500585900, 2.5723333333e+02, 1.9955333333e+02, 3.8680000000e+01, 3.1035100000e+01, 2.3419026667e+04
 1500586200, 2.6500000000e+02, 1.9820000000e+02, 4.8000000000e+01, 3.1316666667e+01, 2.3419166667e+04
 1500586500, 2.6500000000e+02, 2.0800000000e+02, 4.8000000000e+01, 3.1496866667e+01, 2.3418796667e+04
 1500586800, 2.6911666667e+02, 2.0635333333e+02, 4.8000000000e+01, 3.1622533333e+01, 2.3417826667e+04
 1500587100, 2.6380000000e+02, 2.0228000000e+02, 4.3040000000e+01, 3.1695133333e+01, 2.3418180000e+04
 1500587400, 2.5580000000e+02, 2.0084000000e+02, 3.5800000000e+01, 3.1758166667e+01, 2.3418220000e+04
 1500587700, 2.5335000000e+02, 2.0155333333e+02, 3.4020000000e+01, 3.1839366667e+01, 2.3418400000e+04
 1500588000, 2.6486666667e+02, 1.9989333333e+02, 4.7946666667e+01, 3.1901200000e+01, 2.3417623333e+04
 1500588300, 2.6000000000e+02, 1.9600000000e+02, 4.6000000000e+01, 3.1953133333e+01, 2.3417406667e+04
 1500588600, 2.6410000000e+02, 1.9928000000e+02, 4.6000000000e+01, 3.2002800000e+01, 2.3419140000e+04
 1500588900, 2.6811666667e+02, 2.0374000000e+02, 4.7246666667e+01, 3.2042733333e+01, 2.3418593333e+04
 1500589200, 2.6580000000e+02, 2.0684000000e+02, 4.1280000000e+01, 3.2043900000e+01, 2.3418006667e+04
 1500589500, 2.6111666667e+02, 2.0621333333e+02, 3.5126666667e+01, 3.2053533333e+01, 2.3417580000e+04
 1500589800, 2.6490000000e+02, 1.9988000000e+02, 4.6000000000e+01, 3.2024366667e+01, 2.3418040000e+04
 1500590100, 2.6000000000e+02, 1.9400000000e+02, 4.6000000000e+01, 3.2066600000e+01, 2.3419576667e+04
 1500590400, 2.6820000000e+02, 2.0056000000e+02, 4.9280000000e+01, 3.2093900000e+01, 2.3419153333e+04
 1500590700, 2.5450000000e+02, 1.9828000000e+02, 3.8840000000e+01, 3.2090133333e+01, 2.3418993333e+04
 1500591000, 2.4500000000e+02, 1.9600000000e+02, 3.1160000000e+01, 3.2083600000e+01, 2.3417620000e+04
 1500591300, 2.4723333333e+02, 1.9734000000e+02, 3.0893333333e+01, 3.2063800000e+01, 2.3418650000e+04
 1500591600, 2.5535000000e+02, 2.0204666667e+02, 3.4280000000e+01, 3.2040866667e+01, 2.3418163333e+04
 1500591900, 2.7000000000e+02, 2.0400000000e+02, 4.6000000000e+01, 3.2016233333e+01, 2.3418840000e+04
 1500592200, 2.6180000000e+02, 1.9416000000e+02, 4.7640000000e+01, 3.2034400000e+01, 2.3420340000e+04
 1500592500, 2.6000000000e+02, 1.9200000000e+02, 4.6753333333e+01, 3.2044200000e+01, 2.3418446667e+04
 1500592800, 2.6000000000e+02, 1.9541333333e+02, 4.5146666667e+01, 3.0687933333e+01, 2.3909166667e+04
 1500593100, 2.6220000000e+02, 2.0088000000e+02, 4.4880000000e+01, 2.7864033333e+01, 2.3419026667e+04
 1500593400, 2.6990000000e+02, 2.0396000000e+02, 4.7960000000e+01, 2.8982466667e+01, 2.3419176667e+04
 1500593700, 2.6500000000e+02, 2.0200000000e+02, 4.6000000000e+01, 2.9665233333e+01, 2.3420083333e+04
 1500594000, 2.6500000000e+02, 1.9708000000e+02, 5.2560000000e+01, 3.0297500000e+01, 2.3420366667e+04
 1500594300, 2.6500000000e+02, 1.9476000000e+02, 5.2760000000e+01, 3.0782733333e+01, 2.3419596667e+04
 1500594600, 2.6711666667e+02, 1.9908000000e+02, 4.9460000000e+01, 3.1154833333e+01, 2.3418580000e+04
 1500594900, 2.6890000000e+02, 2.0512000000e+02, 4.5560000000e+01, 3.1424733333e+01, 2.3419223333e+04
 1500595200, 2.6500000000e+02, 2.0180000000e+02, 4.4160000000e+01, 3.1622800000e+01, 2.3418400000e+04
 1500595500, 2.6500000000e+02, 1.9200000000e+02, 5.2000000000e+01, 3.1756533333e+01, 2.3417996667e+04
 1500595800, 2.6910000000e+02, 2.0348000000e+02, 4.8720000000e+01, 3.1860400000e+01, 2.3419770000e+04
 1500596100, 2.5760000000e+02, 2.0476000000e+02, 3.6840000000e+01, 3.1877466667e+01, 2.3419200000e+04
 1500596400, 2.5635000000e+02, 2.0230666667e+02, 3.6773333333e+01, 3.1932366667e+01, 2.3419406667e+04
 1500596700, 2.6386666667e+02, 1.9954666667e+02, 4.5546666667e+01, 3.1953133333e+01, 2.3418810000e+04
 1500597000, 2.6010000000e+02, 1.9804000000e+02, 4.4040000000e+01, 3.1974533333e+01, 2.3419596667e+04
 1500597300, 2.6500000000e+02, 2.0000000000e+02, 4.6000000000e+01, 3.2014200000e+01, 2.3420000000e+04
 1500597600, 2.6911666667e+02, 2.0329333333e+02, 4.4353333333e+01, 3.2024300000e+01, 2.3419426667e+04
 1500597900, 2.6070000000e+02, 2.0400000000e+02, 4.0280000000e+01, 3.2034466667e+01, 2.3419783333e+04
 1500598200, 2.5711666667e+02, 2.0400000000e+02, 3.8000000000e+01, 3.2050000000e+01, 2.3420000000e+04
 1500598500, 2.5670000000e+02, 2.0136000000e+02, 3.7560000000e+01, 3.2051933333e+01, 2.3419823333e+04
 1500598800, 2.4488333333e+02, 1.9200000000e+02, 3.5906666667e+01, 3.2050000000e+01, 2.3419776667e+04
 1500599100, 2.4000000000e+02, 1.9200000000e+02, 3.2000000000e+01, 3.2050000000e+01, 2.3419430000e+04
 1500599400, 2.6008333333e+02, 1.9360666667e+02, 4.8066666667e+01, 3.2023100000e+01, 2.3419186667e+04
 1500599700, 2.6188333333e+02, 1.9400000000e+02, 4.9506666667e+01, 3.2034433333e+01, 2.3419416667e+04
 1500600000, 2.6416666667e+02, 1.9566666667e+02, 4.8833333333e+01, 3.1759966667e+01, 2.3660736667e+04
 1500600300, 2.6780000000e+02, 1.9800000000e+02, 4.9120000000e+01, 3.0943933333e+01, 2.3420000000e+04
 1500600600, 2.6000000000e+02, 1.9802666667e+02, 4.5946666667e+01, 3.1149866667e+01, 2.3420226667e+04
 1500600900, 2.6000000000e+02, 2.0000000000e+02, 4.2000000000e+01, 3.1366533333e+01, 2.3420160000e+04
 1500601200, 2.6000000000e+02, 2.0000000000e+02, 4.2000000000e+01, 3.1580400000e+01, 2.3420630000e+04
 1500601500, 2.6310000000e+02, 2.0000000000e+02, 4.4480000000e+01, 3.1673066667e+01, 2.3421150000e+04
 1500601800, 2.6076666667e+02, 1.9746000000e+02, 4.4306666667e+01, 3.1785333333e+01, 2.3420850000e+04
 1500602100, 2.5830000000e+02, 1.9664000000e+02, 4.2880000000e+01, 3.1852200000e+01, 2.3421576667e+04
 1500602400, 2.6980000000e+02, 2.0592000000e+02, 4.5840000000e+01, 3.1939933333e+01, 2.3421216667e+04
 1500602700, 2.6000000000e+02, 2.0200000000e+02, 3.8000000000e+01, 3.2027000000e+01, 2.3420713333e+04
 1500603000, 2.6826666667e+02, 2.0200000000e+02, 4.7920000000e+01, 3.2052033333e+01, 2.3419653333e+04
 1500603300, 2.7000000000e+02, 2.0574000000e+02, 4.7506666667e+01, 3.2053266667e+01, 2.3421203333e+04
 1500603600, 2.6788333333e+02, 2.0715333333e+02, 4.6000000000e+01, 3.2022166667e+01, 2.3421436667e+04
 1500603900, 2.6611666667e+02, 2.0555333333e+02, 4.6000000000e+01, 3.2023800000e+01, 2.3421000000e+04
 1500604200, 2.7000000000e+02, 2.0373333333e+02, 4.6000000000e+01, 3.2020266667e+01, 2.3420593333e+04
 1500604500, 2.7000000000e+02, 1.9400000000e+02, 4.6000000000e+01, 3.1997600000e+01, 2.3420406667e+04
 1500604800, 2.6590000000e+02, 1.9728000000e+02, 4.6000000000e+01, 3.1973000000e+01, 2.3421420000e+04
 1500605100, 2.5560000000e+02, 1.9925333333e+02, 3.5973333333e+01, 3.1966266667e+01, 2.3420973333e+04
 1500605400, 2.5635000000e+02, 1.9915333333e+02, 3.7620000000e+01, 3.1969566667e+01, 2.3421206667e+04
 1500605700, 2.6500000000e+02, 1.9800000000e+02, 4.8000000000e+01, 3.1956300000e+01, 2.3420986667e+04
 1500606000, 2.6500000000e+02, 1.9809333333e+02, 4.7860000000e+01, 3.1970466667e+01, 2.3420996667e+04
 1500606300, 2.6500000000e+02, 2.0200000000e+02, 4.2000000000e+01, 3.1981833333e+01, 2.3421170000e+04
 1500606600, 2.6911666667e+02, 2.0529333333e+02, 4.6940000000e+01, 3.1988233333e+01, 2.3420776667e+04
 1500606900, 2.7000000000e+02, 2.0600000000e+02, 4.6773333333e+01, 3.2000900000e+01, 2.3420020000e+04
 1500607200, 2.6788333333e+02, 2.0346000000e+02, 4.6000000000e+01, 3.1716300000e+01, 2.3421443333e+04
 1500607500, 2.6390000000e+02, 2.0044000000e+02, 4.4680000000e+01, 3.0714833333e+01, 2.3422330000e+04
 1500607800, 2.6020000000e+02, 2.0208000000e+02, 4.0120000000e+01, 3.1063066667e+01, 2.3423296667e+04
 1500608100, 2.7000000000e+02, 2.0600000000e+02, 4.6000000000e+01, 3.1300433333e+01, 2.3422800000e+04
 1500608400, 2.5770000000e+02, 1.9616000000e+02, 4.2720000000e+01, 3.1464666667e+01, 2.3423393333e+04
 1500608700, 2.6120000000e+02, 2.0020000000e+02, 4.2000000000e+01, 3.1647066667e+01, 2.3422953333e+04
 1500609000, 2.6711666667e+02, 2.0400000000e+02, 4.3693333333e+01, 3.1769766667e+01, 2.3422820000e+04
 1500609300, 2.6330000000e+02, 2.0132000000e+02, 4.2873333333e+01, 3.1843833333e+01, 2.3423060000e+04
 1500609600, 2.4050000000e+02, 1.9220000000e+02, 3.2240000000e+01, 3.1919233333e+01, 2.3424176667e+04
 1500609900, 2.6500000000e+02, 2.0200000000e+02, 4.4000000000e+01, 3.1944066667e+01, 2.3423210000e+04
 1500610200, 2.6906666667e+02, 1.9874666667e+02, 5.0506666667e+01, 3.1976733333e+01, 2.3423643333e+04
 1500610500, 2.6376666667e+02, 1.9675333333e+02, 4.9506666667e+01, 3.2002466667e+01, 2.3424983333e+04
 1500610800, 2.6423333333e+02, 2.0023333333e+02, 4.7153333333e+01, 3.1994600000e+01, 2.3425843333e+04
 1500611100, 2.6780000000e+02, 2.0336000000e+02, 4.5560000000e+01, 3.1956666667e+01, 2.3425983333e+04
 1500611400, 2.6000000000e+02, 1.9400000000e+02, 4.4140000000e+01, 3.1974433333e+01, 2.3426403333e+04
 1500611700, 2.6000000000e+02, 1.9400000000e+02, 5.0000000000e+01, 3.1992233333e+01, 2.3424986667e+04
 1500612000, 2.6000000000e+02, 1.9729333333e+02, 4.6706666667e+01, 3.2008966667e+01, 2.3425476667e+04
 1500612300, 2.6000000000e+02, 1.9549333333e+02, 4.4746666667e+01, 3.1909633333e+01, 2.3426200000e+04
 1500612600, 2.6210000000e+02, 1.9904000000e+02, 4.2320000000e+01, 3.1952100000e+01, 2.3425783333e+04
 1500612900, 2.6611666667e+02, 2.0555333333e+02, 4.1340000000e+01, 3.1960866667e+01, 2.3425600000e+04
 1500613200, 2.6980000000e+02, 2.0384000000e+02, 4.6040000000e+01, 3.1996866667e+01, 2.3425823333e+04
 1500613500, 2.6000000000e+02, 1.9600000000e+02, 4.8000000000e+01, 3.2044433333e+01, 2.3426966667e+04
 1500613800, 2.4770000000e+02, 1.9600000000e+02, 3.3240000000e+01, 3.2062266667e+01, 2.3425990000e+04
 1500614100, 2.4813333333e+02, 2.0226666667e+02, 3.5013333333e+01, 3.2037333333e+01, 2.3425240000e+04
 1500614400, 2.5630000000e+02, 2.0348000000e+02, 4.2200000000e+01, 3.1805533333e+01, 2.3425926667e+04
 1500614700, 2.6610000000e+02, 2.0132000000e+02, 4.7560000000e+01, 3.1137233333e+01, 2.3425443333e+04
 1500615000, 2.6970000000e+02, 2.0584000000e+02, 4.5800000000e+01, 3.1387500000e+01, 2.3451880000e+04
 1500615300, 2.5500000000e+02, 1.9800000000e+02, 3.6000000000e+01, 2.6906733333e+01, 1.3754030000e+04
 1500615600, 2.4265000000e+02, 1.8647333333e+02, 3.7646666667e+01, 2.5887133333e+01, 2.3416126667e+04
 1500615900, 2.5870000000e+02, 1.9646666667e+02, 4.2986666667e+01, 2.7592066667e+01, 2.3415020000e+04
 1500616200, 2.6788333333e+02, 2.0146000000e+02, 4.6846666667e+01, 2.8824333333e+01, 2.3416156667e+04
 1500616500, 2.6611666667e+02, 1.9934000000e+02, 4.7553333333e+01, 2.9718066667e+01, 2.3415023333e+04
 1500616800, 2.7000000000e+02, 2.0388000000e+02, 4.6040000000e+01, 3.0371666667e+01, 2.3415230000e+04
 1500617100, 2.7000000000e+02, 1.9800000000e+02, 4.8000000000e+01, 3.0848166667e+01, 2.3416293333e+04
 1500617400, 2.5360000000e+02, 1.9636000000e+02, 3.6520000000e+01, 3.1186466667e+01, 2.3417630000e+04
 1500617700, 2.6246666667e+02, 2.0223333333e+02, 4.1480000000e+01, 3.1434533333e+01, 2.3416260000e+04
 1500618000, 2.6573333333e+02, 2.0173333333e+02, 4.6000000000e+01, 3.1593100000e+01, 2.3416630000e+04
 1500618300, 2.6223333333e+02, 1.9823333333e+02, 4.6446666667e+01, 3.1712266667e+01, 2.3417020000e+04
 1500618600, 2.7000000000e+02, 2.0584000000e+02, 4.8000000000e+01, 3.1808000000e+01, 2.3416393333e+04
 1500618900, 2.7000000000e+02, 1.9800000000e+02, 4.8000000000e+01, 3.1866200000e+01, 2.3416196667e+04
 1500619200, 2.5760000000e+02, 1.9469333333e+02, 4.1386666667e+01, 3.1891133333e+01, 2.3417823333e+04
 1500619500, 2.5190000000e+02, 1.9648000000e+02, 3.6280000000e+01, 3.1955700000e+01, 2.3417586667e+04
 1500619800, 2.3080000000e+02, 1.7581333333e+02, 3.5706666667e+01, 3.1398400000e+01, 2.3508440000e+04
 1500620100, 2.2040000000e+02, 1.5744000000e+02, 4.1960000000e+01, 3.1018100000e+01, 2.3417646667e+04
 1500620400, 2.7490000000e+02, 1.9816000000e+02, 5.5800000000e+01, 3.1285533333e+01, 2.3417800000e+04
 1500620700, 2.7000000000e+02, 2.0600000000e+02, 4.6000000000e+01, 3.1503100000e+01, 2.3417783333e+04
 1500621000, 2.5765000000e+02, 1.9612000000e+02, 4.4353333333e+01, 3.1635900000e+01, 2.3417633333e+04
 1500621300, 2.5190000000e+02, 1.9772000000e+02, 3.5320000000e+01, 3.1784466667e+01, 2.3419413333e+04
 1500621600, 2.5846666667e+02, 1.9830666667e+02, 4.0160000000e+01, 3.1885966667e+01, 2.3417986667e+04
 1500621900, 2.6888333333e+02, 1.9689333333e+02, 5.1766666667e+01, 3.1960933333e+01, 2.3417776667e+04
 1500622200, 2.6465000000e+02, 1.9995333333e+02, 4.3720000000e+01, 3.1992400000e+01, 2.3418206667e+04
 1500622500, 2.5000000000e+02, 1.9800000000e+02, 3.2000000000e+01, 3.2008466667e+01, 2.3417820000e+04
 1500622800, 2.6235000000e+02, 1.9964666667e+02, 4.3526666667e+01, 3.2032433333e+01, 2.3418173333e+04
 1500623100, 2.6810000000e+02, 2.0372000000e+02, 4.4760000000e+01, 3.2046200000e+01, 2.3419383333e+04
 1500623400, 2.6370000000e+02, 2.0096000000e+02, 4.4000000000e+01, 3.2043933333e+01, 2.3418013333e+04
 1500623700, 2.5720000000e+02, 1.9400000000e+02, 4.5760000000e+01, 3.2039000000e+01, 2.3418336667e+04
 1500624000, 2.6510000000e+02, 1.9424000000e+02, 5.1840000000e+01, 3.2000400000e+01, 2.3417646667e+04
 1500624300, 2.7000000000e+02, 2.0600000000e+02, 4.4000000000e+01, 3.2020233333e+01, 2.3417423333e+04
 1500624600, 2.6180000000e+02, 1.9780000000e+02, 4.7280000000e+01, 3.2017200000e+01, 2.3417966667e+04
 1500624900, 2.5060000000e+02, 1.9600000000e+02, 3.6720000000e+01, 3.1985266667e+01, 2.3417826667e+04
 1500625200, 2.5340000000e+02, 1.9768000000e+02, 3.6720000000e+01, 3.1876833333e+01, 2.3417556667e+04
 1500625500, 2.6165000000e+02, 2.0089333333e+02, 4.2426666667e+01, 3.1869766667e+01, 2.3417850000e+04
 1500625800, 2.5011666667e+02, 2.0376666667e+02, 3.0326666667e+01, 3.1934833333e+01, 2.3417793333e+04
 1500626100, 2.5500000000e+02, 1.9400000000e+02, 4.4000000000e+01, 3.1959666667e+01, 2.3418400000e+04
 1500626400, 2.6326666667e+02, 1.9896000000e+02, 4.8960000000e+01, 3.1970933333e+01, 2.3417810000e+04
 1500626700, 2.1800000000e+02, 1.5864000000e+02, 4.2480000000e+01, 3.1064500000e+01, 2.3450770000e+04
 1500627000, 2.2720000000e+02, 1.7244000000e+02, 3.5520000000e+01, 3.0891000000e+01, 2.3419773333e+04
 1500627300, 2.5211666667e+02, 1.9938666667e+02, 3.9080000000e+01, 3.1236066667e+01, 2.3418930000e+04
 1500627600, 2.5280000000e+02, 2.0268000000e+02, 4.2480000000e+01, 3.1484533333e+01, 2.3418863333e+04
 1500627900, 2.4558333333e+02, 1.9809333333e+02, 3.0420000000e+01, 3.1635800000e+01, 2.3419556667e+04
 1500628200, 2.7000000000e+02, 2.0200000000e+02, 4.8000000000e+01, 3.1744166667e+01, 2.3418980000e+04
 1500628500, 2.4530000000e+02, 1.9376666667e+02, 3.3180000000e+01, 3.1837566667e+01, 2.3419023333e+04
 1500628800, 2.5240000000e+02, 1.9572000000e+02, 3.8680000000e+01, 3.1888866667e+01, 2.3420830000e+04
 1500629100, 2.6000000000e+02, 1.9715333333e+02, 4.4846666667e+01, 3.1933533333e+01, 2.3420800000e+04
 1500629400, 2.5890000000e+02, 1.9600000000e+02, 4.5120000000e+01, 3.1831766667e+01, 2.3420176667e+04
 1500629700, 2.5500000000e+02, 1.9595333333e+02, 4.2046666667e+01, 3.1877133333e+01, 2.3419216667e+04
 1500630000, 2.5500000000e+02, 1.9400000000e+02, 4.4000000000e+01, 3.1922500000e+01, 2.3419383333e+04
 1500630300, 2.5090000000e+02, 1.9564000000e+02, 3.7440000000e+01, 3.1823533333e+01, 2.3419193333e+04
 1500630600, 2.5935000000e+02, 1.9849333333e+02, 4.2233333333e+01, 3.1841533333e+01, 2.3419403333e+04
 1500630900, 2.6711666667e+02, 2.0254000000e+02, 4.2613333333e+01, 3.1821866667e+01, -nan
 1500631200, 2.6670000000e+02, 2.0424000000e+02, 3.8880000000e+01, 3.1876066667e+01, -nan
 1500631500, 2.5511666667e+02, 1.9814000000e+02, 4.1906666667e+01, 3.1878600000e+01, -nan
 1500631800, 2.6000000000e+02, 2.0400000000e+02, 3.8000000000e+01, 3.1882000000e+01, -nan
 1500632100, 2.6410000000e+02, 1.9908000000e+02, 4.7840000000e+01, 3.1898566667e+01, -nan
 1500632400, 2.6811666667e+02, -nan, 4.7506666667e+01, 3.1946566667e+01, -nan
 1500632700, 2.6788333333e+02, -nan, -nan, 3.1961100000e+01, -nan
 1500633000, 2.6613333333e+02, -nan, -nan, 3.1970000000e+01, -nan
 1500633300, 2.7000000000e+02, -nan, -nan, 3.1985700000e+01, -nan
 1500633600, 2.7000000000e+02, -nan, -nan, 3.1167733333e+01, -nan
 1500633900, -nan, -nan, -nan, 3.1048166667e+01, -nan
 1500634200, -nan, -nan, -nan, 3.1343200000e+01, -nan
 1500634500, -nan, -nan, -nan, -nan, -nan
 1500634800, -nan, -nan, -nan, -nan, -nan
