 Time, ttl_pwr, cpu_pwr, mem_pwr, cpu_load, mem_load
 1500448500, 2.4000000000e+02, 1.7400000000e+02, 4.5166666667e+01, 2.2840166667e+01, 4.2766650000e+04
 1500448800, 2.4000000000e+02, 1.7443333333e+02, 4.4433333333e+01, 2.3728500000e+01, 4.2779133333e+04
 1500449100, 2.4000000000e+02, 1.7596666667e+02, 4.6000000000e+01, 2.4387500000e+01, 4.2957500000e+04
 1500449400, 2.4000000000e+02, 1.7400000000e+02, 4.6000000000e+01, 2.4876333333e+01, 4.3130533333e+04
 1500449700, 2.4000000000e+02, 1.7563333333e+02, 4.6000000000e+01, 2.5199333333e+01, 4.3067250000e+04
 1500450000, 2.4000000000e+02, 1.7600000000e+02, 4.6000000000e+01, 2.5420500000e+01, 4.3038350000e+04
 1500450300, 2.4000000000e+02, 1.7683333333e+02, 4.6000000000e+01, 2.5643166667e+01, 4.3146666667e+04
 1500450600, 2.4108333333e+02, 1.7756666667e+02, 4.6866666667e+01, 2.5789833333e+01, 4.3417300000e+04
 1500450900, 2.4500000000e+02, 1.7596666667e+02, 4.9966666667e+01, 2.5880333333e+01, 4.3669716667e+04
 1500451200, 2.4500000000e+02, 1.7400000000e+02, 4.8000000000e+01, 2.5771833333e+01, 3.9926250000e+04
 1500451500, 2.4091666667e+02, 1.7400000000e+02, 4.6366666667e+01, 2.5540333333e+01, 4.0035933333e+04
 1500451800, 2.4000000000e+02, 1.7523333333e+02, 4.6000000000e+01, 2.5351500000e+01, 3.9972566667e+04
 1500452100, 2.3375000000e+02, 1.7183333333e+02, 4.4333333333e+01, 2.4961000000e+01, 3.5095716667e+04
 1500452400, 2.0008333333e+02, 1.4433333333e+02, 3.8100000000e+01, 2.2173500000e+01, 1.9172950000e+04
 1500452700, 1.1000000000e+02, 6.6000000000e+01, 2.4000000000e+01, 1.7166000000e+01, 1.2105750000e+04
 1500453000, 1.0013333333e+02, 5.4160000000e+01, 2.4000000000e+01, 1.4049900000e+01, 1.2877246667e+04
 1500453300, 9.1833333333e+01, 5.0733333333e+01, 2.4000000000e+01, 1.1657833333e+01, 1.6573116667e+04
 1500453600, 1.3625000000e+02, 8.9466666667e+01, 2.8933333333e+01, 1.0938666667e+01, 2.1033700000e+04
 1500453900, 1.6500000000e+02, 1.1400000000e+02, 3.2000000000e+01, 1.0305466667e+01, 2.1236623333e+04
 1500454200, 1.6283333333e+02, 1.1226666667e+02, 3.2000000000e+01, 9.7480000000e+00, 2.1143133333e+04
 1500454500, 1.5500000000e+02, 1.0600000000e+02, 3.2000000000e+01, 9.2466666667e+00, 2.1156300000e+04
 1500454800, 1.5500000000e+02, 1.0600000000e+02, 3.2000000000e+01, 8.8466666667e+00, 2.1268583333e+04
 1500455100, 1.5908333333e+02, 1.0763333333e+02, 3.2000000000e+01, 8.5661666667e+00, 2.1328083333e+04
 1500455400, 1.6000000000e+02, 1.0800000000e+02, 3.2000000000e+01, 8.3473333333e+00, 2.1422616667e+04
 1500455700, 1.5791666667e+02, 1.0716666667e+02, 3.2000000000e+01, 8.2173333333e+00, 2.1479766667e+04
 1500456000, 1.5500000000e+02, 1.0600000000e+02, 3.2000000000e+01, 8.0398333333e+00, 2.1481266667e+04
 1500456300, 1.4550000000e+02, 9.6880000000e+01, 3.0480000000e+01, 8.4665000000e+00, 2.2416463333e+04
 1500456600, 1.0500000000e+02, 5.8000000000e+01, 2.4000000000e+01, 1.0125600000e+01, 2.2916063333e+04
 1500456900, 1.4940000000e+02, 9.7466666667e+01, 2.9920000000e+01, 1.1166866667e+01, 2.8621053333e+04
 1500457200, 2.3100000000e+02, 1.6604000000e+02, 4.6200000000e+01, 1.5705700000e+01, 4.5298256667e+04
 1500457500, 2.5303333333e+02, 1.8321333333e+02, 5.0000000000e+01, 2.0420300000e+01, 4.5352033333e+04
 1500457800, 2.5291666667e+02, 1.8233333333e+02, 4.9166666667e+01, 2.3860933333e+01, 4.5487270000e+04
 1500458100, 2.5108333333e+02, 1.8043333333e+02, 4.8433333333e+01, 2.6328666667e+01, 4.5744280000e+04
 1500458400, 2.5500000000e+02, 1.8200000000e+02, 5.0000000000e+01, 2.8072333333e+01, 4.6290103333e+04
 1500458700, 2.5500000000e+02, 1.8200000000e+02, 5.0000000000e+01, 2.9372566667e+01, 4.6482073333e+04
 1500459000, 2.5500000000e+02, 1.8362666667e+02, 5.0000000000e+01, 3.0325366667e+01, 4.6475456667e+04
 1500459300, 2.4575000000e+02, 1.8030000000e+02, 4.7533333333e+01, 3.0012500000e+01, 3.9162400000e+04
 1500459600, 2.1708333333e+02, 1.5800000000e+02, 4.1833333333e+01, 2.8612000000e+01, 3.7740350000e+04
 1500459900, 1.9655000000e+02, 1.3966000000e+02, 3.7260000000e+01, 2.9106633333e+01, 3.8169540000e+04
 1500460200, 2.4013333333e+02, 1.7610666667e+02, 4.2026666667e+01, 3.0154100000e+01, 3.8724793333e+04
 1500460500, 2.5000000000e+02, 1.8400000000e+02, 4.4000000000e+01, 3.0886166667e+01, 3.9032233333e+04
 1500460800, 2.4595000000e+02, 1.8886000000e+02, 3.9140000000e+01, 3.1375500000e+01, 3.9221433333e+04
 1500461100, 2.4806666667e+02, 1.8754666667e+02, 4.1680000000e+01, 3.1717966667e+01, 3.9414963333e+04
 1500461400, 2.5000000000e+02, 1.8600000000e+02, 4.4000000000e+01, 3.2014933333e+01, 3.9458200000e+04
 1500461700, 2.5000000000e+02, 1.8600000000e+02, 4.4000000000e+01, 3.2230266667e+01, 3.9479970000e+04
 1500462000, 2.5000000000e+02, 1.8598000000e+02, 4.4000000000e+01, 3.2373666667e+01, 3.9441576667e+04
 1500462300, 2.5000000000e+02, 1.8400000000e+02, 4.4000000000e+01, 3.2009600000e+01, 3.4322546667e+04
 1500462600, 2.3775000000e+02, 1.7583333333e+02, 4.0733333333e+01, 3.0090500000e+01, 3.0391956667e+04
 1500462900, 2.3195000000e+02, 1.7278000000e+02, 4.0000000000e+01, 2.8638233333e+01, 3.0348800000e+04
 1500463200, 2.1125000000e+02, 1.5450000000e+02, 3.6666666667e+01, 2.7925433333e+01, 3.0408910000e+04
 1500463500, 1.7788333333e+02, 1.2430666667e+02, 3.0780000000e+01, 2.8009266667e+01, 3.0871823333e+04
 1500463800, 1.5126666667e+02, 1.0309333333e+02, 2.6186666667e+01, 2.9349000000e+01, 3.0935603333e+04
 1500464100, 2.4500000000e+02, 1.8400000000e+02, 4.0000000000e+01, 3.0105966667e+01, 3.0314576667e+04
 1500464400, 2.2866666667e+02, 1.7583333333e+02, 3.3466666667e+01, 2.9170666667e+01, 2.3439966667e+04
 1500464700, 2.1883333333e+02, 1.7153333333e+02, 2.8300000000e+01, 2.7757233333e+01, 2.0881670000e+04
 1500465000, 2.1291666667e+02, 1.6833333333e+02, 2.6000000000e+01, 2.5647466667e+01, 1.6547673333e+04
 1500465300, 2.1088333333e+02, 1.6600000000e+02, 2.6353333333e+01, 2.3933666667e+01, 2.1319460000e+04
 1500465600, 2.1506666667e+02, 1.6605333333e+02, 2.8026666667e+01, 2.4362066667e+01, 2.5146216667e+04
 1500465900, 2.2500000000e+02, 1.7400000000e+02, 3.2000000000e+01, 2.5716366667e+01, 3.1950153333e+04
 1500466200, 2.4533333333e+02, 1.8376000000e+02, 4.0133333333e+01, 2.7592200000e+01, 3.2074500000e+04
 1500466500, 2.3773333333e+02, 1.7741333333e+02, 3.9546666667e+01, 2.8550100000e+01, 3.2023041667e+04
 1500466800, 2.2593333333e+02, 1.6956000000e+02, 3.4746666667e+01, 2.9310233333e+01, 3.2416855000e+04
 1500467100, 2.0475000000e+02, 1.5176666667e+02, 2.9593333333e+01, 2.9834100000e+01, 3.2467733333e+04
 1500467400, 1.4683333333e+02, 9.7533333333e+01, 2.8333333333e+01, 3.0038566667e+01, 3.2258210000e+04
 1500467700, 2.5500000000e+02, 1.8800000000e+02, 4.8000000000e+01, 2.9538000000e+01, 3.1334483333e+04
 1500468000, 2.3458333333e+02, 1.7656666667e+02, 3.9833333333e+01, 2.8104833333e+01, 3.1577566667e+04
 1500468300, 2.3308333333e+02, 1.7523333333e+02, 3.9233333333e+01, 2.7007500000e+01, 3.1536266667e+04
 1500468600, 2.3500000000e+02, 1.7516666667e+02, 3.9166666667e+01, 2.6257500000e+01, 3.1543366667e+04
 1500468900, 2.3500000000e+02, 1.7443333333e+02, 3.8866666667e+01, 2.5682000000e+01, 3.1487416667e+04
 1500469200, 2.3491666667e+02, 1.7593333333e+02, 4.1933333333e+01, 2.5043666667e+01, 3.1066050000e+04
 1500469500, 2.3000000000e+02, 1.7200000000e+02, 3.8000000000e+01, 2.4170500000e+01, 3.0851500000e+04
 1500469800, 2.2591666667e+02, 1.6873333333e+02, 3.8000000000e+01, 2.3283500000e+01, 3.1031183333e+04
 1500470100, 1.8100000000e+02, 1.2950000000e+02, 3.1400000000e+01, 2.3070500000e+01, 3.1529160000e+04
 1500470400, 1.5320000000e+02, 1.0374000000e+02, 2.8460000000e+01, 2.3467300000e+01, 3.1552813333e+04
 1500470700, 1.7908333333e+02, 1.2413333333e+02, 3.3300000000e+01, 2.3961700000e+01, 2.9722460000e+04
 1500471000, 2.2850000000e+02, 1.6666666667e+02, 3.7833333333e+01, 2.1485000000e+01, 2.2718596667e+04
 1500471300, 1.4000000000e+02, 8.8000000000e+01, 2.8000000000e+01, 1.9009300000e+01, 2.7272470000e+04
 1500471600, 1.9716666667e+02, 1.3863333333e+02, 3.6166666667e+01, 1.9074933333e+01, 3.0672303333e+04
 1500471900, 2.1308333333e+02, 1.5370000000e+02, 3.8000000000e+01, 1.9714366667e+01, 3.6052153333e+04
 1500472200, 2.3153333333e+02, 1.6757333333e+02, 4.2960000000e+01, 2.1755166667e+01, 4.3618230000e+04
 1500472500, 2.5500000000e+02, 1.8400000000e+02, 5.0000000000e+01, 2.4759466667e+01, 4.5683600000e+04
 1500472800, 2.5493333333e+02, 1.8397333333e+02, 4.9973333333e+01, 2.6996766667e+01, 4.5949413333e+04
 1500473100, 2.5000000000e+02, 1.8200000000e+02, 4.8000000000e+01, 2.8581533333e+01, 4.6323026667e+04
 1500473400, 2.5000000000e+02, 1.8363333333e+02, 4.9633333333e+01, 2.9748066667e+01, 4.6697506667e+04
 1500473700, 2.5000000000e+02, 1.8400000000e+02, 4.8773333333e+01, 3.0584633333e+01, 4.6760753333e+04
 1500474000, 2.5000000000e+02, 1.8317333333e+02, 4.8000000000e+01, 3.1197833333e+01, 4.6915070000e+04
 1500474300, 2.5108333333e+02, 1.8243333333e+02, 4.8433333333e+01, 3.1607766667e+01, 4.7126030000e+04
 1500474600, 2.5495000000e+02, 1.8398000000e+02, 5.0000000000e+01, 3.1967533333e+01, 4.7150883333e+04
 1500474900, 2.5000000000e+02, 1.8200000000e+02, 5.0000000000e+01, 3.2204966667e+01, 4.7304470000e+04
 1500475200, 2.5000000000e+02, 1.8200000000e+02, 4.8380000000e+01, 3.2413633333e+01, 4.7522870000e+04
 1500475500, 2.5000000000e+02, 1.8322000000e+02, 4.8000000000e+01, 3.2490566667e+01, 4.7606010000e+04
 1500475800, 2.5000000000e+02, 1.8317333333e+02, 4.8000000000e+01, 3.2564933333e+01, 4.7745643333e+04
 1500476100, 2.5000000000e+02, 1.8242666667e+02, 4.8000000000e+01, 3.2594766667e+01, 4.7965970000e+04
 1500476400, 2.4993333333e+02, 1.8392000000e+02, 4.7973333333e+01, 3.2731800000e+01, 4.7932280000e+04
 1500476700, 2.4500000000e+02, 1.7800000000e+02, 4.6000000000e+01, 3.1303666667e+01, 3.8468950000e+04
 1500477000, 2.2866666667e+02, 1.6330000000e+02, 4.4366666667e+01, 2.8150333333e+01, 2.5970366667e+04
 1500477300, 1.4175000000e+02, 8.8466666667e+01, 3.1666666667e+01, 2.3138833333e+01, 2.0493250000e+04
 1500477600, 9.0000000000e+01, 4.4000000000e+01, 2.4000000000e+01, 1.9964533333e+01, 2.1945903333e+04
 1500477900, 8.7150000000e+01, 4.2100000000e+01, 2.3240000000e+01, 1.8861566667e+01, 2.2564713333e+04
 1500478200, 7.6733333333e+01, 3.5493333333e+01, 2.0293333333e+01, 1.6922933333e+01, 2.5795740000e+04
 1500478500, 2.0500000000e+02, 1.4600000000e+02, 4.2000000000e+01, 1.8057833333e+01, 3.8321400000e+04
 1500478800, 2.2950000000e+02, 1.6560000000e+02, 4.6900000000e+01, 1.9960666667e+01, 3.8810666667e+04
 1500479100, 2.3808333333e+02, 1.7000000000e+02, 4.8000000000e+01, 2.1337166667e+01, 3.8973666667e+04
 1500479400, 2.4416666667e+02, 1.7250000000e+02, 4.9666666667e+01, 2.2846333333e+01, 3.9658133333e+04
 1500479700, 2.4786666667e+02, 1.7642666667e+02, 5.0293333333e+01, 2.5690833333e+01, 3.9600633333e+04
 1500480000, 2.4013333333e+02, 1.7810666667e+02, 4.4026666667e+01, 2.7849233333e+01, 4.0314023333e+04
 1500480300, 2.5000000000e+02, 1.8600000000e+02, 4.6000000000e+01, 2.9447766667e+01, 4.0499916667e+04
 1500480600, 2.5000000000e+02, 1.8438000000e+02, 4.6000000000e+01, 3.0606400000e+01, 4.0550320000e+04
 1500480900, 2.5000000000e+02, 1.8400000000e+02, 4.6000000000e+01, 3.1454733333e+01, 4.0493873333e+04
 1500481200, 2.5000000000e+02, 1.8400000000e+02, 4.6000000000e+01, 3.2078533333e+01, 4.0655930000e+04
 1500481500, 2.5000000000e+02, 1.8400000000e+02, 4.6000000000e+01, 3.2501000000e+01, 4.0809560000e+04
 1500481800, 2.5000000000e+02, 1.8400000000e+02, 4.6033333333e+01, 3.2855433333e+01, 4.0759803333e+04
 1500482100, 2.5000000000e+02, 1.8400000000e+02, 4.8000000000e+01, 3.3120266667e+01, 4.0928330000e+04
 1500482400, 1.7431666667e+02, 1.1070666667e+02, 4.3220000000e+01, 3.3518666667e+01, 4.0899576667e+04
 1500482700, 2.1666666667e+02, 1.4996666667e+02, 4.8166666667e+01, 3.3850200000e+01, 4.0448333333e+04
 1500483000, 2.4885000000e+02, 1.8272000000e+02, 4.8720000000e+01, 3.3930366667e+01, 4.0434526667e+04
 1500483300, 2.4210000000e+02, 1.7926000000e+02, 4.4420000000e+01, 3.3939666667e+01, 4.0714703333e+04
 1500483600, 2.5000000000e+02, 1.8402000000e+02, 4.6000000000e+01, 3.3888866667e+01, 4.0926020000e+04
 1500483900, 2.5000000000e+02, 1.8600000000e+02, 4.6000000000e+01, 3.3815600000e+01, 4.0748796667e+04
 1500484200, 2.5000000000e+02, 1.8437333333e+02, 4.6000000000e+01, 3.3825666667e+01, 4.1010413333e+04
 1500484500, 2.5000000000e+02, 1.8400000000e+02, 4.6000000000e+01, 3.3755466667e+01, 4.1066433333e+04
 1500484800, 2.5000000000e+02, 1.8400000000e+02, 4.6000000000e+01, 3.3738100000e+01, 4.0908203333e+04
 1500485100, 2.5000000000e+02, 1.8358666667e+02, 4.6413333333e+01, 3.3778233333e+01, 4.0999756667e+04
 1500485400, 2.4866666667e+02, 1.8093333333e+02, 4.7733333333e+01, 3.3992400000e+01, 4.0802476667e+04
 1500485700, 1.7000000000e+02, 1.1800000000e+02, 3.2000000000e+01, 3.3567600000e+01, 3.8125786667e+04
 1500486000, 2.0675000000e+02, 1.4740000000e+02, 4.0166666667e+01, 3.0640833333e+01, 3.0922783333e+04
 1500486300, 2.2425000000e+02, 1.6140000000e+02, 4.3233333333e+01, 2.7127833333e+01, 2.5239700000e+04
 1500486600, 1.9875000000e+02, 1.4100000000e+02, 3.9000000000e+01, 2.2703666667e+01, 2.0960400000e+04
 1500486900, 1.3550000000e+02, 8.9966666667e+01, 2.8966666667e+01, 1.8142166667e+01, 1.1900100000e+04
 1500487200, 6.5083333333e+01, 3.2000000000e+01, 1.8033333333e+01, 1.4235333333e+01, 1.1853450000e+04
 1500487500, 7.0000000000e+01, 3.2000000000e+01, 2.0000000000e+01, 1.1447500000e+01, 1.1854616667e+04
 1500487800, 6.5933333333e+01, 3.0373333333e+01, 1.8373333333e+01, 9.4359333333e+00, 1.1856573333e+04
 1500488100, 6.8083333333e+01, 3.1233333333e+01, 1.9233333333e+01, 8.1196333333e+00, 1.2188066667e+04
 1500488400, 6.7916666667e+01, 3.1166666667e+01, 1.9166666667e+01, 7.4411000000e+00, 1.3177690000e+04
 1500488700, 8.5583333333e+01, 4.6466666667e+01, 2.1033333333e+01, 7.8696666667e+00, 2.0677400000e+04
 1500489000, 1.6000000000e+02, 1.0603333333e+02, 3.2000000000e+01, 8.8756666667e+00, 2.0976100000e+04
 1500489300, 1.6000000000e+02, 1.0800000000e+02, 3.2000000000e+01, 9.6290000000e+00, 2.1015616667e+04
 1500489600, 1.6408333333e+02, 1.1126666667e+02, 3.2000000000e+01, 1.0070833333e+01, 2.1269650000e+04
 1500489900, 1.6191666667e+02, 1.1076666667e+02, 3.2000000000e+01, 1.0117166667e+01, 2.1243116667e+04
 1500490200, 1.6000000000e+02, 1.1000000000e+02, 3.2000000000e+01, 9.7855000000e+00, 2.1109066667e+04
 1500490500, 1.6000000000e+02, 1.0956666667e+02, 3.2000000000e+01, 9.2698333333e+00, 2.1144716667e+04
 1500490800, 1.5945833333e+02, 1.0778333333e+02, 3.2000000000e+01, 8.8353333333e+00, 2.1435083333e+04
 1500491100, 1.5545833333e+02, 1.0618333333e+02, 3.2000000000e+01, 9.0288666667e+00, 2.2348993333e+04
 1500491400, 8.7566666667e+01, 4.4346666667e+01, 2.4293333333e+01, 1.0251300000e+01, 2.2980686667e+04
 1500491700, 1.5033333333e+02, 9.9166666667e+01, 3.0533333333e+01, 1.0974000000e+01, 2.6404810000e+04
 1500492000, 2.1406666667e+02, 1.5248000000e+02, 4.1813333333e+01, 1.4904166667e+01, 4.2308010000e+04
 1500492300, 2.4708333333e+02, 1.7966666667e+02, 4.8000000000e+01, 1.9844633333e+01, 4.3204166667e+04
 1500492600, 2.5000000000e+02, 1.8156666667e+02, 4.8000000000e+01, 2.3372500000e+01, 4.3999376667e+04
 1500492900, 2.5000000000e+02, 1.8003333333e+02, 4.8000000000e+01, 2.6045600000e+01, 4.3811426667e+04
 1500493200, 2.5000000000e+02, 1.8200000000e+02, 4.8000000000e+01, 2.8011133333e+01, 4.3671593333e+04
 1500493500, 2.5000000000e+02, 1.8200000000e+02, 4.8000000000e+01, 2.9426166667e+01, 4.3788150000e+04
 1500493800, 2.5000000000e+02, 1.8076666667e+02, 4.8000000000e+01, 3.0332266667e+01, 4.3919893333e+04
 1500494100, 2.5000000000e+02, 1.8000000000e+02, 4.8000000000e+01, 3.0856866667e+01, 4.0097620000e+04
 1500494400, 2.4146666667e+02, 1.7360000000e+02, 4.5866666667e+01, 2.9500700000e+01, 3.4997500000e+04
 1500494700, 2.1033333333e+02, 1.5030000000e+02, 3.8100000000e+01, 2.8155333333e+01, 3.4858600000e+04
 1500495000, 2.3000000000e+02, 1.6800000000e+02, 4.4000000000e+01, 2.7067666667e+01, 3.4857383333e+04
 1500495300, 2.3000000000e+02, 1.6800000000e+02, 4.2366666667e+01, 2.6356833333e+01, 3.5250633333e+04
 1500495600, 2.2383333333e+02, 1.6183333333e+02, 4.2000000000e+01, 2.5869166667e+01, 3.5263450000e+04
 1500495900, 2.0125000000e+02, 1.4216666667e+02, 3.9500000000e+01, 2.4074000000e+01, 2.4826250000e+04
 1500496200, 1.6633333333e+02, 1.1306666667e+02, 3.4700000000e+01, 2.0049500000e+01, 2.0996533333e+04
 1500496500, 1.3500000000e+02, 8.8000000000e+01, 3.0000000000e+01, 1.7412800000e+01, 2.1862933333e+04
 1500496800, 9.2250000000e+01, 4.6200000000e+01, 2.4300000000e+01, 1.6099666667e+01, 2.2686923333e+04
 1500497100, 1.5941666667e+02, 1.0770000000e+02, 3.2166666667e+01, 1.5391933333e+01, 3.1506550000e+04
 1500497400, 2.1200000000e+02, 1.5160000000e+02, 4.2633333333e+01, 1.8053666667e+01, 3.8411850000e+04
 1500497700, 2.4125000000e+02, 1.7416666667e+02, 4.8833333333e+01, 2.1117366667e+01, 4.5123216667e+04
 1500498000, 2.5000000000e+02, 1.8043333333e+02, 5.0000000000e+01, 2.4393133333e+01, 4.5240026667e+04
 1500498300, 2.5000000000e+02, 1.8197333333e+02, 5.0000000000e+01, 2.6731666667e+01, 4.5269596667e+04
 1500498600, 2.5000000000e+02, 1.8000000000e+02, 5.0000000000e+01, 2.8401766667e+01, 4.5194513333e+04
 1500498900, 2.5000000000e+02, 1.8162666667e+02, 5.0000000000e+01, 2.9075666667e+01, 3.9905670000e+04
 1500499200, 2.3766666667e+02, 1.7213333333e+02, 4.7533333333e+01, 2.7949400000e+01, 3.6921703333e+04
 1500499500, 1.8053333333e+02, 1.2430666667e+02, 3.8226666667e+01, 2.7781300000e+01, 3.7469346667e+04
 1500499800, 1.2141666667e+02, 7.4433333333e+01, 2.8766666667e+01, 2.7243266667e+01, 3.8626926667e+04
 1500500100, 2.3520000000e+02, 1.7016000000e+02, 4.6053333333e+01, 2.8036266667e+01, 4.3342480000e+04
 1500500400, 2.5000000000e+02, 1.8200000000e+02, 5.0000000000e+01, 2.9292666667e+01, 4.3938843333e+04
 1500500700, 2.5000000000e+02, 1.8200000000e+02, 5.0000000000e+01, 3.0221466667e+01, 4.4066423333e+04
 1500501000, 2.5000000000e+02, 1.8078000000e+02, 5.0000000000e+01, 3.0901633333e+01, 4.4371820000e+04
 1500501300, 2.5000000000e+02, 1.8082666667e+02, 4.9173333333e+01, 3.1377066667e+01, 4.4280260000e+04
 1500501600, 2.5000000000e+02, 1.8200000000e+02, 4.8426666667e+01, 3.1763700000e+01, 4.4368176667e+04
 1500501900, 2.5000000000e+02, 1.8196666667e+02, 4.9966666667e+01, 3.2091333333e+01, 4.4134950000e+04
 1500502200, 2.5000000000e+02, 1.8000000000e+02, 4.8000000000e+01, 3.2325366667e+01, 4.4404886667e+04
 1500502500, 2.5000000000e+02, 1.8162666667e+02, 4.8000000000e+01, 3.2472833333e+01, 4.4546983333e+04
 1500502800, 2.5000000000e+02, 1.8076666667e+02, 4.8000000000e+01, 3.2554533333e+01, 4.4534943333e+04
 1500503100, 2.5000000000e+02, 1.8000000000e+02, 4.8826666667e+01, 3.2662500000e+01, 4.4359426667e+04
 1500503400, 2.5000000000e+02, 1.8000000000e+02, 5.0000000000e+01, 3.2702100000e+01, 4.4211220000e+04
 1500503700, 2.5000000000e+02, 1.8000000000e+02, 5.0000000000e+01, 3.2711633333e+01, 4.4328373333e+04
 1500504000, 2.5000000000e+02, 1.8000000000e+02, 5.0000000000e+01, 3.2764500000e+01, 4.4651430000e+04
 1500504300, 2.4186666667e+02, 1.7512000000e+02, 4.6746666667e+01, 3.1688666667e+01, 3.4107346667e+04
 1500504600, 2.0916666667e+02, 1.4933333333e+02, 3.9833333333e+01, 2.7778666667e+01, 2.8705850000e+04
 1500504900, 1.8375000000e+02, 1.2816666667e+02, 3.6000000000e+01, 2.5190283333e+01, 2.7687975000e+04
 1500505200, 1.4610000000e+02, 9.4160000000e+01, 3.1920000000e+01, 2.2715083333e+01, 2.4514998333e+04
 1500505500, 9.4333333333e+01, 4.8766666667e+01, 2.4433333333e+01, 2.0393666667e+01, 2.6480200000e+04
 1500505800, 1.1158333333e+02, 6.7366666667e+01, 2.6200000000e+01, 1.9363333333e+01, 2.8696750000e+04
 1500506100, 2.0500000000e+02, 1.4800000000e+02, 3.8000000000e+01, 1.8538833333e+01, 2.9223916667e+04
 1500506400, 2.0908333333e+02, 1.4963333333e+02, 3.8000000000e+01, 1.8110400000e+01, 2.9965093333e+04
 1500506700, 2.1000000000e+02, 1.5246666667e+02, 3.6766666667e+01, 1.8292833333e+01, 3.0770566667e+04
 1500507000, 2.1000000000e+02, 1.5400000000e+02, 3.6826666667e+01, 1.8950333333e+01, 3.3479983333e+04
 1500507300, 2.1735000000e+02, 1.5946000000e+02, 3.9260000000e+01, 2.1388866667e+01, 4.1371246667e+04
 1500507600, 2.4500000000e+02, 1.7997333333e+02, 4.4000000000e+01, 2.4631766667e+01, 4.2956323333e+04
 1500507900, 2.4500000000e+02, 1.7800000000e+02, 4.4000000000e+01, 2.6263700000e+01, 3.6879326667e+04
 1500508200, 2.3686666667e+02, 1.7149333333e+02, 4.2373333333e+01, 2.5965200000e+01, 3.3198066667e+04
 1500508500, 2.3193333333e+02, 1.6877333333e+02, 4.2000000000e+01, 2.5610933333e+01, 3.3024200000e+04
 1500508800, 2.3000000000e+02, 1.6800000000e+02, 4.1173333333e+01, 2.5268466667e+01, 3.3039666667e+04
 1500509100, 2.2893333333e+02, 1.6757333333e+02, 4.0426666667e+01, 2.5024933333e+01, 3.3170560000e+04
 1500509400, 2.2486666667e+02, 1.6586666667e+02, 4.1973333333e+01, 2.4844800000e+01, 3.3080653333e+04
 1500509700, 2.1500000000e+02, 1.5600000000e+02, 4.0000000000e+01, 2.3747333333e+01, 2.6473813333e+04
 1500510000, 1.2540000000e+02, 7.8346666667e+01, 2.8053333333e+01, 2.2640366667e+01, 2.6902066667e+04
 1500510300, 1.2566666667e+02, 7.8986666667e+01, 2.7680000000e+01, 2.1714933333e+01, 2.7043293333e+04
 1500510600, 1.2465000000e+02, 7.6760000000e+01, 2.7780000000e+01, 2.1216500000e+01, 2.8027616667e+04
 1500510900, 1.2200000000e+02, 7.2586666667e+01, 2.8266666667e+01, 2.1990100000e+01, 3.7226943333e+04
 1500511200, 2.3966666667e+02, 1.7770666667e+02, 4.3920000000e+01, 2.3951466667e+01, 3.2162840000e+04
 1500511500, 2.1500000000e+02, 1.5600000000e+02, 3.8000000000e+01, 2.2521866667e+01, 2.6476293333e+04
 1500511800, 1.7840000000e+02, 1.2021333333e+02, 3.6373333333e+01, 2.1218800000e+01, 2.6274080000e+04
 1500512100, 1.9146666667e+02, 1.3530666667e+02, 3.7226666667e+01, 1.9936666667e+01, 2.6300613333e+04
 1500512400, 2.0913333333e+02, 1.5413333333e+02, 3.8000000000e+01, 1.8914666667e+01, 2.6317053333e+04
 1500512700, 2.1500000000e+02, 1.5914666667e+02, 3.8000000000e+01, 1.8184000000e+01, 2.6397293333e+04
 1500513000, 2.1500000000e+02, 1.5600000000e+02, 3.8000000000e+01, 1.8579533333e+01, 2.7267753333e+04
 1500513300, 1.1666666667e+02, 6.7500000000e+01, 2.6200000000e+01, 1.9487766667e+01, 2.7861103333e+04
 1500513600, 1.8413333333e+02, 1.3106666667e+02, 3.4133333333e+01, 1.9890133333e+01, 3.5020510000e+04
 1500513900, 2.2760000000e+02, 1.6562666667e+02, 4.0906666667e+01, 2.3114300000e+01, 3.9680930000e+04
 1500514200, 2.4500000000e+02, 1.7882000000e+02, 4.4000000000e+01, 2.5817366667e+01, 4.0575000000e+04
 1500514500, 2.4395000000e+02, 1.7916000000e+02, 4.4000000000e+01, 2.7853366667e+01, 4.0454266667e+04
 1500514800, 2.3953333333e+02, 1.7565333333e+02, 4.3893333333e+01, 2.8220533333e+01, 3.1246800000e+04
 1500515100, 2.0500000000e+02, 1.5000000000e+02, 3.6000000000e+01, 2.5425066667e+01, 2.6131973333e+04
 1500515400, 1.3993333333e+02, 8.9813333333e+01, 3.1120000000e+01, 2.3435200000e+01, 2.6177906667e+04
 1500515700, 1.6180000000e+02, 1.1034666667e+02, 3.3680000000e+01, 2.1545333333e+01, 2.6194746667e+04
 1500516000, 1.9326666667e+02, 1.3861333333e+02, 3.6826666667e+01, 2.0049866667e+01, 2.6219160000e+04
 1500516300, 1.8041666667e+02, 1.2636666667e+02, 3.5246666667e+01, 1.9546300000e+01, 2.7096276667e+04
 1500516600, 8.1266666667e+01, 3.9093333333e+01, 2.4133333333e+01, 2.0123966667e+01, 2.7383003333e+04
 1500516900, 1.7500000000e+02, 1.2000000000e+02, 3.4000000000e+01, 2.0115600000e+01, 3.0770573333e+04
 1500517200, 2.2786666667e+02, 1.6717333333e+02, 4.2133333333e+01, 2.2446133333e+01, 3.9446636667e+04
 1500517500, 2.4303333333e+02, 1.7800000000e+02, 4.4000000000e+01, 2.5413533333e+01, 4.0280586667e+04
 1500517800, 2.3475000000e+02, 1.7062000000e+02, 4.2360000000e+01, 2.7365033333e+01, 3.7823316667e+04
 1500518100, 2.1680000000e+02, 1.5786666667e+02, 3.9146666667e+01, 2.5707066667e+01, 2.6249720000e+04
 1500518400, 2.0413333333e+02, 1.4925333333e+02, 3.5866666667e+01, 2.3577333333e+01, 2.6177626667e+04
 1500518700, 1.4000000000e+02, 9.4000000000e+01, 2.6000000000e+01, 2.2082133333e+01, 2.6174133333e+04
 1500519000, 1.9286666667e+02, 1.3954666667e+02, 3.4133333333e+01, 2.0480000000e+01, 2.6147306667e+04
 1500519300, 2.0500000000e+02, 1.4754666667e+02, 3.7226666667e+01, 1.9301066667e+01, 2.6218946667e+04
 1500519600, 2.0706666667e+02, 1.4848000000e+02, 3.8000000000e+01, 1.8456666667e+01, 2.6236920000e+04
 1500519900, 1.9226666667e+02, 1.3669333333e+02, 3.5760000000e+01, 1.8316133333e+01, 2.7095793333e+04
 1500520200, 1.1566666667e+02, 7.0533333333e+01, 2.6000000000e+01, 1.9230966667e+01, 2.7678400000e+04
 1500520500, 1.2113333333e+02, 7.5013333333e+01, 2.6160000000e+01, 1.9390000000e+01, 2.8348076667e+04
 1500520800, 2.0500000000e+02, 1.5000000000e+02, 3.8000000000e+01, 2.1496900000e+01, 3.9296420000e+04
 1500521100, 2.2940000000e+02, 1.6626666667e+02, 4.1253333333e+01, 2.4040133333e+01, 3.3944813333e+04
 1500521400, 2.1046666667e+02, 1.5037333333e+02, 3.8320000000e+01, 2.2713200000e+01, 2.6135306667e+04
 1500521700, 1.6193333333e+02, 1.0906666667e+02, 3.1866666667e+01, 2.1470266667e+01, 2.5918586667e+04
 1500522000, 1.3313333333e+02, 8.3786666667e+01, 2.8133333333e+01, 2.0197466667e+01, 2.6011960000e+04
 1500522300, 2.0000000000e+02, 1.4200000000e+02, 3.6000000000e+01, 1.9101866667e+01, 2.6066986667e+04
 1500522600, 2.0000000000e+02, 1.4200000000e+02, 3.6000000000e+01, 1.8610733333e+01, 2.6549813333e+04
 1500522900, 1.0210000000e+02, 5.6560000000e+01, 2.5320000000e+01, 1.9438366667e+01, 2.7137643333e+04
 1500523200, 1.0600000000e+02, 6.3600000000e+01, 2.4000000000e+01, 1.9815966667e+01, 2.7777423333e+04
 1500523500, 1.9280000000e+02, 1.3669333333e+02, 3.6266666667e+01, 2.1293500000e+01, 3.8285023333e+04
 1500523800, 2.4500000000e+02, 1.8000000000e+02, 4.4000000000e+01, 2.4484266667e+01, 3.9493013333e+04
 1500524100, 2.4500000000e+02, 1.8000000000e+02, 4.4000000000e+01, 2.6793433333e+01, 4.0055876667e+04
 1500524400, 2.4495000000e+02, 1.7996000000e+02, 4.4000000000e+01, 2.8454066667e+01, 4.0013126667e+04
 1500524700, 2.4000000000e+02, 1.7600000000e+02, 4.4000000000e+01, 2.9756833333e+01, 4.0041663333e+04
 1500525000, 2.4405000000e+02, 1.7762000000e+02, 4.4000000000e+01, 3.0355100000e+01, 3.6500253333e+04
 1500525300, 2.2046666667e+02, 1.5837333333e+02, 4.0320000000e+01, 2.7925600000e+01, 2.6292720000e+04
 1500525600, 1.7813333333e+02, 1.2450666667e+02, 3.2213333333e+01, 2.5128000000e+01, 2.5990786667e+04
 1500525900, 1.3350000000e+02, 8.7500000000e+01, 2.4260000000e+01, 2.3369666667e+01, 2.6544403333e+04
 1500526200, 9.0000000000e+01, 4.4000000000e+01, 2.6000000000e+01, 2.2445333333e+01, 2.7168320000e+04
 1500526500, 1.1500000000e+02, 6.4000000000e+01, 2.6000000000e+01, 2.1946466667e+01, 2.9658823333e+04
 1500526800, 2.1260000000e+02, 1.5021333333e+02, 4.0640000000e+01, 2.3086133333e+01, 3.9899423333e+04
 1500527100, 2.4420000000e+02, 1.7613333333e+02, 4.6453333333e+01, 2.5694800000e+01, 4.2572553333e+04
 1500527400, 2.5000000000e+02, 1.8000000000e+02, 4.8000000000e+01, 2.7635700000e+01, 4.2639673333e+04
 1500527700, 2.4893333333e+02, 1.7957333333e+02, 4.7573333333e+01, 2.9060733333e+01, 4.2433413333e+04
 1500528000, 2.4466666667e+02, 1.7776000000e+02, 4.5946666667e+01, 2.7659866667e+01, 2.8728453333e+04
 1500528300, 2.2000000000e+02, 1.6000000000e+02, 4.2000000000e+01, 2.4717466667e+01, 2.8404320000e+04
 1500528600, 1.7120000000e+02, 1.1933333333e+02, 3.0613333333e+01, 2.2832533333e+01, 2.8633133333e+04
 1500528900, 1.9986666667e+02, 1.4189333333e+02, 3.6586666667e+01, 2.1017600000e+01, 2.8775986667e+04
 1500529200, 1.9986666667e+02, 1.4112000000e+02, 3.6586666667e+01, 2.0041766667e+01, 2.9515816667e+04
 1500529500, 1.7280000000e+02, 1.1909333333e+02, 3.0986666667e+01, 1.9476666667e+01, 3.1490320000e+04
 1500529800, 2.2026666667e+02, 1.6018666667e+02, 4.2080000000e+01, 2.0212000000e+01, 3.7261906667e+04
 1500530100, 2.4000000000e+02, 1.7400000000e+02, 4.8000000000e+01, 2.1251333333e+01, 3.7369853333e+04
 1500530400, 2.3593333333e+02, 1.7074666667e+02, 4.6373333333e+01, 2.2015966667e+01, 3.7410230000e+04
 1500530700, 2.3806666667e+02, 1.7122666667e+02, 4.7226666667e+01, 2.2578266667e+01, 3.7522546667e+04
 1500531000, 2.4000000000e+02, 1.7282666667e+02, 4.8000000000e+01, 2.2956000000e+01, 3.7623560000e+04
 1500531300, 2.4000000000e+02, 1.7400000000e+02, 4.7573333333e+01, 2.3243333333e+01, 3.7757986667e+04
 1500531600, 2.4000000000e+02, 1.7405333333e+02, 4.5973333333e+01, 2.3440266667e+01, 3.7816786667e+04
 1500531900, 2.4000000000e+02, 1.7800000000e+02, 4.4000000000e+01, 2.3587333333e+01, 3.8187693333e+04
 1500532200, 2.3593333333e+02, 1.6824000000e+02, 4.7253333333e+01, 2.3643733333e+01, 3.7995746667e+04
 1500532500, 2.3500000000e+02, 1.6845333333e+02, 4.6773333333e+01, 2.3684133333e+01, 3.7884773333e+04
 1500532800, 2.3086666667e+02, 1.6752000000e+02, 4.4346666667e+01, 2.3152266667e+01, 3.2547560000e+04
 1500533100, 2.0315000000e+02, 1.4462000000e+02, 3.9340000000e+01, 2.1974466667e+01, 3.0123636667e+04
 1500533400, 1.1000000000e+02, 6.2000000000e+01, 2.8000000000e+01, 2.1109200000e+01, 3.0276053333e+04
 1500533700, 1.7953333333e+02, 1.2557333333e+02, 2.9986666667e+01, 2.0453133333e+01, 3.0376540000e+04
 1500534000, 2.2050000000e+02, 1.6002000000e+02, 3.9720000000e+01, 2.0420900000e+01, 3.7004546667e+04
 1500534300, 2.3613333333e+02, 1.7168000000e+02, 4.5680000000e+01, 2.1455733333e+01, 3.8245400000e+04
 1500534600, 1.5800000000e+02, 1.0402666667e+02, 3.4880000000e+01, 2.2951100000e+01, 3.8772260000e+04
 1500534900, 1.5406666667e+02, 9.9733333333e+01, 3.3920000000e+01, 2.3897600000e+01, 4.1598690000e+04
 1500535200, 2.4706666667e+02, 1.7724000000e+02, 4.8826666667e+01, 2.5993400000e+01, 4.5603300000e+04
 1500535500, 2.5500000000e+02, 1.8200000000e+02, 5.2000000000e+01, 2.7842366667e+01, 4.5861986667e+04
 1500535800, 2.5500000000e+02, 1.8200000000e+02, 5.2000000000e+01, 2.9080666667e+01, 4.4784080000e+04
 1500536100, 2.4280000000e+02, 1.7386666667e+02, 4.7120000000e+01, 2.8334266667e+01, 3.7938640000e+04
 1500536400, 2.2773333333e+02, 1.6341333333e+02, 4.3546666667e+01, 2.7325066667e+01, 3.8033506667e+04
 1500536700, 2.2826666667e+02, 1.6461333333e+02, 4.4480000000e+01, 2.6421600000e+01, 3.7771120000e+04
 1500537000, 2.4000000000e+02, 1.7357333333e+02, 4.8000000000e+01, 2.5708266667e+01, 3.7667093333e+04
 1500537300, 2.4006666667e+02, 1.7205333333e+02, 4.8000000000e+01, 2.5245600000e+01, 3.7665320000e+04
 1500537600, 2.4500000000e+02, 1.7600000000e+02, 4.8000000000e+01, 2.4905600000e+01, 3.7928200000e+04
 1500537900, 2.4093333333e+02, 1.7437333333e+02, 4.8000000000e+01, 2.4652533333e+01, 3.8023666667e+04
 1500538200, 2.2158333333e+02, 1.6074000000e+02, 4.0633333333e+01, 2.5092066667e+01, 3.8978340000e+04
 1500538500, 2.3033333333e+02, 1.6581333333e+02, 4.2906666667e+01, 2.5481066667e+01, 3.9335093333e+04
 1500538800, 2.4413333333e+02, 1.7530666667e+02, 4.7653333333e+01, 2.6507666667e+01, 4.5584733333e+04
 1500539100, 2.5000000000e+02, 1.8042000000e+02, 5.0000000000e+01, 2.8254300000e+01, 4.6088386667e+04
 1500539400, 2.5000000000e+02, 1.8200000000e+02, 5.0000000000e+01, 2.9556200000e+01, 4.6356350000e+04
 1500539700, 2.5000000000e+02, 1.8200000000e+02, 5.0000000000e+01, 3.0465366667e+01, 4.6555213333e+04
 1500540000, 2.5405000000e+02, 1.8200000000e+02, 5.1620000000e+01, 3.1153433333e+01, 4.6513473333e+04
 1500540300, 2.5195000000e+02, 1.8078000000e+02, 5.2000000000e+01, 3.1693100000e+01, 4.6342506667e+04
 1500540600, 2.5000000000e+02, 1.8082000000e+02, 5.1180000000e+01, 3.1732466667e+01, 4.2632463333e+04
 1500540900, 2.4680000000e+02, 1.7944000000e+02, 4.9146666667e+01, 2.9996400000e+01, 3.8093920000e+04
 1500541200, 2.3486666667e+02, 1.6992000000e+02, 4.5946666667e+01, 2.7872666667e+01, 3.1787560000e+04
 1500541500, 2.2500000000e+02, 1.6400000000e+02, 4.2000000000e+01, 2.4831633333e+01, 2.8983826667e+04
 1500541800, 1.5060000000e+02, 1.0448000000e+02, 2.7120000000e+01, 2.3443066667e+01, 2.9614856667e+04
 1500542100, 2.0600000000e+02, 1.4717333333e+02, 3.9013333333e+01, 2.2176866667e+01, 3.3299393333e+04
 1500542400, 2.2920000000e+02, 1.6413333333e+02, 4.4453333333e+01, 2.3078233333e+01, 3.7476366667e+04
 1500542700, 2.4320000000e+02, 1.7374000000e+02, 4.7640000000e+01, 2.4078266667e+01, 4.0408126667e+04
 1500543000, 2.4753333333e+02, 1.7773333333e+02, 4.7440000000e+01, 2.4389066667e+01, 3.7573786667e+04
 1500543300, 2.2026666667e+02, 1.6216000000e+02, 3.8106666667e+01, 2.4420933333e+01, 3.7525320000e+04
 1500543600, 2.4000000000e+02, 1.7400000000e+02, 4.6000000000e+01, 2.4329066667e+01, 3.7528213333e+04
 1500543900, 2.4000000000e+02, 1.7237333333e+02, 4.6000000000e+01, 2.4234533333e+01, 3.7607720000e+04
 1500544200, 2.4000000000e+02, 1.7322666667e+02, 4.7226666667e+01, 2.4149066667e+01, 3.7590733333e+04
 1500544500, 2.4000000000e+02, 1.7400000000e+02, 4.8000000000e+01, 2.4087333333e+01, 3.7683616667e+04
 1500544800, 2.0430000000e+02, 1.4408000000e+02, 4.1880000000e+01, 2.4357000000e+01, 3.8166843333e+04
 1500545100, 1.5740000000e+02, 1.0434666667e+02, 3.3840000000e+01, 2.4964566667e+01, 3.8833236667e+04
 1500545400, 2.4010000000e+02, 1.7208000000e+02, 4.8020000000e+01, 2.5535900000e+01, 4.3554783333e+04
 1500545700, 2.5000000000e+02, 1.8000000000e+02, 5.0000000000e+01, 2.7474400000e+01, 4.6038480000e+04
 1500546000, 2.5405000000e+02, 1.8162000000e+02, 5.1620000000e+01, 2.8906766667e+01, 4.5915906667e+04
 1500546300, 2.4580000000e+02, 1.7709333333e+02, 4.8320000000e+01, 2.8546266667e+01, 3.8438053333e+04
 1500546600, 2.2155000000e+02, 1.5596000000e+02, 4.6820000000e+01, 2.7434766667e+01, 3.8713166667e+04
 1500546900, 2.0460000000e+02, 1.3938666667e+02, 4.8000000000e+01, 2.6529466667e+01, 3.8760493333e+04
 1500547200, 2.4000000000e+02, 1.7400000000e+02, 4.7973333333e+01, 2.5839733333e+01, 3.8904080000e+04
 1500547500, 2.4000000000e+02, 1.7400000000e+02, 4.6000000000e+01, 2.5286400000e+01, 3.9000626667e+04
 1500547800, 2.3593333333e+02, 1.7074666667e+02, 4.6000000000e+01, 2.4924400000e+01, 3.8765586667e+04
 1500548100, 2.3500000000e+02, 1.7122666667e+02, 4.4773333333e+01, 2.4680800000e+01, 3.8994053333e+04
 1500548400, 2.3086666667e+02, 1.6869333333e+02, 4.3173333333e+01, 2.4150133333e+01, 3.4622080000e+04
 1500548700, 2.1113333333e+02, 1.5248000000e+02, 3.9866666667e+01, 2.1706266667e+01, 2.5593306667e+04
 1500549000, 1.5973333333e+02, 1.0981333333e+02, 3.1920000000e+01, 1.8857233333e+01, 2.5208600000e+04
 1500549300, 1.4000000000e+02, 9.6000000000e+01, 2.6000000000e+01, 1.7109866667e+01, 2.6066940000e+04
 1500549600, 1.6033333333e+02, 1.1226666667e+02, 3.0880000000e+01, 1.6464400000e+01, 3.4206000000e+04
 1500549900, 2.0793333333e+02, 1.5034666667e+02, 3.9360000000e+01, 1.8541733333e+01, 4.0617280000e+04
 1500550200, 2.3706666667e+02, 1.7365333333e+02, 4.4826666667e+01, 2.0315066667e+01, 4.0671480000e+04
 1500550500, 2.4106666667e+02, 1.7642666667e+02, 4.6000000000e+01, 2.1567733333e+01, 4.0664920000e+04
 1500550800, 2.4480000000e+02, 1.7786666667e+02, 4.5973333333e+01, 2.2247600000e+01, 3.6902760000e+04
 1500551100, 2.3000000000e+02, 1.6800000000e+02, 4.4000000000e+01, 2.1386800000e+01, 3.2084773333e+04
 1500551400, 2.1373333333e+02, 1.5498666667e+02, 3.7493333333e+01, 2.2327700000e+01, 3.2558673333e+04
 1500551700, 1.7133333333e+02, 1.4890666667e+02, 2.9813333333e+01, 2.3462600000e+01, 3.3178746667e+04
 1500552000, 2.0600000000e+02, 1.6517333333e+02, 3.6586666667e+01, 2.4103133333e+01, 3.6285516667e+04
 1500552300, 2.4313333333e+02, 1.8006666667e+02, 4.4440000000e+01, 2.6025400000e+01, 4.1323136667e+04
 1500552600, 2.5500000000e+02, 1.8600000000e+02, 4.8420000000e+01, 2.7814000000e+01, 4.0747723333e+04
 1500552900, 2.5486666667e+02, 1.8602666667e+02, 4.9866666667e+01, 2.9001166667e+01, 3.7984453333e+04
 1500553200, 2.4500000000e+02, 1.8800000000e+02, 4.0000000000e+01, 2.9766033333e+01, 3.8353276667e+04
 1500553500, 2.4903333333e+02, 1.8638666667e+02, 4.4840000000e+01, 3.0502200000e+01, 3.8322846667e+04
 1500553800, 2.5000000000e+02, 1.8477333333e+02, 4.6000000000e+01, 3.1140833333e+01, 3.8499926667e+04
 1500554100, 2.5000000000e+02, 1.8400000000e+02, 4.6000000000e+01, 3.1551166667e+01, 3.8600260000e+04
 1500554400, 2.5000000000e+02, 1.8441333333e+02, 4.6000000000e+01, 3.1831600000e+01, 3.8458933333e+04
 1500554700, 2.5000000000e+02, 1.8600000000e+02, 4.6000000000e+01, 3.2001533333e+01, 3.8389583333e+04
 1500555000, 2.5000000000e+02, 1.8600000000e+02, 4.6000000000e+01, 3.2141133333e+01, 3.8521746667e+04
 1500555300, 2.5000000000e+02, 1.8438000000e+02, 4.6000000000e+01, 3.2277033333e+01, 3.8778853333e+04
 1500555600, 2.4390000000e+02, 1.8156000000e+02, 4.3560000000e+01, 3.2326866667e+01, 3.7119033333e+04
 1500555900, 2.3795000000e+02, 1.7754000000e+02, 4.1180000000e+01, 3.0688600000e+01, 3.0485980000e+04
 1500556200, 2.3133333333e+02, 1.7143333333e+02, 3.8533333333e+01, 3.0127666667e+01, 3.1433233333e+04
 1500556500, 2.1490000000e+02, 1.5993333333e+02, 3.2000000000e+01, 3.0998600000e+01, 3.1030853333e+04
 1500556800, 2.0000000000e+02, 1.5000000000e+02, 3.2000000000e+01, 3.1417300000e+01, 3.1520820000e+04
 1500557100, 2.3645000000e+02, 1.7916000000e+02, 3.6860000000e+01, 3.1708500000e+01, 3.2005443333e+04
 1500557400, 2.2975000000e+02, 1.7746000000e+02, 3.3120000000e+01, 3.1776150000e+01, 3.1987030000e+04
 1500557700, 2.1240000000e+02, 1.6060000000e+02, 3.1520000000e+01, 3.0784716667e+01, 3.1652776667e+04
 1500558000, 1.9430000000e+02, 1.3782000000e+02, 3.3240000000e+01, 2.9909600000e+01, 3.1295093333e+04
 1500558300, 1.7000000000e+02, 1.2000000000e+02, 3.0000000000e+01, 2.9243366667e+01, 3.0612710000e+04
 1500558600, 1.6503333333e+02, 1.1602666667e+02, 2.6026666667e+01, 2.8703183333e+01, 2.9223483333e+04
 1500558900, 2.0070000000e+02, 1.4297333333e+02, 3.7106666667e+01, 2.8172450000e+01, 2.5992663333e+04
 1500559200, 2.2226666667e+02, 1.6472000000e+02, 3.7546666667e+01, 2.7520800000e+01, 2.3654493333e+04
 1500559500, 2.2793333333e+02, 1.7234666667e+02, 3.3520000000e+01, 2.6859733333e+01, 2.3737760000e+04
 1500559800, 2.2500000000e+02, 1.7085333333e+02, 3.0853333333e+01, 2.6111600000e+01, 2.3624773333e+04
 1500560100, 2.2500000000e+02, 1.7400000000e+02, 3.3973333333e+01, 2.5559333333e+01, 2.3694426667e+04
 1500560400, 2.2500000000e+02, 1.7400000000e+02, 3.2000000000e+01, 2.4220000000e+01, 1.6944773333e+04
 1500560700, 2.1280000000e+02, 1.6261333333e+02, 2.8746666667e+01, 2.2171733333e+01, 1.5554713333e+04
 1500561000, 2.1000000000e+02, 1.6234666667e+02, 2.6826666667e+01, 2.1358933333e+01, 1.9014276667e+04
 1500561300, 2.1205000000e+02, 1.6564000000e+02, 2.6000000000e+01, 2.1075866667e+01, 2.3621920000e+04
 1500561600, 2.1093333333e+02, 1.6393333333e+02, 2.6000000000e+01, 2.2372200000e+01, 2.6783546667e+04
 1500561900, 1.9485000000e+02, 1.4778000000e+02, 2.6040000000e+01, 2.3610700000e+01, 2.6812173333e+04
 1500562200, 1.8000000000e+02, 1.2600000000e+02, 3.0000000000e+01, 2.4561416667e+01, 2.6844443333e+04
 1500562500, 1.8000000000e+02, 1.3080000000e+02, 2.5200000000e+01, 2.5223850000e+01, 2.6845676667e+04
 1500562800, 1.9800000000e+02, 1.4760000000e+02, 2.7600000000e+01, 2.5611866667e+01, 2.6881263333e+04
 1500563100, 2.1806666667e+02, 1.6364666667e+02, 3.4033333333e+01, 2.5803466667e+01, 2.6641526667e+04
 1500563400, 2.3101666667e+02, 1.7281333333e+02, 3.9593333333e+01, 2.5845150000e+01, 2.6547605000e+04
 1500563700, 2.3500000000e+02, 1.7600000000e+02, 3.8000000000e+01, 2.5993383333e+01, 2.6866961667e+04
 1500564000, 1.7520000000e+02, 1.3015333333e+02, 2.6040000000e+01, 2.6287633333e+01, 2.6041686667e+04
 1500564300, 1.9093333333e+02, 1.3796666667e+02, 3.3966666667e+01, 2.6351866667e+01, 2.3798353333e+04
 1500564600, 1.8906666667e+02, 1.3288000000e+02, 3.6000000000e+01, 2.6326166667e+01, 2.4018890000e+04
 1500564900, 1.9293333333e+02, 1.3831333333e+02, 3.3620000000e+01, 2.6203433333e+01, 2.3954303333e+04
 1500565200, 2.0785000000e+02, 1.5476000000e+02, 3.2280000000e+01, 2.6066700000e+01, 2.3921266667e+04
 1500565500, 2.2020000000e+02, 1.5821333333e+02, 4.1973333333e+01, 2.5607066667e+01, 2.3436200000e+04
 1500565800, 2.3500000000e+02, 1.7400000000e+02, 4.0000000000e+01, 2.4317866667e+01, 2.2694120000e+04
 1500566100, 2.1060000000e+02, 1.5773333333e+02, 3.3493333333e+01, 2.2387066667e+01, 2.2731960000e+04
 1500566400, 2.1113333333e+02, 1.6013333333e+02, 3.3226666667e+01, 2.0858933333e+01, 2.2918573333e+04
 1500566700, 2.1500000000e+02, 1.6400000000e+02, 3.4000000000e+01, 1.9746133333e+01, 2.2750880000e+04
 1500567000, 2.1500000000e+02, 1.6357333333e+02, 3.4000000000e+01, 1.8971200000e+01, 2.2690280000e+04
 1500567300, 2.1500000000e+02, 1.6200000000e+02, 3.4000000000e+01, 1.8396200000e+01, 2.2865873333e+04
 1500567600, 2.1500000000e+02, 1.6200000000e+02, 3.4000000000e+01, 1.8678483333e+01, 2.3459655000e+04
 1500567900, 1.7930000000e+02, 1.2550666667e+02, 3.4000000000e+01, 1.9653616667e+01, 2.3682935000e+04
 1500568200, 1.5508333333e+02, 1.0526000000e+02, 2.9226666667e+01, 1.9998833333e+01, 2.3747400000e+04
 1500568500, 1.4500000000e+02, 9.6520000000e+01, 2.7480000000e+01, 2.0374800000e+01, 2.3877236667e+04
 1500568800, 1.4200000000e+02, 9.1600000000e+01, 2.9600000000e+01, 2.1267233333e+01, 2.3994966667e+04
 1500569100, 1.3186666667e+02, 8.2746666667e+01, 2.8746666667e+01, 2.2175733333e+01, 2.3854100000e+04
 1500569400, 1.3995000000e+02, 8.5980000000e+01, 3.1980000000e+01, 2.2597233333e+01, 2.4404953333e+04
 1500569700, 1.3500000000e+02, 8.4000000000e+01, 3.0000000000e+01, 2.3301933333e+01, 3.4758270000e+04
 1500570000, 2.2446666667e+02, 1.5720000000e+02, 4.4640000000e+01, 2.5089066667e+01, 3.7989653333e+04
 1500570300, 1.8980000000e+02, 1.2738666667e+02, 4.1866666667e+01, 2.5738933333e+01, 3.7802306667e+04
 1500570600, 1.8393333333e+02, 1.2280000000e+02, 4.2133333333e+01, 2.5925600000e+01, 3.7776146667e+04
 1500570900, 2.2713333333e+02, 1.6013333333e+02, 4.7573333333e+01, 2.5951866667e+01, 3.7570040000e+04
 1500571200, 2.3506666667e+02, 1.6810666667e+02, 4.6000000000e+01, 2.5673733333e+01, 3.7419373333e+04
 1500571500, 2.4000000000e+02, 1.7600000000e+02, 4.6000000000e+01, 2.4198266667e+01, 2.9350186667e+04
 1500571800, 2.2373333333e+02, 1.6298666667e+02, 4.2746666667e+01, 2.2286000000e+01, 2.9580626667e+04
 1500572100, 2.2000000000e+02, 1.5877333333e+02, 4.2000000000e+01, 2.1026400000e+01, 2.9633306667e+04
 1500572400, 2.2206666667e+02, 1.5965333333e+02, 4.2000000000e+01, 2.0110400000e+01, 2.9634706667e+04
 1500572700, 2.2500000000e+02, 1.6242666667e+02, 4.2000000000e+01, 1.9343200000e+01, 2.9738333333e+04
 1500573000, 2.2500000000e+02, 1.6397333333e+02, 4.2000000000e+01, 1.8899466667e+01, 2.9789520000e+04
 1500573300, 2.2500000000e+02, 1.6200000000e+02, 4.2000000000e+01, 1.8359333333e+01, 3.0257093333e+04
 1500573600, 2.2500000000e+02, 1.6362666667e+02, 4.2000000000e+01, 1.7896666667e+01, 3.0189360000e+04
 1500573900, 2.2193333333e+02, 1.6154666667e+02, 4.2000000000e+01, 1.7560400000e+01, 3.0023373333e+04
 1500574200, 2.2206666667e+02, 1.6082666667e+02, 4.2000000000e+01, 1.7321066667e+01, 2.9889413333e+04
 1500574500, 2.2393333333e+02, 1.6114666667e+02, 4.2000000000e+01, 1.7165333333e+01, 2.9756706667e+04
 1500574800, 2.1786666667e+02, 1.5626666667e+02, 4.1653333333e+01, 1.5534666667e+01, 1.5438160000e+04
 1500575100, 6.0000000000e+01, 2.8000000000e+01, 1.6000000000e+01, 1.2060533333e+01, 1.1995173333e+04
 1500575400, 6.8133333333e+01, 3.1253333333e+01, 1.9253333333e+01, 9.5969333333e+00, 1.1990760000e+04
 1500575700, 6.3866666667e+01, 2.9546666667e+01, 1.7546666667e+01, 7.7984000000e+00, 1.1981360000e+04
 1500576000, 6.0000000000e+01, 2.8826666667e+01, 1.6000000000e+01, 6.5178666667e+00, 1.1971040000e+04
 1500576300, 6.2133333333e+01, 3.0853333333e+01, 1.6426666667e+01, 5.5261333333e+00, 1.2232520000e+04
 1500576600, 7.1066666667e+01, 3.4960000000e+01, 1.8080000000e+01, 6.0548000000e+00, 1.2492973333e+04
 1500576900, 1.5000000000e+02, 1.0600000000e+02, 2.4000000000e+01, 6.8890666667e+00, 4.6944426667e+04
 1500577200, 1.5000000000e+02, 1.0762666667e+02, 2.4000000000e+01, 7.5028000000e+00, 4.6944786667e+04
 1500577500, 1.5000000000e+02, 1.0800000000e+02, 2.4000000000e+01, 7.9449333333e+00, 4.6945146667e+04
 1500577800, 1.5000000000e+02, 1.0800000000e+02, 2.4000000000e+01, 8.2673333333e+00, 4.6943600000e+04
 1500578100, 1.5000000000e+02, 1.0800000000e+02, 2.4000000000e+01, 8.4845333333e+00, 4.6945440000e+04
 1500578400, 1.4993333333e+02, 1.0786666667e+02, 2.4026666667e+01, 8.6080000000e+00, 5.1030026667e+04
 1500578700, 1.4500000000e+02, 9.8000000000e+01, 2.6000000000e+01, 8.5088000000e+00, 5.6940160000e+04
 1500579000, 1.5313333333e+02, 1.0938666667e+02, 2.6000000000e+01, 8.2102666667e+00, 5.7058053333e+04
 1500579300, 1.5500000000e+02, 1.1077333333e+02, 2.6000000000e+01, 7.9089333333e+00, 5.6948253333e+04
 1500579600, 1.5500000000e+02, 1.1000000000e+02, 2.6000000000e+01, 7.6174666667e+00, 5.7042986667e+04
 1500579900, 1.5500000000e+02, 1.0957333333e+02, 2.6000000000e+01, 7.2538666667e+00, 5.7048373333e+04
 1500580200, 1.5480000000e+02, 1.0786666667e+02, 2.5973333333e+01, 6.9674666667e+00, 3.8709240000e+04
 1500580500, 1.4000000000e+02, 9.8000000000e+01, 2.4000000000e+01, 7.1197333333e+00, 1.2664200000e+04
 1500580800, 1.4406666667e+02, 1.0288000000e+02, 2.4000000000e+01, 7.3830666667e+00, 4.6910213333e+04
 1500581100, 1.4500000000e+02, 1.0522666667e+02, 2.4000000000e+01, 7.5741333333e+00, 4.6910413333e+04
 1500581400, 1.4500000000e+02, 1.0600000000e+02, 2.4000000000e+01, 7.7194666667e+00, 4.6911000000e+04
 1500581700, 1.4500000000e+02, 1.0600000000e+02, 2.4000000000e+01, 7.8130666667e+00, 4.6913453333e+04
 1500582000, 1.4500000000e+02, 1.0600000000e+02, 2.4000000000e+01, 7.8785333333e+00, 4.6913786667e+04
 1500582300, 1.4500000000e+02, 1.0600000000e+02, 2.4000000000e+01, 7.9134666667e+00, 4.8016653333e+04
 1500582600, 9.2133333333e+01, 5.2320000000e+01, 2.5626666667e+01, 7.6686666667e+00, 5.7021760000e+04
 1500582900, 1.2600000000e+02, 8.2933333333e+01, 2.6000000000e+01, 7.1478666667e+00, 5.7069173333e+04
 1500583200, 1.5500000000e+02, 1.1000000000e+02, 2.6000000000e+01, 6.7240000000e+00, 5.7069213333e+04
 1500583500, 1.5500000000e+02, 1.1000000000e+02, 2.6000000000e+01, 6.3889333333e+00, 5.7068893333e+04
 1500583800, 1.5500000000e+02, 1.1002666667e+02, 2.6000000000e+01, 6.0930666667e+00, 5.7058746667e+04
 1500584100, 1.5500000000e+02, 1.1200000000e+02, 2.6000000000e+01, 6.0528000000e+00, 5.7006760000e+04
 1500584400, 1.5500000000e+02, 1.1037333333e+02, 2.6000000000e+01, 5.9084000000e+00, 5.7053773333e+04
 1500584700, 1.5500000000e+02, 1.1000000000e+02, 2.6000000000e+01, 5.9189333333e+00, 5.7050746667e+04
 1500585000, 1.5500000000e+02, 1.1000000000e+02, 2.6000000000e+01, 6.0062666667e+00, 3.9851933333e+04
 1500585300, 1.5286666667e+02, 1.0914666667e+02, 2.5573333333e+01, 6.5066666667e+00, 1.2391266667e+04
 1500585600, 1.4500000000e+02, 1.0600000000e+02, 2.4000000000e+01, 6.9326666667e+00, 4.6878000000e+04
 1500585900, 1.4500000000e+02, 1.0600000000e+02, 2.4000000000e+01, 7.2453333333e+00, 4.6877786667e+04
 1500586200, 1.4500000000e+02, 1.0600000000e+02, 2.4000000000e+01, 7.4628000000e+00, 4.6878413333e+04
 1500586500, 1.4500000000e+02, 1.0600000000e+02, 2.4000000000e+01, 7.6417333333e+00, 4.6877986667e+04
 1500586800, 1.4500000000e+02, 1.0600000000e+02, 2.4000000000e+01, 7.7530666667e+00, 4.6879253333e+04
 1500587100, 1.3113333333e+02, 9.1920000000e+01, 2.4426666667e+01, 7.7640000000e+00, 5.1989520000e+04
 1500587400, 8.1000000000e+01, 4.0933333333e+01, 2.6000000000e+01, 7.4090666667e+00, 5.7011946667e+04
 1500587700, 1.5500000000e+02, 1.1000000000e+02, 2.6000000000e+01, 6.9806666667e+00, 5.6964586667e+04
 1500588000, 1.5093333333e+02, 1.0837333333e+02, 2.6000000000e+01, 6.4576000000e+00, 5.6962600000e+04
 1500588300, 1.5000000000e+02, 1.0800000000e+02, 2.6000000000e+01, 6.2501333333e+00, 5.7005413333e+04
 1500588600, 1.4586666667e+02, 1.0386666667e+02, 2.5173333333e+01, 6.3382666667e+00, 3.0201533333e+04
 1500588900, 1.4106666667e+02, 9.9280000000e+01, 2.4000000000e+01, 6.7593333333e+00, 1.9374773333e+04
 1500589200, 1.4500000000e+02, 1.0402666667e+02, 2.4000000000e+01, 7.1120000000e+00, 4.6879813333e+04
 1500589500, 1.4500000000e+02, 1.0600000000e+02, 2.4000000000e+01, 7.3686666667e+00, 4.6879986667e+04
 1500589800, 1.4500000000e+02, 1.0600000000e+02, 2.4000000000e+01, 7.5521333333e+00, 4.6879613333e+04
 1500590100, 1.4500000000e+02, 1.0600000000e+02, 2.4000000000e+01, 7.6894666667e+00, 4.6879200000e+04
 1500590400, 1.4500000000e+02, 1.0600000000e+02, 2.4000000000e+01, 7.7808666667e+00, 4.6880213333e+04
 1500590700, 1.3220000000e+02, 9.2346666667e+01, 2.4000000000e+01, 7.8413333333e+00, 5.1993306667e+04
 1500591000, 8.5933333333e+01, 4.2906666667e+01, 2.4026666667e+01, 7.5444000000e+00, 5.6987840000e+04
 1500591300, 1.5500000000e+02, 1.1000000000e+02, 2.6000000000e+01, 7.0522666667e+00, 5.7031840000e+04
 1500591600, 1.5500000000e+02, 1.1162666667e+02, 2.6000000000e+01, 6.7172000000e+00, 5.7012973333e+04
 1500591900, 1.5500000000e+02, 1.1200000000e+02, 2.6000000000e+01, 6.4732000000e+00, 5.7032000000e+04
 1500592200, 1.5500000000e+02, 1.1200000000e+02, 2.6000000000e+01, 6.4712000000e+00, 5.6983026667e+04
 1500592500, 1.5500000000e+02, 1.1200000000e+02, 2.6000000000e+01, 6.2616000000e+00, 5.6984386667e+04
 1500592800, 1.5480000000e+02, 1.1181333333e+02, 2.5973333333e+01, 6.2376000000e+00, 5.6980973333e+04
 1500593100, 1.4000000000e+02, 9.8000000000e+01, 2.4000000000e+01, 5.9189333333e+00, 5.7010000000e+04
 1500593400, 1.5220000000e+02, 1.0776000000e+02, 2.5626666667e+01, 5.5218666667e+00, 2.1449906667e+04
 1500593700, 9.0600000000e+01, 5.7253333333e+01, 1.6186666667e+01, 4.2349333333e+00, 1.1784786667e+04
 1500594000, 5.6200000000e+01, 2.7306666667e+01, 1.3306666667e+01, 3.1020666667e+00, 1.1783816667e+04
 1500594300, 6.1800000000e+01, 3.0293333333e+01, 1.6293333333e+01, 2.2829333333e+00, 1.1785173333e+04
 1500594600, 5.0000000000e+01, 2.4000000000e+01, 1.0000000000e+01, 1.6713333333e+00, 1.1783813333e+04
 1500594900, 5.0000000000e+01, 2.4000000000e+01, 1.0000000000e+01, 1.2556000000e+00, 1.1785013333e+04
 1500595200, 5.0000000000e+01, 2.2373333333e+01, 1.0000000000e+01, 9.4240000000e-01, 1.1785413333e+04
 1500595500, 5.0000000000e+01, 2.3226666667e+01, 1.0000000000e+01, 7.1373333333e-01, 1.1786813333e+04
 1500595800, 5.0000000000e+01, 2.4000000000e+01, 1.0000000000e+01, 5.5006666667e-01, 1.1787160000e+04
 1500596100, 5.1966666667e+01, 2.4000000000e+01, 1.0786666667e+01, 4.3506666667e-01, 1.1787793333e+04
 1500596400, 5.3933333333e+01, 2.4000000000e+01, 1.1573333333e+01, 3.5493333333e-01, 1.1787826667e+04
 1500596700, 5.0000000000e+01, 2.4000000000e+01, 1.0000000000e+01, 2.7480000000e-01, 1.1788000000e+04
 1500597000, 5.0000000000e+01, 2.4000000000e+01, 1.0000000000e+01, 2.2200000000e-01, 1.1788600000e+04
 1500597300, 5.4066666667e+01, 2.5626666667e+01, 1.0000000000e+01, 2.1186666667e-01, 1.1788800000e+04
 1500597600, 5.1933333333e+01, 2.4773333333e+01, 1.0000000000e+01, 2.0773333333e-01, 1.1788613333e+04
 1500597900, 5.0000000000e+01, 2.4000000000e+01, 1.0000000000e+01, 1.7146666667e-01, 1.1788576667e+04
 1500598200, 5.0000000000e+01, 2.4000000000e+01, 1.0000000000e+01, 1.3173333333e-01, 1.1788800000e+04
 1500598500, 5.0000000000e+01, 2.4000000000e+01, 1.0000000000e+01, 1.2786666667e-01, 1.1789586667e+04
 1500598800, 5.0000000000e+01, 2.4000000000e+01, 1.0000000000e+01, 1.2986666667e-01, 1.1789800000e+04
 1500599100, 5.0000000000e+01, 2.2373333333e+01, 1.0000000000e+01, 1.1173333333e-01, 1.1789213333e+04
 1500599400, 5.0000000000e+01, 2.3226666667e+01, 1.0000000000e+01, 1.0816666667e-01, 1.1789223333e+04
 1500599700, 5.0000000000e+01, 2.4000000000e+01, 1.0000000000e+01, 1.4026666667e-01, 1.1790426667e+04
 1500600000, 5.2133333333e+01, 2.5280000000e+01, 1.0853333333e+01, 1.5013333333e-01, 1.1791373333e+04
 1500600300, 5.9866666667e+01, 2.9920000000e+01, 1.3946666667e+01, 1.3973333333e-01, 1.1790826667e+04
 1500600600, 5.0000000000e+01, 2.4000000000e+01, 1.0000000000e+01, 1.2790000000e-01, 1.1791393333e+04
 1500600900, 5.0000000000e+01, 2.4000000000e+01, 1.0000000000e+01, 1.2000000000e-01, 1.1790786667e+04
 1500601200, 5.0000000000e+01, 2.4000000000e+01, 1.0000000000e+01, 1.2826666667e-01, 1.1791640000e+04
 1500601500, 5.0000000000e+01, 2.3173333333e+01, 1.0000000000e+01, 1.3586666667e-01, 1.1791960000e+04
 1500601800, 5.0000000000e+01, 2.2426666667e+01, 1.0000000000e+01, 1.2400000000e-01, 1.1791426667e+04
 1500602100, 5.0000000000e+01, 2.4000000000e+01, 1.0000000000e+01, 1.3013333333e-01, 1.1791383333e+04
 1500602400, 5.0000000000e+01, 2.4000000000e+01, 1.0000000000e+01, 1.4226666667e-01, 1.1790800000e+04
 1500602700, 5.0000000000e+01, 2.4000000000e+01, 1.0000000000e+01, 1.5806666667e-01, 1.1791406667e+04
 1500603000, 5.0000000000e+01, 2.4000000000e+01, 1.0000000000e+01, 1.4973333333e-01, 1.1791813333e+04
 1500603300, 5.0000000000e+01, 2.4000000000e+01, 1.0000000000e+01, 1.3786666667e-01, 1.1793000000e+04
 1500603600, 5.0000000000e+01, 2.4000000000e+01, 1.0000000000e+01, 1.3426666667e-01, 1.1793000000e+04
 1500603900, 5.0000000000e+01, 2.4000000000e+01, 1.0000000000e+01, 1.4586666667e-01, 1.1793413333e+04
 1500604200, 5.0000000000e+01, 2.4000000000e+01, 1.0000000000e+01, 1.3786666667e-01, 1.1793186667e+04
 1500604500, 5.0000000000e+01, 2.4000000000e+01, 1.0000000000e+01, 1.3413333333e-01, 1.1793626667e+04
 1500604800, 5.0000000000e+01, 2.4000000000e+01, 1.0000000000e+01, 1.3000000000e-01, 1.1794786667e+04
 1500605100, 5.0000000000e+01, 2.4000000000e+01, 1.0000000000e+01, 1.2800000000e-01, 1.1792600000e+04
 1500605400, 5.0000000000e+01, 2.4000000000e+01, 1.0000000000e+01, 1.3386666667e-01, 1.1792000000e+04
 1500605700, 5.0000000000e+01, 2.4000000000e+01, 1.0000000000e+01, 1.2586666667e-01, 1.1792380000e+04
 1500606000, 5.0066666667e+01, 2.4080000000e+01, 1.0000000000e+01, 1.3413333333e-01, 1.1792426667e+04
 1500606300, 5.5000000000e+01, 3.0000000000e+01, 1.0000000000e+01, 1.3000000000e-01, 1.1793026667e+04
 1500606600, 5.9050000000e+01, 3.0000000000e+01, 1.1620000000e+01, 1.2800000000e-01, 1.1793566667e+04
 1500606900, 5.4000000000e+01, 2.6400000000e+01, 1.0800000000e+01, 1.3186666667e-01, 1.1794040000e+04
 1500607200, 5.0000000000e+01, 2.4000000000e+01, 1.0000000000e+01, 1.2826666667e-01, 1.1795400000e+04
 1500607500, 5.0000000000e+01, 2.4000000000e+01, 1.0000000000e+01, 1.3400000000e-01, 1.1795613333e+04
 1500607800, 5.0000000000e+01, 2.4000000000e+01, 1.0000000000e+01, 1.2986666667e-01, 1.1795736667e+04
 1500608100, 5.0000000000e+01, 2.4000000000e+01, 1.0000000000e+01, 1.2586666667e-01, 1.1795000000e+04
 1500608400, 5.0000000000e+01, 2.4000000000e+01, 1.0000000000e+01, 1.3000000000e-01, 1.1794413333e+04
 1500608700, 5.0000000000e+01, 2.4000000000e+01, 1.0000000000e+01, 1.2026666667e-01, 1.1795386667e+04
 1500609000, 5.2066666667e+01, 2.5653333333e+01, 1.1653333333e+01, 1.3786666667e-01, 1.1794626667e+04
 1500609300, 5.3933333333e+01, 2.7146666667e+01, 1.3146666667e+01, 1.3386666667e-01, 1.1795800000e+04
 1500609600, 5.0400000000e+01, 2.4213333333e+01, 1.0186666667e+01, 3.0266666667e-01, 1.2198800000e+04
 1500609900, 8.0000000000e+01, 4.0000000000e+01, 2.4000000000e+01, 5.8266666667e-01, 1.5482080000e+04
 1500610200, 1.3693333333e+02, 9.3680000000e+01, 2.4000000000e+01, 2.0806666667e+00, 2.7588360000e+04
 1500610500, 1.4693333333e+02, 1.0600000000e+02, 2.5226666667e+01, 3.7201333333e+00, 3.1545973333e+04
 1500610800, 1.4706666667e+02, 1.0682666667e+02, 2.5173333333e+01, 4.8948000000e+00, 3.4677253333e+04
 1500611100, 1.4893333333e+02, 1.0629333333e+02, 2.4426666667e+01, 5.7473333333e+00, 3.6229053333e+04
 1500611400, 1.4506666667e+02, 1.0010666667e+02, 2.6000000000e+01, 6.3568000000e+00, 3.7075586667e+04
 1500611700, 1.5000000000e+02, 1.0800000000e+02, 2.6000000000e+01, 6.8232000000e+00, 3.7109266667e+04
 1500612000, 1.5000000000e+02, 1.0637333333e+02, 2.6000000000e+01, 7.1614666667e+00, 3.7297133333e+04
 1500612300, 1.5000000000e+02, 1.0722666667e+02, 2.6000000000e+01, 7.3744000000e+00, 3.7722266667e+04
 1500612600, 1.5000000000e+02, 1.0882666667e+02, 2.6000000000e+01, 7.5602666667e+00, 3.8493733333e+04
 1500612900, 1.5000000000e+02, 1.0957333333e+02, 2.6000000000e+01, 7.7014666667e+00, 3.8606346667e+04
 1500613200, 1.5000000000e+02, 1.0797333333e+02, 2.6000000000e+01, 7.7866666667e+00, 3.8696293333e+04
 1500613500, 1.5000000000e+02, 1.0600000000e+02, 2.6000000000e+01, 7.8389333333e+00, 3.8728986667e+04
 1500613800, 1.5000000000e+02, 1.0762666667e+02, 2.6000000000e+01, 7.9026666667e+00, 3.8701253333e+04
 1500614100, 1.5000000000e+02, 1.0800000000e+02, 2.6000000000e+01, 7.9465333333e+00, 3.8725293333e+04
 1500614400, 1.5000000000e+02, 1.0882666667e+02, 2.5173333333e+01, 7.9762666667e+00, 3.8797813333e+04
 1500614700, 1.5000000000e+02, 1.0914666667e+02, 2.4000000000e+01, 7.9921333333e+00, 3.9088680000e+04
 1500615000, 1.5000000000e+02, 1.0605333333e+02, 2.4000000000e+01, 8.0042666667e+00, 3.9101786667e+04
 1500615300, 1.5000000000e+02, 1.1000000000e+02, 2.4000000000e+01, 8.0181333333e+00, 3.9330053333e+04
 1500615600, 1.5000000000e+02, 1.1000000000e+02, 2.5626666667e+01, 8.0234666667e+00, 3.9369933333e+04
 1500615900, 1.2853333333e+02, 8.6693333333e+01, 2.4773333333e+01, 7.1901333333e+00, 2.0625986667e+04
 1500616200, 1.0466666667e+02, 6.2080000000e+01, 2.4000000000e+01, 5.7092000000e+00, 1.4320053333e+04
 1500616500, 9.0000000000e+01, 4.8426666667e+01, 2.4000000000e+01, 4.4573333333e+00, 1.3728906667e+04
 1500616800, 9.0000000000e+01, 5.0000000000e+01, 2.4000000000e+01, 3.6105666667e+00, 1.2819756667e+04
 1500617100, 8.5033333333e+01, 4.2053333333e+01, 2.2013333333e+01, 3.2919333333e+00, 1.4823186667e+04
 1500617400, 1.4193333333e+02, 9.4053333333e+01, 3.0133333333e+01, 4.0318666667e+00, 2.1282240000e+04
 1500617700, 1.5806666667e+02, 1.0722666667e+02, 3.2000000000e+01, 5.0653333333e+00, 2.1402106667e+04
 1500618000, 1.5793333333e+02, 1.0717333333e+02, 3.2000000000e+01, 5.8120000000e+00, 2.1419280000e+04
 1500618300, 1.5500000000e+02, 1.0600000000e+02, 3.2000000000e+01, 6.3585333333e+00, 2.1607280000e+04
 1500618600, 1.5500000000e+02, 1.0600000000e+02, 3.2000000000e+01, 6.8325333333e+00, 2.2048186667e+04
 1500618900, 1.5980000000e+02, 1.0600000000e+02, 3.2000000000e+01, 7.6608000000e+00, 2.4430546667e+04
 1500619200, 2.0880000000e+02, 1.4992000000e+02, 4.0133333333e+01, 9.7351333333e+00, 3.0962956667e+04
 1500619500, 2.2306666667e+02, 1.6245333333e+02, 4.2000000000e+01, 1.2078666667e+01, 3.4817586667e+04
 1500619800, 2.3120000000e+02, 1.6813333333e+02, 4.3653333333e+01, 1.5120933333e+01, 4.0202746667e+04
 1500620100, 2.4106666667e+02, 1.7442666667e+02, 4.6426666667e+01, 1.7552666667e+01, 4.0705733333e+04
 1500620400, 2.4493333333e+02, 1.7600000000e+02, 4.7973333333e+01, 1.9315466667e+01, 4.0773786667e+04
 1500620700, 2.4000000000e+02, 1.7600000000e+02, 4.6000000000e+01, 2.0578000000e+01, 4.0800013333e+04
 1500621000, 2.4406666667e+02, 1.7762666667e+02, 4.6000000000e+01, 2.1540800000e+01, 4.0777613333e+04
 1500621300, 2.4193333333e+02, 1.7677333333e+02, 4.6000000000e+01, 2.2231400000e+01, 4.0772956667e+04
 1500621600, 2.4000000000e+02, 1.7517333333e+02, 4.5173333333e+01, 2.2757333333e+01, 4.1278133333e+04
 1500621900, 2.4000000000e+02, 1.7442666667e+02, 4.4426666667e+01, 2.3073333333e+01, 4.1318146667e+04
 1500622200, 2.4000000000e+02, 1.7600000000e+02, 4.6000000000e+01, 2.3320800000e+01, 4.1270333333e+04
 1500622500, 2.4000000000e+02, 1.7600000000e+02, 4.6000000000e+01, 2.3477600000e+01, 4.1225973333e+04
 1500622800, 2.3593333333e+02, 1.7274666667e+02, 4.6000000000e+01, 2.3598000000e+01, 4.1075146667e+04
 1500623100, 2.3806666667e+02, 1.7445333333e+02, 4.6000000000e+01, 2.3423466667e+01, 3.5751053333e+04
 1500623400, 2.0486666667e+02, 1.4706666667e+02, 4.0213333333e+01, 2.1489333333e+01, 2.8898586667e+04
 1500623700, 1.5290000000e+02, 1.0348000000e+02, 3.1160000000e+01, 1.8920866667e+01, 2.3260226667e+04
 1500624000, 1.4606666667e+02, 9.5013333333e+01, 2.8133333333e+01, 1.6818133333e+01, 2.9029960000e+04
 1500624300, 2.2500000000e+02, 1.7000000000e+02, 3.8000000000e+01, 1.7517600000e+01, 4.3471400000e+04
 1500624600, 2.2500000000e+02, 1.6837333333e+02, 3.8000000000e+01, 1.8507733333e+01, 3.8080213333e+04
 1500624900, 2.2806666667e+02, 1.7168000000e+02, 3.6773333333e+01, 1.9309600000e+01, 4.9967880000e+04
 1500625200, 2.3413333333e+02, 1.7648000000e+02, 3.6826666667e+01, 2.2147333333e+01, 5.5887170000e+04
 1500625500, 2.3573333333e+02, 1.7701333333e+02, 3.8000000000e+01, 2.1420400000e+01, 3.7962626667e+04
 1500625800, 2.1880000000e+02, 1.6490666667e+02, 3.7866666667e+01, 2.0274933333e+01, 3.6128600000e+04
 1500626100, 1.3000000000e+02, 8.4000000000e+01, 2.8000000000e+01, 1.7180533333e+01, 2.8362920000e+04
 1500626400, 1.6253333333e+02, 1.1490666667e+02, 2.9626666667e+01, 1.4919200000e+01, 3.0733106667e+04
 1500626700, 1.6693333333e+02, 1.1832000000e+02, 3.0000000000e+01, 1.3331133333e+01, 2.7141106667e+04
 1500627000, 1.8980000000e+02, 1.3914666667e+02, 3.0826666667e+01, 1.2688533333e+01, 3.4335893333e+04
 1500627300, 2.2500000000e+02, 1.7242666667e+02, 3.2426666667e+01, 1.3798933333e+01, 3.9097733333e+04
 1500627600, 2.2493333333e+02, 1.7392000000e+02, 3.3973333333e+01, 1.4669200000e+01, 3.8302426667e+04
 1500627900, 2.2000000000e+02, 1.6800000000e+02, 3.2000000000e+01, 1.4698533333e+01, 3.3391373333e+04
 1500628200, 1.8340000000e+02, 1.3384000000e+02, 3.0373333333e+01, 1.4173466667e+01, 3.9426813333e+04
 1500628500, 1.9646666667e+02, 1.4685333333e+02, 3.1226666667e+01, 1.5938933333e+01, 4.5810453333e+04
 1500628800, 2.1413333333e+02, 1.6082666667e+02, 3.5306666667e+01, 1.5331200000e+01, 3.9254933333e+04
 1500629100, 2.0933333333e+02, 1.5346666667e+02, 3.7866666667e+01, 1.5373600000e+01, 3.8994253333e+04
 1500629400, 1.7006666667e+02, 1.2205333333e+02, 2.9973333333e+01, 1.4082933333e+01, 2.9291466667e+04
 1500629700, 1.7500000000e+02, 1.2600000000e+02, 2.8000000000e+01, 1.2602666667e+01, 2.2900333333e+04
 1500630000, 1.2213333333e+02, 7.7200000000e+01, 2.6373333333e+01, 1.0260000000e+01, 2.0750240000e+04
 1500630300, 1.3453333333e+02, 9.0533333333e+01, 2.7226666667e+01, 9.2049333333e+00, 2.4443333333e+04
 1500630600, 1.2313333333e+02, 8.1200000000e+01, 2.6346666667e+01, 7.1666666667e+00, 1.4436440000e+04
 1500630900, -nan, 6.1786666667e+01, 2.4426666667e+01, 6.4326666667e+00, 2.3983200000e+04
 1500631200, -nan, 1.1997333333e+02, 2.6000000000e+01, -nan, 3.1637680000e+04
 1500631500, -nan, 1.1800000000e+02, 2.6000000000e+01, -nan, 3.2734480000e+04
 1500631800, -nan, -nan, 2.6000000000e+01, -nan, 3.3156080000e+04
 1500632100, -nan, -nan, 2.6000000000e+01, -nan, 2.9006786667e+04
 1500632400, -nan, -nan, 2.5173333333e+01, -nan, 1.9093733333e+04
 1500632700, -nan, -nan, 2.4853333333e+01, -nan, 3.6236053333e+04
 1500633000, -nan, -nan, 2.8000000000e+01, -nan, 4.0453960000e+04
 1500633300, -nan, -nan, -nan, -nan, 4.2902813333e+04
 1500633600, -nan, -nan, -nan, -nan, 4.4553133333e+04
 1500633900, -nan, -nan, -nan, -nan, 4.5243866667e+04
 1500634200, -nan, -nan, -nan, -nan, 4.6529480000e+04
 1500634500, -nan, -nan, -nan, -nan, -nan
 1500634800, -nan, -nan, -nan, -nan, -nan
