 Time, ttl_pwr, cpu_pwr, mem_pwr, cpu_load, mem_load
 1500441000, 2,9090000000e+02, 2,0944000000e+02, 5,9640000000e+01, 3,1788700000e+01, 2,4605383333e+04
 1500441300, 2,9000000000e+02, 2,0924666667e+02, 6,0000000000e+01, 3,1851766667e+01, 2,4603203333e+04
 1500441600, 2,9211666667e+02, 2,1169333333e+02, 5,9153333333e+01, 3,1904233333e+01, 2,4603800000e+04
 1500441900, 2,9388333333e+02, 2,1221333333e+02, 5,8893333333e+01, 3,1931533333e+01, 2,4604626667e+04
 1500442200, 2,8980000000e+02, 2,0592000000e+02, 6,1960000000e+01, 3,1957500000e+01, 2,4604783333e+04
 1500442500, 2,8000000000e+02, 2,0200000000e+02, 6,0000000000e+01, 3,1839666667e+01, 2,4605023333e+04
 1500442800, 2,8823333333e+02, 2,1023333333e+02, 5,8353333333e+01, 3,1830166667e+01, 2,4605366667e+04
 1500443100, 2,8686666667e+02, 2,0824000000e+02, 5,9253333333e+01, 3,1881133333e+01, 2,4605826667e+04
 1500443400, 2,8711666667e+02, 2,0854000000e+02, 5,8306666667e+01, 3,1914400000e+01, 2,4605783333e+04
 1500443700, 2,9110000000e+02, 2,1288000000e+02, 5,6440000000e+01, 3,1942633333e+01, 2,4605580000e+04
 1500444000, 2,9441666667e+02, 2,1581333333e+02, 5,7626666667e+01, 3,1962233333e+01, 2,4604623333e+04
 1500444300, 2,7000000000e+02, 2,0800000000e+02, 4,2000000000e+01, 3,1972233333e+01, 2,4606810000e+04
 1500444600, 2,7820000000e+02, 2,0636000000e+02, 5,3480000000e+01, 3,2000800000e+01, 2,4606586667e+04
 1500444900, 2,8310000000e+02, 2,0972000000e+02, 5,8480000000e+01, 3,2027800000e+01, 2,4608233333e+04
 1500445200, 2,0393333333e+02, 1,4288000000e+02, 4,5493333333e+01, 2,9674266667e+01, 1,7612126667e+04
 1500445500, 1,3790000000e+02, 8,4760000000e+01, 3,4360000000e+01, 2,3819366667e+01, 1,8512600000e+04
 1500445800, 2,8990000000e+02, 2,0800000000e+02, 6,3840000000e+01, 2,5549233333e+01, 2,4651416667e+04
 1500446100, 2,8500000000e+02, 2,0800000000e+02, 5,6000000000e+01, 2,7301933333e+01, 2,4793676667e+04
 1500446400, 2,8500000000e+02, 2,0965333333e+02, 5,4346666667e+01, 2,7707433333e+01, 2,4650650000e+04
 1500446700, 2,9120000000e+02, 2,1496000000e+02, 5,5240000000e+01, 2,8859900000e+01, 2,4651440000e+04
 1500447000, 2,8870000000e+02, 2,1464000000e+02, 5,3480000000e+01, 2,9757600000e+01, 2,4651783333e+04
 1500447300, 2,8110000000e+02, 2,1088000000e+02, 5,0440000000e+01, 3,0321966667e+01, 2,4653800000e+04
 1500447600, 2,8490000000e+02, 2,1388000000e+02, 5,2000000000e+01, 3,0803000000e+01, 2,4650590000e+04
 1500447900, 2,8000000000e+02, 2,0800000000e+02, 5,2000000000e+01, 3,1130266667e+01, 2,4653046667e+04
 1500448200, 2,8826666667e+02, 2,0800000000e+02, 5,3653333333e+01, 3,1363533333e+01, 2,4651133333e+04
 1500448500, 2,9311666667e+02, 2,0924666667e+02, 5,5246666667e+01, 3,1536933333e+01, 2,4651780000e+04
 1500448800, 2,9076666667e+02, 2,0915333333e+02, 5,5153333333e+01, 3,1617033333e+01, 2,4651643333e+04
 1500449100, 2,8723333333e+02, 2,1023333333e+02, 5,4446666667e+01, 3,1722566667e+01, 2,4652576667e+04
 1500449400, 2,9473333333e+02, 2,1784000000e+02, 5,6000000000e+01, 3,1816233333e+01, 2,4651636667e+04
 1500449700, 2,8500000000e+02, 2,1200000000e+02, 5,6000000000e+01, 3,1891000000e+01, 2,4651820000e+04
 1500450000, 2,8500000000e+02, 2,1036000000e+02, 5,2720000000e+01, 3,1955000000e+01, 2,4652210000e+04
 1500450300, 2,8810000000e+02, 2,1248000000e+02, 5,5720000000e+01, 3,1984600000e+01, 2,4653400000e+04
 1500450600, 2,8788333333e+02, 2,1484666667e+02, 5,8000000000e+01, 3,1999033333e+01, 2,4652976667e+04
 1500450900, 2,8611666667e+02, 2,1510666667e+02, 5,7553333333e+01, 3,1966500000e+01, 2,4653233333e+04
 1500451200, 2,9000000000e+02, 2,1200000000e+02, 5,5953333333e+01, 3,1962800000e+01, 2,4652610000e+04
 1500451500, 2,9000000000e+02, 2,1200000000e+02, 5,4000000000e+01, 3,1855333333e+01, 2,4652636667e+04
 1500451800, 2,8176666667e+02, 2,0541333333e+02, 5,5646666667e+01, 3,1849366667e+01, 2,4652580000e+04
 1500452100, 2,8000000000e+02, 2,0650666667e+02, 5,3493333333e+01, 3,1892100000e+01, 2,4653590000e+04
 1500452400, 2,8000000000e+02, 2,0968000000e+02, 5,2840000000e+01, 3,1912400000e+01, 2,4652620000e+04
 1500452700, 2,8335000000e+02, 2,1378666667e+02, 5,4446666667e+01, 3,1964366667e+01, 2,4653196667e+04
 1500453000, 2,9460000000e+02, 2,1980000000e+02, 5,5760000000e+01, 3,1937366667e+01, 2,4653796667e+04
 1500453300, 2,7500000000e+02, 2,1000000000e+02, 4,4000000000e+01, 3,1905133333e+01, 2,4653026667e+04
 1500453600, 9,7266666667e+01, 5,9546666667e+01, 1,7546666667e+01, 2,9015333333e+01, 2,5151000000e+04
 1500453900, 1,9330000000e+02, 1,3836000000e+02, 3,5560000000e+01, 2,8896000000e+01, 2,4654643333e+04
 1500454200, 2,8340000000e+02, 2,0516000000e+02, 5,5880000000e+01, 2,9744766667e+01, 2,4655356667e+04
 1500454500, 2,9386666667e+02, 2,0626666667e+02, 6,2186666667e+01, 3,0327000000e+01, 2,4655250000e+04
 1500454800, 2,9000000000e+02, 2,1395333333e+02, 5,6000000000e+01, 3,0786833333e+01, 2,4655620000e+04
 1500455100, 2,9000000000e+02, 2,1200000000e+02, 5,6000000000e+01, 3,1137366667e+01, 2,4654983333e+04
 1500455400, 2,9000000000e+02, 2,0872000000e+02, 6,2560000000e+01, 3,1377166667e+01, 2,4654600000e+04
 1500455700, 2,9311666667e+02, 2,1298666667e+02, 5,9013333333e+01, 3,1506933333e+01, 2,4654966667e+04
 1500456000, 2,8870000000e+02, 2,1684000000e+02, 5,0960000000e+01, 3,1620133333e+01, 2,4653626667e+04
 1500456300, 2,7888333333e+02, 2,1710666667e+02, 4,6680000000e+01, 3,1705566667e+01, 2,4655040000e+04
 1500456600, 2,7540000000e+02, 2,1405333333e+02, 5,5893333333e+01, 3,1780200000e+01, 2,4655230000e+04
 1500456900, 2,9000000000e+02, 2,1600000000e+02, 5,2000000000e+01, 3,1772666667e+01, 2,4655040000e+04
 1500457200, 2,8180000000e+02, 2,0944000000e+02, 5,3640000000e+01, 3,1825633333e+01, 2,4656316667e+04
 1500457500, 2,8000000000e+02, 2,0800000000e+02, 5,4000000000e+01, 3,1892933333e+01, 2,4654773333e+04
 1500457800, 2,8420000000e+02, 2,0884000000e+02, 5,4840000000e+01, 3,1807166667e+01, 2,4654403333e+04
 1500458100, 2,9110000000e+02, 2,1176000000e+02, 5,6000000000e+01, 3,1809400000e+01, 2,4654573333e+04
 1500458400, 2,9470000000e+02, 2,1776000000e+02, 5,5960000000e+01, 3,1834833333e+01, 2,4655123333e+04
 1500458700, 2,8000000000e+02, 2,0600000000e+02, 5,4000000000e+01, 3,1892133333e+01, 2,4656356667e+04
 1500459000, 2,8000000000e+02, 2,1256000000e+02, 4,7440000000e+01, 3,1915000000e+01, 2,4654960000e+04
 1500459300, 2,9240000000e+02, 2,1524000000e+02, 5,8400000000e+01, 3,1973400000e+01, 2,4656656667e+04
 1500459600, 2,9153333333e+02, 2,1176666667e+02, 6,0920000000e+01, 3,2019133333e+01, 2,4655826667e+04
 1500459900, 2,8110000000e+02, 2,0644000000e+02, 5,4880000000e+01, 3,2056200000e+01, 2,4657860000e+04
 1500460200, 2,8488333333e+02, 2,0790666667e+02, 5,7953333333e+01, 3,2064466667e+01, 2,4657560000e+04
 1500460500, 2,8000000000e+02, 2,0400000000e+02, 5,6000000000e+01, 3,2063200000e+01, 2,4657160000e+04
 1500460800, 2,8820000000e+02, 2,0564000000e+02, 6,0920000000e+01, 3,1828366667e+01, 2,4827940000e+04
 1500461100, 2,8065000000e+02, 2,0849333333e+02, 5,7013333333e+01, 3,0977933333e+01, 2,4658900000e+04
 1500461400, 2,7923333333e+02, 2,0915333333e+02, 5,4000000000e+01, 3,1287566667e+01, 2,4658126667e+04
 1500461700, 2,8723333333e+02, 2,1023333333e+02, 5,4893333333e+01, 3,1453000000e+01, 2,4656406667e+04
 1500462000, 2,9470000000e+02, 2,1780000000e+02, 5,7920000000e+01, 3,1537133333e+01, 2,4657016667e+04
 1500462300, 2,8000000000e+02, 2,0800000000e+02, 5,4000000000e+01, 3,1580733333e+01, 2,4657180000e+04
 1500462600, 2,8823333333e+02, 2,1129333333e+02, 5,7293333333e+01, 3,1712666667e+01, 2,4657693333e+04
 1500462900, 2,8690000000e+02, 2,0952000000e+02, 5,6760000000e+01, 3,1815633333e+01, 2,4660543333e+04
 1500463200, 2,8290000000e+02, 2,0884000000e+02, 5,4320000000e+01, 3,1884833333e+01, 2,4657600000e+04
 1500463500, 2,8335000000e+02, 2,1178666667e+02, 5,3340000000e+01, 3,1931033333e+01, 2,4656750000e+04
 1500463800, 2,9490000000e+02, 2,1784000000e+02, 5,8040000000e+01, 3,1956800000e+01, 2,4656673333e+04
 1500464100, 2,9000000000e+02, 2,1000000000e+02, 6,0000000000e+01, 3,1984833333e+01, 2,4658576667e+04
 1500464400, 2,7765000000e+02, 2,0506000000e+02, 5,5060000000e+01, 3,2040900000e+01, 2,4659190000e+04
 1500464700, 2,8123333333e+02, 2,1023333333e+02, 5,4000000000e+01, 3,2023866667e+01, 2,4658420000e+04
 1500465000, 2,8500000000e+02, 2,1315333333e+02, 5,5693333333e+01, 3,2048000000e+01, 2,4659400000e+04
 1500465300, 2,8500000000e+02, 2,1200000000e+02, 5,7093333333e+01, 3,2036400000e+01, 2,4658803333e+04
 1500465600, 2,8480000000e+02, 2,1200000000e+02, 5,3840000000e+01, 3,1963433333e+01, 2,4659020000e+04
 1500465900, 2,7500000000e+02, 2,1200000000e+02, 4,6000000000e+01, 3,1913100000e+01, 2,4659776667e+04
 1500466200, 2,9146666667e+02, 2,1694000000e+02, 5,4233333333e+01, 3,1944866667e+01, 2,4660223333e+04
 1500466500, 2,8873333333e+02, 2,1173333333e+02, 5,6000000000e+01, 3,1970700000e+01, 2,4660020000e+04
 1500466800, 2,8710000000e+02, 2,0716000000e+02, 5,7680000000e+01, 3,1980400000e+01, 2,4660396667e+04
 1500467100, 2,8890000000e+02, 2,0644000000e+02, 6,0000000000e+01, 3,2014366667e+01, 2,4659313333e+04
 1500467400, 2,8510000000e+02, 2,0804000000e+02, 6,0040000000e+01, 3,1995033333e+01, 2,4658250000e+04
 1500467700, 2,9000000000e+02, 2,1000000000e+02, 6,2000000000e+01, 3,2000233333e+01, 2,4659823333e+04
 1500468000, 2,9411666667e+02, 2,1658666667e+02, 5,8706666667e+01, 3,1995233333e+01, 2,4659233333e+04
 1500468300, 2,8876666667e+02, 2,1176666667e+02, 5,5506666667e+01, 3,0951533333e+01, 2,4660843333e+04
 1500468600, 2,8290000000e+02, 2,0716000000e+02, 5,3160000000e+01, 3,1151733333e+01, 2,4662580000e+04
 1500468900, 2,8330000000e+02, 2,0864000000e+02, 5,3320000000e+01, 3,1372766667e+01, 2,4661986667e+04
 1500469200, 2,9500000000e+02, 2,1800000000e+02, 5,8000000000e+01, 3,1474166667e+01, 2,4662423333e+04
 1500469500, 2,9500000000e+02, 2,1800000000e+02, 5,8000000000e+01, 3,1582800000e+01, 2,4661203333e+04
 1500469800, 2,8676666667e+02, 2,1635333333e+02, 5,3060000000e+01, 3,1685633333e+01, 2,4660750000e+04
 1500470100, 2,8500000000e+02, 2,0976666667e+02, 4,9506666667e+01, 3,1730766667e+01, 2,4661913333e+04
 1500470400, 2,7865000000e+02, 2,0515333333e+02, 4,8846666667e+01, 3,1775966667e+01, 2,4662776667e+04
 1500470700, 2,7223333333e+02, 2,0534000000e+02, 5,0893333333e+01, 3,1872333333e+01, 2,4662223333e+04
 1500471000, 2,8026666667e+02, 2,1016000000e+02, 5,4106666667e+01, 3,1959733333e+01, 2,4662416667e+04
 1500471300, 2,9000000000e+02, 2,1600000000e+02, 5,8000000000e+01, 3,1993933333e+01, 2,4662780000e+04
 1500471600, 2,7770000000e+02, 2,1108000000e+02, 4,8160000000e+01, 3,2039033333e+01, 2,4662380000e+04
 1500471900, 2,6880000000e+02, 2,0752000000e+02, 4,1040000000e+01, 3,2066433333e+01, 2,4661023333e+04
 1500472200, 2,7340000000e+02, 2,0600000000e+02, 4,5560000000e+01, 3,2076366667e+01, 2,4661376667e+04
 1500472500, 2,8500000000e+02, 2,0556000000e+02, 5,7320000000e+01, 3,2030466667e+01, 2,4662443333e+04
 1500472800, 2,8510000000e+02, 2,0400000000e+02, 6,2040000000e+01, 3,2058866667e+01, 2,4662986667e+04
 1500473100, 2,9000000000e+02, 2,0400000000e+02, 6,4000000000e+01, 3,2034200000e+01, 2,4664440000e+04
 1500473400, 2,9000000000e+02, 2,0896000000e+02, 5,9040000000e+01, 3,2010933333e+01, 2,4662783333e+04
 1500473700, 2,8690000000e+02, 2,0876000000e+02, 5,8000000000e+01, 3,1974600000e+01, 2,4661976667e+04
 1500474000, 2,8920000000e+02, 2,0800000000e+02, 6,2200000000e+01, 3,1994433333e+01, 2,4662420000e+04
 1500474300, 2,9500000000e+02, 2,1020000000e+02, 6,5360000000e+01, 3,2021766667e+01, 2,4663403333e+04
 1500474600, 2,9430000000e+02, 2,1776000000e+02, 5,5600000000e+01, 3,2012600000e+01, 2,4663200000e+04
 1500474900, 2,6000000000e+02, 2,0600000000e+02, 3,6000000000e+01, 3,2018566667e+01, 2,4664620000e+04
 1500475200, 2,8881666667e+02, 2,1588000000e+02, 5,4113333333e+01, 3,1974666667e+01, 2,4664053333e+04
 1500475500, 2,9188333333e+02, 2,1550666667e+02, 5,8000000000e+01, 3,1331866667e+01, 2,4709830000e+04
 1500475800, 2,8580000000e+02, 2,0980000000e+02, 5,6320000000e+01, 3,1058233333e+01, 2,4664550000e+04
 1500476100, 2,8113333333e+02, 2,0536000000e+02, 5,4906666667e+01, 3,1331366667e+01, 2,4664840000e+04
 1500476400, 2,8500000000e+02, 2,0992000000e+02, 5,8120000000e+01, 3,1532200000e+01, 2,4663783333e+04
 1500476700, 2,8500000000e+02, 2,0600000000e+02, 6,4000000000e+01, 3,1708266667e+01, 2,4664246667e+04
 1500477000, 2,9323333333e+02, 2,1423333333e+02, 5,7413333333e+01, 3,1813733333e+01, 2,4664493333e+04
 1500477300, 2,9188333333e+02, 2,1600000000e+02, 5,6000000000e+01, 3,1881833333e+01, 2,4666853333e+04
 1500477600, 2,9416666667e+02, 2,1600000000e+02, 5,8500000000e+01, 3,1961133333e+01, 2,4664846667e+04
 1500477900, 3,0000000000e+02, 2,1600000000e+02, 6,1566666667e+01, 3,2003800000e+01, 2,4666370000e+04
 1500478200, 2,9988333333e+02, 2,1600000000e+02, 5,9906666667e+01, 3,1998033333e+01, 2,4665276667e+04
 1500478500, 2,9500000000e+02, 2,1600000000e+02, 5,6000000000e+01, 3,2210066667e+01, 2,4671510000e+04
 1500478800, 2,8676666667e+02, 2,1270666667e+02, 5,2706666667e+01, 3,2425033333e+01, 2,4672420000e+04
 1500479100, 2,6941666667e+02, 2,0701333333e+02, 4,2026666667e+01, 3,2603533333e+01, 2,4673166667e+04
 1500479400, 2,7270000000e+02, 2,0823333333e+02, 4,3620000000e+01, 3,2749033333e+01, 2,4673643333e+04
 1500479700, 2,8780000000e+02, 2,1180000000e+02, 5,3560000000e+01, 3,2851700000e+01, 2,4674166667e+04
 1500480000, 2,8020000000e+02, 2,0424000000e+02, 5,2080000000e+01, 3,2790566667e+01, 2,4672430000e+04
 1500480300, 2,9000000000e+02, 2,1600000000e+02, 5,6000000000e+01, 3,2797866667e+01, 2,4672580000e+04
 1500480600, 2,9000000000e+02, 2,1600000000e+02, 5,4353333333e+01, 3,2780866667e+01, 2,4672623333e+04
 1500480900, 2,7441666667e+02, 2,0976666667e+02, 4,4026666667e+01, 3,2728366667e+01, 2,4673000000e+04
 1500481200, 2,6920000000e+02, 2,1020000000e+02, 3,8000000000e+01, 3,2788300000e+01, 2,4673166667e+04
 1500481500, 2,7611666667e+02, 2,1332000000e+02, 4,2020000000e+01, 3,2764500000e+01, 2,4672253333e+04
 1500481800, 2,8030000000e+02, 2,0412000000e+02, 5,6240000000e+01, 3,2766000000e+01, 2,4673200000e+04
 1500482100, 2,9500000000e+02, 2,1000000000e+02, 6,8000000000e+01, 3,2808933333e+01, 2,4672983333e+04
 1500482400, 2,7441666667e+02, 2,0670666667e+02, 4,8240000000e+01, 3,2873533333e+01, 2,4673203333e+04
 1500482700, 2,7000000000e+02, 2,0848000000e+02, 4,2760000000e+01, 3,2749833333e+01, 2,4673413333e+04
 1500483000, 1,8040000000e+02, 1,3234666667e+02, 3,0906666667e+01, 2,6996000000e+01, 2,5219973333e+04
 1500483300, 1,0950000000e+02, 6,7600000000e+01, 2,4800000000e+01, 2,4408600000e+01, 2,4674893333e+04
 1500483600, 2,8510000000e+02, 2,0808000000e+02, 5,6000000000e+01, 2,6814566667e+01, 2,4674176667e+04
 1500483900, 2,9000000000e+02, 2,1200000000e+02, 5,6000000000e+01, 2,8507166667e+01, 2,4674616667e+04
 1500484200, 2,9410000000e+02, 2,1692000000e+02, 5,7640000000e+01, 2,9775566667e+01, 2,4674600000e+04
 1500484500, 2,8565000000e+02, 2,1176666667e+02, 5,4260000000e+01, 3,0631233333e+01, 2,4676740000e+04
 1500484800, 2,8000000000e+02, 2,0630666667e+02, 5,3693333333e+01, 3,1258466667e+01, 2,4681003333e+04
 1500485100, 2,8220000000e+02, 2,0576000000e+02, 5,6000000000e+01, 3,1725766667e+01, 2,4681580000e+04
 1500485400, 2,9000000000e+02, 2,1200000000e+02, 5,6046666667e+01, 3,2089600000e+01, 2,4681413333e+04
 1500485700, 2,9000000000e+02, 2,1200000000e+02, 5,8000000000e+01, 3,2368900000e+01, 2,4682023333e+04
 1500486000, 2,9410000000e+02, 2,1692000000e+02, 5,8000000000e+01, 3,2562833333e+01, 2,4681360000e+04
 1500486300, 2,9500000000e+02, 2,1675333333e+02, 5,8000000000e+01, 3,2665566667e+01, 2,4680170000e+04
 1500486600, 2,8870000000e+02, 2,1264000000e+02, 5,5480000000e+01, 3,2756266667e+01, 2,4680616667e+04
 1500486900, 2,8110000000e+02, 2,0844000000e+02, 5,2440000000e+01, 3,2847666667e+01, 2,4680843333e+04
 1500487200, 2,8511666667e+02, 2,1014000000e+02, 5,4046666667e+01, 3,2877966667e+01, 2,4680880000e+04
 1500487500, 2,9000000000e+02, 2,1600000000e+02, 5,6000000000e+01, 3,2886300000e+01, 2,4684336667e+04
 1500487800, 2,9000000000e+02, 2,1435333333e+02, 5,6000000000e+01, 3,2933400000e+01, 2,4681780000e+04
 1500488100, 2,8690000000e+02, 2,0904000000e+02, 5,7240000000e+01, 3,2938900000e+01, 2,4681630000e+04
 1500488400, 2,8500000000e+02, 2,0769333333e+02, 5,7153333333e+01, 3,2935800000e+01, 2,4681400000e+04
 1500488700, 2,8390000000e+02, 2,0912000000e+02, 5,5560000000e+01, 3,2990400000e+01, 2,4681806667e+04
 1500489000, 2,8011666667e+02, 2,0609333333e+02, 5,4046666667e+01, 3,2982133333e+01, 2,4683593333e+04
 1500489300, 2,8500000000e+02, 2,1000000000e+02, 5,6000000000e+01, 3,3018000000e+01, 2,4683250000e+04
 1500489600, 2,8500000000e+02, 2,0836000000e+02, 5,6000000000e+01, 3,3015266667e+01, 2,4684380000e+04
 1500489900, 2,7570000000e+02, 2,0552000000e+02, 4,8560000000e+01, 3,3070400000e+01, 2,4682800000e+04
 1500490200, 2,7211666667e+02, 2,0569333333e+02, 4,4846666667e+01, 3,2966100000e+01, 2,4672460000e+04
 1500490500, 2,7500000000e+02, 2,0712000000e+02, 4,6880000000e+01, 3,1761333333e+01, 2,4913260000e+04
 1500490800, 2,7523333333e+02, 2,0418666667e+02, 5,0046666667e+01, 3,1595766667e+01, 2,4673826667e+04
 1500491100, 2,8500000000e+02, 2,1200000000e+02, 5,2000000000e+01, 3,1742466667e+01, 2,4674396667e+04
 1500491400, 2,8500000000e+02, 2,0872000000e+02, 5,5280000000e+01, 3,1856066667e+01, 2,4675000000e+04
 1500491700, 2,8188333333e+02, 2,0800000000e+02, 5,3506666667e+01, 3,1889400000e+01, 2,4673770000e+04
 1500492000, 2,8211666667e+02, 2,1054000000e+02, 5,2000000000e+01, 3,1915100000e+01, 2,4673776667e+04
 1500492300, 2,8720000000e+02, 2,1444000000e+02, 5,2880000000e+01, 3,1969000000e+01, 2,4674860000e+04
 1500492600, 2,9490000000e+02, 2,1588000000e+02, 5,6040000000e+01, 3,1998666667e+01, 2,4675166667e+04
 1500492900, 2,9000000000e+02, 2,1000000000e+02, 5,8000000000e+01, 3,1975433333e+01, 2,4675410000e+04
 1500493200, 2,8180000000e+02, 2,0508000000e+02, 5,6360000000e+01, 3,1931700000e+01, 2,4675950000e+04
 1500493500, 2,8311666667e+02, 2,0774000000e+02, 5,6000000000e+01, 3,1923166667e+01, 2,4673823333e+04
 1500493800, 2,8711666667e+02, 2,1084666667e+02, 5,6846666667e+01, 3,1959233333e+01, 2,4674443333e+04
 1500494100, 2,9000000000e+02, 2,1200000000e+02, 5,8000000000e+01, 3,1918866667e+01, 2,4674546667e+04
 1500494400, 2,9000000000e+02, 2,1209333333e+02, 5,7953333333e+01, 3,1915900000e+01, 2,4675216667e+04
 1500494700, 2,9000000000e+02, 2,1600000000e+02, 5,6000000000e+01, 3,1947700000e+01, 2,4674190000e+04
 1500495000, 2,9410000000e+02, 2,0944000000e+02, 5,6000000000e+01, 3,1943000000e+01, 2,4675820000e+04
 1500495300, 2,8876666667e+02, 2,0675333333e+02, 5,6000000000e+01, 3,1900033333e+01, 2,4676040000e+04
 1500495600, 2,8711666667e+02, 2,1023333333e+02, 5,5153333333e+01, 3,1981600000e+01, 2,4675513333e+04
 1500495900, 2,8888333333e+02, 2,1332000000e+02, 5,4893333333e+01, 3,1997366667e+01, 2,4673843333e+04
 1500496200, 2,8523333333e+02, 2,0432666667e+02, 5,7953333333e+01, 3,1908200000e+01, 2,4674953333e+04
 1500496500, 2,9500000000e+02, 2,1800000000e+02, 5,6000000000e+01, 3,1950633333e+01, 2,4674296667e+04
 1500496800, 2,9090000000e+02, 2,1472000000e+02, 5,7640000000e+01, 3,1986833333e+01, 2,4675476667e+04
 1500497100, 2,9313333333e+02, 2,1400000000e+02, 5,9253333333e+01, 3,2020500000e+01, 2,4675703333e+04
 1500497400, 2,9711666667e+02, 2,1484666667e+02, 6,0846666667e+01, 3,2050833333e+01, 2,4676843333e+04
 1500497700, 2,9450000000e+02, 2,1292000000e+02, 5,9800000000e+01, 3,1506933333e+01, 2,4696983333e+04
 1500498000, 2,7520000000e+02, 2,0220000000e+02, 5,2000000000e+01, 3,1107433333e+01, 2,4678423333e+04
 1500498300, 2,8500000000e+02, 2,1200000000e+02, 5,2000000000e+01, 3,1310000000e+01, 2,4677140000e+04
 1500498600, 2,8090000000e+02, 2,1036000000e+02, 5,2000000000e+01, 3,1516100000e+01, 2,4677570000e+04
 1500498900, 2,8623333333e+02, 2,1124666667e+02, 5,4493333333e+01, 3,1660566667e+01, 2,4676646667e+04
 1500499200, 2,9000000000e+02, 2,1115333333e+02, 5,6846666667e+01, 3,1727500000e+01, 2,4676600000e+04
 1500499500, 2,8890000000e+02, 2,0956000000e+02, 5,7560000000e+01, 3,1809500000e+01, 2,4676983333e+04
 1500499800, 2,8500000000e+02, 2,0804000000e+02, 5,6000000000e+01, 3,1875233333e+01, 2,4676016667e+04
 1500500100, 2,8500000000e+02, 2,1000000000e+02, 5,6000000000e+01, 3,1926666667e+01, 2,4676580000e+04
 1500500400, 2,8090000000e+02, 2,0672000000e+02, 5,4360000000e+01, 3,1958600000e+01, 2,4677223333e+04
 1500500700, 2,8000000000e+02, 2,0476000000e+02, 5,5240000000e+01, 3,1970200000e+01, 2,4677400000e+04
 1500501000, 2,8210000000e+02, 2,0652000000e+02, 5,5160000000e+01, 3,1971400000e+01, 2,4677796667e+04
 1500501300, 2,8500000000e+02, 2,1000000000e+02, 5,4000000000e+01, 3,1958433333e+01, 2,4677046667e+04
 1500501600, 2,8490000000e+02, 2,0996000000e+02, 5,3960000000e+01, 3,1976800000e+01, 2,4677173333e+04
 1500501900, 2,8000000000e+02, 2,0800000000e+02, 5,2000000000e+01, 3,2029066667e+01, 2,4676606667e+04
 1500502200, 2,8000000000e+02, 2,0964000000e+02, 5,0360000000e+01, 3,2079000000e+01, 2,4677600000e+04
 1500502500, 2,8000000000e+02, 2,1000000000e+02, 5,0000000000e+01, 3,2001800000e+01, 2,4677973333e+04
 1500502800, 2,8000000000e+02, 2,1000000000e+02, 5,0840000000e+01, 3,2017066667e+01, 2,4678023333e+04
 1500503100, 2,8000000000e+02, 2,0955333333e+02, 5,2446666667e+01, 3,2056700000e+01, 2,4677803333e+04
 1500503400, 2,8000000000e+02, 2,0804000000e+02, 5,4000000000e+01, 3,2082633333e+01, 2,4678416667e+04
 1500503700, 2,8000000000e+02, 2,1000000000e+02, 5,4000000000e+01, 3,2128433333e+01, 2,4678756667e+04
 1500504000, 2,7590000000e+02, 2,0672000000e+02, 5,2360000000e+01, 3,2138000000e+01, 2,4678603333e+04
 1500504300, 2,7810000000e+02, 2,0848000000e+02, 5,0760000000e+01, 3,2137966667e+01, 2,4678216667e+04
 1500504600, 2,8211666667e+02, 2,1254000000e+02, 5,3386666667e+01, 3,2110600000e+01, 2,4678583333e+04
 1500504900, 2,4193333333e+02, 1,7928000000e+02, 5,0746666667e+01, 3,1556000000e+01, 2,4724063333e+04
 1500505200, 9,9000000000e+01, 5,7240000000e+01, 2,6640000000e+01, 3,0763800000e+01, 2,4679620000e+04
 1500505500, 2,9500000000e+02, 2,1600000000e+02, 5,8000000000e+01, 3,1127566667e+01, 2,4680016667e+04
 1500505800, 2,7860000000e+02, 2,0780000000e+02, 5,1440000000e+01, 3,1317133333e+01, 2,4679803333e+04
 1500506100, 2,7810000000e+02, 2,0476000000e+02, 5,1240000000e+01, 3,1466566667e+01, 2,4680393333e+04
 1500506400, 2,7790000000e+02, 2,0736000000e+02, 5,2840000000e+01, 3,1538700000e+01, 2,4679636667e+04
 1500506700, 2,7500000000e+02, 2,0976666667e+02, 5,4000000000e+01, 3,1634300000e+01, 2,4679883333e+04
 1500507000, 2,7500000000e+02, 2,0204666667e+02, 5,4000000000e+01, 3,1756033333e+01, 2,4681103333e+04
 1500507300, 2,7500000000e+02, 2,0400000000e+02, 5,4000000000e+01, 3,1817866667e+01, 2,4680003333e+04
 1500507600, 2,7910000000e+02, 2,0400000000e+02, 5,5640000000e+01, 3,1813966667e+01, 2,4679830000e+04
 1500507900, 2,7690000000e+02, 2,0772000000e+02, 5,6000000000e+01, 3,1833833333e+01, 2,4681586667e+04
 1500508200, 2,7290000000e+02, 2,0580000000e+02, 5,4320000000e+01, 3,1905533333e+01, 2,4680180000e+04
 1500508500, 2,7446666667e+02, 2,0357333333e+02, 5,2000000000e+01, 3,1970000000e+01, 2,4680600000e+04
 1500508800, 2,8940000000e+02, 2,1572000000e+02, 5,1760000000e+01, 3,1977266667e+01, 2,4681036667e+04
 1500509100, 2,6000000000e+02, 2,0200000000e+02, 4,0000000000e+01, 3,2032333333e+01, 2,4681560000e+04
 1500509400, 2,8050000000e+02, 2,0528000000e+02, 5,1480000000e+01, 3,2052600000e+01, 2,4679600000e+04
 1500509700, 2,7880000000e+02, 2,0476000000e+02, 5,1520000000e+01, 3,2021033333e+01, 2,4679620000e+04
 1500510000, 2,7288333333e+02, 2,0738666667e+02, 4,4920000000e+01, 3,1969533333e+01, 2,4680183333e+04
 1500510300, 2,6890000000e+02, 2,0980000000e+02, 4,0200000000e+01, 3,1955533333e+01, 2,4680810000e+04
 1500510600, 2,6550000000e+02, 2,0216000000e+02, 4,8160000000e+01, 3,2007200000e+01, 2,4681263333e+04
 1500510900, 2,9000000000e+02, 2,1000000000e+02, 5,6000000000e+01, 3,2058400000e+01, 2,4682176667e+04
 1500511200, 2,6950000000e+02, 2,1164000000e+02, 4,2880000000e+01, 3,2072200000e+01, 2,4681440000e+04
 1500511500, 2,7123333333e+02, 2,1449333333e+02, 3,8753333333e+01, 3,2084000000e+01, 2,4681783333e+04
 1500511800, 2,7710000000e+02, 2,1600000000e+02, 4,1360000000e+01, 3,2084000000e+01, 2,4681196667e+04
 1500512100, 2,8000000000e+02, 2,1468000000e+02, 4,7320000000e+01, 3,1855433333e+01, 2,4831570000e+04
 1500512400, 2,8020000000e+02, 2,1000000000e+02, 5,2080000000e+01, 3,0969433333e+01, 2,4680426667e+04
 1500512700, 2,9000000000e+02, 2,1000000000e+02, 5,6000000000e+01, 3,1281266667e+01, 2,4681803333e+04
 1500513000, 2,8586666667e+02, 2,0834666667e+02, 5,7653333333e+01, 3,1479466667e+01, 2,4682063333e+04
 1500513300, 2,8810000000e+02, 2,0676000000e+02, 6,1720000000e+01, 3,1630666667e+01, 2,4683183333e+04
 1500513600, 2,9000000000e+02, 2,1020000000e+02, 6,0640000000e+01, 3,1752100000e+01, 2,4681953333e+04
 1500513900, 2,9111666667e+02, 2,1600000000e+02, 5,6000000000e+01, 3,1835766667e+01, 2,4682050000e+04
 1500514200, 2,9476666667e+02, 2,1581333333e+02, 5,6000000000e+01, 3,1901300000e+01, 2,4682380000e+04
 1500514500, 2,8500000000e+02, 2,0800000000e+02, 5,6000000000e+01, 3,1959166667e+01, 2,4682593333e+04
 1500514800, 2,9323333333e+02, 2,1458666667e+02, 5,7646666667e+01, 3,2004666667e+01, 2,4681810000e+04
 1500515100, 2,8876666667e+02, 2,1226000000e+02, 5,6753333333e+01, 3,2045300000e+01, 2,4684696667e+04
 1500515400, 2,8286666667e+02, 2,0573333333e+02, 5,7706666667e+01, 3,2076066667e+01, 2,4684840000e+04
 1500515700, 2,8113333333e+02, 2,0181333333e+02, 6,0000000000e+01, 3,2082266667e+01, 2,4685566667e+04
 1500516000, 2,8500000000e+02, 2,0789333333e+02, 6,0000000000e+01, 3,2100933333e+01, 2,4685926667e+04
 1500516300, 2,8500000000e+02, 2,0400000000e+02, 6,0000000000e+01, 3,2127333333e+01, 2,4686366667e+04
 1500516600, 2,8500000000e+02, 2,0072000000e+02, 6,4920000000e+01, 3,2126400000e+01, 2,4686723333e+04
 1500516900, 2,8500000000e+02, 2,0000000000e+02, 6,3520000000e+01, 3,2139000000e+01, 2,4687830000e+04
 1500517200, 2,8080000000e+02, 2,0168000000e+02, 5,8640000000e+01, 3,2026400000e+01, 2,4686800000e+04
 1500517500, 2,7946666667e+02, 2,0668000000e+02, 5,4893333333e+01, 3,2017933333e+01, 2,4685820000e+04
 1500517800, 2,9500000000e+02, 2,1584000000e+02, 5,8080000000e+01, 3,2017200000e+01, 2,4687480000e+04
 1500518100, 2,9500000000e+02, 2,0800000000e+02, 6,2000000000e+01, 3,1972000000e+01, 2,4686853333e+04
 1500518400, 2,8680000000e+02, 2,0472000000e+02, 6,2000000000e+01, 3,1964833333e+01, 2,4686436667e+04
 1500518700, 2,8500000000e+02, 2,0524000000e+02, 6,0760000000e+01, 3,1935133333e+01, 2,4688500000e+04
 1500519000, 2,8500000000e+02, 2,0429333333e+02, 6,2560000000e+01, 3,1921800000e+01, 2,4688766667e+04
 1500519300, 2,8388333333e+02, 2,0244666667e+02, 6,3320000000e+01, 3,1929866667e+01, 2,4713660000e+04
 1500519600, 2,7960000000e+02, 2,0405333333e+02, 5,3573333333e+01, 3,0787500000e+01, 2,4904780000e+04
 1500519900, 2,6500000000e+02, 2,0600000000e+02, 3,8000000000e+01, 3,1072200000e+01, 2,4690763333e+04
 1500520200, 2,8960000000e+02, 2,1420000000e+02, 5,4400000000e+01, 3,1355100000e+01, 2,4690420000e+04
 1500520500, 2,8880000000e+02, 2,0856000000e+02, 5,9240000000e+01, 3,1552866667e+01, 2,4690773333e+04
 1500520800, 2,8500000000e+02, 2,0570666667e+02, 5,8293333333e+01, 3,1662466667e+01, 2,4691776667e+04
 1500521100, 2,8611666667e+02, 2,0800000000e+02, 5,6893333333e+01, 3,1782833333e+01, 2,4690203333e+04
 1500521400, 2,8976666667e+02, 2,0786000000e+02, 6,0000000000e+01, 3,1870166667e+01, 2,4690196667e+04
 1500521700, 2,8000000000e+02, 2,0200000000e+02, 6,0000000000e+01, 3,1864400000e+01, 2,4690620000e+04
 1500522000, 2,8000000000e+02, 2,0036000000e+02, 6,0000000000e+01, 3,1864566667e+01, 2,4690603333e+04
 1500522300, 2,8310000000e+02, 2,0124000000e+02, 6,1240000000e+01, 3,1873633333e+01, 2,4691203333e+04
 1500522600, 2,8500000000e+02, 2,0456000000e+02, 5,9440000000e+01, 3,1956000000e+01, 2,4691186667e+04
 1500522900, 2,8500000000e+02, 2,0756000000e+02, 5,7320000000e+01, 3,2006366667e+01, 2,4691216667e+04
 1500523200, 2,8488333333e+02, 2,0586000000e+02, 6,1813333333e+01, 3,1977733333e+01, 2,4690403333e+04
 1500523500, 2,8000000000e+02, 2,0000000000e+02, 5,4000000000e+01, 3,1955000000e+01, 2,4690300000e+04
 1500523800, 2,8000000000e+02, 2,0164000000e+02, 5,8920000000e+01, 3,2009000000e+01, 2,4692313333e+04
 1500524100, 2,8000000000e+02, 2,0324000000e+02, 5,7520000000e+01, 3,2041000000e+01, 2,4690380000e+04
 1500524400, 2,8210000000e+02, 2,0652000000e+02, 5,6000000000e+01, 3,2003033333e+01, 2,4691053333e+04
 1500524700, 2,8500000000e+02, 2,0824000000e+02, 5,6440000000e+01, 3,2036433333e+01, 2,4692590000e+04
 1500525000, 2,8490000000e+02, 2,0200000000e+02, 5,8040000000e+01, 3,2048200000e+01, 2,4691973333e+04
 1500525300, 2,8000000000e+02, 2,0200000000e+02, 6,0000000000e+01, 3,2039400000e+01, 2,4690996667e+04
 1500525600, 2,8000000000e+02, 2,0364000000e+02, 5,6720000000e+01, 3,2039833333e+01, 2,4691203333e+04
 1500525900, 2,8620000000e+02, 2,0896000000e+02, 5,7240000000e+01, 3,2022233333e+01, 2,4692030000e+04
 1500526200, 2,8576666667e+02, 2,0692000000e+02, 5,8846666667e+01, 3,2038666667e+01, 2,4692440000e+04
 1500526500, 2,8110000000e+02, 2,0044000000e+02, 6,1320000000e+01, 3,2041800000e+01, 2,4693486667e+04
 1500526800, 2,8500000000e+02, 2,0218666667e+02, 6,5766666667e+01, 3,1123966667e+01, 2,4845263333e+04
 1500527100, 2,8500000000e+02, 2,1000000000e+02, 5,6000000000e+01, 3,1156166667e+01, 2,4693590000e+04
 1500527400, 2,8911666667e+02, 2,1164666667e+02, 5,7646666667e+01, 3,1403766667e+01, 2,4693396667e+04
 1500527700, 2,8376666667e+02, 2,0826000000e+02, 5,6753333333e+01, 3,1617333333e+01, 2,4692993333e+04
 1500528000, 2,8210000000e+02, 2,0768000000e+02, 5,6000000000e+01, 3,1722100000e+01, 2,4693200000e+04
 1500528300, 2,8390000000e+02, 2,0912000000e+02, 5,5120000000e+01, 3,1825666667e+01, 2,4694013333e+04
 1500528600, 2,8000000000e+02, 2,0609333333e+02, 5,2000000000e+01, 3,1903900000e+01, 2,4695576667e+04
 1500528900, 2,8000000000e+02, 2,1000000000e+02, 5,2000000000e+01, 3,1980600000e+01, 2,4693646667e+04
 1500529200, 2,9230000000e+02, 2,1492000000e+02, 5,5280000000e+01, 3,1985400000e+01, 2,4694403333e+04
 1500529500, 2,9500000000e+02, 2,1600000000e+02, 5,7246666667e+01, 3,2001000000e+01, 2,4694180000e+04
 1500529800, 2,9500000000e+02, 2,1600000000e+02, 5,8000000000e+01, 3,2034900000e+01, 2,4694430000e+04
 1500530100, 2,4966666667e+02, 1,7928000000e+02, 5,0746666667e+01, 3,1079200000e+01, 2,1206890000e+04
 1500530400, 9,3933333333e+01, 5,3200000000e+01, 2,5626666667e+01, 2,3776800000e+01, 8,2257466667e+03
 1500530700, 5,5000000000e+01, 2,4000000000e+01, 1,2000000000e+01, 1,8227433333e+01, 1,5247410000e+04
 1500531000, 2,4360000000e+02, 1,7324000000e+02, 4,9720000000e+01, 2,0760666667e+01, 2,4687200000e+04
 1500531300, 2,8186666667e+02, 2,0600000000e+02, 5,5493333333e+01, 2,3825866667e+01, 2,4687420000e+04
 1500531600, 2,8630000000e+02, 2,1104000000e+02, 5,5680000000e+01, 2,6027333333e+01, 2,4687973333e+04
 1500531900, 2,9388333333e+02, 2,1710666667e+02, 5,7553333333e+01, 2,7697433333e+01, 2,4688416667e+04
 1500532200, 2,8940000000e+02, 2,1376000000e+02, 5,5640000000e+01, 2,8904266667e+01, 2,4688173333e+04
 1500532500, 2,6000000000e+02, 2,0200000000e+02, 3,8000000000e+01, 2,9784700000e+01, 2,4689226667e+04
 1500532800, 2,8470000000e+02, 2,1188000000e+02, 5,4466666667e+01, 3,0421700000e+01, 2,4688796667e+04
 1500533100, 2,9000000000e+02, 2,1524000000e+02, 5,8000000000e+01, 3,0878366667e+01, 2,4688756667e+04
 1500533400, 2,9210000000e+02, 2,1348000000e+02, 6,0520000000e+01, 3,1204633333e+01, 2,4688030000e+04
 1500533700, 2,9276666667e+02, 2,0821333333e+02, 6,4446666667e+01, 3,1455133333e+01, 2,4688600000e+04
 1500534000, 2,8511666667e+02, 2,0223333333e+02, 6,5766666667e+01, 3,1603800000e+01, 2,4690300000e+04
 1500534300, 2,9000000000e+02, 2,1200000000e+02, 5,6000000000e+01, 3,1641366667e+01, 2,4690266667e+04
 1500534600, 2,7765000000e+02, 2,1529333333e+02, 5,4353333333e+01, 3,1778733333e+01, 2,4689583333e+04
 1500534900, 2,8435000000e+02, 2,1350666667e+02, 5,6493333333e+01, 3,1896766667e+01, 2,4688200000e+04
 1500535200, 2,9210000000e+02, 2,1116000000e+02, 6,0520000000e+01, 3,1935666667e+01, 2,4689023333e+04
 1500535500, 2,9276666667e+02, 2,1000000000e+02, 6,2213333333e+01, 3,1932600000e+01, 2,4688383333e+04
 1500535800, 2,8523333333e+02, 2,1014000000e+02, 5,6046666667e+01, 3,0852333333e+01, 2,4688846667e+04
 1500536100, 2,9500000000e+02, 2,1600000000e+02, 5,8000000000e+01, 3,1189800000e+01, 2,4689426667e+04
 1500536400, 2,8680000000e+02, 2,0452000000e+02, 5,9640000000e+01, 3,1324700000e+01, 2,4690643333e+04
 1500536700, 2,7880000000e+02, 2,0448000000e+02, 5,3800000000e+01, 3,1515666667e+01, 2,4691260000e+04
 1500537000, 2,7920000000e+02, 2,0684000000e+02, 5,1680000000e+01, 3,1644100000e+01, 2,4691500000e+04
 1500537300, 2,8280000000e+02, 2,0756000000e+02, 5,2680000000e+01, 3,1746033333e+01, 2,4690553333e+04
 1500537600, 2,7546666667e+02, 2,0609333333e+02, 4,8233333333e+01, 3,1841666667e+01, 2,4690613333e+04
 1500537900, 2,9500000000e+02, 2,1000000000e+02, 5,8000000000e+01, 3,1902933333e+01, 2,4689576667e+04
 1500538200, 2,8270000000e+02, 2,1000000000e+02, 5,3080000000e+01, 3,1940633333e+01, 2,4689783333e+04
 1500538500, 2,8930000000e+02, 2,1620000000e+02, 5,4480000000e+01, 3,1976800000e+01, 2,4690440000e+04
 1500538800, 2,9500000000e+02, 2,1916000000e+02, 5,6840000000e+01, 3,2008833333e+01, 2,4692380000e+04
 1500539100, 2,9388333333e+02, 2,1666000000e+02, 5,7553333333e+01, 3,2040433333e+01, 2,4691216667e+04
 1500539400, 2,9011666667e+02, 2,1209333333e+02, 5,6000000000e+01, 3,2033533333e+01, 2,4691580000e+04
 1500539700, 2,9500000000e+02, 2,1600000000e+02, 5,6000000000e+01, 3,2044433333e+01, 2,4691196667e+04
 1500540000, 2,7860000000e+02, 2,0944000000e+02, 4,6160000000e+01, 3,2060133333e+01, 2,4692036667e+04
 1500540300, 2,7810000000e+02, 2,0924000000e+02, 4,8960000000e+01, 3,2043200000e+01, 2,4691800000e+04
 1500540600, 2,8211666667e+02, 2,1169333333e+02, 5,2000000000e+01, 3,2032866667e+01, 2,4691773333e+04
 1500540900, 2,8610000000e+02, 2,1400000000e+02, 5,2880000000e+01, 3,2064233333e+01, 2,4692816667e+04
 1500541200, 2,8976666667e+02, 2,1376666667e+02, 5,6000000000e+01, 3,2078700000e+01, 2,4691596667e+04
 1500541500, 2,8000000000e+02, 2,0400000000e+02, 5,6000000000e+01, 3,2114600000e+01, 2,4691180000e+04
 1500541800, 2,9235000000e+02, 2,0894000000e+02, 5,7646666667e+01, 3,2136033333e+01, 2,4691843333e+04
 1500542100, 2,9500000000e+02, 2,1498666667e+02, 5,8000000000e+01, 3,2134000000e+01, 2,4691200000e+04
 1500542400, 2,9080000000e+02, 2,1380000000e+02, 5,8000000000e+01, 3,2105300000e+01, 2,4714673333e+04
 1500542700, 2,8610000000e+02, 2,0976000000e+02, 5,7560000000e+01, 3,1057800000e+01, 2,4857390000e+04
 1500543000, 2,8988333333e+02, 2,1576666667e+02, 5,6000000000e+01, 3,1160533333e+01, 2,4693426667e+04
 1500543300, 2,8500000000e+02, 2,0600000000e+02, 5,6000000000e+01, 3,1297733333e+01, 2,4693766667e+04
 1500543600, 2,8090000000e+02, 2,0600000000e+02, 5,6000000000e+01, 3,1467533333e+01, 2,4693773333e+04
 1500543900, 2,8000000000e+02, 2,0600000000e+02, 5,6000000000e+01, 3,1626966667e+01, 2,4693223333e+04
 1500544200, 2,8210000000e+02, 2,0516000000e+02, 5,9360000000e+01, 3,1748200000e+01, 2,4693200000e+04
 1500544500, 2,8613333333e+02, 2,0581333333e+02, 6,2640000000e+01, 3,1837700000e+01, 2,4693626667e+04
 1500544800, 2,8960000000e+02, 2,1200000000e+02, 5,7560000000e+01, 3,1743300000e+01, 2,4694003333e+04
 1500545100, 2,7000000000e+02, 2,1200000000e+02, 3,6000000000e+01, 3,1767566667e+01, 2,4693783333e+04
 1500545400, 2,8646666667e+02, 2,1529333333e+02, 5,2466666667e+01, 3,1857766667e+01, 2,4693800000e+04
 1500545700, 2,9000000000e+02, 2,1476000000e+02, 5,4760000000e+01, 3,1912366667e+01, 2,4693843333e+04
 1500546000, 2,9000000000e+02, 2,1064000000e+02, 5,9040000000e+01, 3,1943200000e+01, 2,4695020000e+04
 1500546300, 2,8780000000e+02, 2,0644000000e+02, 6,3360000000e+01, 3,2001266667e+01, 2,4694860000e+04
 1500546600, 2,8010000000e+02, 2,0792000000e+02, 5,4120000000e+01, 3,2052833333e+01, 2,4695710000e+04
 1500546900, 2,8500000000e+02, 2,0400000000e+02, 6,0000000000e+01, 3,2073766667e+01, 2,4694150000e+04
 1500547200, 2,7676666667e+02, 2,1388000000e+02, 5,1766666667e+01, 3,2072000000e+01, 2,4694046667e+04
 1500547500, 2,8740000000e+02, 2,1228000000e+02, 5,9920000000e+01, 3,2088433333e+01, 2,4695423333e+04
 1500547800, 2,9288333333e+02, 2,1084666667e+02, 6,2613333333e+01, 3,2094400000e+01, 2,4694766667e+04
 1500548100, 2,9000000000e+02, 2,1336000000e+02, 5,7093333333e+01, 3,2114300000e+01, 2,4694213333e+04
 1500548400, 2,8988333333e+02, 2,1781333333e+02, 5,4046666667e+01, 3,2132433333e+01, 2,4696020000e+04
 1500548700, 2,8500000000e+02, 2,1000000000e+02, 5,6000000000e+01, 3,2110966667e+01, 2,4695980000e+04
 1500549000, 2,8500000000e+02, 2,1658666667e+02, 5,6000000000e+01, 3,2093966667e+01, 2,4694960000e+04
 1500549300, 2,8810000000e+02, 2,1304000000e+02, 5,4760000000e+01, 3,2093966667e+01, 2,4695046667e+04
 1500549600, 2,8786666667e+02, 2,1000000000e+02, 5,4853333333e+01, 3,1304700000e+01, 2,4695270000e+04
 1500549900, 2,8500000000e+02, 2,1000000000e+02, 5,6000000000e+01, 3,1105233333e+01, 2,4697823333e+04
 1500550200, 2,8488333333e+02, 2,0986000000e+02, 5,5953333333e+01, 3,1376566667e+01, 2,4698180000e+04
 1500550500, 2,8000000000e+02, 2,0400000000e+02, 5,4000000000e+01, 3,1567233333e+01, 2,4699210000e+04
 1500550800, 2,7176666667e+02, 2,0400000000e+02, 4,9060000000e+01, 3,1666800000e+01, 2,4699160000e+04
 1500551100, 2,8558333333e+02, 2,1148000000e+02, 5,2986666667e+01, 3,1738233333e+01, 2,4697990000e+04
 1500551400, 2,8660000000e+02, 2,1264000000e+02, 4,9280000000e+01, 3,1782266667e+01, 2,4697383333e+04
 1500551700, 2,7940000000e+02, 2,0976000000e+02, 4,3960000000e+01, 3,1837500000e+01, 2,4697466667e+04
 1500552000, 2,9453333333e+02, 2,1581333333e+02, 5,7766666667e+01, 3,1907833333e+01, 2,4698376667e+04
 1500552300, 2,7500000000e+02, 2,0800000000e+02, 4,8000000000e+01, 3,1975000000e+01, 2,4698813333e+04
 1500552600, 2,9140000000e+02, 2,1128000000e+02, 6,1120000000e+01, 3,2010600000e+01, 2,4699800000e+04
 1500552900, 2,8873333333e+02, 2,0824000000e+02, 6,0240000000e+01, 3,2018100000e+01, 2,4697980000e+04
 1500553200, 2,7450000000e+02, 2,0516000000e+02, 4,9600000000e+01, 3,2057066667e+01, 2,4698226667e+04
 1500553500, 2,6781666667e+02, 2,0712666667e+02, 4,2020000000e+01, 3,2082700000e+01, 2,4698653333e+04
 1500553800, 2,9500000000e+02, 2,1800000000e+02, 5,6000000000e+01, 3,2073033333e+01, 2,4699406667e+04
 1500554100, 2,9500000000e+02, 2,1800000000e+02, 5,6000000000e+01, 3,2066166667e+01, 2,4699800000e+04
 1500554400, 3,0326666667e+02, 2,1469333333e+02, 6,5920000000e+01, 3,2053066667e+01, 2,4700366667e+04
 1500554700, 2,9570000000e+02, 2,1400000000e+02, 5,9320000000e+01, 3,2044266667e+01, 2,4699800000e+04
 1500555000, 2,7950000000e+02, 2,0980000000e+02, 4,8120000000e+01, 3,1996833333e+01, 2,4699196667e+04
 1500555300, 2,7160000000e+02, 2,0708000000e+02, 4,3520000000e+01, 3,2028833333e+01, 2,4699796667e+04
 1500555600, 2,9490000000e+02, 2,1792000000e+02, 5,6040000000e+01, 3,2051800000e+01, 2,4699020000e+04
 1500555900, 2,9000000000e+02, 2,1400000000e+02, 5,8000000000e+01, 3,2052000000e+01, 2,4699980000e+04
 1500556200, 2,9820000000e+02, 2,1728000000e+02, 5,9640000000e+01, 3,2052200000e+01, 2,4699040000e+04
 1500556500, 2,9688333333e+02, 2,1800000000e+02, 5,7506666667e+01, 3,1025700000e+01, 2,4948313333e+04
 1500556800, 2,8018333333e+02, 2,1207333333e+02, 4,8380000000e+01, 2,9498366667e+01, 2,4702486667e+04
 1500557100, 2,7020000000e+02, 2,0762666667e+02, 4,3893333333e+01, 3,0191400000e+01, 2,4701180000e+04
 1500557400, 3,0476666667e+02, 2,1976666667e+02, 6,3906666667e+01, 3,0695766667e+01, 2,4700023333e+04
 1500557700, 2,9500000000e+02, 2,1000000000e+02, 6,0000000000e+01, 3,1009833333e+01, 2,4701200000e+04
 1500558000, 2,8270000000e+02, 2,1000000000e+02, 5,1800000000e+01, 3,1267566667e+01, 2,4701820000e+04
 1500558300, 2,8623333333e+02, 2,1124666667e+02, 5,4986666667e+01, 3,1494166667e+01, 2,4702000000e+04
 1500558600, 2,8365000000e+02, 2,1200000000e+02, 5,1226666667e+01, 3,1666500000e+01, 2,4702183333e+04
 1500558900, 2,7946666667e+02, 2,1334000000e+02, 4,5573333333e+01, 3,1770700000e+01, 2,4701416667e+04
 1500559200, 2,9488333333e+02, 2,1767333333e+02, 5,8186666667e+01, 3,1849466667e+01, 2,4700353333e+04
 1500559500, 2,9000000000e+02, 2,0400000000e+02, 6,6000000000e+01, 3,1708400000e+01, 2,4701426667e+04
 1500559800, 2,9000000000e+02, 2,1388000000e+02, 5,1180000000e+01, 3,1727666667e+01, 2,4700806667e+04
 1500560100, 2,8070000000e+02, 2,0856000000e+02, 5,1720000000e+01, 3,1836066667e+01, 2,4701820000e+04
 1500560400, 2,8130000000e+02, 2,0652000000e+02, 5,7360000000e+01, 3,1914633333e+01, 2,4701596667e+04
 1500560700, 2,9110000000e+02, 2,1176000000e+02, 6,0680000000e+01, 3,1935133333e+01, 2,4700843333e+04
 1500561000, 2,9476666667e+02, 2,1786000000e+02, 5,5953333333e+01, 3,1964800000e+01, 2,4701976667e+04
 1500561300, 2,8500000000e+02, 2,1200000000e+02, 5,4000000000e+01, 3,1873233333e+01, 2,4702243333e+04
 1500561600, 2,6853333333e+02, 2,0541333333e+02, 4,2473333333e+01, 3,1873933333e+01, 2,4701956667e+04
 1500561900, 2,8058333333e+02, 2,1023333333e+02, 4,9973333333e+01, 3,1889266667e+01, 2,4702613333e+04
 1500562200, 2,9000000000e+02, 2,1232000000e+02, 5,6840000000e+01, 3,1941066667e+01, 2,4702796667e+04
 1500562500, 2,8890000000e+02, 2,0956000000e+02, 5,7560000000e+01, 3,1867400000e+01, 2,4703176667e+04
 1500562800, 2,8490000000e+02, 2,0804000000e+02, 5,6000000000e+01, 3,1861066667e+01, 2,4702223333e+04
 1500563100, 2,8000000000e+02, 2,1000000000e+02, 5,6000000000e+01, 3,1917100000e+01, 2,4703420000e+04
 1500563400, 2,8410000000e+02, 2,1328000000e+02, 5,1080000000e+01, 3,1752200000e+01, 2,4943876667e+04
 1500563700, 2,8190000000e+02, 2,0904000000e+02, 5,3720000000e+01, 3,0723233333e+01, 2,4703663333e+04
 1500564000, 2,7788333333e+02, 2,0430666667e+02, 5,5153333333e+01, 3,1017433333e+01, 2,4703760000e+04
 1500564300, 2,7390000000e+02, 2,0420000000e+02, 5,0480000000e+01, 3,1313333333e+01, 2,4704023333e+04
 1500564600, 2,7035000000e+02, 2,1214000000e+02, 3,8466666667e+01, 3,1536866667e+01, 2,4704403333e+04
 1500564900, 2,8500000000e+02, 2,1800000000e+02, 5,8000000000e+01, 3,1820133333e+01, 2,4708926667e+04
 1500565200, 2,8500000000e+02, 2,1144000000e+02, 5,3080000000e+01, 3,2113533333e+01, 2,4709983333e+04
 1500565500, 2,9120000000e+02, 2,1496000000e+02, 5,4480000000e+01, 3,2423200000e+01, 2,4708580000e+04
 1500565800, 2,8660000000e+02, 2,1632000000e+02, 4,9280000000e+01, 3,2647500000e+01, 2,4709020000e+04
 1500566100, 2,7953333333e+02, 2,1490666667e+02, 4,4080000000e+01, 3,2795200000e+01, 2,4709103333e+04
 1500566400, 2,9470000000e+02, 2,1768000000e+02, 5,7960000000e+01, 3,2911833333e+01, 2,4710066667e+04
 1500566700, 2,8000000000e+02, 2,0200000000e+02, 5,6000000000e+01, 3,2967900000e+01, 2,4709400000e+04
 1500567000, 2,7173333333e+02, 2,0696000000e+02, 4,4426666667e+01, 3,2989633333e+01, 2,4710023333e+04
 1500567300, 2,7935000000e+02, 2,0924666667e+02, 5,0726666667e+01, 3,3053133333e+01, 2,4709580000e+04
 1500567600, 2,8713333333e+02, 2,1256000000e+02, 5,5146666667e+01, 3,3078233333e+01, 2,4709860000e+04
 1500567900, 2,8890000000e+02, 2,1644000000e+02, 5,3120000000e+01, 3,3077800000e+01, 2,4709930000e+04
 1500568200, 2,8520000000e+02, 2,1788000000e+02, 5,0280000000e+01, 3,3070033333e+01, 2,4709223333e+04
 1500568500, 2,9500000000e+02, 2,1200000000e+02, 6,4000000000e+01, 3,3027233333e+01, 2,4709553333e+04
 1500568800, 2,9090000000e+02, 2,1200000000e+02, 5,7440000000e+01, 3,3023466667e+01, 2,4708600000e+04
 1500569100, 2,9310000000e+02, 2,1448000000e+02, 5,7240000000e+01, 3,3020866667e+01, 2,4709020000e+04
 1500569400, 2,8870000000e+02, 2,1096000000e+02, 5,6320000000e+01, 3,2994500000e+01, 2,4709916667e+04
 1500569700, 2,8000000000e+02, 2,0578666667e+02, 5,3106666667e+01, 3,2951866667e+01, 2,4715816667e+04
 1500570000, 2,8020000000e+02, 2,1200000000e+02, 5,0120000000e+01, 3,2944700000e+01, 2,4715603333e+04
 1500570300, 2,9000000000e+02, 2,1200000000e+02, 5,6000000000e+01, 3,2926833333e+01, 2,4717160000e+04
 1500570600, 2,9000000000e+02, 2,1200000000e+02, 5,7653333333e+01, 2,8962400000e+01, 2,5246746667e+04
 1500570900, 2,8380000000e+02, 2,0456000000e+02, 5,8000000000e+01, 2,4834433333e+01, 2,4931896667e+04
 1500571200, 2,8423333333e+02, 2,0677333333e+02, 5,7153333333e+01, 2,7011733333e+01, 2,4716980000e+04
 1500571500, 2,9000000000e+02, 2,1512000000e+02, 5,6880000000e+01, 2,8716266667e+01, 2,4716396667e+04
 1500571800, 2,8988333333e+02, 2,1186000000e+02, 5,9906666667e+01, 2,9944600000e+01, 2,4716616667e+04
 1500572100, 2,8500000000e+02, 2,0600000000e+02, 5,6000000000e+01, 3,0780533333e+01, 2,4716993333e+04
 1500572400, 2,8500000000e+02, 2,0928000000e+02, 5,4360000000e+01, 3,1431500000e+01, 2,4717983333e+04
 1500572700, 2,7570000000e+02, 2,0504000000e+02, 5,1520000000e+01, 3,1900666667e+01, 2,4716826667e+04
 1500573000, 2,6790000000e+02, 2,0368000000e+02, 4,4960000000e+01, 3,2254300000e+01, 2,4717826667e+04
 1500573300, 2,7160000000e+02, 2,0820000000e+02, 4,1960000000e+01, 3,2506400000e+01, 2,4717580000e+04
 1500573600, 2,9500000000e+02, 2,1604000000e+02, 5,6000000000e+01, 3,2672600000e+01, 2,4716983333e+04
 1500573900, 2,9500000000e+02, 2,1800000000e+02, 5,6000000000e+01, 3,2783566667e+01, 2,4717600000e+04
 1500574200, 2,9088333333e+02, 2,1635333333e+02, 5,6000000000e+01, 3,2861500000e+01, 2,4717396667e+04
 1500574500, 2,8065000000e+02, 2,0852000000e+02, 5,3506666667e+01, 3,2929700000e+01, 2,4716803333e+04
 1500574800, 2,7290000000e+02, 2,0568000000e+02, 4,7800000000e+01, 3,2988800000e+01, 2,4717440000e+04
 1500575100, 2,7446666667e+02, 2,0934000000e+02, 4,5126666667e+01, 3,3018966667e+01, 2,4717180000e+04
 1500575400, 2,8970000000e+02, 2,1376000000e+02, 5,6000000000e+01, 3,2971733333e+01, 2,4717786667e+04
 1500575700, 2,7500000000e+02, 2,0200000000e+02, 5,6000000000e+01, 3,2979100000e+01, 2,4717486667e+04
 1500576000, 2,8730000000e+02, 2,1348000000e+02, 5,6000000000e+01, 3,3016000000e+01, 2,4717620000e+04
 1500576300, 2,8688333333e+02, 2,1226000000e+02, 5,4753333333e+01, 3,3016433333e+01, 2,4717910000e+04
 1500576600, 2,8076666667e+02, 2,0915333333e+02, 4,9766666667e+01, 3,3050700000e+01, 2,4717880000e+04
 1500576900, 2,7830000000e+02, 2,0800000000e+02, 4,7960000000e+01, 3,3007600000e+01, 2,4717756667e+04
 1500577200, 2,9000000000e+02, 2,0792000000e+02, 6,2080000000e+01, 3,3042366667e+01, 2,4718196667e+04
 1500577500, 2,9000000000e+02, 2,0400000000e+02, 6,6000000000e+01, 3,3037933333e+01, 2,4718620000e+04
 1500577800, 2,7360000000e+02, 2,0400000000e+02, 4,9600000000e+01, 3,0503200000e+01, 2,5013946667e+04
 1500578100, 1,3526666667e+02, 9,1200000000e+01, 2,4693333333e+01, 2,3595600000e+01, 2,5007170000e+04
 1500578400, 1,5448333333e+02, 1,0443333333e+02, 3,0626666667e+01, 2,4584900000e+01, 2,4709760000e+04
 1500578700, 2,9110000000e+02, 2,1488000000e+02, 5,6440000000e+01, 2,6673200000e+01, 2,4708820000e+04
 1500579000, 2,9490000000e+02, 2,1792000000e+02, 5,7920000000e+01, 2,8192000000e+01, 2,4709383333e+04
 1500579300, 2,9000000000e+02, 2,1400000000e+02, 5,4000000000e+01, 2,9291833333e+01, 2,4710250000e+04
 1500579600, 2,9000000000e+02, 2,1236000000e+02, 5,7280000000e+01, 3,0022600000e+01, 2,4709360000e+04
 1500579900, 2,9000000000e+02, 2,1076000000e+02, 6,0480000000e+01, 3,0528866667e+01, 2,4709013333e+04
 1500580200, 2,9000000000e+02, 2,0748000000e+02, 6,2840000000e+01, 3,0844500000e+01, 2,4711016667e+04
 1500580500, 2,9110000000e+02, 2,0664000000e+02, 6,2680000000e+01, 3,1190166667e+01, 2,4711393333e+04
 1500580800, 2,9460000000e+02, 2,1576000000e+02, 5,7840000000e+01, 3,1426700000e+01, 2,4710596667e+04
 1500581100, 2,7500000000e+02, 2,0400000000e+02, 5,0000000000e+01, 3,1621333333e+01, 2,4710980000e+04
 1500581400, 2,7910000000e+02, 2,1220000000e+02, 4,6720000000e+01, 3,1754066667e+01, 2,4710423333e+04
 1500581700, 2,8623333333e+02, 2,1275333333e+02, 5,3480000000e+01, 3,1852166667e+01, 2,4710993333e+04
 1500582000, 2,8160000000e+02, 2,0864000000e+02, 5,3800000000e+01, 3,1915300000e+01, 2,4710153333e+04
 1500582300, 2,7566666667e+02, 2,0672000000e+02, 5,0266666667e+01, 3,1964733333e+01, 2,4710260000e+04
 1500582600, 2,9460000000e+02, 2,1588000000e+02, 5,7760000000e+01, 3,1931800000e+01, 2,4711216667e+04
 1500582900, 2,7500000000e+02, 2,1000000000e+02, 4,6000000000e+01, 3,1905900000e+01, 2,4710776667e+04
 1500583200, 2,8323333333e+02, 2,0670666667e+02, 5,5880000000e+01, 3,1851566667e+01, 2,4710606667e+04
 1500583500, 2,8811666667e+02, 2,0849333333e+02, 5,9246666667e+01, 3,1925933333e+01, 2,4710816667e+04
 1500583800, 2,9000000000e+02, 2,1168000000e+02, 5,8320000000e+01, 3,2009466667e+01, 2,4710423333e+04
 1500584100, 2,8660000000e+02, 2,1264000000e+02, 5,5546666667e+01, 3,2020900000e+01, 2,4710763333e+04
 1500584400, 2,7511666667e+02, 2,0804666667e+02, 5,3860000000e+01, 3,2015166667e+01, 2,4711873333e+04
 1500584700, 2,8000000000e+02, 2,1000000000e+02, 4,8000000000e+01, 3,2027633333e+01, 2,4710956667e+04
 1500585000, 2,8411666667e+02, 2,1000000000e+02, 5,2940000000e+01, 3,1504766667e+01, 2,4710443333e+04
 1500585300, 2,8188333333e+02, 2,0875333333e+02, 5,1506666667e+01, 3,0953800000e+01, 2,4711393333e+04
 1500585600, 2,8420000000e+02, 2,1220000000e+02, 5,0840000000e+01, 3,1243166667e+01, 2,4711583333e+04
 1500585900, 2,9000000000e+02, 2,1668000000e+02, 5,3320000000e+01, 3,1434333333e+01, 2,4712243333e+04
 1500586200, 2,8950000000e+02, 2,1208000000e+02, 5,7880000000e+01, 3,1533666667e+01, 2,4712033333e+04
 1500586500, 2,6500000000e+02, 2,1600000000e+02, 5,2000000000e+01, 3,1488133333e+01, 2,4713130000e+04
 1500586800, 2,8970000000e+02, 2,1600000000e+02, 5,6940000000e+01, 3,1595366667e+01, 2,4711380000e+04
 1500587100, 2,8260000000e+02, 2,0732000000e+02, 5,4280000000e+01, 3,1701100000e+01, 2,4711023333e+04
 1500587400, 2,7711666667e+02, 2,0708000000e+02, 4,7766666667e+01, 3,1786333333e+01, 2,4711596667e+04
 1500587700, 2,8335000000e+02, 2,1444666667e+02, 4,5573333333e+01, 3,1861500000e+01, 2,4712396667e+04
 1500588000, 2,9500000000e+02, 2,1604000000e+02, 5,8000000000e+01, 3,1917000000e+01, 2,4712640000e+04
 1500588300, 2,9500000000e+02, 2,1800000000e+02, 5,8000000000e+01, 3,1964466667e+01, 2,4712603333e+04
 1500588600, 2,8270000000e+02, 2,0980000000e+02, 5,1440000000e+01, 3,2000800000e+01, 2,4713360000e+04
 1500588900, 2,7690000000e+02, 2,0428000000e+02, 5,2480000000e+01, 3,2020400000e+01, 2,4711806667e+04
 1500589200, 2,7083333333e+02, 2,0283333333e+02, 4,9000000000e+01, 3,2042733333e+01, 2,4712603333e+04
 1500589500, 2,6953333333e+02, 2,0445333333e+02, 4,5626666667e+01, 3,2069833333e+01, 2,4712750000e+04
 1500589800, 2,8490000000e+02, 2,0596000000e+02, 5,8000000000e+01, 3,2062400000e+01, 2,4712433333e+04
 1500590100, 2,8000000000e+02, 2,0400000000e+02, 5,8000000000e+01, 3,2080000000e+01, 2,4713006667e+04
 1500590400, 2,8411666667e+02, 2,1223333333e+02, 5,4706666667e+01, 3,2096466667e+01, 2,4713216667e+04
 1500590700, 2,8811666667e+02, 2,1400000000e+02, 5,6493333333e+01, 3,2052733333e+01, 2,4713230000e+04
 1500591000, 2,8788333333e+02, 2,1230666667e+02, 5,6306666667e+01, 3,2085166667e+01, 2,4712016667e+04
 1500591300, 2,8276666667e+02, 2,0866000000e+02, 5,3106666667e+01, 3,2126733333e+01, 2,4712783333e+04
 1500591600, 2,7530000000e+02, 2,0412000000e+02, 5,0080000000e+01, 3,2142133333e+01, 2,4713200000e+04
 1500591900, 2,9000000000e+02, 2,1000000000e+02, 5,4000000000e+01, 3,1978133333e+01, 2,4759440000e+04
 1500592200, 2,7353333333e+02, 1,9847333333e+02, 5,4000000000e+01, 3,1025800000e+01, 2,4714020000e+04
 1500592500, 2,7000000000e+02, 2,0348000000e+02, 4,6520000000e+01, 3,1290766667e+01, 2,4716843333e+04
 1500592800, 2,7846666667e+02, 2,1054000000e+02, 4,8773333333e+01, 3,1497866667e+01, 2,4715923333e+04
 1500593100, 2,8773333333e+02, 2,1173333333e+02, 5,7546666667e+01, 3,1651033333e+01, 2,4714223333e+04
 1500593400, 2,8030000000e+02, 2,0424000000e+02, 5,6040000000e+01, 3,1726866667e+01, 2,4714203333e+04
 1500593700, 2,9500000000e+02, 2,1600000000e+02, 5,8000000000e+01, 3,1778566667e+01, 2,4714216667e+04
 1500594000, 2,8680000000e+02, 2,1108000000e+02, 5,6360000000e+01, 3,1762566667e+01, 2,4717193333e+04
 1500594300, 2,8810000000e+02, 2,1248000000e+02, 5,6000000000e+01, 3,1853233333e+01, 2,4716166667e+04
 1500594600, 2,8788333333e+02, 2,1230666667e+02, 5,6000000000e+01, 3,1899133333e+01, 2,4716583333e+04
 1500594900, 2,8611666667e+02, 2,1044666667e+02, 5,6000000000e+01, 3,1951133333e+01, 2,4714820000e+04
 1500595200, 2,8950000000e+02, 2,1188000000e+02, 5,5680000000e+01, 3,1982800000e+01, 2,4715180000e+04
 1500595500, 2,6500000000e+02, 2,0600000000e+02, 4,0000000000e+01, 3,1997866667e+01, 2,4715246667e+04
 1500595800, 2,8558333333e+02, 2,1423333333e+02, 5,3173333333e+01, 3,2020633333e+01, 2,4716080000e+04
 1500596100, 2,8065000000e+02, 2,0852000000e+02, 5,4753333333e+01, 3,2061166667e+01, 2,4716553333e+04
 1500596400, 2,8135000000e+02, 2,0823333333e+02, 5,4000000000e+01, 3,2104733333e+01, 2,4716430000e+04
 1500596700, 2,9000000000e+02, 2,1356000000e+02, 5,4880000000e+01, 3,2130166667e+01, 2,4716116667e+04
 1500597000, 2,9000000000e+02, 2,1196000000e+02, 5,8000000000e+01, 3,2124200000e+01, 2,4715616667e+04
 1500597300, 2,9000000000e+02, 2,1000000000e+02, 5,8000000000e+01, 3,2017166667e+01, 2,4715780000e+04
 1500597600, 2,9000000000e+02, 2,1492000000e+02, 5,6360000000e+01, 3,1816133333e+01, 2,4716036667e+04
 1500597900, 2,8686666667e+02, 2,1224000000e+02, 5,4746666667e+01, 3,1897333333e+01, 2,4715573333e+04
 1500598200, 2,8076666667e+02, 2,0746000000e+02, 5,4000000000e+01, 3,1961400000e+01, 2,4715136667e+04
 1500598500, 2,7610000000e+02, 2,0532000000e+02, 5,3560000000e+01, 3,1990633333e+01, 2,4714990000e+04
 1500598800, 2,8020000000e+02, 2,0996000000e+02, 5,2200000000e+01, 3,1943466667e+01, 2,4715406667e+04
 1500599100, 2,9000000000e+02, 2,0800000000e+02, 6,2000000000e+01, 3,1029266667e+01, 2,4956186667e+04
 1500599400, 2,8591666667e+02, 2,0963333333e+02, 5,8733333333e+01, 3,1135266667e+01, 2,4716373333e+04
 1500599700, 2,9120000000e+02, 2,1372000000e+02, 5,8000000000e+01, 3,1363133333e+01, 2,4715830000e+04
 1500600000, 2,9076666667e+02, 2,1346000000e+02, 5,6306666667e+01, 3,1535500000e+01, 2,4716350000e+04
 1500600300, 2,8500000000e+02, 2,1044000000e+02, 5,4000000000e+01, 3,1674866667e+01, 2,4716066667e+04
 1500600600, 2,8520000000e+02, 2,1208000000e+02, 5,4080000000e+01, 3,1785866667e+01, 2,4715956667e+04
 1500600900, 2,9500000000e+02, 2,1600000000e+02, 5,8000000000e+01, 3,1865066667e+01, 2,4715810000e+04
 1500601200, 2,7860000000e+02, 2,0452000000e+02, 5,3080000000e+01, 3,1917000000e+01, 2,4715620000e+04
 1500601500, 2,7190000000e+02, 2,0324000000e+02, 4,9520000000e+01, 3,1958600000e+01, 2,4714980000e+04
 1500601800, 2,7630000000e+02, 2,0400000000e+02, 5,2200000000e+01, 3,1982900000e+01, 2,4716220000e+04
 1500602100, 2,8273333333e+02, 2,0400000000e+02, 5,7093333333e+01, 3,2013966667e+01, 2,4716813333e+04
 1500602400, 2,7500000000e+02, 2,0404000000e+02, 5,3880000000e+01, 3,2029433333e+01, 2,4717416667e+04
 1500602700, 2,7500000000e+02, 2,0600000000e+02, 4,8000000000e+01, 3,2085966667e+01, 2,4716953333e+04
 1500603000, 2,7911666667e+02, 2,0929333333e+02, 4,9646666667e+01, 3,2100500000e+01, 2,4716426667e+04
 1500603300, 2,8930000000e+02, 2,1372000000e+02, 5,1240000000e+01, 3,2120700000e+01, 2,4716220000e+04
 1500603600, 2,9076666667e+02, 2,1600000000e+02, 5,3693333333e+01, 3,2119533333e+01, 2,4716586667e+04
 1500603900, 2,8610000000e+02, 2,1556000000e+02, 5,6000000000e+01, 3,2108133333e+01, 2,4716973333e+04
 1500604200, 2,8990000000e+02, 2,1396000000e+02, 5,6000000000e+01, 3,2087000000e+01, 2,4716870000e+04
 1500604500, 2,8500000000e+02, 2,1200000000e+02, 5,6000000000e+01, 3,2084566667e+01, 2,4717203333e+04
 1500604800, 2,8090000000e+02, 2,0872000000e+02, 5,4360000000e+01, 3,2126166667e+01, 2,4716983333e+04
 1500605100, 2,8310000000e+02, 2,0924000000e+02, 5,5240000000e+01, 3,2123800000e+01, 2,4716773333e+04
 1500605400, 2,8500000000e+02, 2,0830666667e+02, 5,6846666667e+01, 3,2110033333e+01, 2,4717240000e+04
 1500605700, 2,8720000000e+02, 2,0688000000e+02, 5,9760000000e+01, 3,2084900000e+01, 2,4717150000e+04
 1500606000, 2,9453333333e+02, 2,0976666667e+02, 6,5720000000e+01, 3,1345200000e+01, 2,4770563333e+04
 1500606300, 2,7500000000e+02, 2,0000000000e+02, 5,4000000000e+01, 3,1042400000e+01, 2,4718843333e+04
 1500606600, 2,6265000000e+02, 2,0494000000e+02, 3,9180000000e+01, 3,1330966667e+01, 2,4718530000e+04
 1500606900, 2,7220000000e+02, 2,0356000000e+02, 4,9420000000e+01, 3,1535400000e+01, 2,4718983333e+04
 1500607200, 2,8210000000e+02, 2,0536000000e+02, 5,7160000000e+01, 3,1675366667e+01, 2,4718426667e+04
 1500607500, 2,8610000000e+02, 2,1176000000e+02, 5,4680000000e+01, 3,1741866667e+01, 2,4718553333e+04
 1500607800, 2,8988333333e+02, 2,1786000000e+02, 5,0093333333e+01, 3,1821666667e+01, 2,4718703333e+04
 1500608100, 2,8500000000e+02, 2,1200000000e+02, 5,4000000000e+01, 3,1891866667e+01, 2,4721340000e+04
 1500608400, 2,9320000000e+02, 2,1036000000e+02, 6,3840000000e+01, 3,1905566667e+01, 2,4718560000e+04
 1500608700, 2,8876666667e+02, 2,1000000000e+02, 5,9766666667e+01, 3,1895900000e+01, 2,4718043333e+04
 1500609000, 2,8710000000e+02, 2,1000000000e+02, 5,6840000000e+01, 3,1979200000e+01, 2,4718563333e+04
 1500609300, 2,8890000000e+02, 2,1000000000e+02, 5,8000000000e+01, 3,2031033333e+01, 2,4718026667e+04
 1500609600, 2,8511666667e+02, 2,1004666667e+02, 5,7906666667e+01, 3,2061800000e+01, 2,4718603333e+04
 1500609900, 2,9000000000e+02, 2,1200000000e+02, 5,4000000000e+01, 3,2066666667e+01, 2,4718210000e+04
 1500610200, 2,9000000000e+02, 2,1363333333e+02, 5,7266666667e+01, 3,2056233333e+01, 2,4718786667e+04
 1500610500, 2,9311666667e+02, 2,1524666667e+02, 5,9246666667e+01, 3,1850633333e+01, 2,4718813333e+04
 1500610800, 2,8870000000e+02, 2,1096000000e+02, 5,7480000000e+01, 3,1887533333e+01, 2,4719616667e+04
 1500611100, 2,8000000000e+02, 2,0668000000e+02, 5,2660000000e+01, 3,1949233333e+01, 2,4718976667e+04
 1500611400, 2,8030000000e+02, 2,1600000000e+02, 4,8200000000e+01, 3,1994933333e+01, 2,4719583333e+04
 1500611700, 2,9500000000e+02, 2,1600000000e+02, 5,8000000000e+01, 3,2028200000e+01, 2,4719620000e+04
 1500612000, 2,8676666667e+02, 2,0941333333e+02, 5,6353333333e+01, 3,1968366667e+01, 2,4718603333e+04
 1500612300, 2,8500000000e+02, 2,1301333333e+02, 5,3493333333e+01, 3,1960066667e+01, 2,4718823333e+04
 1500612600, 2,8711666667e+02, 2,1261333333e+02, 5,6233333333e+01, 3,1971300000e+01, 2,4719176667e+04
 1500612900, 2,4580000000e+02, 1,7264000000e+02, 5,3840000000e+01, 3,1537633333e+01, 2,4959563333e+04
 1500613200, 9,8900000000e+01, 5,5200000000e+01, 2,6600000000e+01, 3,0952133333e+01, 2,4720396667e+04
 1500613500, 2,9000000000e+02, 2,1200000000e+02, 5,6000000000e+01, 3,1263300000e+01, 2,4720773333e+04
 1500613800, 2,9410000000e+02, 2,1528000000e+02, 5,7640000000e+01, 3,1481066667e+01, 2,4719843333e+04
 1500614100, 2,8260000000e+02, 2,1104000000e+02, 5,3040000000e+01, 3,1612466667e+01, 2,4720370000e+04
 1500614400, 2,7710000000e+02, 2,0884000000e+02, 5,0000000000e+01, 3,1657533333e+01, 2,4719970000e+04
 1500614700, 2,8330000000e+02, 2,1132000000e+02, 5,2200000000e+01, 3,1786566667e+01, 2,4720116667e+04
 1500615000, 2,9480000000e+02, 2,1584000000e+02, 5,9920000000e+01, 3,1883800000e+01, 2,4721140000e+04
 1500615300, 2,8500000000e+02, 2,0800000000e+02, 5,6000000000e+01, 3,0993600000e+01, 2,1225720000e+04
 1500615600, 9,4866666667e+01, 5,7546666667e+01, 1,9626666667e+01, 2,3798800000e+01, 8,2389466667e+03
 1500615900, 5,5000000000e+01, 2,4746666667e+01, 1,2000000000e+01, 1,7253200000e+01, 8,2384266667e+03
 1500616200, 5,5000000000e+01, 2,4000000000e+01, 1,2000000000e+01, 1,2513466667e+01, 8,2382266667e+03
 1500616500, 9,3533333333e+01, 5,8453333333e+01, 1,6080000000e+01, 9,8659666667e+00, 1,5805593333e+04
 1500616800, 2,2526666667e+02, 1,7642666667e+02, 2,9893333333e+01, 1,3934933333e+01, 2,5303973333e+04
 1500617100, 2,3500000000e+02, 1,9200000000e+02, 2,6000000000e+01, 1,7445066667e+01, 2,5505200000e+04
 1500617400, 2,4326666667e+02, 1,9034666667e+02, 3,4266666667e+01, 2,0393900000e+01, 2,5566493333e+04
 1500617700, 2,4186666667e+02, 1,9125333333e+02, 2,9733333333e+01, 2,2324933333e+01, 2,5607586667e+04
 1500618000, 2,3146666667e+02, 1,8346666667e+02, 2,6853333333e+01, 2,3869066667e+01, 2,5631266667e+04
 1500618300, 2,2440000000e+02, 1,7640000000e+02, 2,7560000000e+01, 2,5175800000e+01, 2,5698466667e+04
 1500618600, 2,4000000000e+02, 1,9205333333e+02, 2,6000000000e+01, 2,5312933333e+01, 2,5799666667e+04
 1500618900, 2,4000000000e+02, 1,9400000000e+02, 2,6000000000e+01, 2,5325166667e+01, 2,5876373333e+04
 1500619200, 2,4000000000e+02, 1,8738666667e+02, 3,2613333333e+01, 2,5682466667e+01, 2,5891306667e+04
 1500619500, 2,3686666667e+02, 1,8600000000e+02, 3,2746666667e+01, 2,5909066667e+01, 2,5924880000e+04
 1500619800, 2,3713333333e+02, 1,8856000000e+02, 2,9440000000e+01, 2,6213733333e+01, 2,5973240000e+04
 1500620100, 2,1733333333e+02, 1,7024000000e+02, 2,5546666667e+01, 2,6330000000e+01, 2,5981746667e+04
 1500620400, 1,4075000000e+02, 9,6733333333e+01, 2,4033333333e+01, 2,5947566667e+01, 2,6629136667e+04
 1500620700, 1,8500000000e+02, 1,4000000000e+02, 2,6000000000e+01, 2,4968833333e+01, 2,8791186667e+04
 1500621000, 2,3010000000e+02, 1,8592000000e+02, 2,6000000000e+01, 2,4196933333e+01, 2,9011053333e+04
 1500621300, 1,6166666667e+02, 1,1704000000e+02, 2,6000000000e+01, 2,0349333333e+01, 2,9099853333e+04
 1500621600, 1,1500000000e+02, 7,0000000000e+01, 2,5146666667e+01, 1,6336533333e+01, 2,9101226667e+04
 1500621900, 1,3653333333e+02, 9,0853333333e+01, 2,5360000000e+01, 1,4580133333e+01, 2,9114586667e+04
 1500622200, 2,1080000000e+02, 1,6274666667e+02, 3,0000000000e+01, 1,7558266667e+01, 2,9143680000e+04
 1500622500, 2,4000000000e+02, 1,9000000000e+02, 3,0000000000e+01, 2,0385366667e+01, 2,9255713333e+04
 1500622800, 1,9883333333e+02, 1,5212666667e+02, 2,8353333333e+01, 2,2735833333e+01, 2,9275670000e+04
 1500623100, 2,2133333333e+02, 1,7533333333e+02, 2,9253333333e+01, 2,4284600000e+01, 2,9281643333e+04
 1500623400, 2,3146666667e+02, 1,8546666667e+02, 2,8293333333e+01, -nan, 2,9291013333e+04
 1500623700, 2,2226666667e+02, 1,7536000000e+02, 2,6906666667e+01, -nan, -nan
 1500624000, 2,3026666667e+02, 1,8026666667e+02, 3,0000000000e+01, -nan, -nan
 1500624300, 2,4000000000e+02, 1,9000000000e+02, 3,0000000000e+01, -nan, -nan
 1500624600, 2,4413333333e+02, -nan, -nan, -nan, -nan
 1500624900, 2,4500000000e+02, -nan, -nan, -nan, -nan
 1500625200, -nan, -nan, -nan, -nan, -nan
 1500625500, -nan, -nan, -nan, -nan, -nan
 1500625800, -nan, -nan, -nan, -nan, -nan
 1500626100, -nan, -nan, -nan, -nan, -nan
 1500626400, -nan, -nan, -nan, -nan, -nan
 1500626700, -nan, -nan, -nan, -nan, -nan
 1500627000, -nan, -nan, -nan, -nan, -nan
 1500627300, -nan, -nan, -nan, -nan, -nan
