 Time, ttl_pwr, cpu_pwr, mem_pwr, cpu_load, mem_load
 1500448500, 1.8633333333e+02, 1.3717333333e+02, 2.8160000000e+01, 2.3314933333e+01, 2.9891840000e+04
 1500448800, 2.3500000000e+02, 1.8000000000e+02, 3.4000000000e+01, 2.3697366667e+01, 2.9893396667e+04
 1500449100, 2.1846666667e+02, 1.6842666667e+02, 3.0693333333e+01, 2.3636466667e+01, 2.9895280000e+04
 1500449400, 2.0873333333e+02, 1.5973333333e+02, 2.8746666667e+01, 2.3335300000e+01, 2.9897820000e+04
 1500449700, 1.6660000000e+02, 1.2016000000e+02, 2.7146666667e+01, 2.3471766667e+01, 2.9897823333e+04
 1500450000, 1.1723333333e+02, 7.4233333333e+01, 2.6000000000e+01, 2.3480833333e+01, 2.9900580000e+04
 1500450300, 1.2620000000e+02, 8.3066666667e+01, 2.6053333333e+01, 2.3039666667e+01, 2.9901656667e+04
 1500450600, 1.7000000000e+02, 1.2200000000e+02, 2.8000000000e+01, 2.3061633333e+01, 2.9901443333e+04
 1500450900, 1.6180000000e+02, 1.1380000000e+02, 2.8000000000e+01, 2.2395666667e+01, 2.9902850000e+04
 1500451200, 1.8506666667e+02, 1.3330666667e+02, 3.1760000000e+01, 2.3472233333e+01, 2.9905623333e+04
 1500451500, 1.9795000000e+02, 1.4764000000e+02, 3.0720000000e+01, 2.3645233333e+01, 2.9907246667e+04
 1500451800, 2.0281666667e+02, 1.5625333333e+02, 2.7340000000e+01, 2.4076266667e+01, 2.9904586667e+04
 1500452100, 2.2871666667e+02, 1.7678666667e+02, 3.1953333333e+01, 2.4727200000e+01, 2.9907816667e+04
 1500452400, 1.7500000000e+02, 1.2600000000e+02, 3.0000000000e+01, 2.5208200000e+01, 2.9912250000e+04
 1500452700, 2.2851666667e+02, 1.7375333333e+02, 3.4940000000e+01, 2.5389066667e+01, 2.9914896667e+04
 1500453000, 2.3373333333e+02, 1.7773333333e+02, 3.6000000000e+01, 2.5524900000e+01, 2.9917466667e+04
 1500453300, 2.3213333333e+02, 1.8168000000e+02, 3.2586666667e+01, 2.5797333333e+01, 2.9923683333e+04
 1500453600, 2.3388333333e+02, 1.8976666667e+02, 2.8446666667e+01, 2.6304433333e+01, 2.9927180000e+04
 1500453900, 2.3013333333e+02, 1.8205333333e+02, 3.0106666667e+01, 2.7158000000e+01, 2.9929226667e+04
 1500454200, 2.3500000000e+02, 1.8400000000e+02, 3.4000000000e+01, 2.6860400000e+01, 2.9932286667e+04
 1500454500, 2.1846666667e+02, 1.6912000000e+02, 3.2346666667e+01, 2.6374933333e+01, 2.9933173333e+04
 1500454800, 2.3058333333e+02, 1.7722000000e+02, 3.3246666667e+01, 2.6552466667e+01, 2.9936276667e+04
 1500455100, 2.3576666667e+02, 1.8061333333e+02, 3.4000000000e+01, 2.6868433333e+01, 2.9936820000e+04
 1500455400, 2.2888333333e+02, 1.7644666667e+02, 3.2660000000e+01, 2.7555366667e+01, 2.9940946667e+04
 1500455700, 2.2510000000e+02, 1.7812000000e+02, 2.8000000000e+01, 2.8334600000e+01, 2.9946693333e+04
 1500456000, 2.3500000000e+02, 1.9000000000e+02, 2.8000000000e+01, 2.8178800000e+01, 2.9947790000e+04
 1500456300, 2.2265000000e+02, 1.7188666667e+02, 3.1293333333e+01, 2.8287533333e+01, 2.9949470000e+04
 1500456600, 2.2935000000e+02, 1.7797333333e+02, 3.0753333333e+01, 2.8235266667e+01, 2.9951906667e+04
 1500456900, 2.3500000000e+02, 1.8315333333e+02, 3.0846666667e+01, 2.8273733333e+01, 2.9955603333e+04
 1500457200, 2.3500000000e+02, 1.8200000000e+02, 3.2453333333e+01, 2.7951166667e+01, 2.9956880000e+04
 1500457500, 2.3460000000e+02, 1.8168000000e+02, 3.3946666667e+01, 2.7596666667e+01, 2.9961110000e+04
 1500457800, 2.2000000000e+02, 1.7000000000e+02, 3.2000000000e+01, 2.7166566667e+01, 2.9962053333e+04
 1500458100, 2.0346666667e+02, 1.4850666667e+02, 3.5306666667e+01, 2.6994100000e+01, 2.9965866667e+04
 1500458400, 2.2820000000e+02, 1.7784000000e+02, 3.0986666667e+01, 2.7013066667e+01, 2.9968480000e+04
 1500458700, 2.4076666667e+02, 1.9122666667e+02, 3.1386666667e+01, 2.7000700000e+01, 2.9970873333e+04
 1500459000, 2.3276666667e+02, 1.8066000000e+02, 3.5106666667e+01, 2.6412233333e+01, 2.9972853333e+04
 1500459300, 2.2520000000e+02, 1.7624000000e+02, 3.1920000000e+01, 2.6163200000e+01, 2.9968173333e+04
 1500459600, 2.3500000000e+02, 1.8800000000e+02, 2.8000000000e+01, 2.6039233333e+01, 2.9975480000e+04
 1500459900, 2.3500000000e+02, 1.8800000000e+02, 2.8000000000e+01, 2.6196333333e+01, 2.9979713333e+04
 1500460200, 2.3186666667e+02, 1.8173333333e+02, 2.9253333333e+01, 2.6582033333e+01, 2.9982310000e+04
 1500460500, 1.8343333333e+02, 1.3312666667e+02, 2.9153333333e+01, 2.6259800000e+01, 2.9984940000e+04
 1500460800, 1.4040000000e+02, 9.2400000000e+01, 2.8453333333e+01, 2.5667033333e+01, 2.9984923333e+04
 1500461100, 2.0973333333e+02, 1.6178666667e+02, 2.9946666667e+01, 2.5891100000e+01, 2.9989420000e+04
 1500461400, 2.0000000000e+02, 1.5400000000e+02, 2.8000000000e+01, 2.6059333333e+01, 2.9991026667e+04
 1500461700, 2.3306666667e+02, 1.8541333333e+02, 2.8000000000e+01, 2.6452766667e+01, 2.9993023333e+04
 1500462000, 2.2746666667e+02, 1.7696000000e+02, 3.0506666667e+01, 2.6792366667e+01, 2.9991506667e+04
 1500462300, 2.2635000000e+02, 1.7308000000e+02, 3.3693333333e+01, 2.7084866667e+01, 2.9997896667e+04
 1500462600, 2.3500000000e+02, 1.8136000000e+02, 3.4640000000e+01, 2.7370100000e+01, 3.0001006667e+04
 1500462900, 2.3511666667e+02, 1.8595333333e+02, 3.0093333333e+01, 2.7546033333e+01, 3.0004366667e+04
 1500463200, 2.4000000000e+02, 1.8400000000e+02, 3.4000000000e+01, 2.7893333333e+01, 3.0006853333e+04
 1500463500, 2.1933333333e+02, 1.6746666667e+02, 3.2346666667e+01, 2.7652833333e+01, 3.0010936667e+04
 1500463800, 2.2435000000e+02, 1.7272666667e+02, 3.4493333333e+01, 2.7640500000e+01, 3.0013190000e+04
 1500464100, 2.3423333333e+02, 1.8138666667e+02, 3.5153333333e+01, 2.7722600000e+01, 3.0015616667e+04
 1500464400, 2.3895000000e+02, 1.8684000000e+02, 3.2740000000e+01, 2.7671800000e+01, 3.0018513333e+04
 1500464700, 2.3500000000e+02, 1.9000000000e+02, 2.8000000000e+01, 2.7796833333e+01, 3.0022253333e+04
 1500465000, 2.3500000000e+02, 1.9000000000e+02, 2.8000000000e+01, 2.7446933333e+01, 3.0024753333e+04
 1500465300, 2.1433333333e+02, 1.6685333333e+02, 2.9653333333e+01, 2.7764333333e+01, 3.0028526667e+04
 1500465600, 2.2566666667e+02, 1.7578666667e+02, 3.2506666667e+01, 2.7899133333e+01, 3.0028636667e+04
 1500465900, 2.3288333333e+02, 1.8315333333e+02, 3.3153333333e+01, 2.8038666667e+01, 3.0031873333e+04
 1500466200, 2.2320000000e+02, 1.7520000000e+02, 3.1546666667e+01, 2.8183766667e+01, 3.0036393333e+04
 1500466500, 1.9786666667e+02, 1.4997333333e+02, 2.9893333333e+01, 2.7873433333e+01, 3.0028000000e+04
 1500466800, 1.2000000000e+02, 7.6000000000e+01, 2.6000000000e+01, 2.7365700000e+01, 3.0031586667e+04
 1500467100, 2.1920000000e+02, 1.6858666667e+02, 3.2613333333e+01, 2.7469866667e+01, 3.0033126667e+04
 1500467400, 2.2753333333e+02, 1.7927333333e+02, 3.1506666667e+01, 2.7259900000e+01, 3.0039586667e+04
 1500467700, 2.1573333333e+02, 1.6717333333e+02, 3.0853333333e+01, 2.6843333333e+01, 2.4914306667e+04
 1500468000, 1.7486666667e+02, 1.2762666667e+02, 2.7466666667e+01, 2.1346133333e+01, 7.0768000000e+03
 1500468300, 5.5000000000e+01, 2.4000000000e+01, 1.2000000000e+01, 1.5509066667e+01, 7.0774266667e+03
 1500468600, 5.5000000000e+01, 2.4000000000e+01, 1.2000000000e+01, 1.1267866667e+01, 7.0755733333e+03
 1500468900, 5.5000000000e+01, 2.4000000000e+01, 1.2000000000e+01, 8.1902666667e+00, 7.0745466667e+03
 1500469200, 5.5000000000e+01, 2.4000000000e+01, 1.2000000000e+01, 5.9444000000e+00, 7.0754000000e+03
 1500469500, 5.5000000000e+01, 2.4000000000e+01, 1.2000000000e+01, 4.3160000000e+00, 7.0756266667e+03
 1500469800, 5.5000000000e+01, 2.4000000000e+01, 1.2000000000e+01, 3.1358666667e+00, 7.0756000000e+03
 1500470100, 5.5000000000e+01, 2.4000000000e+01, 1.2000000000e+01, 2.2750666667e+00, 7.0760000000e+03
 1500470400, 5.5000000000e+01, 2.4000000000e+01, 1.2000000000e+01, 1.6561333333e+00, 7.0762266667e+03
 1500470700, 5.5000000000e+01, 2.4000000000e+01, 1.2000000000e+01, 1.2021333333e+00, 7.0766000000e+03
 1500471000, 5.5000000000e+01, 2.4000000000e+01, 1.2000000000e+01, 8.8506666667e-01, 7.0771733333e+03
 1500471300, 5.5000000000e+01, 2.4853333333e+01, 1.2000000000e+01, 6.4866666667e-01, 7.0772533333e+03
 1500471600, 5.5000000000e+01, 2.5546666667e+01, 1.2000000000e+01, 4.9053333333e-01, 7.0770266667e+03
 1500471900, 5.5000000000e+01, 2.4000000000e+01, 1.2000000000e+01, 3.6760000000e-01, 7.0769733333e+03
 1500472200, 5.5000000000e+01, 2.4000000000e+01, 1.2000000000e+01, 2.8186666667e-01, 7.0774000000e+03
 1500472500, 5.5000000000e+01, 2.4000000000e+01, 1.2000000000e+01, 2.2293333333e-01, 7.0763466667e+03
 1500472800, 5.5000000000e+01, 2.4000000000e+01, 1.2000000000e+01, 1.8093333333e-01, 7.0766533333e+03
 1500473100, 5.5000000000e+01, 2.4000000000e+01, 1.2000000000e+01, 1.4520000000e-01, 7.0769466667e+03
 1500473400, 5.5000000000e+01, 2.4000000000e+01, 1.2000000000e+01, 1.1320000000e-01, 7.0766266667e+03
 1500473700, 5.5000000000e+01, 2.4053333333e+01, 1.2000000000e+01, 9.8566666667e-02, 7.0774766667e+03
 1500474000, 5.5000000000e+01, 2.6000000000e+01, 1.2000000000e+01, 1.1146666667e-01, 7.0775466667e+03
 1500474300, 5.5000000000e+01, 2.4346666667e+01, 1.2000000000e+01, 1.1226666667e-01, 7.0760000000e+03
 1500474600, 5.5000000000e+01, 2.4000000000e+01, 1.2000000000e+01, 1.0773333333e-01, 7.0767733333e+03
 1500474900, 5.5000000000e+01, 2.4853333333e+01, 1.2000000000e+01, 8.7466666667e-02, 7.0768266667e+03
 1500475200, 5.5000000000e+01, 2.6000000000e+01, 1.2000000000e+01, 9.7066666667e-02, 7.0766000000e+03
 1500475500, 5.5000000000e+01, 2.6000000000e+01, 1.2000000000e+01, 1.1800000000e-01, 7.0764000000e+03
 1500475800, 5.5000000000e+01, 2.6000000000e+01, 1.2000000000e+01, 1.2173333333e-01, 7.0765466667e+03
 1500476100, 5.5000000000e+01, 2.4346666667e+01, 1.2000000000e+01, 9.7200000000e-02, 7.0762266667e+03
 1500476400, 5.5000000000e+01, 2.4000000000e+01, 1.2000000000e+01, 6.9733333333e-02, 7.0774266667e+03
 1500476700, 5.5000000000e+01, 2.4853333333e+01, 1.2000000000e+01, 6.3466666667e-02, 7.0770000000e+03
 1500477000, 5.5000000000e+01, 2.5546666667e+01, 1.2000000000e+01, 5.0000000000e-02, 7.0774000000e+03
 1500477300, 5.5000000000e+01, 2.4000000000e+01, 1.2000000000e+01, 5.0000000000e-02, 7.0760000000e+03
 1500477600, 5.5000000000e+01, 2.4000000000e+01, 1.2000000000e+01, 5.0000000000e-02, 7.0762000000e+03
 1500477900, 5.5000000000e+01, 2.5653333333e+01, 1.2000000000e+01, 5.2000000000e-02, 7.0764000000e+03
 1500478200, 5.5000000000e+01, 2.4746666667e+01, 1.2000000000e+01, 5.0000000000e-02, 7.0770266667e+03
 1500478500, 5.5000000000e+01, 2.4000000000e+01, 1.2000000000e+01, 5.0000000000e-02, 7.0770266667e+03
 1500478800, 5.5000000000e+01, 2.4000000000e+01, 1.2000000000e+01, 5.0000000000e-02, 7.0772266667e+03
 1500479100, 5.5000000000e+01, 2.4000000000e+01, 1.2000000000e+01, 5.0000000000e-02, 7.0774000000e+03
 1500479400, 5.5000000000e+01, 2.4000000000e+01, 1.2000000000e+01, 2.2210000000e-01, 7.7550266667e+03
 1500479700, 1.8353333333e+02, 1.3807333333e+02, 2.4853333333e+01, 5.1904000000e+00, 1.0009826667e+04
 1500480000, 2.3066666667e+02, 1.8229333333e+02, 2.9253333333e+01, 1.2566666667e+01, 1.1858533333e+04
 1500480300, 2.4000000000e+02, 1.9200000000e+02, 2.9146666667e+01, 1.7870000000e+01, 1.2794973333e+04
 1500480600, 2.4113333333e+02, 1.9245333333e+02, 2.8000000000e+01, 2.1788666667e+01, 1.3531373333e+04
 1500480900, 2.4486666667e+02, 1.9394666667e+02, 2.8000000000e+01, 2.4657733333e+01, 1.4180786667e+04
 1500481200, 2.4000000000e+02, 1.9200000000e+02, 2.8000000000e+01, 2.6735700000e+01, 1.4221206667e+04
 1500481500, 2.4000000000e+02, 1.9200000000e+02, 2.8000000000e+01, 2.8208533333e+01, 1.4220826667e+04
 1500481800, 2.3686666667e+02, 1.9074666667e+02, 2.8000000000e+01, 2.9271466667e+01, 1.4221306667e+04
 1500482100, 2.3713333333e+02, 1.9000000000e+02, 2.8853333333e+01, 3.0095466667e+01, 1.4245413333e+04
 1500482400, 2.3000000000e+02, 1.8033333333e+02, 2.9666666667e+01, 3.1195900000e+01, 1.4428973333e+04
 1500482700, 1.7683333333e+02, 1.2788333333e+02, 2.8316666667e+01, 3.2867400000e+01, 1.4547740000e+04
 1500483000, 1.6083333333e+02, 1.0708333333e+02, 2.9916666667e+01, 3.4337066667e+01, 1.4565026667e+04
 1500483300, 1.5050000000e+02, 9.6500000000e+01, 3.1900000000e+01, 3.5370800000e+01, 1.4567826667e+04
 1500483600, 1.5000000000e+02, 9.7640000000e+01, 3.0360000000e+01, 3.5756000000e+01, 1.4245400000e+04
 1500483900, 1.9316666667e+02, 1.3870000000e+02, 3.2466666667e+01, 3.5730900000e+01, 1.3708136667e+04
 1500484200, 2.2420000000e+02, 1.6988000000e+02, 3.1480000000e+01, 3.5418233333e+01, 1.3719366667e+04
 1500484500, 2.3335000000e+02, 1.8112666667e+02, 2.8446666667e+01, 3.4895600000e+01, 1.3454836667e+04
 1500484800, 2.4500000000e+02, 1.9204666667e+02, 3.0000000000e+01, 3.4147533333e+01, 1.3887300000e+04
 1500485100, 2.4500000000e+02, 1.9400000000e+02, 3.0000000000e+01, 3.3623166667e+01, 1.3878053333e+04
 1500485400, 2.3676666667e+02, 1.9070666667e+02, 2.8353333333e+01, 3.3004866667e+01, 1.4145380000e+04
 1500485700, 2.3811666667e+02, 1.9124666667e+02, 2.8000000000e+01, 3.2495966667e+01, 1.4238080000e+04
 1500486000, 2.4413333333e+02, 1.9200000000e+02, 3.0480000000e+01, 3.2358600000e+01, 1.4205266667e+04
 1500486300, 2.4450000000e+02, 1.8760000000e+02, 3.2680000000e+01, 3.2312900000e+01, 1.3883053333e+04
 1500486600, 2.2523333333e+02, 1.7204666667e+02, 2.8233333333e+01, 3.2042866667e+01, 1.3922710000e+04
 1500486900, 2.3500000000e+02, 1.7400000000e+02, 3.8000000000e+01, 3.1609600000e+01, 1.3396460000e+04
 1500487200, 1.5300000000e+02, 1.0184000000e+02, 2.8160000000e+01, 3.0400600000e+01, 1.2546230000e+04
 1500487500, 1.2575000000e+02, 7.7366666667e+01, 2.6000000000e+01, 2.8906233333e+01, 1.2061763333e+04
 1500487800, 1.1696666667e+02, 6.7146666667e+01, 2.7213333333e+01, 2.7146566667e+01, 1.1311460000e+04
 1500488100, 1.0875000000e+02, 5.9833333333e+01, 2.7166666667e+01, 2.4644533333e+01, 9.6898133333e+03
 1500488400, 9.8900000000e+01, 5.2680000000e+01, 2.6000000000e+01, 2.1141700000e+01, 8.7987700000e+03
 1500488700, 9.4416666667e+01, 4.7626666667e+01, 2.5860000000e+01, 1.7239433333e+01, 7.6896300000e+03
 1500489000, 7.0000000000e+01, 3.2000000000e+01, 2.0000000000e+01, 1.2990500000e+01, 7.2452000000e+03
 1500489300, 6.5883333333e+01, 3.0353333333e+01, 1.8353333333e+01, 9.7007666667e+00, 7.2467766667e+03
 1500489600, 6.8116666667e+01, 3.1246666667e+01, 1.9246666667e+01, 7.3342666667e+00, 7.2462233333e+03
 1500489900, 7.4233333333e+01, 3.3693333333e+01, 2.1693333333e+01, 5.6273333333e+00, 7.2465533333e+03
 1500490200, 7.8883333333e+01, 3.5553333333e+01, 2.3553333333e+01, 4.3899666667e+00, 7.2478933333e+03
 1500490500, 7.4533333333e+01, 3.3766666667e+01, 2.1766666667e+01, 3.3929000000e+00, 7.2309100000e+03
 1500490800, 5.5000000000e+01, 2.4000000000e+01, 1.2000000000e+01, 2.4780333333e+00, 7.2264000000e+03
 1500491100, 5.5000000000e+01, 2.4000000000e+01, 1.2000000000e+01, 1.8091666667e+00, 7.2261766667e+03
 1500491400, 5.5000000000e+01, 2.5246666667e+01, 1.2000000000e+01, 1.3204333333e+00, 7.2252466667e+03
 1500491700, 5.5000000000e+01, 2.6000000000e+01, 1.2000000000e+01, 9.6100000000e-01, 7.2251766667e+03
 1500492000, 5.5000000000e+01, 2.5553333333e+01, 1.2000000000e+01, 7.0086666667e-01, 7.2250466667e+03
 1500492300, 5.5000000000e+01, 2.4046666667e+01, 1.2000000000e+01, 5.1450000000e-01, 7.2260000000e+03
 1500492600, 5.5000000000e+01, 2.6000000000e+01, 1.2000000000e+01, 3.8143333333e-01, 7.2262233333e+03
 1500492900, 5.5000000000e+01, 2.4353333333e+01, 1.2000000000e+01, 2.7990000000e-01, 7.2268233333e+03
 1500493200, 5.5000000000e+01, 2.5246666667e+01, 1.2000000000e+01, 2.0883333333e-01, 7.2270933333e+03
 1500493500, 5.5000000000e+01, 2.5153333333e+01, 1.2000000000e+01, 1.6306666667e-01, 7.2275666667e+03
 1500493800, 5.5000000000e+01, 2.4000000000e+01, 1.2000000000e+01, 1.3576666667e-01, 7.2252000000e+03
 1500494100, 5.5000000000e+01, 2.4046666667e+01, 1.2000000000e+01, 1.2200000000e-01, 7.2250000000e+03
 1500494400, 5.5000000000e+01, 2.6000000000e+01, 1.2000000000e+01, 1.2800000000e-01, 7.2262000000e+03
 1500494700, 5.5000000000e+01, 2.6000000000e+01, 1.2000000000e+01, 1.2976666667e-01, 7.2266233333e+03
 1500495000, 5.5000000000e+01, 2.6000000000e+01, 1.2000000000e+01, 1.1753333333e-01, 7.2268000000e+03
 1500495300, 5.5000000000e+01, 2.5153333333e+01, 1.2000000000e+01, 9.8000000000e-02, 7.2270000000e+03
 1500495600, 5.5000000000e+01, 2.4000000000e+01, 1.2000000000e+01, 8.5533333333e-02, 7.2268000000e+03
 1500495900, 5.5000000000e+01, 2.4000000000e+01, 1.2000000000e+01, 6.9533333333e-02, 7.2270000000e+03
 1500496200, 5.5000000000e+01, 2.4000000000e+01, 1.2000000000e+01, 5.1800000000e-02, 7.2265866667e+03
 1500496500, 5.5000000000e+01, 2.5646666667e+01, 1.2000000000e+01, 5.0000000000e-02, 7.2260000000e+03
 1500496800, 5.5000000000e+01, 2.4753333333e+01, 1.2000000000e+01, 5.0000000000e-02, 7.2264000000e+03
 1500497100, 5.5000000000e+01, 2.4000000000e+01, 1.2000000000e+01, 5.0000000000e-02, 7.2264233333e+03
 1500497400, 5.5000000000e+01, 2.4000000000e+01, 1.2000000000e+01, 5.0000000000e-02, 7.2274233333e+03
 1500497700, 5.5000000000e+01, 2.4000000000e+01, 1.2000000000e+01, 5.0000000000e-02, 7.2273766667e+03
 1500498000, 5.5000000000e+01, 2.4000000000e+01, 1.2000000000e+01, 5.6000000000e-02, 7.2274000000e+03
 1500498300, 5.5000000000e+01, 2.4000000000e+01, 1.2000000000e+01, 5.0000000000e-02, 7.2269766667e+03
 1500498600, 5.5000000000e+01, 2.4000000000e+01, 1.2000000000e+01, 5.0000000000e-02, 7.2270000000e+03
 1500498900, 5.7116666667e+01, 2.5693333333e+01, 1.2000000000e+01, 5.0000000000e-02, 7.2270000000e+03
 1500499200, 5.8883333333e+01, 2.7553333333e+01, 1.2000000000e+01, 5.0000000000e-02, 7.2274000000e+03
 1500499500, 5.5000000000e+01, 2.5953333333e+01, 1.2000000000e+01, 5.0000000000e-02, 7.2264233333e+03
 1500499800, 5.5000000000e+01, 2.4000000000e+01, 1.2000000000e+01, 5.0000000000e-02, 7.2264000000e+03
 1500500100, 5.5000000000e+01, 2.5646666667e+01, 1.2000000000e+01, 5.2000000000e-02, 7.2264000000e+03
 1500500400, 5.5000000000e+01, 2.4753333333e+01, 1.2000000000e+01, 5.0000000000e-02, 7.2270000000e+03
 1500500700, 5.5000000000e+01, 2.4000000000e+01, 1.2000000000e+01, 5.0000000000e-02, 7.2274000000e+03
 1500501000, 5.5000000000e+01, 2.4000000000e+01, 1.2000000000e+01, 5.0000000000e-02, 7.2277766667e+03
 1500501300, 5.5000000000e+01, 2.4046666667e+01, 1.2000000000e+01, 5.0000000000e-02, 7.2274000000e+03
 1500501600, 5.5000000000e+01, 2.6000000000e+01, 1.2000000000e+01, 5.0000000000e-02, 7.2280233333e+03
 1500501900, 5.5000000000e+01, 2.4353333333e+01, 1.2000000000e+01, 5.0000000000e-02, 7.2280000000e+03
 1500502200, 5.5000000000e+01, 2.4000000000e+01, 1.2000000000e+01, 5.0000000000e-02, 7.2257766667e+03
 1500502500, 5.5000000000e+01, 2.4000000000e+01, 1.2000000000e+01, 5.2000000000e-02, 7.2258233333e+03
 1500502800, 5.5000000000e+01, 2.4446666667e+01, 1.2000000000e+01, 5.0000000000e-02, 7.2270000000e+03
 1500503100, 5.5000000000e+01, 2.5953333333e+01, 1.2000000000e+01, 5.0000000000e-02, 7.2274000000e+03
 1500503400, 5.5000000000e+01, 2.4000000000e+01, 1.2000000000e+01, 5.0000000000e-02, 7.2276233333e+03
 1500503700, 5.5000000000e+01, 2.4000000000e+01, 1.2000000000e+01, 5.0000000000e-02, 7.2286233333e+03
 1500504000, 5.5000000000e+01, 2.4000000000e+01, 1.2000000000e+01, 5.0000000000e-02, 7.2289766667e+03
 1500504300, 5.5000000000e+01, 2.4000000000e+01, 1.2000000000e+01, 5.0000000000e-02, 7.2284233333e+03
 1500504600, 5.5000000000e+01, 2.4446666667e+01, 1.2000000000e+01, 5.0000000000e-02, 7.2290233333e+03
 1500504900, 5.5116666667e+01, 2.6046666667e+01, 1.2000000000e+01, 5.0000000000e-02, 7.2297766667e+03
 1500505200, 6.0000000000e+01, 2.8000000000e+01, 1.2000000000e+01, 5.0000000000e-02, 7.2290466667e+03
 1500505500, 5.5883333333e+01, 2.4706666667e+01, 1.2000000000e+01, 5.0000000000e-02, 7.2289766667e+03
 1500505800, 5.5000000000e+01, 2.4000000000e+01, 1.2000000000e+01, 5.0000000000e-02, 7.2287766667e+03
 1500506100, 5.5000000000e+01, 2.4000000000e+01, 1.2000000000e+01, 5.0000000000e-02, 7.2288233333e+03
 1500506400, 5.5000000000e+01, 2.4000000000e+01, 1.2000000000e+01, 5.4000000000e-02, 7.2290000000e+03
 1500506700, 5.5000000000e+01, 2.4000000000e+01, 1.2000000000e+01, 5.6233333333e-02, 7.2288233333e+03
 1500507000, 5.5000000000e+01, 2.4000000000e+01, 1.2000000000e+01, 7.0233333333e-02, 7.2296000000e+03
 1500507300, 5.5000000000e+01, 2.5646666667e+01, 1.2000000000e+01, 6.3533333333e-02, 7.2294000000e+03
 1500507600, 5.5000000000e+01, 2.6000000000e+01, 1.2000000000e+01, 5.2000000000e-02, 7.2300700000e+03
 1500507900, 5.5000000000e+01, 2.5153333333e+01, 1.2000000000e+01, 5.0000000000e-02, 7.2300466667e+03
 1500508200, 5.5000000000e+01, 2.4446666667e+01, 1.2000000000e+01, 5.0233333333e-02, 7.2302133333e+03
 1500508500, 5.5000000000e+01, 2.6000000000e+01, 1.2000000000e+01, 5.3766666667e-02, 7.2286233333e+03
 1500508800, 5.5000000000e+01, 2.6000000000e+01, 1.2000000000e+01, 5.0000000000e-02, 7.2292466667e+03
 1500509100, 5.5000000000e+01, 2.6000000000e+01, 1.2000000000e+01, 5.0000000000e-02, 7.2303766667e+03
 1500509400, 5.5000000000e+01, 2.6000000000e+01, 1.2000000000e+01, 5.0000000000e-02, 7.2301766667e+03
 1500509700, 5.5000000000e+01, 2.5153333333e+01, 1.2000000000e+01, 5.0000000000e-02, 7.2289766667e+03
 1500510000, 5.5000000000e+01, 2.4446666667e+01, 1.2000000000e+01, 5.0000000000e-02, 7.2294233333e+03
 1500510300, 5.5000000000e+01, 2.6000000000e+01, 1.2000000000e+01, 5.0000000000e-02, 7.2292000000e+03
 1500510600, 5.5000000000e+01, 2.6000000000e+01, 1.2000000000e+01, 5.0000000000e-02, 7.2297766667e+03
 1500510900, 5.5000000000e+01, 2.4353333333e+01, 1.2000000000e+01, 5.0000000000e-02, 7.2294233333e+03
 1500511200, 5.5000000000e+01, 2.5246666667e+01, 1.2000000000e+01, 5.0000000000e-02, 7.2288233333e+03
 1500511500, 5.5000000000e+01, 2.5153333333e+01, 1.2000000000e+01, 5.0000000000e-02, 7.2293766667e+03
 1500511800, 5.5000000000e+01, 2.4446666667e+01, 1.2000000000e+01, 5.4000000000e-02, 7.2294466667e+03
 1500512100, 5.5000000000e+01, 2.6000000000e+01, 1.2000000000e+01, 5.0000000000e-02, 7.2298000000e+03
 1500512400, 5.5000000000e+01, 2.6000000000e+01, 1.2000000000e+01, 5.0000000000e-02, 7.2303766667e+03
 1500512700, 5.5000000000e+01, 2.6000000000e+01, 1.2000000000e+01, 5.0000000000e-02, 7.2297766667e+03
 1500513000, 5.5000000000e+01, 2.6000000000e+01, 1.2000000000e+01, 5.0000000000e-02, 7.2294000000e+03
 1500513300, 5.5000000000e+01, 2.5153333333e+01, 1.2000000000e+01, 5.0000000000e-02, 7.2300233333e+03
 1500513600, 5.5000000000e+01, 2.4000000000e+01, 1.2000000000e+01, 5.4233333333e-02, 7.2306000000e+03
 1500513900, 5.5000000000e+01, 2.4000000000e+01, 1.2000000000e+01, 5.1766666667e-02, 7.2307766667e+03
 1500514200, 5.5000000000e+01, 2.4000000000e+01, 1.2000000000e+01, 5.0000000000e-02, 7.2296000000e+03
 1500514500, 5.5000000000e+01, 2.4000000000e+01, 1.2000000000e+01, 5.0000000000e-02, 7.2304233333e+03
 1500514800, 5.5000000000e+01, 2.5246666667e+01, 1.2000000000e+01, 5.0000000000e-02, 7.2303533333e+03
 1500515100, 5.5000000000e+01, 2.5160000000e+01, 1.2000000000e+01, 5.4200000000e-02, 7.2298633333e+03
 1500515400, 5.5000000000e+01, 2.4000000000e+01, 1.2000000000e+01, 5.1766666667e-02, 7.2301766667e+03
 1500515700, 5.5000000000e+01, 2.4000000000e+01, 1.2000000000e+01, 5.0000000000e-02, 7.2300000000e+03
 1500516000, 5.5000000000e+01, 2.4000000000e+01, 1.2000000000e+01, 5.0000000000e-02, 7.2312233333e+03
 1500516300, 5.5000000000e+01, 2.5646666667e+01, 1.2000000000e+01, 5.0000000000e-02, 7.2314000000e+03
 1500516600, 5.5000000000e+01, 2.4753333333e+01, 1.2000000000e+01, 5.0000000000e-02, 7.2305766667e+03
 1500516900, 5.5000000000e+01, 2.4000000000e+01, 1.2000000000e+01, 5.0000000000e-02, 7.2314000000e+03
 1500517200, 5.5000000000e+01, 2.4000000000e+01, 1.2000000000e+01, 5.0000000000e-02, 7.2298000000e+03
 1500517500, 5.5000000000e+01, 2.4000000000e+01, 1.2000000000e+01, 5.0000000000e-02, 7.2302233333e+03
 1500517800, 5.5000000000e+01, 2.4000000000e+01, 1.2000000000e+01, 5.0000000000e-02, 7.2302000000e+03
 1500518100, 5.5000000000e+01, 2.4000000000e+01, 1.2000000000e+01, 5.0000000000e-02, 7.2307766667e+03
 1500518400, 5.5000000000e+01, 2.5246666667e+01, 1.2000000000e+01, 5.0000000000e-02, 7.2300000000e+03
 1500518700, 5.5000000000e+01, 2.5153333333e+01, 1.2000000000e+01, 5.0233333333e-02, 7.2302233333e+03
 1500519000, 5.5000000000e+01, 2.4000000000e+01, 1.2000000000e+01, 5.3766666667e-02, 7.2310000000e+03
 1500519300, 5.5000000000e+01, 2.4046666667e+01, 1.2000000000e+01, 5.0000000000e-02, 7.2306233333e+03
 1500519600, 5.5000000000e+01, 2.6000000000e+01, 1.2000000000e+01, 5.0000000000e-02, 7.2315766667e+03
 1500519900, 5.9116666667e+01, 2.7646666667e+01, 1.5293333333e+01, 5.0000000000e-02, 7.2298466667e+03
 1500520200, 5.6883333333e+01, 2.5506666667e+01, 1.3506666667e+01, 5.0000000000e-02, 7.2305533333e+03
 1500520500, 5.5000000000e+01, 2.4000000000e+01, 1.2000000000e+01, 5.0000000000e-02, 7.2308466667e+03
 1500520800, 5.5000000000e+01, 2.4446666667e+01, 1.2000000000e+01, 5.0000000000e-02, 7.2307700000e+03
 1500521100, 5.5000000000e+01, 2.5953333333e+01, 1.2000000000e+01, 5.0000000000e-02, 7.2308000000e+03
 1500521400, 5.5000000000e+01, 2.4000000000e+01, 1.2000000000e+01, 5.0000000000e-02, 7.2304266667e+03
 1500521700, 5.5000000000e+01, 2.5646666667e+01, 1.2000000000e+01, 5.0000000000e-02, 7.2304233333e+03
 1500522000, 5.5000000000e+01, 2.4753333333e+01, 1.2000000000e+01, 5.0000000000e-02, 7.2314000000e+03
 1500522300, 6.9816666667e+01, 3.3313333333e+01, 1.7926666667e+01, 1.0913333333e-01, 7.6588400000e+03
 1500522600, 9.1116666667e+01, 4.7340000000e+01, 2.6000000000e+01, 3.5866666667e-01, 8.9904033333e+03
 1500522900, 9.5000000000e+01, 5.2046666667e+01, 2.6000000000e+01, 5.3750000000e-01, 9.0509766667e+03
 1500523200, 9.5000000000e+01, 5.4000000000e+01, 2.6000000000e+01, 6.5400000000e-01, 8.4097266667e+03
 1500523500, 6.2066666667e+01, 2.9300000000e+01, 1.4473333333e+01, 5.4826666667e-01, 7.2956100000e+03
 1500523800, 5.5000000000e+01, 2.5246666667e+01, 1.2000000000e+01, 4.0720000000e-01, 7.2762233333e+03
 1500524100, 5.5000000000e+01, 2.5153333333e+01, 1.2000000000e+01, 2.9990000000e-01, 7.2764000000e+03
 1500524400, 5.5000000000e+01, 2.4000000000e+01, 1.2000000000e+01, 2.1860000000e-01, 7.2766000000e+03
 1500524700, 5.5000000000e+01, 2.4000000000e+01, 1.2000000000e+01, 1.6283333333e-01, 7.2770000000e+03
 1500525000, 5.5000000000e+01, 2.4000000000e+01, 1.2000000000e+01, 1.3000000000e-01, 7.2768000000e+03
 1500525300, 5.5000000000e+01, 2.4000000000e+01, 1.2000000000e+01, 1.2753333333e-01, 7.2774233333e+03
 1500525600, 5.8116666667e+01, 2.7740000000e+01, 1.3246666667e+01, 1.2200000000e-01, 7.2777766667e+03
 1500525900, 5.7883333333e+01, 2.7460000000e+01, 1.3153333333e+01, 1.1776666667e-01, 7.2764233333e+03
 1500526200, 5.5000000000e+01, 2.4446666667e+01, 1.2000000000e+01, 1.1176666667e-01, 7.2768000000e+03
 1500526500, 5.5816666667e+01, 2.6606666667e+01, 1.2186666667e+01, 9.8433333333e-02, 7.3374533333e+03
 1500526800, 9.0000000000e+01, 5.2000000000e+01, 2.0000000000e+01, 5.0320000000e-01, 8.3727666667e+03
 1500527100, 1.5175000000e+02, 1.0140000000e+02, 2.9880000000e+01, 1.8963000000e+00, 1.7061136667e+04
 1500527400, 1.6500000000e+02, 1.0954666667e+02, 3.3226666667e+01, 5.0625333333e+00, 1.8624163333e+04
 1500527700, 1.7558333333e+02, 1.1985333333e+02, 3.4846666667e+01, 7.7157333333e+00, 2.8085070000e+04
 1500528000, 2.0650000000e+02, 1.4832000000e+02, 3.9960000000e+01, 1.4112733333e+01, 4.1352983333e+04
 1500528300, 2.6500000000e+02, 1.9200000000e+02, 5.4000000000e+01, 1.9537866667e+01, 4.1696200000e+04
 1500528600, 2.6500000000e+02, 1.9200000000e+02, 5.4000000000e+01, 2.3451366667e+01, 4.2373043333e+04
 1500528900, 2.6500000000e+02, 1.9037333333e+02, 5.4000000000e+01, 2.6367066667e+01, 4.2524426667e+04
 1500529200, 2.6500000000e+02, 1.9124000000e+02, 5.4000000000e+01, 2.8368100000e+01, 4.2600996667e+04
 1500529500, 2.6500000000e+02, 1.9115333333e+02, 5.4000000000e+01, 2.9794600000e+01, 4.2380403333e+04
 1500529800, 2.6500000000e+02, 1.9082666667e+02, 5.4000000000e+01, 3.0838933333e+01, 4.2526316667e+04
 1500530100, 2.6500000000e+02, 1.9156666667e+02, 5.4000000000e+01, 3.1557233333e+01, 4.2520250000e+04
 1500530400, 2.6500000000e+02, 1.9003333333e+02, 5.4000000000e+01, 3.2226400000e+01, 4.2612573333e+04
 1500530700, 2.6500000000e+02, 1.9200000000e+02, 5.4000000000e+01, 3.2609566667e+01, 4.2920283333e+04
 1500531000, 2.6500000000e+02, 1.9035333333e+02, 5.4000000000e+01, 3.2921033333e+01, 4.2864510000e+04
 1500531300, 2.6810000000e+02, 1.9124000000e+02, 5.4000000000e+01, 3.3132866667e+01, 4.2897693333e+04
 1500531600, 2.6790000000e+02, 1.9200000000e+02, 5.4000000000e+01, 3.3269666667e+01, 4.3219366667e+04
 1500531900, 2.6500000000e+02, 1.9155333333e+02, 5.4000000000e+01, 3.3385400000e+01, 4.3194023333e+04
 1500532200, 2.6500000000e+02, 1.9000000000e+02, 5.4000000000e+01, 3.3471900000e+01, 4.3178413333e+04
 1500532500, 2.6500000000e+02, 1.9000000000e+02, 5.4000000000e+01, 3.3653566667e+01, 4.3269206667e+04
 1500532800, 2.6500000000e+02, 1.9164666667e+02, 5.4000000000e+01, 3.3685300000e+01, 4.3146823333e+04
 1500533100, 2.6500000000e+02, 1.9574000000e+02, 5.1506666667e+01, 3.3802033333e+01, 4.3164766667e+04
 1500533400, 2.6076666667e+02, 1.9122666667e+02, 5.0000000000e+01, 3.2386133333e+01, 3.4641733333e+04
 1500533700, 2.5388333333e+02, 1.8155333333e+02, 5.0000000000e+01, 3.0243533333e+01, 3.4593126667e+04
 1500534000, 2.5011666667e+02, 1.8009333333e+02, 5.0000000000e+01, 2.8532433333e+01, 3.4254353333e+04
 1500534300, 2.5500000000e+02, 1.8400000000e+02, 5.0000000000e+01, 2.6400266667e+01, 2.6375430000e+04
 1500534600, 1.6590000000e+02, 1.0948000000e+02, 3.5420000000e+01, 2.4473500000e+01, 2.5822863333e+04
 1500534900, 1.7533333333e+02, 1.1990666667e+02, 3.3213333333e+01, 2.3051633333e+01, 2.6993350000e+04
 1500535200, 2.2463333333e+02, 1.6001333333e+02, 4.2466666667e+01, 2.3234966667e+01, 3.4419330000e+04
 1500535500, 2.5160000000e+02, 1.7972666667e+02, 5.0873333333e+01, 2.2559866667e+01, 2.3497643333e+04
 1500535800, 2.0570000000e+02, 1.4456000000e+02, 4.0093333333e+01, 2.1045333333e+01, 2.3730646667e+04
 1500536100, 2.3500000000e+02, 1.6800000000e+02, 4.4000000000e+01, 2.0228166667e+01, 2.5216343333e+04
 1500536400, 1.8235000000e+02, 1.2102000000e+02, 3.5900000000e+01, 2.0260833333e+01, 2.9906826667e+04
 1500536700, 2.2858333333e+02, 1.5933333333e+02, 4.6333333333e+01, 2.2891966667e+01, 3.9657303333e+04
 1500537000, 2.6500000000e+02, 1.9084666667e+02, 5.4000000000e+01, 2.5960300000e+01, 4.0412490000e+04
 1500537300, 2.6500000000e+02, 1.9200000000e+02, 5.4000000000e+01, 2.8239633333e+01, 4.0530876667e+04
 1500537600, 2.6500000000e+02, 1.9196000000e+02, 5.4000000000e+01, 2.9730766667e+01, 4.0457876667e+04
 1500537900, 2.6500000000e+02, 1.9000000000e+02, 5.4000000000e+01, 3.0873133333e+01, 4.0855896667e+04
 1500538200, 2.6500000000e+02, 1.9000000000e+02, 5.4000000000e+01, 3.1774000000e+01, 4.0927830000e+04
 1500538500, 2.6500000000e+02, 1.9123333333e+02, 5.4000000000e+01, 3.2467600000e+01, 4.1074253333e+04
 1500538800, 2.6500000000e+02, 1.9200000000e+02, 5.4000000000e+01, 3.2835833333e+01, 4.1340183333e+04
 1500539100, 2.6500000000e+02, 1.9200000000e+02, 5.4000000000e+01, 3.3049033333e+01, 4.1295240000e+04
 1500539400, 2.6500000000e+02, 1.9196000000e+02, 5.4000000000e+01, 3.3194666667e+01, 4.1194006667e+04
 1500539700, 2.6500000000e+02, 1.9000000000e+02, 5.4000000000e+01, 3.3310233333e+01, 4.1200060000e+04
 1500540000, 2.6500000000e+02, 1.9164000000e+02, 5.4000000000e+01, 3.3313333333e+01, 4.1421036667e+04
 1500540300, 2.6500000000e+02, 1.9200000000e+02, 5.4000000000e+01, 3.3419966667e+01, 4.1298443333e+04
 1500540600, 2.6500000000e+02, 1.9200000000e+02, 5.4000000000e+01, 3.3498633333e+01, 4.1613856667e+04
 1500540900, 2.6500000000e+02, 1.9200000000e+02, 5.4000000000e+01, 3.3465333333e+01, 4.1577183333e+04
 1500541200, 2.6480000000e+02, 1.9176000000e+02, 5.3960000000e+01, 3.3454466667e+01, 4.1526060000e+04
 1500541500, 2.5500000000e+02, 1.8000000000e+02, 5.2000000000e+01, 3.3392466667e+01, 3.8617413333e+04
 1500541800, 2.5500000000e+02, 1.8329333333e+02, 5.0353333333e+01, 3.1276066667e+01, 3.3619936667e+04
 1500542100, 2.5500000000e+02, 1.8400000000e+02, 5.0000000000e+01, 2.9374566667e+01, 3.3454130000e+04
 1500542400, 2.5500000000e+02, 1.8400000000e+02, 5.0000000000e+01, 2.7809900000e+01, 3.3369550000e+04
 1500542700, 2.4048333333e+02, 1.7194000000e+02, 4.7766666667e+01, 2.5879933333e+01, 2.8302126667e+04
 1500543000, 1.9110000000e+02, 1.3092000000e+02, 4.0160000000e+01, 2.3665566667e+01, 2.7343680000e+04
 1500543300, 2.4500000000e+02, 1.7600000000e+02, 4.8000000000e+01, 2.2491166667e+01, 2.6005710000e+04
 1500543600, 1.5590000000e+02, 9.8240000000e+01, 3.3420000000e+01, 2.1445033333e+01, 2.5555190000e+04
 1500543900, 1.9421666667e+02, 1.3236000000e+02, 3.8726666667e+01, 2.0911733333e+01, 2.9608846667e+04
 1500544200, 2.3635000000e+02, 1.6992666667e+02, 4.5693333333e+01, 2.2270833333e+01, 3.0539053333e+04
 1500544500, 2.4611666667e+02, 1.7889333333e+02, 4.8000000000e+01, 2.1881533333e+01, 3.1977616667e+04
 1500544800, 2.5011666667e+02, 1.8204666667e+02, 4.8000000000e+01, 2.2578033333e+01, 3.4388173333e+04
 1500545100, 2.5500000000e+02, 1.8400000000e+02, 4.8000000000e+01, 2.2900066667e+01, 3.5035213333e+04
 1500545400, 2.5500000000e+02, 1.8400000000e+02, 4.9646666667e+01, 2.3159833333e+01, 3.5653500000e+04
 1500545700, 2.5500000000e+02, 1.8400000000e+02, 4.8753333333e+01, 2.3381966667e+01, 3.5660950000e+04
 1500546000, 2.5288333333e+02, 1.8315333333e+02, 4.8000000000e+01, 2.3549266667e+01, 3.5622560000e+04
 1500546300, 2.5111666667e+02, 1.8244666667e+02, 4.8000000000e+01, 2.3659566667e+01, 3.5668696667e+04
 1500546600, 2.5488333333e+02, 1.8390666667e+02, 4.8046666667e+01, 2.3736333333e+01, 3.5652876667e+04
 1500546900, 2.5000000000e+02, 1.8000000000e+02, 5.0000000000e+01, 2.3777533333e+01, 3.6497580000e+04
 1500547200, 2.5000000000e+02, 1.8000000000e+02, 4.8353333333e+01, 2.3795866667e+01, 3.7020716667e+04
 1500547500, 2.5000000000e+02, 1.8124666667e+02, 4.8000000000e+01, 2.3860700000e+01, 3.7107936667e+04
 1500547800, 2.5211666667e+02, 1.8284666667e+02, 4.8000000000e+01, 2.3885633333e+01, 3.7162260000e+04
 1500548100, 2.5388333333e+02, 1.8355333333e+02, 4.8446666667e+01, 2.3933066667e+01, 3.7185543333e+04
 1500548400, 2.4941666667e+02, 1.8139333333e+02, 4.9953333333e+01, 2.3916466667e+01, 3.7371743333e+04
 1500548700, 2.2500000000e+02, 1.5600000000e+02, 4.8000000000e+01, 2.3884600000e+01, 3.7609620000e+04
 1500549000, 2.4558333333e+02, 1.7740666667e+02, 4.8000000000e+01, 2.3905366667e+01, 3.7595573333e+04
 1500549300, 2.5000000000e+02, 1.8324666667e+02, 4.8000000000e+01, 2.3988600000e+01, 3.5413553333e+04
 1500549600, 2.4365000000e+02, 1.7807333333e+02, 4.6306666667e+01, 2.2444566667e+01, 2.7667116667e+04
 1500549900, 1.8906666667e+02, 1.2901333333e+02, 3.7640000000e+01, 2.1019966667e+01, 2.5246803333e+04
 1500550200, 1.0165000000e+02, 5.2660000000e+01, 2.5106666667e+01, 1.7879033333e+01, 1.2436776667e+04
 1500550500, 9.1166666667e+01, 4.8933333333e+01, 2.2233333333e+01, 1.5145600000e+01, 1.6408313333e+04
 1500550800, 1.4000000000e+02, 8.8000000000e+01, 3.2000000000e+01, 1.4280600000e+01, 1.9285150000e+04
 1500551100, 2.1410000000e+02, 1.5222000000e+02, 4.3526666667e+01, 1.5028633333e+01, 2.6226273333e+04
 1500551400, 2.4246666667e+02, 1.7472666667e+02, 4.8493333333e+01, 1.7515066667e+01, 3.7261823333e+04
 1500551700, 2.5630000000e+02, 1.8504000000e+02, 5.1680000000e+01, 2.1869500000e+01, 4.0753180000e+04
 1500552000, 2.6500000000e+02, 1.9200000000e+02, 5.4000000000e+01, 2.5108566667e+01, 4.1282993333e+04
 1500552300, 2.6500000000e+02, 1.9195333333e+02, 5.4000000000e+01, 2.7455433333e+01, 4.1327263333e+04
 1500552600, 2.6500000000e+02, 1.9000000000e+02, 5.4000000000e+01, 2.9081400000e+01, 4.1954413333e+04
 1500552900, 2.6500000000e+02, 1.9163333333e+02, 5.4000000000e+01, 3.0370800000e+01, 4.2063973333e+04
 1500553200, 2.6500000000e+02, 1.9200000000e+02, 5.4000000000e+01, 3.1308633333e+01, 4.2037100000e+04
 1500553500, 2.6500000000e+02, 1.9200000000e+02, 5.4000000000e+01, 3.1951366667e+01, 4.2379533333e+04
 1500553800, 2.6500000000e+02, 1.9200000000e+02, 5.4000000000e+01, 3.2417333333e+01, 4.2350016667e+04
 1500554100, 2.6500000000e+02, 1.9200000000e+02, 5.4000000000e+01, 3.2708966667e+01, 4.2303706667e+04
 1500554400, 2.6500000000e+02, 1.9200000000e+02, 5.4000000000e+01, 3.2932033333e+01, 4.2202963333e+04
 1500554700, 2.6500000000e+02, 1.9200000000e+02, 5.4000000000e+01, 3.3113966667e+01, 4.2289383333e+04
 1500555000, 2.6500000000e+02, 1.9200000000e+02, 5.4000000000e+01, 3.3193266667e+01, 4.2539230000e+04
 1500555300, 2.6500000000e+02, 1.9200000000e+02, 5.4000000000e+01, 3.3229333333e+01, 4.2730316667e+04
 1500555600, 2.6500000000e+02, 1.9200000000e+02, 5.4000000000e+01, 3.3308566667e+01, 4.2683986667e+04
 1500555900, 2.6500000000e+02, 1.9200000000e+02, 5.4000000000e+01, 3.3436600000e+01, 4.2890916667e+04
 1500556200, 2.6500000000e+02, 1.9200000000e+02, 5.4000000000e+01, 3.3438766667e+01, 4.2933006667e+04
 1500556500, 2.6500000000e+02, 1.9200000000e+02, 5.4000000000e+01, 3.3523166667e+01, 4.2894933333e+04
 1500556800, 2.6500000000e+02, 1.9200000000e+02, 5.4000000000e+01, 3.3440400000e+01, 3.9079246667e+04
 1500557100, 2.5653333333e+02, 1.8522666667e+02, 5.1460000000e+01, 3.0471400000e+01, 2.6657020000e+04
 1500557400, 1.9541666667e+02, 1.3316000000e+02, 4.1653333333e+01, 2.7127366667e+01, 2.5533093333e+04
 1500557700, 1.3841666667e+02, 8.4900000000e+01, 3.2866666667e+01, 2.5024700000e+01, 2.5992913333e+04
 1500558000, 2.0383333333e+02, 1.4511333333e+02, 3.5813333333e+01, 2.2886766667e+01, 2.0583883333e+04
 1500558300, 1.5500000000e+02, 1.0800000000e+02, 2.8000000000e+01, 2.0153466667e+01, 2.5615493333e+04
 1500558600, 2.1263333333e+02, 1.5410666667e+02, 3.9526666667e+01, 1.9454566667e+01, 2.6151066667e+04
 1500558900, 1.9800000000e+02, 1.3880000000e+02, 3.9600000000e+01, 1.9832133333e+01, 2.6699640000e+04
 1500559200, 2.1360000000e+02, 1.5140000000e+02, 4.2200000000e+01, 2.0243066667e+01, 3.5034650000e+04
 1500559500, 2.6110000000e+02, 1.9200000000e+02, 4.9320000000e+01, 2.3739400000e+01, 4.1095596667e+04
 1500559800, 2.6500000000e+02, 1.9200000000e+02, 5.4000000000e+01, 2.6464700000e+01, 4.1178460000e+04
 1500560100, 2.6500000000e+02, 1.9200000000e+02, 5.4000000000e+01, 2.8354633333e+01, 4.1545336667e+04
 1500560400, 2.6500000000e+02, 1.9200000000e+02, 5.4000000000e+01, 2.9789833333e+01, 4.2076053333e+04
 1500560700, 2.6500000000e+02, 1.9200000000e+02, 5.4000000000e+01, 3.0872666667e+01, 4.2090110000e+04
 1500561000, 2.6710000000e+02, 1.9200000000e+02, 5.4000000000e+01, 3.1530333333e+01, 4.2068313333e+04
 1500561300, 2.6888333333e+02, 1.9200000000e+02, 5.4000000000e+01, 3.2055566667e+01, 4.2262616667e+04
 1500561600, 2.6500000000e+02, 1.9196000000e+02, 5.4000000000e+01, 3.2558600000e+01, 4.2520633333e+04
 1500561900, 2.6500000000e+02, 1.9000000000e+02, 5.4000000000e+01, 3.2918800000e+01, 4.2664380000e+04
 1500562200, 2.6500000000e+02, 1.9164666667e+02, 5.4000000000e+01, 3.3217533333e+01, 4.2910493333e+04
 1500562500, 2.6500000000e+02, 1.9200000000e+02, 5.4000000000e+01, 3.3475066667e+01, 4.3000693333e+04
 1500562800, 2.6500000000e+02, 1.9115333333e+02, 5.4000000000e+01, 3.3573400000e+01, 4.3035273333e+04
 1500563100, 2.6500000000e+02, 1.9043333333e+02, 5.4000000000e+01, 3.3739800000e+01, 4.3230630000e+04
 1500563400, 2.6500000000e+02, 1.9200000000e+02, 5.4000000000e+01, 3.3808666667e+01, 4.3513656667e+04
 1500563700, 2.6500000000e+02, 1.9200000000e+02, 5.4000000000e+01, 3.3765000000e+01, 4.3455440000e+04
 1500564000, 2.6500000000e+02, 1.9200000000e+02, 5.4000000000e+01, 3.3776800000e+01, 4.3767963333e+04
 1500564300, 2.6500000000e+02, 1.9076666667e+02, 5.4000000000e+01, 3.3762300000e+01, 4.3630903333e+04
 1500564600, 2.6500000000e+02, 1.9000000000e+02, 5.3160000000e+01, 3.3746166667e+01, 4.3607580000e+04
 1500564900, 2.6500000000e+02, 1.9043333333e+02, 5.2433333333e+01, 3.3721400000e+01, 4.3493190000e+04
 1500565200, 2.6500000000e+02, 1.9200000000e+02, 5.3960000000e+01, 3.3674100000e+01, 4.3874433333e+04
 1500565500, 2.6500000000e+02, 1.9200000000e+02, 5.2000000000e+01, 3.3706233333e+01, 4.2275550000e+04
 1500565800, 2.6088333333e+02, 1.8706000000e+02, 5.2000000000e+01, 3.1850300000e+01, 3.5381740000e+04
 1500566100, 2.0078333333e+02, 1.3987333333e+02, 4.0780000000e+01, 2.8556000000e+01, 2.0318886667e+04
 1500566400, 1.6500000000e+02, 1.1284666667e+02, 3.4000000000e+01, 2.3538666667e+01, 1.5769390000e+04
 1500566700, 1.4936666667e+02, 1.0015333333e+02, 3.2213333333e+01, 2.0038466667e+01, 1.2738490000e+04
 1500567000, 9.4300000000e+01, 5.1486666667e+01, 2.5813333333e+01, 1.6144466667e+01, 7.1910533333e+03
 1500567300, 6.5000000000e+01, 3.0000000000e+01, 1.8000000000e+01, 1.3071200000e+01, 7.1581400000e+03
 1500567600, 6.5000000000e+01, 3.0000000000e+01, 1.8000000000e+01, 1.0857533333e+01, 7.1628600000e+03
 1500567900, 6.1883333333e+01, 2.7506666667e+01, 1.5506666667e+01, 9.2752000000e+00, 7.1561766667e+03
 1500568200, 6.0000000000e+01, 2.6846666667e+01, 1.4846666667e+01, 8.1076000000e+00, 7.1576700000e+03
 1500568500, 6.2233333333e+01, 2.8446666667e+01, 1.6893333333e+01, 7.2679000000e+00, 7.1605400000e+03
 1500568800, 7.0116666667e+01, 3.0140000000e+01, 2.0000000000e+01, 6.6685666667e+00, 7.1657400000e+03
 1500569100, 7.5000000000e+01, 3.6000000000e+01, 2.0000000000e+01, 6.2393666667e+00, 7.1626366667e+03
 1500569400, 6.6766666667e+01, 3.1060000000e+01, 1.6706666667e+01, 5.9288666667e+00, 7.1611533333e+03
 1500569700, 6.1883333333e+01, 2.8753333333e+01, 1.4753333333e+01, 5.6030333333e+00, 7.1575066667e+03
 1500570000, 7.4816666667e+01, 3.8160000000e+01, 1.9080000000e+01, 5.3083666667e+00, 9.8038400000e+03
 1500570300, 9.5000000000e+01, 5.2446666667e+01, 2.6000000000e+01, 5.2346000000e+00, 1.0371353333e+04
 1500570600, 9.5000000000e+01, 5.3953333333e+01, 2.6000000000e+01, 5.2033000000e+00, 1.0367906667e+04
 1500570900, 9.5000000000e+01, 5.2000000000e+01, 2.6000000000e+01, 5.1735333333e+00, 1.0364953333e+04
 1500571200, 9.5000000000e+01, 5.3646666667e+01, 2.6000000000e+01, 5.1533000000e+00, 1.0358520000e+04
 1500571500, 9.5000000000e+01, 5.2753333333e+01, 2.6000000000e+01, 5.0591333333e+00, 1.0330526667e+04
 1500571800, 9.5000000000e+01, 5.2000000000e+01, 2.6000000000e+01, 4.4247333333e+00, 1.0305223333e+04
 1500572100, 9.5000000000e+01, 5.2000000000e+01, 2.6000000000e+01, 3.7651666667e+00, 1.0305153333e+04
 1500572400, 9.5000000000e+01, 5.2000000000e+01, 2.6000000000e+01, 3.2933666667e+00, 1.0304953333e+04
 1500572700, 9.5000000000e+01, 5.2000000000e+01, 2.6000000000e+01, 2.9612333333e+00, 1.0678000000e+04
 1500573000, 9.0883333333e+01, 4.8706666667e+01, 2.2706666667e+01, 3.3285333333e+00, 8.3570733333e+03
 1500573300, 1.2740000000e+02, 8.5400000000e+01, 2.4493333333e+01, 4.8665666667e+00, 2.6723923333e+04
 1500573600, 1.5211666667e+02, 1.0884666667e+02, 2.6000000000e+01, 6.0244000000e+00, 4.2122470000e+04
 1500573900, 1.5500000000e+02, 1.1044666667e+02, 2.6000000000e+01, 6.8581000000e+00, 4.2123800000e+04
 1500574200, 1.5500000000e+02, 1.1200000000e+02, 2.6000000000e+01, 7.4574333333e+00, 4.2124976667e+04
 1500574500, 1.5500000000e+02, 1.1200000000e+02, 2.6000000000e+01, 7.8901666667e+00, 4.2124176667e+04
 1500574800, 1.5911666667e+02, 1.1364666667e+02, 2.6000000000e+01, 8.2043000000e+00, 4.2124776667e+04
 1500575100, 1.5376666667e+02, 1.0776666667e+02, 2.6000000000e+01, 8.4238666667e+00, 4.6321483333e+04
 1500575400, 1.5211666667e+02, 1.0654000000e+02, 2.6000000000e+01, 8.4112000000e+00, 5.2118540000e+04
 1500575700, 1.5723333333e+02, 1.1134000000e+02, 2.6446666667e+01, 8.0447000000e+00, 5.2262200000e+04
 1500576000, 1.6488333333e+02, 1.1600000000e+02, 2.8000000000e+01, 7.4932666667e+00, 5.2211376667e+04
 1500576300, 1.6000000000e+02, 1.1600000000e+02, 2.8000000000e+01, 7.3587000000e+00, 5.2240390000e+04
 1500576600, 1.4765000000e+02, 1.0447333333e+02, 2.6353333333e+01, 7.1603000000e+00, 5.2206480000e+04
 1500576900, 1.5746666667e+02, 1.1072666667e+02, 2.8493333333e+01, 6.8266333333e+00, 5.2198400000e+04
 1500577200, 1.6500000000e+02, 1.1600000000e+02, 2.9153333333e+01, 6.8376333333e+00, 5.2264400000e+04
 1500577500, 1.6500000000e+02, 1.1644666667e+02, 2.8000000000e+01, 6.8564666667e+00, 5.2209413333e+04
 1500577800, 1.6488333333e+02, 1.1786000000e+02, 2.8000000000e+01, 6.8584333333e+00, 4.3184596667e+04
 1500578100, 1.6000000000e+02, 1.1200000000e+02, 2.8000000000e+01, 7.2730666667e+00, 7.3866966667e+03
 1500578400, 1.5176666667e+02, 1.0870666667e+02, 2.6353333333e+01, 7.7755666667e+00, 2.8929040000e+04
 1500578700, 1.5311666667e+02, 1.1049333333e+02, 2.6000000000e+01, 8.1265333333e+00, 4.2095423333e+04
 1500579000, 1.5500000000e+02, 1.1200000000e+02, 2.6000000000e+01, 8.3811333333e+00, 4.2095600000e+04
 1500579300, 1.5500000000e+02, 1.1200000000e+02, 2.6000000000e+01, 8.5632666667e+00, 4.2096976667e+04
 1500579600, 1.5511666667e+02, 1.1204666667e+02, 2.6000000000e+01, 8.6970333333e+00, 4.2098246667e+04
 1500579900, 1.6000000000e+02, 1.1400000000e+02, 2.6000000000e+01, 8.7908333333e+00, 4.3141356667e+04
 1500580200, 1.2706666667e+02, 8.2713333333e+01, 2.6000000000e+01, 8.4929333333e+00, 5.0808310000e+04
 1500580500, 1.4493333333e+02, 1.0093333333e+02, 2.7246666667e+01, 7.8797666667e+00, 5.2165223333e+04
 1500580800, 1.6211666667e+02, 1.1600000000e+02, 2.8000000000e+01, 7.2684666667e+00, 5.2261646667e+04
 1500581100, 1.6500000000e+02, 1.1600000000e+02, 2.8000000000e+01, 6.8881666667e+00, 5.2184800000e+04
 1500581400, 1.6500000000e+02, 1.1600000000e+02, 2.8000000000e+01, 6.6311000000e+00, 5.2261200000e+04
 1500581700, 1.6500000000e+02, 1.1600000000e+02, 2.8000000000e+01, 6.4433000000e+00, 5.1252056667e+04
 1500582000, 1.4853333333e+02, 1.0612000000e+02, 2.6353333333e+01, 6.6740333333e+00, 7.7507866667e+03
 1500582300, 1.5123333333e+02, 1.0774000000e+02, 2.6000000000e+01, 7.0472333333e+00, 2.8949816667e+04
 1500582600, 1.5500000000e+02, 1.1000000000e+02, 2.6000000000e+01, 7.3213666667e+00, 4.2116070000e+04
 1500582900, 1.5500000000e+02, 1.1000000000e+02, 2.6000000000e+01, 7.5197333333e+00, 4.2117776667e+04
 1500583200, 1.5500000000e+02, 1.1000000000e+02, 2.6000000000e+01, 7.6585666667e+00, 4.2117176667e+04
 1500583500, 1.5500000000e+02, 1.1000000000e+02, 2.6000000000e+01, 7.7598666667e+00, 4.2117046667e+04
 1500583800, 1.5500000000e+02, 1.1000000000e+02, 2.6000000000e+01, 7.8222333333e+00, 4.3322823333e+04
 1500584100, 1.2695000000e+02, 8.0080000000e+01, 2.7246666667e+01, 7.6996000000e+00, 5.2261516667e+04
 1500584400, 1.3328333333e+02, 8.4860000000e+01, 2.8000000000e+01, 7.3538333333e+00, 5.2262400000e+04
 1500584700, 1.6388333333e+02, 1.1600000000e+02, 2.8000000000e+01, 7.0412000000e+00, 5.2262176667e+04
 1500585000, 1.6011666667e+02, 1.1600000000e+02, 2.8000000000e+01, 6.9526000000e+00, 5.2262646667e+04
 1500585300, 1.6500000000e+02, 1.1600000000e+02, 2.8000000000e+01, 6.6985333333e+00, 5.2263400000e+04
 1500585600, 1.6088333333e+02, 1.1600000000e+02, 2.8000000000e+01, 6.5722666667e+00, 5.2264116667e+04
 1500585900, 1.6311666667e+02, 1.1600000000e+02, 2.8000000000e+01, 6.4107333333e+00, 5.2217176667e+04
 1500586200, 1.6500000000e+02, 1.1600000000e+02, 2.8000000000e+01, 6.2838000000e+00, 5.2264023333e+04
 1500586500, 1.6500000000e+02, 1.1600000000e+02, 2.8000000000e+01, 6.2508666667e+00, 4.2593210000e+04
 1500586800, 1.6465000000e+02, 1.1581333333e+02, 2.7953333333e+01, 6.6835666667e+00, 7.3927633333e+03
 1500587100, 1.5000000000e+02, 1.0800000000e+02, 2.6000000000e+01, 7.0450000000e+00, 3.5950896667e+04
 1500587400, 1.5411666667e+02, 1.1129333333e+02, 2.6000000000e+01, 7.3151333333e+00, 4.2128460000e+04
 1500587700, 1.5500000000e+02, 1.1075333333e+02, 2.6000000000e+01, 7.5077333333e+00, 4.2127400000e+04
 1500588000, 1.5500000000e+02, 1.1000000000e+02, 2.6000000000e+01, 7.6425666667e+00, 4.2127870000e+04
 1500588300, 1.5500000000e+02, 1.1000000000e+02, 2.6000000000e+01, 7.7421000000e+00, 4.2130353333e+04
 1500588600, 1.5336666667e+02, 1.0841333333e+02, 2.6000000000e+01, 7.8113000000e+00, 4.5310766667e+04
 1500588900, 8.5000000000e+01, 4.2000000000e+01, 2.6000000000e+01, 7.5017666667e+00, 5.2262540000e+04
 1500589200, 1.5086666667e+02, 1.0292666667e+02, 2.7646666667e+01, 7.0201666667e+00, 5.2264400000e+04
 1500589500, 1.5253333333e+02, 1.0852000000e+02, 2.6753333333e+01, 6.8349666667e+00, 5.2217846667e+04
 1500589800, 1.5346666667e+02, 1.0908000000e+02, 2.6846666667e+01, 6.6638333333e+00, 5.2267386667e+04
 1500590100, 1.6388333333e+02, 1.1600000000e+02, 2.8000000000e+01, 6.5166333333e+00, 5.2262930000e+04
 1500590400, 1.6011666667e+02, 1.1600000000e+02, 2.8000000000e+01, 6.3343666667e+00, 5.2266763333e+04
 1500590700, 1.6500000000e+02, 1.1600000000e+02, 2.8000000000e+01, 6.3040000000e+00, 5.2266506667e+04
 1500591000, 1.6500000000e+02, 1.1600000000e+02, 2.8000000000e+01, 6.2374000000e+00, 4.2594456667e+04
 1500591300, 1.5253333333e+02, 1.0602666667e+02, 2.6753333333e+01, 6.5447333333e+00, 7.6568700000e+03
 1500591600, 1.4923333333e+02, 1.0423333333e+02, 2.6000000000e+01, 6.9477000000e+00, 2.8948593333e+04
 1500591900, 1.5500000000e+02, 1.1000000000e+02, 2.6000000000e+01, 7.2438333333e+00, 4.2115000000e+04
 1500592200, 1.5500000000e+02, 1.1000000000e+02, 2.6000000000e+01, 7.4582000000e+00, 4.2115023333e+04
 1500592500, 1.5500000000e+02, 1.1000000000e+02, 2.6000000000e+01, 7.6190333333e+00, 4.2116046667e+04
 1500592800, 1.5500000000e+02, 1.1000000000e+02, 2.6000000000e+01, 7.7261000000e+00, 4.2116353333e+04
 1500593100, 1.5500000000e+02, 1.1000000000e+02, 2.6000000000e+01, 7.8029333333e+00, 4.2229050000e+04
 1500593400, 1.5500000000e+02, 1.1000000000e+02, 2.6840000000e+01, 7.7322000000e+00, 5.1229890000e+04
 1500593700, 1.5723333333e+02, 1.1134000000e+02, 2.8000000000e+01, 7.3052666667e+00, 5.2262223333e+04
 1500594000, 1.6500000000e+02, 1.1600000000e+02, 2.8000000000e+01, 6.8262666667e+00, 5.2261200000e+04
 1500594300, 1.6500000000e+02, 1.1600000000e+02, 2.8000000000e+01, 6.3873333333e+00, 5.2261223333e+04
 1500594600, 1.6500000000e+02, 1.1600000000e+02, 2.8000000000e+01, 6.1951000000e+00, 5.2261976667e+04
 1500594900, 1.6500000000e+02, 1.1600000000e+02, 2.8000000000e+01, 6.1667000000e+00, 5.2262576667e+04
 1500595200, 1.6500000000e+02, 1.1600000000e+02, 2.8000000000e+01, 6.1518666667e+00, 5.1253243333e+04
 1500595500, 1.4043333333e+02, 9.5453333333e+01, 2.4426666667e+01, 5.7128666667e+00, 7.3932933333e+03
 1500595800, 5.5000000000e+01, 2.4433333333e+01, 1.2000000000e+01, 4.2017666667e+00, 7.0432200000e+03
 1500596100, 5.4883333333e+01, 2.5953333333e+01, 1.2000000000e+01, 3.0813333333e+00, 7.0435066667e+03
 1500596400, 5.0000000000e+01, 2.4000000000e+01, 1.2000000000e+01, 2.2379000000e+00, 7.0440000000e+03
 1500596700, 5.4116666667e+01, 2.4000000000e+01, 1.2000000000e+01, 1.6341000000e+00, 7.0426000000e+03
 1500597000, 5.5000000000e+01, 2.4000000000e+01, 1.2000000000e+01, 1.1936000000e+00, 7.0436233333e+03
 1500597300, 5.5000000000e+01, 2.4000000000e+01, 1.2000000000e+01, 8.8416666667e-01, 7.0440233333e+03
 1500597600, 5.5000000000e+01, 2.4000000000e+01, 1.2000000000e+01, 6.4733333333e-01, 7.0444000000e+03
 1500597900, 5.5000000000e+01, 2.4000000000e+01, 1.2000000000e+01, 4.6856666667e-01, 7.0437800000e+03
 1500598200, 5.5000000000e+01, 2.4000000000e+01, 1.2000000000e+01, 3.4400000000e-01, 7.0438333333e+03
 1500598500, 5.5000000000e+01, 2.4000000000e+01, 1.2000000000e+01, 2.5636666667e-01, 7.0440000000e+03
 1500598800, 5.5000000000e+01, 2.4000000000e+01, 1.2000000000e+01, 2.1306666667e-01, 7.0436233333e+03
 1500599100, 5.5000000000e+01, 2.4000000000e+01, 1.2000000000e+01, 1.6130000000e-01, 7.0454000000e+03
 1500599400, 5.5000000000e+01, 2.4846666667e+01, 1.2000000000e+01, 1.3570000000e-01, 7.0454266667e+03
 1500599700, 5.5000000000e+01, 2.6000000000e+01, 1.2000000000e+01, 1.2153333333e-01, 7.0455800000e+03
 1500600000, 5.5000000000e+01, 2.6000000000e+01, 1.2000000000e+01, 1.0600000000e-01, 7.0446466667e+03
 1500600300, 5.5000000000e+01, 2.6000000000e+01, 1.2000000000e+01, 1.2046666667e-01, 7.0453766667e+03
 1500600600, 5.5000000000e+01, 2.4353333333e+01, 1.2000000000e+01, 1.3223333333e-01, 7.0445866667e+03
 1500600900, 5.5000000000e+01, 2.4000000000e+01, 1.2000000000e+01, 1.3353333333e-01, 7.0448233333e+03
 1500601200, 5.5000000000e+01, 2.4000000000e+01, 1.2000000000e+01, 1.1553333333e-01, 7.0450000000e+03
 1500601500, 5.5000000000e+01, 2.4000000000e+01, 1.2000000000e+01, 9.9766666667e-02, 7.0441766667e+03
 1500601800, 5.5000000000e+01, 2.4000000000e+01, 1.2000000000e+01, 8.7766666667e-02, 7.0436466667e+03
 1500602100, 5.5000000000e+01, 2.4000000000e+01, 1.2000000000e+01, 7.5766666667e-02, 7.0444233333e+03
 1500602400, 5.5000000000e+01, 2.7293333333e+01, 1.2000000000e+01, 6.7766666667e-02, 7.0454700000e+03
 1500602700, 5.5000000000e+01, 2.5533333333e+01, 1.2000000000e+01, 6.2000000000e-02, 7.0449900000e+03
 1500603000, 5.5000000000e+01, 2.4000000000e+01, 1.2000000000e+01, 5.3766666667e-02, 7.0437766667e+03
 1500603300, 5.5000000000e+01, 2.4000000000e+01, 1.2000000000e+01, 5.0000000000e-02, 7.0442466667e+03
 1500603600, 5.5000000000e+01, 2.4000000000e+01, 1.2000000000e+01, 5.0000000000e-02, 7.0444466667e+03
 1500603900, 5.5000000000e+01, 2.4000000000e+01, 1.2000000000e+01, 5.0000000000e-02, 7.0453533333e+03
 1500604200, 5.5000000000e+01, 2.4000000000e+01, 1.2000000000e+01, 5.0000000000e-02, 7.0450000000e+03
 1500604500, 5.5000000000e+01, 2.4000000000e+01, 1.2000000000e+01, 5.0000000000e-02, 7.0452233333e+03
 1500604800, 5.5000000000e+01, 2.4000000000e+01, 1.2000000000e+01, 5.0000000000e-02, 7.0458000000e+03
 1500605100, 5.5000000000e+01, 2.4000000000e+01, 1.2000000000e+01, 5.0000000000e-02, 7.0465766667e+03
 1500605400, 5.5000000000e+01, 2.4046666667e+01, 1.2000000000e+01, 5.0000000000e-02, 7.0464000000e+03
 1500605700, 5.5000000000e+01, 2.6000000000e+01, 1.2000000000e+01, 5.0000000000e-02, 7.0448233333e+03
 1500606000, 5.5000000000e+01, 2.4353333333e+01, 1.2000000000e+01, 5.0000000000e-02, 7.0456233333e+03
 1500606300, 5.5000000000e+01, 2.4000000000e+01, 1.2000000000e+01, 5.0466666667e-02, 7.0456000000e+03
 1500606600, 5.5000000000e+01, 2.4000000000e+01, 1.2000000000e+01, 6.6000000000e-02, 7.0460000000e+03
 1500606900, 5.5000000000e+01, 2.4000000000e+01, 1.2000000000e+01, 8.0133333333e-02, 7.0463733333e+03
 1500607200, 5.5000000000e+01, 2.4000000000e+01, 1.2000000000e+01, 6.5766666667e-02, 7.0461766667e+03
 1500607500, 5.5000000000e+01, 2.4000000000e+01, 1.2000000000e+01, 5.1766666667e-02, 7.0462233333e+03
 1500607800, 5.5000000000e+01, 2.4000000000e+01, 1.2000000000e+01, 5.0000000000e-02, 7.0470233333e+03
 1500608100, 5.5000000000e+01, 2.4000000000e+01, 1.2000000000e+01, 5.0000000000e-02, 7.0475766667e+03
 1500608400, 5.5000000000e+01, 2.4000000000e+01, 1.2000000000e+01, 5.0000000000e-02, 7.0471533333e+03
 1500608700, 5.5000000000e+01, 2.4000000000e+01, 1.2000000000e+01, 5.0000000000e-02, 7.0450466667e+03
 1500609000, 5.5000000000e+01, 2.4000000000e+01, 1.2000000000e+01, 5.0000000000e-02, 7.0447533333e+03
 1500609300, 5.5000000000e+01, 2.4000000000e+01, 1.2000000000e+01, 5.0000000000e-02, 7.0444000000e+03
 1500609600, 5.5000000000e+01, 2.4000000000e+01, 1.2000000000e+01, 8.8433333333e-02, 7.2213900000e+03
 1500609900, 7.3700000000e+01, 3.6466666667e+01, 1.8233333333e+01, 3.0326666667e-01, 8.5518500000e+03
 1500610200, 1.1463333333e+02, 7.0246666667e+01, 2.4540000000e+01, 1.1641333333e+00, 1.9236906667e+04
 1500610500, 1.5611666667e+02, 1.0823333333e+02, 2.8000000000e+01, 3.0101666667e+00, 2.6367853333e+04
 1500610800, 1.6000000000e+02, 1.1595333333e+02, 2.8000000000e+01, 4.3663666667e+00, 2.9892446667e+04
 1500611100, 1.6000000000e+02, 1.1400000000e+02, 2.8000000000e+01, 5.3531333333e+00, 3.0922390000e+04
 1500611400, 1.6000000000e+02, 1.1400000000e+02, 2.6353333333e+01, 6.0822333333e+00, 3.1565430000e+04
 1500611700, 1.5688333333e+02, 1.1150666667e+02, 2.7246666667e+01, 6.6060333333e+00, 3.3056663333e+04
 1500612000, 1.5711666667e+02, 1.1169333333e+02, 2.8000000000e+01, 6.9843000000e+00, 3.3349793333e+04
 1500612300, 1.5888333333e+02, 1.1310666667e+02, 2.8000000000e+01, 7.2191333333e+00, 3.3516813333e+04
 1500612600, 1.5500000000e+02, 1.0995333333e+02, 2.8000000000e+01, 7.4204333333e+00, 3.3756236667e+04
 1500612900, 1.5500000000e+02, 1.0800000000e+02, 2.8000000000e+01, 7.5683333333e+00, 3.4108246667e+04
 1500613200, 1.5500000000e+02, 1.0964666667e+02, 2.6353333333e+01, 7.6821000000e+00, 3.4223186667e+04
 1500613500, 1.5811666667e+02, 1.1249333333e+02, 2.6000000000e+01, 7.7716333333e+00, 3.4670916667e+04
 1500613800, 1.6000000000e+02, 1.1400000000e+02, 2.6846666667e+01, 7.8069333333e+00, 3.4997876667e+04
 1500614100, 1.6000000000e+02, 1.1400000000e+02, 2.8000000000e+01, 7.8220000000e+00, 3.5260463333e+04
 1500614400, 1.6000000000e+02, 1.1400000000e+02, 2.7953333333e+01, 7.8474000000e+00, 3.5252936667e+04
 1500614700, 1.6000000000e+02, 1.1400000000e+02, 2.6000000000e+01, 7.8947000000e+00, 3.5206916667e+04
 1500615000, 1.6000000000e+02, 1.1400000000e+02, 2.7646666667e+01, 7.9427000000e+00, 3.5431203333e+04
 1500615300, 1.6000000000e+02, 1.1400000000e+02, 2.8000000000e+01, 7.9440000000e+00, 3.5388203333e+04
 1500615600, 1.6000000000e+02, 1.1400000000e+02, 2.7153333333e+01, 7.9537666667e+00, 3.5362883333e+04
 1500615900, 1.6000000000e+02, 1.1400000000e+02, 2.6446666667e+01, 7.9335333333e+00, 3.5247923333e+04
 1500616200, 1.5848333333e+02, 1.1255333333e+02, 2.7953333333e+01, 7.3398333333e+00, 1.8823230000e+04
 1500616500, 9.5000000000e+01, 5.2000000000e+01, 2.6000000000e+01, 5.7774333333e+00, 1.0242153333e+04
 1500616800, 9.0883333333e+01, 5.0353333333e+01, 2.4353333333e+01, 4.5334000000e+00, 8.6245900000e+03
 1500617100, 8.3900000000e+01, 4.1460000000e+01, 2.2780000000e+01, 3.8538333333e+00, 9.5056600000e+03
 1500617400, 1.1598333333e+02, 6.8173333333e+01, 2.7080000000e+01, 3.6993666667e+00, 1.3518740000e+04
 1500617700, 1.6500000000e+02, 1.1200000000e+02, 3.4000000000e+01, 4.7561666667e+00, 1.6584843333e+04
 1500618000, 1.6500000000e+02, 1.1200000000e+02, 3.4000000000e+01, 5.5878666667e+00, 1.6605680000e+04
 1500618300, 1.6500000000e+02, 1.1200000000e+02, 3.4000000000e+01, 6.1903666667e+00, 1.6615903333e+04
 1500618600, 1.6500000000e+02, 1.1200000000e+02, 3.4000000000e+01, 6.6419333333e+00, 1.6960450000e+04
 1500618900, 1.6500000000e+02, 1.1200000000e+02, 3.4000000000e+01, 6.9340666667e+00, 1.6971726667e+04
 1500619200, 1.6500000000e+02, 1.1200000000e+02, 3.4000000000e+01, 7.1584333333e+00, 1.6922953333e+04
 1500619500, 1.6500000000e+02, 1.1200000000e+02, 3.4000000000e+01, 7.3459666667e+00, 1.7013330000e+04
 1500619800, 1.6500000000e+02, 1.1195333333e+02, 3.4000000000e+01, 7.4669333333e+00, 1.7092346667e+04
 1500620100, 1.6500000000e+02, 1.1000000000e+02, 3.4000000000e+01, 7.5058666667e+00, 1.7085810000e+04
 1500620400, 1.6500000000e+02, 1.1164666667e+02, 3.4000000000e+01, 7.5584666667e+00, 1.7024580000e+04
 1500620700, 1.6500000000e+02, 1.1200000000e+02, 3.4000000000e+01, 7.5862333333e+00, 1.6906713333e+04
 1500621000, 1.6288333333e+02, 1.1030666667e+02, 3.4000000000e+01, 7.4966333333e+00, 1.4197960000e+04
 1500621300, 1.4576666667e+02, 9.4986666667e+01, 3.2373333333e+01, 6.3855666667e+00, 8.8278633333e+03
 1500621600, 9.0000000000e+01, 4.4000000000e+01, 2.6000000000e+01, 6.1667000000e+00, 1.7725770000e+04
 1500621900, 1.7386666667e+02, 1.1701333333e+02, 3.3893333333e+01, 9.1930666667e+00, 2.5655300000e+04
 1500622200, 2.2028333333e+02, 1.5916666667e+02, 4.0586666667e+01, 1.2122966667e+01, 3.2441396667e+04
 1500622500, 2.4246666667e+02, 1.7672666667e+02, 4.5740000000e+01, 1.5314066667e+01, 3.4525826667e+04
 1500622800, 2.5211666667e+02, 1.8284666667e+02, 4.8000000000e+01, 1.7666666667e+01, 3.5066990000e+04
 1500623100, 2.5388333333e+02, 1.8355333333e+02, 4.8000000000e+01, 1.9424533333e+01, 3.5535746667e+04
 1500623400, 2.5000000000e+02, 1.8200000000e+02, 4.8000000000e+01, 2.0722266667e+01, 3.5710710000e+04
 1500623700, 2.5000000000e+02, 1.8200000000e+02, 4.8000000000e+01, 2.1642200000e+01, 3.5855553333e+04
 1500624000, 2.5411666667e+02, 1.8364666667e+02, 4.8000000000e+01, 2.2302533333e+01, 3.5892436667e+04
 1500624300, 2.5188333333e+02, 1.8400000000e+02, 4.8000000000e+01, 2.2789566667e+01, 3.5890556667e+04
 1500624600, 2.5000000000e+02, 1.8400000000e+02, 4.8000000000e+01, 2.3225566667e+01, 3.6092500000e+04
 1500624900, 2.5000000000e+02, 1.8355333333e+02, 4.8000000000e+01, 2.3560966667e+01, 3.6177926667e+04
 1500625200, 2.4953333333e+02, 1.8162666667e+02, 4.7906666667e+01, 2.3755700000e+01, 3.2402686667e+04
 1500625500, 2.3000000000e+02, 1.6600000000e+02, 4.4000000000e+01, 2.2406700000e+01, 2.6870246667e+04
 1500625800, 2.0941666667e+02, 1.4624000000e+02, 4.0706666667e+01, 2.1602233333e+01, 3.1697920000e+04
 1500626100, 2.3616666667e+02, 1.6942666667e+02, 4.2493333333e+01, 2.2756466667e+01, 4.5150700000e+04
 1500626400, 2.5288333333e+02, 1.8684666667e+02, 4.3153333333e+01, 2.4929066667e+01, 4.3689020000e+04
 1500626700, 2.5000000000e+02, 1.8800000000e+02, 4.1553333333e+01, 2.4963766667e+01, 4.2035793333e+04
 1500627000, 2.5000000000e+02, 1.8800000000e+02, 4.0046666667e+01, 2.4876633333e+01, 4.2083823333e+04
 1500627300, 2.5000000000e+02, 1.8800000000e+02, 4.2000000000e+01, 2.4345333333e+01, 3.7346513333e+04
 1500627600, 1.8825000000e+02, 1.3530666667e+02, 3.3766666667e+01, 2.1186766667e+01, 2.1111793333e+04
 1500627900, 1.8435000000e+02, 1.2400000000e+02, 3.9480000000e+01, 1.8419466667e+01, 2.6383393333e+04
 1500628200, 2.0693333333e+02, 1.4432000000e+02, 4.1460000000e+01, 1.7213333333e+01, 4.0374223333e+04
 1500628500, 2.1883333333e+02, 1.6262000000e+02, 3.6660000000e+01, 1.6923400000e+01, 3.7921096667e+04
 1500628800, 1.8011666667e+02, 1.3014000000e+02, 3.2000000000e+01, 1.5292366667e+01, 2.5265793333e+04
 1500629100, 1.8500000000e+02, 1.3600000000e+02, 3.2000000000e+01, 1.3822933333e+01, 2.3162740000e+04
 1500629400, 1.8088333333e+02, 1.3106000000e+02, 3.2000000000e+01, 1.2572833333e+01, 1.9238960000e+04
 1500629700, 1.2490000000e+02, 7.8960000000e+01, 2.6200000000e+01, 1.0998000000e+01, 1.0974483333e+04
 1500630000, 9.7700000000e+01, 5.4700000000e+01, 2.2846666667e+01, 1.0195833333e+01, 1.3109763333e+04
 1500630300, 1.4291666667e+02, 9.7906666667e+01, -nan, 1.2515100000e+01, 3.3551676667e+04
 1500630600, 2.3965000000e+02, 1.8772000000e+02, -nan, 1.5268600000e+01, 3.2074286667e+04
 1500630900, 2.2500000000e+02, 1.7600000000e+02, -nan, 1.5870033333e+01, 2.2721256667e+04
 1500631200, -nan, -nan, -nan, 1.6569100000e+01, 2.3382110000e+04
 1500631500, -nan, -nan, -nan, 1.8642800000e+01, 2.5483373333e+04
 1500631800, -nan, -nan, -nan, 2.0412666667e+01, 2.4655320000e+04
 1500632100, -nan, -nan, -nan, 2.1576533333e+01, 2.4094320000e+04
 1500632400, -nan, -nan, -nan, 2.2322000000e+01, 2.4441286667e+04
 1500632700, -nan, -nan, -nan, 2.2839566667e+01, 2.4818050000e+04
 1500633000, -nan, -nan, -nan, 2.3207000000e+01, 2.5323146667e+04
 1500633300, -nan, -nan, -nan, 2.3473833333e+01, 2.6199680000e+04
 1500633600, -nan, -nan, -nan, 2.3691966667e+01, 2.6533646667e+04
 1500633900, -nan, -nan, -nan, 2.3834566667e+01, 2.7029093333e+04
 1500634200, -nan, -nan, -nan, 2.3939866667e+01, 2.7336780000e+04
 1500634500, -nan, -nan, -nan, 2.4005166667e+01, 2.7442680000e+04
 1500634800, -nan, -nan, -nan, -nan, -nan
