 Time, ttl_pwr, cpu_pwr, mem_pwr, cpu_load, mem_load
 1500448500, 2.4000000000e+02, 1.7600000000e+02, 4.6000000000e+01, 2.0948933333e+01, 3.9709493333e+04
 1500448800, 2.4000000000e+02, 1.7600000000e+02, 4.6000000000e+01, 2.2238266667e+01, 3.8755173333e+04
 1500449100, 2.4000000000e+02, 1.7600000000e+02, 4.6000000000e+01, 2.3028666667e+01, 3.8657920000e+04
 1500449400, 2.4000000000e+02, 1.7437333333e+02, 4.4373333333e+01, 2.3575600000e+01, 3.8784386667e+04
 1500449700, 2.4000000000e+02, 1.7277333333e+02, 4.5226666667e+01, 2.3974666667e+01, 3.8713333333e+04
 1500450000, 2.4206666667e+02, 1.7282666667e+02, 4.7653333333e+01, 2.4285333333e+01, 3.9401866667e+04
 1500450300, 2.4393333333e+02, 1.7400000000e+02, 4.9146666667e+01, 2.4538666667e+01, 3.8463986667e+04
 1500450600, 2.4000000000e+02, 1.7400000000e+02, 4.6000000000e+01, 2.4660533333e+01, 3.8841293333e+04
 1500450900, 2.4000000000e+02, 1.7400000000e+02, 4.6000000000e+01, 2.4696933333e+01, 3.8823946667e+04
 1500451200, 2.4000000000e+02, 1.7400000000e+02, 4.6000000000e+01, 2.4915000000e+01, 4.1503960000e+04
 1500451500, 2.4000000000e+02, 1.7522666667e+02, 4.6000000000e+01, 2.5253066667e+01, 4.2078853333e+04
 1500451800, 2.4000000000e+02, 1.7600000000e+02, 4.5173333333e+01, 2.5462400000e+01, 4.2067386667e+04
 1500452100, 2.4000000000e+02, 1.7600000000e+02, 4.4426666667e+01, 2.5628933333e+01, 4.2076586667e+04
 1500452400, 2.3933333333e+02, 1.7544000000e+02, 4.5866666667e+01, 2.5608733333e+01, 3.6216160000e+04
 1500452700, 1.9000000000e+02, 1.3400000000e+02, 3.6000000000e+01, 2.2523200000e+01, 2.2739600000e+04
 1500453000, 1.6966666667e+02, 1.1773333333e+02, 3.2746666667e+01, 1.9476533333e+01, 2.2572293333e+04
 1500453300, 1.6806666667e+02, 1.1645333333e+02, 3.2000000000e+01, 1.7404800000e+01, 2.2542760000e+04
 1500453600, 1.4726666667e+02, 9.8160000000e+01, 2.8693333333e+01, 1.5185066667e+01, 1.7251080000e+04
 1500453900, 1.1398333333e+02, 6.9186666667e+01, 2.4000000000e+01, 1.2065166667e+01, 1.4617710000e+04
 1500454200, 1.0993333333e+02, 6.5920000000e+01, 2.4000000000e+01, 9.8966666667e+00, 1.2341453333e+04
 1500454500, 1.0500000000e+02, 6.0000000000e+01, 2.4000000000e+01, 8.8760000000e+00, 1.7917373333e+04
 1500454800, 1.4566666667e+02, 9.7413333333e+01, 3.0506666667e+01, 8.5585333333e+00, 1.6710960000e+04
 1500455100, 1.5500000000e+02, 1.0600000000e+02, 3.2000000000e+01, 8.3582666667e+00, 1.6840586667e+04
 1500455400, 1.5500000000e+02, 1.0600000000e+02, 3.2000000000e+01, 8.2136000000e+00, 1.6907080000e+04
 1500455700, 1.5500000000e+02, 1.0557333333e+02, 3.2000000000e+01, 8.0706666667e+00, 1.6954440000e+04
 1500456000, 1.5500000000e+02, 1.0400000000e+02, 3.2000000000e+01, 8.3286000000e+00, 1.7783456667e+04
 1500456300, 9.0000000000e+01, 4.2000000000e+01, 2.8000000000e+01, 9.7608000000e+00, 1.8339240000e+04
 1500456600, 9.7966666667e+01, 5.3153333333e+01, 2.4813333333e+01, 1.0782766667e+01, 2.0082686667e+04
 1500456900, 1.8845000000e+02, 1.3042000000e+02, 3.9860000000e+01, 1.4491800000e+01, 4.0785890000e+04
 1500457200, 2.4706666667e+02, 1.7882666667e+02, 5.0000000000e+01, 1.9561133333e+01, 4.1313663333e+04
 1500457500, 2.5000000000e+02, 1.8041333333e+02, 5.0000000000e+01, 2.3229500000e+01, 4.1412613333e+04
 1500457800, 2.5000000000e+02, 1.8200000000e+02, 4.9980000000e+01, 2.5817600000e+01, 4.1572420000e+04
 1500458100, 2.5000000000e+02, 1.8200000000e+02, 4.8000000000e+01, 2.7723600000e+01, 4.1833480000e+04
 1500458400, 2.5405000000e+02, 1.8686000000e+02, 4.6380000000e+01, 2.9098166667e+01, 4.2016553333e+04
 1500458700, 2.5195000000e+02, 1.8434000000e+02, 4.8440000000e+01, 3.0067400000e+01, 4.1989070000e+04
 1500459000, 2.5000000000e+02, 1.8200000000e+02, 5.0000000000e+01, 3.0811466667e+01, 4.2261676667e+04
 1500459300, 2.5000000000e+02, 1.8200000000e+02, 5.0000000000e+01, 3.1374066667e+01, 4.2323610000e+04
 1500459600, 2.5000000000e+02, 1.8200000000e+02, 5.0000000000e+01, 3.1763100000e+01, 4.2297730000e+04
 1500459900, 2.5000000000e+02, 1.8200000000e+02, 5.0000000000e+01, 3.2031633333e+01, 4.2303800000e+04
 1500460200, 2.5000000000e+02, 1.8038000000e+02, 5.0000000000e+01, 3.2167033333e+01, 4.2613820000e+04
 1500460500, 2.5000000000e+02, 1.8000000000e+02, 5.0000000000e+01, 3.2317166667e+01, 4.2772146667e+04
 1500460800, 2.5000000000e+02, 1.8082000000e+02, 5.0000000000e+01, 3.2414333333e+01, 4.2795410000e+04
 1500461100, 2.5000000000e+02, 1.8157333333e+02, 5.0000000000e+01, 3.2458566667e+01, 4.3194020000e+04
 1500461400, 2.4986666667e+02, 1.7992000000e+02, 4.9946666667e+01, 3.1689866667e+01, 3.7933110000e+04
 1500461700, 2.4000000000e+02, 1.7400000000e+02, 4.6000000000e+01, 2.9812133333e+01, 3.3833746667e+04
 1500462000, 2.3593333333e+02, 1.7074666667e+02, 4.6000000000e+01, 2.8429333333e+01, 3.3933573333e+04
 1500462300, 2.2273333333e+02, 1.6386666667e+02, 3.8640000000e+01, 2.7417033333e+01, 2.4125693333e+04
 1500462600, 2.0475000000e+02, 1.5016000000e+02, 3.4000000000e+01, 2.4988166667e+01, 1.7367293333e+04
 1500462900, 1.9610000000e+02, 1.4088000000e+02, 3.5220000000e+01, 2.3105366667e+01, 1.8529213333e+04
 1500463200, 2.2006666667e+02, 1.6018666667e+02, 3.9893333333e+01, 2.3887933333e+01, 1.9164720000e+04
 1500463500, 2.2500000000e+02, 1.7400000000e+02, 3.2000000000e+01, 2.4464366667e+01, 2.2698840000e+04
 1500463800, 2.3715000000e+02, 1.8210000000e+02, 3.6860000000e+01, 2.6353533333e+01, 2.7123493333e+04
 1500464100, 2.4305000000e+02, 1.8522000000e+02, 3.8000000000e+01, 2.8057366667e+01, 2.7290746667e+04
 1500464400, 2.4500000000e+02, 1.8518666667e+02, 3.8813333333e+01, 2.9262666667e+01, 2.7282646667e+04
 1500464700, 2.4073333333e+02, 1.8186666667e+02, 3.8293333333e+01, 2.9375333333e+01, 2.0969753333e+04
 1500465000, 2.2500000000e+02, 1.7400000000e+02, 3.2000000000e+01, 2.8213133333e+01, 1.9124950000e+04
 1500465300, 2.2500000000e+02, 1.7001333333e+02, 3.3993333333e+01, 2.7637133333e+01, 1.8995333333e+04
 1500465600, 1.8900000000e+02, 1.3640000000e+02, 3.0800000000e+01, 2.7483000000e+01, 1.9837183333e+04
 1500465900, 1.6793333333e+02, 1.1955333333e+02, 2.7586666667e+01, 2.7668700000e+01, 1.9647590000e+04
 1500466200, 1.6196666667e+02, 1.1557333333e+02, 2.6000000000e+01, 2.7921400000e+01, 2.0277513333e+04
 1500466500, 1.5910000000e+02, 1.1210000000e+02, 2.5606666667e+01, 2.7894666667e+01, 2.0219423333e+04
 1500466800, 1.3550000000e+02, 8.8480000000e+01, 2.4060000000e+01, 2.7863833333e+01, 2.0045123333e+04
 1500467100, 1.8500000000e+02, 1.3600000000e+02, 3.0000000000e+01, 2.8095633333e+01, 2.5155506667e+04
 1500467400, 2.3360000000e+02, 1.7488000000e+02, 3.8100000000e+01, 2.9228600000e+01, 2.7718190000e+04
 1500467700, 2.4500000000e+02, 1.8400000000e+02, 4.0000000000e+01, 3.0129033333e+01, 2.7729613333e+04
 1500468000, 2.3890000000e+02, 1.8074666667e+02, 3.6746666667e+01, 3.0816533333e+01, 2.7781996667e+04
 1500468300, 2.3320000000e+02, 1.7770666667e+02, 3.3280000000e+01, 3.1089366667e+01, 2.7700796667e+04
 1500468600, 2.4493333333e+02, 1.8394666667e+02, 3.8000000000e+01, 3.0788933333e+01, 2.7495613333e+04
 1500468900, 2.4000000000e+02, 1.8000000000e+02, 3.8000000000e+01, 3.0308800000e+01, 2.7500226667e+04
 1500469200, 2.3593333333e+02, 1.7837333333e+02, 3.9626666667e+01, 2.9996800000e+01, 2.7609706667e+04
 1500469500, 2.3806666667e+02, 1.7922666667e+02, 4.0000000000e+01, 2.9807866667e+01, 2.7687386667e+04
 1500469800, 2.4000000000e+02, 1.7917333333e+02, 4.0000000000e+01, 2.9587550000e+01, 2.7542350000e+04
 1500470100, 2.1795000000e+02, 1.5826000000e+02, 3.8320000000e+01, 2.9505783333e+01, 2.7566133333e+04
 1500470400, 1.3500000000e+02, 8.4000000000e+01, 3.2000000000e+01, 2.9465533333e+01, 2.7622900000e+04
 1500470700, 2.1500000000e+02, 1.5600000000e+02, 3.6000000000e+01, 2.9378866667e+01, 2.7522363333e+04
 1500471000, 2.2720000000e+02, 1.6738666667e+02, 3.9253333333e+01, 2.8114400000e+01, 2.2235920000e+04
 1500471300, 1.6866666667e+02, 1.1725333333e+02, 3.3866666667e+01, 2.3208533333e+01, 1.6874413333e+04
 1500471600, 1.4033333333e+02, 9.2266666667e+01, 3.0826666667e+01, 1.9055466667e+01, 1.6865106667e+04
 1500471900, 1.5500000000e+02, 1.0442666667e+02, 3.2000000000e+01, 1.5990666667e+01, 1.7004066667e+04
 1500472200, 1.5493333333e+02, 1.0592000000e+02, 3.2000000000e+01, 1.3783333333e+01, 1.7118733333e+04
 1500472500, 1.5000000000e+02, 1.0000000000e+02, 3.2000000000e+01, 1.1433600000e+01, 9.2331333333e+03
 1500472800, 7.2733333333e+01, 4.1440000000e+01, 1.5733333333e+01, 8.4189333333e+00, 7.3023733333e+03
 1500473100, 5.1933333333e+01, 2.5546666667e+01, 1.0773333333e+01, 6.1128000000e+00, 7.3024000000e+03
 1500473400, 5.0000000000e+01, 2.4000000000e+01, 1.0826666667e+01, 4.4476000000e+00, 7.3029866667e+03
 1500473700, 5.0000000000e+01, 2.4000000000e+01, 1.1573333333e+01, 3.2293666667e+00, 7.3034133333e+03
 1500474000, 5.0000000000e+01, 2.4000000000e+01, 1.0000000000e+01, 2.3544000000e+00, 7.3042666667e+03
 1500474300, 5.0000000000e+01, 2.4000000000e+01, 1.0000000000e+01, 1.7190666667e+00, 7.3061866667e+03
 1500474600, 5.0000000000e+01, 2.4000000000e+01, 1.0000000000e+01, 1.2630666667e+00, 7.3060000000e+03
 1500474900, 5.0000000000e+01, 2.4000000000e+01, 1.0000000000e+01, 9.3826666667e-01, 7.3068266667e+03
 1500475200, 5.0000000000e+01, 2.3173333333e+01, 1.0000000000e+01, 6.8933333333e-01, 7.3072133333e+03
 1500475500, 5.0000000000e+01, 2.2426666667e+01, 1.0000000000e+01, 5.2613333333e-01, 7.3086000000e+03
 1500475800, 5.0000000000e+01, 2.4000000000e+01, 1.0000000000e+01, 3.9040000000e-01, 7.3084133333e+03
 1500476100, 5.0000000000e+01, 2.4000000000e+01, 1.0000000000e+01, 2.9106666667e-01, 7.3086133333e+03
 1500476400, 5.0000000000e+01, 2.4000000000e+01, 1.0000000000e+01, 2.2520000000e-01, 7.3085866667e+03
 1500476700, 5.0000000000e+01, 2.4000000000e+01, 1.0000000000e+01, 1.7546666667e-01, 7.3082266667e+03
 1500477000, 5.0000000000e+01, 2.4000000000e+01, 1.0000000000e+01, 1.3560000000e-01, 7.3085200000e+03
 1500477300, 5.0000000000e+01, 2.4000000000e+01, 1.0000000000e+01, 1.0973333333e-01, 7.3074000000e+03
 1500477600, 5.0000000000e+01, 2.4000000000e+01, 1.0000000000e+01, 1.1000000000e-01, 7.3073866667e+03
 1500477900, 5.0000000000e+01, 2.4000000000e+01, 1.0000000000e+01, 9.3866666667e-02, 7.3076000000e+03
 1500478200, 5.0000000000e+01, 2.2373333333e+01, 1.0000000000e+01, 8.0533333333e-02, 7.3081333333e+03
 1500478500, 5.3066666667e+01, 2.4453333333e+01, 1.2453333333e+01, 2.4360000000e-01, 7.3533200000e+03
 1500478800, 6.1200000000e+01, 2.9306666667e+01, 1.6480000000e+01, 4.8040000000e-01, 7.3556000000e+03
 1500479100, 6.8933333333e+01, 3.3146666667e+01, 1.9573333333e+01, 6.4186666667e-01, 7.3572400000e+03
 1500479400, 6.5000000000e+01, 3.0000000000e+01, 1.8000000000e+01, 7.6946666667e-01, 7.3586000000e+03
 1500479700, 6.5000000000e+01, 3.0000000000e+01, 1.8000000000e+01, 8.7573333333e-01, 7.4236666667e+03
 1500480000, 1.0466666667e+02, 6.1733333333e+01, 2.5933333333e+01, 3.0203000000e+00, 1.0124620000e+04
 1500480300, 1.7835000000e+02, 1.3274666667e+02, 2.8000000000e+01, 1.0790100000e+01, 1.0516603333e+04
 1500480600, 2.2203333333e+02, 1.7725333333e+02, 2.7186666667e+01, 1.7109433333e+01, 1.2504016667e+04
 1500480900, 2.2603333333e+02, 1.8241333333e+02, 2.6000000000e+01, 2.1572866667e+01, 1.3225373333e+04
 1500481200, 2.2996666667e+02, 1.8398666667e+02, 2.6000000000e+01, 2.4847733333e+01, 1.4119773333e+04
 1500481500, 2.2500000000e+02, 1.8200000000e+02, 2.6000000000e+01, 2.7184733333e+01, 1.4526426667e+04
 1500481800, 2.2500000000e+02, 1.8200000000e+02, 2.6000000000e+01, 2.8857066667e+01, 1.4541413333e+04
 1500482100, 2.2500000000e+02, 1.8200000000e+02, 2.6000000000e+01, 3.0054600000e+01, 1.4541820000e+04
 1500482400, 2.2703333333e+02, 1.8200000000e+02, 2.6000000000e+01, 3.0934133333e+01, 1.4548476667e+04
 1500482700, 2.3103333333e+02, 1.8241333333e+02, 2.6826666667e+01, 3.1633016667e+01, 1.4542485000e+04
 1500483000, 2.2646666667e+02, 1.7589333333e+02, 2.9786666667e+01, 3.2440716667e+01, 1.4696008333e+04
 1500483300, 1.6246666667e+02, 1.1509333333e+02, 2.8186666667e+01, 3.3275366667e+01, 1.4806796667e+04
 1500483600, 1.0680000000e+02, 6.3013333333e+01, 2.4786666667e+01, 3.3902733333e+01, 1.4856916667e+04
 1500483900, 1.8151666667e+02, 1.1644000000e+02, 4.3093333333e+01, 3.4393700000e+01, 1.4767723333e+04
 1500484200, 1.8800000000e+02, 1.2240000000e+02, 4.3200000000e+01, 3.4672566667e+01, 1.4683080000e+04
 1500484500, 1.3065000000e+02, 8.5273333333e+01, 2.5180000000e+01, 3.4877533333e+01, 1.4364290000e+04
 1500484800, 2.1510000000e+02, 1.6410666667e+02, 3.0000000000e+01, 3.5007100000e+01, 1.3716053333e+04
 1500485100, 2.3000000000e+02, 1.8000000000e+02, 3.0000000000e+01, 3.4678866667e+01, 1.3170993333e+04
 1500485400, 2.2593333333e+02, 1.8000000000e+02, 2.6746666667e+01, 3.4143733333e+01, 1.3528586667e+04
 1500485700, 2.2500000000e+02, 1.8000000000e+02, 2.7226666667e+01, 3.3575733333e+01, 1.4058880000e+04
 1500486000, 2.2500000000e+02, 1.8082666667e+02, 2.7173333333e+01, 3.3102533333e+01, 1.4217480000e+04
 1500486300, 2.2393333333e+02, 1.8114666667e+02, 2.6000000000e+01, 3.2551733333e+01, 1.4249706667e+04
 1500486600, 2.2006666667e+02, 1.7802666667e+02, 2.6026666667e+01, 3.2146200000e+01, 1.4259313333e+04
 1500486900, 2.2500000000e+02, 1.8000000000e+02, 2.8000000000e+01, 3.1946666667e+01, 1.4210213333e+04
 1500487200, 2.2906666667e+02, 1.7837333333e+02, 2.8000000000e+01, 3.1722666667e+01, 1.3744333333e+04
 1500487500, 2.2095000000e+02, 1.7196666667e+02, 2.8000000000e+01, 3.1089266667e+01, 1.3279760000e+04
 1500487800, 1.7731666667e+02, 1.3150666667e+02, 2.6413333333e+01, 3.0294700000e+01, 1.3081023333e+04
 1500488100, 1.3756666667e+02, 8.8813333333e+01, 2.8133333333e+01, 2.9516100000e+01, 1.3052076667e+04
 1500488400, 1.9187500000e+02, 1.2729000000e+02, 4.1690000000e+01, 2.8871583333e+01, 1.2513155000e+04
 1500488700, 9.1875000000e+01, 4.5690000000e+01, 2.4090000000e+01, 2.7737316667e+01, 1.2134351667e+04
 1500489000, 8.0000000000e+01, 3.6000000000e+01, 2.3593333333e+01, 2.6665666667e+01, 1.2038076667e+04
 1500489300, 1.0100000000e+02, 5.5200000000e+01, 2.4000000000e+01, 2.5289066667e+01, 1.0819936667e+04
 1500489600, 9.0200000000e+01, 5.0640000000e+01, 1.9040000000e+01, 2.0985600000e+01, 7.8016266667e+03
 1500489900, 5.3933333333e+01, 2.5573333333e+01, 1.1573333333e+01, 1.5292400000e+01, 7.4829066667e+03
 1500490200, 5.0000000000e+01, 2.4000000000e+01, 1.0000000000e+01, 1.1089600000e+01, 7.4807866667e+03
 1500490500, 5.0000000000e+01, 2.4000000000e+01, 1.0000000000e+01, 8.0344000000e+00, 7.4808133333e+03
 1500490800, 5.0000000000e+01, 2.4000000000e+01, 1.0000000000e+01, 5.8258666667e+00, 7.4808133333e+03
 1500491100, 5.0000000000e+01, 2.4000000000e+01, 1.0000000000e+01, 4.2345333333e+00, 7.4814133333e+03
 1500491400, 5.0000000000e+01, 2.4000000000e+01, 1.0000000000e+01, 3.0772000000e+00, 7.4823733333e+03
 1500491700, 5.0000000000e+01, 2.4000000000e+01, 1.0000000000e+01, 2.2308000000e+00, 7.4816000000e+03
 1500492000, 5.0000000000e+01, 2.4000000000e+01, 1.0000000000e+01, 1.6253333333e+00, 7.4814000000e+03
 1500492300, 5.0000000000e+01, 2.4000000000e+01, 1.0000000000e+01, 1.1832000000e+00, 7.4816000000e+03
 1500492600, 5.0000000000e+01, 2.4000000000e+01, 1.0000000000e+01, 8.6853333333e-01, 7.4826266667e+03
 1500492900, 5.0000000000e+01, 2.4000000000e+01, 1.0000000000e+01, 6.4133333333e-01, 7.4825866667e+03
 1500493200, 5.0000000000e+01, 2.4000000000e+01, 1.0000000000e+01, 4.7413333333e-01, 7.4814133333e+03
 1500493500, 5.0000000000e+01, 2.4000000000e+01, 1.0000000000e+01, 3.4466666667e-01, 7.4811866667e+03
 1500493800, 5.0000000000e+01, 2.4000000000e+01, 1.0000000000e+01, 2.5706666667e-01, 7.4816133333e+03
 1500494100, 5.0000000000e+01, 2.4000000000e+01, 1.0000000000e+01, 1.9533333333e-01, 7.4815733333e+03
 1500494400, 5.0000000000e+01, 2.4000000000e+01, 1.0000000000e+01, 1.5760000000e-01, 7.4814133333e+03
 1500494700, 5.0000000000e+01, 2.4000000000e+01, 1.0000000000e+01, 1.3600000000e-01, 7.4822000000e+03
 1500495000, 5.0000000000e+01, 2.4000000000e+01, 1.0000000000e+01, 1.2560000000e-01, 7.4821866667e+03
 1500495300, 5.0000000000e+01, 2.4000000000e+01, 1.0000000000e+01, 1.0586666667e-01, 7.4822133333e+03
 1500495600, 5.0000000000e+01, 2.4000000000e+01, 1.0026666667e+01, 8.9600000000e-02, 7.4830000000e+03
 1500495900, 5.0000000000e+01, 2.4000000000e+01, 1.2000000000e+01, 6.8000000000e-02, 7.4822133333e+03
 1500496200, 5.0000000000e+01, 2.4000000000e+01, 1.0373333333e+01, 5.9866666667e-02, 7.4824000000e+03
 1500496500, 5.0000000000e+01, 2.4000000000e+01, 1.0000000000e+01, 5.5866666667e-02, 7.4822000000e+03
 1500496800, 5.0000000000e+01, 2.4000000000e+01, 1.0000000000e+01, 5.0000000000e-02, 7.4822000000e+03
 1500497100, 5.0000000000e+01, 2.4000000000e+01, 1.0000000000e+01, 5.4000000000e-02, 7.4822000000e+03
 1500497400, 5.0000000000e+01, 2.4000000000e+01, 1.0000000000e+01, 5.0000000000e-02, 7.4830000000e+03
 1500497700, 5.0000000000e+01, 2.4000000000e+01, 1.0000000000e+01, 5.0000000000e-02, 7.4817733333e+03
 1500498000, 5.0000000000e+01, 2.4000000000e+01, 1.1626666667e+01, 5.0000000000e-02, 7.4824266667e+03
 1500498300, 5.0000000000e+01, 2.4000000000e+01, 1.0773333333e+01, 5.0000000000e-02, 7.4826000000e+03
 1500498600, 5.0000000000e+01, 2.4000000000e+01, 1.0000000000e+01, 5.0000000000e-02, 7.4824000000e+03
 1500498900, 5.0000000000e+01, 2.4000000000e+01, 1.0000000000e+01, 5.0000000000e-02, 7.4820000000e+03
 1500499200, 5.0000000000e+01, 2.4000000000e+01, 1.0000000000e+01, 5.0000000000e-02, 7.4824133333e+03
 1500499500, 5.0000000000e+01, 2.4000000000e+01, 1.0000000000e+01, 5.0000000000e-02, 7.4819866667e+03
 1500499800, 5.0000000000e+01, 2.4000000000e+01, 1.0000000000e+01, 5.0000000000e-02, 7.4824133333e+03
 1500500100, 5.0000000000e+01, 2.4000000000e+01, 1.0000000000e+01, 5.0000000000e-02, 7.4826000000e+03
 1500500400, 5.0000000000e+01, 2.4000000000e+01, 1.0826666667e+01, 5.0000000000e-02, 7.4834000000e+03
 1500500700, 5.0000000000e+01, 2.4000000000e+01, 1.1573333333e+01, 5.0000000000e-02, 7.4826133333e+03
 1500501000, 5.0000000000e+01, 2.4000000000e+01, 1.0000000000e+01, 5.0000000000e-02, 7.4830000000e+03
 1500501300, 5.0000000000e+01, 2.4000000000e+01, 1.0000000000e+01, 5.0000000000e-02, 7.4833733333e+03
 1500501600, 5.0000000000e+01, 2.4000000000e+01, 1.0000000000e+01, 5.0000000000e-02, 7.4818133333e+03
 1500501900, 5.0000000000e+01, 2.2773333333e+01, 1.0000000000e+01, 5.0000000000e-02, 7.4822000000e+03
 1500502200, 5.0000000000e+01, 2.2826666667e+01, 1.0000000000e+01, 5.0000000000e-02, 7.4822000000e+03
 1500502500, 5.0000000000e+01, 2.4000000000e+01, 1.0000000000e+01, 6.0133333333e-02, 7.4824000000e+03
 1500502800, 5.0000000000e+01, 2.4000000000e+01, 1.0000000000e+01, 5.7866666667e-02, 7.4822000000e+03
 1500503100, 5.0000000000e+01, 2.4000000000e+01, 1.0000000000e+01, 5.2000000000e-02, 7.4822000000e+03
 1500503400, 5.0000000000e+01, 2.4000000000e+01, 1.0000000000e+01, 5.0000000000e-02, 7.4834266667e+03
 1500503700, 5.0000000000e+01, 2.4000000000e+01, 1.0000000000e+01, 5.0000000000e-02, 7.4836000000e+03
 1500504000, 5.0000000000e+01, 2.4000000000e+01, 1.0000000000e+01, 5.0000000000e-02, 7.4832000000e+03
 1500504300, 5.0000000000e+01, 2.3573333333e+01, 1.0000000000e+01, 5.0000000000e-02, 7.4832266667e+03
 1500504600, 5.0000000000e+01, 2.2026666667e+01, 1.0000000000e+01, 5.0000000000e-02, 7.4841333333e+03
 1500504900, 5.0000000000e+01, 2.4000000000e+01, 1.0000000000e+01, 5.0000000000e-02, 7.4827733333e+03
 1500505200, 5.0000000000e+01, 2.4000000000e+01, 1.0000000000e+01, 5.0000000000e-02, 7.4822133333e+03
 1500505500, 5.0000000000e+01, 2.4000000000e+01, 1.0000000000e+01, 5.0000000000e-02, 7.4830133333e+03
 1500505800, 5.0000000000e+01, 2.4000000000e+01, 1.0000000000e+01, 5.0000000000e-02, 7.4839866667e+03
 1500506100, 5.0000000000e+01, 2.4000000000e+01, 1.0000000000e+01, 5.0000000000e-02, 7.4836000000e+03
 1500506400, 5.0000000000e+01, 2.4000000000e+01, 1.0000000000e+01, 5.0000000000e-02, 7.4833866667e+03
 1500506700, 5.0000000000e+01, 2.4000000000e+01, 1.0000000000e+01, 5.4000000000e-02, 7.4830133333e+03
 1500507000, 5.0000000000e+01, 2.4000000000e+01, 1.0000000000e+01, 6.4266666667e-02, 7.4848133333e+03
 1500507300, 5.3066666667e+01, 2.5226666667e+01, 1.2453333333e+01, 6.3866666667e-02, 7.4842000000e+03
 1500507600, 5.2933333333e+01, 2.5173333333e+01, 1.2346666667e+01, 5.1866666667e-02, 7.4858000000e+03
 1500507900, 5.0000000000e+01, 2.4000000000e+01, 1.0426666667e+01, 5.0000000000e-02, 7.4840000000e+03
 1500508200, 5.0000000000e+01, 2.4000000000e+01, 1.1973333333e+01, 5.0000000000e-02, 7.4838000000e+03
 1500508500, 5.0000000000e+01, 2.4000000000e+01, 1.0000000000e+01, 5.0133333333e-02, 7.4838000000e+03
 1500508800, 5.0000000000e+01, 2.4000000000e+01, 1.0000000000e+01, 5.3866666667e-02, 7.4838266667e+03
 1500509100, 5.0000000000e+01, 2.4000000000e+01, 1.0000000000e+01, 5.0000000000e-02, 7.4849733333e+03
 1500509400, 5.0000000000e+01, 2.4000000000e+01, 1.0000000000e+01, 5.8266666667e-02, 7.4846266667e+03
 1500509700, 5.0000000000e+01, 2.4000000000e+01, 1.0000000000e+01, 5.9733333333e-02, 7.4844000000e+03
 1500510000, 5.0000000000e+01, 2.4000000000e+01, 1.0000000000e+01, 5.0000000000e-02, 7.4856133333e+03
 1500510300, 5.0000000000e+01, 2.4000000000e+01, 1.0000000000e+01, 5.0000000000e-02, 7.4855866667e+03
 1500510600, 5.0000000000e+01, 2.4000000000e+01, 1.0000000000e+01, 5.0000000000e-02, 7.4840266667e+03
 1500510900, 5.0000000000e+01, 2.4000000000e+01, 1.0000000000e+01, 5.0000000000e-02, 7.4847733333e+03
 1500511200, 5.0000000000e+01, 2.4000000000e+01, 1.0000000000e+01, 5.0000000000e-02, 7.4846000000e+03
 1500511500, 5.0000000000e+01, 2.4000000000e+01, 1.0000000000e+01, 5.0000000000e-02, 7.4846000000e+03
 1500511800, 5.0000000000e+01, 2.4000000000e+01, 1.0000000000e+01, 5.0000000000e-02, 7.4850133333e+03
 1500512100, 5.0000000000e+01, 2.4000000000e+01, 1.0000000000e+01, 5.0000000000e-02, 7.4854000000e+03
 1500512400, 5.0000000000e+01, 2.4000000000e+01, 1.0000000000e+01, 5.2000000000e-02, 7.4860000000e+03
 1500512700, 5.0000000000e+01, 2.4000000000e+01, 1.0000000000e+01, 5.0000000000e-02, 7.4864266667e+03
 1500513000, 5.0000000000e+01, 2.3173333333e+01, 1.0000000000e+01, 5.0000000000e-02, 7.4867733333e+03
 1500513300, 5.1066666667e+01, 2.2853333333e+01, 1.0000000000e+01, 5.0000000000e-02, 7.4868133333e+03
 1500513600, 5.4933333333e+01, 2.5973333333e+01, 1.0000000000e+01, 5.0000000000e-02, 7.4856000000e+03
 1500513900, 5.0000000000e+01, 2.4000000000e+01, 1.0000000000e+01, 5.0000000000e-02, 7.4854000000e+03
 1500514200, 5.0000000000e+01, 2.4000000000e+01, 1.0000000000e+01, 5.0000000000e-02, 7.4864133333e+03
 1500514500, 5.0000000000e+01, 2.4000000000e+01, 1.0000000000e+01, 5.0000000000e-02, 7.4865866667e+03
 1500514800, 5.0000000000e+01, 2.4000000000e+01, 1.0000000000e+01, 5.0000000000e-02, 7.4868266667e+03
 1500515100, 5.0000000000e+01, 2.4000000000e+01, 1.0000000000e+01, 6.0000000000e-02, 7.4873866667e+03
 1500515400, 5.0000000000e+01, 2.4000000000e+01, 1.0000000000e+01, 5.0133333333e-02, 7.4872000000e+03
 1500515700, 5.0000000000e+01, 2.4000000000e+01, 1.0000000000e+01, 5.1866666667e-02, 7.4871866667e+03
 1500516000, 5.0000000000e+01, 2.4000000000e+01, 1.0000000000e+01, 5.0000000000e-02, 7.4878266667e+03
 1500516300, 5.0000000000e+01, 2.4000000000e+01, 1.0000000000e+01, 5.0000000000e-02, 7.4871733333e+03
 1500516600, 5.0000000000e+01, 2.4000000000e+01, 1.0000000000e+01, 5.0000000000e-02, 7.4870400000e+03
 1500516900, 5.0000000000e+01, 2.4000000000e+01, 1.0000000000e+01, 5.0000000000e-02, 7.4879866667e+03
 1500517200, 5.0000000000e+01, 2.4000000000e+01, 1.0000000000e+01, 5.0000000000e-02, 7.4870266667e+03
 1500517500, 5.0000000000e+01, 2.4000000000e+01, 1.0000000000e+01, 5.0000000000e-02, 7.4878000000e+03
 1500517800, 5.0000000000e+01, 2.4000000000e+01, 1.0000000000e+01, 5.0000000000e-02, 7.4880000000e+03
 1500518100, 5.0000000000e+01, 2.4000000000e+01, 1.0000000000e+01, 5.0000000000e-02, 7.4884000000e+03
 1500518400, 5.0000000000e+01, 2.4000000000e+01, 1.0000000000e+01, 5.0000000000e-02, 7.4878133333e+03
 1500518700, 5.0000000000e+01, 2.4000000000e+01, 1.0000000000e+01, 5.0000000000e-02, 7.4890266667e+03
 1500519000, 5.0000000000e+01, 2.4000000000e+01, 1.0000000000e+01, 5.0000000000e-02, 7.4892133333e+03
 1500519300, 5.0000000000e+01, 2.4000000000e+01, 1.0000000000e+01, 5.4000000000e-02, 7.4895333333e+03
 1500519600, 5.0000000000e+01, 2.4000000000e+01, 1.0000000000e+01, 5.0000000000e-02, 7.4891866667e+03
 1500519900, 5.0000000000e+01, 2.4000000000e+01, 1.0000000000e+01, 5.0000000000e-02, 7.4888133333e+03
 1500520200, 5.0000000000e+01, 2.4000000000e+01, 1.0000000000e+01, 5.0000000000e-02, 7.4887866667e+03
 1500520500, 5.0000000000e+01, 2.4000000000e+01, 1.0000000000e+01, 5.0000000000e-02, 7.4894000000e+03
 1500520800, 5.0000000000e+01, 2.4000000000e+01, 1.0000000000e+01, 5.0000000000e-02, 7.4894133333e+03
 1500521100, 5.0000000000e+01, 2.4000000000e+01, 1.0000000000e+01, 5.0000000000e-02, 7.4894000000e+03
 1500521400, 5.0000000000e+01, 2.4000000000e+01, 1.0000000000e+01, 6.2133333333e-02, 7.4897866667e+03
 1500521700, 5.0000000000e+01, 2.4000000000e+01, 1.0000000000e+01, 5.7866666667e-02, 7.4898000000e+03
 1500522000, 5.0000000000e+01, 2.4000000000e+01, 1.0000000000e+01, 5.0000000000e-02, 7.4894133333e+03
 1500522300, 5.0000000000e+01, 2.4000000000e+01, 1.0000000000e+01, 5.0000000000e-02, 7.4909866667e+03
 1500522600, 5.0000000000e+01, 2.4000000000e+01, 1.0000000000e+01, 5.0000000000e-02, 7.4888133333e+03
 1500522900, 5.0000000000e+01, 2.4000000000e+01, 1.0000000000e+01, 5.0000000000e-02, 7.4885866667e+03
 1500523200, 5.0000000000e+01, 2.4000000000e+01, 1.0000000000e+01, 5.0000000000e-02, 7.4892133333e+03
 1500523500, 5.0000000000e+01, 2.4000000000e+01, 1.0000000000e+01, 5.0000000000e-02, 7.4888000000e+03
 1500523800, 5.0000000000e+01, 2.4000000000e+01, 1.0000000000e+01, 5.0000000000e-02, 7.4891866667e+03
 1500524100, 5.0000000000e+01, 2.4000000000e+01, 1.0000000000e+01, 5.0000000000e-02, 7.4890000000e+03
 1500524400, 5.0000000000e+01, 2.4000000000e+01, 1.0000000000e+01, 5.0000000000e-02, 7.4888000000e+03
 1500524700, 5.0000000000e+01, 2.4000000000e+01, 1.0000000000e+01, 5.0000000000e-02, 7.4896133333e+03
 1500525000, 5.0000000000e+01, 2.4000000000e+01, 1.0000000000e+01, 5.0000000000e-02, 7.4902000000e+03
 1500525300, 5.0000000000e+01, 2.4000000000e+01, 1.0000000000e+01, 5.0000000000e-02, 7.4894133333e+03
 1500525600, 5.0000000000e+01, 2.4000000000e+01, 1.0000000000e+01, 5.0000000000e-02, 7.4896133333e+03
 1500525900, 5.0000000000e+01, 2.4000000000e+01, 1.0000000000e+01, 5.0000000000e-02, 7.4905866667e+03
 1500526200, 5.0000000000e+01, 2.4000000000e+01, 1.0000000000e+01, 5.2000000000e-02, 7.4902000000e+03
 1500526500, 5.0000000000e+01, 2.4000000000e+01, 1.0000000000e+01, 5.0000000000e-02, 7.4902000000e+03
 1500526800, 5.0000000000e+01, 2.4000000000e+01, 1.0000000000e+01, 6.0133333333e-02, 7.4904000000e+03
 1500527100, 5.0000000000e+01, 2.4000000000e+01, 1.0000000000e+01, 5.5866666667e-02, 7.4906000000e+03
 1500527400, 5.0000000000e+01, 2.4000000000e+01, 1.0000000000e+01, 5.0000000000e-02, 7.4906000000e+03
 1500527700, 5.0000000000e+01, 2.4000000000e+01, 1.0000000000e+01, 5.0000000000e-02, 7.4910133333e+03
 1500528000, 5.0000000000e+01, 2.4000000000e+01, 1.0000000000e+01, 5.2000000000e-02, 7.4909866667e+03
 1500528300, 5.0000000000e+01, 2.4000000000e+01, 1.0000000000e+01, 5.0000000000e-02, 7.4900000000e+03
 1500528600, 5.0000000000e+01, 2.4000000000e+01, 1.0000000000e+01, 5.0000000000e-02, 7.4902000000e+03
 1500528900, 5.0000000000e+01, 2.2773333333e+01, 1.0000000000e+01, 5.0000000000e-02, 7.4898266667e+03
 1500529200, 5.0000000000e+01, 2.2000000000e+01, 1.0000000000e+01, 5.0000000000e-02, 7.4907733333e+03
 1500529500, 5.0000000000e+01, 2.2426666667e+01, 1.0000000000e+01, 5.0000000000e-02, 7.4898000000e+03
 1500529800, 5.2100000000e+01, 2.5600000000e+01, 1.0440000000e+01, 3.9550000000e-01, 1.0991803333e+04
 1500530100, 2.6000000000e+02, 1.8400000000e+02, 5.4000000000e+01, 6.9033333333e+00, 2.3899203333e+04
 1500530400, 2.6806666667e+02, 1.8884000000e+02, 6.0453333333e+01, 1.3797333333e+01, 2.3900013333e+04
 1500530700, 2.6085000000e+02, 1.9244000000e+02, 4.9800000000e+01, 1.8772966667e+01, 2.3899410000e+04
 1500531000, 2.6115000000e+02, 1.9564000000e+02, 4.7740000000e+01, 2.2448333333e+01, 2.3899586667e+04
 1500531300, 2.7000000000e+02, 1.9676000000e+02, 5.6413333333e+01, 2.5062966667e+01, 2.3900600000e+04
 1500531600, 2.6985000000e+02, 1.9194000000e+02, 5.7920000000e+01, 2.6933200000e+01, 2.3900410000e+04
 1500531900, 2.5500000000e+02, 1.8600000000e+02, 5.0000000000e+01, 2.8319300000e+01, 2.3900603333e+04
 1500532200, 2.5905000000e+02, 1.9410000000e+02, 4.5140000000e+01, 2.9333766667e+01, 2.3901223333e+04
 1500532500, 2.7220000000e+02, 1.9600000000e+02, 5.6200000000e+01, 3.0097666667e+01, 2.3900656667e+04
 1500532800, 2.7186666667e+02, 1.9274666667e+02, 5.9933333333e+01, 3.0663033333e+01, 2.3902353333e+04
 1500533100, 2.6206666667e+02, 1.8924000000e+02, 5.4413333333e+01, 3.0992700000e+01, 2.3901796667e+04
 1500533400, 2.6996666667e+02, 1.9397333333e+02, 5.6000000000e+01, 3.1316100000e+01, 2.3901593333e+04
 1500533700, 2.6500000000e+02, 1.9000000000e+02, 5.6000000000e+01, 3.1504800000e+01, 2.3901203333e+04
 1500534000, 2.6096666667e+02, 1.9161333333e+02, 4.9546666667e+01, 3.1620900000e+01, 2.3908746667e+04
 1500534300, 2.6000000000e+02, 1.9442666667e+02, 4.8000000000e+01, 3.0722000000e+01, 2.4094100000e+04
 1500534600, 2.6413333333e+02, 1.9600000000e+02, 5.0480000000e+01, 3.0891833333e+01, 2.3899426667e+04
 1500534900, 2.7105000000e+02, 1.9642000000e+02, 5.4840000000e+01, 3.1138133333e+01, 2.3900543333e+04
 1500535200, 2.7480000000e+02, 1.9794666667e+02, 5.7866666667e+01, 3.1333366667e+01, 2.3898606667e+04
 1500535500, 2.6000000000e+02, 1.9400000000e+02, 4.8000000000e+01, 3.1479233333e+01, 2.3900023333e+04
 1500535800, 2.6810000000e+02, 1.9400000000e+02, 5.6100000000e+01, 3.1634633333e+01, 2.3899183333e+04
 1500536100, 2.6696666667e+02, 1.9036000000e+02, 5.8000000000e+01, 3.1695266667e+01, 2.3898596667e+04
 1500536400, 2.6906666667e+02, 1.8962666667e+02, 5.8813333333e+01, 3.1790533333e+01, 2.3899806667e+04
 1500536700, 2.7500000000e+02, 1.9324000000e+02, 5.9173333333e+01, 3.1858233333e+01, 2.3900583333e+04
 1500537000, 2.7500000000e+02, 1.9797333333e+02, 5.6013333333e+01, 3.1834000000e+01, 2.3901420000e+04
 1500537300, 2.7500000000e+02, 1.9400000000e+02, 5.8000000000e+01, 3.1827733333e+01, 2.3900806667e+04
 1500537600, 2.7500000000e+02, 1.9724000000e+02, 5.8000000000e+01, 3.1849766667e+01, 2.3900390000e+04
 1500537900, 2.7500000000e+02, 1.9678000000e+02, 5.8000000000e+01, 3.1828566667e+01, 2.3899990000e+04
 1500538200, 2.7293333333e+02, 1.9600000000e+02, 5.7173333333e+01, 3.1904733333e+01, 2.3900006667e+04
 1500538500, 2.7105000000e+02, 1.9642000000e+02, 5.6000000000e+01, 3.1887566667e+01, 2.3900200000e+04
 1500538800, 2.7496666667e+02, 1.9797333333e+02, 5.6000000000e+01, 3.1936400000e+01, 2.3902000000e+04
 1500539100, 2.7000000000e+02, 1.9400000000e+02, 5.6000000000e+01, 3.1956100000e+01, 2.3900810000e+04
 1500539400, 2.7403333333e+02, 1.9722666667e+02, 5.6000000000e+01, 3.1992366667e+01, 2.3902186667e+04
 1500539700, 2.6890000000e+02, 1.9434000000e+02, 5.4780000000e+01, 3.2014166667e+01, 2.3901586667e+04
 1500540000, 2.6706666667e+02, 1.9282666667e+02, 5.6480000000e+01, 3.2030166667e+01, 2.3901020000e+04
 1500540300, 2.6685000000e+02, 1.9358000000e+02, 5.7060000000e+01, 3.2036033333e+01, 2.3901816667e+04
 1500540600, 2.5493333333e+02, 1.9198666667e+02, 4.5933333333e+01, 3.2021600000e+01, 2.3902986667e+04
 1500540900, 2.4500000000e+02, 1.9000000000e+02, 3.6000000000e+01, 3.1980133333e+01, 2.3902606667e+04
 1500541200, 2.5306666667e+02, 1.8838666667e+02, 4.7293333333e+01, 3.1981866667e+01, 2.3901386667e+04
 1500541500, 2.5500000000e+02, 1.8921333333e+02, 4.8786666667e+01, 3.1996333333e+01, 2.3901600000e+04
 1500541800, 2.6110000000e+02, 1.9244000000e+02, 5.0440000000e+01, 3.1997633333e+01, 2.3901816667e+04
 1500542100, 2.7000000000e+02, 1.9600000000e+02, 5.4420000000e+01, 3.1172566667e+01, 2.3900796667e+04
 1500542400, 2.6996666667e+02, 1.9597333333e+02, 5.5973333333e+01, 3.0942900000e+01, 2.3900816667e+04
 1500542700, 2.6500000000e+02, 1.9200000000e+02, 5.2000000000e+01, 3.1205533333e+01, 2.3902000000e+04
 1500543000, 2.6096666667e+02, 1.8716000000e+02, 5.5226666667e+01, 3.1336466667e+01, 2.3901173333e+04
 1500543300, 2.5696666667e+02, 1.8964000000e+02, 4.8720000000e+01, 3.1487400000e+01, 2.3900416667e+04
 1500543600, 2.5500000000e+02, 1.9446000000e+02, 4.1540000000e+01, 3.1520133333e+01, 2.3899986667e+04
 1500543900, 2.5920000000e+02, 1.9716000000e+02, 4.2200000000e+01, 3.1598600000e+01, 2.3899996667e+04
 1500544200, 2.7485000000e+02, 1.9394000000e+02, 5.7960000000e+01, 3.1713033333e+01, 2.3900793333e+04
 1500544500, 2.6000000000e+02, 1.8800000000e+02, 5.4000000000e+01, 3.1824866667e+01, 2.3900810000e+04
 1500544800, 2.6000000000e+02, 1.8638666667e+02, 5.4000000000e+01, 3.1924966667e+01, 2.3901413333e+04
 1500545100, 2.6606666667e+02, 1.8964000000e+02, 5.5213333333e+01, 3.2017900000e+01, 2.3902596667e+04
 1500545400, 2.6390000000e+02, 1.9118666667e+02, 5.2746666667e+01, 3.1974233333e+01, 2.3901793333e+04
 1500545700, 2.5500000000e+02, 1.9042000000e+02, 4.7160000000e+01, 3.1989033333e+01, 2.3902013333e+04
 1500546000, 2.5513333333e+02, 1.9200000000e+02, 4.4146666667e+01, 3.1904066667e+01, 2.3902600000e+04
 1500546300, 2.7500000000e+02, 1.9200000000e+02, 6.6000000000e+01, 3.1946166667e+01, 2.3902813333e+04
 1500546600, 2.7096666667e+02, 1.9361333333e+02, 5.7933333333e+01, 3.1942133333e+01, 2.3903196667e+04
 1500546900, 2.7000000000e+02, 1.8914666667e+02, 6.0853333333e+01, 3.1970200000e+01, 2.3904206667e+04
 1500547200, 2.7205000000e+02, 1.9092000000e+02, 6.1540000000e+01, 3.1949833333e+01, 2.3903946667e+04
 1500547500, 2.7190000000e+02, 1.9841333333e+02, 5.4280000000e+01, 3.1963833333e+01, 2.3902000000e+04
 1500547800, 2.6010000000e+02, 1.9993333333e+02, 4.0160000000e+01, 3.1960233333e+01, 2.3902413333e+04
 1500548100, 2.7500000000e+02, 1.9000000000e+02, 6.4000000000e+01, 3.1986033333e+01, 2.3905020000e+04
 1500548400, 2.7500000000e+02, 1.9486000000e+02, 5.9140000000e+01, 3.1998300000e+01, 2.3904370000e+04
 1500548700, 2.6893333333e+02, 1.9114666667e+02, 5.6786666667e+01, 3.2017266667e+01, 2.3903836667e+04
 1500549000, 2.6296666667e+02, 1.9125333333e+02, 5.0306666667e+01, 3.1952133333e+01, 2.3905770000e+04
 1500549300, 2.6206666667e+02, 1.9641333333e+02, 4.4480000000e+01, 3.1953933333e+01, 2.3904410000e+04
 1500549600, 2.7000000000e+02, 1.9796000000e+02, 5.4026666667e+01, 3.1958266667e+01, 2.3904203333e+04
 1500549900, 2.7000000000e+02, 1.9200000000e+02, 5.8000000000e+01, 3.1365433333e+01, 2.4144943333e+04
 1500550200, 2.6595000000e+02, 1.9038000000e+02, 5.6380000000e+01, 3.1042733333e+01, 2.3906420000e+04
 1500550500, 2.6803333333e+02, 1.9121333333e+02, 5.6000000000e+01, 3.1313900000e+01, 2.3906193333e+04
 1500550800, 2.6593333333e+02, 1.9362666667e+02, 5.2746666667e+01, 3.1432900000e+01, 2.3908576667e+04
 1500551100, 2.6320000000e+02, 1.9728000000e+02, 4.9280000000e+01, 3.1582466667e+01, 2.3906193333e+04
 1500551400, 2.7500000000e+02, 2.0196000000e+02, 5.4020000000e+01, 3.1671100000e+01, 2.3906406667e+04
 1500551700, 2.7500000000e+02, 1.9800000000e+02, 5.6000000000e+01, 3.1790800000e+01, 2.3906193333e+04
 1500552000, 2.6693333333e+02, 1.9316000000e+02, 5.6000000000e+01, 3.1884700000e+01, 2.3906600000e+04
 1500552300, 2.7106666667e+02, 1.9078666667e+02, 5.9640000000e+01, 3.1960033333e+01, 2.3906810000e+04
 1500552600, 2.7090000000e+02, 1.9000000000e+02, 5.9540000000e+01, 3.1970366667e+01, 2.3906006667e+04
 1500552900, 2.6603333333e+02, 1.9165333333e+02, 5.5586666667e+01, 3.1982000000e+01, 2.3906546667e+04
 1500553200, 2.7003333333e+02, 1.9800000000e+02, 5.4013333333e+01, 3.1992033333e+01, 2.3906590000e+04
 1500553500, 2.7500000000e+02, 1.9800000000e+02, 5.6000000000e+01, 3.1949433333e+01, 2.3905996667e+04
 1500553800, 2.7500000000e+02, 1.9800000000e+02, 5.6000000000e+01, 3.1940233333e+01, 2.3906223333e+04
 1500554100, 2.6580000000e+02, 1.9064000000e+02, 5.4773333333e+01, 3.1963533333e+01, 2.3906566667e+04
 1500554400, 2.6615000000e+02, 1.9256000000e+02, 5.4820000000e+01, 3.1884433333e+01, 2.3906403333e+04
 1500554700, 2.7395000000e+02, 2.0116000000e+02, 5.6000000000e+01, 3.1902066667e+01, 2.3907033333e+04
 1500555000, 2.6995000000e+02, 1.9797333333e+02, 5.5960000000e+01, 3.1928066667e+01, 2.3906803333e+04
 1500555300, 2.5500000000e+02, 1.9000000000e+02, 4.4000000000e+01, 3.1968200000e+01, 2.3906780000e+04
 1500555600, 2.6720000000e+02, 1.9325333333e+02, 5.3760000000e+01, 3.1988066667e+01, 2.3906433333e+04
 1500555900, 2.7305000000e+02, 1.9400000000e+02, 5.8440000000e+01, 3.2002300000e+01, 2.3906766667e+04
 1500556200, 2.7500000000e+02, 1.9562666667e+02, 5.8373333333e+01, 3.2023966667e+01, 2.3905423333e+04
 1500556500, 2.7293333333e+02, 1.9717333333e+02, 5.5586666667e+01, 3.2022133333e+01, 2.3907213333e+04
 1500556800, 2.6503333333e+02, 1.9401333333e+02, 5.4000000000e+01, 3.2011566667e+01, 2.3907600000e+04
 1500557100, 2.7000000000e+02, 1.9600000000e+02, 5.4000000000e+01, 3.2013966667e+01, 2.3906986667e+04
 1500557400, 2.5790000000e+02, 1.9277333333e+02, 4.5933333333e+01, 3.1998066667e+01, 2.3905420000e+04
 1500557700, 2.6720000000e+02, 1.9688000000e+02, 5.2540000000e+01, 3.1609566667e+01, 2.3953590000e+04
 1500558000, 2.7295000000e+02, 1.9918000000e+02, 5.7180000000e+01, 3.1033333333e+01, 2.3907620000e+04
 1500558300, 2.7103333333e+02, 1.9800000000e+02, 5.6413333333e+01, 3.1265933333e+01, 2.3909193333e+04
 1500558600, 2.7493333333e+02, 1.9794666667e+02, 5.8013333333e+01, 3.1453566667e+01, 2.3908830000e+04
 1500558900, 2.6500000000e+02, 1.9000000000e+02, 6.0000000000e+01, 3.1622500000e+01, 2.3907630000e+04
 1500559200, 2.4483333333e+02, 1.8677333333e+02, 4.0640000000e+01, 3.1695433333e+01, 2.3909976667e+04
 1500559500, 2.5213333333e+02, 1.8964000000e+02, 4.4493333333e+01, 3.1818733333e+01, 2.3908393333e+04
 1500559800, 2.6203333333e+02, 1.9281333333e+02, 5.1626666667e+01, 3.1886266667e+01, 2.3908583333e+04
 1500560100, 2.6293333333e+02, 1.9317333333e+02, 5.2760000000e+01, 3.1918166667e+01, 2.3908816667e+04
 1500560400, 2.5506666667e+02, 1.9005333333e+02, 4.8013333333e+01, 3.1926266667e+01, 2.3910223333e+04
 1500560700, 2.6500000000e+02, 1.9800000000e+02, 5.0000000000e+01, 3.1942066667e+01, 2.3908800000e+04
 1500561000, 2.7310000000e+02, 1.9962000000e+02, 5.4860000000e+01, 3.1966266667e+01, 2.3908383333e+04
 1500561300, 2.7500000000e+02, 1.9878666667e+02, 5.6000000000e+01, 3.1980100000e+01, 2.3908816667e+04
 1500561600, 2.7090000000e+02, 1.9390000000e+02, 5.6820000000e+01, 3.1985933333e+01, 2.3909590000e+04
 1500561900, 2.6393333333e+02, 1.8928000000e+02, 5.5866666667e+01, 3.1964733333e+01, 2.3908010000e+04
 1500562200, 2.6006666667e+02, 1.9396000000e+02, 4.8026666667e+01, 3.1867966667e+01, 2.3908626667e+04
 1500562500, 2.7000000000e+02, 1.8800000000e+02, 5.2000000000e+01, 3.1898233333e+01, 2.3909386667e+04
 1500562800, 2.6596666667e+02, 1.8638666667e+02, 5.8453333333e+01, 3.1946133333e+01, 2.3909963333e+04
 1500563100, 2.6805000000e+02, 1.9088000000e+02, 5.7560000000e+01, 3.1948366667e+01, 2.3909400000e+04
 1500563400, 2.7000000000e+02, 1.9318666667e+02, 5.6813333333e+01, 3.2006566667e+01, 2.3909380000e+04
 1500563700, 2.6380000000e+02, 1.9076000000e+02, 5.3453333333e+01, 3.2044100000e+01, 2.3908816667e+04
 1500564000, 2.4010000000e+02, 1.8601333333e+02, 3.6080000000e+01, 3.2052066667e+01, 2.3909793333e+04
 1500564300, 2.5500000000e+02, 1.8800000000e+02, 4.8000000000e+01, 3.2019333333e+01, 2.3909403333e+04
 1500564600, 2.7126666667e+02, 1.9613333333e+02, 5.6133333333e+01, 3.1987033333e+01, 2.3910676667e+04
 1500564900, 2.6286666667e+02, 1.9072000000e+02, 5.4360000000e+01, 3.2164200000e+01, 2.3917456667e+04
 1500565200, 2.6313333333e+02, 1.9169333333e+02, 5.4440000000e+01, 3.2431800000e+01, 2.3918566667e+04
 1500565500, 2.7395000000e+02, 1.9958000000e+02, 5.7580000000e+01, 3.2369366667e+01, 2.3934370000e+04
 1500565800, 2.6726666667e+02, 1.9578666667e+02, 5.5493333333e+01, 2.6374533333e+01, 2.4200106667e+04
 1500566100, 6.5000000000e+01, 3.2000000000e+01, 1.8000000000e+01, 1.9686266667e+01, 2.3922800000e+04
 1500566400, 6.9066666667e+01, 3.2000000000e+01, 1.9626666667e+01, 1.4831733333e+01, 2.3922573333e+04
 1500566700, 1.7920000000e+02, 1.2421333333e+02, 3.4560000000e+01, 1.6039033333e+01, 2.3921773333e+04
 1500567000, 2.5820000000e+02, 1.8974000000e+02, 4.8920000000e+01, 2.0755666667e+01, 2.3921410000e+04
 1500567300, 2.7103333333e+02, 1.9800000000e+02, 5.6413333333e+01, 2.4154766667e+01, 2.3921213333e+04
 1500567600, 2.7495000000e+02, 1.9796000000e+02, 5.8000000000e+01, 2.6621800000e+01, 2.3921803333e+04
 1500567900, 2.7000000000e+02, 1.9400000000e+02, 5.8000000000e+01, 2.8386966667e+01, 2.3924240000e+04
 1500568200, 2.5785000000e+02, 1.9076000000e+02, 4.9900000000e+01, 2.9579000000e+01, 2.3926606667e+04
 1500568500, 2.6420000000e+02, 1.9368000000e+02, 5.1680000000e+01, 3.0449066667e+01, 2.3926790000e+04
 1500568800, 2.6793333333e+02, 1.9269333333e+02, 5.6480000000e+01, 3.1132766667e+01, 2.3927850000e+04
 1500569100, 2.6605000000e+02, 1.8968000000e+02, 5.8740000000e+01, 3.1603666667e+01, 2.3926606667e+04
 1500569400, 2.7003333333e+02, 1.9592000000e+02, 5.4040000000e+01, 3.2018466667e+01, 2.3926796667e+04
 1500569700, 2.7500000000e+02, 1.8400000000e+02, 6.0000000000e+01, 3.2310566667e+01, 2.3926580000e+04
 1500570000, 2.6690000000e+02, 1.8886000000e+02, 5.6760000000e+01, 3.2539500000e+01, 2.3926033333e+04
 1500570300, 2.7113333333e+02, 1.9613333333e+02, 5.7226666667e+01, 3.2619966667e+01, 2.3928193333e+04
 1500570600, 2.6280000000e+02, 1.9593333333e+02, 4.9053333333e+01, 3.2698900000e+01, 2.3927406667e+04
 1500570900, 2.5025000000e+02, 1.9168000000e+02, 3.9780000000e+01, 3.2821233333e+01, 2.3928030000e+04
 1500571200, 2.6995000000e+02, 1.9790000000e+02, 5.4040000000e+01, 3.2912066667e+01, 2.3927220000e+04
 1500571500, 2.6500000000e+02, 1.8800000000e+02, 5.8000000000e+01, 3.2970200000e+01, 2.3927996667e+04
 1500571800, 2.5690000000e+02, 1.8638000000e+02, 5.1520000000e+01, 3.3008433333e+01, 2.3927396667e+04
 1500572100, 2.6410000000e+02, 1.9206666667e+02, 5.3640000000e+01, 3.3003500000e+01, 2.3927403333e+04
 1500572400, 2.7000000000e+02, 1.9436000000e+02, 5.6820000000e+01, 3.2950266667e+01, 2.3928020000e+04
 1500572700, 2.6793333333e+02, 1.9200000000e+02, 5.5933333333e+01, 3.2901033333e+01, 2.3928213333e+04
 1500573000, 2.6015000000e+02, 1.9206000000e+02, 4.8080000000e+01, 3.2906266667e+01, 2.3928356667e+04
 1500573300, 2.7500000000e+02, 1.9800000000e+02, 5.6000000000e+01, 3.2950566667e+01, 2.3927390000e+04
 1500573600, 2.6693333333e+02, 1.9316000000e+02, 5.4386666667e+01, 3.2861266667e+01, 2.3928186667e+04
 1500573900, 2.5595000000e+02, 1.9079333333e+02, 4.7966666667e+01, 3.2860233333e+01, 2.3928420000e+04
 1500574200, 2.5813333333e+02, 1.9081333333e+02, 5.0506666667e+01, 3.2889366667e+01, 2.3928010000e+04
 1500574500, 2.2413333333e+02, 1.5658666667e+02, 4.9760000000e+01, 2.8766133333e+01, 2.4425973333e+04
 1500574800, 5.7200000000e+01, 2.7720000000e+01, 1.2460000000e+01, 2.6704266667e+01, 2.3928633333e+04
 1500575100, 2.7500000000e+02, 1.9800000000e+02, 5.8000000000e+01, 2.8449366667e+01, 2.3929973333e+04
 1500575400, 2.7500000000e+02, 1.9962000000e+02, 5.6380000000e+01, 2.9720866667e+01, 2.3928200000e+04
 1500575700, 2.6890000000e+02, 1.9634000000e+02, 5.4780000000e+01, 3.0645200000e+01, 2.3929403333e+04
 1500576000, 2.6090000000e+02, 1.9072000000e+02, 5.2360000000e+01, 3.1361266667e+01, 2.3929376667e+04
 1500576300, 2.5396666667e+02, 1.8600000000e+02, 4.8760000000e+01, 3.1853166667e+01, 2.3928196667e+04
 1500576600, 2.5016666667e+02, 1.8609333333e+02, 4.4093333333e+01, 3.2196933333e+01, 2.3930166667e+04
 1500576900, 2.7500000000e+02, 2.0000000000e+02, 5.8000000000e+01, 3.2431200000e+01, 2.3930020000e+04
 1500577200, 2.7095000000e+02, 1.9676000000e+02, 5.4760000000e+01, 3.2550733333e+01, 2.3928810000e+04
 1500577500, 2.7000000000e+02, 1.8993333333e+02, 6.0066666667e+01, 3.2640966667e+01, 2.3929810000e+04
 1500577800, 2.6593333333e+02, 1.8844000000e+02, 5.7493333333e+01, 3.2785266667e+01, 2.3929400000e+04
 1500578100, 2.6210000000e+02, 1.9326000000e+02, 4.9260000000e+01, 3.2896633333e+01, 2.3928736667e+04
 1500578400, 2.7000000000e+02, 1.9796000000e+02, 5.4040000000e+01, 3.2831900000e+01, 2.3917970000e+04
 1500578700, 2.7000000000e+02, 1.9400000000e+02, 5.8000000000e+01, 3.2583800000e+01, 2.3918590000e+04
 1500579000, 2.6596666667e+02, 1.8916000000e+02, 5.9613333333e+01, 3.2412933333e+01, 2.3918190000e+04
 1500579300, 2.6803333333e+02, 1.9285333333e+02, 5.7573333333e+01, 3.2311433333e+01, 2.3917820000e+04
 1500579600, 2.7203333333e+02, 1.9681333333e+02, 5.6000000000e+01, 3.2241500000e+01, 2.3918386667e+04
 1500579900, 2.7500000000e+02, 1.9842000000e+02, 5.6000000000e+01, 3.2191633333e+01, 2.3918603333e+04
 1500580200, 2.7490000000e+02, 1.9990666667e+02, 5.5946666667e+01, 3.2133500000e+01, 2.3919210000e+04
 1500580500, 2.6000000000e+02, 1.8600000000e+02, 4.8000000000e+01, 3.2111900000e+01, 2.3918973333e+04
 1500580800, 2.5596666667e+02, 1.8922666667e+02, 4.6386666667e+01, 3.2097166667e+01, 2.3918396667e+04
 1500581100, 2.6713333333e+02, 1.9606666667e+02, 5.3280000000e+01, 3.1989666667e+01, 2.3918413333e+04
 1500581400, 2.7090000000e+02, 1.9672000000e+02, 5.7180000000e+01, 3.1953933333e+01, 2.3918400000e+04
 1500581700, 2.6605000000e+02, 1.9284000000e+02, 5.5580000000e+01, 3.1965933333e+01, 2.3917983333e+04
 1500582000, 2.6993333333e+02, 1.9597333333e+02, 5.3973333333e+01, 3.1944466667e+01, 2.3918800000e+04
 1500582300, 2.6000000000e+02, 1.9200000000e+02, 5.0000000000e+01, 3.1980800000e+01, 2.3925320000e+04
 1500582600, 1.2580000000e+02, 7.9760000000e+01, 2.8853333333e+01, 3.0992666667e+01, 2.4150840000e+04
 1500582900, 1.9870000000e+02, 1.3940000000e+02, 4.1080000000e+01, 3.1182166667e+01, 2.3920370000e+04
 1500583200, 2.6703333333e+02, 1.9481333333e+02, 5.2813333333e+01, 3.1429800000e+01, 2.3919596667e+04
 1500583500, 2.6895000000e+02, 1.9390000000e+02, 5.2740000000e+01, 3.1599566667e+01, 2.3919396667e+04
 1500583800, 2.6493333333e+02, 1.8600000000e+02, 4.7920000000e+01, 3.1746933333e+01, 2.3919020000e+04
 1500584100, 2.6000000000e+02, 1.8600000000e+02, 4.2000000000e+01, 3.1844666667e+01, 2.3919793333e+04
 1500584400, 2.7210000000e+02, 1.9729333333e+02, 5.3293333333e+01, 3.1926300000e+01, 2.3919186667e+04
 1500584700, 2.7196666667e+02, 1.9878666667e+02, 5.4786666667e+01, 3.1916133333e+01, 2.3920433333e+04
 1500585000, 2.6796666667e+02, 1.9637333333e+02, 5.4000000000e+01, 3.1888300000e+01, 2.3919600000e+04
 1500585300, 2.6603333333e+02, 1.9441333333e+02, 5.4413333333e+01, 3.1871766667e+01, 2.3920000000e+04
 1500585600, 2.6990000000e+02, 1.9596000000e+02, 5.5920000000e+01, 3.1894166667e+01, 2.3920403333e+04
 1500585900, 2.6000000000e+02, 1.9200000000e+02, 4.8000000000e+01, 3.1889100000e+01, 2.3919800000e+04
 1500586200, 2.6403333333e+02, 1.9845333333e+02, 5.4453333333e+01, 3.1832433333e+01, 2.3920210000e+04
 1500586500, 2.6196666667e+02, 1.9393333333e+02, 5.2360000000e+01, 3.1870133333e+01, 2.3920983333e+04
 1500586800, 2.6615000000e+02, 1.9328000000e+02, 5.3280000000e+01, 3.1906266667e+01, 2.3920400000e+04
 1500587100, 2.7190000000e+02, 1.9552000000e+02, 5.8000000000e+01, 3.1897666667e+01, 2.3920596667e+04
 1500587400, 2.6000000000e+02, 1.8606666667e+02, 5.7973333333e+01, 3.1880066667e+01, 2.3919793333e+04
 1500587700, 2.6000000000e+02, 1.9600000000e+02, 5.4000000000e+01, 3.1878333333e+01, 2.3920206667e+04
 1500588000, 2.6000000000e+02, 1.8954666667e+02, 5.5613333333e+01, 3.1948333333e+01, 2.3919813333e+04
 1500588300, 2.5090000000e+02, 1.8921333333e+02, 4.2653333333e+01, 3.2000600000e+01, 2.3921386667e+04
 1500588600, 2.5516666667e+02, 1.9244000000e+02, 4.2133333333e+01, 3.2052266667e+01, 2.3920803333e+04
 1500588900, 2.7000000000e+02, 1.9393333333e+02, 5.6066666667e+01, 3.2069066667e+01, 2.3919593333e+04
 1500589200, 2.6996666667e+02, 1.8604000000e+02, 6.3946666667e+01, 3.2014566667e+01, 2.3920243333e+04
 1500589500, 2.6500000000e+02, 1.9200000000e+02, 5.6000000000e+01, 3.2073966667e+01, 2.3921386667e+04
 1500589800, 2.6903333333e+02, 1.9522666667e+02, 5.6000000000e+01, 3.2055800000e+01, 2.3920380000e+04
 1500590100, 2.6085000000e+02, 1.9356000000e+02, 4.9900000000e+01, 3.2054066667e+01, 2.3921000000e+04
 1500590400, 2.5093333333e+02, 1.9037333333e+02, 4.1120000000e+01, 3.1124766667e+01, 2.4159736667e+04
 1500590700, 2.4920000000e+02, 1.8884000000e+02, 3.8200000000e+01, 3.1152600000e+01, 2.3921006667e+04
 1500591000, 2.6506666667e+02, 1.9205333333e+02, 5.4026666667e+01, 3.1415733333e+01, 2.3921613333e+04
 1500591300, 2.7500000000e+02, 2.0000000000e+02, 5.8000000000e+01, 3.1562600000e+01, 2.3921390000e+04
 1500591600, 2.7095000000e+02, 1.9676000000e+02, 5.4760000000e+01, 3.1675233333e+01, 2.3921610000e+04
 1500591900, 2.7000000000e+02, 1.8993333333e+02, 5.8853333333e+01, 3.1782666667e+01, 2.3922013333e+04
 1500592200, 2.6796666667e+02, 1.8925333333e+02, 5.7120000000e+01, 3.1854466667e+01, 2.3922200000e+04
 1500592500, 2.6603333333e+02, 1.9482666667e+02, 5.1240000000e+01, 3.1904466667e+01, 2.3922166667e+04
 1500592800, 2.6986666667e+02, 1.9792000000e+02, 5.5920000000e+01, 3.1948233333e+01, 2.3921206667e+04
 1500593100, 2.5000000000e+02, 1.8600000000e+02, 4.4000000000e+01, 3.1970000000e+01, 2.3922006667e+04
 1500593400, 2.6613333333e+02, 1.9245333333e+02, 5.2066666667e+01, 3.1976766667e+01, 2.3922203333e+04
 1500593700, 2.7000000000e+02, 1.9278666667e+02, 5.6426666667e+01, 3.1868233333e+01, 2.3921786667e+04
 1500594000, 2.6380000000e+02, 1.9034666667e+02, 5.4693333333e+01, 3.1862000000e+01, 2.3923243333e+04
 1500594300, 2.5710000000e+02, 1.8758000000e+02, 5.2100000000e+01, 3.1920800000e+01, 2.3921993333e+04
 1500594600, 2.6503333333e+02, 1.8608000000e+02, 5.9960000000e+01, 3.1986300000e+01, 2.3922003333e+04
 1500594900, 2.7000000000e+02, 1.9800000000e+02, 5.4000000000e+01, 3.2028000000e+01, 2.3921993333e+04
 1500595200, 2.7000000000e+02, 1.9152000000e+02, 5.8860000000e+01, 3.1991400000e+01, 2.3921613333e+04
 1500595500, 2.6695000000e+02, 1.9000000000e+02, 5.7560000000e+01, 3.1952233333e+01, 2.3921610000e+04
 1500595800, 2.6703333333e+02, 1.9325333333e+02, 5.6000000000e+01, 3.1970333333e+01, 2.3923190000e+04
 1500596100, 2.7105000000e+02, 1.9842000000e+02, 5.6420000000e+01, 3.1972133333e+01, 2.3923103333e+04
 1500596400, 2.7490000000e+02, 1.9996000000e+02, 5.7933333333e+01, 3.2000200000e+01, 2.3922400000e+04
 1500596700, 2.6000000000e+02, 1.9400000000e+02, 4.8000000000e+01, 3.2038033333e+01, 2.3922806667e+04
 1500597000, 2.5193333333e+02, 1.8754666667e+02, 4.8000000000e+01, 3.2037933333e+01, 2.3923196667e+04
 1500597300, 2.6220000000e+02, 1.9210000000e+02, 5.2880000000e+01, 3.2032033333e+01, 2.3923016667e+04
 1500597600, 2.7000000000e+02, 1.9682000000e+02, 5.6000000000e+01, 3.2038300000e+01, 2.3923810000e+04
 1500597900, 2.6893333333e+02, 1.9672000000e+02, 5.6000000000e+01, 3.2034066667e+01, 2.3925140000e+04
 1500598200, 2.6500000000e+02, 1.9200000000e+02, 5.6000000000e+01, 3.1420466667e+01, 2.4164123333e+04
 1500598500, 2.6996666667e+02, 1.9796000000e+02, 5.6000000000e+01, 3.0988800000e+01, 2.3924803333e+04
 1500598800, 2.7403333333e+02, 1.9316000000e+02, 6.2453333333e+01, 3.1271700000e+01, 2.3924196667e+04
 1500599100, 2.7500000000e+02, 1.9566000000e+02, 5.9120000000e+01, 3.1466500000e+01, 2.3925116667e+04
 1500599400, 2.7296666667e+02, 1.9230666667e+02, 5.7626666667e+01, 3.1581833333e+01, 2.3924903333e+04
 1500599700, 2.6586666667e+02, 1.8441333333e+02, 5.6693333333e+01, 3.1692233333e+01, 2.3925223333e+04
 1500600000, 2.4986666667e+02, 1.8600000000e+02, 4.3866666667e+01, 3.1740733333e+01, 2.3925800000e+04
 1500600300, 2.4000000000e+02, 1.8600000000e+02, 3.4000000000e+01, 3.1824600000e+01, 2.3925400000e+04
 1500600600, 2.6025000000e+02, 1.9086000000e+02, 5.0200000000e+01, 3.1912700000e+01, 2.3924790000e+04
 1500600900, 2.7110000000e+02, 1.9444000000e+02, 5.6440000000e+01, 3.1982233333e+01, 2.3924600000e+04
 1500601200, 2.7296666667e+02, 1.9437333333e+02, 5.8000000000e+01, 3.1998533333e+01, 2.3924810000e+04
 1500601500, 2.6586666667e+02, 1.9117333333e+02, 5.4693333333e+01, 3.1894466667e+01, 2.3924643333e+04
 1500601800, 2.5006666667e+02, 1.8801333333e+02, 4.2053333333e+01, 3.1954466667e+01, 2.3924766667e+04
 1500602100, 2.6000000000e+02, 1.9000000000e+02, 5.0000000000e+01, 3.2012633333e+01, 2.3925610000e+04
 1500602400, 2.6810000000e+02, 1.9000000000e+02, 5.8100000000e+01, 3.2049966667e+01, 2.3926190000e+04
 1500602700, 2.6400000000e+02, 1.9120000000e+02, 5.4000000000e+01, 3.2056033333e+01, 2.3925800000e+04
 1500603000, 2.6610000000e+02, 1.9444000000e+02, 5.2440000000e+01, 3.2068033333e+01, 2.3926783333e+04
 1500603300, 2.7190000000e+02, 1.9552000000e+02, 5.5586666667e+01, 3.2068100000e+01, 2.3926826667e+04
 1500603600, 2.6013333333e+02, 1.8613333333e+02, 5.4026666667e+01, 3.2071733333e+01, 2.3929626667e+04
 1500603900, 2.7000000000e+02, 1.9600000000e+02, 5.6000000000e+01, 3.2050000000e+01, 2.3927196667e+04
 1500604200, 2.6596666667e+02, 1.9116000000e+02, 5.6000000000e+01, 3.2050000000e+01, 2.3927010000e+04
 1500604500, 2.6500000000e+02, 1.9000000000e+02, 5.6000000000e+01, 3.2054033333e+01, 2.3927816667e+04
 1500604800, 2.6705000000e+02, 1.9164000000e+02, 5.6000000000e+01, 3.2017866667e+01, 2.3928193333e+04
 1500605100, 2.7103333333e+02, 1.9482666667e+02, 5.6413333333e+01, 3.2030233333e+01, 2.3928203333e+04
 1500605400, 2.7486666667e+02, 1.9792000000e+02, 5.7946666667e+01, 3.2050000000e+01, 2.3929216667e+04
 1500605700, 2.6500000000e+02, 1.9200000000e+02, 5.4000000000e+01, 3.2050000000e+01, 2.3926973333e+04
 1500606000, 2.7306666667e+02, 1.9684000000e+02, 5.7226666667e+01, 3.1424766667e+01, 2.3927813333e+04
 1500606300, 2.6890000000e+02, 1.9434000000e+02, 5.4340000000e+01, 3.0783333333e+01, 2.3929403333e+04
 1500606600, 2.6703333333e+02, 1.9362666667e+02, 5.3626666667e+01, 3.1114000000e+01, 2.3929206667e+04
 1500606900, 2.6790000000e+02, 1.9474000000e+02, 5.4740000000e+01, 3.1358866667e+01, 2.3930193333e+04
 1500607200, 2.6000000000e+02, 1.8996000000e+02, 5.0040000000e+01, 3.1469600000e+01, 2.3930790000e+04
 1500607500, 2.6000000000e+02, 1.8600000000e+02, 5.4000000000e+01, 3.1643100000e+01, 2.3930793333e+04
 1500607800, 2.4393333333e+02, 1.8760666667e+02, 3.9540000000e+01, 3.1768766667e+01, 2.3928800000e+04
 1500608100, 2.4303333333e+02, 1.8557333333e+02, 3.8426666667e+01, 3.1872566667e+01, 2.3929403333e+04
 1500608400, 2.5525000000e+02, 1.8892000000e+02, 4.6560000000e+01, 3.1932600000e+01, 2.3929620000e+04
 1500608700, 2.7000000000e+02, 1.9642000000e+02, 5.6000000000e+01, 3.1960100000e+01, 2.3929803333e+04
 1500609000, 2.7005000000e+02, 1.9798000000e+02, 5.6040000000e+01, 3.1917100000e+01, 2.3930003333e+04
 1500609300, 2.7500000000e+02, 1.9600000000e+02, 6.0000000000e+01, 3.1922400000e+01, 2.3931006667e+04
 1500609600, 2.6690000000e+02, 1.9438000000e+02, 5.5140000000e+01, 3.1964100000e+01, 2.3930610000e+04
 1500609900, 2.6803333333e+02, 1.9400000000e+02, 5.6426666667e+01, 3.1880866667e+01, 2.3931180000e+04
 1500610200, 2.7203333333e+02, 1.9074666667e+02, 5.3933333333e+01, 3.1874533333e+01, 2.3931003333e+04
 1500610500, 2.6880000000e+02, 1.8724000000e+02, 4.5106666667e+01, 3.1928400000e+01, 2.3931396667e+04
 1500610800, 2.4516666667e+02, 1.9197333333e+02, 3.4200000000e+01, 3.1960133333e+01, 2.3930416667e+04
 1500611100, 2.7000000000e+02, 1.8800000000e+02, 6.4000000000e+01, 3.1980100000e+01, 2.3931400000e+04
 1500611400, 2.7000000000e+02, 1.9610000000e+02, 5.5900000000e+01, 3.1990133333e+01, 2.3931956667e+04
 1500611700, 2.6693333333e+02, 1.9309333333e+02, 5.4000000000e+01, 3.1996200000e+01, 2.3930813333e+04
 1500612000, 2.6296666667e+02, 1.9081333333e+02, 5.1560000000e+01, 3.2030333333e+01, 2.3931793333e+04
 1500612300, 2.6105000000e+02, 1.9242000000e+02, 4.9260000000e+01, 3.2001400000e+01, 2.3930400000e+04
 1500612600, 2.6486666667e+02, 1.9397333333e+02, 5.3880000000e+01, 3.1887533333e+01, 2.3930806667e+04
 1500612900, 2.4500000000e+02, 1.9000000000e+02, 3.6000000000e+01, 3.1892500000e+01, 2.3930583333e+04
 1500613200, 2.6525000000e+02, 1.9648000000e+02, 5.0580000000e+01, 3.1920133333e+01, 2.3930806667e+04
 1500613500, 2.7303333333e+02, 1.9800000000e+02, 5.5213333333e+01, 3.1951800000e+01, 2.3930816667e+04
 1500613800, 2.6673333333e+02, 1.9304000000e+02, 5.3520000000e+01, 3.1915133333e+01, 2.4012026667e+04
 1500614100, 2.5820000000e+02, 1.8770666667e+02, 4.9573333333e+01, 3.0874866667e+01, 2.3930600000e+04
 1500614400, 2.6760000000e+02, 1.9208000000e+02, 4.7680000000e+01, 3.1091433333e+01, 2.3955210000e+04
 1500614700, 9.0000000000e+01, 5.0000000000e+01, 2.4000000000e+01, 2.5567333333e+01, 7.5975333333e+03
 1500615000, 9.8066666667e+01, 4.1933333333e+01, 3.6906666667e+01, 2.2397866667e+01, 2.2599946667e+04
 1500615300, 2.0313333333e+02, 1.3464000000e+02, 4.8493333333e+01, 2.5015233333e+01, 2.3926780000e+04
 1500615600, 2.7000000000e+02, 1.9682000000e+02, 5.4000000000e+01, 2.6962866667e+01, 2.3926826667e+04
 1500615900, 2.6893333333e+02, 1.9672000000e+02, 5.3573333333e+01, 2.8362700000e+01, 2.3927206667e+04
 1500616200, 2.6495000000e+02, 1.9194000000e+02, 5.2060000000e+01, 2.9387900000e+01, 2.3927190000e+04
 1500616500, 2.6000000000e+02, 1.8600000000e+02, 5.8000000000e+01, 3.0127600000e+01, 2.3927200000e+04
 1500616800, 2.6403333333e+02, 1.8438666667e+02, 5.9613333333e+01, 3.0659766667e+01, 2.3927396667e+04
 1500617100, 2.6500000000e+02, 1.9249333333e+02, 5.3933333333e+01, 3.1050133333e+01, 2.3928813333e+04
 1500617400, 2.6703333333e+02, 1.9800000000e+02, 5.1626666667e+01, 3.1322566667e+01, 2.3928390000e+04
 1500617700, 2.6895000000e+02, 1.9800000000e+02, 5.2740000000e+01, 3.1402066667e+01, 2.3928016667e+04
 1500618000, 2.6495000000e+02, 1.9794000000e+02, 4.8060000000e+01, 3.1566900000e+01, 2.3928586667e+04
 1500618300, 2.6000000000e+02, 1.9200000000e+02, 5.4000000000e+01, 3.1666800000e+01, 2.3927600000e+04
 1500618600, 2.6000000000e+02, 1.9200000000e+02, 5.0773333333e+01, 3.1772700000e+01, 2.3928000000e+04
 1500618900, 2.6000000000e+02, 1.9200000000e+02, 5.0000000000e+01, 3.1699800000e+01, 2.3928016667e+04
 1500619200, 2.6000000000e+02, 1.9446000000e+02, 5.1640000000e+01, 3.1738066667e+01, 2.3929583333e+04
 1500619500, 2.5896666667e+02, 1.9552000000e+02, 5.3173333333e+01, 3.1798633333e+01, 2.3927220000e+04
 1500619800, 2.5515000000e+02, 1.8610000000e+02, 5.0060000000e+01, 3.1870766667e+01, 2.3928383333e+04
 1500620100, 2.7000000000e+02, 1.9600000000e+02, 5.6000000000e+01, 3.1954366667e+01, 2.3927803333e+04
 1500620400, 2.5790000000e+02, 1.9277333333e+02, 4.6320000000e+01, 3.1392400000e+01, 2.4133483333e+04
 1500620700, 2.5196666667e+02, 1.8836000000e+02, 4.4000000000e+01, 3.1184433333e+01, 2.3929223333e+04
 1500621000, 2.4796666667e+02, 1.8844000000e+02, 4.0746666667e+01, 3.1421566667e+01, 2.3930236667e+04
 1500621300, 2.5016666667e+02, 1.9282666667e+02, 3.9720000000e+01, 3.1612933333e+01, 2.3929963333e+04
 1500621600, 2.6986666667e+02, 1.9592000000e+02, 5.3946666667e+01, 3.1636966667e+01, 2.3929193333e+04
 1500621900, 2.6000000000e+02, 1.9000000000e+02, 5.0000000000e+01, 3.1622766667e+01, 2.3928413333e+04
 1500622200, 2.6000000000e+02, 1.8838000000e+02, 4.5140000000e+01, 3.1680166667e+01, 2.3928586667e+04
 1500622500, 2.4786666667e+02, 1.8800000000e+02, 3.7933333333e+01, 3.1764833333e+01, 2.3928196667e+04
 1500622800, 2.5220000000e+02, 1.9206666667e+02, 4.2133333333e+01, 3.1830500000e+01, 2.3929216667e+04
 1500623100, 2.6790000000e+02, 1.9590000000e+02, 5.4000000000e+01, 3.1882466667e+01, 2.3930006667e+04
 1500623400, 2.6000000000e+02, 1.8798000000e+02, 5.4000000000e+01, 3.1930066667e+01, 2.3929776667e+04
 1500623700, 2.6000000000e+02, 1.8600000000e+02, 5.4000000000e+01, 3.1938266667e+01, 2.3929410000e+04
 1500624000, 2.6403333333e+02, 1.8761333333e+02, 5.7226666667e+01, 3.1970200000e+01, 2.3930213333e+04
 1500624300, 2.6500000000e+02, 1.8678666667e+02, 5.8000000000e+01, 3.1976066667e+01, 2.3929206667e+04
 1500624600, 2.6703333333e+02, 1.8844000000e+02, 5.8000000000e+01, 3.1913333333e+01, 2.3929606667e+04
 1500624900, 2.7000000000e+02, 1.9200000000e+02, 5.7580000000e+01, 3.1888466667e+01, 2.3928996667e+04
 1500625200, 2.6996666667e+02, 1.9197333333e+02, 5.6013333333e+01, 3.1920033333e+01, 2.3929613333e+04
 1500625500, 2.6500000000e+02, 1.8800000000e+02, 5.8000000000e+01, 3.1886033333e+01, 2.3930406667e+04
 1500625800, 2.6500000000e+02, 1.9288000000e+02, 5.4746666667e+01, 3.1808866667e+01, 2.3928823333e+04
 1500626100, 2.6805000000e+02, 1.9644000000e+02, 5.4000000000e+01, 3.1842766667e+01, 2.3929203333e+04
 1500626400, 2.6593333333e+02, 1.9556000000e+02, 5.3186666667e+01, 3.1914500000e+01, 2.3929186667e+04
 1500626700, 2.6206666667e+02, 1.9282666667e+02, 5.2413333333e+01, 3.1938066667e+01, 2.3929786667e+04
 1500627000, 2.6995000000e+02, 1.9596000000e+02, 5.4000000000e+01, 3.1978266667e+01, 2.3929000000e+04
 1500627300, 2.6500000000e+02, 1.9200000000e+02, 5.4000000000e+01, 3.2008100000e+01, 2.3929400000e+04
 1500627600, 2.6500000000e+02, 1.9362000000e+02, 5.4000000000e+01, 3.1540100000e+01, 2.4170123333e+04
 1500627900, 2.6500000000e+02, 1.9157333333e+02, 5.4000000000e+01, 3.1036733333e+01, 2.3929410000e+04
 1500628200, 2.6086666667e+02, 1.9082666667e+02, 5.3173333333e+01, 3.1348133333e+01, 2.3930420000e+04
 1500628500, 2.5603333333e+02, 1.9200000000e+02, 5.1173333333e+01, 3.1573200000e+01, 2.3930603333e+04
 1500628800, 2.6010000000e+02, 1.9204000000e+02, 4.8060000000e+01, 3.1711133333e+01, 2.3930780000e+04
 1500629100, 2.7000000000e+02, 1.9600000000e+02, 5.4000000000e+01, 3.1814600000e+01, 2.3930420000e+04
 1500629400, 2.5790000000e+02, 1.9600000000e+02, 4.5933333333e+01, 3.1878300000e+01, 2.3931620000e+04
 1500629700, 2.6410000000e+02, 1.9721333333e+02, 5.0066666667e+01, 3.1924433333e+01, 2.3931193333e+04
 1500630000, 2.7203333333e+02, 1.9556000000e+02, 5.7253333333e+01, 3.1936866667e+01, 2.3930990000e+04
 1500630300, 2.7500000000e+02, 1.9368000000e+02, 6.0320000000e+01, 3.1804566667e+01, 2.3930613333e+04
 1500630600, 2.7493333333e+02, 1.9996000000e+02, 5.3986666667e+01, 3.1864533333e+01, 2.3931590000e+04
 1500630900, 2.6500000000e+02, 1.9400000000e+02, 5.2000000000e+01, 3.1925800000e+01, 2.3931420000e+04
 1500631200, 2.6906666667e+02, 1.8912000000e+02, 5.8506666667e+01, 3.1924500000e+01, 2.3932003333e+04
 1500631500, 2.5483333333e+02, -nan, 4.6653333333e+01, 3.1962133333e+01, 2.3932956667e+04
 1500631800, 2.5720000000e+02, -nan, 4.4506666667e+01, 3.1994433333e+01, 2.3931810000e+04
 1500632100, 2.7185000000e+02, -nan, 5.4000000000e+01, 3.1993733333e+01, 2.3931006667e+04
 1500632400, 2.6010000000e+02, -nan, 5.3960000000e+01, 3.1972300000e+01, 2.3931806667e+04
 1500632700, 2.7000000000e+02, -nan, 5.0000000000e+01, 3.2004266667e+01, 2.3931796667e+04
 1500633000, 2.6595000000e+02, -nan, -nan, 3.1987800000e+01, 2.3931980000e+04
 1500633300, 2.6195000000e+02, -nan, -nan, 3.2020200000e+01, 2.3932593333e+04
 1500633600, 2.6406666667e+02, -nan, -nan, 3.2033833333e+01, 2.3932220000e+04
 1500633900, 2.7000000000e+02, -nan, -nan, 3.2034333333e+01, 2.3933586667e+04
 1500634200, 2.6993333333e+02, -nan, -nan, 3.2058166667e+01, 2.3932816667e+04
 1500634500, 2.6000000000e+02, -nan, -nan, -nan, 2.3933616667e+04
 1500634800, -nan, -nan, -nan, -nan, -nan
