 Time, ttl_pwr, cpu_pwr, mem_pwr, cpu_load, mem_load
 1500441000, 2,5436666667e+02, 1,9124000000e+02, 4,2000000000e+01, 2,6557766667e+01, 4,3677696667e+04
 1500441300, 2,5000000000e+02, 1,8600000000e+02, 4,2000000000e+01, 2,8240866667e+01, 4,4142696667e+04
 1500441600, 2,5463333333e+02, 1,9156000000e+02, 4,3853333333e+01, 2,9454466667e+01, 4,4577700000e+04
 1500441900, 2,5860000000e+02, 1,9200000000e+02, 4,4000000000e+01, 3,0321866667e+01, 4,4863043333e+04
 1500442200, 2,5736666667e+02, 1,8989333333e+02, 4,4000000000e+01, 3,0955066667e+01, 4,4970323333e+04
 1500442500, 2,5500000000e+02, 1,8928000000e+02, 4,4000000000e+01, 3,1422800000e+01, 4,5049170000e+04
 1500442800, 2,5500000000e+02, 1,9176000000e+02, 4,3760000000e+01, 3,1762100000e+01, 4,5168216667e+04
 1500443100, 2,5500000000e+02, 1,9000000000e+02, 4,2000000000e+01, 3,2021533333e+01, 4,5400026667e+04
 1500443400, 2,5500000000e+02, 1,9185333333e+02, 4,3853333333e+01, 3,2234200000e+01, 4,5508783333e+04
 1500443700, 2,5500000000e+02, 1,8912000000e+02, 4,2560000000e+01, 3,2358966667e+01, 4,5619586667e+04
 1500444000, 2,5500000000e+02, 1,9009333333e+02, 4,2000000000e+01, 3,2414000000e+01, 4,5745213333e+04
 1500444300, 2,5500000000e+02, 1,9200000000e+02, 4,2653333333e+01, 3,2523666667e+01, 4,5766206667e+04
 1500444600, 2,5500000000e+02, 1,9174666667e+02, 4,3746666667e+01, 3,2774933333e+01, 4,5417863333e+04
 1500444900, 2,5500000000e+02, 1,9000000000e+02, 4,2000000000e+01, 3,1461266667e+01, 3,4831606667e+04
 1500445200, 2,3646666667e+02, 1,7517333333e+02, 3,8293333333e+01, 2,8085200000e+01, 2,5808993333e+04
 1500445500, 1,3253333333e+02, 8,4960000000e+01, 2,6693333333e+01, 2,5526466667e+01, 2,6245790000e+04
 1500445800, 1,2950000000e+02, 8,3813333333e+01, 2,6213333333e+01, 2,2781100000e+01, 2,0166033333e+04
 1500446100, 1,8260000000e+02, 1,3136000000e+02, 3,1280000000e+01, 2,0297466667e+01, 2,3159780000e+04
 1500446400, 2,2316666667e+02, 1,6628000000e+02, 3,4760000000e+01, 2,0182000000e+01, 3,2792380000e+04
 1500446700, 2,4500000000e+02, 1,8200000000e+02, 4,0000000000e+01, 2,1220266667e+01, 3,4008213333e+04
 1500447000, 1,6580000000e+02, 1,1512000000e+02, 2,9440000000e+01, 2,1644900000e+01, 3,0799966667e+04
 1500447300, 2,0925000000e+02, 1,5518666667e+02, 3,5233333333e+01, 2,0948866667e+01, 3,0421790000e+04
 1500447600, 2,3785000000e+02, 1,7818666667e+02, 4,0093333333e+01, 2,1856233333e+01, 3,4286920000e+04
 1500447900, 2,4500000000e+02, 1,8200000000e+02, 4,1353333333e+01, 2,2563533333e+01, 3,4833433333e+04
 1500448200, 2,4500000000e+02, 1,8200000000e+02, 4,0000000000e+01, 2,3037333333e+01, 3,5154870000e+04
 1500448500, 2,4500000000e+02, 1,8200000000e+02, 4,0000000000e+01, 2,3381766667e+01, 3,5344060000e+04
 1500448800, 2,4500000000e+02, 1,8200000000e+02, 4,0000000000e+01, 2,3628366667e+01, 3,5481546667e+04
 1500449100, 2,4500000000e+02, 1,8200000000e+02, 4,1446666667e+01, 2,3858933333e+01, 3,5524593333e+04
 1500449400, 2,0526666667e+02, 1,4822666667e+02, 3,5046666667e+01, 2,4591533333e+01, 3,5931910000e+04
 1500449700, 1,8440000000e+02, 1,3016666667e+02, 3,1880000000e+01, 2,4873533333e+01, 3,7296393333e+04
 1500450000, 2,2860000000e+02, 1,6712000000e+02, 4,0480000000e+01, 2,6422266667e+01, 4,3197130000e+04
 1500450300, 2,5500000000e+02, 1,9000000000e+02, 4,4000000000e+01, 2,8117966667e+01, 4,3292266667e+04
 1500450600, 2,5500000000e+02, 1,9184000000e+02, 4,4000000000e+01, 2,9424066667e+01, 4,3394400000e+04
 1500450900, 2,5500000000e+02, 1,9056666667e+02, 4,4000000000e+01, 3,0318666667e+01, 4,3527123333e+04
 1500451200, 2,5500000000e+02, 1,9000000000e+02, 4,4000000000e+01, 3,0954866667e+01, 4,3772060000e+04
 1500451500, 2,5500000000e+02, 1,9000000000e+02, 4,4000000000e+01, 3,1467333333e+01, 4,3704266667e+04
 1500451800, 2,5440000000e+02, 1,8976000000e+02, 4,3760000000e+01, 3,1869233333e+01, 4,3632220000e+04
 1500452100, 2,5000000000e+02, 1,8800000000e+02, 4,2000000000e+01, 3,1323900000e+01, 3,4191253333e+04
 1500452400, 2,3615000000e+02, 1,7507333333e+02, 3,8306666667e+01, 2,7823733333e+01, 2,4486353333e+04
 1500452700, 2,2776666667e+02, 1,6966000000e+02, 3,6553333333e+01, 2,5031866667e+01, 2,4302920000e+04
 1500453000, 2,1976666667e+02, 1,6381333333e+02, 3,6000000000e+01, 2,2746666667e+01, 2,1291513333e+04
 1500453300, 1,9560000000e+02, 1,4318666667e+02, 3,3413333333e+01, 1,9214466667e+01, 1,4992996667e+04
 1500453600, 1,5438333333e+02, 1,0701333333e+02, 2,8000000000e+01, 1,6301233333e+01, 1,4975493333e+04
 1500453900, 1,5000000000e+02, 1,0000000000e+02, 2,8000000000e+01, 1,4130100000e+01, 1,4996310000e+04
 1500454200, 1,5923333333e+02, 1,0923333333e+02, 2,8000000000e+01, 1,2396233333e+01, 1,4952830000e+04
 1500454500, 1,6000000000e+02, 1,1000000000e+02, 2,8000000000e+01, 1,1135266667e+01, 1,4991570000e+04
 1500454800, 1,5738333333e+02, 1,0895333333e+02, 2,8000000000e+01, 1,0244266667e+01, 1,5228710000e+04
 1500455100, 1,5661666667e+02, 1,0800000000e+02, 2,8000000000e+01, 9,5909333333e+00, 1,5223410000e+04
 1500455400, 1,5136666667e+02, 1,0109333333e+02, 2,7013333333e+01, 8,9798666667e+00, 1,2532310000e+04
 1500455700, 9,0000000000e+01, 5,2000000000e+01, 2,0000000000e+01, 7,0684000000e+00, 6,9225000000e+03
 1500456000, 7,1533333333e+01, 3,3533333333e+01, 1,8153333333e+01, 5,2885000000e+00, 6,8598100000e+03
 1500456300, 5,9150000000e+01, 2,6213333333e+01, 1,3660000000e+01, 3,8398333333e+00, 6,8593233333e+03
 1500456600, 5,5000000000e+01, 2,4000000000e+01, 1,2000000000e+01, 2,7994666667e+00, 6,8595233333e+03
 1500456900, 5,5000000000e+01, 2,4000000000e+01, 1,2000000000e+01, 2,0554000000e+00, 6,9332266667e+03
 1500457200, 5,9000000000e+01, 2,7000000000e+01, 1,2800000000e+01, 2,5061333333e+00, 1,0812813333e+04
 1500457500, 9,5000000000e+01, 5,4000000000e+01, 2,0000000000e+01, 3,7576000000e+00, 1,2339483333e+04
 1500457800, 1,1313333333e+02, 7,0320000000e+01, 2,1813333333e+01, 4,6684000000e+00, 1,8985300000e+04
 1500458100, 2,0903333333e+02, 1,5156666667e+02, 3,6466666667e+01, 8,8772666667e+00, 3,6500223333e+04
 1500458400, 2,4500000000e+02, 1,8304666667e+02, 4,0953333333e+01, 1,3563333333e+01, 3,6988653333e+04
 1500458700, 2,4500000000e+02, 1,8658666667e+02, 3,8060000000e+01, 1,6941966667e+01, 3,7353716667e+04
 1500459000, 2,4500000000e+02, 1,9106666667e+02, 3,4700000000e+01, 2,0180066667e+01, 3,7846603333e+04
 1500459300, 2,4500000000e+02, 1,8400000000e+02, 4,0000000000e+01, 2,3540400000e+01, 3,8011453333e+04
 1500459600, 2,5420000000e+02, 1,9320000000e+02, 4,0000000000e+01, 2,6037166667e+01, 3,8279353333e+04
 1500459900, 2,5500000000e+02, 1,9400000000e+02, 4,0000000000e+01, 2,7847333333e+01, 3,8362920000e+04
 1500460200, 2,5500000000e+02, 1,9296000000e+02, 4,0000000000e+01, 2,9159500000e+01, 3,8355373333e+04
 1500460500, 2,5500000000e+02, 1,9200000000e+02, 4,0000000000e+01, 3,0111966667e+01, 3,8498880000e+04
 1500460800, 2,5500000000e+02, 1,9224000000e+02, 4,0000000000e+01, 3,0827300000e+01, 3,8595393333e+04
 1500461100, 2,5500000000e+02, 1,9400000000e+02, 4,0000000000e+01, 3,1338566667e+01, 3,8657016667e+04
 1500461400, 2,5040000000e+02, 1,9584000000e+02, 3,4480000000e+01, 3,1622933333e+01, 3,9217793333e+04
 1500461700, 2,5720000000e+02, 1,9456000000e+02, 3,9760000000e+01, 3,1830866667e+01, 3,9341563333e+04
 1500462000, 2,5480000000e+02, 1,9296000000e+02, 4,0960000000e+01, 3,1871033333e+01, 3,5850313333e+04
 1500462300, 2,5310000000e+02, 1,9262000000e+02, 4,1860000000e+01, 3,1811300000e+01, 3,5668356667e+04
 1500462600, 2,5876666667e+02, 1,9276666667e+02, 4,5753333333e+01, 3,1689733333e+01, 3,2195530000e+04
 1500462900, 2,5000000000e+02, 1,8400000000e+02, 4,4000000000e+01, 3,1367300000e+01, 3,2079330000e+04
 1500463200, 2,5000000000e+02, 1,8954000000e+02, 4,0306666667e+01, 3,1072900000e+01, 3,2269890000e+04
 1500463500, 2,5000000000e+02, 1,9000000000e+02, 3,8553333333e+01, 3,0860966667e+01, 3,2358650000e+04
 1500463800, 2,5000000000e+02, 1,9104000000e+02, 3,8000000000e+01, 3,0766633333e+01, 3,2741030000e+04
 1500464100, 2,5161666667e+02, 1,9200000000e+02, 3,8646666667e+01, 3,1167566667e+01, 3,2706423333e+04
 1500464400, 2,5500000000e+02, 1,9200000000e+02, 4,0000000000e+01, 3,1553333333e+01, 3,2909193333e+04
 1500464700, 2,5500000000e+02, 1,9200000000e+02, 4,0000000000e+01, 3,1816266667e+01, 3,2998950000e+04
 1500465000, 2,5500000000e+02, 1,9384666667e+02, 4,0000000000e+01, 3,2040866667e+01, 3,3157576667e+04
 1500465300, 2,5500000000e+02, 1,9255333333e+02, 4,1446666667e+01, 3,2211500000e+01, 3,3201656667e+04
 1500465600, 2,4715000000e+02, 1,8467333333e+02, 3,8860000000e+01, 3,1546433333e+01, 2,5990873333e+04
 1500465900, 2,0766666667e+02, 1,5019333333e+02, 3,2120000000e+01, 2,7128366667e+01, 1,2514630000e+04
 1500466200, 1,4246666667e+02, 9,4713333333e+01, 2,4000000000e+01, 2,2325533333e+01, 1,3343593333e+04
 1500466500, 1,6000000000e+02, 1,1400000000e+02, 2,4000000000e+01, 1,8695100000e+01, 1,4779460000e+04
 1500466800, 1,2955000000e+02, 8,7900000000e+01, 2,2260000000e+01, 1,6217033333e+01, 1,6227203333e+04
 1500467100, 1,1420000000e+02, 7,2480000000e+01, 2,0560000000e+01, 1,4417833333e+01, 2,2977873333e+04
 1500467400, 1,8326666667e+02, 1,3080000000e+02, 2,9420000000e+01, 1,6950000000e+01, 3,9447770000e+04
 1500467700, 2,5000000000e+02, 1,8864666667e+02, 3,8646666667e+01, 2,0015600000e+01, 3,9570663333e+04
 1500468000, 2,5000000000e+02, 1,9000000000e+02, 4,0000000000e+01, 2,2278033333e+01, 3,9635883333e+04
 1500468300, 2,5000000000e+02, 1,9000000000e+02, 4,0000000000e+01, 2,3909433333e+01, 3,9970693333e+04
 1500468600, 2,5000000000e+02, 1,9000000000e+02, 4,0000000000e+01, 2,5105033333e+01, 3,9985676667e+04
 1500468900, 2,5000000000e+02, 1,9000000000e+02, 4,0000000000e+01, 2,5969566667e+01, 4,0010233333e+04
 1500469200, 2,5000000000e+02, 1,9104666667e+02, 4,0000000000e+01, 2,6576600000e+01, 4,0531506667e+04
 1500469500, 2,5161666667e+02, 1,9135333333e+02, 4,1940000000e+01, 2,7016566667e+01, 4,1279003333e+04
 1500469800, 2,5438333333e+02, 1,8950666667e+02, 4,5753333333e+01, 2,7289566667e+01, 3,7389873333e+04
 1500470100, 2,5000000000e+02, 1,8600000000e+02, 4,4000000000e+01, 2,7105300000e+01, 3,4060426667e+04
 1500470400, 2,4538333333e+02, 1,8415333333e+02, 4,0306666667e+01, 2,6727566667e+01, 3,4022483333e+04
 1500470700, 2,4500000000e+02, 1,8400000000e+02, 4,1446666667e+01, 2,6226933333e+01, 3,3949420000e+04
 1500471000, 2,4500000000e+02, 1,8295333333e+02, 4,0953333333e+01, 2,5624166667e+01, 3,4155056667e+04
 1500471300, 2,4500000000e+02, 1,8264666667e+02, 4,0000000000e+01, 2,5153133333e+01, 3,4244756667e+04
 1500471600, 2,4130000000e+02, 1,8079333333e+02, 3,9506666667e+01, 2,4849800000e+01, 2,8971640000e+04
 1500471900, 2,1500000000e+02, 1,5800000000e+02, 3,6000000000e+01, 2,0962000000e+01, 8,5556600000e+03
 1500472200, 9,9583333333e+01, 5,4586666667e+01, 2,1226666667e+01, 1,6126066667e+01, 8,4176000000e+03
 1500472500, 8,0000000000e+01, 3,8000000000e+01, 1,8666666667e+01, 1,3366533333e+01, 1,0421353333e+04
 1500472800, 1,1686666667e+02, 7,2726666667e+01, 2,3233333333e+01, 1,2018766667e+01, 1,6352986667e+04
 1500473100, 1,8248333333e+02, 1,3063333333e+02, 3,1880000000e+01, 1,3275366667e+01, 2,8392526667e+04
 1500473400, 2,4175000000e+02, 1,7916666667e+02, 4,0466666667e+01, 1,6631100000e+01, 3,7038726667e+04
 1500473700, 2,5500000000e+02, 1,8800000000e+02, 4,4000000000e+01, 2,0878000000e+01, 4,0263560000e+04
 1500474000, 2,5500000000e+02, 1,9168000000e+02, 4,2160000000e+01, 2,4152166667e+01, 4,0556683333e+04
 1500474300, 2,5500000000e+02, 1,9055333333e+02, 4,3446666667e+01, 2,6499133333e+01, 4,1037233333e+04
 1500474600, 2,5500000000e+02, 1,9000000000e+02, 4,4000000000e+01, 2,8206733333e+01, 4,1203816667e+04
 1500474900, 2,5500000000e+02, 1,9000000000e+02, 4,4000000000e+01, 2,9504066667e+01, 4,1306830000e+04
 1500475200, 2,5500000000e+02, 1,9000000000e+02, 4,4000000000e+01, 3,0402033333e+01, 4,1458903333e+04
 1500475500, 2,5500000000e+02, 1,9000000000e+02, 4,4000000000e+01, 3,1050233333e+01, 4,1754516667e+04
 1500475800, 2,5500000000e+02, 1,9000000000e+02, 4,4000000000e+01, 3,1313000000e+01, 4,1590526667e+04
 1500476100, 2,5141666667e+02, 1,8713333333e+02, 4,2566666667e+01, 3,1678566667e+01, 4,1628773333e+04
 1500476400, 2,5260000000e+02, 1,8808000000e+02, 4,3040000000e+01, 3,1966033333e+01, 4,1586480000e+04
 1500476700, 2,5500000000e+02, 1,9000000000e+02, 4,4000000000e+01, 3,2111833333e+01, 4,1745406667e+04
 1500477000, 2,5500000000e+02, 1,9000000000e+02, 4,4000000000e+01, 3,2271000000e+01, 4,2011540000e+04
 1500477300, 2,5500000000e+02, 1,9000000000e+02, 4,4000000000e+01, 3,2344833333e+01, 4,2018873333e+04
 1500477600, 2,5500000000e+02, 1,9000000000e+02, 4,4000000000e+01, 3,2341833333e+01, 4,2000026667e+04
 1500477900, 2,5500000000e+02, 1,9000000000e+02, 4,4000000000e+01, 3,2420666667e+01, 4,2086050000e+04
 1500478200, 2,5500000000e+02, 1,9000000000e+02, 4,4000000000e+01, 3,2526200000e+01, 4,2261893333e+04
 1500478500, 2,5338333333e+02, 1,8806000000e+02, 4,4000000000e+01, 3,2843300000e+01, 4,2461376667e+04
 1500478800, 2,4938333333e+02, 1,8375333333e+02, 4,3753333333e+01, 3,2577300000e+01, 3,6052753333e+04
 1500479100, 2,4500000000e+02, 1,8200000000e+02, 4,2000000000e+01, 3,0052533333e+01, 2,5534770000e+04
 1500479400, 1,7113333333e+02, 1,2106000000e+02, 3,0920000000e+01, 2,5165300000e+01, 1,5366726667e+04
 1500479700, 1,6138333333e+02, 1,1166000000e+02, 2,8553333333e+01, 2,1440566667e+01, 1,5744666667e+04
 1500480000, 1,6000000000e+02, 1,1104666667e+02, 2,9046666667e+01, 1,8737266667e+01, 1,5567343333e+04
 1500480300, 1,5515000000e+02, 1,0747333333e+02, 2,8706666667e+01, 1,6817566667e+01, 1,5427256667e+04
 1500480600, 1,4623333333e+02, 9,8986666667e+01, 2,6246666667e+01, 1,5407700000e+01, 1,5359613333e+04
 1500480900, 1,5500000000e+02, 1,0600000000e+02, 2,8000000000e+01, 1,4057333333e+01, 1,0972806667e+04
 1500481200, 8,5750000000e+01, 4,5060000000e+01, 2,0613333333e+01, 1,1675600000e+01, 6,9609600000e+03
 1500481500, 6,5533333333e+01, 3,1320000000e+01, 1,4213333333e+01, 9,8700666667e+00, 6,9526300000e+03
 1500481800, 6,2616666667e+01, 3,0093333333e+01, 1,4093333333e+01, 8,5578666667e+00, 6,9513533333e+03
 1500482100, 8,2233333333e+01, 4,5786666667e+01, 1,7880000000e+01, 8,3328666667e+00, 8,3924666667e+03
 1500482400, 1,3260000000e+02, 8,8000000000e+01, 2,2240000000e+01, 1,1271300000e+01, 9,5002800000e+03
 1500482700, 2,2500000000e+02, 1,7600000000e+02, 2,4000000000e+01, 1,5124166667e+01, 1,0586586667e+04
 1500483000, 2,2500000000e+02, 1,8154000000e+02, 2,4000000000e+01, 1,8207133333e+01, 1,1695740000e+04
 1500483300, 2,2500000000e+02, 1,8200000000e+02, 2,2553333333e+01, 2,0388066667e+01, 1,2257526667e+04
 1500483600, 2,3023333333e+02, 1,8618666667e+02, 2,4093333333e+01, 2,2671833333e+01, 1,2931353333e+04
 1500483900, 2,3338333333e+02, 1,8935333333e+02, 2,5353333333e+01, 2,4721366667e+01, 1,3236496667e+04
 1500484200, 2,3000000000e+02, 1,8800000000e+02, 2,4000000000e+01, 2,6198633333e+01, 1,3359593333e+04
 1500484500, 2,3000000000e+02, 1,8800000000e+02, 2,4000000000e+01, 2,7310600000e+01, 1,3517893333e+04
 1500484800, 2,3903333333e+02, 1,8980666667e+02, 2,7613333333e+01, 2,8341966667e+01, 1,3664073333e+04
 1500485100, 2,0113333333e+02, 1,5184000000e+02, 2,5173333333e+01, 2,9357600000e+01, 1,3682673333e+04
 1500485400, 1,6940000000e+02, 1,2196000000e+02, 2,3220000000e+01, 3,0163566667e+01, 1,3591763333e+04
 1500485700, 1,4656666667e+02, 1,0250666667e+02, 2,2000000000e+01, 3,0835433333e+01, 1,3585813333e+04
 1500486000, 1,4635000000e+02, 1,0362000000e+02, 2,2000000000e+01, 3,1238966667e+01, 1,3568606667e+04
 1500486300, 1,3685000000e+02, 9,1726666667e+01, 2,2000000000e+01, 3,1535800000e+01, 1,3580336667e+04
 1500486600, 1,5000000000e+02, 1,0400000000e+02, 2,2000000000e+01, 3,1751966667e+01, 1,3340786667e+04
 1500486900, 2,1370000000e+02, 1,6224000000e+02, 2,7460000000e+01, 3,1765900000e+01, 1,2881030000e+04
 1500487200, 2,3446666667e+02, 1,8536000000e+02, 2,6553333333e+01, 3,1465266667e+01, 1,2398006667e+04
 1500487500, 2,3476666667e+02, 1,8886000000e+02, 2,4953333333e+01, 3,0971266667e+01, 1,2786530000e+04
 1500487800, 2,3000000000e+02, 1,8600000000e+02, 2,4000000000e+01, 3,0463366667e+01, 1,2900073333e+04
 1500488100, 2,2938333333e+02, 1,8550666667e+02, 2,3753333333e+01, 2,9640233333e+01, 1,2877583333e+04
 1500488400, 2,2500000000e+02, 1,8200000000e+02, 2,2000000000e+01, 2,8519966667e+01, 1,2629666667e+04
 1500488700, 2,2500000000e+02, 1,8200000000e+02, 2,3846666667e+01, 2,7300233333e+01, 1,2493920000e+04
 1500489000, 2,2500000000e+02, 1,8055333333e+02, 2,4000000000e+01, 2,6223433333e+01, 1,2289350000e+04
 1500489300, 2,1208333333e+02, 1,6656666667e+02, 2,4000000000e+01, 2,5488466667e+01, 1,2258176667e+04
 1500489600, 1,7023333333e+02, 1,2580000000e+02, 2,2746666667e+01, 2,5141033333e+01, 1,2259336667e+04
 1500489900, 1,0335000000e+02, 6,2020000000e+01, 2,0000000000e+01, 2,4738833333e+01, 1,2136300000e+04
 1500490200, 9,0000000000e+01, 4,6000000000e+01, 2,0000000000e+01, 2,4355300000e+01, 1,2114593333e+04
 1500490500, 8,0900000000e+01, 3,6900000000e+01, 2,0000000000e+01, 2,3823066667e+01, 1,1607563333e+04
 1500490800, 1,0140000000e+02, 5,7400000000e+01, 2,1426666667e+01, 2,2841433333e+01, 1,1017180000e+04
 1500491100, 1,1000000000e+02, 6,7026666667e+01, 2,0973333333e+01, 2,0957666667e+01, 1,0315403333e+04
 1500491400, 1,1243333333e+02, 6,8973333333e+01, 2,0973333333e+01, 1,8529633333e+01, 9,8680700000e+03
 1500491700, 1,0800000000e+02, 6,3280000000e+01, 2,1440000000e+01, 1,5677133333e+01, 1,0367640000e+04
 1500492000, 1,0866666667e+02, 6,2333333333e+01, 2,2566666667e+01, 1,3987333333e+01, 2,1871486667e+04
 1500492300, 2,5000000000e+02, 1,8600000000e+02, 4,2000000000e+01, 1,7926900000e+01, 3,7049213333e+04
 1500492600, 2,5461666667e+02, 1,8969333333e+02, 4,2000000000e+01, 2,2005966667e+01, 3,8651303333e+04
 1500492900, 2,5500000000e+02, 1,9000000000e+02, 4,3446666667e+01, 2,4911666667e+01, 3,8870383333e+04
 1500493200, 2,5240000000e+02, 1,8792000000e+02, 4,2960000000e+01, 2,7009900000e+01, 3,8663010000e+04
 1500493500, 2,5161666667e+02, 1,8664666667e+02, 4,2646666667e+01, 2,8584833333e+01, 3,8633596667e+04
 1500493800, 2,5500000000e+02, 1,8824666667e+02, 4,3753333333e+01, 2,9700366667e+01, 3,8745473333e+04
 1500494100, 2,5500000000e+02, 1,9000000000e+02, 4,2000000000e+01, 3,0525000000e+01, 3,8829146667e+04
 1500494400, 2,5500000000e+02, 1,8815333333e+02, 4,2000000000e+01, 3,1133866667e+01, 3,8906540000e+04
 1500494700, 2,5500000000e+02, 1,9089333333e+02, 4,2000000000e+01, 3,1546700000e+01, 3,9174443333e+04
 1500495000, 2,5500000000e+02, 1,9095333333e+02, 4,2000000000e+01, 3,1858766667e+01, 3,9126516667e+04
 1500495300, 2,5338333333e+02, 1,8806000000e+02, 4,2000000000e+01, 3,2107733333e+01, 3,9030820000e+04
 1500495600, 2,5060000000e+02, 1,8472000000e+02, 4,2000000000e+01, 3,2368833333e+01, 3,9048433333e+04
 1500495900, 2,5500000000e+02, 1,9000000000e+02, 4,2000000000e+01, 3,2483666667e+01, 3,9078036667e+04
 1500496200, 2,5040000000e+02, 1,8448000000e+02, 4,3840000000e+01, 3,1701966667e+01, 3,1466733333e+04
 1500496500, 2,3915000000e+02, 1,7821333333e+02, 3,9660000000e+01, 2,7929700000e+01, 2,5215333333e+04
 1500496800, 2,1406666667e+02, 1,5611333333e+02, 3,5906666667e+01, 2,5146300000e+01, 2,5100950000e+04
 1500497100, 2,0631666667e+02, 1,4899333333e+02, 3,5293333333e+01, 2,2737566667e+01, 2,5056860000e+04
 1500497400, 2,3000000000e+02, 1,7200000000e+02, 3,8000000000e+01, 2,0768633333e+01, 2,5218490000e+04
 1500497700, 2,3000000000e+02, 1,7200000000e+02, 3,8000000000e+01, 1,9317233333e+01, 2,5238540000e+04
 1500498000, 2,3000000000e+02, 1,7384666667e+02, 3,8000000000e+01, 1,8788166667e+01, 2,6138060000e+04
 1500498300, 1,5860000000e+02, 1,1008000000e+02, 2,8480000000e+01, 1,9450266667e+01, 2,6626943333e+04
 1500498600, 1,7995000000e+02, 1,2710000000e+02, 3,1326666667e+01, 1,9548966667e+01, 3,0597080000e+04
 1500498900, 2,3485000000e+02, 1,7452666667e+02, 3,9293333333e+01, 2,2292600000e+01, 3,7118946667e+04
 1500499200, 2,4191666667e+02, 1,8079333333e+02, 4,1506666667e+01, 2,3686233333e+01, 3,0144666667e+04
 1500499500, 2,2000000000e+02, 1,5800000000e+02, 3,8000000000e+01, 2,3137433333e+01, 2,2445280000e+04
 1500499800, 2,1538333333e+02, 1,5800000000e+02, 3,4306666667e+01, 2,1510866667e+01, 2,1112870000e+04
 1500500100, 2,1138333333e+02, 1,5655333333e+02, 3,4000000000e+01, 2,0151800000e+01, 2,1309170000e+04
 1500500400, 1,6091666667e+02, 1,1053333333e+02, 2,8833333333e+01, 1,9814100000e+01, 2,2026163333e+04
 1500500700, 1,5380000000e+02, 1,0292000000e+02, 2,8526666667e+01, 1,9666933333e+01, 2,5832800000e+04
 1500501000, 2,3500000000e+02, 1,7624000000e+02, 3,7760000000e+01, 2,0840766667e+01, 2,7996236667e+04
 1500501300, 2,3500000000e+02, 1,7800000000e+02, 3,6000000000e+01, 2,1765433333e+01, 2,8234806667e+04
 1500501600, 2,3500000000e+02, 1,7800000000e+02, 3,7846666667e+01, 2,2984333333e+01, 2,8854066667e+04
 1500501900, 2,2776666667e+02, 1,7076666667e+02, 3,6553333333e+01, 2,4020166667e+01, 2,8971593333e+04
 1500502200, 2,3808333333e+02, 1,7742000000e+02, 3,8093333333e+01, 2,5373233333e+01, 3,4101920000e+04
 1500502500, 2,4676666667e+02, 1,8470666667e+02, 3,9353333333e+01, 2,7473333333e+01, 3,4984840000e+04
 1500502800, 2,3630000000e+02, 1,7879333333e+02, 3,7506666667e+01, 2,6976066667e+01, 2,3168503333e+04
 1500503100, 2,1000000000e+02, 1,5600000000e+02, 3,4000000000e+01, 2,4340533333e+01, 2,1229433333e+04
 1500503400, 2,0080000000e+02, 1,4496000000e+02, 3,4000000000e+01, 2,2659900000e+01, 2,1262133333e+04
 1500503700, 1,5320000000e+02, 1,0224000000e+02, 2,6800000000e+01, 2,1301566667e+01, 2,1364520000e+04
 1500504000, 1,1265000000e+02, 6,5140000000e+01, 2,2013333333e+01, 2,0666433333e+01, 2,2164330000e+04
 1500504300, 9,2416666667e+01, 4,5933333333e+01, 2,0000000000e+01, 2,0522166667e+01, 2,2839333333e+04
 1500504600, 1,3056666667e+02, 8,1626666667e+01, 2,3880000000e+01, 2,0546166667e+01, 2,6942970000e+04
 1500504900, 2,0870000000e+02, 1,5520666667e+02, 3,2493333333e+01, 2,3074800000e+01, 3,2964313333e+04
 1500505200, 2,3500000000e+02, 1,7800000000e+02, 3,6000000000e+01, 2,4114066667e+01, 2,8264906667e+04
 1500505500, 1,7980000000e+02, 1,2648000000e+02, 3,0480000000e+01, 2,4396266667e+01, 2,8038803333e+04
 1500505800, 2,1840000000e+02, 1,5961333333e+02, 3,4340000000e+01, 2,4509233333e+01, 2,8087853333e+04
 1500506100, 2,3500000000e+02, 1,7400000000e+02, 3,6000000000e+01, 2,4489066667e+01, 2,8099953333e+04
 1500506400, 2,3015000000e+02, 1,7012000000e+02, 3,5353333333e+01, 2,3881966667e+01, 2,3496203333e+04
 1500506700, 2,1260000000e+02, 1,5509333333e+02, 3,3506666667e+01, 2,2733333333e+01, 2,1832530000e+04
 1500507000, 1,6000000000e+02, 1,0600000000e+02, 3,0000000000e+01, 2,1671433333e+01, 2,1977416667e+04
 1500507300, 2,0155000000e+02, 1,4662666667e+02, 3,1846666667e+01, 2,1396600000e+01, 2,7357550000e+04
 1500507600, 2,2308333333e+02, 1,6591333333e+02, 3,4893333333e+01, 2,2247466667e+01, 2,8492213333e+04
 1500507900, 2,2476666667e+02, 1,6781333333e+02, 3,6000000000e+01, 2,3622366667e+01, 2,9250086667e+04
 1500508200, 2,2970000000e+02, 1,7176000000e+02, 3,7293333333e+01, 2,4701066667e+01, 3,3359140000e+04
 1500508500, 2,4691666667e+02, 1,8553333333e+02, 3,9506666667e+01, 2,6788333333e+01, 3,4948456667e+04
 1500508800, 2,2500000000e+02, 1,6800000000e+02, 3,6000000000e+01, 2,8280266667e+01, 3,2351570000e+04
 1500509100, 2,0191666667e+02, 1,4768666667e+02, 3,2306666667e+01, 2,6431400000e+01, 2,1454960000e+04
 1500509400, 1,4213333333e+02, 9,1026666667e+01, 2,7660000000e+01, 2,4076500000e+01, 2,1174946667e+04
 1500509700, 1,5140000000e+02, 9,8260000000e+01, 3,0186666667e+01, 2,2358500000e+01, 2,1332006667e+04
 1500510000, 1,6773333333e+02, 1,1418666667e+02, 3,2160000000e+01, 2,1500100000e+01, 2,2353236667e+04
 1500510300, 1,4740000000e+02, 9,8660000000e+01, 2,8493333333e+01, 2,1590633333e+01, 2,2705643333e+04
 1500510600, 2,0000000000e+02, 1,4600000000e+02, 3,2000000000e+01, 2,1531033333e+01, 2,8967873333e+04
 1500510900, 2,4155000000e+02, 1,8293333333e+02, 3,7540000000e+01, 2,4264333333e+01, 3,4464210000e+04
 1500511200, 2,4861666667e+02, 1,8889333333e+02, 3,9446666667e+01, 2,6663900000e+01, 3,5406846667e+04
 1500511500, 2,5000000000e+02, 1,8896000000e+02, 4,0000000000e+01, 2,8364733333e+01, 3,5184513333e+04
 1500511800, 2,4353333333e+02, 1,8282666667e+02, 3,8706666667e+01, 2,8517566667e+01, 2,8726370000e+04
 1500512100, 2,2630000000e+02, 1,6854666667e+02, 3,5506666667e+01, 2,7604933333e+01, 2,7999620000e+04
 1500512400, 2,0000000000e+02, 1,4400000000e+02, 3,2000000000e+01, 2,6823733333e+01, 2,7365576667e+04
 1500512700, 2,1846666667e+02, 1,6246666667e+02, 3,3846666667e+01, 2,4977700000e+01, 2,1664513333e+04
 1500513000, 1,3166666667e+02, 8,3440000000e+01, 2,4106666667e+01, 2,3599233333e+01, 2,1787280000e+04
 1500513300, 1,4733333333e+02, 9,7100000000e+01, 2,6280000000e+01, 2,2273800000e+01, 2,2624643333e+04
 1500513600, 2,0470000000e+02, 1,4905333333e+02, 3,2646666667e+01, 2,2040500000e+01, 2,5908676667e+04
 1500513900, 2,2685000000e+02, 1,6972666667e+02, 3,4493333333e+01, 2,3804900000e+01, 3,3788276667e+04
 1500514200, 2,4000000000e+02, 1,8200000000e+02, 3,8000000000e+01, 2,6337900000e+01, 3,4967493333e+04
 1500514500, 2,4461666667e+02, 1,8569333333e+02, 3,8000000000e+01, 2,8104400000e+01, 3,5088433333e+04
 1500514800, 2,4861666667e+02, 1,8744666667e+02, 3,9446666667e+01, 2,9415666667e+01, 3,3702653333e+04
 1500515100, 2,3168333333e+02, 1,7334666667e+02, 3,6860000000e+01, 2,7708200000e+01, 2,1581556667e+04
 1500515400, 1,8913333333e+02, 1,3672000000e+02, 3,0766666667e+01, 2,4902666667e+01, 2,1135700000e+04
 1500515700, 1,4425000000e+02, 9,6140000000e+01, 2,5233333333e+01, 2,2890566667e+01, 2,1135330000e+04
 1500516000, 2,1000000000e+02, 1,5400000000e+02, 3,4000000000e+01, 2,1050533333e+01, 2,1210963333e+04
 1500516300, 1,5900000000e+02, 1,0980000000e+02, 2,7200000000e+01, 2,0565700000e+01, 2,2170600000e+04
 1500516600, 1,2870000000e+02, 8,2120000000e+01, 2,4580000000e+01, 2,0981866667e+01, 2,2650666667e+04
 1500516900, 1,6710000000e+02, 1,1691333333e+02, 2,9233333333e+01, 2,0465066667e+01, 2,4710116667e+04
 1500517200, 2,2131666667e+02, 1,6505333333e+02, 3,5940000000e+01, 2,2641666667e+01, 3,4323330000e+04
 1500517500, 2,4561666667e+02, 1,8449333333e+02, 4,0000000000e+01, 2,5447333333e+01, 3,5061570000e+04
 1500517800, 2,5000000000e+02, 1,8800000000e+02, 4,0000000000e+01, 2,7236666667e+01, 3,2912536667e+04
 1500518100, 2,3615000000e+02, 1,7507333333e+02, 3,6306666667e+01, 2,6006566667e+01, 2,2187160000e+04
 1500518400, 1,9160000000e+02, 1,3928000000e+02, 3,0213333333e+01, 2,3760166667e+01, 2,1060616667e+04
 1500518700, 1,9331666667e+02, 1,4065333333e+02, 3,1140000000e+01, 2,2093866667e+01, 2,1044250000e+04
 1500519000, 1,5760000000e+02, 1,0684000000e+02, 2,7886666667e+01, 2,1151966667e+01, 2,1905860000e+04
 1500519300, 9,8200000000e+01, 5,3653333333e+01, 2,1093333333e+01, 2,1116166667e+01, 2,2497800000e+04
 1500519600, 1,3418333333e+02, 8,6580000000e+01, 2,5480000000e+01, 2,0953200000e+01, 2,5619906667e+04
 1500519900, 2,3500000000e+02, 1,7600000000e+02, 3,6000000000e+01, 2,3265566667e+01, 3,4298983333e+04
 1500520200, 2,4880000000e+02, 1,8888000000e+02, 3,9680000000e+01, 2,5910833333e+01, 3,5095453333e+04
 1500520500, 2,4638333333e+02, 1,8421333333e+02, 4,0000000000e+01, 2,7760533333e+01, 3,5266046667e+04
 1500520800, 2,4761666667e+02, 1,8618666667e+02, 4,0000000000e+01, 2,9111066667e+01, 3,5235356667e+04
 1500521100, 2,4840000000e+02, 1,8872000000e+02, 4,0000000000e+01, 3,0136266667e+01, 3,5242396667e+04
 1500521400, 2,4068333333e+02, 1,8205333333e+02, 3,9013333333e+01, 2,9279066667e+01, 2,3800596667e+04
 1500521700, 2,1000000000e+02, 1,5400000000e+02, 3,2000000000e+01, 2,6138100000e+01, 2,1153453333e+04
 1500522000, 1,1305000000e+02, 6,1666666667e+01, 2,6460000000e+01, 2,3988566667e+01, 2,1033760000e+04
 1500522300, 1,7010000000e+02, 1,1765333333e+02, 3,0340000000e+01, 2,1998900000e+01, 2,1124110000e+04
 1500522600, 2,0285000000e+02, 1,4828000000e+02, 3,3046666667e+01, 2,0394266667e+01, 2,1149436667e+04
 1500522900, 2,1000000000e+02, 1,5400000000e+02, 3,4000000000e+01, 1,9241900000e+01, 2,1168810000e+04
 1500523200, 2,1061666667e+02, 1,5498666667e+02, 3,4000000000e+01, 1,8398733333e+01, 2,1169986667e+04
 1500523500, 2,1500000000e+02, 1,6200000000e+02, 3,4000000000e+01, 1,5943733333e+01, 9,3194866667e+03
 1500523800, 9,2600000000e+01, 4,9573333333e+01, 2,1306666667e+01, 1,3027500000e+01, 8,5780866667e+03
 1500524100, 8,3616666667e+01, 4,0893333333e+01, 2,0000000000e+01, 1,0856366667e+01, 8,9402333333e+03
 1500524400, 9,4600000000e+01, 5,0640000000e+01, 2,0960000000e+01, 9,2001333333e+00, 1,1233843333e+04
 1500524700, 1,4218333333e+02, 9,2980000000e+01, 2,6526666667e+01, 9,5257333333e+00, 2,0812076667e+04
 1500525000, 2,2408333333e+02, 1,6526666667e+02, 3,6933333333e+01, 1,3709166667e+01, 3,8184183333e+04
 1500525300, 2,5500000000e+02, 1,9000000000e+02, 4,4000000000e+01, 1,8919633333e+01, 3,9806340000e+04
 1500525600, 2,5960000000e+02, 1,9184000000e+02, 4,4000000000e+01, 2,2706433333e+01, 4,0309273333e+04
 1500525900, 2,6000000000e+02, 1,9200000000e+02, 4,5440000000e+01, 2,5477366667e+01, 4,0480836667e+04
 1500526200, 2,5738333333e+02, 1,9095333333e+02, 4,4953333333e+01, 2,7522500000e+01, 4,0491053333e+04
 1500526500, 2,5500000000e+02, 1,9000000000e+02, 4,4000000000e+01, 2,8971600000e+01, 4,1090080000e+04
 1500526800, 2,5500000000e+02, 1,9000000000e+02, 4,4000000000e+01, 2,9988433333e+01, 4,1280103333e+04
 1500527100, 2,5500000000e+02, 1,9000000000e+02, 4,4000000000e+01, 3,0720600000e+01, 4,0993023333e+04
 1500527400, 2,5041666667e+02, 1,8816666667e+02, 4,2166666667e+01, 3,1259633333e+01, 4,0817703333e+04
 1500527700, 2,5358333333e+02, 1,8943333333e+02, 4,3433333333e+01, 3,1663933333e+01, 4,0700283333e+04
 1500528000, 2,5500000000e+02, 1,9000000000e+02, 4,4000000000e+01, 3,1968933333e+01, 4,0611993333e+04
 1500528300, 2,5500000000e+02, 1,9000000000e+02, 4,4000000000e+01, 3,2190566667e+01, 4,1267320000e+04
 1500528600, 2,5561666667e+02, 1,9024666667e+02, 4,4000000000e+01, 3,2340766667e+01, 4,1404436667e+04
 1500528900, 2,6000000000e+02, 1,9200000000e+02, 4,4000000000e+01, 3,2428033333e+01, 4,1174880000e+04
 1500529200, 2,5540000000e+02, 1,9200000000e+02, 4,4000000000e+01, 3,2474400000e+01, 4,1131586667e+04
 1500529500, 2,5500000000e+02, 1,9056000000e+02, 4,4000000000e+01, 3,2587233333e+01, 4,1329173333e+04
 1500529800, 2,5500000000e+02, 1,9104000000e+02, 4,4000000000e+01, 3,2464500000e+01, 3,7666620000e+04
 1500530100, 2,4368333333e+02, 1,8230000000e+02, 4,2060000000e+01, 3,0609066667e+01, 3,2843946667e+04
 1500530400, 2,2061666667e+02, 1,6224666667e+02, 3,8000000000e+01, 2,8161666667e+01, 2,6389500000e+04
 1500530700, 2,2500000000e+02, 1,6400000000e+02, 3,8000000000e+01, 2,5810500000e+01, 2,4360576667e+04
 1500531000, 1,9268333333e+02, 1,3814666667e+02, 3,2460000000e+01, 2,3728900000e+01, 2,4649110000e+04
 1500531300, 1,1906666667e+02, 7,2160000000e+01, 2,3133333333e+01, 2,2949466667e+01, 2,7721483333e+04
 1500531600, 2,0720000000e+02, 1,4752000000e+02, 3,6400000000e+01, 2,3852900000e+01, 3,7639916667e+04
 1500531900, 2,5285000000e+02, 1,8523333333e+02, 4,4093333333e+01, 2,6259866667e+01, 3,9972093333e+04
 1500532200, 2,6000000000e+02, 1,9064000000e+02, 4,5360000000e+01, 2,7989766667e+01, 3,9444413333e+04
 1500532500, 2,5815000000e+02, 1,9076666667e+02, 4,3753333333e+01, 2,7852633333e+01, 3,2483156667e+04
 1500532800, 2,4500000000e+02, 1,8200000000e+02, 4,2000000000e+01, 2,6871233333e+01, 3,1086106667e+04
 1500533100, 2,2191666667e+02, 1,6168666667e+02, 3,6460000000e+01, 2,4915900000e+01, 2,4360673333e+04
 1500533400, 2,1276666667e+02, 1,5421333333e+02, 3,6000000000e+01, 2,3293866667e+01, 2,4680213333e+04
 1500533700, 2,2831666667e+02, 1,6665333333e+02, 3,9140000000e+01, 2,2496066667e+01, 3,1569760000e+04
 1500534000, 1,8941666667e+02, 1,3263333333e+02, 3,4266666667e+01, 2,3282566667e+01, 3,3021180000e+04
 1500534300, 1,6718333333e+02, 1,1433333333e+02, 3,1173333333e+01, 2,4077533333e+01, 3,4215783333e+04
 1500534600, 2,4623333333e+02, 1,8298666667e+02, 4,2246666667e+01, 2,5803433333e+01, 3,9948863333e+04
 1500534900, 2,5500000000e+02, 1,9000000000e+02, 4,4000000000e+01, 2,7716200000e+01, 4,0461213333e+04
 1500535200, 2,5500000000e+02, 1,9000000000e+02, 4,5840000000e+01, 2,9086766667e+01, 4,0287286667e+04
 1500535500, 2,5860000000e+02, 1,9144000000e+02, 4,6000000000e+01, 3,0112533333e+01, 4,0568643333e+04
 1500535800, 2,6000000000e+02, 1,9096000000e+02, 4,6000000000e+01, 3,0807200000e+01, 4,0510586667e+04
 1500536100, 2,6000000000e+02, 1,9000000000e+02, 4,6000000000e+01, 3,1310333333e+01, 4,0716466667e+04
 1500536400, 2,6000000000e+02, 1,9024000000e+02, 4,5760000000e+01, 3,1659433333e+01, 4,0814116667e+04
 1500536700, 2,6000000000e+02, 1,9200000000e+02, 4,4000000000e+01, 3,1885533333e+01, 4,1035286667e+04
 1500537000, 2,6000000000e+02, 1,9200000000e+02, 4,5833333333e+01, 3,2094033333e+01, 4,1065746667e+04
 1500537300, 2,5641666667e+02, 1,9056666667e+02, 4,4566666667e+01, 3,2253300000e+01, 4,0833556667e+04
 1500537600, 2,5758333333e+02, 1,9103333333e+02, 4,4000000000e+01, 3,2391333333e+01, 4,1016203333e+04
 1500537900, 2,5840000000e+02, 1,9136000000e+02, 4,4640000000e+01, 3,2459933333e+01, 4,1050036667e+04
 1500538200, 2,5558333333e+02, 1,9023333333e+02, 4,6000000000e+01, 3,2555366667e+01, 4,1377966667e+04
 1500538500, 2,6000000000e+02, 1,9200000000e+02, 4,6000000000e+01, 3,2305033333e+01, 3,6874966667e+04
 1500538800, 2,5076666667e+02, 1,8646000000e+02, 4,2306666667e+01, 3,0264700000e+01, 3,1625673333e+04
 1500539100, 2,3191666667e+02, 1,7298000000e+02, 3,7660000000e+01, 2,7414666667e+01, 2,4310023333e+04
 1500539400, 2,1976666667e+02, 1,6276666667e+02, 3,6000000000e+01, 2,4511966667e+01, 2,4003090000e+04
 1500539700, 2,2146666667e+02, 1,6317333333e+02, 3,6646666667e+01, 2,2193000000e+01, 2,3902050000e+04
 1500540000, 2,3438333333e+02, 1,7350666667e+02, 3,8000000000e+01, 2,0410066667e+01, 2,3885933333e+04
 1500540300, 2,3000000000e+02, 1,7000000000e+02, 3,8000000000e+01, 1,9096466667e+01, 2,3240276667e+04
 1500540600, 1,7460000000e+02, 1,2568000000e+02, 3,0613333333e+01, 1,6979900000e+01, 1,5467053333e+04
 1500540900, 1,6276666667e+02, 1,1476666667e+02, 3,0000000000e+01, 1,4518833333e+01, 1,2975143333e+04
 1500541200, 1,1306666667e+02, 6,8586666667e+01, 2,2960000000e+01, 1,2826033333e+01, 1,2965676667e+04
 1500541500, 8,5233333333e+01, 4,6373333333e+01, 1,5906666667e+01, 1,0935400000e+01, 1,0395426667e+04
 1500541800, 1,3365000000e+02, 8,8920000000e+01, 2,2406666667e+01, 1,1994666667e+01, 2,9975066667e+04
 1500542100, 2,2746666667e+02, 1,6471333333e+02, 4,0246666667e+01, 1,5334700000e+01, 3,2935826667e+04
 1500542400, 2,3630000000e+02, 1,7646000000e+02, 4,0646666667e+01, 1,7871766667e+01, 3,3539260000e+04
 1500542700, 1,5500000000e+02, 1,0600000000e+02, 2,8000000000e+01, 2,0076533333e+01, 3,5191640000e+04
 1500543000, 2,5160000000e+02, 1,8512000000e+02, 4,4560000000e+01, 2,2994600000e+01, 4,0604506667e+04
 1500543300, 2,5640000000e+02, 1,9200000000e+02, 4,4560000000e+01, 2,5691766667e+01, 4,1058153333e+04
 1500543600, 2,5500000000e+02, 1,9096000000e+02, 4,5040000000e+01, 2,7675500000e+01, 4,1627616667e+04
 1500543900, 2,5660000000e+02, 1,9064000000e+02, 4,6000000000e+01, 2,9073666667e+01, 4,2168240000e+04
 1500544200, 2,6000000000e+02, 1,9200000000e+02, 4,6000000000e+01, 3,0144666667e+01, 4,1902973333e+04
 1500544500, 2,6000000000e+02, 1,9200000000e+02, 4,6000000000e+01, 3,0838400000e+01, 4,1607633333e+04
 1500544800, 2,6000000000e+02, 1,9200000000e+02, 4,6000000000e+01, 3,1367433333e+01, 4,1402796667e+04
 1500545100, 2,6000000000e+02, 1,9056000000e+02, 4,6000000000e+01, 3,1725900000e+01, 4,1730910000e+04
 1500545400, 2,6000000000e+02, 1,9104666667e+02, 4,6000000000e+01, 3,2001866667e+01, 4,1653063333e+04
 1500545700, 2,5840000000e+02, 1,9136000000e+02, 4,5360000000e+01, 3,2184133333e+01, 4,2059700000e+04
 1500546000, 2,5558333333e+02, 1,9023333333e+02, 4,4000000000e+01, 3,2294500000e+01, 4,2509656667e+04
 1500546300, 2,6000000000e+02, 1,9200000000e+02, 4,4000000000e+01, 3,2358400000e+01, 4,2326560000e+04
 1500546600, 2,5538333333e+02, 1,9015333333e+02, 4,4000000000e+01, 3,2441300000e+01, 4,2272060000e+04
 1500546900, 2,5861666667e+02, 1,9578666667e+02, 4,2553333333e+01, 3,2445266667e+01, 4,2742953333e+04
 1500547200, 2,5740000000e+02, 1,9488000000e+02, 4,4080000000e+01, 3,2477700000e+01, 4,2844873333e+04
 1500547500, 2,5500000000e+02, 1,9072000000e+02, 4,5360000000e+01, 3,2530400000e+01, 4,2927170000e+04
 1500547800, 2,5560000000e+02, 1,8848000000e+02, 4,4240000000e+01, 3,2541133333e+01, 4,3289576667e+04
 1500548100, 2,6000000000e+02, 1,9200000000e+02, 4,6000000000e+01, 3,2597200000e+01, 4,3105943333e+04
 1500548400, 2,6000000000e+02, 1,9200000000e+02, 4,6000000000e+01, 3,2637600000e+01, 4,2957320000e+04
 1500548700, 2,5640000000e+02, 1,9056000000e+02, 4,4560000000e+01, 3,2299700000e+01, 3,7575680000e+04
 1500549000, 2,4191666667e+02, 1,7953333333e+02, 4,0860000000e+01, 2,8854066667e+01, 2,4633476667e+04
 1500549300, 2,0090000000e+02, 1,4090000000e+02, 3,7353333333e+01, 2,5800466667e+01, 2,4589290000e+04
 1500549600, 1,3691666667e+02, 7,9013333333e+01, 3,4273333333e+01, 2,2995900000e+01, 1,7881126667e+04
 1500549900, 1,1500000000e+02, 7,2000000000e+01, 2,2000000000e+01, 1,8308933333e+01, 1,5679860000e+04
 1500550200, 1,6578333333e+02, 1,1632000000e+02, 2,9386666667e+01, 1,5905133333e+01, 1,9664276667e+04
 1500550500, 1,7000000000e+02, 1,2000000000e+02, 3,0000000000e+01, 1,3953566667e+01, 1,9682346667e+04
 1500550800, 1,7000000000e+02, 1,2000000000e+02, 3,0000000000e+01, 1,2516766667e+01, 1,9699540000e+04
 1500551100, 1,6838333333e+02, 1,1870666667e+02, 3,0000000000e+01, 1,1552666667e+01, 2,0289846667e+04
 1500551400, 1,6400000000e+02, 1,1560000000e+02, 2,9400000000e+01, 1,3929933333e+01, 2,2368556667e+04
 1500551700, 1,5500000000e+02, 1,1200000000e+02, 2,4000000000e+01, 1,7868633333e+01, 2,1934626667e+04
 1500552000, 2,2886666667e+02, 1,7848000000e+02, 2,9540000000e+01, 2,0559000000e+01, 2,7521063333e+04
 1500552300, 2,4585000000e+02, 1,9268000000e+02, 3,2893333333e+01, 2,3787833333e+01, 3,0661876667e+04
 1500552600, 2,5000000000e+02, 1,9600000000e+02, 3,5040000000e+01, 2,6153733333e+01, 3,0748180000e+04
 1500552900, 2,5000000000e+02, 1,9535333333e+02, 3,6000000000e+01, 2,7896700000e+01, 3,1126050000e+04
 1500553200, 2,5000000000e+02, 1,9424000000e+02, 3,6000000000e+01, 2,9144733333e+01, 2,9611400000e+04
 1500553500, 2,5000000000e+02, 1,9600000000e+02, 3,6000000000e+01, 2,9945633333e+01, 2,8007700000e+04
 1500553800, 2,5000000000e+02, 1,9600000000e+02, 3,4166666667e+01, 3,0590766667e+01, 2,8151740000e+04
 1500554100, 2,5000000000e+02, 1,9600000000e+02, 3,5446666667e+01, 3,1085266667e+01, 2,8275906667e+04
 1500554400, 2,5000000000e+02, 1,9496000000e+02, 3,6000000000e+01, 3,1453733333e+01, 2,8213753333e+04
 1500554700, 2,5000000000e+02, 1,9464000000e+02, 3,6000000000e+01, 3,1710366667e+01, 2,8234196667e+04
 1500555000, 2,5000000000e+02, 1,9576000000e+02, 3,6000000000e+01, 3,1895466667e+01, 2,8573683333e+04
 1500555300, 2,5000000000e+02, 1,9400000000e+02, 3,6000000000e+01, 3,2017100000e+01, 2,8545900000e+04
 1500555600, 2,5000000000e+02, 1,9583333333e+02, 3,6000000000e+01, 3,2128033333e+01, 2,7410820000e+04
 1500555900, 2,3915000000e+02, 1,8732000000e+02, 3,1660000000e+01, 3,0689333333e+01, 1,9080850000e+04
 1500556200, 2,3500000000e+02, 1,8400000000e+02, 3,0000000000e+01, 2,9264333333e+01, 1,9458326667e+04
 1500556500, 2,3500000000e+02, 1,8335333333e+02, 3,0000000000e+01, 2,8477600000e+01, 1,9960350000e+04
 1500556800, 2,3675000000e+02, 1,8340000000e+02, 3,0466666667e+01, 2,8333100000e+01, 2,6749630000e+04
 1500557100, 2,5000000000e+02, 1,9400000000e+02, 3,4000000000e+01, 2,9404400000e+01, 2,8234776667e+04
 1500557400, 2,2700000000e+02, 1,7560000000e+02, 3,0320000000e+01, 3,0312433333e+01, 2,8248586667e+04
 1500557700, 2,2141666667e+02, 1,6970000000e+02, 2,8566666667e+01, 3,1341866667e+01, 2,8345720000e+04
 1500558000, 2,0716666667e+02, 1,5362666667e+02, 2,8000000000e+01, 3,2283533333e+01, 2,8411823333e+04
 1500558300, 1,9500000000e+02, 1,4000000000e+02, 2,8613333333e+01, 3,2944933333e+01, 2,8455866667e+04
 1500558600, 1,8876666667e+02, 1,3456000000e+02, 2,9320000000e+01, 3,3393066667e+01, 2,8466360000e+04
 1500558900, 1,4000000000e+02, 9,2000000000e+01, 2,4000000000e+01, 3,3899066667e+01, 2,8528913333e+04
 1500559200, 1,5360000000e+02, 1,0650666667e+02, 2,5813333333e+01, 3,4434400000e+01, 2,8689796667e+04
 1500559500, 1,9050000000e+02, 1,3356000000e+02, 3,3100000000e+01, 3,4783600000e+01, 2,8782726667e+04
 1500559800, 1,6930000000e+02, 1,1340000000e+02, 3,0900000000e+01, 3,4741600000e+01, 2,8795736667e+04
 1500560100, 1,4468333333e+02, 9,5066666667e+01, 2,6000000000e+01, 3,3289166667e+01, 2,8667673333e+04
 1500560400, 1,6725000000e+02, 1,2114000000e+02, 2,5560000000e+01, 3,1786833333e+01, 2,8529236667e+04
 1500560700, 1,4500000000e+02, 9,8000000000e+01, 2,2000000000e+01, 3,0639533333e+01, 2,8546473333e+04
 1500561000, 1,1338333333e+02, 6,7286666667e+01, 2,3806666667e+01, 2,9734166667e+01, 2,7563326667e+04
 1500561300, 8,8500000000e+01, 4,5366666667e+01, 2,1133333333e+01, 2,9094933333e+01, 2,7544626667e+04
 1500561600, 1,0566666667e+02, 5,9560000000e+01, 2,3080000000e+01, 2,8575566667e+01, 2,6644076667e+04
 1500561900, 1,5240000000e+02, 1,0048000000e+02, 2,7920000000e+01, 2,8098866667e+01, 2,3252726667e+04
 1500562200, 2,0370000000e+02, 1,4844000000e+02, 3,1753333333e+01, 2,7347933333e+01, 1,8962106667e+04
 1500562500, 2,3000000000e+02, 1,8000000000e+02, 3,0000000000e+01, 2,6603966667e+01, 1,9314816667e+04
 1500562800, 2,3000000000e+02, 1,8184666667e+02, 2,8153333333e+01, 2,6127866667e+01, 2,0046146667e+04
 1500563100, 2,3361666667e+02, 1,8344666667e+02, 2,9446666667e+01, 2,6132366667e+01, 2,0958283333e+04
 1500563400, 2,4280000000e+02, 1,8920000000e+02, 3,3120000000e+01, 2,6745466667e+01, 2,7526733333e+04
 1500563700, 2,5000000000e+02, 1,9400000000e+02, 3,6000000000e+01, 2,8286866667e+01, 2,8225916667e+04
 1500564000, 2,5000000000e+02, 1,9400000000e+02, 3,6000000000e+01, 2,9403833333e+01, 2,8503380000e+04
 1500564300, 2,5000000000e+02, 1,9400000000e+02, 3,6000000000e+01, 3,0233266667e+01, 2,8557943333e+04
 1500564600, 2,5000000000e+02, 1,9400000000e+02, 3,6000000000e+01, 3,0862200000e+01, 2,8440073333e+04
 1500564900, 2,5000000000e+02, 1,9400000000e+02, 3,6000000000e+01, 3,1465666667e+01, 2,8574080000e+04
 1500565200, 2,5000000000e+02, 1,9400000000e+02, 3,6000000000e+01, 3,1973900000e+01, 2,8598666667e+04
 1500565500, 2,5000000000e+02, 1,9400000000e+02, 3,6000000000e+01, 3,2328366667e+01, 2,8698430000e+04
 1500565800, 2,5000000000e+02, 1,9400000000e+02, 3,6000000000e+01, 3,2616133333e+01, 2,8986026667e+04
 1500566100, 2,5000000000e+02, 1,9400000000e+02, 3,6000000000e+01, 3,2859066667e+01, 2,8936533333e+04
 1500566400, 2,5000000000e+02, 1,9400000000e+02, 3,6000000000e+01, 3,2994566667e+01, 2,8818333333e+04
 1500566700, 2,5000000000e+02, 1,9400000000e+02, 3,4566666667e+01, 3,3088233333e+01, 2,9146163333e+04
 1500567000, 2,5000000000e+02, 1,9400000000e+02, 3,5046666667e+01, 3,3207966667e+01, 2,9068486667e+04
 1500567300, 2,5000000000e+02, 1,9400000000e+02, 3,6000000000e+01, 3,3385400000e+01, 2,8981716667e+04
 1500567600, 2,4520000000e+02, 1,8973333333e+02, 3,4720000000e+01, 3,3786833333e+01, 2,9061823333e+04
 1500567900, 2,0500000000e+02, 1,5400000000e+02, 2,4000000000e+01, 3,4231566667e+01, 2,9062540000e+04
 1500568200, 1,3273333333e+02, 8,7153333333e+01, 2,2193333333e+01, 3,4264933333e+01, 2,9080166667e+04
 1500568500, 1,0900000000e+02, 6,3360000000e+01, 2,0720000000e+01, 3,4742766667e+01, 2,9103493333e+04
 1500568800, 9,2450000000e+01, 4,8966666667e+01, 2,0000000000e+01, 3,5113733333e+01, 2,9123366667e+04
 1500569100, 9,1400000000e+01, 4,9760000000e+01, 2,0640000000e+01, 3,5637000000e+01, 2,8988520000e+04
 1500569400, 1,0273333333e+02, 5,9733333333e+01, 2,1773333333e+01, 3,6129800000e+01, 2,9180010000e+04
 1500569700, 8,5000000000e+01, 4,1946666667e+01, 2,0000000000e+01, 3,6694766667e+01, 2,9376793333e+04
 1500570000, 8,5000000000e+01, 4,0000000000e+01, 2,0000000000e+01, 3,5327966667e+01, 2,9572976667e+04
 1500570300, 8,9416666667e+01, 4,5300000000e+01, 2,0000000000e+01, 3,3820366667e+01, 2,9615103333e+04
 1500570600, 8,2933333333e+01, 4,0346666667e+01, 2,0000000000e+01, 3,3009600000e+01, 2,9682003333e+04
 1500570900, 1,0483333333e+02, 6,0846666667e+01, 2,0993333333e+01, 3,3714400000e+01, 2,9956826667e+04
 1500571200, 1,4200000000e+02, 9,1800000000e+01, 2,7400000000e+01, 3,4130166667e+01, 2,8962733333e+04
 1500571500, 1,7160000000e+02, 1,1170666667e+02, 3,9786666667e+01, 3,2700866667e+01, 2,6192596667e+04
 1500571800, 1,8500000000e+02, 1,2600000000e+02, 3,8000000000e+01, 3,1265233333e+01, 2,1674116667e+04
 1500572100, 2,4501666667e+02, 1,7955333333e+02, 4,5386666667e+01, 2,9045433333e+01, 1,7278210000e+04
 1500572400, 1,8851666667e+02, 1,3481333333e+02, 3,4426666667e+01, 2,5657233333e+01, 1,7645116667e+04
 1500572700, 1,6238333333e+02, 1,1286000000e+02, 3,0000000000e+01, 2,2603866667e+01, 2,5166296667e+04
 1500573000, 1,8586666667e+02, 1,3198666667e+02, 3,3880000000e+01, 2,2991000000e+01, 3,3227596667e+04
 1500573300, 2,3876666667e+02, 1,7701333333e+02, 4,1506666667e+01, 2,3741700000e+01, 3,3170600000e+04
 1500573600, 2,3000000000e+02, 1,7000000000e+02, 3,8000000000e+01, 2,4281500000e+01, 3,3061500000e+04
 1500573900, 2,4846666667e+02, 1,8292666667e+02, 4,1693333333e+01, 2,3586033333e+01, 2,5100766667e+04
 1500574200, 2,2468333333e+02, 1,6519333333e+02, 3,7660000000e+01, 2,2413200000e+01, 2,4764210000e+04
 1500574500, 2,2285000000e+02, 1,6532666667e+02, 3,7046666667e+01, 2,1624833333e+01, 2,7640726667e+04
 1500574800, 2,3323333333e+02, 1,7458666667e+02, 3,9293333333e+01, 2,2341200000e+01, 3,2577683333e+04
 1500575100, 2,4061666667e+02, 1,8024666667e+02, 4,2000000000e+01, 2,3182000000e+01, 3,3373260000e+04
 1500575400, 2,4500000000e+02, 1,8200000000e+02, 4,2000000000e+01, 2,3623633333e+01, 3,3470593333e+04
 1500575700, 2,4500000000e+02, 1,8200000000e+02, 4,2000000000e+01, 2,3965000000e+01, 3,3461630000e+04
 1500576000, 2,4500000000e+02, 1,8344666667e+02, 4,2000000000e+01, 2,4185733333e+01, 3,3349966667e+04
 1500576300, 2,4500000000e+02, 1,8400000000e+02, 4,2000000000e+01, 2,4343433333e+01, 3,3359220000e+04
 1500576600, 2,4500000000e+02, 1,8335333333e+02, 4,2000000000e+01, 2,4489866667e+01, 3,3477913333e+04
 1500576900, 2,4500000000e+02, 1,8224666667e+02, 4,2000000000e+01, 2,4532000000e+01, 3,4018303333e+04
 1500577200, 2,4500000000e+02, 1,8400000000e+02, 4,2000000000e+01, 2,4530166667e+01, 3,4511490000e+04
 1500577500, 2,4500000000e+02, 1,8215333333e+02, 4,2000000000e+01, 2,4574466667e+01, 3,4355573333e+04
 1500577800, 2,4500000000e+02, 1,8200000000e+02, 4,2000000000e+01, 2,4626766667e+01, 3,4230576667e+04
 1500578100, 2,4500000000e+02, 1,8304666667e+02, 4,2000000000e+01, 2,4471333333e+01, 3,4021443333e+04
 1500578400, 2,4500000000e+02, 1,8594000000e+02, 4,0060000000e+01, 2,4274566667e+01, 3,4110043333e+04
 1500578700, 2,4438333333e+02, 1,8852000000e+02, 3,6740000000e+01, 2,4194566667e+01, 3,3720230000e+04
 1500579000, 2,4000000000e+02, 1,7800000000e+02, 4,2000000000e+01, 2,2822366667e+01, 2,5322746667e+04
 1500579300, 2,3076666667e+02, 1,7246000000e+02, 3,8306666667e+01, 2,0544200000e+01, 1,9546450000e+04
 1500579600, 1,7575000000e+02, 1,2426000000e+02, 3,0766666667e+01, 1,7561033333e+01, 1,6033226667e+04
 1500579900, 1,5238333333e+02, 1,0286000000e+02, 2,9046666667e+01, 1,5462766667e+01, 1,5986316667e+04
 1500580200, 1,5323333333e+02, 1,0323333333e+02, 2,9353333333e+01, 1,3656300000e+01, 1,5985966667e+04
 1500580500, 1,5938333333e+02, 1,0950666667e+02, 2,8000000000e+01, 1,2040266667e+01, 1,5943543333e+04
 1500580800, 1,5500000000e+02, 1,0600000000e+02, 2,8000000000e+01, 9,8706333333e+00, 7,7418300000e+03
 1500581100, 7,6516666667e+01, 4,1366666667e+01, 1,6920000000e+01, 8,2293000000e+00, 7,5375900000e+03
 1500581400, 1,2786666667e+02, 8,8080000000e+01, 1,8893333333e+01, 8,1538333333e+00, 3,2105323333e+04
 1500581700, 1,5000000000e+02, 1,0904666667e+02, 2,1046666667e+01, 8,1320000000e+00, 4,1700646667e+04
 1500582000, 1,5000000000e+02, 1,1000000000e+02, 2,2000000000e+01, 8,1103000000e+00, 4,1702246667e+04
 1500582300, 1,5000000000e+02, 1,1000000000e+02, 2,2000000000e+01, 8,0803000000e+00, 4,1704523333e+04
 1500582600, 1,5000000000e+02, 1,1000000000e+02, 2,2000000000e+01, 8,0575333333e+00, 4,1706046667e+04
 1500582900, 1,5000000000e+02, 1,1000000000e+02, 2,2000000000e+01, 8,0475333333e+00, 4,2303796667e+04
 1500583200, 1,4638333333e+02, 1,0710666667e+02, 2,2000000000e+01, 7,8345000000e+00, 5,1326820000e+04
 1500583500, 1,5285000000e+02, 1,1123333333e+02, 2,3046666667e+01, 7,3192666667e+00, 5,1852370000e+04
 1500583800, 1,6000000000e+02, 1,1600000000e+02, 2,4000000000e+01, 6,9248333333e+00, 5,1852476667e+04
 1500584100, 1,5938333333e+02, 1,1575333333e+02, 2,4000000000e+01, 6,6338000000e+00, 5,1847330000e+04
 1500584400, 1,5500000000e+02, 1,1400000000e+02, 2,4000000000e+01, 6,4696333333e+00, 5,1736436667e+04
 1500584700, 1,5961666667e+02, 1,1584666667e+02, 2,4000000000e+01, 6,3356666667e+00, 5,1833633333e+04
 1500585000, 1,6000000000e+02, 1,1600000000e+02, 2,2553333333e+01, 6,0122000000e+00, 5,1853800000e+04
 1500585300, 1,6000000000e+02, 1,1600000000e+02, 2,3046666667e+01, 5,8888000000e+00, 5,1796816667e+04
 1500585600, 1,6000000000e+02, 1,1600000000e+02, 2,4000000000e+01, 5,9284333333e+00, 5,1845983333e+04
 1500585900, 1,5876666667e+02, 1,1526000000e+02, 2,3753333333e+01, 5,8209666667e+00, 2,9942250000e+04
 1500586200, 1,5000000000e+02, 1,1000000000e+02, 2,2000000000e+01, 6,3218333333e+00, 9,7545300000e+03
 1500586500, 1,5000000000e+02, 1,0815333333e+02, 2,0153333333e+01, 6,7913333333e+00, 4,0932930000e+04
 1500586800, 1,5000000000e+02, 1,0944666667e+02, 2,1446666667e+01, 7,1330000000e+00, 4,1961353333e+04
 1500587100, 1,5000000000e+02, 1,1000000000e+02, 2,2000000000e+01, 7,3879000000e+00, 4,1962170000e+04
 1500587400, 1,5000000000e+02, 1,1000000000e+02, 2,2000000000e+01, 7,5717333333e+00, 4,1962000000e+04
 1500587700, 1,5000000000e+02, 1,1000000000e+02, 2,2000000000e+01, 7,7015666667e+00, 4,1962276667e+04
 1500588000, 1,5000000000e+02, 1,1000000000e+02, 2,2000000000e+01, 7,8011000000e+00, 4,1962723333e+04
 1500588300, 1,4076666667e+02, 1,0261333333e+02, 2,0153333333e+01, 7,8958666667e+00, 4,6125510000e+04
 1500588600, 9,2983333333e+01, 5,5706666667e+01, 2,0000000000e+01, 7,9740000000e+00, 5,1913076667e+04
 1500588900, 1,1948333333e+02, 7,8820000000e+01, 2,2093333333e+01, 7,7105000000e+00, 5,2113170000e+04
 1500589200, 1,6000000000e+02, 1,1600000000e+02, 2,4000000000e+01, 7,2440000000e+00, 5,2116693333e+04
 1500589500, 1,5753333333e+02, 1,1427333333e+02, 2,3506666667e+01, 6,6631333333e+00, 5,2016430000e+04
 1500589800, 1,4000000000e+02, 1,0200000000e+02, 2,0000000000e+01, 6,1283333333e+00, 5,2115370000e+04
 1500590100, 1,5846666667e+02, 1,1677333333e+02, 2,3693333333e+01, 5,9378000000e+00, 5,2116800000e+04
 1500590400, 1,6000000000e+02, 1,1655333333e+02, 2,4000000000e+01, 5,7481333333e+00, 5,2116200000e+04
 1500590700, 1,6000000000e+02, 1,1600000000e+02, 2,4000000000e+01, 5,7720333333e+00, 3,8880613333e+04
 1500591000, 1,5515000000e+02, 1,1341333333e+02, 2,2706666667e+01, 6,1847666667e+00, 7,3543233333e+03
 1500591300, 1,4561666667e+02, 1,0824666667e+02, 2,0246666667e+01, 6,6850333333e+00, 3,9266686667e+04
 1500591600, 1,5000000000e+02, 1,1000000000e+02, 2,2000000000e+01, 7,0482333333e+00, 4,1948200000e+04
 1500591900, 1,5000000000e+02, 1,1000000000e+02, 2,2000000000e+01, 7,3196000000e+00, 4,1948123333e+04
 1500592200, 1,5000000000e+02, 1,1000000000e+02, 2,2000000000e+01, 7,5157333333e+00, 4,1949446667e+04
 1500592500, 1,5000000000e+02, 1,1000000000e+02, 2,2000000000e+01, 7,6495666667e+00, 4,1950093333e+04
 1500592800, 1,4676666667e+02, 1,0741333333e+02, 2,1353333333e+01, 7,7421666667e+00, 4,2559090000e+04
 1500593100, 1,4185000000e+02, 1,0348000000e+02, 2,0493333333e+01, 7,7158000000e+00, 5,1550160000e+04
 1500593400, 1,5500000000e+02, 1,1400000000e+02, 2,4000000000e+01, 7,3178666667e+00, 5,2109246667e+04
 1500593700, 1,5961666667e+02, 1,1584666667e+02, 2,4000000000e+01, 6,7935666667e+00, 5,2103430000e+04
 1500594000, 1,6000000000e+02, 1,1600000000e+02, 2,4000000000e+01, 6,4657333333e+00, 5,2084880000e+04
 1500594300, 1,6000000000e+02, 1,1704666667e+02, 2,4000000000e+01, 6,1610333333e+00, 5,2111030000e+04
 1500594600, 1,6000000000e+02, 1,1735333333e+02, 2,4000000000e+01, 5,9345666667e+00, 5,2111570000e+04
 1500594900, 1,6000000000e+02, 1,1600000000e+02, 2,4000000000e+01, 5,7442666667e+00, 5,2111676667e+04
 1500595200, 1,6000000000e+02, 1,1600000000e+02, 2,4000000000e+01, 5,5147000000e+00, 4,7280496667e+04
 1500595500, 1,5538333333e+02, 1,1046000000e+02, 2,4000000000e+01, 4,9220000000e+00, 7,3356100000e+03
 1500595800, 8,2666666667e+01, 4,7793333333e+01, 1,6766666667e+01, 3,6008333333e+00, 6,8675733333e+03
 1500596100, 5,5000000000e+01, 2,4000000000e+01, 1,2953333333e+01, 2,6250333333e+00, 6,8660200000e+03
 1500596400, 5,5000000000e+01, 2,4000000000e+01, 1,2000000000e+01, 1,9072666667e+00, 6,8668433333e+03
 1500596700, 5,5000000000e+01, 2,4000000000e+01, 1,2000000000e+01, 1,3905000000e+00, 6,8680000000e+03
 1500597000, 5,5000000000e+01, 2,4000000000e+01, 1,2000000000e+01, 1,0073000000e+00, 6,8687233333e+03
 1500597300, 5,5000000000e+01, 2,4000000000e+01, 1,2000000000e+01, 7,3363333333e-01, 6,8684000000e+03
 1500597600, 5,5000000000e+01, 2,4000000000e+01, 1,2000000000e+01, 5,4550000000e-01, 6,8680766667e+03
 1500597900, 5,5000000000e+01, 2,4000000000e+01, 1,2000000000e+01, 4,1643333333e-01, 6,8683233333e+03
 1500598200, 5,5000000000e+01, 2,4000000000e+01, 1,2000000000e+01, 3,1903333333e-01, 6,8684066667e+03
 1500598500, 5,5000000000e+01, 2,4000000000e+01, 1,2000000000e+01, 2,4136666667e-01, 6,8684766667e+03
 1500598800, 5,5000000000e+01, 2,4000000000e+01, 1,2000000000e+01, 1,8506666667e-01, 6,8688466667e+03
 1500599100, 5,5000000000e+01, 2,4000000000e+01, 1,2000000000e+01, 1,4906666667e-01, 6,8674766667e+03
 1500599400, 5,5000000000e+01, 2,4000000000e+01, 1,2000000000e+01, 1,3313333333e-01, 6,8679900000e+03
 1500599700, 5,5000000000e+01, 2,5800000000e+01, 1,2000000000e+01, 1,3276666667e-01, 6,8685766667e+03
 1500600000, 5,5000000000e+01, 2,4553333333e+01, 1,2000000000e+01, 1,2676666667e-01, 6,8688000000e+03
 1500600300, 5,5000000000e+01, 2,4000000000e+01, 1,2000000000e+01, 1,0800000000e-01, 6,8674766667e+03
 1500600600, 5,5000000000e+01, 2,4000000000e+01, 1,2000000000e+01, 1,1796666667e-01, 6,8687666667e+03
 1500600900, 5,5000000000e+01, 2,4000000000e+01, 1,2000000000e+01, 1,1553333333e-01, 6,8692000000e+03
 1500601200, 5,5000000000e+01, 2,4000000000e+01, 1,2000000000e+01, 9,6766666667e-02, 6,8698766667e+03
 1500601500, 5,5000000000e+01, 2,4000000000e+01, 1,2000000000e+01, 7,2300000000e-02, 6,8697233333e+03
 1500601800, 5,5000000000e+01, 2,4000000000e+01, 1,2000000000e+01, 5,4766666667e-02, 6,8686766667e+03
 1500602100, 5,5000000000e+01, 2,4000000000e+01, 1,2000000000e+01, 5,0000000000e-02, 6,8688000000e+03
 1500602400, 5,5000000000e+01, 2,4000000000e+01, 1,2000000000e+01, 5,0000000000e-02, 6,8681533333e+03
 1500602700, 5,5000000000e+01, 2,4000000000e+01, 1,2000000000e+01, 5,6000000000e-02, 6,8677233333e+03
 1500603000, 5,5000000000e+01, 2,4000000000e+01, 1,2000000000e+01, 5,0000000000e-02, 6,8679233333e+03
 1500603300, 5,5000000000e+01, 2,4000000000e+01, 1,2000000000e+01, 5,0000000000e-02, 6,8690000000e+03
 1500603600, 5,5000000000e+01, 2,4000000000e+01, 1,2000000000e+01, 5,0000000000e-02, 6,8680766667e+03
 1500603900, 5,5000000000e+01, 2,4000000000e+01, 1,2000000000e+01, 5,0000000000e-02, 6,8683233333e+03
 1500604200, 5,5000000000e+01, 2,4000000000e+01, 1,2000000000e+01, 5,0000000000e-02, 6,8688000000e+03
 1500604500, 5,5000000000e+01, 2,4246666667e+01, 1,2000000000e+01, 5,0000000000e-02, 6,8692466667e+03
 1500604800, 5,5000000000e+01, 2,6000000000e+01, 1,2000000000e+01, 5,0000000000e-02, 6,8687533333e+03
 1500605100, 5,5000000000e+01, 2,4153333333e+01, 1,2000000000e+01, 5,0000000000e-02, 6,8686500000e+03
 1500605400, 5,5000000000e+01, 2,4000000000e+01, 1,2000000000e+01, 5,0000000000e-02, 6,8686766667e+03
 1500605700, 5,5000000000e+01, 2,4000000000e+01, 1,2000000000e+01, 5,4000000000e-02, 6,8696466667e+03
 1500606000, 5,5000000000e+01, 2,4000000000e+01, 1,2000000000e+01, 5,0000000000e-02, 6,8694000000e+03
 1500606300, 5,5000000000e+01, 2,4000000000e+01, 1,2000000000e+01, 5,0000000000e-02, 6,8697233333e+03
 1500606600, 5,5000000000e+01, 2,4000000000e+01, 1,2000000000e+01, 5,3233333333e-02, 6,8693533333e+03
 1500606900, 5,5000000000e+01, 2,4000000000e+01, 1,2000000000e+01, 6,4000000000e-02, 6,8687300000e+03
 1500607200, 5,5000000000e+01, 2,4000000000e+01, 1,2000000000e+01, 6,0000000000e-02, 6,8686566667e+03
 1500607500, 5,5000000000e+01, 2,4000000000e+01, 1,2000000000e+01, 6,4000000000e-02, 6,8688000000e+03
 1500607800, 5,5000000000e+01, 2,4000000000e+01, 1,2000000000e+01, 5,2766666667e-02, 6,8687833333e+03
 1500608100, 5,5000000000e+01, 2,4000000000e+01, 1,2000000000e+01, 5,9233333333e-02, 6,8684000000e+03
 1500608400, 5,5000000000e+01, 2,4000000000e+01, 1,2000000000e+01, 5,4766666667e-02, 6,8688000000e+03
 1500608700, 5,5000000000e+01, 2,4000000000e+01, 1,2000000000e+01, 5,0000000000e-02, 6,8688000000e+03
 1500609000, 5,5000000000e+01, 2,4000000000e+01, 1,2000000000e+01, 5,0000000000e-02, 6,8684000000e+03
 1500609300, 5,5000000000e+01, 2,4000000000e+01, 1,2000000000e+01, 5,2000000000e-02, 6,8688766667e+03
 1500609600, 5,5000000000e+01, 2,4646666667e+01, 1,2000000000e+01, 6,3100000000e-02, 6,9223933333e+03
 1500609900, 5,8700000000e+01, 2,8713333333e+01, 1,2740000000e+01, 2,7363333333e-01, 8,0503900000e+03
 1500610200, 8,5000000000e+01, 4,8000000000e+01, 1,8000000000e+01, 9,6470000000e-01, 1,8045036667e+04
 1500610500, 1,4963333333e+02, 1,0709333333e+02, 2,1693333333e+01, 2,7984333333e+00, 2,8146790000e+04
 1500610800, 1,5500000000e+02, 1,1344666667e+02, 2,2000000000e+01, 4,2477000000e+00, 2,9908283333e+04
 1500611100, 1,5500000000e+02, 1,1400000000e+02, 2,2000000000e+01, 5,2725333333e+00, 3,0398946667e+04
 1500611400, 1,5500000000e+02, 1,1335333333e+02, 2,2000000000e+01, 6,0177000000e+00, 3,1541890000e+04
 1500611700, 1,5500000000e+02, 1,1224666667e+02, 2,2000000000e+01, 6,5502666667e+00, 3,2127006667e+04
 1500612000, 1,5500000000e+02, 1,1400000000e+02, 2,2000000000e+01, 6,9504000000e+00, 3,2697886667e+04
 1500612300, 1,5500000000e+02, 1,1400000000e+02, 2,2000000000e+01, 7,2508333333e+00, 3,3187753333e+04
 1500612600, 1,5138333333e+02, 1,1110666667e+02, 2,2000000000e+01, 7,4686666667e+00, 3,3439426667e+04
 1500612900, 1,5261666667e+02, 1,1209333333e+02, 2,2000000000e+01, 7,6320333333e+00, 3,3953776667e+04
 1500613200, 1,5500000000e+02, 1,1335333333e+02, 2,2000000000e+01, 7,7391000000e+00, 3,4117903333e+04
 1500613500, 1,5500000000e+02, 1,1224000000e+02, 2,2000000000e+01, 7,8049000000e+00, 3,4104503333e+04
 1500613800, 1,5500000000e+02, 1,1400000000e+02, 2,2000000000e+01, 7,8429333333e+00, 3,4119313333e+04
 1500614100, 1,5500000000e+02, 1,1400000000e+02, 2,2000000000e+01, 7,8480000000e+00, 3,4206446667e+04
 1500614400, 1,5500000000e+02, 1,1255333333e+02, 2,2000000000e+01, 7,8737000000e+00, 3,4521250000e+04
 1500614700, 1,5500000000e+02, 1,1200000000e+02, 2,2000000000e+01, 7,9097000000e+00, 3,4666756667e+04
 1500615000, 1,5500000000e+02, 1,1200000000e+02, 2,2000000000e+01, 7,9377000000e+00, 3,4742360000e+04
 1500615300, 1,5500000000e+02, 1,1224666667e+02, 2,2000000000e+01, 7,9624666667e+00, 3,4804236667e+04
 1500615600, 1,5500000000e+02, 1,1400000000e+02, 2,2000000000e+01, 7,9732333333e+00, 3,4986646667e+04
 1500615900, 1,5038333333e+02, 1,1215333333e+02, 2,2000000000e+01, 7,9932333333e+00, 3,5197543333e+04
 1500616200, 1,5361666667e+02, 1,1344666667e+02, 2,2000000000e+01, 7,9766000000e+00, 3,4714383333e+04
 1500616500, 1,3406666667e+02, 9,4113333333e+01, 2,0953333333e+01, 7,2970666667e+00, 2,0664246667e+04
 1500616800, 1,0691666667e+02, 6,8240000000e+01, 2,0000000000e+01, 5,8633000000e+00, 1,1617370000e+04
 1500617100, 9,0000000000e+01, 5,2000000000e+01, 2,0000000000e+01, 4,6899000000e+00, 9,4911733333e+03
 1500617400, 9,0000000000e+01, 5,2000000000e+01, 2,0000000000e+01, 3,7626666667e+00, 9,3269066667e+03
 1500617700, 8,5550000000e+01, 4,3100000000e+01, 1,8220000000e+01, 3,9858333333e+00, 1,0583963333e+04
 1500618000, 1,0308333333e+02, 6,3700000000e+01, 2,0893333333e+01, 4,4193000000e+00, 1,6794246667e+04
 1500618300, 1,7018333333e+02, 1,2119333333e+02, 3,0373333333e+01, 7,8427000000e+00, 2,4250446667e+04
 1500618600, 1,6563333333e+02, 1,1211333333e+02, 2,9780000000e+01, 1,1215266667e+01, 2,9055086667e+04
 1500618900, 1,4620000000e+02, 9,3440000000e+01, 2,7680000000e+01, 1,5536766667e+01, 3,8766903333e+04
 1500619200, 2,5500000000e+02, 1,9000000000e+02, 4,4000000000e+01, 2,0184000000e+01, 4,1740120000e+04
 1500619500, 2,5500000000e+02, 1,9000000000e+02, 4,4000000000e+01, 2,3639600000e+01, 4,1745856667e+04
 1500619800, 2,5960000000e+02, 1,9184000000e+02, 4,4000000000e+01, 2,6114566667e+01, 4,2147606667e+04
 1500620100, 2,5641666667e+02, 1,9056666667e+02, 4,4000000000e+01, 2,7941366667e+01, 4,3609700000e+04
 1500620400, 2,5500000000e+02, 1,8896000000e+02, 4,4000000000e+01, 2,9261566667e+01, 4,3943670000e+04
 1500620700, 2,5500000000e+02, 1,8864000000e+02, 4,4000000000e+01, 3,0206933333e+01, 4,3999856667e+04
 1500621000, 2,5500000000e+02, 1,9000000000e+02, 4,4000000000e+01, 3,0873700000e+01, 4,4321750000e+04
 1500621300, 2,5500000000e+02, 1,9000000000e+02, 4,4000000000e+01, 3,1312200000e+01, 4,4192110000e+04
 1500621600, 2,5960000000e+02, 1,9184000000e+02, 4,5840000000e+01, 3,1693866667e+01, 4,4049590000e+04
 1500621900, 2,6000000000e+02, 1,9200000000e+02, 4,4560000000e+01, 3,1934200000e+01, 4,4406126667e+04
 1500622200, -nan, 1,9095333333e+02, 4,4000000000e+01, 3,2105900000e+01, 4,4321706667e+04
 1500622500, -nan, 1,9064666667e+02, 4,4000000000e+01, 3,2273366667e+01, 4,4084433333e+04
 1500622800, -nan, 1,9200000000e+02, 4,4000000000e+01, 3,2341233333e+01, 4,4274330000e+04
 1500623100, -nan, 1,9200000000e+02, 4,4000000000e+01, 3,2373166667e+01, 4,4556140000e+04
 1500623400, -nan, 1,9015333333e+02, 4,4000000000e+01, 3,2446566667e+01, 4,4719283333e+04
 1500623700, -nan, 1,8712000000e+02, 4,4000000000e+01, 3,2509200000e+01, 4,4943156667e+04
 1500624000, -nan, 1,8809333333e+02, 4,4000000000e+01, 3,2606866667e+01, -nan
 1500624300, -nan, 1,8808000000e+02, 4,3360000000e+01, 3,2633866667e+01, -nan
 1500624600, -nan, -nan, -nan, 3,0794066667e+01, -nan
 1500624900, -nan, -nan, -nan, 2,7491300000e+01, -nan
 1500625200, -nan, -nan, -nan, 2,4376966667e+01, -nan
 1500625500, -nan, -nan, -nan, 2,1496300000e+01, -nan
 1500625800, -nan, -nan, -nan, 2,2256966667e+01, -nan
 1500626100, -nan, -nan, -nan, 2,3544100000e+01, -nan
 1500626400, -nan, -nan, -nan, -nan, -nan
 1500626700, -nan, -nan, -nan, -nan, -nan
 1500627000, -nan, -nan, -nan, -nan, -nan
 1500627300, -nan, -nan, -nan, -nan, -nan
