 Time, ttl_pwr, cpu_pwr, mem_pwr, cpu_load, mem_load
 1500448500, 8.7633333333e+01, 4.9053333333e+01, 2.3053333333e+01, 2.6681333333e+00, 9.5133800000e+03
 1500448800, 7.6933333333e+01, 4.1506666667e+01, 1.9426666667e+01, 2.1405333333e+00, 7.9443533333e+03
 1500449100, 5.0000000000e+01, 2.4000000000e+01, 1.0000000000e+01, 1.5970000000e+00, 7.7298733333e+03
 1500449400, 5.0000000000e+01, 2.4000000000e+01, 1.0000000000e+01, 1.2024000000e+00, 7.7292000000e+03
 1500449700, 5.0000000000e+01, 2.4000000000e+01, 1.0000000000e+01, 8.9433333333e-01, 7.7302733333e+03
 1500450000, 5.0000000000e+01, 2.4000000000e+01, 1.0000000000e+01, 1.8752000000e+00, 8.9718000000e+03
 1500450300, 1.0003333333e+02, 6.4026666667e+01, 1.8426666667e+01, 5.0992666667e+00, 1.0585180000e+04
 1500450600, 1.6786666667e+02, 1.2286666667e+02, 2.6000000000e+01, 7.4040666667e+00, 1.2323520000e+04
 1500450900, 1.9410000000e+02, 1.5150666667e+02, 2.3973333333e+01, 8.5042000000e+00, 8.0321000000e+03
 1500451200, 5.0000000000e+01, 2.4000000000e+01, 1.0000000000e+01, 6.5218000000e+00, 7.7288866667e+03
 1500451500, 6.3900000000e+01, 3.1413333333e+01, 1.9266666667e+01, 6.0185666667e+00, 1.8206110000e+04
 1500451800, 1.8490000000e+02, 1.3954666667e+02, 3.0173333333e+01, 8.8329333333e+00, 2.5688880000e+04
 1500452100, 2.3526666667e+02, 1.8526666667e+02, 3.1893333333e+01, 1.1111733333e+01, 2.5262786667e+04
 1500452400, 2.3673333333e+02, 1.8804000000e+02, 3.0000000000e+01, 1.2756000000e+01, 2.4179546667e+04
 1500452700, 2.3126666667e+02, 1.8501333333e+02, 3.0000000000e+01, 1.4033200000e+01, 1.7913300000e+04
 1500453000, 2.4000000000e+02, 1.9200000000e+02, 3.0000000000e+01, 1.4887200000e+01, 2.5112533333e+04
 1500453300, 2.4000000000e+02, 1.8829333333e+02, 3.3706666667e+01, 1.5499866667e+01, 2.5460566667e+04
 1500453600, 2.4000000000e+02, 1.9381333333e+02, 2.8186666667e+01, 1.5929600000e+01, 2.4704706667e+04
 1500453900, 2.3473333333e+02, 1.8757333333e+02, 2.9160000000e+01, 1.6244733333e+01, 2.1918786667e+04
 1500454200, 2.3163333333e+02, 1.8326666667e+02, 3.0040000000e+01, 1.6478800000e+01, 2.5421786667e+04
 1500454500, 2.3626666667e+02, 1.9025333333e+02, 2.7013333333e+01, 1.6643733333e+01, 2.1498973333e+04
 1500454800, 2.4500000000e+02, 1.9200000000e+02, 3.4000000000e+01, 1.6703600000e+01, 2.1189980000e+04
 1500455100, 2.2646666667e+02, 1.8088000000e+02, 2.6586666667e+01, 1.6783800000e+01, 2.5412380000e+04
 1500455400, 2.3590000000e+02, 1.8872000000e+02, 2.7453333333e+01, 1.6769266667e+01, 2.5843880000e+04
 1500455700, 2.4000000000e+02, 1.9094666667e+02, 2.8000000000e+01, 1.6821866667e+01, 2.2149600000e+04
 1500456000, 2.3836666667e+02, 1.9000000000e+02, 2.8000000000e+01, 1.6585066667e+01, 2.1834573333e+04
 1500456300, 2.3500000000e+02, 1.9000000000e+02, 2.8000000000e+01, 1.6316333333e+01, 2.4167993333e+04
 1500456600, 2.3500000000e+02, 1.9000000000e+02, 2.8000000000e+01, 1.6157133333e+01, 2.2375620000e+04
 1500456900, 2.3500000000e+02, 1.9000000000e+02, 2.8000000000e+01, 1.6120200000e+01, 2.3501646667e+04
 1500457200, 2.2410000000e+02, 1.7982666667e+02, 2.6546666667e+01, 1.6092233333e+01, 2.1907930000e+04
 1500457500, 2.3053333333e+02, 1.7705333333e+02, 3.4426666667e+01, 1.5994500000e+01, 2.5793963333e+04
 1500457800, 2.3346666667e+02, 1.7734666667e+02, 3.6773333333e+01, 1.5977266667e+01, 2.1751220000e+04
 1500458100, 2.2253333333e+02, 1.7802666667e+02, 2.6253333333e+01, 1.5915333333e+01, 2.0355100000e+04
 1500458400, 2.4000000000e+02, 1.9200000000e+02, 2.8000000000e+01, 1.5832066667e+01, 2.5258320000e+04
 1500458700, 2.4463333333e+02, 1.9200000000e+02, 3.7266666667e+01, 1.5752400000e+01, 2.3384926667e+04
 1500459000, 2.4500000000e+02, 1.9054666667e+02, 3.8000000000e+01, 1.5713866667e+01, 2.5808140000e+04
 1500459300, 2.4500000000e+02, 1.9000000000e+02, 3.6946666667e+01, 1.5679800000e+01, 2.5611526667e+04
 1500459600, 2.4336666667e+02, 1.9000000000e+02, 3.3386666667e+01, 1.5709800000e+01, 2.2487880000e+04
 1500459900, 2.2670000000e+02, 1.7708000000e+02, 2.8000000000e+01, 1.5741400000e+01, 1.9948106667e+04
 1500460200, 1.3500000000e+02, 8.8000000000e+01, 2.8000000000e+01, 1.5814866667e+01, 2.3980953333e+04
 1500460500, 2.3693333333e+02, 1.7325333333e+02, 4.4680000000e+01, 1.5856066667e+01, 2.3522440000e+04
 1500460800, 1.5053333333e+02, 1.0588000000e+02, 2.7106666667e+01, 1.5811933333e+01, 2.0173546667e+04
 1500461100, 1.7820000000e+02, 1.3172000000e+02, 2.9480000000e+01, 1.5838000000e+01, 2.3621620000e+04
 1500461400, 2.4153333333e+02, 1.8392000000e+02, 3.9306666667e+01, 1.5885600000e+01, 2.4750453333e+04
 1500461700, 2.5500000000e+02, 1.9149333333e+02, 4.2760000000e+01, 1.5890200000e+01, 2.5396773333e+04
 1500462000, 2.5500000000e+02, 1.8800000000e+02, 4.8000000000e+01, 1.5720133333e+01, 1.7776033333e+04
 1500462300, 6.5033333333e+01, 3.6026666667e+01, 1.2786666667e+01, 1.2519733333e+01, 7.7292933333e+03
 1500462600, 5.0000000000e+01, 2.2553333333e+01, 1.0000000000e+01, 9.0987000000e+00, 7.7278666667e+03
 1500462900, 5.0000000000e+01, 2.3053333333e+01, 1.0000000000e+01, 6.6229333333e+00, 7.7274533333e+03
 1500463200, 5.0000000000e+01, 2.4000000000e+01, 1.0000000000e+01, 4.8207333333e+00, 7.7288000000e+03
 1500463500, 5.0000000000e+01, 2.3746666667e+01, 1.0000000000e+01, 3.5228666667e+00, 7.7289266667e+03
 1500463800, 5.0000000000e+01, 2.2000000000e+01, 1.0000000000e+01, 2.5786666667e+00, 7.7281466667e+03
 1500464100, 5.0000000000e+01, 2.2000000000e+01, 1.0000000000e+01, 2.9320333333e+00, 9.7616933333e+03
 1500464400, 1.3126666667e+02, 8.9840000000e+01, 2.1306666667e+01, 6.5740000000e+00, 1.0376293333e+04
 1500464700, 1.7553333333e+02, 1.3169333333e+02, 2.6000000000e+01, 9.1606000000e+00, 1.1973293333e+04
 1500465000, 2.0623333333e+02, 1.5968000000e+02, 3.0573333333e+01, 1.2108600000e+01, 2.3146866667e+04
 1500465300, 2.5063333333e+02, 1.9225333333e+02, 4.0000000000e+01, 1.6756133333e+01, 2.6367480000e+04
 1500465600, 2.5500000000e+02, 1.9400000000e+02, 4.0000000000e+01, 2.0107533333e+01, 2.6512813333e+04
 1500465900, 2.5036666667e+02, 1.9214666667e+02, 4.0000000000e+01, 2.2559266667e+01, 2.6442566667e+04
 1500466200, 2.5363333333e+02, 1.9200000000e+02, 4.1453333333e+01, 2.4324566667e+01, 2.6579706667e+04
 1500466500, 2.5236666667e+02, 1.9200000000e+02, 4.0946666667e+01, 2.5601333333e+01, 2.6681980000e+04
 1500466800, 2.5000000000e+02, 1.9200000000e+02, 4.0000000000e+01, 2.6575266667e+01, 2.6658986667e+04
 1500467100, 2.4760000000e+02, 1.8936000000e+02, 3.9760000000e+01, 2.7428233333e+01, 2.6640633333e+04
 1500467400, 2.3000000000e+02, 1.7000000000e+02, 3.8000000000e+01, 2.8366266667e+01, 2.6606223333e+04
 1500467700, 1.3410000000e+02, 8.4146666667e+01, 2.7040000000e+01, 2.9215333333e+01, 2.6675593333e+04
 1500468000, 1.8860000000e+02, 1.2546666667e+02, 4.1546666667e+01, 2.9786100000e+01, 2.6651750000e+04
 1500468300, 2.3606666667e+02, 1.6390666667e+02, 5.1160000000e+01, 2.9973333333e+01, 2.6073560000e+04
 1500468600, 2.5336666667e+02, 1.8392000000e+02, 4.9426666667e+01, 2.9745400000e+01, 2.6216133333e+04
 1500468900, 2.5000000000e+02, 1.9174666667e+02, 4.0000000000e+01, 2.9557000000e+01, 2.6221980000e+04
 1500469200, 2.5000000000e+02, 1.9000000000e+02, 4.0000000000e+01, 2.9479133333e+01, 2.6315830000e+04
 1500469500, 2.5000000000e+02, 1.9185333333e+02, 4.0000000000e+01, 2.9372800000e+01, 2.6544146667e+04
 1500469800, 2.5000000000e+02, 1.9200000000e+02, 4.0000000000e+01, 2.9285466667e+01, 2.6521993333e+04
 1500470100, 2.5263333333e+02, 1.9200000000e+02, 4.1053333333e+01, 2.9331066667e+01, 2.6513573333e+04
 1500470400, 2.5336666667e+02, 1.9200000000e+02, 4.1346666667e+01, 2.9153666667e+01, 2.6400480000e+04
 1500470700, 2.5000000000e+02, 1.9250666667e+02, 3.9240000000e+01, 2.8839600000e+01, 2.6442013333e+04
 1500471000, 2.5000000000e+02, 1.9600000000e+02, 3.4000000000e+01, 2.8697900000e+01, 2.6458266667e+04
 1500471300, 2.5000000000e+02, 1.8864000000e+02, 3.9520000000e+01, 2.8680733333e+01, 2.6363956667e+04
 1500471600, 1.6873333333e+02, 1.1026666667e+02, 3.5760000000e+01, 2.8702000000e+01, 2.6360196667e+04
 1500471900, 1.7740000000e+02, 1.1757333333e+02, 3.8240000000e+01, 2.8805133333e+01, 2.6264580000e+04
 1500472200, 1.4040000000e+02, 8.8240000000e+01, 3.1680000000e+01, 2.8474133333e+01, 2.5743450000e+04
 1500472500, 1.3736666667e+02, 8.7813333333e+01, 3.0533333333e+01, 2.6638866667e+01, 2.4457053333e+04
 1500472800, 2.2380000000e+02, 1.6373333333e+02, 4.2693333333e+01, 2.3716400000e+01, 2.4516693333e+04
 1500473100, 1.1500000000e+02, 6.4000000000e+01, 3.0000000000e+01, 2.1979000000e+01, 2.0099936667e+04
 1500473400, 9.1833333333e+01, 5.2880000000e+01, 2.2586666667e+01, 1.7356000000e+01, 9.8493600000e+03
 1500473700, 1.0453333333e+02, 5.9266666667e+01, 2.4906666667e+01, 1.5237400000e+01, 2.3150840000e+04
 1500474000, 1.7846666667e+02, 1.2309333333e+02, 3.5480000000e+01, 1.5408266667e+01, 2.5849926667e+04
 1500474300, 2.1550000000e+02, 1.5774666667e+02, 4.0080000000e+01, 1.5015533333e+01, 2.0557333333e+04
 1500474600, 1.6436666667e+02, 1.1524000000e+02, 3.2000000000e+01, 1.3191400000e+01, 1.7038860000e+04
 1500474900, 1.6000000000e+02, 1.1000000000e+02, 3.2000000000e+01, 1.1726400000e+01, 1.7167253333e+04
 1500475200, 1.6463333333e+02, 1.1185333333e+02, 3.2000000000e+01, 1.0646200000e+01, 1.7204626667e+04
 1500475500, 1.6136666667e+02, 1.1200000000e+02, 3.2000000000e+01, 9.8566000000e+00, 1.7251353333e+04
 1500475800, 1.6263333333e+02, 1.1305333333e+02, 3.2000000000e+01, 9.3215333333e+00, 1.7274373333e+04
 1500476100, 1.6500000000e+02, 1.1400000000e+02, 3.2000000000e+01, 8.9389333333e+00, 1.7337560000e+04
 1500476400, 1.6500000000e+02, 1.1374666667e+02, 3.2000000000e+01, 8.6350666667e+00, 1.7518453333e+04
 1500476700, 1.6500000000e+02, 1.1200000000e+02, 3.2000000000e+01, 8.4244666667e+00, 1.7717666667e+04
 1500477000, 1.6500000000e+02, 1.1385333333e+02, 3.2000000000e+01, 7.9128000000e+00, 1.2529406667e+04
 1500477300, 1.0323333333e+02, 5.8773333333e+01, 2.7640000000e+01, 6.0131333333e+00, 7.5929200000e+03
 1500477600, 6.4200000000e+01, 3.0626666667e+01, 1.7573333333e+01, 4.3826666667e+00, 7.4794200000e+03
 1500477900, 5.0000000000e+01, 2.4000000000e+01, 1.0000000000e+01, 3.2053333333e+00, 7.4799800000e+03
 1500478200, 5.0633333333e+01, 2.4000000000e+01, 1.0506666667e+01, 2.3430000000e+00, 7.4878666667e+03
 1500478500, 5.5000000000e+01, 2.4000000000e+01, 1.4000000000e+01, 1.7214000000e+00, 7.4902733333e+03
 1500478800, 5.0366666667e+01, 2.4000000000e+01, 1.0293333333e+01, 1.2726000000e+00, 7.4901266667e+03
 1500479100, 5.0000000000e+01, 2.4000000000e+01, 1.0000000000e+01, 9.5053333333e-01, 7.4908000000e+03
 1500479400, 5.0000000000e+01, 2.4000000000e+01, 1.0000000000e+01, 7.1666666667e-01, 7.4910000000e+03
 1500479700, 5.0000000000e+01, 2.4000000000e+01, 1.0000000000e+01, 5.3646666667e-01, 7.4910733333e+03
 1500480000, 5.0000000000e+01, 2.4000000000e+01, 1.0000000000e+01, 4.0860000000e-01, 7.4903266667e+03
 1500480300, 5.0000000000e+01, 2.4000000000e+01, 1.0000000000e+01, 5.2490000000e-01, 8.4803400000e+03
 1500480600, 1.6416666667e+02, 1.1350666667e+02, 2.8266666667e+01, 5.1537666667e+00, 1.4579573333e+04
 1500480900, 1.6786666667e+02, 1.1772000000e+02, 2.7146666667e+01, 1.1322666667e+01, 1.3949153333e+04
 1500481200, 1.9660000000e+02, 1.5076000000e+02, 2.6000000000e+01, 1.5090733333e+01, 1.6584036667e+04
 1500481500, 2.3300000000e+02, 1.8712000000e+02, 2.8560000000e+01, 1.9129333333e+01, 2.3174696667e+04
 1500481800, 2.5000000000e+02, 1.9776000000e+02, 3.4000000000e+01, 2.2795733333e+01, 2.3641253333e+04
 1500482100, 2.5000000000e+02, 1.9600000000e+02, 3.4000000000e+01, 2.5401233333e+01, 2.3742310000e+04
 1500482400, 2.5000000000e+02, 1.9600000000e+02, 3.4000000000e+01, 2.7269733333e+01, 2.3723353333e+04
 1500482700, 2.5000000000e+02, 1.9600000000e+02, 3.4000000000e+01, 2.8642800000e+01, 2.3900400000e+04
 1500483000, 2.5000000000e+02, 1.9704000000e+02, 3.4000000000e+01, 2.9651166667e+01, 2.3983146667e+04
 1500483300, 2.4515000000e+02, 1.9476666667e+02, 3.2706666667e+01, 3.0419633333e+01, 2.3920800000e+04
 1500483600, 2.2390000000e+02, 1.7665333333e+02, 2.9260000000e+01, 3.1341133333e+01, 2.4022893333e+04
 1500483900, 1.4500000000e+02, 9.6000000000e+01, 2.4000000000e+01, 3.2150066667e+01, 2.4129283333e+04
 1500484200, 1.3140000000e+02, 7.9680000000e+01, 2.9440000000e+01, 3.2758466667e+01, 2.3459320000e+04
 1500484500, 1.2283333333e+02, 7.3700000000e+01, 2.5700000000e+01, 3.3156066667e+01, 2.0794493333e+04
 1500484800, 1.3020000000e+02, 8.2200000000e+01, 2.5020000000e+01, 3.3203400000e+01, 2.0789336667e+04
 1500485100, 1.7920000000e+02, 1.2466666667e+02, 3.2533333333e+01, 3.3103466667e+01, 2.0405143333e+04
 1500485400, 2.5876666667e+02, 1.9249333333e+02, 4.4520000000e+01, 3.2739100000e+01, 1.9989983333e+04
 1500485700, 2.5000000000e+02, 1.9600000000e+02, 3.4000000000e+01, 3.2193266667e+01, 2.0294373333e+04
 1500486000, 2.5000000000e+02, 1.9414666667e+02, 3.4000000000e+01, 3.1625366667e+01, 2.0856390000e+04
 1500486300, 2.4636666667e+02, 1.9400000000e+02, 3.4000000000e+01, 3.1241666667e+01, 2.1218440000e+04
 1500486600, 2.4500000000e+02, 1.9400000000e+02, 3.4000000000e+01, 3.0941566667e+01, 2.1048623333e+04
 1500486900, 2.4663333333e+02, 1.9400000000e+02, 3.4000000000e+01, 3.0805866667e+01, 2.0857846667e+04
 1500487200, 2.4936666667e+02, 1.9374666667e+02, 3.4000000000e+01, 3.0472600000e+01, 2.0701273333e+04
 1500487500, 2.4500000000e+02, 1.9200000000e+02, 3.4000000000e+01, 3.0261866667e+01, 2.0740280000e+04
 1500487800, 2.0820000000e+02, 1.5152000000e+02, 3.4000000000e+01, 3.0390233333e+01, 2.0735073333e+04
 1500488100, 1.4740000000e+02, 9.7600000000e+01, 2.6800000000e+01, 3.0494533333e+01, 2.0503090000e+04
 1500488400, 1.4553333333e+02, 9.4426666667e+01, 2.9133333333e+01, 3.0281033333e+01, 2.0437103333e+04
 1500488700, 1.6990000000e+02, 1.1392000000e+02, 3.4653333333e+01, 2.9350566667e+01, 1.9850656667e+04
 1500489000, 1.9013333333e+02, 1.3061333333e+02, 3.7773333333e+01, 2.7738200000e+01, 1.8861686667e+04
 1500489300, 2.6000000000e+02, 1.9000000000e+02, 5.0000000000e+01, 2.4361266667e+01, 1.6545826667e+04
 1500489600, 1.6733333333e+02, 1.1401333333e+02, 3.3320000000e+01, 1.9416066667e+01, 1.1069193333e+04
 1500489900, 8.3700000000e+01, 4.8413333333e+01, 1.7466666667e+01, 1.4373000000e+01, 7.6338266667e+03
 1500490200, 6.0266666667e+01, 2.7053333333e+01, 1.4106666667e+01, 1.0692866667e+01, 7.5243733333e+03
 1500490500, 6.0100000000e+01, 2.6693333333e+01, 1.4040000000e+01, 7.8240666667e+00, 7.4671066667e+03
 1500490800, 5.0000000000e+01, 2.4000000000e+01, 1.0000000000e+01, 5.6987333333e+00, 7.4715800000e+03
 1500491100, 5.0000000000e+01, 2.4000000000e+01, 1.0000000000e+01, 4.1528000000e+00, 7.4714733333e+03
 1500491400, 5.0000000000e+01, 2.4000000000e+01, 1.0000000000e+01, 3.0594666667e+00, 7.4720000000e+03
 1500491700, 5.0000000000e+01, 2.4000000000e+01, 1.0000000000e+01, 2.2646000000e+00, 7.4716733333e+03
 1500492000, 5.0000000000e+01, 2.4000000000e+01, 1.0000000000e+01, 1.6681333333e+00, 7.4716533333e+03
 1500492300, 5.0000000000e+01, 2.4000000000e+01, 1.0000000000e+01, 1.2318666667e+00, 7.4719266667e+03
 1500492600, 5.0000000000e+01, 2.4000000000e+01, 1.0000000000e+01, 9.2233333333e-01, 7.4720733333e+03
 1500492900, 5.0000000000e+01, 2.4000000000e+01, 1.0000000000e+01, 6.9866666667e-01, 7.4716733333e+03
 1500493200, 5.0000000000e+01, 2.4000000000e+01, 1.0000000000e+01, 5.2900000000e-01, 7.4714000000e+03
 1500493500, 5.0000000000e+01, 2.4000000000e+01, 1.0000000000e+01, 4.0260000000e-01, 7.4715266667e+03
 1500493800, 5.0000000000e+01, 2.4000000000e+01, 1.0000000000e+01, 3.3113333333e-01, 7.4716000000e+03
 1500494100, 5.0000000000e+01, 2.4000000000e+01, 1.0000000000e+01, 2.7566666667e-01, 7.4714733333e+03
 1500494400, 5.0000000000e+01, 2.4000000000e+01, 1.0000000000e+01, 2.3873333333e-01, 7.4710533333e+03
 1500494700, 5.0000000000e+01, 2.4000000000e+01, 1.0000000000e+01, 2.2420000000e-01, 7.4735266667e+03
 1500495000, 5.0000000000e+01, 2.4000000000e+01, 1.0000000000e+01, 1.9693333333e-01, 7.4733466667e+03
 1500495300, 5.0000000000e+01, 2.4000000000e+01, 1.0000000000e+01, 1.5820000000e-01, 7.4723266667e+03
 1500495600, 5.0000000000e+01, 2.4000000000e+01, 1.0000000000e+01, 1.3873333333e-01, 7.4728000000e+03
 1500495900, 5.0000000000e+01, 2.4000000000e+01, 1.0000000000e+01, 1.4506666667e-01, 7.4732000000e+03
 1500496200, 5.0000000000e+01, 2.4000000000e+01, 1.0000000000e+01, 1.6346666667e-01, 7.4719266667e+03
 1500496500, 5.0000000000e+01, 2.4000000000e+01, 1.0000000000e+01, 1.4073333333e-01, 7.4726733333e+03
 1500496800, 5.0000000000e+01, 2.4000000000e+01, 1.0000000000e+01, 1.3526666667e-01, 7.4746000000e+03
 1500497100, 5.0000000000e+01, 2.4000000000e+01, 1.0000000000e+01, 1.3546666667e-01, 7.4733266667e+03
 1500497400, 5.0000000000e+01, 2.4000000000e+01, 1.1053333333e+01, 1.3800000000e-01, 7.4726733333e+03
 1500497700, 5.0000000000e+01, 2.4000000000e+01, 1.1346666667e+01, 1.1473333333e-01, 7.4731266667e+03
 1500498000, 5.0000000000e+01, 2.4000000000e+01, 1.0000000000e+01, 1.2326666667e-01, 7.4732000000e+03
 1500498300, 5.0000000000e+01, 2.4000000000e+01, 1.0000000000e+01, 1.3126666667e-01, 7.4736000000e+03
 1500498600, 5.0000000000e+01, 2.4000000000e+01, 1.0000000000e+01, 1.3273333333e-01, 7.4743266667e+03
 1500498900, 5.0000000000e+01, 2.4000000000e+01, 1.0000000000e+01, 1.2873333333e-01, 7.4738733333e+03
 1500499200, 5.0000000000e+01, 2.4000000000e+01, 1.0000000000e+01, 1.2200000000e-01, 7.4738733333e+03
 1500499500, 5.0000000000e+01, 2.4000000000e+01, 1.0000000000e+01, 1.3380000000e-01, 7.4740533333e+03
 1500499800, 5.0000000000e+01, 2.4000000000e+01, 1.0000000000e+01, 1.4726666667e-01, 7.4742000000e+03
 1500500100, 5.0000000000e+01, 2.4000000000e+01, 1.0000000000e+01, 1.6453333333e-01, 7.4742000000e+03
 1500500400, 5.0000000000e+01, 2.4000000000e+01, 1.0000000000e+01, 1.7346666667e-01, 7.4746733333e+03
 1500500700, 5.0000000000e+01, 2.4000000000e+01, 1.0000000000e+01, 1.4946666667e-01, 7.4746000000e+03
 1500501000, 5.0000000000e+01, 2.4000000000e+01, 1.0000000000e+01, 1.3800000000e-01, 7.4738000000e+03
 1500501300, 5.0000000000e+01, 2.4000000000e+01, 1.0000000000e+01, 1.5253333333e-01, 7.4740733333e+03
 1500501600, 5.0000000000e+01, 2.4000000000e+01, 1.0000000000e+01, 1.3946666667e-01, 7.4740533333e+03
 1500501900, 5.0000000000e+01, 2.4000000000e+01, 1.0000000000e+01, 1.3673333333e-01, 7.4752000000e+03
 1500502200, 5.0000000000e+01, 2.4000000000e+01, 1.0000000000e+01, 1.3126666667e-01, 7.4748000000e+03
 1500502500, 5.0000000000e+01, 2.4000000000e+01, 1.0000000000e+01, 1.5126666667e-01, 7.4742000000e+03
 1500502800, 5.0000000000e+01, 2.4000000000e+01, 1.0000000000e+01, 1.5726666667e-01, 7.4756533333e+03
 1500503100, 5.0000000000e+01, 2.4000000000e+01, 1.0000000000e+01, 1.3746666667e-01, 7.4748200000e+03
 1500503400, 5.0000000000e+01, 2.4000000000e+01, 1.0000000000e+01, 1.2546666667e-01, 7.4747266667e+03
 1500503700, 5.0000000000e+01, 2.4000000000e+01, 1.0000000000e+01, 1.1800000000e-01, 7.4758000000e+03
 1500504000, 5.0000000000e+01, 2.4000000000e+01, 1.1853333333e+01, 1.2273333333e-01, 7.4762533333e+03
 1500504300, 5.0000000000e+01, 2.4000000000e+01, 1.0546666667e+01, 1.1580000000e-01, 7.4762000000e+03
 1500504600, 5.0000000000e+01, 2.4000000000e+01, 1.0000000000e+01, 1.5453333333e-01, 7.4762733333e+03
 1500504900, 5.0000000000e+01, 2.4000000000e+01, 1.0000000000e+01, 1.4076666667e-01, 7.4752033333e+03
 1500505200, 5.0000000000e+01, 2.4000000000e+01, 1.0000000000e+01, 1.4003333333e-01, 7.4750033333e+03
 1500505500, 5.0000000000e+01, 2.4000000000e+01, 1.0000000000e+01, 1.5000000000e-01, 7.4745466667e+03
 1500505800, 5.0000000000e+01, 2.4000000000e+01, 1.0000000000e+01, 1.3620000000e-01, 7.4746000000e+03
 1500506100, 5.0000000000e+01, 2.4000000000e+01, 1.0000000000e+01, 1.1273333333e-01, 7.4751266667e+03
 1500506400, 5.0000000000e+01, 2.4000000000e+01, 1.0000000000e+01, 1.1053333333e-01, 7.4754733333e+03
 1500506700, 5.0000000000e+01, 2.4000000000e+01, 1.0000000000e+01, 1.3200000000e-01, 7.4744000000e+03
 1500507000, 5.0000000000e+01, 2.4000000000e+01, 1.0000000000e+01, 1.3600000000e-01, 7.4741266667e+03
 1500507300, 5.0000000000e+01, 2.4000000000e+01, 1.0000000000e+01, 1.2473333333e-01, 7.4748000000e+03
 1500507600, 5.0000000000e+01, 2.4000000000e+01, 1.0000000000e+01, 1.1473333333e-01, 7.4755266667e+03
 1500507900, 5.0000000000e+01, 2.4000000000e+01, 1.0000000000e+01, 1.3580000000e-01, 7.4762000000e+03
 1500508200, 5.0000000000e+01, 2.4000000000e+01, 1.0000000000e+01, 1.5180000000e-01, 7.4747466667e+03
 1500508500, 5.0000000000e+01, 2.4000000000e+01, 1.0000000000e+01, 1.8000000000e-01, 7.4744533333e+03
 1500508800, 5.0000000000e+01, 2.4000000000e+01, 1.0000000000e+01, 1.6346666667e-01, 7.4752000000e+03
 1500509100, 5.0000000000e+01, 2.4000000000e+01, 1.0000000000e+01, 1.3946666667e-01, 7.4761266667e+03
 1500509400, 5.0000000000e+01, 2.4000000000e+01, 1.0000000000e+01, 1.3600000000e-01, 7.4752766667e+03
 1500509700, 5.0000000000e+01, 2.4000000000e+01, 1.0000000000e+01, 1.4253333333e-01, 7.4756733333e+03
 1500510000, 5.0000000000e+01, 2.4000000000e+01, 1.0000000000e+01, 1.3746666667e-01, 7.4762533333e+03
 1500510300, 5.0000000000e+01, 2.4000000000e+01, 1.0000000000e+01, 1.1346666667e-01, 7.4764733333e+03
 1500510600, 5.0000000000e+01, 2.4000000000e+01, 1.0000000000e+01, 1.0126666667e-01, 7.4760000000e+03
 1500510900, 5.0000000000e+01, 2.4000000000e+01, 1.0000000000e+01, 1.3853333333e-01, 7.4756733333e+03
 1500511200, 5.0000000000e+01, 2.4000000000e+01, 1.0000000000e+01, 1.4926666667e-01, 7.4755266667e+03
 1500511500, 5.0000000000e+01, 2.4000000000e+01, 1.0000000000e+01, 1.4273333333e-01, 7.4760000000e+03
 1500511800, 5.0000000000e+01, 2.4000000000e+01, 1.0000000000e+01, 1.4273333333e-01, 7.4754733333e+03
 1500512100, 5.0000000000e+01, 2.4000000000e+01, 1.0000000000e+01, 1.4053333333e-01, 7.4753266667e+03
 1500512400, 5.0000000000e+01, 2.4000000000e+01, 1.0000000000e+01, 1.3873333333e-01, 7.4758533333e+03
 1500512700, 5.0000000000e+01, 2.4000000000e+01, 1.0000000000e+01, 1.5180000000e-01, 7.4765466667e+03
 1500513000, 5.0000000000e+01, 2.5853333333e+01, 1.0000000000e+01, 1.6546666667e-01, 7.4759266667e+03
 1500513300, 5.0000000000e+01, 2.4546666667e+01, 1.0000000000e+01, 1.3946666667e-01, 7.4766733333e+03
 1500513600, 5.0000000000e+01, 2.4000000000e+01, 1.0000000000e+01, 1.3726666667e-01, 7.4780533333e+03
 1500513900, 5.0000000000e+01, 2.4000000000e+01, 1.0000000000e+01, 1.2800000000e-01, 7.4773466667e+03
 1500514200, 5.0000000000e+01, 2.4000000000e+01, 1.0000000000e+01, 1.3600000000e-01, 7.4767266667e+03
 1500514500, 5.0000000000e+01, 2.4000000000e+01, 1.0000000000e+01, 1.3673333333e-01, 7.4764000000e+03
 1500514800, 5.0000000000e+01, 2.4000000000e+01, 1.0000000000e+01, 1.4253333333e-01, 7.4761466667e+03
 1500515100, 5.0000000000e+01, 2.4000000000e+01, 1.0000000000e+01, 1.7633333333e-01, 7.4764533333e+03
 1500515400, 5.0000000000e+01, 2.4000000000e+01, 1.0000000000e+01, 1.8493333333e-01, 7.4764000000e+03
 1500515700, 5.0000000000e+01, 2.4000000000e+01, 1.0000000000e+01, 1.4546666667e-01, 7.4769266667e+03
 1500516000, 5.0000000000e+01, 2.4000000000e+01, 1.0000000000e+01, 1.4400000000e-01, 7.4770733333e+03
 1500516300, 5.0000000000e+01, 2.4000000000e+01, 1.0000000000e+01, 1.4326666667e-01, 7.4766733333e+03
 1500516600, 5.0000000000e+01, 2.4000000000e+01, 1.1853333333e+01, 1.3746666667e-01, 7.4779266667e+03
 1500516900, 5.0000000000e+01, 2.4000000000e+01, 1.0546666667e+01, 1.3800000000e-01, 7.4762000000e+03
 1500517200, 5.0000000000e+01, 2.4000000000e+01, 1.0000000000e+01, 1.3526666667e-01, 7.4770733333e+03
 1500517500, 5.0000000000e+01, 2.4000000000e+01, 1.0000000000e+01, 1.3926666667e-01, 7.4767266667e+03
 1500517800, 5.0000000000e+01, 2.4000000000e+01, 1.0000000000e+01, 1.7833333333e-01, 7.4775266667e+03
 1500518100, 5.0000000000e+01, 2.4000000000e+01, 1.0000000000e+01, 1.8346666667e-01, 7.4769466667e+03
 1500518400, 5.0000000000e+01, 2.4000000000e+01, 1.0000000000e+01, 1.7220000000e-01, 7.4782533333e+03
 1500518700, 5.0000000000e+01, 2.4000000000e+01, 1.0000000000e+01, 1.4526666667e-01, 7.4772733333e+03
 1500519000, 5.0000000000e+01, 2.4000000000e+01, 1.0000000000e+01, 1.4146666667e-01, 7.4768733333e+03
 1500519300, 5.0000000000e+01, 2.4000000000e+01, 1.0000000000e+01, 1.5000000000e-01, 7.4762000000e+03
 1500519600, 5.0000000000e+01, 2.4000000000e+01, 1.0000000000e+01, 1.3146666667e-01, 7.4768533333e+03
 1500519900, 5.0000000000e+01, 2.4000000000e+01, 1.0000000000e+01, 1.2526666667e-01, 7.4771466667e+03
 1500520200, 5.0000000000e+01, 2.4000000000e+01, 1.0000000000e+01, 1.3400000000e-01, 7.4773266667e+03
 1500520500, 5.0000000000e+01, 2.4000000000e+01, 1.0000000000e+01, 1.2800000000e-01, 7.4771266667e+03
 1500520800, 5.0000000000e+01, 2.4000000000e+01, 1.0000000000e+01, 1.4253333333e-01, 7.4774733333e+03
 1500521100, 5.0000000000e+01, 2.4000000000e+01, 1.0000000000e+01, 1.4873333333e-01, 7.4770733333e+03
 1500521400, 5.0000000000e+01, 2.4000000000e+01, 1.0000000000e+01, 1.4926666667e-01, 7.4764533333e+03
 1500521700, 5.0000000000e+01, 2.4000000000e+01, 1.0000000000e+01, 1.7506666667e-01, 7.4768000000e+03
 1500522000, 5.0000000000e+01, 2.4000000000e+01, 1.0000000000e+01, 2.0200000000e-01, 7.4770733333e+03
 1500522300, 5.0000000000e+01, 2.4000000000e+01, 1.0000000000e+01, 1.7946666667e-01, 7.4771266667e+03
 1500522600, 5.0000000000e+01, 2.4000000000e+01, 1.0000000000e+01, 1.4746666667e-01, 7.4778733333e+03
 1500522900, 5.0000000000e+01, 2.4000000000e+01, 1.0000000000e+01, 1.3673333333e-01, 7.4773266667e+03
 1500523200, 5.0000000000e+01, 2.4000000000e+01, 1.0000000000e+01, 1.4453333333e-01, 7.4776733333e+03
 1500523500, 5.0000000000e+01, 2.4000000000e+01, 1.0000000000e+01, 1.5146666667e-01, 7.4776000000e+03
 1500523800, 5.0000000000e+01, 2.4000000000e+01, 1.0000000000e+01, 1.3926666667e-01, 7.4774000000e+03
 1500524100, 5.0000000000e+01, 2.4000000000e+01, 1.0000000000e+01, 1.6726666667e-01, 7.4780533333e+03
 1500524400, 5.0000000000e+01, 2.4000000000e+01, 1.0000000000e+01, 1.4946666667e-01, 7.4790000000e+03
 1500524700, 5.0000000000e+01, 2.4000000000e+01, 1.0000000000e+01, 1.2873333333e-01, 7.4784733333e+03
 1500525000, 5.0000000000e+01, 2.4000000000e+01, 1.0000000000e+01, 1.5306666667e-01, 7.4778000000e+03
 1500525300, 5.0000000000e+01, 2.4000000000e+01, 1.0000000000e+01, 1.6220000000e-01, 7.4772000000e+03
 1500525600, 5.0000000000e+01, 2.4000000000e+01, 1.0000000000e+01, 1.3673333333e-01, 7.4776000000e+03
 1500525900, 5.0000000000e+01, 2.4000000000e+01, 1.0000000000e+01, 1.3126666667e-01, 7.4780000000e+03
 1500526200, 5.2633333333e+01, 2.5053333333e+01, 1.0000000000e+01, 1.4200000000e-01, 7.4781266667e+03
 1500526500, 5.3366666667e+01, 2.6000000000e+01, 1.0653333333e+01, 1.4853333333e-01, 7.4790733333e+03
 1500526800, 5.0633333333e+01, 2.6000000000e+01, 1.2000000000e+01, 1.4020000000e-01, 7.4786533333e+03
 1500527100, 5.5000000000e+01, 2.6000000000e+01, 1.2000000000e+01, 1.3326666667e-01, 7.4792000000e+03
 1500527400, 5.5000000000e+01, 2.4146666667e+01, 1.2000000000e+01, 1.4600000000e-01, 7.4788733333e+03
 1500527700, 5.5000000000e+01, 2.4000000000e+01, 1.0546666667e+01, 1.5726666667e-01, 7.4793266667e+03
 1500528000, 5.2366666667e+01, 2.4000000000e+01, 1.0000000000e+01, 1.5073333333e-01, 7.4800000000e+03
 1500528300, 5.0000000000e+01, 2.4000000000e+01, 1.0000000000e+01, 1.4926666667e-01, 7.4792733333e+03
 1500528600, 5.0000000000e+01, 2.4000000000e+01, 1.0000000000e+01, 1.4200000000e-01, 7.4789266667e+03
 1500528900, 5.0000000000e+01, 2.4000000000e+01, 1.0000000000e+01, 1.3346666667e-01, 7.4790733333e+03
 1500529200, 5.0000000000e+01, 2.4000000000e+01, 1.0000000000e+01, 1.3200000000e-01, 7.4784000000e+03
 1500529500, 5.0000000000e+01, 2.4000000000e+01, 1.0000000000e+01, 1.2273333333e-01, 7.4785266667e+03
 1500529800, 5.0000000000e+01, 2.2946666667e+01, 1.0000000000e+01, 1.1673333333e-01, 7.4788733333e+03
 1500530100, 5.0000000000e+01, 2.2653333333e+01, 1.0000000000e+01, 1.0146666667e-01, 7.4788733333e+03
 1500530400, 5.0000000000e+01, 2.4000000000e+01, 1.0000000000e+01, 9.3266666667e-02, 7.4787266667e+03
 1500530700, 5.0000000000e+01, 2.4000000000e+01, 1.0000000000e+01, 9.1466666667e-02, 7.4787466667e+03
 1500531000, 5.0000000000e+01, 2.2146666667e+01, 1.0000000000e+01, 6.9633333333e-02, 7.4779433333e+03
 1500531300, 5.0000000000e+01, 2.2000000000e+01, 1.0000000000e+01, 5.2733333333e-02, 7.4789266667e+03
 1500531600, 5.0000000000e+01, 2.3053333333e+01, 1.0000000000e+01, 5.5266666667e-02, 7.4790000000e+03
 1500531900, 5.0000000000e+01, 2.4000000000e+01, 1.0000000000e+01, 5.0733333333e-02, 7.4782000000e+03
 1500532200, 5.0000000000e+01, 2.4000000000e+01, 1.0000000000e+01, 5.0000000000e-02, 7.4795266667e+03
 1500532500, 5.0000000000e+01, 2.4000000000e+01, 1.0000000000e+01, 5.0000000000e-02, 7.4789466667e+03
 1500532800, 5.0000000000e+01, 2.4000000000e+01, 1.0000000000e+01, 5.2000000000e-02, 7.4793300000e+03
 1500533100, 5.0000000000e+01, 2.4000000000e+01, 1.0000000000e+01, 5.1266666667e-02, 7.4778000000e+03
 1500533400, 5.0000000000e+01, 2.2946666667e+01, 1.0000000000e+01, 5.4733333333e-02, 7.4790733333e+03
 1500533700, 5.0000000000e+01, 2.2653333333e+01, 1.0000000000e+01, 7.2533333333e-02, 7.4796533333e+03
 1500534000, 5.0000000000e+01, 2.4000000000e+01, 1.0000000000e+01, 7.0733333333e-02, 7.4799933333e+03
 1500534300, 5.0000000000e+01, 2.4000000000e+01, 1.0000000000e+01, 7.0533333333e-02, 7.4794000000e+03
 1500534600, 5.0000000000e+01, 2.2146666667e+01, 1.0000000000e+01, 6.8200000000e-02, 7.4802000000e+03
 1500534900, 5.3633333333e+01, 2.3453333333e+01, 1.1453333333e+01, 7.0533333333e-02, 7.4794533333e+03
 1500535200, 5.2366666667e+01, 2.2946666667e+01, 1.0946666667e+01, 7.0733333333e-02, 7.4822000000e+03
 1500535500, 5.0000000000e+01, 2.2000000000e+01, 1.0000000000e+01, 5.8766666667e-02, 7.4810700000e+03
 1500535800, 5.0000000000e+01, 2.2000000000e+01, 1.0000000000e+01, 5.0000000000e-02, 7.4804000000e+03
 1500536100, 5.0000000000e+01, 2.2000000000e+01, 1.0000000000e+01, 5.8533333333e-02, 7.4812733333e+03
 1500536400, 5.0000000000e+01, 2.2000000000e+01, 1.0000000000e+01, 6.0000000000e-02, 7.4810533333e+03
 1500536700, 5.0000000000e+01, 2.3453333333e+01, 1.0000000000e+01, 5.9466666667e-02, 7.4810000000e+03
 1500537000, 5.0000000000e+01, 2.4000000000e+01, 1.0000000000e+01, 5.2000000000e-02, 7.4814000000e+03
 1500537300, 5.0000000000e+01, 2.4000000000e+01, 1.0000000000e+01, 5.5266666667e-02, 7.4808733333e+03
 1500537600, 6.0133333333e+01, 3.1600000000e+01, 1.2026666667e+01, 4.4873333333e-01, 1.2235526667e+04
 1500537900, 1.3000000000e+02, 8.4000000000e+01, 2.6000000000e+01, 2.7364666667e+00, 2.2409526667e+04
 1500538200, 1.5316666667e+02, 1.0624000000e+02, 2.9706666667e+01, 5.5202000000e+00, 3.3006640000e+04
 1500538500, 1.5136666667e+02, 1.0509333333e+02, 2.5640000000e+01, 7.2606666667e+00, 2.6317680000e+04
 1500538800, 1.5000000000e+02, 1.0189333333e+02, 2.7160000000e+01, 8.3857333333e+00, 2.8419640000e+04
 1500539100, 1.5490000000e+02, 1.0457333333e+02, 3.0653333333e+01, 8.9409333333e+00, 3.1030393333e+04
 1500539400, 1.6373333333e+02, 1.1298666667e+02, 3.2000000000e+01, 9.2450666667e+00, 2.2966906667e+04
 1500539700, 1.5500000000e+02, 1.0600000000e+02, 3.2000000000e+01, 1.0070533333e+01, 3.3031406667e+04
 1500540000, 1.5500000000e+02, 1.0600000000e+02, 3.0146666667e+01, 9.8465333333e+00, 2.5051940000e+04
 1500540300, 1.6226666667e+02, 1.0890666667e+02, 3.4360000000e+01, 1.0239200000e+01, 2.7938193333e+04
 1500540600, 1.6500000000e+02, 1.1316000000e+02, 3.3893333333e+01, 1.0443000000e+01, 2.9921270000e+04
 1500540900, 1.5356666667e+02, 1.0685333333e+02, 2.9386666667e+01, 1.0533666667e+01, 2.7111386667e+04
 1500541200, 1.3380000000e+02, 9.1040000000e+01, 2.4506666667e+01, 1.0499000000e+01, 3.3286873333e+04
 1500541500, 1.6000000000e+02, 1.1200000000e+02, 2.8000000000e+01, 1.0168266667e+01, 2.5289126667e+04
 1500541800, 1.4610000000e+02, 9.7173333333e+01, 2.8000000000e+01, 1.0338000000e+01, 2.7839826667e+04
 1500542100, 1.3773333333e+02, 9.0186666667e+01, 2.6546666667e+01, 1.0221000000e+01, 3.0345366667e+04
 1500542400, 1.5606666667e+02, 1.0801333333e+02, 3.0213333333e+01, 1.0330533333e+01, 2.3027886667e+04
 1500542700, 1.7173333333e+02, 1.2142666667e+02, 3.4000000000e+01, 1.0403733333e+01, 3.3911666667e+04
 1500543000, 1.6373333333e+02, 1.1124000000e+02, 3.3240000000e+01, 1.0792200000e+01, 2.6278760000e+04
 1500543300, 1.5500000000e+02, 1.0600000000e+02, 2.8000000000e+01, 1.0808600000e+01, 2.7587700000e+04
 1500543600, 1.5963333333e+02, 1.0785333333e+02, 3.3560000000e+01, 1.0642600000e+01, 3.0002913333e+04
 1500543900, 1.6726666667e+02, 1.1526666667e+02, 3.2546666667e+01, 1.0917600000e+01, 2.7037686667e+04
 1500544200, 1.6210000000e+02, 1.1273333333e+02, 3.0946666667e+01, 1.0770600000e+01, 3.3670246667e+04
 1500544500, 1.5500000000e+02, 1.0865333333e+02, 2.9346666667e+01, 1.0149733333e+01, 2.5745073333e+04
 1500544800, 1.5183333333e+02, 1.0696000000e+02, 2.7746666667e+01, 1.0370066667e+01, 2.8292746667e+04
 1500545100, 1.3000000000e+02, 8.6000000000e+01, 2.6000000000e+01, 9.7914666667e+00, 3.0241893333e+04
 1500545400, 1.7633333333e+02, 1.2306666667e+02, 3.7120000000e+01, 9.9506666667e+00, 2.2991006667e+04
 1500545700, 1.6910000000e+02, 1.1873333333e+02, 3.5093333333e+01, 1.0047466667e+01, 3.3411433333e+04
 1500546000, 1.5183333333e+02, 1.0230666667e+02, 3.4000000000e+01, 9.7731333333e+00, 2.5480553333e+04
 1500546300, 1.3673333333e+02, 8.8693333333e+01, 3.2040000000e+01, 9.4948666667e+00, 2.8212180000e+04
 1500546600, 1.3253333333e+02, 8.7773333333e+01, 2.8253333333e+01, 9.1785000000e+00, 2.9972763333e+04
 1500546900, 1.5000000000e+02, 1.0000000000e+02, 3.0000000000e+01, 9.3544666667e+00, 2.3511126667e+04
 1500547200, 1.4073333333e+02, 9.2586666667e+01, 3.0000000000e+01, 9.5958666667e+00, 3.4029220000e+04
 1500547500, 1.3273333333e+02, 8.7640000000e+01, 2.5640000000e+01, 9.5393333333e+00, 2.6310893333e+04
 1500547800, 1.3526666667e+02, 8.9160000000e+01, 2.7160000000e+01, 9.5314666667e+00, 2.8019473333e+04
 1500548100, 1.4653333333e+02, 9.6573333333e+01, 3.1306666667e+01, 9.4753333333e+00, 3.1866026667e+04
 1500548400, 1.6000000000e+02, 1.0676000000e+02, 3.3746666667e+01, 9.6742000000e+00, 2.5364740000e+04
 1500548700, 1.6000000000e+02, 1.1200000000e+02, 3.2000000000e+01, 9.6505333333e+00, 3.0830920000e+04
 1500549000, 1.5536666667e+02, 1.0644000000e+02, 3.2000000000e+01, 9.4480000000e+00, 2.7889926667e+04
 1500549300, 1.3683333333e+02, 9.0013333333e+01, 2.9093333333e+01, 9.4820666667e+00, 2.5837493333e+04
 1500549600, 1.4580000000e+02, 9.9800000000e+01, 2.9053333333e+01, 9.3615333333e+00, 3.2735966667e+04
 1500549900, 1.5836666667e+02, 1.1073333333e+02, 3.0653333333e+01, 9.6851666667e+00, 2.3236510000e+04
 1500550200, 1.5626666667e+02, 1.0552000000e+02, 3.1746666667e+01, 9.1848666667e+00, 3.1810820000e+04
 1500550500, 1.6500000000e+02, 1.1600000000e+02, 3.0000000000e+01, 9.1470000000e+00, 2.8767540000e+04
 1500550800, 1.6500000000e+02, 1.1414666667e+02, 3.1853333333e+01, 9.9393333333e+00, 2.6674373333e+04
 1500551100, 1.4683333333e+02, 9.8013333333e+01, 3.0546666667e+01, 9.8942666667e+00, 3.2905426667e+04
 1500551400, 1.3473333333e+02, 8.8840000000e+01, 2.7893333333e+01, 9.9368000000e+00, 2.5740840000e+04
 1500551700, 1.3490000000e+02, 8.8613333333e+01, 2.7960000000e+01, 1.0105733333e+01, 2.7971713333e+04
 1500552000, 1.4310000000e+02, 9.2986666667e+01, 3.1240000000e+01, 1.0053800000e+01, 1.9752826667e+04
 1500552300, 1.3000000000e+02, 8.6000000000e+01, 2.6000000000e+01, 9.9606000000e+00, 2.1092840000e+04
 1500552600, 1.4853333333e+02, 1.0268000000e+02, 2.9706666667e+01, 9.5173333333e+00, 2.8392353333e+04
 1500552900, 1.5726666667e+02, 1.0981333333e+02, 3.0000000000e+01, 9.4373333333e+00, 2.6368580000e+04
 1500553200, 1.5736666667e+02, 1.0778666667e+02, 3.2106666667e+01, 9.7320666667e+00, 3.3922600000e+04
 1500553500, 1.5663333333e+02, 1.0596000000e+02, 3.4000000000e+01, 9.7861333333e+00, 2.5571600000e+04
 1500553800, 1.6000000000e+02, 1.1000000000e+02, 3.3493333333e+01, 9.6614666667e+00, 2.8000900000e+04
 1500554100, 1.6000000000e+02, 1.1000000000e+02, 3.0000000000e+01, 9.7880000000e+00, 3.0389053333e+04
 1500554400, 1.7853333333e+02, 1.2668000000e+02, 3.3706666667e+01, 1.0070733333e+01, 2.3880933333e+04
 1500554700, 1.5093333333e+02, 1.0184000000e+02, 2.9640000000e+01, 1.0122733333e+01, 3.0553933333e+04
 1500555000, 1.5053333333e+02, 1.0042666667e+02, 3.0106666667e+01, 1.0266800000e+01, 2.5814253333e+04
 1500555300, 1.5510000000e+02, 1.0473333333e+02, 3.1346666667e+01, 9.8769333333e+00, 2.8528653333e+04
 1500555600, 1.4373333333e+02, 9.6480000000e+01, 2.9746666667e+01, 9.7636666667e+00, 3.2189613333e+04
 1500555900, 1.3500000000e+02, 8.6000000000e+01, 2.8000000000e+01, 1.0406400000e+01, 2.6476000000e+04
 1500556200, 1.5353333333e+02, 1.0638666667e+02, 2.9853333333e+01, 1.0959466667e+01, 3.1795346667e+04
 1500556500, 1.5136666667e+02, 1.0364000000e+02, 3.1453333333e+01, 1.0895666667e+01, 2.8132786667e+04
 1500556800, 1.4736666667e+02, 9.9893333333e+01, 2.9893333333e+01, 1.1040333333e+01, 2.5968026667e+04
 1500557100, 1.4336666667e+02, 9.6040000000e+01, 2.8653333333e+01, 1.0490933333e+01, 3.2963026667e+04
 1500557400, 1.4316666667e+02, 9.5040000000e+01, 3.0253333333e+01, 9.7701333333e+00, 2.4965946667e+04
 1500557700, 1.6500000000e+02, 1.1600000000e+02, 3.2000000000e+01, 9.4159333333e+00, 2.8253846667e+04
 1500558000, 1.3720000000e+02, 9.1906666667e+01, 2.6440000000e+01, 9.1076666667e+00, 3.0144966667e+04
 1500558300, 1.5316666667e+02, 1.0453333333e+02, 3.1813333333e+01, 8.6331333333e+00, 2.3924000000e+04
 1500558600, 1.5210000000e+02, 1.0157333333e+02, 3.5053333333e+01, 9.1482000000e+00, 3.3875073333e+04
 1500558900, 1.4663333333e+02, 9.7920000000e+01, 3.3386666667e+01, 9.4130666667e+00, 2.6479820000e+04
 1500559200, 1.4746666667e+02, 1.0346666667e+02, 2.7746666667e+01, 9.6851333333e+00, 2.7972220000e+04
 1500559500, 1.3000000000e+02, 8.6000000000e+01, 2.6000000000e+01, 1.0400800000e+01, 3.0799646667e+04
 1500559800, 1.7633333333e+02, 1.2492000000e+02, 3.5266666667e+01, 1.0705000000e+01, 2.4070393333e+04
 1500560100, 1.5456666667e+02, 1.0765333333e+02, 3.0186666667e+01, 1.0581400000e+01, 3.0895020000e+04
 1500560400, 1.4236666667e+02, 9.5786666667e+01, 2.8000000000e+01, 1.0086400000e+01, 2.5983786667e+04
 1500560700, 1.4326666667e+02, 9.5266666667e+01, 2.9306666667e+01, 9.6782666667e+00, 2.9108786667e+04
 1500561000, 1.5000000000e+02, 1.0149333333e+02, 3.2000000000e+01, 9.3702666667e+00, 3.1758326667e+04
 1500561300, 1.5000000000e+02, 9.8000000000e+01, 3.2000000000e+01, 8.8810000000e+00, 2.6294653333e+04
 1500561600, 1.5463333333e+02, 1.0541333333e+02, 3.3853333333e+01, 9.1072000000e+00, 3.1703820000e+04
 1500561900, 1.5136666667e+02, 1.0600000000e+02, 2.9640000000e+01, 9.2032000000e+00, 2.7666313333e+04
 1500562200, 1.4210000000e+02, 9.6520000000e+01, 2.8000000000e+01, 9.2180000000e+00, 2.6388746667e+04
 1500562500, 1.4806666667e+02, 9.9106666667e+01, 2.9960000000e+01, 8.9160000000e+00, 3.3469700000e+04
 1500562800, 1.7246666667e+02, 1.1997333333e+02, 3.3746666667e+01, 8.9453333333e+00, 2.4892766667e+04
 1500563100, 1.5500000000e+02, 1.0600000000e+02, 3.2000000000e+01, 9.2994000000e+00, 2.8343106667e+04
 1500563400, 1.5963333333e+02, 8.7466666667e+01, 3.3853333333e+01, 9.5945333333e+00, 3.0530113333e+04
 1500563700, 1.5273333333e+02, 9.6173333333e+01, 3.1093333333e+01, 9.6082000000e+00, 2.4976260000e+04
 1500564000, 1.5790000000e+02, 1.0842666667e+02, 3.0000000000e+01, 1.0140000000e+01, 3.1632493333e+04
 1500564300, 1.6173333333e+02, 1.1208000000e+02, 3.0000000000e+01, 9.8324666667e+00, 2.7392173333e+04
 1500564600, 1.5183333333e+02, 1.0172000000e+02, 2.9493333333e+01, 9.7892000000e+00, 2.5655933333e+04
 1500564900, 1.3000000000e+02, 8.6000000000e+01, 2.6000000000e+01, 9.3604666667e+00, 3.2754953333e+04
 1500565200, 1.5316666667e+02, 1.0453333333e+02, 3.3413333333e+01, 9.6444666667e+00, 2.3537386667e+04
 1500565500, 1.4773333333e+02, 9.8733333333e+01, 3.1093333333e+01, 9.6078666667e+00, 3.1373720000e+04
 1500565800, 1.5026666667e+02, 1.0442666667e+02, 2.8946666667e+01, 9.3229333333e+00, 2.9501106667e+04
 1500566100, 1.5500000000e+02, 1.0938666667e+02, 2.9960000000e+01, 9.7422666667e+00, 2.7254200000e+04
 1500566400, 1.6386666667e+02, 1.1337333333e+02, 3.3746666667e+01, 9.6927333333e+00, 2.1342680000e+04
 1500566700, 2.2500000000e+02, 1.7800000000e+02, 3.2000000000e+01, 8.9404000000e+00, 1.7213140000e+04
 1500567000, 1.4160000000e+02, 9.2746666667e+01, 3.0146666667e+01, 8.7926000000e+00, 2.6108366667e+04
 1500567300, 1.4953333333e+02, 9.9080000000e+01, 3.1453333333e+01, 9.1963333333e+00, 2.8155560000e+04
 1500567600, 1.5500000000e+02, 1.0505333333e+02, 3.0946666667e+01, 9.5220666667e+00, 3.1573786667e+04
 1500567900, 1.5500000000e+02, 1.0534666667e+02, 3.1306666667e+01, 9.7250666667e+00, 2.5938806667e+04
 1500568200, 1.5626666667e+02, 1.0526666667e+02, 3.4000000000e+01, 1.0372533333e+01, 3.1893260000e+04
 1500568500, 1.6500000000e+02, 1.1400000000e+02, 3.4000000000e+01, 1.0824733333e+01, 2.7446533333e+04
 1500568800, 1.4183333333e+02, 9.1760000000e+01, 3.0293333333e+01, 1.0731200000e+01, 2.5022453333e+04
 1500569100, 1.5090000000e+02, 1.0162666667e+02, 3.0000000000e+01, 1.0623133333e+01, 3.2372820000e+04
 1500569400, 1.4183333333e+02, 9.4413333333e+01, 2.8946666667e+01, 1.0848666667e+01, 2.3660326667e+04
 1500569700, 1.3163333333e+02, 8.7266666667e+01, 2.8000000000e+01, 1.1098533333e+01, 2.7551706667e+04
 1500570000, 1.4070000000e+02, 9.8560000000e+01, 2.8760000000e+01, 1.0544666667e+01, 2.9985080000e+04
 1500570300, 1.8000000000e+02, 1.3000000000e+02, 3.4000000000e+01, 1.0313866667e+01, 2.3912326667e+04
 1500570600, 1.6146666667e+02, 1.1332000000e+02, 3.2146666667e+01, 1.0045133333e+01, 3.1342720000e+04
 1500570900, 1.4183333333e+02, 9.1653333333e+01, 3.2000000000e+01, 1.0339333333e+01, 2.6209093333e+04
 1500571200, 1.4290000000e+02, 9.0320000000e+01, 3.3053333333e+01, 1.0439066667e+01, 2.5360693333e+04
 1500571500, 1.4836666667e+02, 9.6653333333e+01, 3.3346666667e+01, 1.0398533333e+01, 3.2061726667e+04
 1500571800, 1.4373333333e+02, 9.6480000000e+01, 3.1746666667e+01, 1.0476333333e+01, 2.3210646667e+04
 1500572100, 1.3500000000e+02, 8.6000000000e+01, 3.0000000000e+01, 1.0304066667e+01, 2.7792153333e+04
 1500572400, 1.4890000000e+02, 1.0268000000e+02, 3.0000000000e+01, 1.0218800000e+01, 2.9761653333e+04
 1500572700, 1.4636666667e+02, 1.0109333333e+02, 2.8546666667e+01, 1.0495266667e+01, 2.7320760000e+04
 1500573000, 1.3973333333e+02, 9.2626666667e+01, 3.0106666667e+01, 1.0246200000e+01, 3.3788366667e+04
 1500573300, 1.4480000000e+02, 9.5146666667e+01, 3.2000000000e+01, 1.0065866667e+01, 2.6401373333e+04
 1500573600, 1.6373333333e+02, 1.1248000000e+02, 3.2253333333e+01, 9.4792000000e+00, 2.8707226667e+04
 1500573900, 1.5500000000e+02, 1.0200000000e+02, 3.4000000000e+01, 8.6102000000e+00, 3.1661600000e+04
 1500574200, 1.5963333333e+02, 1.1126666667e+02, 3.2146666667e+01, 8.8460000000e+00, 2.6285673333e+04
 1500574500, 1.5273333333e+02, 1.0328000000e+02, 3.0546666667e+01, 9.5817333333e+00, 3.1804486667e+04
 1500574800, 1.5263333333e+02, 1.0105333333e+02, 3.2106666667e+01, 9.3198000000e+00, 2.8743453333e+04
 1500575100, 1.5336666667e+02, 1.0265333333e+02, 3.2040000000e+01, 9.1856000000e+00, 2.6998346667e+04
 1500575400, 1.4810000000e+02, 1.0146666667e+02, 2.8506666667e+01, 9.0128666667e+00, 3.3738740000e+04
 1500575700, 1.3500000000e+02, 8.4000000000e+01, 3.2000000000e+01, 9.1785333333e+00, 2.0731680000e+04
 1500576000, 1.5353333333e+02, 1.0253333333e+02, 3.0146666667e+01, 9.0886000000e+00, 1.9524706667e+04
 1500576300, 1.4046666667e+02, 9.5280000000e+01, 2.8546666667e+01, 9.0639333333e+00, 2.3250120000e+04
 1500576600, 1.4026666667e+02, 9.5160000000e+01, 2.8000000000e+01, 9.2516000000e+00, 3.3696660000e+04
 1500576900, 1.4990000000e+02, 1.0192000000e+02, 2.9960000000e+01, 9.5759333333e+00, 2.6635633333e+04
 1500577200, 1.5873333333e+02, 1.0949333333e+02, 3.2986666667e+01, 9.8701333333e+00, 2.9028580000e+04
 1500577500, 1.5000000000e+02, 1.0600000000e+02, 2.6000000000e+01, 1.0210400000e+01, 3.1971706667e+04
 1500577800, 1.5926666667e+02, 1.0970666667e+02, 2.9706666667e+01, 1.0194766667e+01, 2.6308093333e+04
 1500578100, 1.6726666667e+02, 1.1290666667e+02, 3.4360000000e+01, 1.0058533333e+01, 3.1348580000e+04
 1500578400, 1.5156666667e+02, 9.9253333333e+01, 3.4946666667e+01, 9.8830666667e+00, 2.7741306667e+04
 1500578700, 1.3173333333e+02, 8.4693333333e+01, 3.0733333333e+01, 1.0314533333e+01, 2.6572693333e+04
 1500579000, 1.2816666667e+02, 8.4280000000e+01, 2.4760000000e+01, 1.0749133333e+01, 3.3229046667e+04
 1500579300, 1.5000000000e+02, 1.0000000000e+02, 3.0000000000e+01, 1.0872333333e+01, 2.4959680000e+04
 1500579600, 1.4536666667e+02, 9.8146666667e+01, 3.1853333333e+01, 1.0743400000e+01, 2.8025820000e+04
 1500579900, 1.3410000000e+02, 9.0733333333e+01, 2.9093333333e+01, 1.0270133333e+01, 3.0902393333e+04
 1500580200, 1.3000000000e+02, 8.6946666667e+01, 2.6946666667e+01, 1.0057600000e+01, 2.5364793333e+04
 1500580500, 1.3490000000e+02, 8.9920000000e+01, 2.7306666667e+01, 1.0180666667e+01, 3.1312506667e+04
 1500580800, 1.4563333333e+02, 9.8000000000e+01, 3.0253333333e+01, 9.9270666667e+00, 2.6233560000e+04
 1500581100, 1.5000000000e+02, 9.8000000000e+01, 3.2000000000e+01, 9.9178000000e+00, 2.4870446667e+04
 1500581400, 1.5463333333e+02, 1.0356000000e+02, 3.2000000000e+01, 9.9187333333e+00, 3.2220526667e+04
 1500581700, 1.8043333333e+02, 1.3161333333e+02, 3.0546666667e+01, 9.5118000000e+00, 2.2928200000e+04
 1500582000, 1.7683333333e+02, 1.2620000000e+02, 3.3160000000e+01, 9.5020000000e+00, 3.1860220000e+04
 1500582300, 1.6336666667e+02, 1.1200000000e+02, 3.4040000000e+01, 9.4981333333e+00, 2.9234433333e+04
 1500582600, 1.5746666667e+02, 1.0921333333e+02, 3.0506666667e+01, 9.9335333333e+00, 2.3758560000e+04
 1500582900, 1.4000000000e+02, 9.0000000000e+01, 3.4000000000e+01, 9.9389333333e+00, 3.0904240000e+04
 1500583200, 1.7706666667e+02, 1.2336000000e+02, 3.4000000000e+01, 9.8162000000e+00, 2.5392993333e+04
 1500583500, 1.5456666667e+02, 1.0420000000e+02, 3.2546666667e+01, 1.0132466667e+01, 2.8393633333e+04
 1500583800, 1.4236666667e+02, 9.3893333333e+01, 3.2000000000e+01, 1.0449400000e+01, 3.2170946667e+04
 1500584100, 1.4653333333e+02, 9.7226666667e+01, 3.2653333333e+01, 1.0512066667e+01, 2.6891946667e+04
 1500584400, 1.6253333333e+02, 1.1129333333e+02, 3.3493333333e+01, 1.0559933333e+01, 2.7768966667e+04
 1500584700, 1.8000000000e+02, 1.3400000000e+02, 3.0000000000e+01, 1.0008133333e+01, 3.0279113333e+04
 1500585000, 1.3830000000e+02, 9.3226666667e+01, 2.8146666667e+01, 1.0293200000e+01, 2.3440493333e+04
 1500585300, 1.3863333333e+02, 9.1453333333e+01, 3.0906666667e+01, 1.0547733333e+01, 3.2921000000e+04
 1500585600, 1.3736666667e+02, 8.8840000000e+01, 3.2000000000e+01, 1.0167866667e+01, 2.7275486667e+04
 1500585900, 1.3990000000e+02, 8.9920000000e+01, 3.2000000000e+01, 1.0329666667e+01, 2.8692686667e+04
 1500586200, 1.4936666667e+02, 9.7493333333e+01, 3.2000000000e+01, 1.0127733333e+01, 3.1594646667e+04
 1500586500, 1.4500000000e+02, 9.4000000000e+01, 3.2000000000e+01, 9.8756000000e+00, 2.6516946667e+04
 1500586800, 1.3573333333e+02, 8.8440000000e+01, 2.8293333333e+01, 1.0216933333e+01, 3.1834713333e+04
 1500587100, 1.3500000000e+02, 9.0906666667e+01, 2.8000000000e+01, 1.0313000000e+01, 2.9505833333e+04
 1500587400, 1.4026666667e+02, 9.4106666667e+01, 2.8000000000e+01, 1.0208066667e+01, 2.2886753333e+04
 1500587700, 1.5643333333e+02, 1.0841333333e+02, 2.8653333333e+01, 1.0324133333e+01, 3.3818226667e+04
 1500588000, 1.7936666667e+02, 1.3298666667e+02, 3.0253333333e+01, 1.0430066667e+01, 2.7413900000e+04
 1500588300, 1.7500000000e+02, 1.2600000000e+02, 3.2000000000e+01, 1.0959000000e+01, 2.9512333333e+04
 1500588600, 1.5646666667e+02, 1.0376000000e+02, 3.2000000000e+01, 1.1066200000e+01, 3.2150660000e+04
 1500588900, 1.5136666667e+02, 9.9093333333e+01, 3.2000000000e+01, 1.0937200000e+01, 2.6936680000e+04
 1500589200, 1.6580000000e+02, 1.1380000000e+02, 3.3053333333e+01, 1.0923400000e+01, 3.1952160000e+04
 1500589500, 1.6856666667e+02, 1.1820000000e+02, 3.2040000000e+01, 1.0717800000e+01, 2.8423126667e+04
 1500589800, 1.4563333333e+02, 9.8000000000e+01, 2.8760000000e+01, 1.0834066667e+01, 2.6844866667e+04
 1500590100, 1.5000000000e+02, 9.8000000000e+01, 3.4000000000e+01, 1.0543466667e+01, 3.3414220000e+04
 1500590400, 1.4073333333e+02, 9.2440000000e+01, 2.8440000000e+01, 1.0519600000e+01, 2.5922000000e+04
 1500590700, 1.4000000000e+02, 9.3453333333e+01, 2.8000000000e+01, 1.0084800000e+01, 2.8745546667e+04
 1500591000, 1.4790000000e+02, 1.0032000000e+02, 2.8000000000e+01, 9.9906666667e+00, 3.1022053333e+04
 1500591300, 1.5010000000e+02, 1.0208000000e+02, 2.8653333333e+01, 1.0042066667e+01, 2.5145680000e+04
 1500591600, 1.4063333333e+02, 9.4000000000e+01, 3.0253333333e+01, 1.0543666667e+01, 3.1208493333e+04
 1500591900, 1.4500000000e+02, 9.4000000000e+01, 3.2000000000e+01, 1.0406000000e+01, 2.7414626667e+04
 1500592200, 1.4963333333e+02, 9.9560000000e+01, 3.2000000000e+01, 1.0107400000e+01, 2.5732266667e+04
 1500592500, 1.4636666667e+02, 9.4186666667e+01, 3.3453333333e+01, 1.0157666667e+01, 3.2894986667e+04
 1500592800, 1.3710000000e+02, 8.8840000000e+01, 3.0840000000e+01, 1.0238066667e+01, 2.3781360000e+04
 1500593100, 1.3326666667e+02, 8.6653333333e+01, 2.9306666667e+01, 1.0439266667e+01, 2.7512300000e+04
 1500593400, 1.4570000000e+02, 9.3826666667e+01, 3.2000000000e+01, 1.0350733333e+01, 2.9757280000e+04
 1500593700, 1.8500000000e+02, 1.3400000000e+02, 3.2000000000e+01, 1.0384866667e+01, 2.6933080000e+04
 1500594000, 1.3866666667e+02, 9.3226666667e+01, 3.0146666667e+01, 1.0775333333e+01, 3.3517806667e+04
 1500594300, 1.3136666667e+02, 8.8546666667e+01, 2.7093333333e+01, 1.1049333333e+01, 2.6145873333e+04
 1500594600, 1.4053333333e+02, 9.4320000000e+01, 2.8106666667e+01, 1.1111066667e+01, 2.8804326667e+04
 1500594900, 1.4510000000e+02, 9.7386666667e+01, 2.9346666667e+01, 1.0527466667e+01, 3.1404013333e+04
 1500595200, 1.3626666667e+02, 9.2506666667e+01, 2.8760000000e+01, 1.0349733333e+01, 2.6185000000e+04
 1500595500, 1.4500000000e+02, 9.6000000000e+01, 3.4000000000e+01, 1.0767333333e+01, 3.1836373333e+04
 1500595800, 1.5426666667e+02, 1.0526666667e+02, 3.2146666667e+01, 1.0580466667e+01, 1.9916400000e+04
 1500596100, 1.5500000000e+02, 1.0745333333e+02, 3.0546666667e+01, 1.0144066667e+01, 2.0863986667e+04
 1500596400, 1.5500000000e+02, 1.0589333333e+02, 3.0000000000e+01, 9.5811333333e+00, 2.5855573333e+04
 1500596700, 1.6153333333e+02, 1.0857333333e+02, 3.1960000000e+01, 9.9802666667e+00, 2.9222693333e+04
 1500597000, 1.6993333333e+02, 1.1394666667e+02, 3.5493333333e+01, 9.5874666667e+00, 3.1961020000e+04
 1500597300, 1.3500000000e+02, 8.6000000000e+01, 3.2000000000e+01, 9.5904666667e+00, 2.6472840000e+04
 1500597600, 1.3963333333e+02, 9.1560000000e+01, 3.0146666667e+01, 1.0459266667e+01, 3.1758273333e+04
 1500597900, 1.3636666667e+02, 9.2000000000e+01, 2.8546666667e+01, 1.0829600000e+01, 2.8958326667e+04
 1500598200, 1.3500000000e+02, 8.9893333333e+01, 2.8000000000e+01, 1.0723833333e+01, 2.6881056667e+04
 1500598500, 1.4153333333e+02, 9.3880000000e+01, 2.9306666667e+01, 1.0579600000e+01, 3.4019373333e+04
 1500598800, 1.5373333333e+02, 1.0498666667e+02, 3.1746666667e+01, 1.0408733333e+01, 2.5818280000e+04
 1500599100, 1.4500000000e+02, 9.8000000000e+01, 3.0000000000e+01, 1.0538800000e+01, 2.8454826667e+04
 1500599400, 1.3120000000e+02, 8.6960000000e+01, 2.8160000000e+01, 1.0499133333e+01, 3.0832870000e+04
 1500599700, 1.3726666667e+02, 9.3266666667e+01, 2.6546666667e+01, 1.0153800000e+01, 2.4961673333e+04
 1500600000, 1.5053333333e+02, 1.0337333333e+02, 3.0213333333e+01, 1.0381800000e+01, 3.1704360000e+04
 1500600300, 1.6000000000e+02, 1.1000000000e+02, 3.3346666667e+01, 1.0295066667e+01, 2.8022133333e+04
 1500600600, 1.5760000000e+02, 1.0856000000e+02, 3.1040000000e+01, 1.0623000000e+01, 2.5594176667e+04
 1500600900, 1.4000000000e+02, 9.8000000000e+01, 2.4000000000e+01, 1.0451466667e+01, 3.2480006667e+04
 1500601200, 1.4463333333e+02, 9.8000000000e+01, 3.1413333333e+01, 1.0323800000e+01, 2.4608020000e+04
 1500601500, 1.4136666667e+02, 9.3640000000e+01, 2.9093333333e+01, 1.0742133333e+01, 2.7574806667e+04
 1500601800, 1.5053333333e+02, 1.0358666667e+02, 2.9053333333e+01, 1.0695000000e+01, 3.0158846667e+04
 1500602100, 1.5673333333e+02, 1.1073333333e+02, 2.8693333333e+01, 1.0253400000e+01, 2.4251060000e+04
 1500602400, 1.5000000000e+02, 1.0374666667e+02, 2.6760000000e+01, 1.0401266667e+01, 3.3659160000e+04
 1500602700, 1.5000000000e+02, 1.0200000000e+02, 3.2000000000e+01, 1.0731600000e+01, 2.7200620000e+04
 1500603000, 1.6390000000e+02, 1.1126666667e+02, 3.3853333333e+01, 1.0673133333e+01, 2.9147940000e+04
 1500603300, 1.4683333333e+02, 9.4560000000e+01, 3.4000000000e+01, 1.0655800000e+01, 3.1616086667e+04
 1500603600, 1.4790000000e+02, 9.7480000000e+01, 3.4000000000e+01, 1.0254200000e+01, 2.5992413333e+04
 1500603900, 1.5500000000e+02, 1.0600000000e+02, 3.2693333333e+01, 1.0176400000e+01, 3.2138213333e+04
 1500604200, 1.5563333333e+02, 1.0701333333e+02, 2.9746666667e+01, 1.0333400000e+01, 2.8081353333e+04
 1500604500, 1.6000000000e+02, 1.1400000000e+02, 2.8000000000e+01, 1.0225933333e+01, 2.5861833333e+04
 1500604800, 1.6000000000e+02, 1.0844000000e+02, 3.3560000000e+01, 1.0078066667e+01, 3.3565986667e+04
 1500605100, 1.3820000000e+02, 9.3466666667e+01, 2.6733333333e+01, 1.0247933333e+01, 2.4187346667e+04
 1500605400, 1.3790000000e+02, 9.3266666667e+01, 2.7160000000e+01, 1.0072933333e+01, 2.7484993333e+04
 1500605700, 1.5643333333e+02, 1.0780000000e+02, 3.1306666667e+01, 1.0110800000e+01, 3.0356420000e+04
 1500606000, 1.7493333333e+02, 1.2369333333e+02, 3.2986666667e+01, 1.0103533333e+01, 2.4190966667e+04
 1500606300, 1.4000000000e+02, 9.4000000000e+01, 2.6000000000e+01, 9.9322666667e+00, 3.1561626667e+04
 1500606600, 1.4926666667e+02, 9.9560000000e+01, 2.9706666667e+01, 1.0122933333e+01, 2.5919866667e+04
 1500606900, 1.5361666667e+02, 1.0434000000e+02, 3.0000000000e+01, 1.0010133333e+01, 2.5427166667e+04
 1500607200, 1.4710000000e+02, 9.7573333333e+01, 3.0000000000e+01, 9.5559000000e+00, 3.2131986667e+04
 1500607500, 1.3836666667e+02, 8.8040000000e+01, 3.0653333333e+01, 9.5322000000e+00, 2.6441453333e+04
 1500607800, 1.3816666667e+02, 8.7546666667e+01, 3.1746666667e+01, 9.1322666667e+00, 3.1984033333e+04
 1500608100, 1.6000000000e+02, 1.1200000000e+02, 3.0000000000e+01, 9.3131333333e+00, 2.9130040000e+04
 1500608400, 1.3683333333e+02, 8.7906666667e+01, 3.0000000000e+01, 9.6838666667e+00, 2.7767893333e+04
 1500608700, 1.3500000000e+02, 8.8906666667e+01, 2.7093333333e+01, 1.0273000000e+01, 3.3743506667e+04
 1500609000, 1.3236666667e+02, 8.6840000000e+01, 2.7053333333e+01, 1.0147600000e+01, 2.6361613333e+04
 1500609300, 1.3326666667e+02, 8.7266666667e+01, 2.8653333333e+01, 1.0412933333e+01, 2.8355960000e+04
 1500609600, 1.4126666667e+02, 9.4760000000e+01, 3.0253333333e+01, 9.9558666667e+00, 3.0911646667e+04
 1500609900, 1.5000000000e+02, 1.0000000000e+02, 3.2000000000e+01, 9.2702666667e+00, 2.4996333333e+04
 1500610200, 1.6390000000e+02, 1.1668000000e+02, 3.0146666667e+01, 8.9122666667e+00, 3.0877780000e+04
 1500610500, 1.3956666667e+02, 9.4746666667e+01, 2.7093333333e+01, 8.7423333333e+00, 2.5922013333e+04
 1500610800, 1.4580000000e+02, 9.9693333333e+01, 2.8106666667e+01, 9.6446666667e+00, 2.8553606667e+04
 1500611100, 1.5510000000e+02, 1.0677333333e+02, 3.0653333333e+01, 1.0231333333e+01, 3.1328740000e+04
 1500611400, 1.4373333333e+02, 9.5493333333e+01, 3.1493333333e+01, 1.0450466667e+01, 2.6576180000e+04
 1500611700, 1.3500000000e+02, 9.2000000000e+01, 2.8000000000e+01, 1.0326200000e+01, 3.1793406667e+04
 1500612000, 1.3500000000e+02, 8.6440000000e+01, 3.3560000000e+01, 9.6852333333e+00, 2.8318443333e+04
 1500612300, 1.4590000000e+02, 9.9080000000e+01, 3.1093333333e+01, 9.4362000000e+00, 2.5789573333e+04
 1500612600, 1.3946666667e+02, 9.4520000000e+01, 2.8946666667e+01, 9.3453333333e+00, 3.3086040000e+04
 1500612900, 1.3326666667e+02, 8.7306666667e+01, 2.9306666667e+01, 9.1866666667e+00, 2.3302400000e+04
 1500613200, 1.4126666667e+02, 9.2026666667e+01, 3.1493333333e+01, 9.3317333333e+00, 3.1603860000e+04
 1500613500, 1.5000000000e+02, 1.0600000000e+02, 2.8000000000e+01, 9.1425333333e+00, 2.9314853333e+04
 1500613800, 1.4536666667e+02, 9.6733333333e+01, 2.9853333333e+01, 8.7113000000e+00, 2.6681610000e+04
 1500614100, 1.5226666667e+02, 1.0326666667e+02, 3.1453333333e+01, 8.4976666667e+00, 3.4028026667e+04
 1500614400, 1.5236666667e+02, 1.0494666667e+02, 3.0946666667e+01, 8.6378666667e+00, 2.6110020000e+04
 1500614700, 1.4673333333e+02, 1.0008000000e+02, 2.9346666667e+01, 8.9765333333e+00, 2.7887433333e+04
 1500615000, 1.4000000000e+02, 9.1746666667e+01, 2.8506666667e+01, 9.0237333333e+00, 3.0566066667e+04
 1500615300, 1.4000000000e+02, 9.0000000000e+01, 3.2000000000e+01, 9.3204000000e+00, 2.3885413333e+04
 1500615600, 1.3073333333e+02, 8.6293333333e+01, 2.6440000000e+01, 9.3022666667e+00, 3.3192533333e+04
 1500615900, 1.3363333333e+02, 8.8906666667e+01, 2.6000000000e+01, 9.4876000000e+00, 2.7365506667e+04
 1500616200, 1.3763333333e+02, 9.2106666667e+01, 2.7053333333e+01, 9.8281333333e+00, 2.9255613333e+04
 1500616500, 1.4163333333e+02, 9.5306666667e+01, 2.8000000000e+01, 9.8712666667e+00, 3.1610646667e+04
 1500616800, 1.4563333333e+02, 9.8000000000e+01, 2.8760000000e+01, 1.0110466667e+01, 2.6477526667e+04
 1500617100, 1.5000000000e+02, 9.8000000000e+01, 3.4000000000e+01, 1.0363933333e+01, 3.1930573333e+04
 1500617400, 1.5000000000e+02, 1.0356000000e+02, 3.0293333333e+01, 1.0309666667e+01, 2.7103786667e+04
 1500617700, 1.5000000000e+02, 1.0109333333e+02, 3.1453333333e+01, 9.8848666667e+00, 2.8818846667e+04
 1500618000, 1.4736666667e+02, 9.7893333333e+01, 3.2000000000e+01, 1.0064600000e+01, 3.2294973333e+04
 1500618300, 1.4173333333e+02, 9.2733333333e+01, 3.2653333333e+01, 1.0149800000e+01, 2.6501820000e+04
 1500618600, 1.4133333333e+02, 9.2080000000e+01, 3.4000000000e+01, 9.9215333333e+00, 3.2103673333e+04
 1500618900, 1.8500000000e+02, 1.3400000000e+02, 3.4000000000e+01, 9.3895333333e+00, 2.8196160000e+04
 1500619200, 1.5256666667e+02, 1.0249333333e+02, 3.2146666667e+01, 9.5473333333e+00, 2.5572533333e+04
 1500619500, 1.5000000000e+02, 1.0436000000e+02, 2.7640000000e+01, 9.7734000000e+00, 3.3261340000e+04
 1500619800, 1.3420000000e+02, 9.1253333333e+01, 2.6000000000e+01, 9.8317333333e+00, 2.3753186667e+04
 1500620100, 1.2816666667e+02, 8.3226666667e+01, 2.7306666667e+01, 9.6145333333e+00, 2.7105473333e+04
 1500620400, 1.4563333333e+02, 9.5013333333e+01, 3.0000000000e+01, 9.7995333333e+00, 2.0628506667e+04
 1500620700, 1.5000000000e+02, 1.0200000000e+02, 3.0000000000e+01, 1.0069733333e+01, 2.1683346667e+04
 1500621000, 1.5463333333e+02, 1.0570666667e+02, 3.1853333333e+01, 9.6002000000e+00, 2.6719760000e+04
 1500621300, 1.6953333333e+02, 1.1908000000e+02, 3.3453333333e+01, 1.0031733333e+01, 2.5467213333e+04
 1500621600, 1.5920000000e+02, 1.0820000000e+02, 3.2946666667e+01, 9.9678000000e+00, 3.1755186667e+04
 1500621900, 1.4826666667e+02, 9.8573333333e+01, 3.0693333333e+01, 1.0243600000e+01, 2.7207053333e+04
 1500622200, 1.5563333333e+02, 1.0876000000e+02, 2.8253333333e+01, 9.9301333333e+00, 3.1990466667e+04
 1500622500, 1.6000000000e+02, 1.1400000000e+02, 3.0000000000e+01, 9.7439333333e+00, 2.8464133333e+04
 1500622800, 1.4146666667e+02, 9.1760000000e+01, 3.0000000000e+01, 1.0415733333e+01, 2.7452820000e+04
 1500623100, 1.4000000000e+02, 9.1453333333e+01, 2.8546666667e+01, 1.0391133333e+01, 3.3831033333e+04
 1500623400, 1.3473333333e+02, 8.8840000000e+01, 2.6946666667e+01, 1.0102733333e+01, 2.5947086667e+04
 1500623700, 1.4143333333e+02, 9.4493333333e+01, 2.9266666667e+01, 1.0146333333e+01, 2.8227320000e+04
 1500624000, 1.6183333333e+02, 1.0946666667e+02, 3.5240000000e+01, 1.0159733333e+01, 3.0678466667e+04
 1500624300, 1.4000000000e+02, 9.2000000000e+01, 3.0000000000e+01, 1.0166533333e+01, 2.3988440000e+04
 1500624600, 1.6780000000e+02, 1.1424000000e+02, 3.3706666667e+01, 1.0371366667e+01, 3.3125173333e+04
 1500624900, 1.5546666667e+02, 1.0873333333e+02, 2.8186666667e+01, 1.0808666667e+01, 2.7010786667e+04
 1500625200, 1.5526666667e+02, 1.0916000000e+02, 2.9160000000e+01, 1.1272666667e+01, 2.7978060000e+04
 1500625500, 1.6326666667e+02, 1.1330666667e+02, 3.3306666667e+01, 1.1109333333e+01, 3.1103353333e+04
 1500625800, 1.6810000000e+02, 1.1473333333e+02, 3.4986666667e+01, 1.1233400000e+01, 2.5114093333e+04
 1500626100, 1.5500000000e+02, 1.0600000000e+02, 2.8000000000e+01, 1.1763266667e+01, 3.0907900000e+04
 1500626400, 1.7816666667e+02, 1.2824000000e+02, 3.1706666667e+01, 1.1617600000e+01, 2.6460986667e+04
 1500626700, 1.6546666667e+02, 1.1837333333e+02, 2.9093333333e+01, 1.1932200000e+01, 2.5330960000e+04
 1500627000, 1.6263333333e+02, 1.1294666667e+02, 3.1160000000e+01, 1.1633666667e+01, 3.2670186667e+04
 1500627300, 1.5846666667e+02, 1.0546666667e+02, 3.4000000000e+01, 1.0954266667e+01, 2.3265913333e+04
 1500627600, 1.4943333333e+02, 9.6813333333e+01, 3.3493333333e+01, 1.0592866667e+01, 2.7517786667e+04
 1500627900, 1.8000000000e+02, 1.3000000000e+02, 3.0000000000e+01, 1.1049200000e+01, 2.9737173333e+04
 1500628200, 1.6146666667e+02, 1.0961333333e+02, 3.3706666667e+01, 1.0939733333e+01, 2.7162286667e+04
 1500628500, 1.5636666667e+02, 1.0654666667e+02, 2.9640000000e+01, 1.0605866667e+01, 3.3899740000e+04
 1500628800, 1.4183333333e+02, 9.5466666667e+01, 2.8000000000e+01, 1.0326666667e+01, 2.5841600000e+04
 1500629100, 1.3485000000e+02, 8.9880000000e+01, 2.8000000000e+01, 1.0008966667e+01, 2.7954623333e+04
 1500629400, 1.4373333333e+02, 9.6733333333e+01, 2.8000000000e+01, 9.9794666667e+00, 3.1077486667e+04
 1500629700, 1.3500000000e+02, 8.8000000000e+01, 2.8000000000e+01, 1.0051600000e+01, 2.4699633333e+04
 1500630000, 1.4426666667e+02, 9.1706666667e+01, 3.3560000000e+01, 1.0428666667e+01, 3.1191753333e+04
 1500630300, 1.5590000000e+02, 1.0508000000e+02, 3.1093333333e+01, 1.0486333333e+01, 2.6719086667e+04
 1500630600, 1.7316666667e+02, 1.1948000000e+02, 3.4213333333e+01, 1.0309866667e+01, 2.5423766667e+04
 1500630900, 1.7356666667e+02, 1.2016000000e+02, 3.5386666667e+01, 1.0133333333e+01, 3.2332853333e+04
 1500631200, 1.5190000000e+02, -nan, 3.0506666667e+01, 9.5955333333e+00, 2.6918646667e+04
 1500631500, 1.6500000000e+02, -nan, 3.4000000000e+01, 9.4997333333e+00, 3.2140586667e+04
 1500631800, 1.3256666667e+02, -nan, 2.6586666667e+01, 9.2196666667e+00, 2.8846160000e+04
 1500632100, 1.6996666667e+02, -nan, 3.3266666667e+01, 9.2608666667e+00, 2.6952453333e+04
 1500632400, 1.6656666667e+02, -nan, -nan, 9.1207333333e+00, 1.9949640000e+04
 1500632700, 1.5490000000e+02, -nan, -nan, 9.1350000000e+00, 1.9348400000e+04
 1500633000, 1.6310000000e+02, -nan, -nan, -nan, 3.1855453333e+04
 1500633300, -nan, -nan, -nan, -nan, 2.4341940000e+04
 1500633600, -nan, -nan, -nan, -nan, -nan
 1500633900, -nan, -nan, -nan, -nan, -nan
 1500634200, -nan, -nan, -nan, -nan, -nan
 1500634500, -nan, -nan, -nan, -nan, -nan
 1500634800, -nan, -nan, -nan, -nan, -nan
