 Time, ttl_pwr, cpu_pwr, mem_pwr, cpu_load, mem_load
 1500448500, 2.3500000000e+02, 1.9000000000e+02, 2.8000000000e+01, 1.6050000000e+01, 5.2284653333e+04
 1500448800, 2.3500000000e+02, 1.9000000000e+02, 2.8000000000e+01, 1.6050000000e+01, 5.2284200000e+04
 1500449100, 2.3500000000e+02, 1.9000000000e+02, 2.8000000000e+01, 1.6050000000e+01, 5.2285800000e+04
 1500449400, 2.3500000000e+02, 1.9145333333e+02, 2.8000000000e+01, 1.6050000000e+01, 5.2285400000e+04
 1500449700, 2.3500000000e+02, 1.9094666667e+02, 2.8000000000e+01, 1.6052000000e+01, 5.2285146667e+04
 1500450000, 2.3500000000e+02, 1.9000000000e+02, 2.8000000000e+01, 1.6050000000e+01, 5.2286053333e+04
 1500450300, 2.1156666667e+02, 1.6897333333e+02, 2.5720000000e+01, 1.3733333333e+01, 1.0737320000e+04
 1500450600, 5.0000000000e+01, 2.4000000000e+01, 1.0000000000e+01, 9.9844666667e+00, 7.4472000000e+03
 1500450900, 5.0000000000e+01, 2.4000000000e+01, 1.0000000000e+01, 7.2836000000e+00, 7.4474733333e+03
 1500451200, 5.0000000000e+01, 2.4000000000e+01, 1.0000000000e+01, 5.2901333333e+00, 7.4462000000e+03
 1500451500, 1.3163333333e+02, 9.7733333333e+01, 1.8426666667e+01, 4.8422666667e+00, 1.7928633333e+04
 1500451800, 2.1480000000e+02, 1.7249333333e+02, 2.7306666667e+01, 7.6109333333e+00, 2.5154640000e+04
 1500452100, 2.3373333333e+02, 1.8848000000e+02, 3.0253333333e+01, 9.9348000000e+00, 2.4806746667e+04
 1500452400, 2.2500000000e+02, 1.7800000000e+02, 3.2000000000e+01, 1.1549400000e+01, 2.3703246667e+04
 1500452700, 2.3890000000e+02, 1.8912000000e+02, 3.2000000000e+01, 1.2704800000e+01, 1.7517966667e+04
 1500453000, 2.4000000000e+02, 1.7837333333e+02, 4.6533333333e+01, 1.3620200000e+01, 2.4669623333e+04
 1500453300, 2.3736666667e+02, 1.7610666667e+02, 4.4626666667e+01, 1.4248600000e+01, 2.4996226667e+04
 1500453600, 2.3500000000e+02, 1.7800000000e+02, 3.9306666667e+01, 1.4684866667e+01, 2.4211373333e+04
 1500453900, 2.3563333333e+02, 1.7952000000e+02, 4.0733333333e+01, 1.4994000000e+01, 2.1471313333e+04
 1500454200, 2.4000000000e+02, 1.9000000000e+02, 3.2000000000e+01, 1.5195933333e+01, 2.5034286667e+04
 1500454500, 2.3536666667e+02, 1.9185333333e+02, 2.6440000000e+01, 1.5343533333e+01, 2.1026960000e+04
 1500454800, 2.2410000000e+02, 1.8037333333e+02, 2.7453333333e+01, 1.5470666667e+01, 2.0765973333e+04
 1500455100, 2.3580000000e+02, 1.8021333333e+02, 3.8533333333e+01, 1.5549600000e+01, 2.4891533333e+04
 1500455400, 2.4673333333e+02, 1.8204000000e+02, 4.8000000000e+01, 1.5588200000e+01, 2.5340706667e+04
 1500455700, 2.3873333333e+02, 1.7952000000e+02, 4.5213333333e+01, 1.5669333333e+01, 2.1871133333e+04
 1500456000, 2.3000000000e+02, 1.9000000000e+02, 2.6000000000e+01, 1.5747866667e+01, 2.1690353333e+04
 1500456300, 2.3926666667e+02, 1.8073333333e+02, 3.8973333333e+01, 1.5730666667e+01, 2.3427526667e+04
 1500456600, 2.2546666667e+02, 1.7564000000e+02, 3.1280000000e+01, 1.5811600000e+01, 2.2169493333e+04
 1500456900, 2.2790000000e+02, 1.7926666667e+02, 3.2213333333e+01, 1.5878866667e+01, 2.2859326667e+04
 1500457200, 2.3500000000e+02, 1.8594000000e+02, 3.3413333333e+01, 1.5945500000e+01, 2.1176583333e+04
 1500457500, 2.3753333333e+02, 1.8949333333e+02, 3.0786666667e+01, 1.5873333333e+01, 2.5180503333e+04
 1500457800, 2.5500000000e+02, 1.8600000000e+02, 5.0000000000e+01, 1.5795866667e+01, 2.1319240000e+04
 1500458100, 2.4110000000e+02, 1.8970666667e+02, 3.5173333333e+01, 1.5825400000e+01, 1.9977960000e+04
 1500458400, 2.3273333333e+02, 1.8564000000e+02, 3.1093333333e+01, 1.5858200000e+01, 2.4914306667e+04
 1500458700, 2.3263333333e+02, 1.8716000000e+02, 2.8946666667e+01, 1.5856333333e+01, 2.2877033333e+04
 1500459000, 2.3826666667e+02, 1.8934666667e+02, 3.1266666667e+01, 1.5895800000e+01, 2.5135293333e+04
 1500459300, 2.4563333333e+02, 1.8749333333e+02, 3.9266666667e+01, 1.5934333333e+01, 2.5141586667e+04
 1500459600, 2.5000000000e+02, 1.8400000000e+02, 4.8000000000e+01, 1.5963266667e+01, 2.2016660000e+04
 1500459900, 2.3610000000e+02, 1.8400000000e+02, 3.5026666667e+01, 1.5970000000e+01, 1.8985473333e+04
 1500460200, 2.3500000000e+02, 1.8836000000e+02, 2.8186666667e+01, 1.5974400000e+01, 2.3847533333e+04
 1500460500, 2.3763333333e+02, 1.9000000000e+02, 2.9160000000e+01, 1.5898133333e+01, 2.2555420000e+04
 1500460800, 2.4000000000e+02, 1.8934666667e+02, 3.2000000000e+01, 1.5666533333e+01, 2.0087733333e+04
 1500461100, 2.3936666667e+02, 1.8825333333e+02, 3.1493333333e+01, 1.5754133333e+01, 2.3826120000e+04
 1500461400, 2.3500000000e+02, 1.9000000000e+02, 2.8000000000e+01, 1.5788000000e+01, 2.4573826667e+04
 1500461700, 2.3963333333e+02, 1.9000000000e+02, 3.1706666667e+01, 1.5778733333e+01, 2.4936453333e+04
 1500462000, 2.4000000000e+02, 1.9290666667e+02, 2.9093333333e+01, 1.5613400000e+01, 1.7259093333e+04
 1500462300, 1.8715000000e+02, 1.4064666667e+02, 2.6993333333e+01, 1.3983100000e+01, 9.2642333333e+03
 1500462600, 1.5100000000e+02, 1.0506666667e+02, 2.6000000000e+01, 1.5569033333e+01, 1.0931856667e+04
 1500462900, 1.9753333333e+02, 1.5453333333e+02, 2.6000000000e+01, 1.6786100000e+01, 1.2422516667e+04
 1500463200, 2.1500000000e+02, 1.7200000000e+02, 2.6000000000e+01, 1.9094066667e+01, 2.7281220000e+04
 1500463500, 2.4260000000e+02, 1.8672000000e+02, 3.5200000000e+01, 2.2802733333e+01, 2.9165666667e+04
 1500463800, 2.4861666667e+02, 1.9234000000e+02, 3.7446666667e+01, 2.5522633333e+01, 2.9204083333e+04
 1500464100, 2.5000000000e+02, 1.9400000000e+02, 3.9040000000e+01, 2.7427200000e+01, 2.9449760000e+04
 1500464400, 2.5000000000e+02, 1.9400000000e+02, 3.9360000000e+01, 2.8801033333e+01, 2.9559730000e+04
 1500464700, 2.5061666667e+02, 1.9400000000e+02, 3.8246666667e+01, 2.9806433333e+01, 2.9539726667e+04
 1500465000, 2.5500000000e+02, 1.9400000000e+02, 4.0000000000e+01, 3.0515200000e+01, 2.9643926667e+04
 1500465300, 2.5040000000e+02, 1.9400000000e+02, 4.0000000000e+01, 3.1067800000e+01, 2.9834113333e+04
 1500465600, 2.2840000000e+02, 1.7240000000e+02, 3.5680000000e+01, 3.1815533333e+01, 2.9883226667e+04
 1500465900, 1.7840000000e+02, 1.2864000000e+02, 2.8800000000e+01, 3.2578666667e+01, 2.9975573333e+04
 1500466200, 1.7640000000e+02, 1.2451333333e+02, 3.2493333333e+01, 3.3099300000e+01, 2.9980070000e+04
 1500466500, 2.4625000000e+02, 1.7900000000e+02, 4.9140000000e+01, 3.3360833333e+01, 2.9706673333e+04
 1500466800, 1.3500000000e+02, 9.0000000000e+01, 2.6000000000e+01, 3.3360000000e+01, 2.8938890000e+04
 1500467100, 2.4080000000e+02, 1.8384000000e+02, 3.7040000000e+01, 3.3096433333e+01, 2.8976896667e+04
 1500467400, 2.5363333333e+02, 1.9490666667e+02, 3.9453333333e+01, 3.2889700000e+01, 2.8960896667e+04
 1500467700, 2.5240000000e+02, 1.9288000000e+02, 3.8960000000e+01, 3.2766766667e+01, 2.8947120000e+04
 1500468000, 2.5000000000e+02, 1.9064666667e+02, 3.8000000000e+01, 3.2453133333e+01, 2.9087093333e+04
 1500468300, 2.5000000000e+02, 1.9225333333e+02, 3.8000000000e+01, 3.2122133333e+01, 2.9163410000e+04
 1500468600, 2.5000000000e+02, 1.9400000000e+02, 3.8000000000e+01, 3.1898866667e+01, 2.9361603333e+04
 1500468900, 2.5000000000e+02, 1.9215333333e+02, 3.8000000000e+01, 3.1700033333e+01, 2.9488886667e+04
 1500469200, 2.5000000000e+02, 1.9344666667e+02, 3.8000000000e+01, 3.1634233333e+01, 2.7917543333e+04
 1500469500, 2.3420000000e+02, 1.7925333333e+02, 3.4840000000e+01, 2.8917233333e+01, 1.1605693333e+04
 1500469800, 1.9575000000e+02, 1.4401333333e+02, 3.0060000000e+01, 2.5560500000e+01, 1.2110193333e+04
 1500470100, 1.4170000000e+02, 9.5140000000e+01, 2.5780000000e+01, 2.3422300000e+01, 1.5875436667e+04
 1500470400, 1.1500000000e+02, 7.2000000000e+01, 2.4000000000e+01, 2.1978966667e+01, 1.5880416667e+04
 1500470700, 1.2880000000e+02, 8.1200000000e+01, 2.5840000000e+01, 2.0764733333e+01, 1.5578853333e+04
 1500471000, 1.6270000000e+02, 1.1542666667e+02, 2.6000000000e+01, 1.8267200000e+01, 1.4218633333e+04
 1500471300, 1.4076666667e+02, 9.6400000000e+01, 2.4946666667e+01, 1.4004733333e+01, 1.3852746667e+04
 1500471600, 1.1000000000e+02, 6.8000000000e+01, 2.4000000000e+01, 1.0692800000e+01, 1.3852526667e+04
 1500471900, 1.1000000000e+02, 6.8000000000e+01, 2.4000000000e+01, 8.2943333333e+00, 1.3852600000e+04
 1500472200, 1.1000000000e+02, 6.8000000000e+01, 2.4000000000e+01, 6.5547333333e+00, 1.3797686667e+04
 1500472500, 9.1466666667e+01, 5.3173333333e+01, 2.4000000000e+01, 5.1201333333e+00, 9.8855933333e+03
 1500472800, 6.0933333333e+01, 3.1653333333e+01, 1.3826666667e+01, 3.7840000000e+00, 7.3318533333e+03
 1500473100, 5.2633333333e+01, 2.6106666667e+01, 1.2106666667e+01, 2.7783333333e+00, 7.3319466667e+03
 1500473400, 5.3366666667e+01, 2.6693333333e+01, 1.2693333333e+01, 2.0446666667e+00, 7.3314566667e+03
 1500473700, 5.0000000000e+01, 2.4000000000e+01, 1.0000000000e+01, 1.5124666667e+00, 7.3320733333e+03
 1500474000, 5.0000000000e+01, 2.4000000000e+01, 1.0000000000e+01, 1.1162000000e+00, 7.3314000000e+03
 1500474300, 5.0000000000e+01, 2.4000000000e+01, 1.0000000000e+01, 8.3560000000e-01, 7.3320533333e+03
 1500474600, 5.0000000000e+01, 2.4000000000e+01, 1.0000000000e+01, 6.1793333333e-01, 7.3329266667e+03
 1500474900, 5.0000000000e+01, 2.4000000000e+01, 1.0000000000e+01, 4.6226666667e-01, 7.3362533333e+03
 1500475200, 5.0000000000e+01, 2.4000000000e+01, 1.0000000000e+01, 3.4333333333e-01, 7.3366000000e+03
 1500475500, 5.0000000000e+01, 2.4000000000e+01, 1.0000000000e+01, 2.8020000000e-01, 7.3358000000e+03
 1500475800, 5.0000000000e+01, 2.4000000000e+01, 1.0000000000e+01, 2.3640000000e-01, 7.3360733333e+03
 1500476100, 5.0000000000e+01, 2.4000000000e+01, 1.0000000000e+01, 1.8566666667e-01, 7.3354000000e+03
 1500476400, 5.0000000000e+01, 2.4000000000e+01, 1.0000000000e+01, 1.4546666667e-01, 7.3355266667e+03
 1500476700, 5.0000000000e+01, 2.4000000000e+01, 1.0000000000e+01, 1.2946666667e-01, 7.3354733333e+03
 1500477000, 5.0000000000e+01, 2.4000000000e+01, 1.0000000000e+01, 1.2200000000e-01, 7.3357266667e+03
 1500477300, 5.0000000000e+01, 2.4000000000e+01, 1.0000000000e+01, 1.0546666667e-01, 7.3362000000e+03
 1500477600, 5.0000000000e+01, 2.4000000000e+01, 1.0000000000e+01, 8.3466666667e-02, 7.3360733333e+03
 1500477900, 5.0000000000e+01, 2.4000000000e+01, 1.0000000000e+01, 8.2000000000e-02, 7.3355266667e+03
 1500478200, 5.0000000000e+01, 2.4000000000e+01, 1.0000000000e+01, 6.2733333333e-02, 7.3417000000e+03
 1500478500, 5.7900000000e+01, 2.7160000000e+01, 1.4213333333e+01, 2.3600000000e-01, 7.3823266667e+03
 1500478800, 6.5000000000e+01, 3.0000000000e+01, 1.8000000000e+01, 4.8533333333e-01, 7.3830000000e+03
 1500479100, 6.5633333333e+01, 3.0253333333e+01, 1.8253333333e+01, 6.5700000000e-01, 7.3824000000e+03
 1500479400, 7.0000000000e+01, 3.2000000000e+01, 2.0000000000e+01, 7.7540000000e-01, 7.3801466667e+03
 1500479700, 6.0733333333e+01, 3.0146666667e+01, 1.6293333333e+01, 8.4813333333e-01, 7.3790000000e+03
 1500480000, 5.6366666667e+01, 2.7093333333e+01, 1.4546666667e+01, 9.1233333333e-01, 7.3806533333e+03
 1500480300, 5.7633333333e+01, 2.7053333333e+01, 1.5053333333e+01, 9.6633333333e-01, 7.3820533333e+03
 1500480600, 7.5666666667e+01, 3.9280000000e+01, 1.8506666667e+01, 2.2118000000e+00, 9.5269600000e+03
 1500480900, 1.2456666667e+02, 7.8693333333e+01, 2.4253333333e+01, 8.8177333333e+00, 1.1159836667e+04
 1500481200, 2.2500000000e+02, 1.8000000000e+02, 2.6000000000e+01, 1.3847066667e+01, 1.3650933333e+04
 1500481500, 2.4340000000e+02, 1.9472000000e+02, 3.3360000000e+01, 1.8565300000e+01, 2.1380123333e+04
 1500481800, 2.4500000000e+02, 1.9455333333e+02, 3.4000000000e+01, 2.2648766667e+01, 2.1827773333e+04
 1500482100, 2.4760000000e+02, 1.9504000000e+02, 3.4000000000e+01, 2.5618333333e+01, 2.2044996667e+04
 1500482400, 2.4840000000e+02, 1.9600000000e+02, 3.4000000000e+01, 2.7769900000e+01, 2.2049726667e+04
 1500482700, 2.4500000000e+02, 1.9575333333e+02, 3.4000000000e+01, 2.9316700000e+01, 2.2037143333e+04
 1500483000, 2.4500000000e+02, 1.9400000000e+02, 3.4000000000e+01, 3.0426366667e+01, 2.2355560000e+04
 1500483300, 2.4500000000e+02, 1.9400000000e+02, 3.4000000000e+01, 3.1387500000e+01, 2.2413060000e+04
 1500483600, 2.2350000000e+02, 1.7106666667e+02, 3.2566666667e+01, 3.2377400000e+01, 2.2488100000e+04
 1500483900, 1.5340000000e+02, 1.0450666667e+02, 2.7893333333e+01, 3.3259300000e+01, 2.2493876667e+04
 1500484200, 1.1133333333e+02, 6.6333333333e+01, 2.4653333333e+01, 3.3825700000e+01, 2.2361016667e+04
 1500484500, 1.4340000000e+02, 9.8293333333e+01, 2.6000000000e+01, 3.3807333333e+01, 2.2417450000e+04
 1500484800, 1.3000000000e+02, 8.4000000000e+01, 2.6000000000e+01, 3.4175366667e+01, 2.2378420000e+04
 1500485100, 1.6706666667e+02, 1.1921333333e+02, 2.7853333333e+01, 3.4500733333e+01, 2.2244793333e+04
 1500485400, 1.8090000000e+02, 1.3217333333e+02, 2.6546666667e+01, 3.4482300000e+01, 2.1371670000e+04
 1500485700, 2.1620000000e+02, 1.6616000000e+02, 3.0160000000e+01, 3.4189200000e+01, 2.1525906667e+04
 1500486000, 2.4661666667e+02, 1.9464666667e+02, 3.4000000000e+01, 3.3989500000e+01, 2.1410490000e+04
 1500486300, 2.5000000000e+02, 1.9574666667e+02, 3.4506666667e+01, 3.3817600000e+01, 2.1786210000e+04
 1500486600, 2.5000000000e+02, 1.9400000000e+02, 3.8000000000e+01, 3.3448200000e+01, 2.1737426667e+04
 1500486900, 2.4073333333e+02, 1.8844000000e+02, 3.4293333333e+01, 3.2684333333e+01, 2.1492013333e+04
 1500487200, 2.4360000000e+02, 1.8944000000e+02, 3.5440000000e+01, 3.1968866667e+01, 2.1407093333e+04
 1500487500, 2.4500000000e+02, 1.9105333333e+02, 3.4946666667e+01, 3.1277300000e+01, 2.1222943333e+04
 1500487800, 2.4500000000e+02, 1.9004000000e+02, 3.4653333333e+01, 3.0179566667e+01, 2.0819716667e+04
 1500488100, 2.2663333333e+02, 1.6953333333e+02, 3.4480000000e+01, 2.9377700000e+01, 2.1115070000e+04
 1500488400, 1.0000000000e+02, 5.6000000000e+01, 2.4000000000e+01, 2.8912200000e+01, 2.0896570000e+04
 1500488700, 2.1375000000e+02, 1.5428000000e+02, 3.8560000000e+01, 2.8160433333e+01, 2.0665426667e+04
 1500489000, 1.7150000000e+02, 1.1406666667e+02, 3.7146666667e+01, 2.7406200000e+01, 2.0585750000e+04
 1500489300, 1.8423333333e+02, 1.2560000000e+02, 3.9160000000e+01, 2.6249966667e+01, 1.8863573333e+04
 1500489600, 1.9866666667e+02, 1.4093333333e+02, 3.9386666667e+01, 2.2417266667e+01, 1.7366060000e+04
 1500489900, 1.5296666667e+02, 1.0462666667e+02, 3.1213333333e+01, 1.8153733333e+01, 1.3490920000e+04
 1500490200, 7.0000000000e+01, 4.0000000000e+01, 1.2000000000e+01, 1.3579466667e+01, 7.6136333333e+03
 1500490500, 5.1466666667e+01, 2.5173333333e+01, 1.2000000000e+01, 9.9201333333e+00, 7.5294000000e+03
 1500490800, 5.0000000000e+01, 2.4000000000e+01, 1.0546666667e+01, 7.1856000000e+00, 7.5304533333e+03
 1500491100, 5.0000000000e+01, 2.4000000000e+01, 1.0000000000e+01, 5.2079333333e+00, 7.5304000000e+03
 1500491400, 5.0000000000e+01, 2.4000000000e+01, 1.0000000000e+01, 3.7787333333e+00, 7.5296733333e+03
 1500491700, 5.0000000000e+01, 2.4000000000e+01, 1.0000000000e+01, 2.7492666667e+00, 7.5302533333e+03
 1500492000, 5.0000000000e+01, 2.4000000000e+01, 1.0000000000e+01, 2.0009333333e+00, 7.5312000000e+03
 1500492300, 5.0000000000e+01, 2.4000000000e+01, 1.0000000000e+01, 1.4577333333e+00, 7.5320000000e+03
 1500492600, 5.0000000000e+01, 2.4000000000e+01, 1.0000000000e+01, 1.0682000000e+00, 7.5321266667e+03
 1500492900, 5.0000000000e+01, 2.4000000000e+01, 1.0000000000e+01, 7.8760000000e-01, 7.5316000000e+03
 1500493200, 5.0000000000e+01, 2.4000000000e+01, 1.0000000000e+01, 5.7920000000e-01, 7.5322000000e+03
 1500493500, 5.0000000000e+01, 2.4000000000e+01, 1.0000000000e+01, 4.3153333333e-01, 7.5317266667e+03
 1500493800, 5.0000000000e+01, 2.4000000000e+01, 1.0000000000e+01, 3.1986666667e-01, 7.5320000000e+03
 1500494100, 5.0000000000e+01, 2.4000000000e+01, 1.0000000000e+01, 2.4186666667e-01, 7.5322733333e+03
 1500494400, 5.0000000000e+01, 2.4000000000e+01, 1.0000000000e+01, 1.9293333333e-01, 7.5326533333e+03
 1500494700, 5.0000000000e+01, 2.4000000000e+01, 1.0000000000e+01, 1.5820000000e-01, 7.5337266667e+03
 1500495000, 5.0000000000e+01, 2.4000000000e+01, 1.0000000000e+01, 1.4200000000e-01, 7.5332000000e+03
 1500495300, 5.0000000000e+01, 2.4000000000e+01, 1.0000000000e+01, 1.2020000000e-01, 7.5329266667e+03
 1500495600, 5.0000000000e+01, 2.4000000000e+01, 1.0000000000e+01, 9.3466666667e-02, 7.5324400000e+03
 1500495900, 5.0000000000e+01, 2.4000000000e+01, 1.0000000000e+01, 7.7466666667e-02, 7.5320000000e+03
 1500496200, 5.0000000000e+01, 2.4000000000e+01, 1.0000000000e+01, 5.9466666667e-02, 7.5324533333e+03
 1500496500, 5.0000000000e+01, 2.4000000000e+01, 1.0000000000e+01, 5.2000000000e-02, 7.5326733333e+03
 1500496800, 5.0000000000e+01, 2.4000000000e+01, 1.0000000000e+01, 5.0000000000e-02, 7.5318733333e+03
 1500497100, 5.0000000000e+01, 2.4000000000e+01, 1.0000000000e+01, 5.0000000000e-02, 7.5328533333e+03
 1500497400, 5.0000000000e+01, 2.4000000000e+01, 1.0000000000e+01, 5.0000000000e-02, 7.5323466667e+03
 1500497700, 5.0000000000e+01, 2.4000000000e+01, 1.0000000000e+01, 5.1266666667e-02, 7.5320000000e+03
 1500498000, 5.0000000000e+01, 2.4000000000e+01, 1.0000000000e+01, 5.6733333333e-02, 7.5327266667e+03
 1500498300, 5.0000000000e+01, 2.4000000000e+01, 1.0000000000e+01, 5.0000000000e-02, 7.5326000000e+03
 1500498600, 5.0000000000e+01, 2.4000000000e+01, 1.0000000000e+01, 5.0000000000e-02, 7.5330733333e+03
 1500498900, 5.0000000000e+01, 2.4000000000e+01, 1.0000000000e+01, 5.3266666667e-02, 7.5325800000e+03
 1500499200, 5.0000000000e+01, 2.4000000000e+01, 1.0000000000e+01, 5.4733333333e-02, 7.5328733333e+03
 1500499500, 5.0000000000e+01, 2.4000000000e+01, 1.0000000000e+01, 5.0000000000e-02, 7.5328000000e+03
 1500499800, 5.0000000000e+01, 2.4000000000e+01, 1.0000000000e+01, 5.0000000000e-02, 7.5328000000e+03
 1500500100, 5.0000000000e+01, 2.4000000000e+01, 1.0000000000e+01, 5.0000000000e-02, 7.5334000000e+03
 1500500400, 5.0000000000e+01, 2.4000000000e+01, 1.0000000000e+01, 5.0000000000e-02, 7.5328733333e+03
 1500500700, 5.0000000000e+01, 2.4000000000e+01, 1.0000000000e+01, 5.7266666667e-02, 7.5333266667e+03
 1500501000, 5.0000000000e+01, 2.4000000000e+01, 1.0000000000e+01, 5.6733333333e-02, 7.5333466667e+03
 1500501300, 5.0000000000e+01, 2.4000000000e+01, 1.0000000000e+01, 6.2000000000e-02, 7.5324000000e+03
 1500501600, 5.0000000000e+01, 2.4000000000e+01, 1.0000000000e+01, 5.0000000000e-02, 7.5340000000e+03
 1500501900, 5.0000000000e+01, 2.4000000000e+01, 1.0000000000e+01, 5.0000000000e-02, 7.5316000000e+03
 1500502200, 5.0000000000e+01, 2.4000000000e+01, 1.0000000000e+01, 5.1266666667e-02, 7.5313266667e+03
 1500502500, 5.0000000000e+01, 2.4000000000e+01, 1.0000000000e+01, 5.2733333333e-02, 7.5325266667e+03
 1500502800, 5.0000000000e+01, 2.4000000000e+01, 1.0000000000e+01, 5.0000000000e-02, 7.5330533333e+03
 1500503100, 5.0000000000e+01, 2.4000000000e+01, 1.0000000000e+01, 5.0000000000e-02, 7.5337466667e+03
 1500503400, 5.0000000000e+01, 2.4000000000e+01, 1.0000000000e+01, 5.0000000000e-02, 7.5339266667e+03
 1500503700, 5.0000000000e+01, 2.4000000000e+01, 1.0000000000e+01, 5.0000000000e-02, 7.5344000000e+03
 1500504000, 5.0000000000e+01, 2.4000000000e+01, 1.0000000000e+01, 5.6533333333e-02, 7.5334733333e+03
 1500504300, 5.0000000000e+01, 2.4000000000e+01, 1.0000000000e+01, 8.4333333333e-02, 7.5339266667e+03
 1500504600, 5.0000000000e+01, 2.4000000000e+01, 1.0000000000e+01, 1.1800000000e-01, 7.5338000000e+03
 1500504900, 5.0000000000e+01, 2.4000000000e+01, 1.0000000000e+01, 1.0350000000e-01, 7.5330733333e+03
 1500505200, 5.0000000000e+01, 2.4000000000e+01, 1.0000000000e+01, 8.7466666667e-02, 7.5339266667e+03
 1500505500, 5.0000000000e+01, 2.4000000000e+01, 1.0000000000e+01, 6.9466666667e-02, 7.5330000000e+03
 1500505800, 5.0000000000e+01, 2.4000000000e+01, 1.0000000000e+01, 5.2733333333e-02, 7.5337266667e+03
 1500506100, 5.0000000000e+01, 2.4000000000e+01, 1.0000000000e+01, 5.0000000000e-02, 7.5338733333e+03
 1500506400, 5.0000000000e+01, 2.4000000000e+01, 1.0000000000e+01, 5.0000000000e-02, 7.5327466667e+03
 1500506700, 5.0000000000e+01, 2.4000000000e+01, 1.0000000000e+01, 5.0000000000e-02, 7.5335266667e+03
 1500507000, 5.0000000000e+01, 2.4000000000e+01, 1.0000000000e+01, 6.9800000000e-02, 7.5342000000e+03
 1500507300, 5.0000000000e+01, 2.4000000000e+01, 1.0000000000e+01, 6.7466666667e-02, 7.5332733333e+03
 1500507600, 5.0000000000e+01, 2.4000000000e+01, 1.0000000000e+01, 5.8733333333e-02, 7.5328533333e+03
 1500507900, 5.0000000000e+01, 2.4000000000e+01, 1.0000000000e+01, 5.0000000000e-02, 7.5330000000e+03
 1500508200, 5.0000000000e+01, 2.4000000000e+01, 1.0000000000e+01, 5.2000000000e-02, 7.5326000000e+03
 1500508500, 5.0000000000e+01, 2.4000000000e+01, 1.0000000000e+01, 5.2000000000e-02, 7.5329266667e+03
 1500508800, 5.0000000000e+01, 2.4000000000e+01, 1.0000000000e+01, 5.0000000000e-02, 7.5336533333e+03
 1500509100, 5.0000000000e+01, 2.4000000000e+01, 1.0000000000e+01, 5.0000000000e-02, 7.5334200000e+03
 1500509400, 5.0000000000e+01, 2.4000000000e+01, 1.0000000000e+01, 5.0000000000e-02, 7.5337066667e+03
 1500509700, 5.0000000000e+01, 2.4000000000e+01, 1.0000000000e+01, 5.0000000000e-02, 7.5340000000e+03
 1500510000, 5.0000000000e+01, 2.4000000000e+01, 1.0000000000e+01, 5.0000000000e-02, 7.5336000000e+03
 1500510300, 5.4633333333e+01, 2.4000000000e+01, 1.3706666667e+01, 5.3266666667e-02, 7.5332400000e+03
 1500510600, 5.1366666667e+01, 2.4000000000e+01, 1.1093333333e+01, 7.2533333333e-02, 7.5331266667e+03
 1500510900, 5.0000000000e+01, 2.4000000000e+01, 1.0000000000e+01, 8.0000000000e-02, 7.5337266667e+03
 1500511200, 5.0000000000e+01, 2.4000000000e+01, 1.0000000000e+01, 7.0733333333e-02, 7.5331466667e+03
 1500511500, 5.0000000000e+01, 2.4000000000e+01, 1.0000000000e+01, 5.7466666667e-02, 7.5337800000e+03
 1500511800, 5.0000000000e+01, 2.4000000000e+01, 1.0000000000e+01, 5.0000000000e-02, 7.5334200000e+03
 1500512100, 5.0000000000e+01, 2.4000000000e+01, 1.0000000000e+01, 5.0000000000e-02, 7.5330000000e+03
 1500512400, 5.0000000000e+01, 2.4000000000e+01, 1.0000000000e+01, 5.0000000000e-02, 7.5333266667e+03
 1500512700, 5.0000000000e+01, 2.4000000000e+01, 1.0000000000e+01, 5.0000000000e-02, 7.5338000000e+03
 1500513000, 5.0000000000e+01, 2.4000000000e+01, 1.0000000000e+01, 5.0000000000e-02, 7.5340733333e+03
 1500513300, 5.0000000000e+01, 2.4000000000e+01, 1.0000000000e+01, 5.3266666667e-02, 7.5340533333e+03
 1500513600, 5.0000000000e+01, 2.4000000000e+01, 1.0000000000e+01, 6.2000000000e-02, 7.5338733333e+03
 1500513900, 5.0000000000e+01, 2.4000000000e+01, 1.0000000000e+01, 6.0733333333e-02, 7.5334000000e+03
 1500514200, 5.0000000000e+01, 2.4000000000e+01, 1.0000000000e+01, 5.2000000000e-02, 7.5339266667e+03
 1500514500, 5.0000000000e+01, 2.4000000000e+01, 1.0000000000e+01, 5.0000000000e-02, 7.5329466667e+03
 1500514800, 5.0000000000e+01, 2.4000000000e+01, 1.0000000000e+01, 5.0000000000e-02, 7.5338533333e+03
 1500515100, 5.0000000000e+01, 2.4000000000e+01, 1.0000000000e+01, 5.0000000000e-02, 7.5342000000e+03
 1500515400, 5.0000000000e+01, 2.4000000000e+01, 1.0000000000e+01, 5.0000000000e-02, 7.5338733333e+03
 1500515700, 5.0000000000e+01, 2.4000000000e+01, 1.0000000000e+01, 5.0000000000e-02, 7.5340000000e+03
 1500516000, 5.0000000000e+01, 2.4000000000e+01, 1.0000000000e+01, 5.0000000000e-02, 7.5346000000e+03
 1500516300, 5.0000000000e+01, 2.4000000000e+01, 1.0000000000e+01, 5.0000000000e-02, 7.5350000000e+03
 1500516600, 5.0000000000e+01, 2.4000000000e+01, 1.0000000000e+01, 5.2000000000e-02, 7.5335266667e+03
 1500516900, 5.0000000000e+01, 2.4000000000e+01, 1.0000000000e+01, 5.0000000000e-02, 7.5340000000e+03
 1500517200, 5.0000000000e+01, 2.4000000000e+01, 1.0000000000e+01, 5.0000000000e-02, 7.5336733333e+03
 1500517500, 5.0000000000e+01, 2.4000000000e+01, 1.0000000000e+01, 5.0000000000e-02, 7.5335266667e+03
 1500517800, 5.0000000000e+01, 2.4000000000e+01, 1.0000000000e+01, 5.0000000000e-02, 7.5338000000e+03
 1500518100, 5.0000000000e+01, 2.4000000000e+01, 1.0000000000e+01, 5.0000000000e-02, 7.5337466667e+03
 1500518400, 5.0000000000e+01, 2.4000000000e+01, 1.0000000000e+01, 5.0000000000e-02, 7.5337266667e+03
 1500518700, 5.0000000000e+01, 2.4000000000e+01, 1.0000000000e+01, 5.0000000000e-02, 7.5334000000e+03
 1500519000, 5.0000000000e+01, 2.4000000000e+01, 1.0000000000e+01, 5.5266666667e-02, 7.5343266667e+03
 1500519300, 5.0000000000e+01, 2.4000000000e+01, 1.0000000000e+01, 5.6733333333e-02, 7.5334733333e+03
 1500519600, 5.0000000000e+01, 2.4000000000e+01, 1.0000000000e+01, 6.0533333333e-02, 7.5336533333e+03
 1500519900, 5.0000000000e+01, 2.4000000000e+01, 1.0000000000e+01, 7.2000000000e-02, 7.5342000000e+03
 1500520200, 5.0000000000e+01, 2.4000000000e+01, 1.0000000000e+01, 6.2733333333e-02, 7.5334733333e+03
 1500520500, 5.0000000000e+01, 2.4000000000e+01, 1.0000000000e+01, 5.8000000000e-02, 7.5338000000e+03
 1500520800, 5.0000000000e+01, 2.4000000000e+01, 1.0000000000e+01, 5.0733333333e-02, 7.5339266667e+03
 1500521100, 5.0000000000e+01, 2.4000000000e+01, 1.0000000000e+01, 5.0000000000e-02, 7.5348000000e+03
 1500521400, 5.0000000000e+01, 2.4000000000e+01, 1.0000000000e+01, 5.0000000000e-02, 7.5346000000e+03
 1500521700, 5.0000000000e+01, 2.4000000000e+01, 1.0000000000e+01, 5.0000000000e-02, 7.5352000000e+03
 1500522000, 5.0000000000e+01, 2.4000000000e+01, 1.0000000000e+01, 5.0000000000e-02, 7.5354000000e+03
 1500522300, 5.0000000000e+01, 2.4000000000e+01, 1.0000000000e+01, 5.0000000000e-02, 7.5336000000e+03
 1500522600, 5.0000000000e+01, 2.4000000000e+01, 1.0000000000e+01, 5.0000000000e-02, 7.5332733333e+03
 1500522900, 5.0000000000e+01, 2.4000000000e+01, 1.0000000000e+01, 5.6000000000e-02, 7.5336533333e+03
 1500523200, 5.7266666667e+01, 2.6906666667e+01, 1.2906666667e+01, 5.1266666667e-02, 7.5340000000e+03
 1500523500, 5.4733333333e+01, 2.5893333333e+01, 1.1893333333e+01, 5.0733333333e-02, 7.5345266667e+03
 1500523800, 5.0000000000e+01, 2.4000000000e+01, 1.0000000000e+01, 5.0000000000e-02, 7.5342733333e+03
 1500524100, 5.0000000000e+01, 2.4000000000e+01, 1.0000000000e+01, 5.0000000000e-02, 7.5349266667e+03
 1500524400, 5.0000000000e+01, 2.4000000000e+01, 1.0000000000e+01, 5.0000000000e-02, 7.5342533333e+03
 1500524700, 5.0000000000e+01, 2.4000000000e+01, 1.0000000000e+01, 5.0000000000e-02, 7.5352733333e+03
 1500525000, 5.0000000000e+01, 2.4000000000e+01, 1.0000000000e+01, 5.0000000000e-02, 7.5348200000e+03
 1500525300, 5.0000000000e+01, 2.4000000000e+01, 1.0000000000e+01, 5.0000000000e-02, 7.5340733333e+03
 1500525600, 5.0000000000e+01, 2.4000000000e+01, 1.0000000000e+01, 5.5266666667e-02, 7.5342733333e+03
 1500525900, 5.0000000000e+01, 2.4000000000e+01, 1.0000000000e+01, 6.3266666667e-02, 7.5346533333e+03
 1500526200, 5.0000000000e+01, 2.4000000000e+01, 1.0000000000e+01, 7.0733333333e-02, 7.5348000000e+03
 1500526500, 5.0000000000e+01, 2.4000000000e+01, 1.0000000000e+01, 5.2733333333e-02, 7.5354733333e+03
 1500526800, 5.0000000000e+01, 2.4000000000e+01, 1.0000000000e+01, 5.0000000000e-02, 7.5348000000e+03
 1500527100, 5.0000000000e+01, 2.4000000000e+01, 1.0000000000e+01, 5.0000000000e-02, 7.5337466667e+03
 1500527400, 5.0000000000e+01, 2.4000000000e+01, 1.0000000000e+01, 5.0000000000e-02, 7.5342533333e+03
 1500527700, 5.0000000000e+01, 2.4000000000e+01, 1.0000000000e+01, 5.0000000000e-02, 7.5347266667e+03
 1500528000, 5.0000000000e+01, 2.4000000000e+01, 1.0000000000e+01, 5.2000000000e-02, 7.5356733333e+03
 1500528300, 5.0000000000e+01, 2.4000000000e+01, 1.0000000000e+01, 5.0000000000e-02, 7.5347266667e+03
 1500528600, 5.0000000000e+01, 2.4000000000e+01, 1.0000000000e+01, 5.2000000000e-02, 7.5348000000e+03
 1500528900, 5.0000000000e+01, 2.4000000000e+01, 1.0000000000e+01, 5.0000000000e-02, 7.5346000000e+03
 1500529200, 5.0000000000e+01, 2.4000000000e+01, 1.0000000000e+01, 5.2000000000e-02, 7.5348000000e+03
 1500529500, 5.0000000000e+01, 2.4000000000e+01, 1.0000000000e+01, 5.2000000000e-02, 7.5355266667e+03
 1500529800, 5.0000000000e+01, 2.4000000000e+01, 1.0000000000e+01, 5.0000000000e-02, 7.5353466667e+03
 1500530100, 5.0000000000e+01, 2.4000000000e+01, 1.0000000000e+01, 5.0000000000e-02, 7.5350733333e+03
 1500530400, 5.0000000000e+01, 2.4000000000e+01, 1.0000000000e+01, 5.0000000000e-02, 7.5352333333e+03
 1500530700, 5.2633333333e+01, 2.5053333333e+01, 1.0000000000e+01, 5.0000000000e-02, 7.5351666667e+03
 1500531000, 5.3366666667e+01, 2.5346666667e+01, 1.0000000000e+01, 5.8000000000e-02, 7.5348433333e+03
 1500531300, 5.0000000000e+01, 2.4000000000e+01, 1.0000000000e+01, 5.0000000000e-02, 7.5344000000e+03
 1500531600, 5.0000000000e+01, 2.4000000000e+01, 1.0000000000e+01, 5.0000000000e-02, 7.5348000000e+03
 1500531900, 5.0000000000e+01, 2.4000000000e+01, 1.0000000000e+01, 5.0000000000e-02, 7.5349266667e+03
 1500532200, 5.0000000000e+01, 2.4000000000e+01, 1.0000000000e+01, 5.0000000000e-02, 7.5356000000e+03
 1500532500, 5.0000000000e+01, 2.4000000000e+01, 1.0000000000e+01, 5.0000000000e-02, 7.5354000000e+03
 1500532800, 5.0000000000e+01, 2.4000000000e+01, 1.0000000000e+01, 5.0000000000e-02, 7.5355266667e+03
 1500533100, 5.0000000000e+01, 2.4000000000e+01, 1.0000000000e+01, 5.0000000000e-02, 7.5359266667e+03
 1500533400, 5.0000000000e+01, 2.4000000000e+01, 1.0000000000e+01, 5.1266666667e-02, 7.5367466667e+03
 1500533700, 5.0000000000e+01, 2.4000000000e+01, 1.0000000000e+01, 5.0733333333e-02, 7.5367266667e+03
 1500534000, 5.0000000000e+01, 2.4000000000e+01, 1.0000000000e+01, 5.0000000000e-02, 7.5363200000e+03
 1500534300, 5.0000000000e+01, 2.4000000000e+01, 1.0000000000e+01, 5.0000000000e-02, 7.5353466667e+03
 1500534600, 5.0000000000e+01, 2.4000000000e+01, 1.0000000000e+01, 5.0000000000e-02, 7.5359266667e+03
 1500534900, 5.0000000000e+01, 2.4000000000e+01, 1.0000000000e+01, 5.0000000000e-02, 7.5365266667e+03
 1500535200, 5.0000000000e+01, 2.4000000000e+01, 1.0000000000e+01, 5.1266666667e-02, 7.5362733333e+03
 1500535500, 5.0000000000e+01, 2.4000000000e+01, 1.0000000000e+01, 7.9066666667e-02, 7.5370533333e+03
 1500535800, 5.0000000000e+01, 2.4000000000e+01, 1.0000000000e+01, 1.0926666667e-01, 7.5368733333e+03
 1500536100, 5.0000000000e+01, 2.4000000000e+01, 1.0000000000e+01, 9.7466666667e-02, 7.5367466667e+03
 1500536400, 5.0000000000e+01, 2.4000000000e+01, 1.0000000000e+01, 8.4733333333e-02, 7.5368533333e+03
 1500536700, 5.0000000000e+01, 2.4000000000e+01, 1.0000000000e+01, 7.0733333333e-02, 7.5375266667e+03
 1500537000, 5.0000000000e+01, 2.4000000000e+01, 1.0000000000e+01, 6.3466666667e-02, 7.5362733333e+03
 1500537300, 5.0000000000e+01, 2.4000000000e+01, 1.0000000000e+01, 5.0000000000e-02, 7.5363266667e+03
 1500537600, 5.0000000000e+01, 2.4000000000e+01, 1.0000000000e+01, 4.7680000000e-01, 1.2277226667e+04
 1500537900, 8.6866666667e+01, 5.3493333333e+01, 1.7373333333e+01, 2.2294000000e+00, 2.2165920000e+04
 1500538200, 1.2326666667e+02, 8.1960000000e+01, 2.4000000000e+01, 4.1566000000e+00, 3.3019680000e+04
 1500538500, 1.3063333333e+02, 8.5240000000e+01, 2.5773333333e+01, 5.5592666667e+00, 2.6162933333e+04
 1500538800, 1.3500000000e+02, 8.0000000000e+01, 3.8000000000e+01, 6.2026000000e+00, 2.8480326667e+04
 1500539100, 1.3500000000e+02, 8.9266666667e+01, 2.6880000000e+01, 6.8462000000e+00, 3.0709273333e+04
 1500539400, 1.2410000000e+02, 8.1280000000e+01, 2.6000000000e+01, 7.5984000000e+00, 2.2918633333e+04
 1500539700, 1.3053333333e+02, 8.3266666667e+01, 3.1266666667e+01, 7.8981333333e+00, 3.3148600000e+04
 1500540000, 1.4163333333e+02, 8.9960000000e+01, 3.5346666667e+01, 8.1265333333e+00, 2.5017786667e+04
 1500540300, 1.4183333333e+02, 9.2480000000e+01, 3.2733333333e+01, 8.7017333333e+00, 2.7987040000e+04
 1500540600, 1.2000000000e+02, 8.2000000000e+01, 2.4000000000e+01, 8.5686000000e+00, 2.9877510000e+04
 1500540900, 1.2923333333e+02, 8.7540000000e+01, 2.5846666667e+01, 9.0171666667e+00, 2.7037690000e+04
 1500541200, 1.3726666667e+02, 9.2360000000e+01, 3.0360000000e+01, 9.3776666667e+00, 3.3294920000e+04
 1500541500, 1.3736666667e+02, 9.1893333333e+01, 2.8840000000e+01, 9.0549333333e+00, 2.5014953333e+04
 1500541800, 1.3010000000e+02, 8.6080000000e+01, 2.5346666667e+01, 9.1537333333e+00, 2.7573380000e+04
 1500542100, 1.2063333333e+02, 7.8000000000e+01, 2.5013333333e+01, 8.8500000000e+00, 3.0216413333e+04
 1500542400, 1.2500000000e+02, 7.8000000000e+01, 3.2000000000e+01, 9.2696000000e+00, 2.2882553333e+04
 1500542700, 1.3426666667e+02, 8.9120000000e+01, 2.6440000000e+01, 9.4482666667e+00, 3.3750313333e+04
 1500543000, 1.3500000000e+02, 9.0000000000e+01, 2.6000000000e+01, 9.2159333333e+00, 2.5875686667e+04
 1500543300, 1.2973333333e+02, 8.4733333333e+01, 2.7053333333e+01, 9.2020000000e+00, 2.7517640000e+04
 1500543600, 1.2990000000e+02, 8.2613333333e+01, 3.0613333333e+01, 8.6043333333e+00, 2.9728566667e+04
 1500543900, 1.3936666667e+02, 8.8000000000e+01, 3.4986666667e+01, 8.5740666667e+00, 2.6634686667e+04
 1500544200, 1.3500000000e+02, 8.8000000000e+01, 2.8000000000e+01, 9.0771333333e+00, 3.3782240000e+04
 1500544500, 1.3036666667e+02, 8.8000000000e+01, 2.8000000000e+01, 8.7036333333e+00, 2.5812840000e+04
 1500544800, 1.2273333333e+02, 8.3640000000e+01, 2.5093333333e+01, 8.8300666667e+00, 2.7917893333e+04
 1500545100, 1.4106666667e+02, 9.7800000000e+01, 2.7160000000e+01, 8.7013333333e+00, 3.0111233333e+04
 1500545400, 1.4856666667e+02, 1.0220000000e+02, 2.8693333333e+01, 8.9996000000e+00, 2.2914240000e+04
 1500545700, 1.2500000000e+02, 8.2253333333e+01, 2.6000000000e+01, 9.1114666667e+00, 3.3370240000e+04
 1500546000, 1.2500000000e+02, 8.4000000000e+01, 2.6000000000e+01, 9.4186000000e+00, 2.5206226667e+04
 1500546300, 1.3426666667e+02, 8.5853333333e+01, 2.9706666667e+01, 9.6370000000e+00, 2.8048006667e+04
 1500546600, 1.3500000000e+02, 8.8893333333e+01, 3.0000000000e+01, 9.5862333333e+00, 3.0084736667e+04
 1500546900, 1.5870000000e+02, 1.1422666667e+02, 3.0000000000e+01, 9.5492000000e+00, 2.3432193333e+04
 1500547200, 1.6693333333e+02, 1.2162666667e+02, 3.0000000000e+01, 9.4256000000e+00, 3.3885580000e+04
 1500547500, 1.3873333333e+02, 9.1493333333e+01, 2.9240000000e+01, 9.4043333333e+00, 2.6223646667e+04
 1500547800, 1.3000000000e+02, 8.8000000000e+01, 2.4000000000e+01, 9.0618000000e+00, 2.7928066667e+04
 1500548100, 1.4390000000e+02, 9.5413333333e+01, 3.3266666667e+01, 9.3651333333e+00, 3.1580513333e+04
 1500548400, 1.4136666667e+02, 9.0186666667e+01, 3.6906666667e+01, 9.0348666667e+00, 2.5291180000e+04
 1500548700, 1.5316666667e+02, 1.0590666667e+02, 3.2733333333e+01, 9.0092000000e+00, 3.0741486667e+04
 1500549000, 1.6826666667e+02, 1.2592000000e+02, 2.7346666667e+01, 9.3211333333e+00, 2.7802253333e+04
 1500549300, 1.7120000000e+02, 1.2994666667e+02, 2.5746666667e+01, 9.5688666667e+00, 2.5872253333e+04
 1500549600, 1.4500000000e+02, 1.0200000000e+02, 2.4000000000e+01, 9.7484666667e+00, 3.2444380000e+04
 1500549900, 1.2183333333e+02, 7.9760000000e+01, 2.5853333333e+01, 9.7395333333e+00, 2.3175063333e+04
 1500550200, 1.2726666667e+02, 8.5266666667e+01, 2.6000000000e+01, 9.9810000000e+00, 3.1712380000e+04
 1500550500, 1.4316666667e+02, 9.6426666667e+01, 2.9160000000e+01, 1.0150266667e+01, 2.8670086667e+04
 1500550800, 1.4846666667e+02, 9.8773333333e+01, 3.0040000000e+01, 9.9257333333e+00, 2.6408513333e+04
 1500551100, 1.3500000000e+02, 8.8000000000e+01, 2.6253333333e+01, 9.3042666667e+00, 3.3122726667e+04
 1500551400, 1.3500000000e+02, 8.8000000000e+01, 2.8000000000e+01, 9.8370000000e+00, 2.5605053333e+04
 1500551700, 1.4426666667e+02, 9.9120000000e+01, 2.8000000000e+01, 9.7035333333e+00, 2.7898560000e+04
 1500552000, 1.5226666667e+02, 1.0726666667e+02, 2.9453333333e+01, 9.2970000000e+00, 1.9408066667e+04
 1500552300, 1.4446666667e+02, 9.9466666667e+01, 2.7893333333e+01, 8.9172666667e+00, 2.0661500000e+04
 1500552600, 1.3990000000e+02, 9.3266666667e+01, 2.7960000000e+01, 8.6116666667e+00, 2.8279606667e+04
 1500552900, 1.4810000000e+02, 9.8480000000e+01, 3.1493333333e+01, 8.8116000000e+00, 2.6067866667e+04
 1500553200, 1.3500000000e+02, 8.8000000000e+01, 2.8000000000e+01, 9.6720000000e+00, 3.3741326667e+04
 1500553500, 1.8133333333e+02, 1.3618666667e+02, 2.8000000000e+01, 9.7194000000e+00, 2.5519000000e+04
 1500553800, 1.5230000000e+02, 1.0802666667e+02, 2.8000000000e+01, 9.9438666667e+00, 2.8129586667e+04
 1500554100, 1.3473333333e+02, 9.1786666667e+01, 2.6946666667e+01, 9.6148666667e+00, 3.0198213333e+04
 1500554400, 1.3980000000e+02, 9.4533333333e+01, 2.8613333333e+01, 9.8964000000e+00, 2.3889813333e+04
 1500554700, 1.5873333333e+02, 1.0698666667e+02, 3.4000000000e+01, 9.5171333333e+00, 3.0546303333e+04
 1500555000, 1.5000000000e+02, 1.0000000000e+02, 3.4000000000e+01, 9.0522000000e+00, 2.5737673333e+04
 1500555300, 1.5000000000e+02, 1.0370666667e+02, 2.6586666667e+01, 9.2570666667e+00, 2.8314793333e+04
 1500555600, 1.5000000000e+02, 1.0109333333e+02, 2.8906666667e+01, 9.6346666667e+00, 3.2129640000e+04
 1500555900, 1.3946666667e+02, 9.4733333333e+01, 2.7893333333e+01, 9.3876000000e+00, 2.6416813333e+04
 1500556200, 1.3980000000e+02, 9.8493333333e+01, 2.6000000000e+01, 9.4117333333e+00, 3.1720386667e+04
 1500556500, 1.5873333333e+02, 1.1422666667e+02, 2.6760000000e+01, 8.9905333333e+00, 2.8222946667e+04
 1500556800, 1.5000000000e+02, 1.0200000000e+02, 3.2000000000e+01, 8.9687333333e+00, 2.5954586667e+04
 1500557100, 1.4073333333e+02, 8.9026666667e+01, 3.3853333333e+01, 9.6890000000e+00, 3.3063933333e+04
 1500557400, 1.4000000000e+02, 9.8173333333e+01, 2.6733333333e+01, 1.0208333333e+01, 2.4840406667e+04
 1500557700, 1.4000000000e+02, 9.4626666667e+01, 2.9266666667e+01, 1.0624200000e+01, 2.8354693333e+04
 1500558000, 1.4163333333e+02, 9.1920000000e+01, 3.2040000000e+01, 1.0434133333e+01, 3.0012720000e+04
 1500558300, 1.4373333333e+02, 9.9240000000e+01, 2.7746666667e+01, 9.5078666667e+00, 2.3772300000e+04
 1500558600, 1.3500000000e+02, 9.4000000000e+01, 2.6000000000e+01, 9.2468000000e+00, 3.3796806667e+04
 1500558900, 1.4890000000e+02, 9.4000000000e+01, 3.7120000000e+01, 9.0045333333e+00, 2.6473946667e+04
 1500559200, 1.4636666667e+02, 9.8360000000e+01, 3.0733333333e+01, 9.2493333333e+00, 2.7937440000e+04
 1500559500, 1.5290000000e+02, 1.0632000000e+02, 3.0106666667e+01, 9.3702666667e+00, 3.0945500000e+04
 1500559800, 1.5020000000e+02, 1.0220000000e+02, 3.1346666667e+01, 9.3584000000e+00, 2.3982153333e+04
 1500560100, 1.3126666667e+02, 8.2760000000e+01, 3.1013333333e+01, 9.5480000000e+00, 3.0899960000e+04
 1500560400, 1.4000000000e+02, 8.8000000000e+01, 3.8000000000e+01, 9.7506666667e+00, 2.5817993333e+04
 1500560700, 1.8633333333e+02, 1.3062666667e+02, 3.8000000000e+01, 9.7528000000e+00, 2.9016653333e+04
 1500561000, 1.6456666667e+02, 1.1365333333e+02, 3.5093333333e+01, 1.0233733333e+01, 3.1952853333e+04
 1500561300, 1.3656666667e+02, 9.3360000000e+01, 2.8733333333e+01, 9.9676333333e+00, 2.6275320000e+04
 1500561600, 1.2816666667e+02, 8.6573333333e+01, 2.5960000000e+01, 1.0105700000e+01, 3.1993106667e+04
 1500561900, 1.4373333333e+02, 9.4986666667e+01, 2.9746666667e+01, 9.7433333333e+00, 2.7652760000e+04
 1500562200, 1.3500000000e+02, 8.8000000000e+01, 2.8000000000e+01, 9.2543000000e+00, 2.6088980000e+04
 1500562500, 1.3036666667e+02, 8.6146666667e+01, 2.6146666667e+01, 9.3399333333e+00, 3.3367773333e+04
 1500562800, 1.3363333333e+02, 8.8906666667e+01, 2.7453333333e+01, 9.3076666667e+00, 2.4906446667e+04
 1500563100, 1.5870000000e+02, 1.1317333333e+02, 2.9053333333e+01, 9.0703333333e+00, 2.8266506667e+04
 1500563400, 1.7510000000e+02, 1.2746666667e+02, 3.1306666667e+01, 9.2432666667e+00, 3.0595500000e+04
 1500563700, 1.6183333333e+02, 1.1070666667e+02, 3.4000000000e+01, 9.6618000000e+00, 2.4939800000e+04
 1500564000, 1.4000000000e+02, 8.8000000000e+01, 3.4000000000e+01, 9.8418000000e+00, 3.1815906667e+04
 1500564300, 1.3073333333e+02, 8.8000000000e+01, 2.6586666667e+01, 9.2581333333e+00, 2.7132473333e+04
 1500564600, 1.2273333333e+02, 8.0733333333e+01, 2.6000000000e+01, 9.6722666667e+00, 2.5095453333e+04
 1500564900, 1.4633333333e+02, 1.0012000000e+02, 3.0213333333e+01, 9.7302000000e+00, 3.2694420000e+04
 1500565200, 1.6183333333e+02, 1.1216000000e+02, 3.3346666667e+01, 9.9340666667e+00, 2.3574573333e+04
 1500565500, 1.4310000000e+02, 9.4733333333e+01, 3.1240000000e+01, 1.0005266667e+01, 3.1365180000e+04
 1500565800, 1.3000000000e+02, 8.6000000000e+01, 2.6000000000e+01, 9.7701333333e+00, 2.9501300000e+04
 1500566100, 1.3463333333e+02, 8.9706666667e+01, 2.6000000000e+01, 1.0079400000e+01, 2.7081520000e+04
 1500566400, 1.4953333333e+02, 1.0308000000e+02, 3.1813333333e+01, 1.0231066667e+01, 2.1210646667e+04
 1500566700, 1.5763333333e+02, 1.1326666667e+02, 2.8733333333e+01, 9.6303333333e+00, 1.7130293333e+04
 1500567000, 1.5346666667e+02, 1.1016000000e+02, 2.4653333333e+01, 9.6667333333e+00, 2.5761273333e+04
 1500567300, 1.4126666667e+02, 9.5266666667e+01, 2.6506666667e+01, 1.0010000000e+01, 2.8013360000e+04
 1500567600, 1.5000000000e+02, 1.0400000000e+02, 3.0000000000e+01, 1.0127866667e+01, 3.1686340000e+04
 1500567900, 1.7780000000e+02, 1.2994666667e+02, 3.1853333333e+01, 1.0027400000e+01, 2.5420166667e+04
 1500568200, 1.4366666667e+02, 9.8573333333e+01, 2.9093333333e+01, 1.0631066667e+01, 3.1726553333e+04
 1500568500, 1.3263333333e+02, 8.8106666667e+01, 2.6946666667e+01, 1.1023600000e+01, 2.7102780000e+04
 1500568800, 1.4480000000e+02, 9.9146666667e+01, 2.7306666667e+01, 1.1234533333e+01, 2.5022366667e+04
 1500569100, 1.6816666667e+02, 1.1977333333e+02, 3.1520000000e+01, 1.1131933333e+01, 3.2312486667e+04
 1500569400, 1.9000000000e+02, 1.3200000000e+02, 4.2000000000e+01, 1.0939266667e+01, 2.3693240000e+04
 1500569700, 1.4830000000e+02, 1.0420000000e+02, 2.7173333333e+01, 1.0895200000e+01, 2.7350960000e+04
 1500570000, 1.3410000000e+02, 9.1826666667e+01, 2.7453333333e+01, 1.0707266667e+01, 2.9951786667e+04
 1500570300, 1.3000000000e+02, 8.6946666667e+01, 2.8000000000e+01, 1.0532133333e+01, 2.3626940000e+04
 1500570600, 1.4470000000e+02, 9.5800000000e+01, 3.2573333333e+01, 1.0036133333e+01, 3.1159713333e+04
 1500570900, 1.7373333333e+02, 1.1600000000e+02, 4.0480000000e+01, 1.0334266667e+01, 2.6324500000e+04
 1500571200, 1.6500000000e+02, 1.1600000000e+02, 3.0000000000e+01, 1.0616933333e+01, 2.5555646667e+04
 1500571500, 1.3256666667e+02, 9.0053333333e+01, 2.6293333333e+01, 1.0547466667e+01, 3.2227040000e+04
 1500571800, 1.3726666667e+02, 8.8000000000e+01, 3.1813333333e+01, 1.0488266667e+01, 2.3137646667e+04
 1500572100, 1.4790000000e+02, 9.5373333333e+01, 3.5053333333e+01, 1.0247733333e+01, 2.8150660000e+04
 1500572400, 1.5010000000e+02, 9.8080000000e+01, 3.6000000000e+01, 1.0237600000e+01, 2.9723266667e+04
 1500572700, 1.3936666667e+02, 8.9746666667e+01, 3.5240000000e+01, 1.0576733333e+01, 2.6687140000e+04
 1500573000, 1.3500000000e+02, 8.8000000000e+01, 3.0000000000e+01, 1.0933866667e+01, 3.3800480000e+04
 1500573300, 1.2573333333e+02, 8.0586666667e+01, 3.0000000000e+01, 1.1011600000e+01, 2.6140426667e+04
 1500573600, 1.7950000000e+02, 1.2505333333e+02, 3.5813333333e+01, 1.1108733333e+01, 2.8559840000e+04
 1500573900, 1.5786666667e+02, 1.0934666667e+02, 3.1680000000e+01, 1.0933400000e+01, 3.1549680000e+04
 1500574200, 1.2490000000e+02, 8.3266666667e+01, 2.6000000000e+01, 1.0627000000e+01, 2.6296700000e+04
 1500574500, 1.3436666667e+02, 8.9746666667e+01, 2.6000000000e+01, 1.0677400000e+01, 3.1746933333e+04
 1500574800, 1.3000000000e+02, 8.8000000000e+01, 2.6000000000e+01, 1.0163200000e+01, 2.8720320000e+04
 1500575100, 1.7170000000e+02, 1.1394666667e+02, 3.8973333333e+01, 1.0175666667e+01, 2.6813693333e+04
 1500575400, 1.3503333333e+02, 8.8386666667e+01, 2.8373333333e+01, 1.0090800000e+01, 3.3661833333e+04
 1500575700, 1.3053333333e+02, 8.4320000000e+01, 2.8213333333e+01, 9.9568666667e+00, 2.0618600000e+04
 1500576000, 1.3346666667e+02, 8.6733333333e+01, 2.9386666667e+01, 9.6809333333e+00, 1.9363113333e+04
 1500576300, 1.2126666667e+02, 8.1013333333e+01, 2.4506666667e+01, 9.4227333333e+00, 2.3076760000e+04
 1500576600, 1.3000000000e+02, 8.8000000000e+01, 2.8000000000e+01, 9.9304666667e+00, 3.3959766667e+04
 1500576900, 1.5780000000e+02, 1.0838666667e+02, 3.3560000000e+01, 1.0249933333e+01, 2.6465800000e+04
 1500577200, 1.8543333333e+02, 1.2744000000e+02, 3.8360000000e+01, 1.0268266667e+01, 2.8826473333e+04
 1500577500, 1.5813333333e+02, 1.0450666667e+02, 3.5786666667e+01, 1.0013600000e+01, 3.1852193333e+04
 1500577800, 1.2826666667e+02, 8.1920000000e+01, 3.0040000000e+01, 9.4889666667e+00, 2.6324830000e+04
 1500578100, 1.3373333333e+02, 8.8733333333e+01, 2.6000000000e+01, 9.5729333333e+00, 3.1225486667e+04
 1500578400, 1.2500000000e+02, 8.0000000000e+01, 2.6000000000e+01, 9.8437333333e+00, 2.7527033333e+04
 1500578700, 1.3885000000e+02, 9.2926666667e+01, 2.7846666667e+01, 1.0330633333e+01, 2.6398133333e+04
 1500579000, 1.4363333333e+02, 9.8360000000e+01, 2.8000000000e+01, 1.0385733333e+01, 3.3146826667e+04
 1500579300, 1.3973333333e+02, 9.3680000000e+01, 2.8000000000e+01, 1.0173266667e+01, 2.4795740000e+04
 1500579600, 1.5623333333e+02, 8.9306666667e+01, 2.8653333333e+01, 1.0125000000e+01, 2.7881746667e+04
 1500579900, 1.9176666667e+02, 9.2000000000e+01, 2.9746666667e+01, 9.5878666667e+00, 3.1005553333e+04
 1500580200, 1.3500000000e+02, 9.2000000000e+01, 2.8000000000e+01, 9.6062666667e+00, 2.5015626667e+04
 1500580500, 1.6280000000e+02, 1.1424000000e+02, 3.1706666667e+01, 9.5572000000e+00, 3.1359126667e+04
 1500580800, 1.6136666667e+02, 1.1164000000e+02, 3.2000000000e+01, 9.4634666667e+00, 2.6225400000e+04
 1500581100, 1.5473333333e+02, 9.7360000000e+01, 3.2000000000e+01, 9.9002666667e+00, 2.4859133333e+04
 1500581400, 1.4510000000e+02, 8.6653333333e+01, 3.2000000000e+01, 9.4452666667e+00, 3.1916513333e+04
 1500581700, 1.3626666667e+02, 8.8506666667e+01, 3.2000000000e+01, 9.2456666667e+00, 2.2950346667e+04
 1500582000, 1.4500000000e+02, 9.2000000000e+01, 3.2000000000e+01, 9.5850666667e+00, 3.1784393333e+04
 1500582300, 1.3573333333e+02, 8.8293333333e+01, 2.6440000000e+01, 9.2479333333e+00, 2.9149940000e+04
 1500582600, 1.4590000000e+02, 9.2360000000e+01, 3.4720000000e+01, 9.1899333333e+00, 2.3744373333e+04
 1500582900, 1.5000000000e+02, 9.7160000000e+01, 3.3786666667e+01, 9.1196666667e+00, 3.1108103333e+04
 1500583200, 1.4510000000e+02, 9.6733333333e+01, 3.0000000000e+01, 9.5494000000e+00, 2.5399326667e+04
 1500583500, 1.3816666667e+02, 9.2280000000e+01, 3.0506666667e+01, 9.8641000000e+00, 2.8463846667e+04
 1500583800, 1.6000000000e+02, 1.0800000000e+02, 3.4000000000e+01, 9.3227333333e+00, 3.2040500000e+04
 1500584100, 1.5073333333e+02, 1.0058666667e+02, 3.2146666667e+01, 9.1660000000e+00, 2.6873240000e+04
 1500584400, 1.3183333333e+02, 8.4013333333e+01, 2.9093333333e+01, 9.2258000000e+00, 2.7844640000e+04
 1500584700, 1.3816666667e+02, 9.1693333333e+01, 2.9053333333e+01, 9.3764000000e+00, 2.9952540000e+04
 1500585000, 1.5000000000e+02, 1.0334666667e+02, 3.0653333333e+01, 9.8006666667e+00, 2.3540420000e+04
 1500585300, 1.4810000000e+02, 1.0022666667e+02, 3.1746666667e+01, 9.7645333333e+00, 3.2943513333e+04
 1500585600, 1.3500000000e+02, 8.8000000000e+01, 3.0000000000e+01, 9.5814666667e+00, 2.6908726667e+04
 1500585900, 1.3500000000e+02, 8.0586666667e+01, 3.7413333333e+01, 9.2968000000e+00, 2.8646000000e+04
 1500586200, 1.4226666667e+02, 9.1626666667e+01, 3.2186666667e+01, 8.7744666667e+00, 3.1752453333e+04
 1500586500, 1.5290000000e+02, 1.0337333333e+02, 3.1053333333e+01, 8.7382666667e+00, 2.6791513333e+04
 1500586800, 1.5183333333e+02, 1.0281333333e+02, 3.1346666667e+01, 8.7266666667e+00, 3.1308893333e+04
 1500587100, 1.3500000000e+02, 8.6986666667e+01, 3.1266666667e+01, 8.7075333333e+00, 2.9214353333e+04
 1500587400, 1.3500000000e+02, 8.0000000000e+01, 4.0000000000e+01, 8.6977333333e+00, 2.2719520000e+04
 1500587700, 1.3036666667e+02, 8.7413333333e+01, 2.7026666667e+01, 8.7206666667e+00, 3.3317773333e+04
 1500588000, 1.3363333333e+02, 8.9453333333e+01, 2.7453333333e+01, 8.9458000000e+00, 2.6970713333e+04
 1500588300, 1.6133333333e+02, 1.1212000000e+02, 3.3266666667e+01, 9.4774000000e+00, 2.9454526667e+04
 1500588600, 1.6376666667e+02, 1.1501333333e+02, 3.3426666667e+01, 1.0030600000e+01, 3.2056373333e+04
 1500588900, 1.2443333333e+02, 8.3293333333e+01, 2.5266666667e+01, 1.0185000000e+01, 2.6905900000e+04
 1500589200, 1.5500000000e+02, 1.0600000000e+02, 3.4000000000e+01, 1.0107666667e+01, 3.1861733333e+04
 1500589500, 1.5036666667e+02, 1.0414666667e+02, 3.0293333333e+01, 1.0000466667e+01, 2.8394313333e+04
 1500589800, 1.4638333333e+02, 9.9660000000e+01, 3.0000000000e+01, 9.4833333333e+00, 2.6942306667e+04
 1500590100, 1.4763333333e+02, 1.0221333333e+02, 2.7893333333e+01, 9.4114666667e+00, 3.3311693333e+04
 1500590400, 1.5490000000e+02, 1.0796000000e+02, 2.8613333333e+01, 9.3264666667e+00, 2.5985273333e+04
 1500590700, 1.5993333333e+02, 1.0820000000e+02, 3.2986666667e+01, 8.9254000000e+00, 2.8746486667e+04
 1500591000, 1.2500000000e+02, 8.2000000000e+01, 2.6000000000e+01, 8.7188666667e+00, 3.1283333333e+04
 1500591300, 1.3890000000e+02, 9.1266666667e+01, 2.9706666667e+01, 8.9546666667e+00, 2.5144366667e+04
 1500591600, 1.4726666667e+02, 9.9266666667e+01, 3.1453333333e+01, 9.0394000000e+00, 3.1148606667e+04
 1500591900, 1.4210000000e+02, 9.4626666667e+01, 2.9893333333e+01, 9.7269333333e+00, 2.7132046667e+04
 1500592200, 1.3336666667e+02, 8.6040000000e+01, 2.8653333333e+01, 9.9629333333e+00, 2.5730346667e+04
 1500592500, 1.3063333333e+02, 8.3266666667e+01, 2.9493333333e+01, 1.0033933333e+01, 3.2747293333e+04
 1500592800, 1.3500000000e+02, 9.2000000000e+01, 2.6000000000e+01, 1.0207400000e+01, 2.3662996667e+04
 1500593100, 1.8133333333e+02, 1.2536000000e+02, 3.8973333333e+01, 1.0299266667e+01, 2.7583313333e+04
 1500593400, 1.4503333333e+02, 9.8933333333e+01, 2.9826666667e+01, 1.0093266667e+01, 2.9644560000e+04
 1500593700, 1.3000000000e+02, 8.8000000000e+01, 2.4946666667e+01, 1.0286666667e+01, 2.6740293333e+04
 1500594000, 1.3163333333e+02, 8.7346666667e+01, 2.5960000000e+01, 1.0430400000e+01, 3.3689746667e+04
 1500594300, 1.3310000000e+02, 8.4986666667e+01, 2.9240000000e+01, 1.0067400000e+01, 2.6157700000e+04
 1500594600, 1.2000000000e+02, 7.8000000000e+01, 2.4000000000e+01, 1.0521000000e+01, 2.8813406667e+04
 1500594900, 1.2463333333e+02, 8.1706666667e+01, 2.4000000000e+01, 1.0369133333e+01, 3.1173146667e+04
 1500595200, 1.3226666667e+02, 8.6360000000e+01, 2.8360000000e+01, 1.0168333333e+01, 2.6191213333e+04
 1500595500, 1.5080000000e+02, 9.6426666667e+01, 3.6320000000e+01, 1.0282600000e+01, 3.1772373333e+04
 1500595800, 1.8623333333e+02, 1.3013333333e+02, 3.7426666667e+01, 9.6179000000e+00, 1.9535980000e+04
 1500596100, 2.2050000000e+02, 1.7412000000e+02, 2.8253333333e+01, 9.4504000000e+00, 2.0893630000e+04
 1500596400, 1.5500000000e+02, 1.0600000000e+02, 3.0000000000e+01, 9.5510000000e+00, 2.5872253333e+04
 1500596700, 1.8743333333e+02, 1.3380000000e+02, 3.5560000000e+01, 1.0013866667e+01, 2.9216366667e+04
 1500597000, 1.6820000000e+02, 1.1710666667e+02, 3.3093333333e+01, 9.8505000000e+00, 3.2238190000e+04
 1500597300, 1.4683333333e+02, 9.9466666667e+01, 2.8840000000e+01, 9.4278666667e+00, 2.6582013333e+04
 1500597600, 1.4153333333e+02, 9.3266666667e+01, 3.0573333333e+01, 9.9409333333e+00, 3.1840986667e+04
 1500597900, 1.5246666667e+02, 9.8226666667e+01, 3.8733333333e+01, 9.8300666667e+00, 2.8959073333e+04
 1500598200, 1.3500000000e+02, 8.6000000000e+01, 3.0000000000e+01, 9.8153333333e+00, 2.6757640000e+04
 1500598500, 1.5816666667e+02, 1.1009333333e+02, 3.1853333333e+01, 9.3406000000e+00, 3.3967753333e+04
 1500598800, 1.4546666667e+02, 9.4560000000e+01, 3.3453333333e+01, 8.9944666667e+00, 2.5667613333e+04
 1500599100, 1.4000000000e+02, 9.1160000000e+01, 3.0840000000e+01, 9.1354000000e+00, 2.8676660000e+04
 1500599400, 1.4000000000e+02, 9.5266666667e+01, 2.7366666667e+01, 9.1720333333e+00, 3.0784976667e+04
 1500599700, 1.4253333333e+02, 9.9773333333e+01, 2.6760000000e+01, 9.2944666667e+00, 2.5031173333e+04
 1500600000, 1.6000000000e+02, 1.1200000000e+02, 3.2000000000e+01, 9.4530000000e+00, 3.1607966667e+04
 1500600300, 1.4146666667e+02, 9.1613333333e+01, 3.3853333333e+01, 9.7476666667e+00, 2.7991080000e+04
 1500600600, 1.4000000000e+02, 8.7093333333e+01, 3.6906666667e+01, 9.6700000000e+00, 2.5649280000e+04
 1500600900, 1.6633333333e+02, 1.1128000000e+02, 3.6946666667e+01, 9.6785333333e+00, 3.2356513333e+04
 1500601200, 1.7040000000e+02, 1.1897333333e+02, 3.2733333333e+01, 9.6104666667e+00, 2.4633640000e+04
 1500601500, 1.2936666667e+02, 8.7240000000e+01, 2.6253333333e+01, 9.5348000000e+00, 2.7379706667e+04
 1500601800, 1.2500000000e+02, 8.2000000000e+01, 2.8000000000e+01, 9.1708000000e+00, 3.0141446667e+04
 1500602100, 1.5280000000e+02, 9.8680000000e+01, 4.0973333333e+01, 9.0566666667e+00, 2.4141506667e+04
 1500602400, 1.4046666667e+02, 9.4186666667e+01, 3.1826666667e+01, 9.1668000000e+00, 3.3998153333e+04
 1500602700, 1.4275000000e+02, 9.8200000000e+01, 2.9033333333e+01, 9.2069000000e+00, 2.7187870000e+04
 1500603000, 1.4673333333e+02, 1.0138666667e+02, 2.8693333333e+01, 9.0946666667e+00, 2.8931073333e+04
 1500603300, 1.3810000000e+02, 9.3720000000e+01, 2.6253333333e+01, 8.9912666667e+00, 3.1792640000e+04
 1500603600, 1.2500000000e+02, 7.8000000000e+01, 2.8000000000e+01, 8.5550000000e+00, 2.6169960000e+04
 1500603900, 1.4353333333e+02, 9.0973333333e+01, 3.3560000000e+01, 9.1667333333e+00, 3.2080503333e+04
 1500604200, 1.3410000000e+02, 8.9093333333e+01, 2.8186666667e+01, 8.7858666667e+00, 2.7880633333e+04
 1500604500, 1.3000000000e+02, 8.6946666667e+01, 2.6000000000e+01, 8.7462666667e+00, 2.5844320000e+04
 1500604800, 1.3808333333e+02, 9.3760000000e+01, 2.7293333333e+01, 9.0336000000e+00, 3.3608423333e+04
 1500605100, 1.5310000000e+02, 1.0797333333e+02, 2.9746666667e+01, 9.4676666667e+00, 2.4186086667e+04
 1500605400, 1.4000000000e+02, 9.4000000000e+01, 2.8000000000e+01, 9.3933333333e+00, 2.7342360000e+04
 1500605700, 1.3536666667e+02, 8.8440000000e+01, 2.9853333333e+01, 9.4427333333e+00, 3.0060846667e+04
 1500606000, 1.6770000000e+02, 1.1270666667e+02, 3.7266666667e+01, 9.4836666667e+00, 2.4186433333e+04
 1500606300, 1.7736666667e+02, 1.2726666667e+02, 3.3680000000e+01, 9.4388000000e+00, 3.1500766667e+04
 1500606600, 1.6030000000e+02, 1.1697333333e+02, 2.8000000000e+01, 9.4026666667e+00, 2.6119913333e+04
 1500606900, 1.3126666667e+02, 8.7266666667e+01, 2.7746666667e+01, 8.9835666667e+00, 2.5361316667e+04
 1500607200, 1.4453333333e+02, 1.0053333333e+02, 2.6226666667e+01, 8.8605333333e+00, 3.2049826667e+04
 1500607500, 1.8000000000e+02, 1.3600000000e+02, 2.8000000000e+01, 9.2364000000e+00, 2.6413440000e+04
 1500607800, 1.8000000000e+02, 1.3600000000e+02, 2.8000000000e+01, 9.2454666667e+00, 3.1926580000e+04
 1500608100, 1.4730000000e+02, 1.0548000000e+02, 2.8000000000e+01, 9.1388666667e+00, 2.9204073333e+04
 1500608400, 1.5606666667e+02, 1.1296000000e+02, 2.6946666667e+01, 9.3159333333e+00, 2.7565186667e+04
 1500608700, 1.6193333333e+02, 1.1693333333e+02, 2.6653333333e+01, 9.1948000000e+00, 3.3672393333e+04
 1500609000, 1.3436666667e+02, 8.9746666667e+01, 2.7746666667e+01, 9.0687333333e+00, 2.6174233333e+04
 1500609300, 1.3000000000e+02, 8.8000000000e+01, 2.6000000000e+01, 9.0828666667e+00, 2.8317433333e+04
 1500609600, 1.3463333333e+02, 8.8000000000e+01, 3.1560000000e+01, 8.6910666667e+00, 3.0868666667e+04
 1500609900, 1.2773333333e+02, 8.0733333333e+01, 2.9093333333e+01, 8.5695333333e+00, 2.4813840000e+04
 1500610200, 1.3553333333e+02, 8.8533333333e+01, 3.0106666667e+01, 9.0068666667e+00, 3.1046100000e+04
 1500610500, 1.4663333333e+02, 9.9960000000e+01, 3.1346666667e+01, 9.4238000000e+00, 2.5830753333e+04
 1500610800, 1.4810000000e+02, 1.0197333333e+02, 3.0253333333e+01, 1.0176066667e+01, 2.8354600000e+04
 1500611100, 1.3500000000e+02, 8.8000000000e+01, 3.2000000000e+01, 1.0513733333e+01, 3.1196440000e+04
 1500611400, 1.4426666667e+02, 9.7266666667e+01, 3.0146666667e+01, 1.0285333333e+01, 2.6550513333e+04
 1500611700, 1.3410000000e+02, 8.9280000000e+01, 2.7093333333e+01, 1.0102800000e+01, 3.1750826667e+04
 1500612000, 1.3000000000e+02, 8.7053333333e+01, 2.6000000000e+01, 9.7368333333e+00, 2.8515860000e+04
 1500612300, 1.3163333333e+02, 8.7346666667e+01, 2.7960000000e+01, 9.6988000000e+00, 2.5780853333e+04
 1500612600, 1.3623333333e+02, 8.7726666667e+01, 3.1753333333e+01, 9.7372666667e+00, 3.3251610000e+04
 1500612900, 1.4500000000e+02, 1.0000000000e+02, 3.0000000000e+01, 9.6231333333e+00, 2.3143553333e+04
 1500613200, 1.3110000000e+02, 8.8880000000e+01, 2.8146666667e+01, 9.7578000000e+00, 3.1562673333e+04
 1500613500, 1.4453333333e+02, 9.8173333333e+01, 3.0906666667e+01, 1.0070200000e+01, 2.9403706667e+04
 1500613800, 1.4473333333e+02, 9.6733333333e+01, 3.0946666667e+01, 1.0070466667e+01, 2.6384093333e+04
 1500614100, 1.5960000000e+02, 1.0833333333e+02, 3.3266666667e+01, 9.7088666667e+00, 3.3908820000e+04
 1500614400, 1.9176666667e+02, 1.3541333333e+02, 3.8480000000e+01, 9.6985333333e+00, 2.6180920000e+04
 1500614700, 1.3500000000e+02, 9.0000000000e+01, 2.8000000000e+01, 9.6972666667e+00, 2.7793406667e+04
 1500615000, 1.3036666667e+02, 8.8146666667e+01, 2.6146666667e+01, 9.9410666667e+00, 3.0545086667e+04
 1500615300, 1.3363333333e+02, 8.9453333333e+01, 2.8906666667e+01, 1.0207000000e+01, 2.3672673333e+04
 1500615600, 1.3763333333e+02, 9.3160000000e+01, 3.0000000000e+01, 9.9356000000e+00, 3.2772193333e+04
 1500615900, 1.3836666667e+02, 9.3386666667e+01, 2.9346666667e+01, 9.4904000000e+00, 2.7033906667e+04
 1500616200, 1.3500000000e+02, 8.8253333333e+01, 2.8000000000e+01, 9.4136666667e+00, 2.9405440000e+04
 1500616500, 1.3500000000e+02, 9.0000000000e+01, 2.8000000000e+01, 9.5490666667e+00, 3.1808193333e+04
 1500616800, 1.5816666667e+02, 1.1224000000e+02, 2.8000000000e+01, 9.4129333333e+00, 2.6418300000e+04
 1500617100, 1.7090000000e+02, 1.2998666667e+02, 2.5093333333e+01, 9.4652666667e+00, 3.2027840000e+04
 1500617400, 1.5393333333e+02, 1.1072000000e+02, 2.6106666667e+01, 8.8510666667e+00, 2.7005700000e+04
 1500617700, 1.3500000000e+02, 8.8653333333e+01, 2.8000000000e+01, 8.3998000000e+00, 2.8710533333e+04
 1500618000, 1.4196666667e+02, 9.5573333333e+01, 2.9520000000e+01, 8.2331333333e+00, 3.2259686667e+04
 1500618300, 1.9000000000e+02, 1.3400000000e+02, 4.0000000000e+01, 8.0701333333e+00, 2.6321913333e+04
 1500618600, 1.8536666667e+02, 1.3956000000e+02, 2.8880000000e+01, 8.3607333333e+00, 3.2065873333e+04
 1500618900, 1.5956666667e+02, 1.1674666667e+02, 2.6546666667e+01, 8.2715333333e+00, 2.8304420000e+04
 1500619200, 1.4736666667e+02, 1.0378666667e+02, 2.7053333333e+01, 8.1844000000e+00, 2.5488333333e+04
 1500619500, 1.4010000000e+02, 9.5426666667e+01, 2.7346666667e+01, 8.3104000000e+00, 3.3153313333e+04
 1500619800, 1.3253333333e+02, 8.8280000000e+01, 2.6760000000e+01, 8.4795333333e+00, 2.3594300000e+04
 1500620100, 1.5000000000e+02, 1.0400000000e+02, 3.2000000000e+01, 8.6056000000e+00, 2.7109153333e+04
 1500620400, 1.3610000000e+02, 8.9173333333e+01, 2.8293333333e+01, 9.0143333333e+00, 2.0589040000e+04
 1500620700, 1.3863333333e+02, 9.3813333333e+01, 2.9453333333e+01, 9.2821333333e+00, 2.1236466667e+04
 1500621000, 1.3736666667e+02, 9.2840000000e+01, 2.8946666667e+01, 9.0378000000e+00, 2.6371600000e+04
 1500621300, 1.4153333333e+02, 9.6533333333e+01, 2.8000000000e+01, 9.2230666667e+00, 2.5445413333e+04
 1500621600, 1.5246666667e+02, 1.0696000000e+02, 2.8253333333e+01, 9.1676666667e+00, 3.1638440000e+04
 1500621900, 1.3500000000e+02, 8.6000000000e+01, 3.0000000000e+01, 9.5271333333e+00, 2.6439926667e+04
 1500622200, 1.8596666667e+02, 1.3233333333e+02, 3.5560000000e+01, 9.1655333333e+00, 3.1926466667e+04
 1500622500, 1.5003333333e+02, 1.0257333333e+02, 2.8733333333e+01, 8.5782666667e+00, 2.8415500000e+04
 1500622800, 1.3763333333e+02, 9.3160000000e+01, 2.6000000000e+01, 9.3271333333e+00, 2.7485253333e+04
 1500623100, 1.3836666667e+02, 9.0120000000e+01, 2.9920000000e+01, 9.3766666667e+00, 3.3743193333e+04
 1500623400, 1.3626666667e+02, 8.0786666667e+01, 3.6986666667e+01, 9.6568666667e+00, 2.5420980000e+04
 1500623700, 1.4500000000e+02, 1.0000000000e+02, 3.0000000000e+01, 1.0122533333e+01, 2.8191126667e+04
 1500624000, 1.3110000000e+02, 8.8880000000e+01, 2.6293333333e+01, 9.7226666667e+00, 3.0437953333e+04
 1500624300, 1.3000000000e+02, 8.8000000000e+01, 2.6000000000e+01, 9.6856666667e+00, 2.3438720000e+04
 1500624600, 1.3526666667e+02, 9.3266666667e+01, 2.4946666667e+01, 9.5508666667e+00, 3.3017863333e+04
 1500624900, 1.4653333333e+02, 1.0192000000e+02, 2.6613333333e+01, 1.0025800000e+01, 2.7083820000e+04
 1500625200, 1.5936666667e+02, 1.0974666667e+02, 3.1493333333e+01, 9.9988666667e+00, 2.7903113333e+04
 1500625500, 1.5500000000e+02, 1.0800000000e+02, 2.8000000000e+01, 9.7837333333e+00, 3.1050540000e+04
 1500625800, 1.3646666667e+02, 8.7613333333e+01, 2.9853333333e+01, 9.6349333333e+00, 2.4731093333e+04
 1500626100, 1.4226666667e+02, 9.6173333333e+01, 2.7093333333e+01, 1.0360600000e+01, 3.0826326667e+04
 1500626400, 1.5290000000e+02, 1.0526666667e+02, 3.0213333333e+01, 1.0099266667e+01, 2.6506360000e+04
 1500626700, 1.6326666667e+02, 1.1261333333e+02, 3.4000000000e+01, 1.0070200000e+01, 2.5358120000e+04
 1500627000, 1.6810000000e+02, 1.1673333333e+02, 3.3493333333e+01, 9.5206666667e+00, 3.2524766667e+04
 1500627300, 1.5500000000e+02, 1.0800000000e+02, 3.0000000000e+01, 9.3072000000e+00, 2.3273426667e+04
 1500627600, 1.4110000000e+02, 9.5026666667e+01, 2.8146666667e+01, 9.7120666667e+00, 2.7498523333e+04
 1500627900, 1.3273333333e+02, 9.1093333333e+01, 2.6546666667e+01, 1.0301466667e+01, 2.9455100000e+04
 1500628200, 1.4316666667e+02, 1.0369333333e+02, 2.6000000000e+01, 1.0056933333e+01, 2.6790166667e+04
 1500628500, 1.5500000000e+02, 1.1273333333e+02, 2.7960000000e+01, 9.8289333333e+00, 3.3832000000e+04
 1500628800, 1.5310000000e+02, 1.0372000000e+02, 3.2506666667e+01, 9.6405333333e+00, 2.5991293333e+04
 1500629100, 1.4000000000e+02, 8.8000000000e+01, 3.6000000000e+01, 9.8772000000e+00, 2.7929296667e+04
 1500629400, 1.4926666667e+02, 9.9120000000e+01, 3.0440000000e+01, 9.9626666667e+00, 3.1038126667e+04
 1500629700, 1.5000000000e+02, 9.2733333333e+01, 3.7266666667e+01, 1.0110533333e+01, 2.4694320000e+04
 1500630000, 1.4210000000e+02, 8.8946666667e+01, 3.2626666667e+01, 1.0056000000e+01, 3.1124893333e+04
 1500630300, -nan, 9.2573333333e+01, 2.7306666667e+01, 9.7510000000e+00, 2.6698713333e+04
 1500630600, -nan, 9.9973333333e+01, 2.9746666667e+01, 9.5154000000e+00, 2.5247546667e+04
 1500630900, -nan, 8.6000000000e+01, 2.8000000000e+01, -nan, 3.2282486667e+04
 1500631200, -nan, 1.2492000000e+02, 3.9120000000e+01, -nan, 2.6728200000e+04
 1500631500, -nan, 1.1928000000e+02, 4.0000000000e+01, -nan, 3.2099080000e+04
 1500631800, -nan, 1.0230666667e+02, 3.2626666667e+01, -nan, -nan
 1500632100, -nan, -nan, 2.6653333333e+01, -nan, -nan
 1500632400, -nan, -nan, 2.8760000000e+01, -nan, -nan
 1500632700, -nan, -nan, 3.4000000000e+01, -nan, -nan
 1500633000, -nan, -nan, 3.4000000000e+01, -nan, -nan
 1500633300, -nan, -nan, 2.6733333333e+01, -nan, -nan
 1500633600, -nan, -nan, 2.6106666667e+01, -nan, -nan
 1500633900, -nan, -nan, -nan, -nan, -nan
 1500634200, -nan, -nan, -nan, -nan, -nan
 1500634500, -nan, -nan, -nan, -nan, -nan
 1500634800, -nan, -nan, -nan, -nan, -nan
