 Time, ttl_pwr, cpu_pwr, mem_pwr, cpu_load, mem_load
 1500441000, 1,8900000000e+02, 1,4200000000e+02, 2,7600000000e+01, 2,3110833333e+01, 3,6899403333e+04
 1500441300, 2,4500000000e+02, 1,9800000000e+02, 2,6000000000e+01, 2,2960400000e+01, 3,6901003333e+04
 1500441600, 2,1500000000e+02, 1,7200000000e+02, 2,4000000000e+01, 2,3716000000e+01, 3,6902800000e+04
 1500441900, 2,3100000000e+02, 1,8000000000e+02, 3,0400000000e+01, 2,2962000000e+01, 3,6905400000e+04
 1500442200, 2,2300000000e+02, 1,7480000000e+02, 2,7200000000e+01, 2,3225233333e+01, 3,6910996667e+04
 1500442500, 2,2500000000e+02, 1,8040000000e+02, 2,4800000000e+01, 2,3230000000e+01, 3,6913600000e+04
 1500442800, 2,4100000000e+02, 1,9480000000e+02, 2,7600000000e+01, 2,4622000000e+01, 3,6918000000e+04
 1500443100, 2,4500000000e+02, 1,9000000000e+02, 3,4000000000e+01, 2,3844600000e+01, 3,6920003333e+04
 1500443400, 2,2000000000e+02, 1,6400000000e+02, 3,4000000000e+01, 2,4884000000e+01, 3,6917400000e+04
 1500443700, 1,3600000000e+02, 9,0400000000e+01, 2,6000000000e+01, 2,4151466667e+01, 3,6927766667e+04
 1500444000, 1,9000000000e+02, 1,4280000000e+02, 2,8800000000e+01, 2,4762600000e+01, 3,6931986667e+04
 1500444300, 2,3400000000e+02, 1,8760000000e+02, 2,8800000000e+01, 2,3423133333e+01, 3,6935796667e+04
 1500444600, 2,2900000000e+02, 1,8560000000e+02, 2,6000000000e+01, 2,3962000000e+01, 3,6938000000e+04
 1500444900, 2,4500000000e+02, 1,9200000000e+02, 3,4000000000e+01, 2,3030000000e+01, 3,6941800000e+04
 1500445200, 2,4500000000e+02, 1,9000000000e+02, 3,6000000000e+01, 2,3772000000e+01, 3,6946800000e+04
 1500445500, 1,4143333333e+02, 9,5993333333e+01, 2,8033333333e+01, 2,2800033333e+01, 3,6951373333e+04
 1500445800, 1,1500000000e+02, 7,0800000000e+01, 2,4800000000e+01, 1,9784000000e+01, 3,6952400000e+04
 1500446100, 1,6300000000e+02, 1,1720000000e+02, 2,4800000000e+01, 1,8664000000e+01, 3,6950000000e+04
 1500446400, 2,3600000000e+02, 1,8760000000e+02, 2,7600000000e+01, 2,0236000000e+01, 3,6955400000e+04
 1500446700, 2,4000000000e+02, 1,8600000000e+02, 3,4000000000e+01, 2,0460000000e+01, 3,6956200000e+04
 1500447000, 2,4500000000e+02, 1,9200000000e+02, 3,2000000000e+01, 2,1940000000e+01, 3,6960200000e+04
 1500447300, 2,4100000000e+02, 1,8400000000e+02, 3,5200000000e+01, 2,2580000000e+01, 3,6960400000e+04
 1500447600, 2,1315000000e+02, 1,5932666667e+02, 3,2420000000e+01, 2,4141400000e+01, 3,6966193333e+04
 1500447900, 2,1300000000e+02, 1,6080000000e+02, 3,0800000000e+01, 2,3822000000e+01, 3,6970800000e+04
 1500448200, 2,2800000000e+02, 1,7560000000e+02, 3,1600000000e+01, 2,4900000000e+01, 3,6976000000e+04
 1500448500, 1,8000000000e+02, 1,3400000000e+02, 3,0000000000e+01, 2,5458866667e+01, 3,6983396667e+04
 1500448800, 1,5500000000e+02, 1,0800000000e+02, 2,6000000000e+01, 2,5116000000e+01, 3,6987800000e+04
 1500449100, 2,2700000000e+02, 1,7360000000e+02, 3,4000000000e+01, 2,5935366667e+01, 3,6986643333e+04
 1500449400, 2,3900000000e+02, 1,8520000000e+02, 3,4800000000e+01, 2,4998000000e+01, 3,6995200000e+04
 1500449700, 2,3500000000e+02, 1,8440000000e+02, 3,0800000000e+01, 2,5630000000e+01, 3,6993200000e+04
 1500450000, 2,2700000000e+02, 1,7880000000e+02, 2,7600000000e+01, 2,4445533333e+01, 3,7027186667e+04
 1500450300, 1,9500000000e+02, 1,4200000000e+02, 3,4000000000e+01, 2,3742000000e+01, 3,7044200000e+04
 1500450600, 1,1500000000e+02, 7,2000000000e+01, 2,2000000000e+01, 2,3856000000e+01, 3,7047600000e+04
 1500450900, 1,6700000000e+02, 1,2160000000e+02, 2,6800000000e+01, 2,2802000000e+01, 3,7051200000e+04
 1500451200, 2,0700000000e+02, 1,6280000000e+02, 2,5600000000e+01, 2,4128000000e+01, 3,7057000000e+04
 1500451500, 1,8100000000e+02, 1,3720000000e+02, 2,4000000000e+01, 2,4095833333e+01, 3,7063410000e+04
 1500451800, 1,4100000000e+02, 9,3600000000e+01, 2,6400000000e+01, 2,4236000000e+01, 3,7065400000e+04
 1500452100, 2,4500000000e+02, 1,8800000000e+02, 3,6000000000e+01, 2,4890000000e+01, 3,7070400000e+04
 1500452400, 1,1500000000e+02, 7,2000000000e+01, 2,6000000000e+01, 2,3996933333e+01, 3,7075993333e+04
 1500452700, 2,1500000000e+02, 1,6960000000e+02, 2,6000000000e+01, 2,5032533333e+01, 3,7079596667e+04
 1500453000, 2,4000000000e+02, 1,9040000000e+02, 2,8400000000e+01, 2,4898000000e+01, 3,7083600000e+04
 1500453300, 2,3600000000e+02, 1,8640000000e+02, 2,8400000000e+01, 2,5317000000e+01, 3,7088000000e+04
 1500453600, 2,0700000000e+02, 1,6160000000e+02, 2,5600000000e+01, 2,5805733333e+01, 3,7093600000e+04
 1500453900, 1,1500000000e+02, 7,2000000000e+01, 2,4000000000e+01, 2,4794633333e+01, 3,7096796667e+04
 1500454200, 2,4456666667e+02, 1,8761333333e+02, 3,7953333333e+01, 2,5377100000e+01, 3,7102410000e+04
 1500454500, 1,4100000000e+02, 9,5200000000e+01, 2,6800000000e+01, 2,3540000000e+01, 3,7104600000e+04
 1500454800, 1,1200000000e+02, 7,0800000000e+01, 2,4000000000e+01, 1,9880000000e+01, 3,7105600000e+04
 1500455100, 1,4400000000e+02, 9,9600000000e+01, 2,7200000000e+01, 1,8396000000e+01, 3,7108200000e+04
 1500455400, 2,0500000000e+02, 1,5320000000e+02, 3,2800000000e+01, 2,1084000000e+01, 3,7114600000e+04
 1500455700, 2,4500000000e+02, 1,9000000000e+02, 3,6000000000e+01, 2,1744000000e+01, 3,7118800000e+04
 1500456000, 2,1500000000e+02, 1,6200000000e+02, 3,2000000000e+01, 2,2462000000e+01, 3,7124600000e+04
 1500456300, 2,3500000000e+02, 1,8280000000e+02, 3,3600000000e+01, 2,3444000000e+01, 3,7130000000e+04
 1500456600, 2,4000000000e+02, 1,8680000000e+02, 3,4000000000e+01, 2,2903233333e+01, 3,7130803333e+04
 1500456900, 2,4000000000e+02, 1,8680000000e+02, 3,2400000000e+01, 2,4096866667e+01, 3,7136616667e+04
 1500457200, 2,4100000000e+02, 1,8880000000e+02, 3,0800000000e+01, 2,3686000000e+01, 3,7139800000e+04
 1500457500, 2,4500000000e+02, 1,9200000000e+02, 3,4000000000e+01, 2,4418000000e+01, 3,7142400000e+04
 1500457800, 2,5000000000e+02, 1,9200000000e+02, 3,8000000000e+01, 2,4888000000e+01, 3,7147400000e+04
 1500458100, 2,2200000000e+02, 1,7600000000e+02, 2,8400000000e+01, 2,4362333333e+01, 3,7149790000e+04
 1500458400, 2,3300000000e+02, 1,8400000000e+02, 3,0800000000e+01, 2,5452000000e+01, 3,7156200000e+04
 1500458700, 2,3900000000e+02, 1,8880000000e+02, 3,0800000000e+01, 2,4216000000e+01, 3,0988600000e+04
 1500459000, 2,0738333333e+02, 1,6118666667e+02, 2,5606666667e+01, 2,0115033333e+01, 8,6737700000e+03
 1500459300, 1,1500000000e+02, 6,8000000000e+01, 2,4000000000e+01, 2,1812333333e+01, 9,3239166667e+03
 1500459600, 2,2923333333e+02, 1,8124000000e+02, 2,4000000000e+01, 2,4891200000e+01, 1,0538406667e+04
 1500459900, 2,3796666667e+02, 1,9156000000e+02, 2,4000000000e+01, 2,6910133333e+01, 1,2209606667e+04
 1500460200, 2,4295000000e+02, 1,9636000000e+02, 2,5180000000e+01, 2,8395566667e+01, 1,2361090000e+04
 1500460500, 2,4303333333e+02, 1,9642666667e+02, 2,6000000000e+01, 2,9525900000e+01, 1,3430560000e+04
 1500460800, 2,4000000000e+02, 1,9400000000e+02, 2,6000000000e+01, 3,0261400000e+01, 1,3575436667e+04
 1500461100, 2,4000000000e+02, 1,9400000000e+02, 2,6000000000e+01, 3,0780000000e+01, 1,3582200000e+04
 1500461400, 2,4000000000e+02, 1,9400000000e+02, 2,6000000000e+01, 3,1152566667e+01, 1,3583796667e+04
 1500461700, 2,4000000000e+02, 1,9240666667e+02, 2,6000000000e+01, 3,1425200000e+01, 1,3583606667e+04
 1500462000, 2,4000000000e+02, 1,9318666667e+02, 2,6000000000e+01, 3,1609133333e+01, 1,3586360000e+04
 1500462300, 2,4000000000e+02, 1,9241333333e+02, 2,6000000000e+01, 3,1845266667e+01, 1,3624410000e+04
 1500462600, 2,3525000000e+02, 1,8506000000e+02, 2,6000000000e+01, 3,2311400000e+01, 1,3785490000e+04
 1500462900, 2,1500000000e+02, 1,6400000000e+02, 2,6000000000e+01, 3,2947433333e+01, 1,3808483333e+04
 1500463200, 2,3473333333e+02, 1,6597333333e+02, 4,3760000000e+01, 3,3393133333e+01, 1,3768796667e+04
 1500463500, 1,4060000000e+02, 8,8906666667e+01, 2,6693333333e+01, 3,3629033333e+01, 1,3833016667e+04
 1500463800, 1,5313333333e+02, 9,8506666667e+01, 2,9040000000e+01, 3,3832500000e+01, 1,3862740000e+04
 1500464100, 1,5855000000e+02, 1,0440000000e+02, 2,9320000000e+01, 3,3977600000e+01, 1,3799700000e+04
 1500464400, 1,3233333333e+02, 8,6966666667e+01, 2,2366666667e+01, 3,4126833333e+01, 1,3552916667e+04
 1500464700, 1,6500000000e+02, 1,1800000000e+02, 2,4000000000e+01, 3,4136266667e+01, 1,3394153333e+04
 1500465000, 2,3430000000e+02, 1,7938000000e+02, 2,7960000000e+01, 3,4135933333e+01, 1,3047683333e+04
 1500465300, 2,6265000000e+02, 1,9580000000e+02, 4,3800000000e+01, 3,3834000000e+01, 1,2455096667e+04
 1500465600, 2,5200000000e+02, 1,9640000000e+02, 3,4800000000e+01, 3,3348500000e+01, 1,2503950000e+04
 1500465900, 2,3800000000e+02, 1,9320000000e+02, 2,5200000000e+01, 3,2538000000e+01, 1,2639200000e+04
 1500466200, 2,3500000000e+02, 1,9160000000e+02, 2,4400000000e+01, 3,1891166667e+01, 1,3091026667e+04
 1500466500, 2,3500000000e+02, 1,9000000000e+02, 2,6000000000e+01, 3,1404300000e+01, 1,3380386667e+04
 1500466800, 2,4000000000e+02, 1,9200000000e+02, 2,8000000000e+01, 3,1120000000e+01, 1,3202000000e+04
 1500467100, 2,4000000000e+02, 1,9200000000e+02, 2,6400000000e+01, 3,0606000000e+01, 1,2998400000e+04
 1500467400, 2,4000000000e+02, 1,8964000000e+02, 2,7180000000e+01, 3,0001000000e+01, 1,2758376667e+04
 1500467700, 2,4193333333e+02, 1,8877333333e+02, 3,0320000000e+01, 2,9537600000e+01, 1,2489856667e+04
 1500468000, 2,4500000000e+02, 1,8892000000e+02, 3,5080000000e+01, 2,8802333333e+01, 1,1903330000e+04
 1500468300, 2,4500000000e+02, 1,8400000000e+02, 4,0000000000e+01, 2,7563366667e+01, 1,1394226667e+04
 1500468600, 1,5680000000e+02, 1,0756000000e+02, 2,4320000000e+01, 2,6174533333e+01, 1,1347263333e+04
 1500468900, 1,0016666667e+02, 5,4300000000e+01, 2,2433333333e+01, 2,5082533333e+01, 1,0946630000e+04
 1500469200, 1,0541666667e+02, 5,5166666667e+01, 2,7833333333e+01, 2,3707266667e+01, 1,0326053333e+04
 1500469500, 1,1400000000e+02, 6,4400000000e+01, 2,8800000000e+01, 2,2003633333e+01, 9,9175800000e+03
 1500469800, 9,5000000000e+01, 5,4800000000e+01, 2,1200000000e+01, 1,9540600000e+01, 7,4298000000e+03
 1500470100, 5,5000000000e+01, 2,6000000000e+01, 1,0000000000e+01, 1,4626000000e+01, 6,4760000000e+03
 1500470400, 5,5000000000e+01, 2,4000000000e+01, 1,0000000000e+01, 1,0598000000e+01, 6,4746000000e+03
 1500470700, 5,5000000000e+01, 2,4000000000e+01, 1,0000000000e+01, 7,6960000000e+00, 6,4764000000e+03
 1500471000, 5,2000000000e+01, 2,4000000000e+01, 1,0000000000e+01, 5,6000000000e+00, 6,4780000000e+03
 1500471300, 5,2000000000e+01, 2,4000000000e+01, 1,0000000000e+01, 4,0960000000e+00, 6,4780000000e+03
 1500471600, 5,5000000000e+01, 2,4000000000e+01, 1,0000000000e+01, 2,9860000000e+00, 6,4778000000e+03
 1500471900, 5,5000000000e+01, 2,4000000000e+01, 1,0000000000e+01, 2,1680000000e+00, 6,4780000000e+03
 1500472200, 5,5000000000e+01, 2,4000000000e+01, 1,0000000000e+01, 1,6040000000e+00, 6,4788000000e+03
 1500472500, 5,5000000000e+01, 2,4000000000e+01, 1,0000000000e+01, 1,1780000000e+00, 6,4782000000e+03
 1500472800, 5,8000000000e+01, 2,6400000000e+01, 1,2400000000e+01, 8,6200000000e-01, 6,4784000000e+03
 1500473100, 5,8000000000e+01, 2,6400000000e+01, 1,2400000000e+01, 6,4200000000e-01, 6,4794000000e+03
 1500473400, 5,5000000000e+01, 2,4000000000e+01, 1,0000000000e+01, 4,7400000000e-01, 6,4784000000e+03
 1500473700, 5,5000000000e+01, 2,4000000000e+01, 1,0000000000e+01, 3,5400000000e-01, 6,4778000000e+03
 1500474000, 5,5000000000e+01, 2,4000000000e+01, 1,0000000000e+01, 2,8000000000e-01, 6,4784000000e+03
 1500474300, 5,1000000000e+01, 2,4000000000e+01, 1,0000000000e+01, 2,1800000000e-01, 6,4784000000e+03
 1500474600, 5,3000000000e+01, 2,4000000000e+01, 1,0000000000e+01, 1,7800000000e-01, 6,4776000000e+03
 1500474900, 5,5000000000e+01, 2,4000000000e+01, 1,0000000000e+01, 1,3200000000e-01, 6,4776000000e+03
 1500475200, 5,4000000000e+01, 2,4000000000e+01, 1,0000000000e+01, 1,2200000000e-01, 6,4784000000e+03
 1500475500, 5,0000000000e+01, 2,4000000000e+01, 1,0000000000e+01, 1,0600000000e-01, 6,4782000000e+03
 1500475800, 5,0000000000e+01, 2,4000000000e+01, 1,0000000000e+01, 9,8000000000e-02, 6,4786000000e+03
 1500476100, 5,4000000000e+01, 2,4000000000e+01, 1,0000000000e+01, 9,0000000000e-02, 6,4778000000e+03
 1500476400, 5,5000000000e+01, 2,4000000000e+01, 1,0000000000e+01, 6,0000000000e-02, 6,4782000000e+03
 1500476700, 5,3000000000e+01, 2,4000000000e+01, 1,0000000000e+01, 5,0000000000e-02, 6,4784000000e+03
 1500477000, 5,1000000000e+01, 2,4000000000e+01, 1,0400000000e+01, 5,0000000000e-02, 6,4784000000e+03
 1500477300, 5,5000000000e+01, 2,4000000000e+01, 1,2000000000e+01, 5,0000000000e-02, 6,4804000000e+03
 1500477600, 5,5000000000e+01, 2,4000000000e+01, 1,0000000000e+01, 5,8000000000e-02, 6,4796000000e+03
 1500477900, 5,1000000000e+01, 2,4000000000e+01, 1,0000000000e+01, 5,2000000000e-02, 6,4788000000e+03
 1500478200, 5,3000000000e+01, 2,4000000000e+01, 1,0000000000e+01, 5,4000000000e-02, 6,4784000000e+03
 1500478500, 5,9000000000e+01, 2,6400000000e+01, 1,3200000000e+01, 2,5200000000e-01, 6,4866000000e+03
 1500478800, 6,5000000000e+01, 3,0400000000e+01, 1,7600000000e+01, 5,0000000000e-01, 6,4858000000e+03
 1500479100, 6,5000000000e+01, 3,2000000000e+01, 1,6000000000e+01, 6,6200000000e-01, 6,4830000000e+03
 1500479400, 7,5000000000e+01, 3,4000000000e+01, 2,0000000000e+01, 7,7800000000e-01, 6,4832000000e+03
 1500479700, 6,7000000000e+01, 2,9200000000e+01, 1,6800000000e+01, 8,6200000000e-01, 6,4842000000e+03
 1500480000, 7,1000000000e+01, 3,1600000000e+01, 1,8400000000e+01, 9,3600000000e-01, 6,4854000000e+03
 1500480300, 7,1000000000e+01, 3,1600000000e+01, 1,8400000000e+01, 9,8600000000e-01, 6,4860000000e+03
 1500480600, 6,4000000000e+01, 2,7600000000e+01, 1,5600000000e+01, 1,0060000000e+00, 6,4882000000e+03
 1500480900, 6,0000000000e+01, 2,6000000000e+01, 1,4000000000e+01, 2,9459333333e+00, 8,9391333333e+03
 1500481200, 1,6890000000e+02, 1,2302000000e+02, 2,5880000000e+01, 1,0748200000e+01, 9,8444833333e+03
 1500481500, 2,2576666667e+02, 1,7817333333e+02, 2,4406666667e+01, 1,7016066667e+01, 1,1898390000e+04
 1500481800, 2,4000000000e+02, 1,9438666667e+02, 2,5193333333e+01, 2,1478400000e+01, 1,2402370000e+04
 1500482100, 2,4000000000e+02, 1,9520666667e+02, 2,6000000000e+01, 2,4732733333e+01, 1,3271560000e+04
 1500482400, 2,4000000000e+02, 1,9400000000e+02, 2,6000000000e+01, 2,7049766667e+01, 1,3612153333e+04
 1500482700, 2,4000000000e+02, 1,9400000000e+02, 2,6000000000e+01, 2,8732066667e+01, 1,3626396667e+04
 1500483000, 2,4000000000e+02, 1,9599333333e+02, 2,6000000000e+01, 2,9946433333e+01, 1,3625600000e+04
 1500483300, 2,4000000000e+02, 1,9440666667e+02, 2,6000000000e+01, 3,0822833333e+01, 1,3634100000e+04
 1500483600, 2,4293333333e+02, 1,9517333333e+02, 2,7173333333e+01, 3,1577800000e+01, 1,3664430000e+04
 1500483900, 2,4311666667e+02, 1,9072666667e+02, 3,1013333333e+01, 3,2543200000e+01, 1,3766220000e+04
 1500484200, 2,2693333333e+02, 1,7042666667e+02, 3,4133333333e+01, 3,3380966667e+01, 1,3887243333e+04
 1500484500, 1,7000000000e+02, 1,2000000000e+02, 2,6000000000e+01, 3,4022500000e+01, 1,3808140000e+04
 1500484800, 1,1573333333e+02, 6,8693333333e+01, 2,2053333333e+01, 3,4417066667e+01, 1,3882533333e+04
 1500485100, 1,8158333333e+02, 1,3223333333e+02, 2,6700000000e+01, 3,4701200000e+01, 1,3618833333e+04
 1500485400, 1,7680000000e+02, 1,2680000000e+02, 2,6840000000e+01, 3,4897400000e+01, 1,3492333333e+04
 1500485700, 1,8126666667e+02, 1,2778666667e+02, 2,9866666667e+01, 3,5023600000e+01, 1,3124260000e+04
 1500486000, 2,2090000000e+02, 1,6386666667e+02, 3,4426666667e+01, 3,4832033333e+01, 1,2324083333e+04
 1500486300, 2,4500000000e+02, 1,9600000000e+02, 2,8000000000e+01, 3,4352566667e+01, 1,2690833333e+04
 1500486600, 2,4000000000e+02, 1,9200000000e+02, 2,6000000000e+01, 3,3642000000e+01, 1,2638200000e+04
 1500486900, 2,4000000000e+02, 1,9360000000e+02, 2,6000000000e+01, 3,2754000000e+01, 1,2990600000e+04
 1500487200, 2,4000000000e+02, 1,9160000000e+02, 2,6000000000e+01, 3,2060000000e+01, 1,3174800000e+04
 1500487500, 2,4000000000e+02, 1,9080000000e+02, 2,6800000000e+01, 3,1512000000e+01, 1,2984000000e+04
 1500487800, 2,4000000000e+02, 1,9162000000e+02, 2,8000000000e+01, 3,0904200000e+01, 1,2680213333e+04
 1500488100, 2,4000000000e+02, 1,9000000000e+02, 2,8000000000e+01, 3,0229833333e+01, 1,2446750000e+04
 1500488400, 2,2500000000e+02, 1,7600000000e+02, 2,6000000000e+01, 2,9533666667e+01, 1,2150666667e+04
 1500488700, 2,2500000000e+02, 1,7128000000e+02, 2,9146666667e+01, 2,8384200000e+01, 1,1302403333e+04
 1500489000, 1,9291666667e+02, 1,3266666667e+02, 3,7000000000e+01, 2,6762833333e+01, 1,1192063333e+04
 1500489300, 1,4075000000e+02, 8,3380000000e+01, 3,4200000000e+01, 2,5525700000e+01, 1,1057056667e+04
 1500489600, 1,0340000000e+02, 5,3600000000e+01, 2,4986666667e+01, 2,4181000000e+01, 1,0555543333e+04
 1500489900, 1,4000000000e+02, 7,8000000000e+01, 3,8000000000e+01, 2,2480466667e+01, 9,5162666667e+03
 1500490200, 1,8983333333e+02, 1,4178666667e+02, 2,6040000000e+01, 1,8626000000e+01, 6,7248966667e+03
 1500490500, 8,2000000000e+01, 4,7600000000e+01, 1,3200000000e+01, 1,3510000000e+01, 6,5874000000e+03
 1500490800, 5,5000000000e+01, 2,4000000000e+01, 1,0000000000e+01, 9,8000000000e+00, 6,5872000000e+03
 1500491100, 5,5000000000e+01, 2,4000000000e+01, 1,0000000000e+01, 7,1320000000e+00, 6,5904000000e+03
 1500491400, 5,5000000000e+01, 2,4000000000e+01, 1,0000000000e+01, 5,1760000000e+00, 6,5910000000e+03
 1500491700, 5,5000000000e+01, 2,4000000000e+01, 1,0000000000e+01, 3,7600000000e+00, 6,5908000000e+03
 1500492000, 5,5000000000e+01, 2,4000000000e+01, 1,0000000000e+01, 2,7440000000e+00, 6,5918000000e+03
 1500492300, 5,5000000000e+01, 2,4000000000e+01, 1,0000000000e+01, 1,9960000000e+00, 6,5908000000e+03
 1500492600, 5,5000000000e+01, 2,4000000000e+01, 1,0000000000e+01, 1,4540000000e+00, 6,5902000000e+03
 1500492900, 5,3000000000e+01, 2,4000000000e+01, 1,0000000000e+01, 1,0600000000e+00, 6,5914000000e+03
 1500493200, 5,0000000000e+01, 2,4000000000e+01, 1,0000000000e+01, 7,7400000000e-01, 6,5914000000e+03
 1500493500, 5,0000000000e+01, 2,4000000000e+01, 1,0000000000e+01, 5,6200000000e-01, 6,5914000000e+03
 1500493800, 5,5000000000e+01, 2,4000000000e+01, 1,2000000000e+01, 4,2400000000e-01, 6,5904000000e+03
 1500494100, 5,5000000000e+01, 2,4000000000e+01, 1,0400000000e+01, 3,1000000000e-01, 6,5912000000e+03
 1500494400, 5,5000000000e+01, 2,4000000000e+01, 1,0000000000e+01, 2,2800000000e-01, 6,5914000000e+03
 1500494700, 5,5000000000e+01, 2,4000000000e+01, 1,0800000000e+01, 1,8000000000e-01, 6,5906000000e+03
 1500495000, 5,5000000000e+01, 2,4000000000e+01, 1,1600000000e+01, 1,4600000000e-01, 6,5916000000e+03
 1500495300, 5,5000000000e+01, 2,4000000000e+01, 1,0000000000e+01, 1,2600000000e-01, 6,5896000000e+03
 1500495600, 5,5000000000e+01, 2,4000000000e+01, 1,2000000000e+01, 1,0600000000e-01, 6,5908000000e+03
 1500495900, 5,5000000000e+01, 2,4000000000e+01, 1,0400000000e+01, 9,0000000000e-02, 6,5910000000e+03
 1500496200, 5,5000000000e+01, 2,4000000000e+01, 1,0000000000e+01, 9,6000000000e-02, 6,5898000000e+03
 1500496500, 5,5000000000e+01, 2,4000000000e+01, 1,0000000000e+01, 9,4000000000e-02, 6,5910000000e+03
 1500496800, 5,5000000000e+01, 2,4000000000e+01, 1,0000000000e+01, 8,8000000000e-02, 6,5908000000e+03
 1500497100, 5,5000000000e+01, 2,4000000000e+01, 1,0000000000e+01, 7,6000000000e-02, 6,5904000000e+03
 1500497400, 5,5000000000e+01, 2,4000000000e+01, 1,0000000000e+01, 7,4000000000e-02, 6,5910000000e+03
 1500497700, 5,5000000000e+01, 2,4000000000e+01, 1,1600000000e+01, 5,4000000000e-02, 6,5908000000e+03
 1500498000, 5,5000000000e+01, 2,4000000000e+01, 1,0800000000e+01, 5,0000000000e-02, 6,5916000000e+03
 1500498300, 5,5000000000e+01, 2,4000000000e+01, 1,0000000000e+01, 5,0000000000e-02, 6,5920000000e+03
 1500498600, 5,4000000000e+01, 2,4000000000e+01, 1,0000000000e+01, 5,0000000000e-02, 6,5900000000e+03
 1500498900, 5,0000000000e+01, 2,4000000000e+01, 1,0000000000e+01, 5,0000000000e-02, 6,5906000000e+03
 1500499200, 5,5000000000e+01, 2,4000000000e+01, 1,0000000000e+01, 5,0000000000e-02, 6,5908000000e+03
 1500499500, 5,5000000000e+01, 2,4000000000e+01, 1,0000000000e+01, 5,0000000000e-02, 6,5912000000e+03
 1500499800, 5,5000000000e+01, 2,4000000000e+01, 1,0000000000e+01, 5,0000000000e-02, 6,5914000000e+03
 1500500100, 5,5000000000e+01, 2,4000000000e+01, 1,0000000000e+01, 5,0000000000e-02, 6,5916000000e+03
 1500500400, 5,5000000000e+01, 2,4000000000e+01, 1,0000000000e+01, 5,0000000000e-02, 6,5912000000e+03
 1500500700, 5,5000000000e+01, 2,4000000000e+01, 1,0000000000e+01, 5,0000000000e-02, 6,5918000000e+03
 1500501000, 5,5000000000e+01, 2,4000000000e+01, 1,0000000000e+01, 5,0000000000e-02, 6,5928000000e+03
 1500501300, 5,5000000000e+01, 2,4000000000e+01, 1,0000000000e+01, 5,0000000000e-02, 6,5908000000e+03
 1500501600, 5,5000000000e+01, 2,4000000000e+01, 1,0000000000e+01, 5,0000000000e-02, 6,5918000000e+03
 1500501900, 5,5000000000e+01, 2,4000000000e+01, 1,0000000000e+01, 5,0000000000e-02, 6,5908000000e+03
 1500502200, 5,5000000000e+01, 2,4000000000e+01, 1,0000000000e+01, 5,2000000000e-02, 6,5920000000e+03
 1500502500, 5,5000000000e+01, 2,4000000000e+01, 1,0000000000e+01, 5,2000000000e-02, 6,5928000000e+03
 1500502800, 5,5000000000e+01, 2,4000000000e+01, 1,0000000000e+01, 5,4000000000e-02, 6,5942000000e+03
 1500503100, 5,5000000000e+01, 2,4000000000e+01, 1,0000000000e+01, 5,0000000000e-02, 6,5946000000e+03
 1500503400, 5,5000000000e+01, 2,4000000000e+01, 1,0000000000e+01, 6,4000000000e-02, 6,5942000000e+03
 1500503700, 5,7000000000e+01, 2,5600000000e+01, 1,0000000000e+01, 6,0000000000e-02, 6,5948000000e+03
 1500504000, 5,9000000000e+01, 2,7200000000e+01, 1,0400000000e+01, 5,0000000000e-02, 6,5948000000e+03
 1500504300, 5,5000000000e+01, 2,4000000000e+01, 1,2000000000e+01, 5,0000000000e-02, 6,5938000000e+03
 1500504600, 5,5000000000e+01, 2,4000000000e+01, 1,0000000000e+01, 5,2000000000e-02, 6,5936000000e+03
 1500504900, 5,5000000000e+01, 2,4000000000e+01, 1,0000000000e+01, 5,8000000000e-02, 6,5940000000e+03
 1500505200, 5,5000000000e+01, 2,4000000000e+01, 1,0000000000e+01, 5,0000000000e-02, 6,5942000000e+03
 1500505500, 5,5000000000e+01, 2,4000000000e+01, 1,0000000000e+01, 5,0000000000e-02, 6,5934000000e+03
 1500505800, 5,5000000000e+01, 2,4000000000e+01, 1,0000000000e+01, 5,0000000000e-02, 6,5928000000e+03
 1500506100, 5,5000000000e+01, 2,4000000000e+01, 1,0000000000e+01, 5,0000000000e-02, 6,5942000000e+03
 1500506400, 5,5000000000e+01, 2,4000000000e+01, 1,0000000000e+01, 5,0000000000e-02, 6,5938000000e+03
 1500506700, 5,5000000000e+01, 2,4000000000e+01, 1,0000000000e+01, 5,0000000000e-02, 6,5936000000e+03
 1500507000, 5,5000000000e+01, 2,4000000000e+01, 1,0000000000e+01, 5,2000000000e-02, 6,5944000000e+03
 1500507300, 5,5000000000e+01, 2,4000000000e+01, 1,0000000000e+01, 5,0000000000e-02, 6,5938000000e+03
 1500507600, 5,5000000000e+01, 2,4000000000e+01, 1,0000000000e+01, 5,0000000000e-02, 6,5940000000e+03
 1500507900, 5,5000000000e+01, 2,4000000000e+01, 1,0000000000e+01, 5,0000000000e-02, 6,5960000000e+03
 1500508200, 5,5000000000e+01, 2,4000000000e+01, 1,0000000000e+01, 5,0000000000e-02, 6,5964000000e+03
 1500508500, 5,5000000000e+01, 2,4000000000e+01, 1,1600000000e+01, 5,0000000000e-02, 6,5962000000e+03
 1500508800, 5,5000000000e+01, 2,4000000000e+01, 1,0800000000e+01, 5,0000000000e-02, 6,5970000000e+03
 1500509100, 5,5000000000e+01, 2,4000000000e+01, 1,0000000000e+01, 5,0000000000e-02, 6,5974000000e+03
 1500509400, 5,5000000000e+01, 2,4000000000e+01, 1,0000000000e+01, 5,2000000000e-02, 6,5968000000e+03
 1500509700, 5,5000000000e+01, 2,4000000000e+01, 1,0000000000e+01, 5,4000000000e-02, 6,5970000000e+03
 1500510000, 6,0000000000e+01, 2,8000000000e+01, 1,2000000000e+01, 5,0000000000e-02, 6,5962000000e+03
 1500510300, 5,6000000000e+01, 2,4800000000e+01, 1,0400000000e+01, 5,2000000000e-02, 6,5962000000e+03
 1500510600, 5,5000000000e+01, 2,4000000000e+01, 1,0000000000e+01, 5,0000000000e-02, 6,5960000000e+03
 1500510900, 5,5000000000e+01, 2,4000000000e+01, 1,0000000000e+01, 5,0000000000e-02, 6,5962000000e+03
 1500511200, 5,5000000000e+01, 2,4000000000e+01, 1,0000000000e+01, 5,0000000000e-02, 6,5964000000e+03
 1500511500, 5,5000000000e+01, 2,4000000000e+01, 1,0000000000e+01, 5,0000000000e-02, 6,5954000000e+03
 1500511800, 5,5000000000e+01, 2,4000000000e+01, 1,2000000000e+01, 5,0000000000e-02, 6,5974000000e+03
 1500512100, 5,5000000000e+01, 2,4000000000e+01, 1,0400000000e+01, 5,0000000000e-02, 6,5968000000e+03
 1500512400, 5,5000000000e+01, 2,4000000000e+01, 1,0000000000e+01, 5,0000000000e-02, 6,5970000000e+03
 1500512700, 5,5000000000e+01, 2,4000000000e+01, 1,0000000000e+01, 5,0000000000e-02, 6,5970000000e+03
 1500513000, 5,5000000000e+01, 2,4000000000e+01, 1,0000000000e+01, 5,0000000000e-02, 6,5974000000e+03
 1500513300, 5,5000000000e+01, 2,4000000000e+01, 1,0000000000e+01, 5,0000000000e-02, 6,5970000000e+03
 1500513600, 5,5000000000e+01, 2,4000000000e+01, 1,0000000000e+01, 5,0000000000e-02, 6,5972000000e+03
 1500513900, 5,5000000000e+01, 2,4000000000e+01, 1,0000000000e+01, 5,0000000000e-02, 6,5972000000e+03
 1500514200, 5,5000000000e+01, 2,4000000000e+01, 1,1200000000e+01, 5,0000000000e-02, 6,5968000000e+03
 1500514500, 5,5000000000e+01, 2,4000000000e+01, 1,1200000000e+01, 5,0000000000e-02, 6,5960000000e+03
 1500514800, 5,5000000000e+01, 2,4000000000e+01, 1,0000000000e+01, 5,0000000000e-02, 6,5970000000e+03
 1500515100, 5,5000000000e+01, 2,4000000000e+01, 1,0000000000e+01, 5,0000000000e-02, 6,5978000000e+03
 1500515400, 5,5000000000e+01, 2,4000000000e+01, 1,0000000000e+01, 5,0000000000e-02, 6,5970000000e+03
 1500515700, 5,5000000000e+01, 2,4000000000e+01, 1,0000000000e+01, 5,8000000000e-02, 6,5976000000e+03
 1500516000, 5,5000000000e+01, 2,4000000000e+01, 1,1200000000e+01, 6,6000000000e-02, 6,5970000000e+03
 1500516300, 5,5000000000e+01, 2,4000000000e+01, 1,1200000000e+01, 5,4000000000e-02, 6,5958000000e+03
 1500516600, 5,5000000000e+01, 2,4000000000e+01, 1,0000000000e+01, 5,0000000000e-02, 6,5958000000e+03
 1500516900, 5,5000000000e+01, 2,4000000000e+01, 1,0000000000e+01, 5,0000000000e-02, 6,5962000000e+03
 1500517200, 5,5000000000e+01, 2,4000000000e+01, 1,0000000000e+01, 5,0000000000e-02, 6,5958000000e+03
 1500517500, 5,5000000000e+01, 2,4000000000e+01, 1,0000000000e+01, 5,4000000000e-02, 6,5956000000e+03
 1500517800, 5,5000000000e+01, 2,4000000000e+01, 1,0000000000e+01, 5,4000000000e-02, 6,5970000000e+03
 1500518100, 5,5000000000e+01, 2,4000000000e+01, 1,0000000000e+01, 5,0000000000e-02, 6,5962000000e+03
 1500518400, 5,5000000000e+01, 2,4000000000e+01, 1,0000000000e+01, 5,0000000000e-02, 6,5970000000e+03
 1500518700, 5,5000000000e+01, 2,4000000000e+01, 1,0000000000e+01, 5,4000000000e-02, 6,5974000000e+03
 1500519000, 5,5000000000e+01, 2,4000000000e+01, 1,0000000000e+01, 5,0000000000e-02, 6,5970000000e+03
 1500519300, 5,5000000000e+01, 2,4000000000e+01, 1,0000000000e+01, 5,0000000000e-02, 6,5964000000e+03
 1500519600, 5,5000000000e+01, 2,4000000000e+01, 1,0000000000e+01, 5,0000000000e-02, 6,5970000000e+03
 1500519900, 5,5000000000e+01, 2,4000000000e+01, 1,0000000000e+01, 5,0000000000e-02, 6,5970000000e+03
 1500520200, 5,5000000000e+01, 2,4000000000e+01, 1,0000000000e+01, 5,0000000000e-02, 6,5972000000e+03
 1500520500, 5,5000000000e+01, 2,4000000000e+01, 1,0000000000e+01, 5,0000000000e-02, 6,5974000000e+03
 1500520800, 5,5000000000e+01, 2,6000000000e+01, 1,2000000000e+01, 5,0000000000e-02, 6,5982000000e+03
 1500521100, 5,5000000000e+01, 2,4400000000e+01, 1,0400000000e+01, 5,6000000000e-02, 6,5990000000e+03
 1500521400, 5,5000000000e+01, 2,4000000000e+01, 1,0000000000e+01, 5,4000000000e-02, 6,5992000000e+03
 1500521700, 5,5000000000e+01, 2,4000000000e+01, 1,0000000000e+01, 5,6000000000e-02, 6,5996000000e+03
 1500522000, 5,5000000000e+01, 2,4000000000e+01, 1,0000000000e+01, 5,4000000000e-02, 6,5974000000e+03
 1500522300, 5,5000000000e+01, 2,4000000000e+01, 1,0000000000e+01, 6,2000000000e-02, 6,5972000000e+03
 1500522600, 5,5000000000e+01, 2,4000000000e+01, 1,0000000000e+01, 6,4000000000e-02, 6,5972000000e+03
 1500522900, 5,5000000000e+01, 2,4000000000e+01, 1,0000000000e+01, 5,4000000000e-02, 6,5988000000e+03
 1500523200, 5,5000000000e+01, 2,4000000000e+01, 1,0000000000e+01, 5,0000000000e-02, 6,5988000000e+03
 1500523500, 5,3000000000e+01, 2,4000000000e+01, 1,0000000000e+01, 5,0000000000e-02, 6,5998000000e+03
 1500523800, 5,1000000000e+01, 2,4000000000e+01, 1,0000000000e+01, 5,0000000000e-02, 6,5996000000e+03
 1500524100, 5,5000000000e+01, 2,4000000000e+01, 1,0000000000e+01, 5,0000000000e-02, 6,6004000000e+03
 1500524400, 5,5000000000e+01, 2,4000000000e+01, 1,2000000000e+01, 5,0000000000e-02, 6,6002000000e+03
 1500524700, 5,5000000000e+01, 2,4000000000e+01, 1,0400000000e+01, 5,0000000000e-02, 6,5996000000e+03
 1500525000, 5,5000000000e+01, 2,4000000000e+01, 1,0000000000e+01, 5,4000000000e-02, 6,5986000000e+03
 1500525300, 5,5000000000e+01, 2,4000000000e+01, 1,0800000000e+01, 5,0000000000e-02, 6,5988000000e+03
 1500525600, 5,5000000000e+01, 2,4000000000e+01, 1,1600000000e+01, 5,0000000000e-02, 6,6000000000e+03
 1500525900, 5,5000000000e+01, 2,4000000000e+01, 1,0000000000e+01, 5,0000000000e-02, 6,6018000000e+03
 1500526200, 5,5000000000e+01, 2,4000000000e+01, 1,2000000000e+01, 5,0000000000e-02, 6,6020000000e+03
 1500526500, 5,5000000000e+01, 2,4000000000e+01, 1,0400000000e+01, 5,0000000000e-02, 6,6012000000e+03
 1500526800, 5,5000000000e+01, 2,4000000000e+01, 1,0000000000e+01, 5,0000000000e-02, 6,6014000000e+03
 1500527100, 5,5000000000e+01, 2,4000000000e+01, 1,0800000000e+01, 5,0000000000e-02, 6,6012000000e+03
 1500527400, 5,5000000000e+01, 2,4000000000e+01, 1,1600000000e+01, 5,0000000000e-02, 6,6022000000e+03
 1500527700, 5,5000000000e+01, 2,4000000000e+01, 1,0000000000e+01, 5,0000000000e-02, 6,6030000000e+03
 1500528000, 5,0000000000e+01, 2,4000000000e+01, 1,0000000000e+01, 5,4000000000e-02, 6,6010000000e+03
 1500528300, 5,4000000000e+01, 2,4000000000e+01, 1,0000000000e+01, 6,2000000000e-02, 6,6002000000e+03
 1500528600, 5,5000000000e+01, 2,4000000000e+01, 1,1200000000e+01, 9,8000000000e-02, 6,6004000000e+03
 1500528900, 5,5000000000e+01, 2,4000000000e+01, 1,1200000000e+01, 1,0400000000e-01, 6,6014000000e+03
 1500529200, 5,4000000000e+01, 2,4000000000e+01, 1,0000000000e+01, 1,0400000000e-01, 6,6016000000e+03
 1500529500, 5,0000000000e+01, 2,4000000000e+01, 1,0000000000e+01, 1,0200000000e-01, 6,6018000000e+03
 1500529800, 5,5000000000e+01, 2,4000000000e+01, 1,0000000000e+01, 8,6000000000e-02, 6,6018000000e+03
 1500530100, 5,5000000000e+01, 2,4000000000e+01, 1,0000000000e+01, 7,0000000000e-02, 6,6018000000e+03
 1500530400, 5,8000000000e+01, 2,5200000000e+01, 1,2400000000e+01, 6,0000000000e-02, 6,6022000000e+03
 1500530700, 5,8000000000e+01, 2,5200000000e+01, 1,2400000000e+01, 5,0000000000e-02, 6,6022000000e+03
 1500531000, 5,5000000000e+01, 2,4000000000e+01, 1,0000000000e+01, 5,0000000000e-02, 6,6006000000e+03
 1500531300, 5,5000000000e+01, 2,4000000000e+01, 1,0000000000e+01, 5,2000000000e-02, 6,6024000000e+03
 1500531600, 5,5000000000e+01, 2,4000000000e+01, 1,0000000000e+01, 5,0000000000e-02, 6,6030000000e+03
 1500531900, 5,1000000000e+01, 2,4000000000e+01, 1,0000000000e+01, 5,0000000000e-02, 6,6038000000e+03
 1500532200, 5,3000000000e+01, 2,4000000000e+01, 1,0000000000e+01, 5,0000000000e-02, 6,6040000000e+03
 1500532500, 5,5000000000e+01, 2,4000000000e+01, 1,0000000000e+01, 5,0000000000e-02, 6,6032000000e+03
 1500532800, 5,5000000000e+01, 2,4400000000e+01, 1,0000000000e+01, 5,0000000000e-02, 6,6032000000e+03
 1500533100, 5,5000000000e+01, 2,6000000000e+01, 1,0000000000e+01, 5,0000000000e-02, 6,6034000000e+03
 1500533400, 5,5000000000e+01, 2,4000000000e+01, 1,0000000000e+01, 5,2000000000e-02, 6,6042000000e+03
 1500533700, 5,5000000000e+01, 2,4000000000e+01, 1,3200000000e+01, 6,0000000000e-02, 6,6038000000e+03
 1500534000, 5,5000000000e+01, 2,4000000000e+01, 1,1600000000e+01, 8,2000000000e-02, 6,6038000000e+03
 1500534300, 5,5000000000e+01, 2,4000000000e+01, 1,0000000000e+01, 6,8000000000e-02, 6,6036000000e+03
 1500534600, 5,5000000000e+01, 2,4000000000e+01, 1,0000000000e+01, 6,6000000000e-02, 6,6042000000e+03
 1500534900, 5,5000000000e+01, 2,4000000000e+01, 1,0000000000e+01, 7,0000000000e-02, 6,6042000000e+03
 1500535200, 5,5000000000e+01, 2,4000000000e+01, 1,0000000000e+01, 6,6000000000e-02, 6,6038000000e+03
 1500535500, 5,5000000000e+01, 2,4000000000e+01, 1,0000000000e+01, 5,2000000000e-02, 6,6044000000e+03
 1500535800, 6,7000000000e+01, 3,0000000000e+01, 1,7200000000e+01, 5,0000000000e-02, 6,6042033333e+03
 1500536100, 6,7000000000e+01, 3,0000000000e+01, 1,7200000000e+01, 5,0000000000e-02, 6,6046000000e+03
 1500536400, 5,5000000000e+01, 2,4000000000e+01, 1,0400000000e+01, 5,0000000000e-02, 6,6054000000e+03
 1500536700, 5,5000000000e+01, 2,4000000000e+01, 1,2000000000e+01, 5,0000000000e-02, 6,6034000000e+03
 1500537000, 5,5000000000e+01, 2,4000000000e+01, 1,0000000000e+01, 5,0000000000e-02, 6,6034000000e+03
 1500537300, 5,5000000000e+01, 2,4000000000e+01, 1,0000000000e+01, 5,0000000000e-02, 6,6038000000e+03
 1500537600, 9,4000000000e+01, 5,4000000000e+01, 1,8400000000e+01, 3,6400000000e-01, 1,1631800000e+04
 1500537900, 1,3400000000e+02, 8,8400000000e+01, 2,4800000000e+01, 2,5520000000e+00, 1,9702800000e+04
 1500538200, 1,5100000000e+02, 1,0520000000e+02, 2,6000000000e+01, 4,8154000000e+00, 3,2995000000e+04
 1500538500, 1,3500000000e+02, 8,6000000000e+01, 2,6000000000e+01, 6,3100000000e+00, 2,3487000000e+04
 1500538800, 1,4500000000e+02, 9,6000000000e+01, 3,0000000000e+01, 7,6000000000e+00, 2,4948600000e+04
 1500539100, 1,3300000000e+02, 8,9600000000e+01, 2,6800000000e+01, 7,8300000000e+00, 2,9560200000e+04
 1500539400, 1,5700000000e+02, 1,0720000000e+02, 3,2000000000e+01, 8,0920000000e+00, 2,5145800000e+04
 1500539700, 1,5900000000e+02, 1,0640000000e+02, 3,2800000000e+01, 9,1340000000e+00, 3,2661000000e+04
 1500540000, 1,3600000000e+02, 8,6800000000e+01, 2,8000000000e+01, 9,0860000000e+00, 2,2438600000e+04
 1500540300, 1,4000000000e+02, 9,0000000000e+01, 2,8000000000e+01, 9,4260000000e+00, 2,8813000000e+04
 1500540600, 1,5000000000e+02, 1,0200000000e+02, 2,6000000000e+01, 9,4340000000e+00, 2,8390400000e+04
 1500540900, 1,4600000000e+02, 9,4000000000e+01, 3,2400000000e+01, 9,0280000000e+00, 2,4418000000e+04
 1500541200, 1,6300000000e+02, 1,0760000000e+02, 3,6400000000e+01, 8,9640000000e+00, 3,2635200000e+04
 1500541500, 1,6300000000e+02, 1,1160000000e+02, 3,2400000000e+01, 9,2360000000e+00, 2,2498200000e+04
 1500541800, 1,4900000000e+02, 1,0440000000e+02, 2,6000000000e+01, 9,4599666667e+00, 2,5457750000e+04
 1500542100, 1,6500000000e+02, 1,1400000000e+02, 3,4000000000e+01, 8,9100000000e+00, 2,9479600000e+04
 1500542400, 2,0000000000e+02, 1,4400000000e+02, 3,6000000000e+01, 8,9660000000e+00, 2,4901800000e+04
 1500542700, 1,4800000000e+02, 9,7600000000e+01, 2,9600000000e+01, 9,1800000000e+00, 3,2304400000e+04
 1500543000, 1,4400000000e+02, 9,9200000000e+01, 2,4400000000e+01, 9,6380000000e+00, 2,2924400000e+04
 1500543300, 1,4800000000e+02, 1,0400000000e+02, 2,3600000000e+01, 9,9280000000e+00, 2,8823800000e+04
 1500543600, 1,4600000000e+02, 9,8400000000e+01, 2,6800000000e+01, 9,6740000000e+00, 2,8987400000e+04
 1500543900, 1,5000000000e+02, 1,0000000000e+02, 3,0000000000e+01, 1,0004000000e+01, 2,3950200000e+04
 1500544200, 1,5500000000e+02, 1,0600000000e+02, 3,2000000000e+01, 9,6589666667e+00, 3,2033583333e+04
 1500544500, 1,3500000000e+02, 8,8400000000e+01, 2,5600000000e+01, 8,8880000000e+00, 2,3060600000e+04
 1500544800, 1,3300000000e+02, 9,0000000000e+01, 2,4000000000e+01, 9,3020000000e+00, 2,9159400000e+04
 1500545100, 1,3500000000e+02, 9,0800000000e+01, 2,4800000000e+01, 9,3100000000e+00, 2,8886000000e+04
 1500545400, 1,3600000000e+02, 8,6400000000e+01, 2,7200000000e+01, 9,7606333333e+00, 2,4558646667e+04
 1500545700, 1,4000000000e+02, 8,8000000000e+01, 3,2000000000e+01, 9,6940000000e+00, 3,2741000000e+04
 1500546000, 1,4500000000e+02, 1,0400000000e+02, 2,4000000000e+01, 9,4680000000e+00, 2,2466400000e+04
 1500546300, 1,4100000000e+02, 9,4400000000e+01, 2,5600000000e+01, 9,2860000000e+00, 2,8690200000e+04
 1500546600, 1,4600000000e+02, 9,9200000000e+01, 2,6000000000e+01, 9,3760000000e+00, 2,8642200000e+04
 1500546900, 1,4200000000e+02, 9,7600000000e+01, 2,4400000000e+01, 9,3980000000e+00, 2,4992200000e+04
 1500547200, 1,2900000000e+02, 8,6000000000e+01, 2,2800000000e+01, 9,4140000000e+00, 3,2419000000e+04
 1500547500, 1,2500000000e+02, 7,8000000000e+01, 2,6000000000e+01, 9,1620000000e+00, 2,4211000000e+04
 1500547800, 1,5500000000e+02, 1,1000000000e+02, 2,6000000000e+01, 9,4060000000e+00, 2,6170200000e+04
 1500548100, 1,4700000000e+02, 9,5600000000e+01, 3,0800000000e+01, 9,3100000000e+00, 2,9612600000e+04
 1500548400, 1,5100000000e+02, 1,0280000000e+02, 2,8400000000e+01, 9,5860000000e+00, 2,2710600000e+04
 1500548700, 1,5300000000e+02, 1,0600000000e+02, 2,7600000000e+01, 9,5460000000e+00, 2,8794000000e+04
 1500549000, 1,4900000000e+02, 9,8400000000e+01, 3,0400000000e+01, 9,3180000000e+00, 2,6005400000e+04
 1500549300, 1,4500000000e+02, 9,2000000000e+01, 3,2000000000e+01, 9,0558666667e+00, 2,6568313333e+04
 1500549600, 1,5500000000e+02, 1,1000000000e+02, 2,8000000000e+01, 8,8420000000e+00, 3,1793600000e+04
 1500549900, 1,4700000000e+02, 9,7200000000e+01, 2,9600000000e+01, 8,9100000000e+00, 2,5352600000e+04
 1500550200, 1,3900000000e+02, 9,0400000000e+01, 2,8800000000e+01, 8,4280000000e+00, 2,8765600000e+04
 1500550500, 1,3100000000e+02, 8,6400000000e+01, 2,5600000000e+01, 8,6420000000e+00, 2,7822000000e+04
 1500550800, 1,2700000000e+02, 8,5200000000e+01, 2,3200000000e+01, 9,4560000000e+00, 2,3404600000e+04
 1500551100, 1,3500000000e+02, 9,0000000000e+01, 2,8000000000e+01, 9,7520000000e+00, 3,1921200000e+04
 1500551400, 1,4000000000e+02, 9,2000000000e+01, 2,8000000000e+01, 9,5220000000e+00, 2,2412200000e+04
 1500551700, 1,8000000000e+02, 1,2720000000e+02, 3,1200000000e+01, 9,5480000000e+00, 2,5816200000e+04
 1500552000, 1,6600000000e+02, 1,1680000000e+02, 2,8400000000e+01, 9,2860000000e+00, 2,1061400000e+04
 1500552300, 1,5200000000e+02, 1,0480000000e+02, 2,7600000000e+01, 9,2440000000e+00, 2,0864800000e+04
 1500552600, 1,6300000000e+02, 1,1320000000e+02, 3,0800000000e+01, 8,8880000000e+00, 2,8415600000e+04
 1500552900, 1,9500000000e+02, 1,4200000000e+02, 3,4000000000e+01, 9,1820000000e+00, 2,4274200000e+04
 1500553200, 1,5000000000e+02, 1,0200000000e+02, 2,8000000000e+01, 8,9760000000e+00, 3,1526400000e+04
 1500553500, 1,4200000000e+02, 9,0800000000e+01, 2,9600000000e+01, 8,6520000000e+00, 2,1898400000e+04
 1500553800, 1,2800000000e+02, 8,2000000000e+01, 2,5200000000e+01, 8,7600000000e+00, 2,9514400000e+04
 1500554100, 1,3000000000e+02, 8,6000000000e+01, 2,4400000000e+01, 9,1360000000e+00, 2,9195000000e+04
 1500554400, 1,4300000000e+02, 9,6000000000e+01, 2,7600000000e+01, 9,6560000000e+00, 2,5246600000e+04
 1500554700, 1,3500000000e+02, 8,8000000000e+01, 2,6000000000e+01, 9,8080000000e+00, 3,3216000000e+04
 1500555000, 1,3500000000e+02, 8,8000000000e+01, 2,6000000000e+01, 1,0200000000e+01, 2,5483000000e+04
 1500555300, 1,7900000000e+02, 1,2480000000e+02, 3,5600000000e+01, 1,0300000000e+01, 2,6552800000e+04
 1500555600, 1,6300000000e+02, 1,1360000000e+02, 3,0800000000e+01, 1,0022000000e+01, 3,1090400000e+04
 1500555900, 1,4100000000e+02, 9,5200000000e+01, 2,6800000000e+01, 1,0356000000e+01, 2,3636400000e+04
 1500556200, 1,3500000000e+02, 8,8000000000e+01, 2,7600000000e+01, 1,0328433333e+01, 2,8962260000e+04
 1500556500, 1,3500000000e+02, 8,8000000000e+01, 2,6000000000e+01, 1,0038000000e+01, 2,7296400000e+04
 1500556800, 1,8500000000e+02, 1,2600000000e+02, 3,8000000000e+01, 9,8460000000e+00, 2,3488400000e+04
 1500557100, 1,5700000000e+02, 1,0520000000e+02, 3,1600000000e+01, 9,5760000000e+00, 3,1871400000e+04
 1500557400, 1,5000000000e+02, 1,0120000000e+02, 2,8800000000e+01, 8,9920000000e+00, 2,5981200000e+04
 1500557700, 1,4200000000e+02, 9,4800000000e+01, 2,8800000000e+01, 8,9140000000e+00, 2,9482400000e+04
 1500558000, 1,3400000000e+02, 8,7200000000e+01, 3,0400000000e+01, 8,8180000000e+00, 2,8853600000e+04
 1500558300, 1,5000000000e+02, 1,0000000000e+02, 3,2000000000e+01, 8,8040000000e+00, 2,5355386667e+04
 1500558600, 1,4000000000e+02, 9,4000000000e+01, 3,0000000000e+01, 9,3596666667e+00, 3,3195996667e+04
 1500558900, 1,5600000000e+02, 1,0680000000e+02, 3,1600000000e+01, 9,0780000000e+00, 2,3885400000e+04
 1500559200, 1,8400000000e+02, 1,2920000000e+02, 3,5600000000e+01, 9,3780000000e+00, 2,5301000000e+04
 1500559500, 1,9800000000e+02, 1,3960000000e+02, 3,8000000000e+01, 1,0294000000e+01, 2,9693600000e+04
 1500559800, 1,8800000000e+02, 1,3080000000e+02, 3,6800000000e+01, 1,0326000000e+01, 2,5272200000e+04
 1500560100, 1,6000000000e+02, 1,1000000000e+02, 3,2000000000e+01, 1,0252000000e+01, 3,3212400000e+04
 1500560400, 1,4000000000e+02, 9,2000000000e+01, 2,8000000000e+01, 1,0052000000e+01, 2,5252600000e+04
 1500560700, 1,3601666667e+02, 8,8813333333e+01, 2,6406666667e+01, 9,3082333333e+00, 2,6963570000e+04
 1500561000, 1,3200000000e+02, 8,4400000000e+01, 2,7200000000e+01, 9,2720000000e+00, 3,1178800000e+04
 1500561300, 1,4200000000e+02, 9,2400000000e+01, 2,8800000000e+01, 9,2340000000e+00, 2,3220600000e+04
 1500561600, 1,5500000000e+02, 1,0400000000e+02, 2,9200000000e+01, 9,3860000000e+00, 2,8736400000e+04
 1500561900, 1,3500000000e+02, 8,8000000000e+01, 2,6000000000e+01, 9,3780000000e+00, 2,6884000000e+04
 1500562200, 1,7500000000e+02, 1,1800000000e+02, 3,8000000000e+01, 9,7240000000e+00, 2,3679600000e+04
 1500562500, 1,5500000000e+02, 1,0520000000e+02, 3,0000000000e+01, 9,5120000000e+00, 3,1774600000e+04
 1500562800, 1,3500000000e+02, 9,0000000000e+01, 2,5600000000e+01, 9,2300000000e+00, 2,5748800000e+04
 1500563100, 1,3491666667e+02, 8,9140000000e+01, 2,6380000000e+01, 9,3027333333e+00, 2,8580480000e+04
 1500563400, 1,5000000000e+02, 1,0120000000e+02, 2,8800000000e+01, 9,3880000000e+00, 2,9661400000e+04
 1500563700, 1,5000000000e+02, 1,0600000000e+02, 2,4000000000e+01, 9,2460000000e+00, 2,5934800000e+04
 1500564000, 1,4500000000e+02, 9,8000000000e+01, 2,8000000000e+01, 8,9507000000e+00, 3,2771000000e+04
 1500564300, 1,3700000000e+02, 9,1600000000e+01, 2,6400000000e+01, 8,6500000000e+00, 2,6720600000e+04
 1500564600, 1,4100000000e+02, 9,1200000000e+01, 3,0800000000e+01, 8,1800000000e+00, 2,7165400000e+04
 1500564900, 1,3900000000e+02, 8,8800000000e+01, 3,0000000000e+01, 8,3740000000e+00, 3,1019600000e+04
 1500565200, 1,3500000000e+02, 8,8000000000e+01, 2,5600000000e+01, 9,1660000000e+00, 2,5057600000e+04
 1500565500, 1,5500000000e+02, 1,0400000000e+02, 3,2000000000e+01, 9,2900000000e+00, 2,9618600000e+04
 1500565800, 1,3500000000e+02, 8,8000000000e+01, 2,6000000000e+01, 9,3500000000e+00, 2,8212800000e+04
 1500566100, 1,4300000000e+02, 9,4400000000e+01, 2,7600000000e+01, 9,4500000000e+00, 2,4774000000e+04
 1500566400, 1,5400000000e+02, 1,0440000000e+02, 3,0400000000e+01, 9,8360000000e+00, 1,7911000000e+04
 1500566700, 1,5600000000e+02, 1,0680000000e+02, 2,9600000000e+01, 9,4400000000e+00, 1,6101200000e+04
 1500567000, 1,5400000000e+02, 1,0480000000e+02, 2,7600000000e+01, 9,1864666667e+00, 2,4102273333e+04
 1500567300, 1,7000000000e+02, 1,1600000000e+02, 3,4000000000e+01, 1,0006766667e+01, 2,6323580000e+04
 1500567600, 1,5500000000e+02, 1,1000000000e+02, 2,6000000000e+01, 1,0708000000e+01, 2,9964000000e+04
 1500567900, 1,3900000000e+02, 9,2400000000e+01, 2,9200000000e+01, 1,0884000000e+01, 2,2211400000e+04
 1500568200, 1,4100000000e+02, 9,1600000000e+01, 3,1200000000e+01, 1,1138000000e+01, 2,8215800000e+04
 1500568500, 1,5100000000e+02, 1,0040000000e+02, 3,2000000000e+01, 1,0964000000e+01, 2,6168000000e+04
 1500568800, 1,5500000000e+02, 1,0560000000e+02, 3,0800000000e+01, 1,0538000000e+01, 2,6933000000e+04
 1500569100, 1,3500000000e+02, 8,8000000000e+01, 2,6000000000e+01, 1,0906000000e+01, 3,1308000000e+04
 1500569400, 2,0000000000e+02, 1,4200000000e+02, 4,0000000000e+01, 1,1108000000e+01, 2,5807600000e+04
 1500569700, 1,6000000000e+02, 1,0200000000e+02, 3,8400000000e+01, 1,1182000000e+01, 3,0011000000e+04
 1500570000, 1,4100000000e+02, 9,0800000000e+01, 3,2000000000e+01, 1,0960000000e+01, 2,8658800000e+04
 1500570300, 1,3900000000e+02, 9,0800000000e+01, 2,9600000000e+01, 1,1016000000e+01, 2,5920400000e+04
 1500570600, 1,4300000000e+02, 9,1200000000e+01, 3,1200000000e+01, 1,0904000000e+01, 3,3012800000e+04
 1500570900, 1,3500000000e+02, 8,8000000000e+01, 2,8000000000e+01, 1,1080000000e+01, 2,5370600000e+04
 1500571200, 1,3500000000e+02, 8,8000000000e+01, 2,8000000000e+01, 1,1310000000e+01, 2,6775200000e+04
 1500571500, 1,4700000000e+02, 1,0080000000e+02, 2,6400000000e+01, 1,0766000000e+01, 3,1529800000e+04
 1500571800, 1,4700000000e+02, 1,0160000000e+02, 2,7200000000e+01, 1,0516000000e+01, 2,5278000000e+04
 1500572100, 1,4300000000e+02, 9,8400000000e+01, 2,6400000000e+01, 1,0598000000e+01, 2,9113800000e+04
 1500572400, 1,3600000000e+02, 9,2800000000e+01, 2,3600000000e+01, 1,0548000000e+01, 2,9192600000e+04
 1500572700, 1,2000000000e+02, 8,0000000000e+01, 2,2000000000e+01, 9,9760000000e+00, 2,4907600000e+04
 1500573000, 1,6000000000e+02, 1,1000000000e+02, 3,2000000000e+01, 1,0162000000e+01, 3,2633800000e+04
 1500573300, 1,4800000000e+02, 1,0520000000e+02, 2,5600000000e+01, 1,0160000000e+01, 2,4131400000e+04
 1500573600, 1,4800000000e+02, 1,0160000000e+02, 2,6400000000e+01, 1,0231600000e+01, 2,6161866667e+04
 1500573900, 1,4600000000e+02, 9,6000000000e+01, 2,8800000000e+01, 9,7820000000e+00, 3,1147800000e+04
 1500574200, 1,4200000000e+02, 9,2800000000e+01, 2,9600000000e+01, 9,8160000000e+00, 2,3236000000e+04
 1500574500, 1,5000000000e+02, 1,0400000000e+02, 2,8000000000e+01, 1,0040000000e+01, 2,8761000000e+04
 1500574800, 1,4500000000e+02, 1,0400000000e+02, 2,2000000000e+01, 9,8180000000e+00, 2,7742200000e+04
 1500575100, 1,4500000000e+02, 1,0080000000e+02, 2,6800000000e+01, 9,6300000000e+00, 2,4009800000e+04
 1500575400, 1,4200000000e+02, 9,6400000000e+01, 2,8000000000e+01, 9,4740000000e+00, 3,3007800000e+04
 1500575700, 1,3800000000e+02, 9,2400000000e+01, 2,7200000000e+01, 1,0054000000e+01, 1,6475800000e+04
 1500576000, 1,2900000000e+02, 8,4400000000e+01, 2,5200000000e+01, 9,8900000000e+00, 1,6709400000e+04
 1500576300, 1,0500000000e+02, 6,2000000000e+01, 2,2000000000e+01, 9,6320000000e+00, 2,0900000000e+04
 1500576600, 1,6000000000e+02, 1,1000000000e+02, 2,8000000000e+01, 9,8460000000e+00, 3,2501400000e+04
 1500576900, 1,3200000000e+02, 8,7600000000e+01, 2,3200000000e+01, 9,9980000000e+00, 2,3890000000e+04
 1500577200, 1,4000000000e+02, 9,4000000000e+01, 2,6800000000e+01, 1,0070000000e+01, 2,6031200000e+04
 1500577500, 1,4800000000e+02, 9,8000000000e+01, 3,0800000000e+01, 1,0222000000e+01, 3,0942000000e+04
 1500577800, 1,4700000000e+02, 9,5200000000e+01, 3,0800000000e+01, 9,5120000000e+00, 2,3942200000e+04
 1500578100, 1,5500000000e+02, 1,0800000000e+02, 2,6000000000e+01, 9,4060000000e+00, 2,9438200000e+04
 1500578400, 1,5500000000e+02, 1,1200000000e+02, 2,4000000000e+01, 9,2780000000e+00, 2,6953000000e+04
 1500578700, 1,5100000000e+02, 1,0400000000e+02, 2,7200000000e+01, 9,3900000000e+00, 2,3226200000e+04
 1500579000, 1,4100000000e+02, 9,3600000000e+01, 2,9200000000e+01, 9,2380000000e+00, 3,2516800000e+04
 1500579300, 1,3500000000e+02, 8,8000000000e+01, 2,8400000000e+01, 9,4440000000e+00, 2,5497600000e+04
 1500579600, 1,3600000000e+02, 8,8800000000e+01, 2,6400000000e+01, 9,4720000000e+00, 2,9698600000e+04
 1500579900, 1,4000000000e+02, 9,2000000000e+01, 2,8000000000e+01, 9,2320000000e+00, 2,9481600000e+04
 1500580200, 1,5500000000e+02, 1,0800000000e+02, 2,8000000000e+01, 9,3677000000e+00, 2,1617880000e+04
 1500580500, 1,7900000000e+02, 1,2880000000e+02, 3,1200000000e+01, 9,5260000000e+00, 3,3004800000e+04
 1500580800, 1,5500000000e+02, 1,0640000000e+02, 2,8400000000e+01, 9,3680000000e+00, 2,6050000000e+04
 1500581100, 1,5500000000e+02, 1,0480000000e+02, 3,0000000000e+01, 9,0720000000e+00, 2,6996600000e+04
 1500581400, 1,8800000000e+02, 1,3240000000e+02, 3,6000000000e+01, 9,4480000000e+00, 3,1750200000e+04
 1500581700, 2,0000000000e+02, 1,4200000000e+02, 3,6000000000e+01, 9,3040000000e+00, 2,5145800000e+04
 1500582000, 1,4500000000e+02, 8,4000000000e+01, 3,8000000000e+01, 9,3000000000e+00, 2,9174200000e+04
 1500582300, 1,3700000000e+02, 8,8800000000e+01, 2,8400000000e+01, 9,1700000000e+00, 2,8989600000e+04
 1500582600, 1,4400000000e+02, 9,7200000000e+01, 2,8400000000e+01, 9,4300000000e+00, 2,5046800000e+04
 1500582900, 1,7200000000e+02, 1,1960000000e+02, 3,4000000000e+01, 9,3360000000e+00, 3,2784200000e+04
 1500583200, 2,0300000000e+02, 1,4440000000e+02, 3,9600000000e+01, 8,9600000000e+00, 2,5384800000e+04
 1500583500, 1,9500000000e+02, 1,3800000000e+02, 3,8000000000e+01, 9,1560000000e+00, 2,6830000000e+04
 1500583800, 1,2500000000e+02, 8,4000000000e+01, 2,2000000000e+01, 9,8260000000e+00, 3,1746400000e+04
 1500584100, 1,2500000000e+02, 7,9200000000e+01, 2,5200000000e+01, 9,8200000000e+00, 2,5277800000e+04
 1500584400, 1,3700000000e+02, 8,6400000000e+01, 2,9600000000e+01, 1,0266000000e+01, 2,9347800000e+04
 1500584700, 1,4300000000e+02, 9,3600000000e+01, 2,9600000000e+01, 9,6900000000e+00, 2,8913400000e+04
 1500585000, 1,4000000000e+02, 9,5600000000e+01, 2,6000000000e+01, 9,9780000000e+00, 2,5295000000e+04
 1500585300, 1,4000000000e+02, 9,4000000000e+01, 2,6000000000e+01, 9,9000000000e+00, 3,3238000000e+04
 1500585600, 1,2500000000e+02, 8,0000000000e+01, 2,4000000000e+01, 9,3460000000e+00, 2,4859200000e+04
 1500585900, 1,2500000000e+02, 8,0000000000e+01, 2,7200000000e+01, 9,0920000000e+00, 2,6693200000e+04
 1500586200, 1,2800000000e+02, 8,3600000000e+01, 2,5600000000e+01, 8,8160000000e+00, 3,1019800000e+04
 1500586500, 1,3000000000e+02, 8,6000000000e+01, 2,4800000000e+01, 9,2180000000e+00, 2,3875800000e+04
 1500586800, 1,3900000000e+02, 9,5600000000e+01, 2,5600000000e+01, 9,6880000000e+00, 2,8904200000e+04
 1500587100, 1,7500000000e+02, 1,3400000000e+02, 2,4000000000e+01, 9,8080000000e+00, 2,9247400000e+04
 1500587400, 1,3000000000e+02, 8,2000000000e+01, 2,6000000000e+01, 9,4780000000e+00, 2,5159600000e+04
 1500587700, 1,4200000000e+02, 9,6400000000e+01, 2,6000000000e+01, 9,2120000000e+00, 3,3244800000e+04
 1500588000, 1,5700000000e+02, 1,0600000000e+02, 2,9600000000e+01, 9,2200000000e+00, 2,4899400000e+04
 1500588300, 1,5700000000e+02, 1,0200000000e+02, 3,1200000000e+01, 9,1500000000e+00, 2,5960200000e+04
 1500588600, 1,4500000000e+02, 9,1600000000e+01, 2,9200000000e+01, 9,3800000000e+00, 3,1571800000e+04
 1500588900, 1,4500000000e+02, 9,8000000000e+01, 2,6000000000e+01, 9,8900000000e+00, 2,5210000000e+04
 1500589200, 1,4500000000e+02, 8,8000000000e+01, 3,4000000000e+01, 1,0520000000e+01, 2,8963000000e+04
 1500589500, 1,3300000000e+02, 8,8000000000e+01, 2,4400000000e+01, 1,0476000000e+01, 2,8401600000e+04
 1500589800, 1,3000000000e+02, 8,5600000000e+01, 2,4400000000e+01, 1,0068000000e+01, 2,3889400000e+04
 1500590100, 1,3800000000e+02, 9,1200000000e+01, 2,6800000000e+01, 9,6160000000e+00, 3,3237000000e+04
 1500590400, 1,5300000000e+02, 1,0400000000e+02, 2,8800000000e+01, 9,4280000000e+00, 2,3849000000e+04
 1500590700, 1,6500000000e+02, 1,1200000000e+02, 3,2000000000e+01, 9,5420000000e+00, 2,5208800000e+04
 1500591000, 1,2500000000e+02, 8,0000000000e+01, 2,6000000000e+01, 9,4340000000e+00, 2,9675800000e+04
 1500591300, 1,4100000000e+02, 9,4400000000e+01, 2,6000000000e+01, 9,6660000000e+00, 2,5773200000e+04
 1500591600, 1,7200000000e+02, 1,1840000000e+02, 3,3200000000e+01, 9,6580000000e+00, 3,3240800000e+04
 1500591900, 1,7000000000e+02, 1,1440000000e+02, 3,5600000000e+01, 9,9160000000e+00, 2,6236200000e+04
 1500592200, 1,3800000000e+02, 8,7200000000e+01, 3,0400000000e+01, 9,9040000000e+00, 2,7132600000e+04
 1500592500, 1,3000000000e+02, 8,4000000000e+01, 2,4000000000e+01, 9,9680000000e+00, 3,2108000000e+04
 1500592800, 1,9000000000e+02, 1,3200000000e+02, 3,6000000000e+01, 1,0162000000e+01, 2,5629200000e+04
 1500593100, 1,5800000000e+02, 1,0800000000e+02, 3,1200000000e+01, 9,8920000000e+00, 2,8652600000e+04
 1500593400, 1,5300000000e+02, 1,0680000000e+02, 2,7600000000e+01, 9,6400000000e+00, 2,8547600000e+04
 1500593700, 1,5100000000e+02, 1,0680000000e+02, 2,5200000000e+01, 9,4290000000e+00, 2,4830580000e+04
 1500594000, 1,4400000000e+02, 1,0120000000e+02, 2,4000000000e+01, 1,0014000000e+01, 3,2637400000e+04
 1500594300, 1,4000000000e+02, 9,8000000000e+01, 2,4000000000e+01, 1,0256000000e+01, 2,4193600000e+04
 1500594600, 1,7500000000e+02, 1,2800000000e+02, 2,8000000000e+01, 1,0112000000e+01, 2,6222400000e+04
 1500594900, 1,6300000000e+02, 1,1360000000e+02, 2,9600000000e+01, 9,7000000000e+00, 3,1400400000e+04
 1500595200, 1,4500000000e+02, 9,8000000000e+01, 2,7600000000e+01, 9,5340000000e+00, 2,4043400000e+04
 1500595500, 1,4100000000e+02, 9,4000000000e+01, 2,6800000000e+01, 9,5849666667e+00, 2,9427763333e+04
 1500595800, 1,4700000000e+02, 9,8000000000e+01, 2,7600000000e+01, 9,6780000000e+00, 2,1076400000e+04
 1500596100, 1,3500000000e+02, 9,0000000000e+01, 2,6000000000e+01, 9,4856000000e+00, 2,0961540000e+04
 1500596400, 1,4000000000e+02, 9,6000000000e+01, 2,6000000000e+01, 9,1180000000e+00, 2,5118400000e+04
 1500596700, 1,2800000000e+02, 8,1600000000e+01, 2,4400000000e+01, 8,9480000000e+00, 2,5767800000e+04
 1500597000, 1,3100000000e+02, 8,2800000000e+01, 2,8800000000e+01, 8,6920000000e+00, 3,1264200000e+04
 1500597300, 1,4100000000e+02, 9,1600000000e+01, 3,0400000000e+01, 9,0320000000e+00, 2,4153800000e+04
 1500597600, 1,4900000000e+02, 1,0000000000e+02, 2,7200000000e+01, 9,5940000000e+00, 2,8932000000e+04
 1500597900, 1,4500000000e+02, 1,0000000000e+02, 2,4000000000e+01, 9,7440000000e+00, 2,7874800000e+04
 1500598200, 1,2008333333e+02, 7,8073333333e+01, 2,4000000000e+01, 9,7178333333e+00, 2,3896940000e+04
 1500598500, 1,4400000000e+02, 1,0040000000e+02, 2,7200000000e+01, 9,9587000000e+00, 3,2309820000e+04
 1500598800, 1,4700000000e+02, 1,0360000000e+02, 2,5600000000e+01, 1,0186000000e+01, 2,2883200000e+04
 1500599100, 1,3700000000e+02, 9,4000000000e+01, 2,4000000000e+01, 1,0070000000e+01, 2,5683400000e+04
 1500599400, 1,2886666667e+02, 8,3160000000e+01, 2,6706666667e+01, 1,0093333333e+01, 3,0090186667e+04
 1500599700, 1,4500000000e+02, 8,8000000000e+01, 3,8000000000e+01, 9,7080000000e+00, 2,2158800000e+04
 1500600000, 1,3500000000e+02, 8,8000000000e+01, 2,6000000000e+01, 9,8120000000e+00, 2,8602800000e+04
 1500600300, 1,3900000000e+02, 8,8000000000e+01, 3,0800000000e+01, 9,7200000000e+00, 2,5926000000e+04
 1500600600, 1,2800000000e+02, 8,2000000000e+01, 2,7200000000e+01, 9,8240000000e+00, 2,6436400000e+04
 1500600900, 1,2800000000e+02, 8,3600000000e+01, 2,5600000000e+01, 9,4600000000e+00, 3,2107030000e+04
 1500601200, 1,4000000000e+02, 9,2400000000e+01, 2,7600000000e+01, 9,1880000000e+00, 2,6121800000e+04
 1500601500, 1,4000000000e+02, 9,4000000000e+01, 2,6000000000e+01, 8,8620000000e+00, 2,9826400000e+04
 1500601800, 1,2500000000e+02, 8,2000000000e+01, 2,2000000000e+01, 8,7320000000e+00, 2,8693200000e+04
 1500602100, 1,3700000000e+02, 9,0000000000e+01, 2,6800000000e+01, 9,2617000000e+00, 2,5766490000e+04
 1500602400, 1,5200000000e+02, 1,0040000000e+02, 3,1600000000e+01, 9,0480000000e+00, 3,3270400000e+04
 1500602700, 1,6000000000e+02, 1,0718666667e+02, 3,2813333333e+01, 8,8489333333e+00, 2,4707573333e+04
 1500603000, 1,5400000000e+02, 1,0320000000e+02, 3,1200000000e+01, 9,4000000000e+00, 2,6475000000e+04
 1500603300, 1,4900000000e+02, 9,8800000000e+01, 3,1200000000e+01, 9,4160000000e+00, 3,1269400000e+04
 1500603600, 1,6500000000e+02, 1,1000000000e+02, 3,6000000000e+01, 9,1180000000e+00, 2,3307400000e+04
 1500603900, 1,5000000000e+02, 1,0000000000e+02, 2,8000000000e+01, 9,4340000000e+00, 2,8529200000e+04
 1500604200, 1,5400000000e+02, 1,0640000000e+02, 2,6400000000e+01, 9,6820000000e+00, 2,6291000000e+04
 1500604500, 1,5200000000e+02, 9,9600000000e+01, 3,2000000000e+01, 9,5460000000e+00, 2,3528800000e+04
 1500604800, 1,4000000000e+02, 8,8400000000e+01, 3,2000000000e+01, 9,3380000000e+00, 3,1458600000e+04
 1500605100, 1,2900000000e+02, 8,3200000000e+01, 2,6000000000e+01, 9,4480000000e+00, 2,6077800000e+04
 1500605400, 1,4500000000e+02, 9,6000000000e+01, 2,6000000000e+01, 9,2980000000e+00, 2,9764000000e+04
 1500605700, 1,6000000000e+02, 1,1000000000e+02, 3,2000000000e+01, 9,5655000000e+00, 2,8911680000e+04
 1500606000, 1,4000000000e+02, 9,0800000000e+01, 2,7200000000e+01, 1,0050000000e+01, 2,5819600000e+04
 1500606300, 1,3500000000e+02, 8,6000000000e+01, 2,6000000000e+01, 1,0090000000e+01, 3,2791600000e+04
 1500606600, 1,3700000000e+02, 8,7600000000e+01, 2,6800000000e+01, 9,9280000000e+00, 2,5540400000e+04
 1500606900, 1,3800000000e+02, 8,8000000000e+01, 2,8400000000e+01, 9,8922666667e+00, 2,6412440000e+04
 1500607200, 1,3000000000e+02, 8,0000000000e+01, 3,0000000000e+01, 9,8520000000e+00, 3,1523800000e+04
 1500607500, 1,7500000000e+02, 1,3200000000e+02, 2,4000000000e+01, 9,6760000000e+00, 2,4132600000e+04
 1500607800, 1,3900000000e+02, 9,5200000000e+01, 2,5600000000e+01, 9,6780000000e+00, 2,8956800000e+04
 1500608100, 1,3600000000e+02, 8,7200000000e+01, 2,9600000000e+01, 9,5360000000e+00, 2,7993400000e+04
 1500608400, 1,4600000000e+02, 9,4400000000e+01, 3,0400000000e+01, 9,9360000000e+00, 2,4335200000e+04
 1500608700, 1,5100000000e+02, 9,8800000000e+01, 2,9200000000e+01, 1,0032000000e+01, 3,2881600000e+04
 1500609000, 1,3500000000e+02, 7,8000000000e+01, 3,4000000000e+01, 1,0034000000e+01, 2,3959000000e+04
 1500609300, 1,4500000000e+02, 9,8000000000e+01, 2,6000000000e+01, 9,9060000000e+00, 2,6336800000e+04
 1500609600, 1,4500000000e+02, 9,4800000000e+01, 3,0800000000e+01, 9,6720000000e+00, 3,0511200000e+04
 1500609900, 1,5700000000e+02, 1,0600000000e+02, 3,0800000000e+01, 9,4440000000e+00, 2,1976000000e+04
 1500610200, 1,7700000000e+02, 1,2200000000e+02, 3,3200000000e+01, 9,4560000000e+00, 3,3251400000e+04
 1500610500, 1,8100000000e+02, 1,2280000000e+02, 3,5200000000e+01, 9,2460000000e+00, 2,5703200000e+04
 1500610800, 1,2500000000e+02, 7,8000000000e+01, 2,4000000000e+01, 9,4380000000e+00, 2,6709600000e+04
 1500611100, 1,5500000000e+02, 1,0200000000e+02, 3,0000000000e+01, 9,4740000000e+00, 3,1547800000e+04
 1500611400, 1,7900000000e+02, 1,2760000000e+02, 3,0000000000e+01, 9,6360000000e+00, 2,4056200000e+04
 1500611700, 1,5500000000e+02, 1,0520000000e+02, 2,8800000000e+01, 9,6640000000e+00, 2,9451800000e+04
 1500612000, 1,3900000000e+02, 9,0000000000e+01, 2,8000000000e+01, 9,2920000000e+00, 2,7332400000e+04
 1500612300, 1,4400000000e+02, 9,4000000000e+01, 2,8800000000e+01, 8,8600000000e+00, 2,3282800000e+04
 1500612600, 1,4000000000e+02, 8,6000000000e+01, 3,2000000000e+01, 8,6880000000e+00, 3,2225200000e+04
 1500612900, 1,6500000000e+02, 1,1400000000e+02, 3,0000000000e+01, 9,0320000000e+00, 2,5283400000e+04
 1500613200, 1,8100000000e+02, 1,2360000000e+02, 3,6400000000e+01, 9,2560000000e+00, 2,9640200000e+04
 1500613500, 1,5800000000e+02, 1,0560000000e+02, 3,2000000000e+01, 8,8660000000e+00, 2,7989600000e+04
 1500613800, 1,4800000000e+02, 9,9200000000e+01, 2,8000000000e+01, 8,9940000000e+00, 2,4315600000e+04
 1500614100, 1,5500000000e+02, 1,0560000000e+02, 2,7600000000e+01, 8,4460000000e+00, 3,2776200000e+04
 1500614400, 1,3500000000e+02, 8,8000000000e+01, 2,6000000000e+01, 8,4160000000e+00, 2,2882200000e+04
 1500614700, 1,9000000000e+02, 1,3600000000e+02, 3,6000000000e+01, 9,1580000000e+00, 2,5735200000e+04
 1500615000, 1,5400000000e+02, 1,0880000000e+02, 2,8000000000e+01, 9,2360000000e+00, 2,9728600000e+04
 1500615300, 1,3300000000e+02, 9,0000000000e+01, 2,4800000000e+01, 9,8780000000e+00, 2,5463800000e+04
 1500615600, 1,5100000000e+02, 1,0120000000e+02, 2,9600000000e+01, 1,0478000000e+01, 3,3483600000e+04
 1500615900, 1,7900000000e+02, 1,2160000000e+02, 3,5600000000e+01, 1,0480000000e+01, 2,4575200000e+04
 1500616200, 1,3500000000e+02, 8,8000000000e+01, 2,6000000000e+01, 9,8261666667e+00, 2,6019133333e+04
 1500616500, 1,6000000000e+02, 1,0800000000e+02, 3,0000000000e+01, 9,4160000000e+00, 3,1170200000e+04
 1500616800, 1,3600000000e+02, 8,4000000000e+01, 3,0000000000e+01, 1,0010000000e+01, 2,3792200000e+04
 1500617100, 1,4200000000e+02, 9,0000000000e+01, 3,0000000000e+01, 1,0000000000e+01, 2,8580400000e+04
 1500617400, 1,5400000000e+02, 1,0360000000e+02, 2,9200000000e+01, 9,8693333333e+00, 2,6242113333e+04
 1500617700, 1,5600000000e+02, 1,0720000000e+02, 2,8800000000e+01, 9,8100000000e+00, 2,6546000000e+04
 1500618000, 1,4000000000e+02, 8,8000000000e+01, 3,2000000000e+01, 9,8020000000e+00, 3,0520200000e+04
 1500618300, 1,4500000000e+02, 9,6000000000e+01, 3,0000000000e+01, 9,8862333333e+00, 2,3968893333e+04
 1500618600, 1,4900000000e+02, 9,7600000000e+01, 3,0000000000e+01, 9,7680000000e+00, 2,8746800000e+04
 1500618900, 1,5600000000e+02, 1,0520000000e+02, 3,0000000000e+01, 8,9720000000e+00, 2,7335000000e+04
 1500619200, 1,6400000000e+02, 1,1480000000e+02, 2,9200000000e+01, 9,5600000000e+00, 2,3344200000e+04
 1500619500, 1,6300000000e+02, 1,1560000000e+02, 2,7600000000e+01, 9,9860000000e+00, 3,1656400000e+04
 1500619800, 1,3500000000e+02, 9,0000000000e+01, 2,6000000000e+01, 9,9360000000e+00, 2,5353200000e+04
 1500620100, 1,2500000000e+02, 7,8000000000e+01, 2,6000000000e+01, 9,7980000000e+00, 2,9351000000e+04
 1500620400, 1,5300000000e+02, 1,0360000000e+02, 3,0800000000e+01, 9,9240000000e+00, 1,7939200000e+04
 1500620700, 1,6000000000e+02, 1,1000000000e+02, 3,2000000000e+01, 9,6600000000e+00, 2,1396600000e+04
 1500621000, 1,5200000000e+02, 1,0040000000e+02, 3,2000000000e+01, 9,2540000000e+00, 2,5218000000e+04
 1500621300, 1,3700000000e+02, 8,4800000000e+01, 3,0000000000e+01, 9,5660000000e+00, 2,6626000000e+04
 1500621600, 1,2500000000e+02, 8,0000000000e+01, 2,2000000000e+01, 9,5520000000e+00, 3,1774400000e+04
 1500621900, 1,7000000000e+02, 1,1000000000e+02, 3,8000000000e+01, 9,6020000000e+00, 2,5175200000e+04
 1500622200, 1,5400000000e+02, 1,0200000000e+02, 3,1600000000e+01, 9,3320000000e+00, 2,9195400000e+04
 1500622500, 1,3800000000e+02, 9,1600000000e+01, 2,7600000000e+01, 9,4320000000e+00, 2,8346600000e+04
 1500622800, 1,3400000000e+02, 8,6800000000e+01, 2,8400000000e+01, 9,6780000000e+00, 2,4402800000e+04
 1500623100, 1,4200000000e+02, 9,0800000000e+01, 3,1600000000e+01, 9,8120000000e+00, 3,2560000000e+04
 1500623400, 1,5000000000e+02, 1,0200000000e+02, 3,0000000000e+01, 9,6660000000e+00, 2,2643800000e+04
 1500623700, 1,9500000000e+02, 1,3800000000e+02, 3,6000000000e+01, 9,2600000000e+00, 2,5311000000e+04
 1500624000, 1,4700000000e+02, 9,8000000000e+01, 2,8000000000e+01, 9,4700000000e+00, 2,9745200000e+04
 1500624300, 1,5600000000e+02, 1,0120000000e+02, 3,3200000000e+01, -nan, 2,5301000000e+04
 1500624600, -nan, 1,0120000000e+02, 3,3200000000e+01, -nan, 3,3502600000e+04
 1500624900, -nan, 9,0400000000e+01, 2,6400000000e+01, -nan, 2,4621000000e+04
 1500625200, -nan, 1,0000000000e+02, 2,8000000000e+01, -nan, 2,6117400000e+04
 1500625500, -nan, 8,8000000000e+01, 3,2000000000e+01, -nan, 2,9875683333e+04
 1500625800, -nan, 9,4400000000e+01, 3,3600000000e+01, -nan, 2,2059800000e+04
 1500626100, -nan, 9,9600000000e+01, -nan, -nan, 3,3504600000e+04
 1500626400, -nan, 9,6400000000e+01, -nan, -nan, 2,5279400000e+04
 1500626700, -nan, 9,0800000000e+01, -nan, -nan, 2,6319800000e+04
 1500627000, -nan, -nan, -nan, -nan, 3,1112400000e+04
 1500627300, -nan, -nan, -nan, -nan, -nan
