 Time, ttl_pwr, cpu_pwr, mem_pwr, cpu_load, mem_load
 1500448500, 9.9383333333e+01, 5.3260000000e+01, 2.4000000000e+01, 1.4877666667e+01, 1.8687290000e+04
 1500448800, 1.9490000000e+02, 1.3868000000e+02, 3.7140000000e+01, 1.4730833333e+01, 2.6228380000e+04
 1500449100, 1.6370000000e+02, 1.0982000000e+02, 3.3840000000e+01, 1.6452233333e+01, 2.7060736667e+04
 1500449400, 1.5335000000e+02, 9.7266666667e+01, 3.3760000000e+01, 1.7807233333e+01, 3.4763113333e+04
 1500449700, 2.6500000000e+02, 1.9225333333e+02, 5.0253333333e+01, 2.1549566667e+01, 4.1647630000e+04
 1500450000, 2.6500000000e+02, 1.9400000000e+02, 5.2000000000e+01, 2.4590266667e+01, 4.1992316667e+04
 1500450300, 2.6965000000e+02, 1.9586000000e+02, 5.2000000000e+01, 2.6798000000e+01, 4.1994560000e+04
 1500450600, 2.6638333333e+02, 1.9600000000e+02, 5.0553333333e+01, 2.8388100000e+01, 4.2072126667e+04
 1500450900, 2.6500000000e+02, 1.9600000000e+02, 5.1053333333e+01, 2.9563400000e+01, 4.2283090000e+04
 1500451200, 2.6500000000e+02, 1.9600000000e+02, 5.2000000000e+01, 3.0416866667e+01, 4.2589853333e+04
 1500451500, 2.6565000000e+02, 1.9600000000e+02, 5.2000000000e+01, 3.1000833333e+01, 4.2758170000e+04
 1500451800, 2.7000000000e+02, 1.9600000000e+02, 5.2000000000e+01, 3.1506300000e+01, 4.2959773333e+04
 1500452100, 2.7000000000e+02, 1.9600000000e+02, 5.2000000000e+01, 3.1883333333e+01, 4.3177076667e+04
 1500452400, 2.6636666667e+02, 1.9600000000e+02, 5.0546666667e+01, 3.2190566667e+01, 4.3374656667e+04
 1500452700, 2.6761666667e+02, 1.9600000000e+02, 5.0000000000e+01, 3.2364300000e+01, 4.3437576667e+04
 1500453000, 2.6836666667e+02, 1.9600000000e+02, 5.0000000000e+01, 3.2472833333e+01, 4.3541586667e+04
 1500453300, 2.6561666667e+02, 1.9600000000e+02, 5.0246666667e+01, 3.2550666667e+01, 4.3583646667e+04
 1500453600, 2.7000000000e+02, 1.9600000000e+02, 5.2000000000e+01, 3.2603600000e+01, 4.3668740000e+04
 1500453900, 2.6536666667e+02, 1.9414666667e+02, 5.0146666667e+01, 3.2355900000e+01, 3.8747820000e+04
 1500454200, 2.4675000000e+02, 1.8232000000e+02, 4.2700000000e+01, 2.9303500000e+01, 2.5119650000e+04
 1500454500, 2.3205000000e+02, 1.6846000000e+02, 4.1060000000e+01, 2.6037600000e+01, 2.4285780000e+04
 1500454800, 2.2830000000e+02, 1.6396000000e+02, 4.2000000000e+01, 2.3705200000e+01, 2.4280920000e+04
 1500455100, 2.2590000000e+02, 1.6420000000e+02, 4.0960000000e+01, 2.1421900000e+01, 2.1472890000e+04
 1500455400, 1.6500000000e+02, 1.1200000000e+02, 3.4000000000e+01, 1.8142300000e+01, 1.5983430000e+04
 1500455700, 1.5570000000e+02, 1.0456000000e+02, 3.2140000000e+01, 1.5814300000e+01, 1.6645456667e+04
 1500456000, 9.1533333333e+01, 4.5973333333e+01, 2.2933333333e+01, 1.4994233333e+01, 1.7648606667e+04
 1500456300, 8.5000000000e+01, 4.1393333333e+01, 2.3393333333e+01, 1.3061000000e+01, 1.2366566667e+04
 1500456600, 1.6400000000e+02, 1.1046666667e+02, 3.4533333333e+01, 1.2019233333e+01, 2.5539710000e+04
 1500456900, 2.0620000000e+02, 1.4576000000e+02, 3.9520000000e+01, 1.5438000000e+01, 3.2100580000e+04
 1500457200, 1.5930000000e+02, 1.0248000000e+02, 3.2340000000e+01, 1.8419200000e+01, 3.2803250000e+04
 1500457500, 2.5500000000e+02, 1.8600000000e+02, 4.8000000000e+01, 2.0866700000e+01, 3.8721676667e+04
 1500457800, 2.6895000000e+02, 1.9530000000e+02, 5.1720000000e+01, 2.4131900000e+01, 4.0785580000e+04
 1500458100, 2.7000000000e+02, 1.9746000000e+02, 5.2000000000e+01, 2.6484500000e+01, 4.0732166667e+04
 1500458400, 2.7000000000e+02, 1.9694666667e+02, 5.2000000000e+01, 2.8180566667e+01, 4.0944900000e+04
 1500458700, 2.7000000000e+02, 1.9600000000e+02, 5.2000000000e+01, 2.9432433333e+01, 4.1080746667e+04
 1500459000, 2.7000000000e+02, 1.9600000000e+02, 5.2000000000e+01, 3.0364266667e+01, 4.1160786667e+04
 1500459300, 2.7000000000e+02, 1.9600000000e+02, 5.2000000000e+01, 3.1040600000e+01, 4.1170346667e+04
 1500459600, 2.7000000000e+02, 1.9785333333e+02, 5.2000000000e+01, 3.1545700000e+01, 4.1215303333e+04
 1500459900, 2.7000000000e+02, 2.0089333333e+02, 4.9106666667e+01, 3.1946233333e+01, 4.1419973333e+04
 1500460200, 2.7000000000e+02, 2.0304666667e+02, 4.8000000000e+01, 3.2248333333e+01, 4.1539076667e+04
 1500460500, 2.7000000000e+02, 2.0210000000e+02, 4.9266666667e+01, 3.2413933333e+01, 4.1762033333e+04
 1500460800, 2.7000000000e+02, 1.9800000000e+02, 5.2000000000e+01, 3.2506300000e+01, 4.1968116667e+04
 1500461100, 2.7000000000e+02, 1.9800000000e+02, 5.2000000000e+01, 3.2602466667e+01, 4.2176850000e+04
 1500461400, 2.7000000000e+02, 1.9614666667e+02, 5.2000000000e+01, 3.2621466667e+01, 4.2259933333e+04
 1500461700, 2.7000000000e+02, 1.9600000000e+02, 5.2000000000e+01, 3.2623066667e+01, 4.2379046667e+04
 1500462000, 2.7000000000e+02, 1.9600000000e+02, 5.2000000000e+01, 3.2777300000e+01, 4.2358730000e+04
 1500462300, 2.7000000000e+02, 1.9664666667e+02, 5.2000000000e+01, 3.2871366667e+01, 4.1241066667e+04
 1500462600, 2.6675000000e+02, 1.9592000000e+02, 5.1220000000e+01, 3.1278000000e+01, 3.3518170000e+04
 1500462900, 2.4500000000e+02, 1.8200000000e+02, 4.6000000000e+01, 2.9484100000e+01, 3.3511880000e+04
 1500463200, 2.4035000000e+02, 1.7456000000e+02, 4.7860000000e+01, 2.8435300000e+01, 3.3796000000e+04
 1500463500, 2.5816666667e+02, 1.8998666667e+02, 4.9453333333e+01, 2.8441766667e+01, 3.4579500000e+04
 1500463800, 2.6500000000e+02, 1.9705333333e+02, 4.7893333333e+01, 2.9245800000e+01, 3.4830216667e+04
 1500464100, 2.5840000000e+02, 1.9272000000e+02, 4.4680000000e+01, 2.9318700000e+01, 2.7142013333e+04
 1500464400, 2.3200000000e+02, 1.7134000000e+02, 3.9920000000e+01, 2.4903900000e+01, 8.7237700000e+03
 1500464700, 1.4500000000e+02, 1.0000000000e+02, 2.6000000000e+01, 2.0770200000e+01, 8.6521700000e+03
 1500465000, 1.5430000000e+02, 1.0930000000e+02, 2.6000000000e+01, 1.7996733333e+01, 1.0095493333e+04
 1500465300, 1.5150000000e+02, 1.0440000000e+02, 2.6000000000e+01, 1.6529466667e+01, 1.0985496667e+04
 1500465600, 1.9505000000e+02, 1.4546000000e+02, 2.8120000000e+01, 1.6144233333e+01, 2.5348223333e+04
 1500465900, 2.4316666667e+02, 1.8661333333e+02, 3.5226666667e+01, 2.0091866667e+01, 3.4157746667e+04
 1500466200, 2.4353333333e+02, 1.7806666667e+02, 4.3466666667e+01, 2.3444066667e+01, 3.4441550000e+04
 1500466500, 1.3000000000e+02, 8.2000000000e+01, 2.6000000000e+01, 2.5842500000e+01, 3.4142636667e+04
 1500466800, 2.5510000000e+02, 1.8949333333e+02, 4.4533333333e+01, 2.7423433333e+01, 3.4403490000e+04
 1500467100, 2.6500000000e+02, 1.9800000000e+02, 4.6000000000e+01, 2.8478400000e+01, 3.3522280000e+04
 1500467400, 2.5440000000e+02, 1.9164000000e+02, 4.3880000000e+01, 2.7732300000e+01, 2.6268303333e+04
 1500467700, 2.4500000000e+02, 1.8534000000e+02, 4.1340000000e+01, 2.6445000000e+01, 2.6323210000e+04
 1500468000, 2.4500000000e+02, 1.8504000000e+02, 3.9220000000e+01, 2.5498700000e+01, 2.6383420000e+04
 1500468300, 2.4500000000e+02, 1.9200000000e+02, 3.4000000000e+01, 2.4860700000e+01, 2.6574190000e+04
 1500468600, 2.4500000000e+02, 1.8642000000e+02, 4.1440000000e+01, 2.4232133333e+01, 2.6848900000e+04
 1500468900, 2.3773333333e+02, 1.7728000000e+02, 4.0546666667e+01, 2.4740733333e+01, 2.8330843333e+04
 1500469200, 2.1910000000e+02, 1.6128000000e+02, 3.5760000000e+01, 2.4525600000e+01, 2.7638690000e+04
 1500469500, 2.2810000000e+02, 1.6518000000e+02, 3.9920000000e+01, 2.5133200000e+01, 3.2665053333e+04
 1500469800, 2.7175000000e+02, 1.9444000000e+02, 5.4960000000e+01, 2.6051300000e+01, 3.4345240000e+04
 1500470100, 2.5000000000e+02, 1.8400000000e+02, 4.8000000000e+01, 2.5551300000e+01, 3.4246260000e+04
 1500470400, 2.5465000000e+02, 1.8772000000e+02, 4.6140000000e+01, 2.5090700000e+01, 3.4367310000e+04
 1500470700, 2.5500000000e+02, 1.8800000000e+02, 4.7460000000e+01, 2.4806600000e+01, 3.4456540000e+04
 1500471000, 2.5500000000e+02, 1.8694000000e+02, 4.6940000000e+01, 2.4501700000e+01, 3.1461420000e+04
 1500471300, 2.4675000000e+02, 1.8006000000e+02, 4.4680000000e+01, 2.2649200000e+01, 2.5522890000e+04
 1500471600, 2.2036666667e+02, 1.5916000000e+02, 4.0866666667e+01, 2.1673566667e+01, 2.6261183333e+04
 1500471900, 1.4500000000e+02, 9.0000000000e+01, 3.2000000000e+01, 2.1138300000e+01, 2.7051230000e+04
 1500472200, 2.2870000000e+02, 1.6998000000e+02, 3.7580000000e+01, 2.1532500000e+01, 3.7806833333e+04
 1500472500, 2.5680000000e+02, 1.8762666667e+02, 4.6720000000e+01, 2.4549966667e+01, 4.2046383333e+04
 1500472800, 2.6500000000e+02, 1.9410666667e+02, 5.0000000000e+01, 2.6820266667e+01, 4.2034190000e+04
 1500473100, 2.6500000000e+02, 1.9469333333e+02, 5.0000000000e+01, 2.8499733333e+01, 4.2211180000e+04
 1500473400, 2.6370000000e+02, 1.9148000000e+02, 4.9740000000e+01, 2.8582066667e+01, 3.4338310000e+04
 1500473700, 2.5500000000e+02, 1.8800000000e+02, 4.8000000000e+01, 2.7476900000e+01, 3.3291070000e+04
 1500474000, 2.4105000000e+02, 1.7498000000e+02, 4.4280000000e+01, 2.6655400000e+01, 3.3351600000e+04
 1500474300, 2.5095000000e+02, 1.8276000000e+02, 4.6920000000e+01, 2.5916800000e+01, 3.3396020000e+04
 1500474600, 2.4705000000e+02, 1.8176000000e+02, 4.5880000000e+01, 2.4695500000e+01, 2.6610356667e+04
 1500474900, 2.3835000000e+02, 1.7536000000e+02, 4.3340000000e+01, 2.3363000000e+01, 2.5003930000e+04
 1500475200, 2.3185000000e+02, 1.6730000000e+02, 4.1460000000e+01, 2.1941900000e+01, 2.5810090000e+04
 1500475500, 2.0000000000e+02, 1.4000000000e+02, 3.6000000000e+01, 2.1894133333e+01, 3.0259300000e+04
 1500475800, 2.4185000000e+02, 1.7720000000e+02, 4.5300000000e+01, 2.2939200000e+01, 3.7443793333e+04
 1500476100, 2.6325000000e+02, 1.9168000000e+02, 5.0380000000e+01, 2.5343400000e+01, 4.1055920000e+04
 1500476400, 2.6735000000e+02, 1.9388000000e+02, 5.0940000000e+01, 2.7324566667e+01, 4.1291063333e+04
 1500476700, 2.6663333333e+02, 1.9330666667e+02, 5.0653333333e+01, 2.8822000000e+01, 4.1303033333e+04
 1500477000, 2.7000000000e+02, 1.9600000000e+02, 5.2000000000e+01, 2.9926733333e+01, 4.0930563333e+04
 1500477300, 2.7000000000e+02, 1.9600000000e+02, 5.2000000000e+01, 2.8467400000e+01, 2.6094800000e+04
 1500477600, 2.3745000000e+02, 1.7182000000e+02, 4.4560000000e+01, 2.5400200000e+01, 2.4178780000e+04
 1500477900, 1.5975000000e+02, 9.9766666667e+01, 3.8266666667e+01, 2.3602766667e+01, 2.5123386667e+04
 1500478200, 1.1975000000e+02, 7.0633333333e+01, 2.9166666667e+01, 2.2419433333e+01, 2.6328360000e+04
 1500478500, 1.9350000000e+02, 1.3384666667e+02, 4.0653333333e+01, 2.3149700000e+01, 3.9460336667e+04
 1500478800, 2.6663333333e+02, 1.9330666667e+02, 5.3346666667e+01, 2.5754933333e+01, 4.0909210000e+04
 1500479100, 2.6936666667e+02, 1.9574666667e+02, 5.2000000000e+01, 2.7656900000e+01, 4.1030386667e+04
 1500479400, 2.6500000000e+02, 1.9400000000e+02, 5.2000000000e+01, 2.9230866667e+01, 4.1304883333e+04
 1500479700, 2.6500000000e+02, 1.9214666667e+02, 5.2000000000e+01, 3.0513733333e+01, 4.1129976667e+04
 1500480000, 2.6500000000e+02, 1.9345333333e+02, 5.2000000000e+01, 3.1401766667e+01, 4.1301573333e+04
 1500480300, 2.6500000000e+02, 1.9400000000e+02, 5.2000000000e+01, 3.2052200000e+01, 4.1785436667e+04
 1500480600, 2.6661666667e+02, 1.9400000000e+02, 5.2000000000e+01, 3.2483633333e+01, 4.1502050000e+04
 1500480900, 2.6935000000e+02, 1.9374000000e+02, 5.2260000000e+01, 3.2820200000e+01, 4.1442916667e+04
 1500481200, 2.6500000000e+02, 1.9200000000e+02, 5.4000000000e+01, 3.3073866667e+01, 4.1486276667e+04
 1500481500, 2.6961666667e+02, 1.9569333333e+02, 5.4000000000e+01, 3.3226433333e+01, 4.1445930000e+04
 1500481800, 2.7000000000e+02, 1.9600000000e+02, 5.4000000000e+01, 3.3330833333e+01, 4.1568543333e+04
 1500482100, 2.7000000000e+02, 1.9600000000e+02, 5.4000000000e+01, 3.3390333333e+01, 4.2046593333e+04
 1500482400, 2.7000000000e+02, 1.9600000000e+02, 5.4000000000e+01, 3.3454666667e+01, 4.2010373333e+04
 1500482700, 2.6936666667e+02, 1.9574666667e+02, 5.3746666667e+01, 3.3546466667e+01, 4.2019696667e+04
 1500483000, 2.6500000000e+02, 1.9400000000e+02, 5.2000000000e+01, 3.3710233333e+01, 4.1829270000e+04
 1500483300, 2.6965000000e+02, 1.9586000000e+02, 5.3860000000e+01, 3.3849133333e+01, 4.1806380000e+04
 1500483600, 2.7000000000e+02, 1.9600000000e+02, 5.4000000000e+01, 3.3933833333e+01, 4.1967706667e+04
 1500483900, 2.6205000000e+02, 1.8858000000e+02, 5.1880000000e+01, 3.3519033333e+01, 3.6744863333e+04
 1500484200, 2.5500000000e+02, 1.8332000000e+02, 4.9340000000e+01, 3.1267900000e+01, 3.1039840000e+04
 1500484500, 2.5305000000e+02, 1.8444000000e+02, 4.7480000000e+01, 2.8048100000e+01, 2.4950390000e+04
 1500484800, 2.4000000000e+02, 1.7400000000e+02, 4.4000000000e+01, 2.5420100000e+01, 2.4831220000e+04
 1500485100, 1.9350000000e+02, 1.2750000000e+02, 4.4000000000e+01, 2.3075200000e+01, 1.9091290000e+04
 1500485400, 1.2065000000e+02, 7.2900000000e+01, 2.9400000000e+01, 1.9104200000e+01, 8.1763600000e+03
 1500485700, 8.7050000000e+01, 4.4460000000e+01, 2.2940000000e+01, 1.5179700000e+01, 7.2521700000e+03
 1500486000, 7.5050000000e+01, 3.4020000000e+01, 2.0680000000e+01, 1.2395466667e+01, 7.2592433333e+03
 1500486300, 6.5000000000e+01, 3.0000000000e+01, 1.8260000000e+01, 1.0384400000e+01, 7.2590000000e+03
 1500486600, 6.5000000000e+01, 3.0000000000e+01, 2.0000000000e+01, 8.9195000000e+00, 7.2569500000e+03
 1500486900, 6.5000000000e+01, 3.1860000000e+01, 1.8140000000e+01, 7.8597000000e+00, 7.2546000000e+03
 1500487200, 6.5000000000e+01, 3.2000000000e+01, 1.8000000000e+01, 7.0969000000e+00, 7.2585300000e+03
 1500487500, 6.5000000000e+01, 3.0940000000e+01, 1.8000000000e+01, 6.3745000000e+00, 7.2554700000e+03
 1500487800, 6.8300000000e+01, 3.1320000000e+01, 1.8660000000e+01, 5.7398000000e+00, 7.2540100000e+03
 1500488100, 7.3700000000e+01, 3.3480000000e+01, 1.9740000000e+01, 5.2833000000e+00, 7.2494300000e+03
 1500488400, 6.5000000000e+01, 3.0000000000e+01, 1.8000000000e+01, 5.0960000000e+00, 7.7775166667e+03
 1500488700, 8.3133333333e+01, 4.0880000000e+01, 2.1626666667e+01, 4.9183666667e+00, 9.3989966667e+03
 1500489000, 1.4340000000e+02, 9.3100000000e+01, 3.0760000000e+01, 5.3630000000e+00, 1.6847510000e+04
 1500489300, 1.6765000000e+02, 1.1518000000e+02, 3.4000000000e+01, 6.2927000000e+00, 1.6981860000e+04
 1500489600, 1.7000000000e+02, 1.1800000000e+02, 3.4000000000e+01, 6.9880000000e+00, 1.7016630000e+04
 1500489900, 1.7000000000e+02, 1.1800000000e+02, 3.4000000000e+01, 7.4607000000e+00, 1.7083480000e+04
 1500490200, 1.7000000000e+02, 1.1800000000e+02, 3.4000000000e+01, 7.7516000000e+00, 1.7433570000e+04
 1500490500, 1.6535000000e+02, 1.1428000000e+02, 3.4000000000e+01, 7.7746000000e+00, 1.7347100000e+04
 1500490800, 1.6500000000e+02, 1.1400000000e+02, 3.4000000000e+01, 7.7847000000e+00, 1.7374050000e+04
 1500491100, 1.6500000000e+02, 1.1400000000e+02, 3.4000000000e+01, 7.7681000000e+00, 1.7479240000e+04
 1500491400, 1.6500000000e+02, 1.1400000000e+02, 3.4000000000e+01, 7.7772000000e+00, 1.7450040000e+04
 1500491700, 1.6565000000e+02, 1.1426000000e+02, 3.4000000000e+01, 7.7680000000e+00, 1.7525290000e+04
 1500492000, 1.7000000000e+02, 1.1600000000e+02, 3.4000000000e+01, 7.7793000000e+00, 1.7702680000e+04
 1500492300, 1.6535000000e+02, 1.1414000000e+02, 3.4000000000e+01, 8.1286000000e+00, 1.8440903333e+04
 1500492600, 1.4410000000e+02, 9.4493333333e+01, 2.9820000000e+01, 9.8506666667e+00, 1.9040113333e+04
 1500492900, 1.5620000000e+02, 1.0508000000e+02, 3.1180000000e+01, 1.0952000000e+01, 2.0267770000e+04
 1500493200, 2.0440000000e+02, 1.4552000000e+02, 3.9880000000e+01, 1.3993300000e+01, 3.7224840000e+04
 1500493500, 2.6500000000e+02, 1.9400000000e+02, 5.2000000000e+01, 1.9138533333e+01, 3.9180810000e+04
 1500493800, 2.6500000000e+02, 1.9400000000e+02, 5.2000000000e+01, 2.2871766667e+01, 4.0226423333e+04
 1500494100, 2.6965000000e+02, 1.9400000000e+02, 5.2000000000e+01, 2.5581700000e+01, 4.0115443333e+04
 1500494400, 2.6635000000e+02, 1.9400000000e+02, 5.2000000000e+01, 2.7499200000e+01, 4.0272610000e+04
 1500494700, 2.6500000000e+02, 1.9400000000e+02, 5.2000000000e+01, 2.8724466667e+01, 3.7115980000e+04
 1500495000, 2.4355000000e+02, 1.7684000000e+02, 4.7380000000e+01, 2.7943400000e+01, 3.0767110000e+04
 1500495300, 2.0715000000e+02, 1.4772000000e+02, 3.9300000000e+01, 2.7032700000e+01, 3.0848680000e+04
 1500495600, 2.5500000000e+02, 1.8600000000e+02, 4.8000000000e+01, 2.7039233333e+01, 3.1359063333e+04
 1500495900, 2.4570000000e+02, 1.8042000000e+02, 4.6140000000e+01, 2.6827200000e+01, 3.1489710000e+04
 1500496200, 2.4500000000e+02, 1.8000000000e+02, 4.6000000000e+01, 2.7044033333e+01, 3.5904366667e+04
 1500496500, 2.5560000000e+02, 1.8636000000e+02, 4.8120000000e+01, 2.8519200000e+01, 3.7688246667e+04
 1500496800, 2.6500000000e+02, 1.9200000000e+02, 5.0000000000e+01, 2.9695266667e+01, 3.8078186667e+04
 1500497100, 2.6436666667e+02, 1.9200000000e+02, 5.0000000000e+01, 3.0509566667e+01, 3.7948383333e+04
 1500497400, 2.6000000000e+02, 1.9200000000e+02, 5.0000000000e+01, 3.1091233333e+01, 3.6775036667e+04
 1500497700, 2.5535000000e+02, 1.8456000000e+02, 4.8140000000e+01, 2.9962566667e+01, 3.1026520000e+04
 1500498000, 2.1850000000e+02, 1.5626000000e+02, 4.2160000000e+01, 2.8521100000e+01, 3.1001260000e+04
 1500498300, 2.3150000000e+02, 1.6720000000e+02, 4.4240000000e+01, 2.7386300000e+01, 3.1128620000e+04
 1500498600, 2.5335000000e+02, 1.8534000000e+02, 4.8000000000e+01, 2.6487200000e+01, 3.0939370000e+04
 1500498900, 2.5065000000e+02, 1.8400000000e+02, 4.8000000000e+01, 2.5835900000e+01, 3.0896240000e+04
 1500499200, 2.5500000000e+02, 1.8400000000e+02, 4.8000000000e+01, 2.5326800000e+01, 3.0903240000e+04
 1500499500, 2.5035000000e+02, 1.8400000000e+02, 4.8000000000e+01, 2.4696933333e+01, 2.5089036667e+04
 1500499800, 1.3995000000e+02, 8.8860000000e+01, 3.0960000000e+01, 2.1629200000e+01, 1.5380560000e+04
 1500500100, 9.2350000000e+01, 4.6820000000e+01, 2.4000000000e+01, 1.9170766667e+01, 1.5197273333e+04
 1500500400, 9.6133333333e+01, 4.9520000000e+01, 2.4613333333e+01, 1.7378366667e+01, 1.6655733333e+04
 1500500700, 1.0720000000e+02, 5.9760000000e+01, 2.5626666667e+01, 1.7143500000e+01, 1.7445650000e+04
 1500501000, 8.0000000000e+01, 3.8000000000e+01, 2.2000000000e+01, 1.6578266667e+01, 2.1413300000e+04
 1500501300, 2.1436666667e+02, 1.5476000000e+02, 3.8680000000e+01, 1.8554300000e+01, 2.7403650000e+04
 1500501600, 2.2863333333e+02, 1.6836000000e+02, 4.1453333333e+01, 2.0367000000e+01, 2.8725513333e+04
 1500501900, 2.3263333333e+02, 1.7210666667e+02, 4.0946666667e+01, 2.1473066667e+01, 2.8865846667e+04
 1500502200, 2.3663333333e+02, 1.7465333333e+02, 4.0653333333e+01, 2.2295000000e+01, 2.8706453333e+04
 1500502500, 2.4000000000e+02, 1.7625333333e+02, 4.2000000000e+01, 2.2962733333e+01, 2.8543946667e+04
 1500502800, 2.4000000000e+02, 1.7800000000e+02, 4.2000000000e+01, 2.3439400000e+01, 2.8491600000e+04
 1500503100, 2.4000000000e+02, 1.7800000000e+02, 4.2000000000e+01, 2.3817066667e+01, 2.8508140000e+04
 1500503400, 2.3636666667e+02, 1.7364000000e+02, 4.2000000000e+01, 2.4060800000e+01, 2.8532460000e+04
 1500503700, 2.3763333333e+02, 1.7516000000e+02, 4.2000000000e+01, 2.4166866667e+01, 2.8569720000e+04
 1500504000, 2.4000000000e+02, 1.7800000000e+02, 4.2000000000e+01, 2.4237066667e+01, 2.8549013333e+04
 1500504300, 2.3936666667e+02, 1.7749333333e+02, 4.2000000000e+01, 2.4237466667e+01, 2.8554646667e+04
 1500504600, 2.3500000000e+02, 1.7400000000e+02, 4.2000000000e+01, 2.3282733333e+01, 1.8308020000e+04
 1500504900, 1.0836666667e+02, 6.2213333333e+01, 2.6280000000e+01, 1.8849400000e+01, 8.9282466667e+03
 1500505200, 8.6366666667e+01, 4.1640000000e+01, 2.4000000000e+01, 1.4642266667e+01, 8.7537366667e+03
 1500505500, 9.0166666667e+01, 4.4133333333e+01, 2.4000000000e+01, 1.2908266667e+01, 1.4410923333e+04
 1500505800, 1.0643333333e+02, 5.9106666667e+01, 2.5306666667e+01, 1.2940133333e+01, 1.5451393333e+04
 1500506100, 1.3000000000e+02, 8.2000000000e+01, 2.8000000000e+01, 1.2997233333e+01, 1.7060220000e+04
 1500506400, 9.0000000000e+01, 4.4000000000e+01, 2.4000000000e+01, 1.3994666667e+01, 2.1227850000e+04
 1500506700, 1.9656666667e+02, 1.4222666667e+02, 3.5120000000e+01, 1.7259533333e+01, 3.3764033333e+04
 1500507000, 2.4496666667e+02, 1.8052000000e+02, 4.3266666667e+01, 2.1584066667e+01, 3.5302493333e+04
 1500507300, 2.6000000000e+02, 1.9200000000e+02, 4.6000000000e+01, 2.4681666667e+01, 3.5714993333e+04
 1500507600, 2.5836666667e+02, 1.9134666667e+02, 4.6000000000e+01, 2.6946800000e+01, 3.5574893333e+04
 1500507900, 2.5500000000e+02, 1.9000000000e+02, 4.6000000000e+01, 2.8627200000e+01, 3.5603946667e+04
 1500508200, 2.5500000000e+02, 1.9000000000e+02, 4.6000000000e+01, 2.9774433333e+01, 3.5608336667e+04
 1500508500, 2.5963333333e+02, 1.9185333333e+02, 4.6000000000e+01, 3.0639033333e+01, 3.5651273333e+04
 1500508800, 2.6000000000e+02, 1.9200000000e+02, 4.6000000000e+01, 3.1284133333e+01, 3.5753450000e+04
 1500509100, 2.5210000000e+02, 1.8673333333e+02, 4.4946666667e+01, 3.1677066667e+01, 3.5789993333e+04
 1500509400, 2.4500000000e+02, 1.8134666667e+02, 4.4000000000e+01, 3.2004766667e+01, 3.5799640000e+04
 1500509700, 2.4626666667e+02, 1.8101333333e+02, 4.4000000000e+01, 3.2212533333e+01, 3.5772340000e+04
 1500510000, 2.5500000000e+02, 1.8800000000e+02, 4.4000000000e+01, 3.2235133333e+01, 3.2452023333e+04
 1500510300, 2.4573333333e+02, 1.8244000000e+02, 4.4000000000e+01, 3.0216933333e+01, 2.5051040000e+04
 1500510600, 1.6870000000e+02, 1.1369333333e+02, 3.3826666667e+01, 2.5723933333e+01, 1.2521833333e+04
 1500510900, 1.0940000000e+02, 6.1480000000e+01, 2.4900000000e+01, 2.0029200000e+01, 8.6283000000e+03
 1500511200, 8.4966666667e+01, 3.9973333333e+01, 2.0993333333e+01, 1.6472866667e+01, 9.0396766667e+03
 1500511500, 8.6733333333e+01, 4.2040000000e+01, 2.2653333333e+01, 1.3415666667e+01, 8.7619333333e+03
 1500511800, 9.7733333333e+01, 5.3453333333e+01, 2.5773333333e+01, 1.0847400000e+01, 1.3512646667e+04
 1500512100, 2.2000000000e+02, 1.6000000000e+02, 3.8000000000e+01, 1.1472533333e+01, 2.1632693333e+04
 1500512400, 2.2926666667e+02, 1.6926666667e+02, 3.8000000000e+01, 1.2781800000e+01, 2.2317313333e+04
 1500512700, 1.2041666667e+02, 7.1813333333e+01, 2.7480000000e+01, 1.4482166667e+01, 2.2697530000e+04
 1500513000, 1.1873333333e+02, 7.1733333333e+01, 2.6000000000e+01, 1.6439000000e+01, 2.3538166667e+04
 1500513300, 1.9610000000e+02, 1.3804000000e+02, 3.7586666667e+01, 1.8699066667e+01, 3.3437440000e+04
 1500513600, 2.5676666667e+02, 1.8941333333e+02, 4.7353333333e+01, 2.2536533333e+01, 3.5195900000e+04
 1500513900, 2.5126666667e+02, 1.8501333333e+02, 4.6000000000e+01, 2.5360533333e+01, 3.5762486667e+04
 1500514200, 2.6000000000e+02, 1.9200000000e+02, 4.6000000000e+01, 2.7415733333e+01, 3.5596690000e+04
 1500514500, 2.5536666667e+02, 1.8829333333e+02, 4.6000000000e+01, 2.8915566667e+01, 3.5634643333e+04
 1500514800, 2.5863333333e+02, 1.9090666667e+02, 4.6000000000e+01, 2.9989266667e+01, 3.5690113333e+04
 1500515100, 2.6000000000e+02, 1.9304666667e+02, 4.7046666667e+01, 3.0756033333e+01, 3.5710990000e+04
 1500515400, 2.6000000000e+02, 1.9334666667e+02, 4.7346666667e+01, 3.1385566667e+01, 3.5731570000e+04
 1500515700, 2.5936666667e+02, 1.9149333333e+02, 4.6000000000e+01, 3.1815633333e+01, 3.5680960000e+04
 1500516000, 2.5500000000e+02, 1.8800000000e+02, 4.6000000000e+01, 3.0931600000e+01, 2.5586420000e+04
 1500516300, 2.2256666667e+02, 1.6576000000e+02, 3.8586666667e+01, 2.7344266667e+01, 2.1525233333e+04
 1500516600, 1.3643333333e+02, 8.8426666667e+01, 2.9280000000e+01, 2.4829133333e+01, 2.1457640000e+04
 1500516900, 1.6820000000e+02, 1.1477333333e+02, 3.2320000000e+01, 2.2774133333e+01, 2.1797346667e+04
 1500517200, 2.1520000000e+02, 1.5550666667e+02, 3.7346666667e+01, 2.1739133333e+01, 2.2513983333e+04
 1500517500, 1.6770000000e+02, 1.1373333333e+02, 3.2360000000e+01, 2.0733133333e+01, 1.9629676667e+04
 1500517800, 1.1006666667e+02, 6.2306666667e+01, 2.4760000000e+01, 1.8487400000e+01, 1.9552213333e+04
 1500518100, 1.4500000000e+02, 9.2000000000e+01, 3.0000000000e+01, 1.8373733333e+01, 2.1214680000e+04
 1500518400, 2.1450000000e+02, 1.5686666667e+02, 3.7413333333e+01, 1.7943066667e+01, 2.2190886667e+04
 1500518700, 2.3090000000e+02, 1.7217333333e+02, 3.9453333333e+01, 1.7437533333e+01, 2.2187180000e+04
 1500519000, 2.2973333333e+02, 1.6968000000e+02, 3.8946666667e+01, 1.7068733333e+01, 2.2241466667e+04
 1500519300, 1.7866666667e+02, 1.2415333333e+02, 3.2440000000e+01, 1.7302500000e+01, 2.2682466667e+04
 1500519600, 1.1873333333e+02, 7.1106666667e+01, 2.6000000000e+01, 1.8647033333e+01, 2.2993556667e+04
 1500519900, 1.2226666667e+02, 7.2280000000e+01, 2.7480000000e+01, 1.9116366667e+01, 2.6748893333e+04
 1500520200, 2.4500000000e+02, 1.8800000000e+02, 3.8000000000e+01, 2.1919266667e+01, 3.4689263333e+04
 1500520500, 2.5890000000e+02, 1.8985333333e+02, 4.5413333333e+01, 2.4891233333e+01, 3.5550256667e+04
 1500520800, 2.5636666667e+02, 1.9000000000e+02, 4.6000000000e+01, 2.7111933333e+01, 3.5737180000e+04
 1500521100, 2.5238333333e+02, 1.8790666667e+02, 4.4953333333e+01, 2.8704066667e+01, 3.5651256667e+04
 1500521400, 2.5326666667e+02, 1.8796000000e+02, 4.4653333333e+01, 2.9940600000e+01, 3.5665786667e+04
 1500521700, 2.5620000000e+02, 1.8921333333e+02, 4.5240000000e+01, 2.9616533333e+01, 2.6126740000e+04
 1500522000, 2.3000000000e+02, 1.7000000000e+02, 4.0000000000e+01, 2.6549733333e+01, 2.1326926667e+04
 1500522300, 1.3733333333e+02, 8.4746666667e+01, 3.0733333333e+01, 2.4169000000e+01, 2.1247566667e+04
 1500522600, 1.9540000000e+02, 1.3904000000e+02, 3.5813333333e+01, 2.2041133333e+01, 2.1263606667e+04
 1500522900, 1.4371666667e+02, 9.3013333333e+01, 3.0040000000e+01, 2.1064533333e+01, 2.2295373333e+04
 1500523200, 9.7500000000e+01, 5.2000000000e+01, 2.5000000000e+01, 2.1185366667e+01, 2.2976243333e+04
 1500523500, 1.3736666667e+02, 8.7160000000e+01, 2.9880000000e+01, 2.1014300000e+01, 2.8435110000e+04
 1500523800, 2.3753333333e+02, 1.7377333333e+02, 4.2506666667e+01, 2.3746100000e+01, 3.5709176667e+04
 1500524100, 2.5500000000e+02, 1.8600000000e+02, 4.6000000000e+01, 2.6052333333e+01, 3.3674343333e+04
 1500524400, 2.0403333333e+02, 1.4337333333e+02, 3.8586666667e+01, 2.4726600000e+01, 2.2750253333e+04
 1500524700, 1.6366666667e+02, 1.1093333333e+02, 3.3640000000e+01, 2.2836333333e+01, 2.2846126667e+04
 1500525000, 1.8950000000e+02, 1.3370666667e+02, 3.7266666667e+01, 2.1231400000e+01, 2.2775666667e+04
 1500525300, 1.9935000000e+02, 1.4078000000e+02, 3.8220000000e+01, 2.0245100000e+01, 2.3605096667e+04
 1500525600, 1.3823333333e+02, 8.5853333333e+01, 2.9013333333e+01, 2.0419533333e+01, 2.4077080000e+04
 1500525900, 1.9500000000e+02, 1.4000000000e+02, 3.6000000000e+01, 2.0416066667e+01, 3.1217066667e+04
 1500526200, 2.5986666667e+02, 1.9004000000e+02, 4.8973333333e+01, 2.3412900000e+01, 3.8157343333e+04
 1500526500, 2.6861666667e+02, 1.9544666667e+02, 5.1446666667e+01, 2.5973300000e+01, 3.8760683333e+04
 1500526800, 2.6736666667e+02, 1.9389333333e+02, 5.0946666667e+01, 2.7807400000e+01, 3.8726296667e+04
 1500527100, 2.6500000000e+02, 1.9264666667e+02, 5.0646666667e+01, 2.9156600000e+01, 3.8560340000e+04
 1500527400, 2.6500000000e+02, 1.9400000000e+02, 5.2000000000e+01, 3.0148366667e+01, 3.8543473333e+04
 1500527700, 2.6500000000e+02, 1.9400000000e+02, 5.2000000000e+01, 3.0864566667e+01, 3.8798783333e+04
 1500528000, 2.5573333333e+02, 1.8473333333e+02, 5.0146666667e+01, 3.0188000000e+01, 3.2694186667e+04
 1500528300, 2.5500000000e+02, 1.8400000000e+02, 5.0000000000e+01, 2.8619533333e+01, 3.2197786667e+04
 1500528600, 2.5500000000e+02, 1.8400000000e+02, 4.8946666667e+01, 2.7396333333e+01, 3.2042113333e+04
 1500528900, 2.5500000000e+02, 1.8465333333e+02, 4.8653333333e+01, 2.6375066667e+01, 3.1949580000e+04
 1500529200, 2.5500000000e+02, 1.8574666667e+02, 4.9746666667e+01, 2.5678000000e+01, 3.2168273333e+04
 1500529500, 2.5500000000e+02, 1.8400000000e+02, 4.8000000000e+01, 2.4847000000e+01, 2.7536986667e+04
 1500529800, 2.3646666667e+02, 1.7288000000e+02, 4.4293333333e+01, 2.2979133333e+01, 2.3904043333e+04
 1500530100, 2.1683333333e+02, 1.5456000000e+02, 4.1093333333e+01, 2.2001533333e+01, 2.4315486667e+04
 1500530400, 1.4433333333e+02, 9.1526666667e+01, 3.3433333333e+01, 2.1175900000e+01, 2.6108776667e+04
 1500530700, 1.8636666667e+02, 1.2730666667e+02, 3.9480000000e+01, 2.1740400000e+01, 3.5744233333e+04
 1500531000, 2.5990000000e+02, 1.8926666667e+02, 4.9306666667e+01, 2.4531733333e+01, 3.9805183333e+04
 1500531300, 2.6938333333e+02, 1.9575333333e+02, 5.2000000000e+01, 2.6871300000e+01, 3.9786400000e+04
 1500531600, 2.6500000000e+02, 1.9400000000e+02, 5.2000000000e+01, 2.8610066667e+01, 3.9659670000e+04
 1500531900, 2.6500000000e+02, 1.9585333333e+02, 5.3853333333e+01, 2.9765133333e+01, 3.8638096667e+04
 1500532200, 2.6136666667e+02, 1.9018666667e+02, 5.1093333333e+01, 2.9040733333e+01, 3.1471686667e+04
 1500532500, 2.5736666667e+02, 1.8589333333e+02, 4.8946666667e+01, 2.7571000000e+01, 2.8984153333e+04
 1500532800, 2.1781666667e+02, 1.5296000000e+02, 4.2180000000e+01, 2.4954300000e+01, 2.4116373333e+04
 1500533100, 1.5266666667e+02, 9.8893333333e+01, 3.1773333333e+01, 2.3450800000e+01, 2.4763286667e+04
 1500533400, 2.4000000000e+02, 1.7400000000e+02, 4.4000000000e+01, 2.2439166667e+01, 2.6072840000e+04
 1500533700, 2.4463333333e+02, 1.7956000000e+02, 4.4000000000e+01, 2.2890600000e+01, 3.4808560000e+04
 1500534000, 2.5946666667e+02, 1.9012666667e+02, 4.9786666667e+01, 2.5130100000e+01, 4.0071220000e+04
 1500534300, 2.6500000000e+02, 1.9400000000e+02, 5.3053333333e+01, 2.7205466667e+01, 4.0272250000e+04
 1500534600, 2.6500000000e+02, 1.9400000000e+02, 5.3346666667e+01, 2.8707033333e+01, 4.0449310000e+04
 1500534900, 2.6560000000e+02, 1.9400000000e+02, 5.2240000000e+01, 2.9810033333e+01, 4.0748556667e+04
 1500535200, 2.7000000000e+02, 1.9400000000e+02, 5.4000000000e+01, 3.0595566667e+01, 4.1323016667e+04
 1500535500, 2.6536666667e+02, 1.9029333333e+02, 5.2146666667e+01, 3.1157833333e+01, 4.1352053333e+04
 1500535800, 2.6500000000e+02, 1.9290666667e+02, 5.2000000000e+01, 3.1592066667e+01, 4.1061400000e+04
 1500536100, 2.6763333333e+02, 1.9400000000e+02, 5.2000000000e+01, 3.1878700000e+01, 4.1054343333e+04
 1500536400, 2.7000000000e+02, 1.9400000000e+02, 5.2640000000e+01, 3.2162900000e+01, 4.1362430000e+04
 1500536700, 2.7000000000e+02, 1.9400000000e+02, 5.4000000000e+01, 3.2314833333e+01, 4.1249426667e+04
 1500537000, 2.7000000000e+02, 1.9400000000e+02, 5.4000000000e+01, 3.2392033333e+01, 4.1201883333e+04
 1500537300, 2.6538333333e+02, 1.9400000000e+02, 5.4000000000e+01, 3.2490933333e+01, 4.1467636667e+04
 1500537600, 2.6500000000e+02, 1.9400000000e+02, 5.1120000000e+01, 3.2517366667e+01, 4.1348600000e+04
 1500537900, 2.6500000000e+02, 1.9295333333e+02, 5.2093333333e+01, 3.2605633333e+01, 4.1506230000e+04
 1500538200, 2.6661666667e+02, 1.9329333333e+02, 5.4000000000e+01, 3.2611566667e+01, 4.0120290000e+04
 1500538500, 2.6050000000e+02, 1.8840000000e+02, 5.2226666667e+01, 3.0765666667e+01, 3.1039440000e+04
 1500538800, 1.9500000000e+02, 1.3600000000e+02, 4.0000000000e+01, 2.7501400000e+01, 2.4665853333e+04
 1500539100, 1.9036666667e+02, 1.3044000000e+02, 4.0000000000e+01, 2.4768400000e+01, 2.4553340000e+04
 1500539400, 2.2633333333e+02, 1.6197333333e+02, 4.2906666667e+01, 2.2424933333e+01, 2.4685473333e+04
 1500539700, 2.3736666667e+02, 1.7400000000e+02, 4.4000000000e+01, 2.0541266667e+01, 2.3643300000e+04
 1500540000, 2.0233333333e+02, 1.4721333333e+02, 3.8120000000e+01, 1.7675666667e+01, 1.6209120000e+04
 1500540300, 1.3880000000e+02, 9.4533333333e+01, 2.7013333333e+01, 1.5144066667e+01, 1.6071553333e+04
 1500540600, 1.6500000000e+02, 1.1200000000e+02, 3.4000000000e+01, 1.3144733333e+01, 1.5905286667e+04
 1500540900, 1.6500000000e+02, 1.1014666667e+02, 3.4000000000e+01, 1.0697866667e+01, 7.8931600000e+03
 1500541200, 9.5966666667e+01, 5.4773333333e+01, 2.2373333333e+01, 7.9551333333e+00, 7.1791800000e+03
 1500541500, 8.0533333333e+01, 4.0320000000e+01, 2.1160000000e+01, 5.9239333333e+00, 8.1120033333e+03
 1500541800, 9.1633333333e+01, 4.7960000000e+01, 2.4000000000e+01, 4.5510666667e+00, 8.9927266667e+03
 1500542100, 9.5000000000e+01, 5.2000000000e+01, 2.4000000000e+01, 3.5886666667e+00, 8.9924933333e+03
 1500542400, 9.5000000000e+01, 5.2000000000e+01, 2.4000000000e+01, 2.8588000000e+00, 8.1984800000e+03
 1500542700, 5.7933333333e+01, 2.6053333333e+01, 1.1026666667e+01, 2.6602666667e+00, 1.2646580000e+04
 1500543000, 1.8520000000e+02, 1.3828666667e+02, 2.4466666667e+01, 7.0410000000e+00, 2.3326606667e+04
 1500543300, 2.3763333333e+02, 1.8726666667e+02, 2.8946666667e+01, 1.1102733333e+01, 2.6097060000e+04
 1500543600, 2.3346666667e+02, 1.8350666667e+02, 2.9306666667e+01, 1.4586100000e+01, 2.6225240000e+04
 1500543900, 2.1876666667e+02, 1.6526000000e+02, 3.1753333333e+01, 1.7061033333e+01, 2.6332800000e+04
 1500544200, 2.1000000000e+02, 1.6000000000e+02, 3.0000000000e+01, 1.8974766667e+01, 2.6463640000e+04
 1500544500, 2.4231666667e+02, 1.8954666667e+02, 3.1846666667e+01, 2.0544100000e+01, 2.6509596667e+04
 1500544800, 2.3420000000e+02, 1.8336000000e+02, 3.0560000000e+01, 2.1584733333e+01, 2.6530700000e+04
 1500545100, 2.3526666667e+02, 1.8737333333e+02, 2.8946666667e+01, 2.2369300000e+01, 2.6547300000e+04
 1500545400, 2.3515000000e+02, 1.8882666667e+02, 2.7353333333e+01, 2.3133866667e+01, 2.6552653333e+04
 1500545700, 2.2626666667e+02, 1.7926666667e+02, 2.6000000000e+01, 2.3321300000e+01, 2.6563020000e+04
 1500546000, 2.3500000000e+02, 1.8800000000e+02, 2.6000000000e+01, 2.3308933333e+01, 2.6617873333e+04
 1500546300, 2.4890000000e+02, 1.9541333333e+02, 3.1560000000e+01, 2.3816533333e+01, 2.6643300000e+04
 1500546600, 2.5000000000e+02, 1.9745333333e+02, 3.3453333333e+01, 2.4314466667e+01, 2.6672666667e+04
 1500546900, 2.4210000000e+02, 1.9273333333e+02, 2.9786666667e+01, 2.4473833333e+01, 2.6695266667e+04
 1500547200, 2.3826666667e+02, 1.8996000000e+02, 2.7960000000e+01, 2.4698900000e+01, 2.6717430000e+04
 1500547500, 2.4500000000e+02, 1.9424666667e+02, 3.1753333333e+01, 2.5042133333e+01, 2.6740383333e+04
 1500547800, 2.4500000000e+02, 1.9600000000e+02, 3.0000000000e+01, 2.5521733333e+01, 2.6746706667e+04
 1500548100, 2.4963333333e+02, 1.9229333333e+02, 3.5560000000e+01, 2.5280000000e+01, 2.6770473333e+04
 1500548400, 2.0276666667e+02, 1.5421333333e+02, 2.8733333333e+01, 2.4757266667e+01, 2.6777886667e+04
 1500548700, 1.4813333333e+02, 1.0418666667e+02, 2.6000000000e+01, 2.5026400000e+01, 2.6788846667e+04
 1500549000, 1.1663333333e+02, 7.2653333333e+01, 2.6653333333e+01, 2.5371000000e+01, 2.6800230000e+04
 1500549300, 1.3520000000e+02, 8.8946666667e+01, 2.8506666667e+01, 2.3635933333e+01, 2.6872793333e+04
 1500549600, 2.4000000000e+02, 1.9200000000e+02, 3.2000000000e+01, 2.4383800000e+01, 2.6902723333e+04
 1500549900, 2.3538333333e+02, 1.8830666667e+02, 2.8306666667e+01, 2.4861133333e+01, 2.6909483333e+04
 1500550200, 1.4780000000e+02, 1.0370666667e+02, 2.6546666667e+01, 2.4809266667e+01, 2.6925100000e+04
 1500550500, 1.8083333333e+02, 1.3520000000e+02, 2.7053333333e+01, 2.5375966667e+01, 2.6955633333e+04
 1500550800, 2.4163333333e+02, 1.9396000000e+02, 2.8653333333e+01, 2.5544000000e+01, 2.6975950000e+04
 1500551100, 2.4500000000e+02, 1.9750666667e+02, 3.0246666667e+01, 2.5782866667e+01, 2.6987226667e+04
 1500551400, 2.4500000000e+02, 1.9400000000e+02, 3.2000000000e+01, 2.6125766667e+01, 2.6993000000e+04
 1500551700, 1.2916666667e+02, 8.0946666667e+01, 2.8293333333e+01, 2.5800166667e+01, 2.6997406667e+04
 1500552000, 1.9630000000e+02, 1.4902666667e+02, 2.6546666667e+01, 2.6248133333e+01, 2.7004053333e+04
 1500552300, 2.3546666667e+02, 1.8742000000e+02, 2.8093333333e+01, 2.6732500000e+01, 2.7008970000e+04
 1500552600, 2.4336666667e+02, 1.9534666667e+02, 2.9346666667e+01, 2.6217600000e+01, 2.7013180000e+04
 1500552900, 2.2416666667e+02, 1.7854666667e+02, 2.7746666667e+01, 2.6458533333e+01, 2.7016483333e+04
 1500553200, 1.1500000000e+02, 7.2000000000e+01, 2.6000000000e+01, 2.5839733333e+01, 2.7020780000e+04
 1500553500, 2.3546666667e+02, 1.8690666667e+02, 2.9706666667e+01, 2.6126633333e+01, 2.7032680000e+04
 1500553800, 2.4136666667e+02, 1.9309333333e+02, 3.0000000000e+01, 2.6615200000e+01, 2.7043006667e+04
 1500554100, 2.2946666667e+02, 1.8146666667e+02, 3.0000000000e+01, 2.6102533333e+01, 2.7056606667e+04
 1500554400, 1.8733333333e+02, 1.3998666667e+02, 3.0000000000e+01, 2.6577933333e+01, 2.7076306667e+04
 1500554700, 1.3583333333e+02, 8.9706666667e+01, 2.9746666667e+01, 2.6565866667e+01, 2.7102886667e+04
 1500555000, 2.4500000000e+02, 1.9800000000e+02, 2.8000000000e+01, 2.6285733333e+01, 2.7116776667e+04
 1500555300, 2.4500000000e+02, 1.9244000000e+02, 3.1706666667e+01, 2.6894133333e+01, 2.7120106667e+04
 1500555600, 2.4500000000e+02, 1.9344666667e+02, 2.9106666667e+01, 2.6304600000e+01, 2.7124406667e+04
 1500555900, 1.7916666667e+02, 1.3080000000e+02, 2.8000000000e+01, 2.6239000000e+01, 2.7130180000e+04
 1500556200, 1.5008333333e+02, 1.0440000000e+02, 2.9900000000e+01, 2.6640033333e+01, 2.7134306667e+04
 1500556500, 2.1816666667e+02, 1.7253333333e+02, 3.3493333333e+01, 2.6190666667e+01, 2.7137646667e+04
 1500556800, 2.4000000000e+02, 1.9000000000e+02, 3.0000000000e+01, 2.6071400000e+01, 2.7142250000e+04
 1500557100, 1.9830000000e+02, 1.5108000000e+02, 3.0000000000e+01, 2.6647466667e+01, 2.7145623333e+04
 1500557400, 1.3686666667e+02, 9.2773333333e+01, 2.7093333333e+01, 2.5674400000e+01, 2.7156446667e+04
 1500557700, 1.6240000000e+02, 1.1624000000e+02, 2.8106666667e+01, 2.4212066667e+01, 2.7161306667e+04
 1500558000, 2.1970000000e+02, 1.6972000000e+02, 3.0653333333e+01, 2.4091133333e+01, 2.7171680000e+04
 1500558300, 2.3290000000e+02, 1.8204000000e+02, 3.1240000000e+01, 2.3596666667e+01, 2.7185030000e+04
 1500558600, 1.1500000000e+02, 7.2000000000e+01, 2.6000000000e+01, 2.3268733333e+01, 2.7188693333e+04
 1500558900, 2.3546666667e+02, 1.8320000000e+02, 3.3413333333e+01, 2.3143733333e+01, 2.7192306667e+04
 1500559200, 2.3410000000e+02, 1.8182666667e+02, 3.4000000000e+01, 2.3264033333e+01, 2.7198633333e+04
 1500559500, 1.6943333333e+02, 1.2217333333e+02, 2.9786666667e+01, 2.3185200000e+01, 2.7205393333e+04
 1500559800, 1.5093333333e+02, 1.0728000000e+02, 2.7306666667e+01, 2.3319733333e+01, 2.7216086667e+04
 1500560100, 2.2753333333e+02, 1.8152000000e+02, 3.0506666667e+01, 2.3378466667e+01, 2.7221720000e+04
 1500560400, 2.4500000000e+02, 1.9200000000e+02, 3.4000000000e+01, 2.3330333333e+01, 2.7227506667e+04
 1500560700, 1.2453333333e+02, 8.0800000000e+01, 2.6586666667e+01, 2.3213133333e+01, 2.7231160000e+04
 1500561000, 2.0946666667e+02, 1.5920000000e+02, 3.1813333333e+01, 2.3171533333e+01, 2.7237346667e+04
 1500561300, 2.4500000000e+02, 1.9094666667e+02, 3.4000000000e+01, 2.3216000000e+01, 2.7240970000e+04
 1500561600, 2.0253333333e+02, 1.5145333333e+02, 3.2040000000e+01, 2.3221933333e+01, 2.7247436667e+04
 1500561900, 1.2640000000e+02, 8.2640000000e+01, 2.8253333333e+01, 2.3002866667e+01, 2.7269386667e+04
 1500562200, 2.0500000000e+02, 1.5600000000e+02, 3.0000000000e+01, 2.3189700000e+01, 2.7288500000e+04
 1500562500, 2.2353333333e+02, 1.7824000000e+02, 2.8146666667e+01, 2.3447866667e+01, 2.7294686667e+04
 1500562800, 2.3226666667e+02, 1.8000000000e+02, 3.3813333333e+01, 2.3534266667e+01, 2.7299693333e+04
 1500563100, 2.3238333333e+02, 1.8104666667e+02, 3.1813333333e+01, 2.3668933333e+01, 2.7304953333e+04
 1500563400, 2.2183333333e+02, 1.7285333333e+02, 2.8653333333e+01, 2.3643400000e+01, 2.7310813333e+04
 1500563700, 2.1006666667e+02, 1.5906666667e+02, 3.0506666667e+01, 2.3504400000e+01, 2.7315953333e+04
 1500564000, 2.4500000000e+02, 1.9400000000e+02, 3.4000000000e+01, 2.3489933333e+01, 2.7320780000e+04
 1500564300, 1.2453333333e+02, 8.0946666667e+01, 2.8440000000e+01, 2.3255933333e+01, 2.7325086667e+04
 1500564600, 2.0946666667e+02, 1.6065333333e+02, 2.9453333333e+01, 2.3367533333e+01, 2.7330780000e+04
 1500564900, 2.2930000000e+02, 1.7934666667e+02, 3.0000000000e+01, 2.3217900000e+01, 2.7335173333e+04
 1500565200, 1.8396666667e+02, 1.3594666667e+02, 3.0000000000e+01, 2.3362000000e+01, 2.7339906667e+04
 1500565500, 1.1936666667e+02, 7.3746666667e+01, 2.9240000000e+01, 2.3046566667e+01, 2.7349350000e+04
 1500565800, 1.1500000000e+02, 7.2000000000e+01, 2.4000000000e+01, 2.1443700000e+01, 2.7380356667e+04
 1500566100, 2.2620000000e+02, 1.8320000000e+02, 2.7706666667e+01, 2.1783466667e+01, 2.7387233333e+04
 1500566400, 2.3863333333e+02, 1.9200000000e+02, 3.0906666667e+01, 2.2373733333e+01, 2.7390706667e+04
 1500566700, 2.4523333333e+02, 1.9723333333e+02, 2.9906666667e+01, 2.2993000000e+01, 2.7395243333e+04
 1500567000, 2.3868333333e+02, 1.9036000000e+02, 2.8646666667e+01, 2.3347233333e+01, 2.7399160000e+04
 1500567300, 2.1563333333e+02, 1.6676000000e+02, 2.9746666667e+01, 2.3306400000e+01, 2.7401780000e+04
 1500567600, 2.2000000000e+02, 1.7200000000e+02, 2.8000000000e+01, 2.3433733333e+01, 2.7405380000e+04
 1500567900, 1.8293333333e+02, 1.3308000000e+02, 2.9853333333e+01, 2.3331866667e+01, 2.7412760000e+04
 1500568200, 2.0906666667e+02, 1.5906666667e+02, 3.2906666667e+01, 2.3798466667e+01, 2.7417033333e+04
 1500568500, 2.3308333333e+02, 1.7523333333e+02, 3.4000000000e+01, 2.4177033333e+01, 2.7427646667e+04
 1500568800, 2.4663333333e+02, 1.8522666667e+02, 3.4653333333e+01, 2.4276700000e+01, 2.7439680000e+04
 1500569100, 2.4936666667e+02, 1.9625333333e+02, 3.4986666667e+01, 2.4404700000e+01, 2.7445800000e+04
 1500569400, 2.4500000000e+02, 1.9800000000e+02, 2.8000000000e+01, 2.4541533333e+01, 2.7449433333e+04
 1500569700, 2.4500000000e+02, 1.9429333333e+02, 3.1706666667e+01, 2.4336866667e+01, 2.7455246667e+04
 1500570000, 2.1956666667e+02, 1.6929333333e+02, 3.0546666667e+01, 2.4324666667e+01, 2.7468766667e+04
 1500570300, 1.6260000000e+02, 1.1470666667e+02, 2.8946666667e+01, 2.4573733333e+01, 2.7476920000e+04
 1500570600, 1.1836666667e+02, 7.3346666667e+01, 2.7346666667e+01, 2.4915466667e+01, 2.7481420000e+04
 1500570900, 1.3041666667e+02, 8.7046666667e+01, 2.6493333333e+01, 2.4895233333e+01, 2.7482630000e+04
 1500571200, 2.4000000000e+02, 1.9400000000e+02, 3.0000000000e+01, 2.4821666667e+01, 2.7489920000e+04
 1500571500, 2.4463333333e+02, 1.9214666667e+02, 3.3706666667e+01, 2.4657800000e+01, 2.7496633333e+04
 1500571800, 2.4136666667e+02, 1.9200000000e+02, 2.9640000000e+01, 2.4863466667e+01, 2.7502726667e+04
 1500572100, 2.4526666667e+02, 1.9305333333e+02, 3.1160000000e+01, 2.4833200000e+01, 2.7507646667e+04
 1500572400, 2.0590000000e+02, 1.5414666667e+02, 3.0733333333e+01, 2.0783933333e+01, 2.7505133333e+04
 1500572700, 1.2795000000e+02, 8.4580000000e+01, 2.4493333333e+01, 2.0869066667e+01, 2.7504893333e+04
 1500573000, 2.2000000000e+02, 1.7400000000e+02, 2.8000000000e+01, 2.2027700000e+01, 2.7509596667e+04
 1500573300, 2.3853333333e+02, 1.8882666667e+02, 3.3560000000e+01, 2.3139666667e+01, 2.7516380000e+04
 1500573600, 2.3276666667e+02, 1.7987333333e+02, 3.4000000000e+01, 2.3575800000e+01, 2.7511450000e+04
 1500573900, 2.3785000000e+02, 1.8646666667e+02, 3.1906666667e+01, 2.4069033333e+01, 2.7526483333e+04
 1500574200, 2.3356666667e+02, 1.8489333333e+02, 2.9346666667e+01, 2.4380933333e+01, 2.7512686667e+04
 1500574500, 2.0815000000e+02, 1.6002666667e+02, 2.8000000000e+01, 2.2291000000e+01, 2.7537383333e+04
 1500574800, 1.9500000000e+02, 1.4600000000e+02, 2.8000000000e+01, 2.1748800000e+01, 2.7537666667e+04
 1500575100, 1.8110000000e+02, 1.3117333333e+02, 2.9853333333e+01, 2.2460333333e+01, 2.7541730000e+04
 1500575400, 1.3276666667e+02, 8.9306666667e+01, 2.7093333333e+01, 2.3276600000e+01, 2.7546233333e+04
 1500575700, 1.1500000000e+02, 7.4000000000e+01, 2.6000000000e+01, 2.3977866667e+01, 2.7550306667e+04
 1500576000, 1.5583333333e+02, 1.1254666667e+02, 2.7306666667e+01, 2.3970000000e+01, 2.7555360000e+04
 1500576300, 2.4000000000e+02, 1.8972000000e+02, 2.9746666667e+01, 2.4172666667e+01, 2.7558980000e+04
 1500576600, 2.4000000000e+02, 1.7400000000e+02, 2.8000000000e+01, 2.4635466667e+01, 2.7563890000e+04
 1500576900, 2.3536666667e+02, 1.8882666667e+02, 2.9853333333e+01, 2.4906066667e+01, 2.7569506667e+04
 1500577200, 2.4226666667e+02, 1.9290666667e+02, 3.1453333333e+01, 2.5300000000e+01, 2.7571060000e+04
 1500577500, 2.4236666667e+02, 1.9189333333e+02, 3.2000000000e+01, 2.5633866667e+01, 2.7570160000e+04
 1500577800, 2.4163333333e+02, 1.9196000000e+02, 3.1346666667e+01, 2.5411366667e+01, 2.7574100000e+04
 1500578100, 2.4500000000e+02, 1.9625333333e+02, 3.0253333333e+01, 2.5347733333e+01, 2.7573513333e+04
 1500578400, 2.4500000000e+02, 1.9800000000e+02, 3.2000000000e+01, 2.5581266667e+01, 2.7583776667e+04
 1500578700, 2.4500000000e+02, 1.9429333333e+02, 3.2000000000e+01, 2.5582400000e+01, 2.7592306667e+04
 1500579000, 2.4500000000e+02, 1.9545333333e+02, 3.0546666667e+01, 2.5777066667e+01, 2.7595866667e+04
 1500579300, 2.4236666667e+02, 1.9494666667e+02, 2.8946666667e+01, 2.5770366667e+01, 2.7601046667e+04
 1500579600, 2.0080000000e+02, 1.5545333333e+02, 2.7346666667e+01, 2.5602033333e+01, 2.7617490000e+04
 1500579900, 1.2000000000e+02, 7.5493333333e+01, 2.6253333333e+01, 2.5211900000e+01, 2.7628700000e+04
 1500580200, 1.2000000000e+02, 7.2000000000e+01, 2.8000000000e+01, 2.5217366667e+01, 2.7633306667e+04
 1500580500, 2.3120000000e+02, 1.8320000000e+02, 2.9853333333e+01, 2.4826000000e+01, 2.7637086667e+04
 1500580800, 2.4361666667e+02, 1.9489333333e+02, 2.8553333333e+01, 2.4791800000e+01, 2.7640826667e+04
 1500581100, 2.4763333333e+02, 1.9705333333e+02, 3.0106666667e+01, 2.4775333333e+01, 2.7644906667e+04
 1500581400, 2.4676666667e+02, 1.9347333333e+02, 3.3293333333e+01, 2.4648533333e+01, 2.7654993333e+04
 1500581700, 2.4000000000e+02, 1.8520000000e+02, 3.5280000000e+01, 2.4631600000e+01, 2.7662820000e+04
 1500582000, 2.4000000000e+02, 1.9400000000e+02, 3.0000000000e+01, 2.4627233333e+01, 2.7667900000e+04
 1500582300, 2.4463333333e+02, 1.9770666667e+02, 3.0000000000e+01, 2.4937033333e+01, 2.7672366667e+04
 1500582600, 2.4500000000e+02, 1.9800000000e+02, 3.0000000000e+01, 2.4672266667e+01, 2.7679193333e+04
 1500582900, 2.2656666667e+02, 1.8009333333e+02, 3.0000000000e+01, 2.4449533333e+01, 2.7685526667e+04
 1500583200, 2.0346666667e+02, 1.5616000000e+02, 3.0000000000e+01, 2.4530866667e+01, 2.7687886667e+04
 1500583500, 1.8113333333e+02, 1.3164000000e+02, 2.9493333333e+01, 2.4373400000e+01, 2.7692906667e+04
 1500583800, 1.2000000000e+02, 7.4000000000e+01, 2.6000000000e+01, 2.4013700000e+01, 2.7697430000e+04
 1500584100, 1.2000000000e+02, 7.4000000000e+01, 2.9706666667e+01, 2.3690866667e+01, 2.7702300000e+04
 1500584400, 1.7086666667e+02, 1.2196000000e+02, 3.1453333333e+01, 2.3242633333e+01, 2.7724786667e+04
 1500584700, 2.0580000000e+02, 1.5264000000e+02, 3.3053333333e+01, 2.2389466667e+01, 2.7732253333e+04
 1500585000, 2.1183333333e+02, 1.5942666667e+02, 3.2693333333e+01, 2.2853666667e+01, 2.7735400000e+04
 1500585300, 2.0196666667e+02, 1.5633333333e+02, 2.9746666667e+01, 2.3629933333e+01, 2.7739033333e+04
 1500585600, 2.5000000000e+02, 2.0000000000e+02, 2.8000000000e+01, 2.4439800000e+01, 2.7742433333e+04
 1500585900, 1.2490000000e+02, 8.1386666667e+01, 2.6146666667e+01, 2.4443133333e+01, 2.7745560000e+04
 1500586200, 1.1863333333e+02, 7.3453333333e+01, 2.7453333333e+01, 2.4441466667e+01, 2.7754273333e+04
 1500586500, 1.7793333333e+02, 1.2772000000e+02, 3.1160000000e+01, 2.4292566667e+01, 2.7752683333e+04
 1500586800, 2.2020000000e+02, 1.6620000000e+02, 3.4000000000e+01, 2.4471733333e+01, 2.7757506667e+04
 1500587100, 2.0555000000e+02, 1.5216666667e+02, 3.3506666667e+01, 2.4360166667e+01, 2.7774613333e+04
 1500587400, 2.4500000000e+02, 1.9600000000e+02, 3.0000000000e+01, 2.4429166667e+01, 2.7788160000e+04
 1500587700, 2.4500000000e+02, 1.9600000000e+02, 2.8146666667e+01, 2.4946166667e+01, 2.7796550000e+04
 1500588000, 2.4500000000e+02, 1.9454666667e+02, 2.9453333333e+01, 2.5219166667e+01, 2.7821450000e+04
 1500588300, 2.3710000000e+02, 1.8346666667e+02, 3.3160000000e+01, 2.4624200000e+01, 2.7826853333e+04
 1500588600, 2.2673333333e+02, 1.7530666667e+02, 3.2733333333e+01, 2.4413000000e+01, 2.7828893333e+04
 1500588900, 2.0670000000e+02, 1.6457333333e+02, 2.6000000000e+01, 2.4721533333e+01, 2.7832183333e+04
 1500589200, 1.1500000000e+02, 7.2000000000e+01, 2.6000000000e+01, 2.4791066667e+01, 2.7834826667e+04
 1500589500, 2.0271666667e+02, 1.5325333333e+02, 2.9693333333e+01, 2.4752633333e+01, 2.7839206667e+04
 1500589800, 2.2453333333e+02, 1.7744000000e+02, 2.8546666667e+01, 2.5148600000e+01, 2.7847346667e+04
 1500590100, 2.3263333333e+02, 1.8821333333e+02, 2.8000000000e+01, 2.4720866667e+01, 2.7870260000e+04
 1500590400, 2.0428333333e+02, 1.6096000000e+02, 2.7353333333e+01, 2.4776766667e+01, 2.7902863333e+04
 1500590700, 1.3746666667e+02, 9.3213333333e+01, 2.6000000000e+01, 2.5181866667e+01, 2.7908306667e+04
 1500591000, 1.2000000000e+02, 7.4000000000e+01, 2.6000000000e+01, 2.4944833333e+01, 2.7913786667e+04
 1500591300, 2.3080000000e+02, 1.8295333333e+02, 2.9693333333e+01, 2.4966633333e+01, 2.7916763333e+04
 1500591600, 2.4000000000e+02, 1.9345333333e+02, 3.0000000000e+01, 2.5572200000e+01, 2.7919686667e+04
 1500591900, 2.3736666667e+02, 1.8978666667e+02, 3.0000000000e+01, 2.5434833333e+01, 2.7922076667e+04
 1500592200, 1.9580000000e+02, 1.4876000000e+02, 2.8693333333e+01, 2.5589866667e+01, 2.7926706667e+04
 1500592500, 1.2576666667e+02, 8.2133333333e+01, 2.6506666667e+01, 2.5752466667e+01, 2.7928906667e+04
 1500592800, 2.0000000000e+02, 1.5200000000e+02, 3.0000000000e+01, 2.5266333333e+01, 2.7938386667e+04
 1500593100, 2.3706666667e+02, 1.8721333333e+02, 3.0000000000e+01, 2.5941066667e+01, 2.7958266667e+04
 1500593400, 2.4000000000e+02, 1.9145333333e+02, 3.0000000000e+01, 2.5508733333e+01, 2.7964506667e+04
 1500593700, 1.7680000000e+02, 1.3090666667e+02, 2.7893333333e+01, 2.5493466667e+01, 2.7974016667e+04
 1500594000, 1.5920000000e+02, 1.1454666667e+02, 2.6653333333e+01, 2.5715133333e+01, 2.7979850000e+04
 1500594300, 2.4063333333e+02, 1.9450666667e+02, 2.8253333333e+01, 2.5125266667e+01, 2.7980380000e+04
 1500594600, 2.4500000000e+02, 1.9800000000e+02, 3.0000000000e+01, 2.5281166667e+01, 2.7983526667e+04
 1500594900, 2.4036666667e+02, 1.9244000000e+02, 3.0000000000e+01, 2.5359733333e+01, 2.7985453333e+04
 1500595200, 2.4000000000e+02, 1.9345333333e+02, 2.8546666667e+01, 2.5176200000e+01, 2.7989360000e+04
 1500595500, 2.2168333333e+02, 1.7620666667e+02, 2.8000000000e+01, 2.5492066667e+01, 2.7993430000e+04
 1500595800, 2.1806666667e+02, 1.7176000000e+02, 2.8653333333e+01, 2.5032866667e+01, 2.7995786667e+04
 1500596100, 2.4500000000e+02, 1.9600000000e+02, 3.0000000000e+01, 2.5554133333e+01, 2.7999940000e+04
 1500596400, 2.4310000000e+02, 1.9422666667e+02, 2.9746666667e+01, 2.5478066667e+01, 2.8002510000e+04
 1500596700, 2.3000000000e+02, 1.8200000000e+02, 2.8000000000e+01, 2.5974733333e+01, 2.8006380000e+04
 1500597000, 1.9293333333e+02, 1.4493333333e+02, 2.9853333333e+01, 2.6364066667e+01, 2.8007433333e+04
 1500597300, 2.2633333333e+02, 1.7833333333e+02, 3.1453333333e+01, 2.5725033333e+01, 2.8119530000e+04
 1500597600, 1.7416666667e+02, 1.2880000000e+02, 2.7786666667e+01, 2.2781933333e+01, 2.8133620000e+04
 1500597900, 1.5380000000e+02, 1.1015333333e+02, 2.5293333333e+01, 2.3610566667e+01, 2.8133103333e+04
 1500598200, 2.3440000000e+02, 1.8952000000e+02, 2.8000000000e+01, 2.4114666667e+01, 2.8136363333e+04
 1500598500, 2.3000000000e+02, 1.8600000000e+02, 2.8000000000e+01, 2.5398533333e+01, 2.8141986667e+04
 1500598800, 1.2806666667e+02, 8.2213333333e+01, 2.9853333333e+01, 2.5231400000e+01, 2.8157746667e+04
 1500599100, 2.1083333333e+02, 1.6120000000e+02, 3.0000000000e+01, 2.6205733333e+01, 2.8162920000e+04
 1500599400, 2.4500000000e+02, 1.9610666667e+02, 2.8946666667e+01, 2.4941166667e+01, 2.8167346667e+04
 1500599700, 2.2703333333e+02, 1.7774666667e+02, 2.9960000000e+01, 2.5743566667e+01, 2.8170256667e+04
 1500600000, 1.8873333333e+02, 1.3600000000e+02, 3.3240000000e+01, 2.5264866667e+01, 2.8178673333e+04
 1500600300, 1.8000000000e+02, 1.3600000000e+02, 2.8000000000e+01, 2.6220733333e+01, 2.8181286667e+04
 1500600600, 2.4023333333e+02, 1.8974666667e+02, 3.1706666667e+01, 2.5898733333e+01, 2.8185700000e+04
 1500600900, 2.4136666667e+02, 1.8964000000e+02, 3.3453333333e+01, 2.6879000000e+01, 2.8189980000e+04
 1500601200, 2.1645000000e+02, 1.6811333333e+02, 2.9813333333e+01, 2.6478866667e+01, 2.8193426667e+04
 1500601500, 2.1133333333e+02, 1.6437333333e+02, 2.7306666667e+01, 2.7071700000e+01, 2.8196816667e+04
 1500601800, 2.4438333333e+02, 1.9424666667e+02, 2.9506666667e+01, 2.6998533333e+01, 2.8202376667e+04
 1500602100, 2.4000000000e+02, 1.9600000000e+02, 2.6000000000e+01, 2.7308733333e+01, 2.8204820000e+04
 1500602400, 2.3536666667e+02, 1.9044000000e+02, 2.9706666667e+01, 2.7423466667e+01, 2.8209633333e+04
 1500602700, 2.3863333333e+02, 1.9145333333e+02, 2.8546666667e+01, 2.6681700000e+01, 2.8210443333e+04
 1500603000, 2.4000000000e+02, 1.9305333333e+02, 2.9053333333e+01, 2.7376266667e+01, 2.8219896667e+04
 1500603300, 2.4163333333e+02, 1.9334666667e+02, 3.1960000000e+01, 2.7104233333e+01, 2.8235243333e+04
 1500603600, 2.3883333333e+02, 1.8632666667e+02, 3.5260000000e+01, 2.7881700000e+01, 2.8259316667e+04
 1500603900, 1.9500000000e+02, 1.4600000000e+02, 3.0000000000e+01, 2.6853800000e+01, 2.8284686667e+04
 1500604200, 2.4133333333e+02, 1.9233333333e+02, 3.1853333333e+01, 2.7564600000e+01, 2.8299283333e+04
 1500604500, 2.3773333333e+02, 1.8001333333e+02, 2.7640000000e+01, 2.7009500000e+01, 2.8319646667e+04
 1500604800, 2.4026666667e+02, 1.8558666667e+02, 2.9160000000e+01, 2.7142300000e+01, 2.8324446667e+04
 1500605100, 2.0253333333e+02, 1.5549333333e+02, 3.0040000000e+01, 2.7076266667e+01, 2.8327160000e+04
 1500605400, 1.3020000000e+02, 8.6946666667e+01, 2.6253333333e+01, 2.7021833333e+01, 2.8373383333e+04
 1500605700, 2.3500000000e+02, 1.9000000000e+02, 2.8000000000e+01, 2.7525400000e+01, 2.8380853333e+04
 1500606000, 2.2573333333e+02, 1.8073333333e+02, 2.8000000000e+01, 2.7039400000e+01, 2.8385413333e+04
 1500606300, 2.3953333333e+02, 1.9017333333e+02, 3.0906666667e+01, 2.7816133333e+01, 2.8389780000e+04
 1500606600, 2.1098333333e+02, 1.6155333333e+02, 3.0953333333e+01, 2.6967033333e+01, 2.8397883333e+04
 1500606900, 2.0123333333e+02, 1.5160000000e+02, 3.0653333333e+01, 2.7273100000e+01, 2.8401463333e+04
 1500607200, 2.4280000000e+02, 1.9046000000e+02, 3.1340000000e+01, 2.6514100000e+01, 2.8433696667e+04
 1500607500, 2.2500000000e+02, 1.7800000000e+02, 2.6000000000e+01, 2.6194000000e+01, 2.8458150000e+04
 1500607800, 2.1110000000e+02, 1.5761333333e+02, 3.3413333333e+01, 2.6638066667e+01, 2.8462833333e+04
 1500608100, 2.2453333333e+02, 1.7780000000e+02, 2.8186666667e+01, 2.6083866667e+01, 2.8464800000e+04
 1500608400, 2.3526666667e+02, 1.8916000000e+02, 2.8106666667e+01, 2.7216800000e+01, 2.8471206667e+04
 1500608700, 2.3673333333e+02, 1.9004000000e+02, 2.8693333333e+01, 2.6314933333e+01, 2.8485906667e+04
 1500609000, 2.2746666667e+02, 1.8245333333e+02, 2.6760000000e+01, 2.6939800000e+01, 2.8489173333e+04
 1500609300, 2.1000000000e+02, 1.5800000000e+02, 3.2000000000e+01, 2.6488133333e+01, 2.8493053333e+04
 1500609600, 2.2390000000e+02, 1.7653333333e+02, 2.6440000000e+01, 2.7035966667e+01, 2.8495893333e+04
 1500609900, 2.0683333333e+02, 1.6056000000e+02, 2.7453333333e+01, 2.6836400000e+01, 2.8501636667e+04
 1500610200, 2.1843333333e+02, 1.7190666667e+02, 2.6946666667e+01, 2.6505233333e+01, 2.8505640000e+04
 1500610500, 1.9743333333e+02, 1.5076000000e+02, 2.6653333333e+01, 2.6748333333e+01, 2.8513046667e+04
 1500610800, 1.3480000000e+02, 8.8553333333e+01, 2.8000000000e+01, 2.6533800000e+01, 2.8521103333e+04
 1500611100, 2.4000000000e+02, 1.9200000000e+02, 2.8000000000e+01, 2.7058633333e+01, 2.8524733333e+04
 1500611400, 2.4000000000e+02, 1.9200000000e+02, 2.8000000000e+01, 2.6572266667e+01, 2.8527836667e+04
 1500611700, 2.4726666667e+02, 1.9636000000e+02, 3.0906666667e+01, 2.7511000000e+01, 2.8532360000e+04
 1500612000, 2.4736666667e+02, 1.9484000000e+02, 3.2000000000e+01, 2.6836600000e+01, 2.8533873333e+04
 1500612300, 2.4336666667e+02, 1.9330666667e+02, 3.0693333333e+01, 2.7315900000e+01, 2.8538353333e+04
 1500612600, 2.3691666667e+02, 1.9279333333e+02, 2.7753333333e+01, 2.6775200000e+01, 2.8542890000e+04
 1500612900, 2.1500000000e+02, 1.7000000000e+02, 2.6000000000e+01, 2.6958400000e+01, 2.8547783333e+04
 1500613200, 2.4743333333e+02, 1.9409333333e+02, 3.3413333333e+01, 2.6886333333e+01, 2.8550770000e+04
 1500613500, 2.3183333333e+02, 1.8582666667e+02, 2.9640000000e+01, 2.6517666667e+01, 2.8552896667e+04
 1500613800, 2.3290000000e+02, 1.8726666667e+02, 2.9053333333e+01, 2.6817233333e+01, 2.8557056667e+04
 1500614100, 2.4000000000e+02, 1.9265333333e+02, 2.8693333333e+01, 2.6317666667e+01, 2.8559106667e+04
 1500614400, 2.3430000000e+02, 1.8792000000e+02, 2.6506666667e+01, 2.7001800000e+01, 2.8564340000e+04
 1500614700, 1.9500000000e+02, 1.4600000000e+02, 3.0000000000e+01, 2.6391466667e+01, 2.8565946667e+04
 1500615000, 1.9036666667e+02, 1.3858666667e+02, 3.1853333333e+01, 2.7617466667e+01, 2.8571150000e+04
 1500615300, 2.2996666667e+02, 1.7869333333e+02, 3.2000000000e+01, 2.7126700000e+01, 2.8576270000e+04
 1500615600, 2.4500000000e+02, 1.9400000000e+02, 3.0946666667e+01, 2.7384133333e+01, 2.8579813333e+04
 1500615900, 2.0416666667e+02, 1.5414666667e+02, 2.9346666667e+01, 2.7112600000e+01, 2.8582713333e+04
 1500616200, 1.3520000000e+02, 8.7706666667e+01, 2.8000000000e+01, 2.6869133333e+01, 2.8584180000e+04
 1500616500, 2.4000000000e+02, 1.9600000000e+02, 2.8000000000e+01, 2.7470533333e+01, 2.8589286667e+04
 1500616800, 1.5260000000e+02, 1.0952000000e+02, 2.6160000000e+01, 2.5442333333e+01, 2.8596406667e+04
 1500617100, 1.2320000000e+02, 8.0200000000e+01, 2.4546666667e+01, 2.2640733333e+01, 2.8600200000e+04
 1500617400, 1.6503333333e+02, 1.1940000000e+02, 2.6106666667e+01, 2.4182800000e+01, 2.8601380000e+04
 1500617700, 1.9693333333e+02, 1.5024000000e+02, 2.8000000000e+01, 2.4520866667e+01, 2.8616480000e+04
 1500618000, 1.7950000000e+02, 1.3537333333e+02, 2.8000000000e+01, 2.5320266667e+01, 2.8623506667e+04
 1500618300, 2.4500000000e+02, 2.0000000000e+02, 2.8000000000e+01, 2.5838733333e+01, 2.8629193333e+04
 1500618600, 2.4036666667e+02, 1.9629333333e+02, 2.6146666667e+01, 2.5768133333e+01, 2.8632110000e+04
 1500618900, 2.0730000000e+02, 1.6402666667e+02, 2.7453333333e+01, 2.6474200000e+01, 2.8635740000e+04
 1500619200, 2.0553333333e+02, 1.6042666667e+02, 2.9053333333e+01, 2.6059133333e+01, 2.8638870000e+04
 1500619500, 2.2480000000e+02, 1.7714666667e+02, 3.0000000000e+01, 2.6791600000e+01, 2.8642836667e+04
 1500619800, 2.4376666667e+02, 1.9526000000e+02, 3.0000000000e+01, 2.6621233333e+01, 2.8647376667e+04
 1500620100, 2.3500000000e+02, 1.9000000000e+02, 3.0000000000e+01, 2.6987333333e+01, 2.8649760000e+04
 1500620400, 2.3963333333e+02, 1.9185333333e+02, 3.0000000000e+01, 2.7387066667e+01, 2.8657613333e+04
 1500620700, 2.4000000000e+02, 1.9054666667e+02, 3.0000000000e+01, 2.6819266667e+01, 2.8663653333e+04
 1500621000, 2.4263333333e+02, 1.9316000000e+02, 3.1053333333e+01, 2.7438266667e+01, 2.8668486667e+04
 1500621300, 2.4500000000e+02, 1.9469333333e+02, 3.2000000000e+01, 2.6685733333e+01, 2.8672453333e+04
 1500621600, 2.4438333333e+02, 1.9200000000e+02, 3.1753333333e+01, 2.7451733333e+01, 2.8677026667e+04
 1500621900, 2.4000000000e+02, 1.9200000000e+02, 3.0000000000e+01, 2.7172033333e+01, 2.8679740000e+04
 1500622200, 2.1220000000e+02, 1.6234666667e+02, 3.1853333333e+01, 2.7060000000e+01, 2.8681253333e+04
 1500622500, 2.3543333333e+02, 1.8616000000e+02, 3.0546666667e+01, 2.7369666667e+01, 2.8685760000e+04
 1500622800, 2.4236666667e+02, 1.9389333333e+02, 2.8946666667e+01, 2.6264933333e+01, 2.8691380000e+04
 1500623100, 2.3346666667e+02, 1.8416000000e+02, 2.9960000000e+01, 2.7014000000e+01, 2.8695506667e+04
 1500623400, 2.2190000000e+02, 1.7104000000e+02, 3.2986666667e+01, 2.6505133333e+01, 2.8709333333e+04
 1500623700, 2.3500000000e+02, 1.9200000000e+02, 2.6000000000e+01, 2.6757533333e+01, 2.8720106667e+04
 1500624000, 2.4426666667e+02, 1.9756000000e+02, 2.7853333333e+01, 2.7314266667e+01, 2.8724760000e+04
 1500624300, 2.4136666667e+02, 1.9218666667e+02, 2.9453333333e+01, 2.6805133333e+01, 2.8727253333e+04
 1500624600, 2.4000000000e+02, 1.9210666667e+02, 3.0000000000e+01, 2.7832133333e+01, 2.8731303333e+04
 1500624900, 2.4163333333e+02, 1.9530666667e+02, 2.9346666667e+01, 2.7263566667e+01, 2.8739310000e+04
 1500625200, 2.4563333333e+02, 1.9850666667e+02, 2.8000000000e+01, 2.7113533333e+01, 2.8744833333e+04
 1500625500, 2.5000000000e+02, 2.0200000000e+02, 2.8000000000e+01, 2.7364166667e+01, 2.8748623333e+04
 1500625800, 1.2490000000e+02, 8.1533333333e+01, 2.8000000000e+01, 2.6593933333e+01, 2.8748600000e+04
 1500626100, 2.1310000000e+02, 1.6210666667e+02, 3.2360000000e+01, 2.7614866667e+01, 2.8755106667e+04
 1500626400, 1.8153333333e+02, 1.3174666667e+02, 3.0840000000e+01, 2.7268566667e+01, 2.8759100000e+04
 1500626700, 1.5920000000e+02, 1.1385333333e+02, 2.7346666667e+01, 2.7100166667e+01, 2.8762916667e+04
 1500627000, 2.4063333333e+02, 1.9625333333e+02, 2.6253333333e+01, 2.7937733333e+01, 2.8768213333e+04
 1500627300, 2.4500000000e+02, 1.9800000000e+02, 2.8000000000e+01, 2.7044700000e+01, 2.8769596667e+04
 1500627600, 2.4500000000e+02, 1.9800000000e+02, 2.6153333333e+01, 2.7809933333e+01, 2.8774493333e+04
 1500627900, 2.4500000000e+02, 1.9509333333e+02, 3.0360000000e+01, 2.7723666667e+01, 2.8777180000e+04
 1500628200, 2.3973333333e+02, 1.8978666667e+02, 3.2000000000e+01, 2.7577333333e+01, 2.8781306667e+04
 1500628500, 2.3500000000e+02, 1.8534666667e+02, 3.2000000000e+01, 2.8245200000e+01, 2.8786906667e+04
 1500628800, 2.3373333333e+02, 1.8324000000e+02, 3.1746666667e+01, 2.7359400000e+01, 2.8790106667e+04
 1500629100, 2.2500000000e+02, 1.7800000000e+02, 3.0000000000e+01, 2.7586766667e+01, 2.8793503333e+04
 1500629400, 2.4353333333e+02, 1.9282666667e+02, 3.1853333333e+01, 2.7714333333e+01, 2.8800373333e+04
 1500629700, 2.4136666667e+02, 1.9400000000e+02, 2.9093333333e+01, 2.6850400000e+01, 2.8801566667e+04
 1500630000, 2.2683333333e+02, 1.7820000000e+02, 3.0106666667e+01, 2.7106533333e+01, 2.8806580000e+04
 1500630300, 2.1990000000e+02, 1.7184000000e+02, 3.0040000000e+01, 2.6451633333e+01, 2.8825026667e+04
 1500630600, 2.2683333333e+02, 1.8470666667e+02, -nan, 2.6507666667e+01, 2.8834306667e+04
 1500630900, 2.0500000000e+02, 1.6200000000e+02, -nan, -nan, 2.8837486667e+04
 1500631200, 1.2160000000e+02, 7.8600000000e+01, -nan, -nan, 2.8840523333e+04
 1500631500, 2.0220000000e+02, -nan, -nan, -nan, 2.8843576667e+04
 1500631800, 1.7443333333e+02, -nan, -nan, -nan, 2.8855160000e+04
 1500632100, 1.5920000000e+02, -nan, -nan, -nan, 2.8858306667e+04
 1500632400, -nan, -nan, -nan, -nan, 2.8863516667e+04
 1500632700, -nan, -nan, -nan, -nan, 2.8865760000e+04
 1500633000, -nan, -nan, -nan, -nan, 2.8869816667e+04
 1500633300, -nan, -nan, -nan, -nan, 2.8884833333e+04
 1500633600, -nan, -nan, -nan, -nan, 2.8889736667e+04
 1500633900, -nan, -nan, -nan, -nan, -nan
 1500634200, -nan, -nan, -nan, -nan, -nan
 1500634500, -nan, -nan, -nan, -nan, -nan
 1500634800, -nan, -nan, -nan, -nan, -nan
