 Time, ttl_pwr, cpu_pwr, mem_pwr, cpu_load, mem_load
 1500441000, 9,3266666667e+01, 5,5866666667e+01, 1,9840000000e+01, 4,4440000000e-01, 9,9890666667e+03
 1500441300, 2,6000000000e+02, 1,8600000000e+02, 5,4000000000e+01, 2,6437333333e+00, 9,8005066667e+03
 1500441600, 5,7733333333e+01, 2,8133333333e+01, 1,2560000000e+01, 4,0068000000e+00, 1,0238000000e+04
 1500441900, 5,5000000000e+01, 2,6000000000e+01, 1,2000000000e+01, 4,6376000000e+00, 1,0238600000e+04
 1500442200, 5,5000000000e+01, 2,7173333333e+01, 1,2000000000e+01, 5,3890666667e+00, 9,7874000000e+03
 1500442500, 5,6933333333e+01, 2,8000000000e+01, 1,2000000000e+01, 6,2898666667e+00, 1,0040173333e+04
 1500442800, 9,9200000000e+01, 5,8986666667e+01, 2,0586666667e+01, 6,4252000000e+00, 1,0257920000e+04
 1500443100, 2,7000000000e+02, 1,9400000000e+02, 5,8000000000e+01, 6,4214666667e+00, 1,0002440000e+04
 1500443400, 2,7000000000e+02, 1,9005333333e+02, 5,8000000000e+01, 6,9424000000e+00, 9,8086533333e+03
 1500443700, 6,4900000000e+01, 3,3733333333e+01, 1,3073333333e+01, 7,1562000000e+00, 1,0246243333e+04
 1500444000, 5,6066666667e+01, 2,8426666667e+01, 1,2000000000e+01, 6,8892000000e+00, 1,0224720000e+04
 1500444300, 5,5000000000e+01, 2,8000000000e+01, 1,2000000000e+01, 6,9967333333e+00, 9,7840333333e+03
 1500444600, 5,6933333333e+01, 2,8773333333e+01, 1,2000000000e+01, 7,4006666667e+00, 1,0029666667e+04
 1500444900, 9,3916666667e+01, 5,9333333333e+01, 1,6400000000e+01, 6,6146333333e+00, 1,3796733333e+04
 1500445200, 2,4500000000e+02, 1,9000000000e+02, 3,6000000000e+01, 1,1369533333e+01, 2,1169226667e+04
 1500445500, 2,4006666667e+02, 1,9197333333e+02, 3,0080000000e+01, 1,6250066667e+01, 2,1544240000e+04
 1500445800, 2,4393333333e+02, 1,9042666667e+02, 3,3146666667e+01, 1,8575733333e+01, 2,2788246667e+04
 1500446100, 2,3333333333e+02, 1,7833333333e+02, 3,4000000000e+01, 2,0460833333e+01, 2,3116070000e+04
 1500446400, 2,1533333333e+02, 1,6072000000e+02, 3,4000000000e+01, 2,2263633333e+01, 2,3144263333e+04
 1500446700, 2,0186666667e+02, 1,4861333333e+02, 3,3253333333e+01, 2,3272900000e+01, 2,3185806667e+04
 1500447000, 2,1000000000e+02, 1,6000000000e+02, 3,0000000000e+01, 2,4777366667e+01, 2,3253893333e+04
 1500447300, 2,0510000000e+02, 1,4824000000e+02, 3,3920000000e+01, 2,5589800000e+01, 2,3302520000e+04
 1500447600, 2,3253333333e+02, 1,7632000000e+02, 3,7146666667e+01, 2,5529200000e+01, 2,3353446667e+04
 1500447900, 2,4000000000e+02, 1,8986666667e+02, 3,2133333333e+01, 2,6014900000e+01, 2,3385073333e+04
 1500448200, 1,9553333333e+02, 1,4837333333e+02, 2,9546666667e+01, 2,6234400000e+01, 2,3450653333e+04
 1500448500, 1,4425000000e+02, 9,3966666667e+01, 3,2733333333e+01, 2,6285066667e+01, 2,3593706667e+04
 1500448800, 2,3000000000e+02, 1,7400000000e+02, 3,6000000000e+01, 2,6939266667e+01, 2,3647950000e+04
 1500449100, 2,5450000000e+02, 1,9556000000e+02, 3,7960000000e+01, 2,6729100000e+01, 2,3740176667e+04
 1500449400, 2,0386666667e+02, 1,5037333333e+02, 3,6426666667e+01, 2,6773333333e+01, 2,3831280000e+04
 1500449700, 2,1933333333e+02, 1,6616000000e+02, 3,3653333333e+01, 2,7138933333e+01, 2,3835993333e+04
 1500450000, 2,4386666667e+02, 1,9064000000e+02, 3,2773333333e+01, 2,6792666667e+01, 2,3840866667e+04
 1500450300, 2,4816666667e+02, 1,9653333333e+02, 3,3633333333e+01, 2,6551533333e+01, 2,3856556667e+04
 1500450600, 2,4000000000e+02, 1,9000000000e+02, 3,2000000000e+01, 2,6170800000e+01, 2,3917440000e+04
 1500450900, 2,4493333333e+02, 1,9000000000e+02, 3,5946666667e+01, 2,5541933333e+01, 2,3929726667e+04
 1500451200, 2,4106666667e+02, 1,8842666667e+02, 3,4426666667e+01, 2,5853733333e+01, 2,3931560000e+04
 1500451500, 2,4583333333e+02, 1,8333333333e+02, 3,5166666667e+01, 2,5848300000e+01, 2,3930833333e+04
 1500451800, 2,3083333333e+02, 1,6773333333e+02, 3,5233333333e+01, 2,6047466667e+01, 2,3933543333e+04
 1500452100, 2,0746666667e+02, 1,5509333333e+02, 3,3626666667e+01, 2,6489900000e+01, 2,3934396667e+04
 1500452400, 2,4000000000e+02, 1,8600000000e+02, 3,2000000000e+01, 2,6090833333e+01, 2,3942610000e+04
 1500452700, 2,4493333333e+02, 1,9586666667e+02, 3,0026666667e+01, 2,6519800000e+01, 2,3948973333e+04
 1500453000, 2,5280000000e+02, 2,0224000000e+02, 3,1560000000e+01, 2,6946166667e+01, 2,3951943333e+04
 1500453300, 2,4620000000e+02, 1,9109333333e+02, 3,3173333333e+01, 2,6775966667e+01, 2,3953976667e+04
 1500453600, 2,4000000000e+02, 1,8432000000e+02, 3,3226666667e+01, 2,6771233333e+01, 2,3955773333e+04
 1500453900, 2,4093333333e+02, 1,8874666667e+02, 3,1626666667e+01, 2,7048533333e+01, 2,3955583333e+04
 1500454200, 2,4500000000e+02, 1,9200000000e+02, 3,0000000000e+01, 2,6971833333e+01, 2,3957230000e+04
 1500454500, 2,3513333333e+02, 1,8213333333e+02, 3,1973333333e+01, 2,7090666667e+01, 2,3956786667e+04
 1500454800, 2,4283333333e+02, 1,8983333333e+02, 3,2000000000e+01, 2,6675466667e+01, 2,4000033333e+04
 1500455100, 2,3916666667e+02, 1,8383333333e+02, 3,3166666667e+01, 2,6819333333e+01, 2,4032133333e+04
 1500455400, 1,9246666667e+02, 1,3856000000e+02, 3,3226666667e+01, 2,6619866667e+01, 2,4034926667e+04
 1500455700, 1,4791666667e+02, 9,7633333333e+01, 3,2733333333e+01, 2,6457500000e+01, 2,4099550000e+04
 1500456000, 2,5000000000e+02, 1,9400000000e+02, 3,6000000000e+01, 2,6631466667e+01, 2,4104356667e+04
 1500456300, 2,5000000000e+02, 1,9794666667e+02, 3,4026666667e+01, 2,6500600000e+01, 2,4106970000e+04
 1500456600, 2,4608333333e+02, 1,9330000000e+02, 3,2433333333e+01, 2,6892100000e+01, 2,4106396667e+04
 1500456900, 2,4206666667e+02, 1,8848000000e+02, 3,4346666667e+01, 2,6756000000e+01, 2,4109466667e+04
 1500457200, 2,4000000000e+02, 1,8676666667e+02, 3,3700000000e+01, 2,6555366667e+01, 2,4111323333e+04
 1500457500, 2,4275000000e+02, 1,8983333333e+02, 3,1100000000e+01, 2,6971133333e+01, 2,4110946667e+04
 1500457800, 2,5500000000e+02, 1,9800000000e+02, 3,6000000000e+01, 2,6919733333e+01, 2,4112600000e+04
 1500458100, 2,2046666667e+02, 1,7234666667e+02, 2,8106666667e+01, 2,7414966667e+01, 2,4113570000e+04
 1500458400, 2,1213333333e+02, 1,6728000000e+02, 2,8000000000e+01, 2,7082933333e+01, 2,4119750000e+04
 1500458700, 1,9833333333e+02, 1,4966666667e+02, 3,1500000000e+01, 2,7127866667e+01, 2,4134816667e+04
 1500459000, 1,8620000000e+02, 1,3496000000e+02, 3,4000000000e+01, 2,7616400000e+01, 2,4135660000e+04
 1500459300, 1,8933333333e+02, 1,3933333333e+02, 3,3626666667e+01, 2,7201866667e+01, 2,4137186667e+04
 1500459600, 2,3000000000e+02, 1,8000000000e+02, 3,2000000000e+01, 2,7458000000e+01, 2,4140183333e+04
 1500459900, 2,0050000000e+02, 1,4853333333e+02, 3,3966666667e+01, 2,7504533333e+01, 2,4141390000e+04
 1500460200, 2,3540000000e+02, 1,8418666667e+02, 3,0853333333e+01, 2,7405333333e+01, 2,4142370000e+04
 1500460500, 2,1273333333e+02, 1,6349333333e+02, 3,1173333333e+01, 2,7264933333e+01, 2,4142993333e+04
 1500460800, 2,0740000000e+02, 1,5746666667e+02, 3,2773333333e+01, 2,6789200000e+01, 2,4148706667e+04
 1500461100, 2,3775000000e+02, 1,8493333333e+02, 3,4366666667e+01, 2,6703033333e+01, 2,4149970000e+04
 1500461400, 2,5000000000e+02, 1,9800000000e+02, 3,6000000000e+01, 2,7335866667e+01, 2,4152033333e+04
 1500461700, 2,3520000000e+02, 1,8616000000e+02, 3,0080000000e+01, 2,6910833333e+01, 2,4151170000e+04
 1500462000, 2,1926666667e+02, 1,6869333333e+02, 3,1573333333e+01, 2,6739566667e+01, 2,4152950000e+04
 1500462300, 2,3260000000e+02, 1,7925333333e+02, 3,4346666667e+01, 2,6249266667e+01, 2,4153413333e+04
 1500462600, 2,3533333333e+02, 1,8226666667e+02, 3,4453333333e+01, 2,6568266667e+01, 2,4154580000e+04
 1500462900, 2,1533333333e+02, 1,6626666667e+02, 3,1253333333e+01, 2,6428466667e+01, 2,4157956667e+04
 1500463200, 1,9500000000e+02, 1,5000000000e+02, 2,8000000000e+01, 2,6559366667e+01, 2,4157956667e+04
 1500463500, 1,7526666667e+02, 1,2632000000e+02, 3,1946666667e+01, 2,6076100000e+01, 2,4158996667e+04
 1500463800, 2,2591666667e+02, 1,7456666667e+02, 3,2000000000e+01, 2,5708833333e+01, 2,4161370000e+04
 1500464100, 2,4000000000e+02, 1,9033333333e+02, 2,9666666667e+01, 2,6402133333e+01, 2,4165906667e+04
 1500464400, 2,4000000000e+02, 1,9122666667e+02, 2,8773333333e+01, 2,6588066667e+01, 2,4171303333e+04
 1500464700, 2,3906666667e+02, 1,8850666667e+02, 3,0373333333e+01, 2,6807733333e+01, 2,4174763333e+04
 1500465000, 2,3500000000e+02, 1,8200000000e+02, 3,2000000000e+01, 2,7267066667e+01, 2,4174626667e+04
 1500465300, 2,5966666667e+02, 2,0173333333e+02, 3,5946666667e+01, 2,7191700000e+01, 2,4176580000e+04
 1500465600, 2,5216666667e+02, 1,9730000000e+02, 3,4433333333e+01, 2,7244400000e+01, 2,4177336667e+04
 1500465900, 2,5583333333e+02, 2,0066666667e+02, 3,5166666667e+01, 2,6850966667e+01, 2,4178020000e+04
 1500466200, 2,5420000000e+02, 2,0013333333e+02, 3,4453333333e+01, 2,7252133333e+01, 2,4181180000e+04
 1500466500, 2,4590000000e+02, 1,9400000000e+02, 3,2720000000e+01, 2,7406900000e+01, 2,4182916667e+04
 1500466800, 2,5000000000e+02, 1,9400000000e+02, 3,6000000000e+01, 2,7276400000e+01, 2,4183433333e+04
 1500467100, 2,5983333333e+02, 2,0776666667e+02, 3,2066666667e+01, 2,6936266667e+01, 2,4184553333e+04
 1500467400, 1,5425000000e+02, 1,0460000000e+02, 3,0433333333e+01, 2,6659566667e+01, 2,4186993333e+04
 1500467700, 2,0126666667e+02, 1,4874666667e+02, 3,2346666667e+01, 2,6808166667e+01, 2,4186593333e+04
 1500468000, 2,0473333333e+02, 1,5205333333e+02, 3,2453333333e+01, 2,6489966667e+01, 2,4189766667e+04
 1500468300, 1,4700000000e+02, 9,7266666667e+01, 3,0733333333e+01, 2,6686300000e+01, 2,4191346667e+04
 1500468600, 2,4500000000e+02, 1,9200000000e+02, 3,4000000000e+01, 2,6812566667e+01, 2,4193183333e+04
 1500468900, 2,4990000000e+02, 1,9396000000e+02, 3,5960000000e+01, 2,6448900000e+01, 2,4194026667e+04
 1500469200, 2,4216666667e+02, 1,9086666667e+02, 3,2866666667e+01, 2,6727666667e+01, 2,4195893333e+04
 1500469500, 2,4875000000e+02, 1,9933333333e+02, 3,0833333333e+01, 2,6657833333e+01, 2,4194440000e+04
 1500469800, 2,4533333333e+02, 1,9749333333e+02, 2,9226666667e+01, 2,6690633333e+01, 2,4196170000e+04
 1500470100, 2,3000000000e+02, 1,8362666667e+02, 2,8000000000e+01, 2,6766800000e+01, 2,4195813333e+04
 1500470400, 2,3000000000e+02, 1,8200000000e+02, 2,8000000000e+01, 2,6761733333e+01, 2,4195993333e+04
 1500470700, 2,3493333333e+02, 1,8792000000e+02, 2,8000000000e+01, 2,6824800000e+01, 2,4196560000e+04
 1500471000, 2,3500000000e+02, 1,8643333333e+02, 2,8000000000e+01, 2,6828866667e+01, 2,4196443333e+04
 1500471300, 2,3208333333e+02, 1,8483333333e+02, 2,8000000000e+01, 2,6955366667e+01, 2,4195400000e+04
 1500471600, 2,2806666667e+02, 1,8090666667e+02, 2,8000000000e+01, 2,6933166667e+01, 2,4196366667e+04
 1500471900, 2,2591666667e+02, 1,7746666667e+02, 2,8000000000e+01, 2,6975433333e+01, 2,4197810000e+04
 1500472200, 2,3000000000e+02, 1,8400000000e+02, 2,8000000000e+01, 2,6987900000e+01, 2,4199160000e+04
 1500472500, 2,2508333333e+02, 1,7810000000e+02, 2,8000000000e+01, 2,7001833333e+01, 2,4201740000e+04
 1500472800, 2,3283333333e+02, 1,8740000000e+02, 2,8000000000e+01, 2,6967900000e+01, 2,4202796667e+04
 1500473100, 2,3208333333e+02, 1,8416666667e+02, 2,8000000000e+01, 2,6941333333e+01, 2,4201433333e+04
 1500473400, 2,3193333333e+02, 1,8386666667e+02, 2,8000000000e+01, 2,6974400000e+01, 2,4201616667e+04
 1500473700, 2,3406666667e+02, 1,8813333333e+02, 2,8000000000e+01, 2,7064000000e+01, 2,4203776667e+04
 1500474000, 2,3000000000e+02, 1,8000000000e+02, 2,8000000000e+01, 2,6981433333e+01, 2,4203230000e+04
 1500474300, 2,3000000000e+02, 1,8197333333e+02, 2,8000000000e+01, 2,6947500000e+01, 2,4201793333e+04
 1500474600, 2,2606666667e+02, 1,7885333333e+02, 2,8000000000e+01, 2,7013100000e+01, 2,4202373333e+04
 1500474900, 2,3086666667e+02, 1,8386666667e+02, 2,8000000000e+01, 2,7177200000e+01, 2,4202213333e+04
 1500475200, 2,3308333333e+02, 1,8570000000e+02, 2,8000000000e+01, 2,7268266667e+01, 2,4203396667e+04
 1500475500, 2,3093333333e+02, 1,8312000000e+02, 2,8000000000e+01, 2,7141966667e+01, 2,4201970000e+04
 1500475800, 2,3500000000e+02, 1,8800000000e+02, 2,8000000000e+01, 2,7098533333e+01, 2,4202620000e+04
 1500476100, 2,2516666667e+02, 1,7816666667e+02, 2,8000000000e+01, 2,7056566667e+01, 2,4202420000e+04
 1500476400, 2,2893333333e+02, 1,7957333333e+02, 2,8000000000e+01, 2,7033133333e+01, 2,4201596667e+04
 1500476700, 2,3000000000e+02, 1,8000000000e+02, 2,8000000000e+01, 2,6928166667e+01, 2,4202586667e+04
 1500477000, 2,3000000000e+02, 1,8077333333e+02, 2,8000000000e+01, 2,6940133333e+01, 2,4203196667e+04
 1500477300, 2,2908333333e+02, 1,8090000000e+02, 2,8000000000e+01, 2,6902200000e+01, 2,4203410000e+04
 1500477600, 2,2500000000e+02, 1,7600000000e+02, 2,8000000000e+01, 2,6898533333e+01, 2,4204176667e+04
 1500477900, 2,2006666667e+02, 1,7402666667e+02, 2,9973333333e+01, 2,6957000000e+01, 2,4203600000e+04
 1500478200, 2,3180000000e+02, 1,8501333333e+02, 2,8426666667e+01, 2,6838433333e+01, 2,4203573333e+04
 1500478500, 2,2916666667e+02, 1,8216666667e+02, 2,8000000000e+01, 2,6802600000e+01, 2,4202660000e+04
 1500478800, 2,2886666667e+02, 1,8186666667e+02, 2,8000000000e+01, 2,6930000000e+01, 2,4200820000e+04
 1500479100, 2,3313333333e+02, 1,8613333333e+02, 2,8000000000e+01, 2,7027066667e+01, 2,4201133333e+04
 1500479400, 2,2500000000e+02, 1,7800000000e+02, 2,8000000000e+01, 2,7191133333e+01, 2,4209750000e+04
 1500479700, 2,3486666667e+02, 1,8984000000e+02, 2,8000000000e+01, 2,7323633333e+01, 2,4208616667e+04
 1500480000, 2,3106666667e+02, 1,8213333333e+02, 2,8000000000e+01, 2,7444733333e+01, 2,4208176667e+04
 1500480300, 2,3000000000e+02, 1,8000000000e+02, 2,9160000000e+01, 2,7527700000e+01, 2,4209796667e+04
 1500480600, 2,3000000000e+02, 1,8153333333e+02, 2,9233333333e+01, 2,7737433333e+01, 2,4208830000e+04
 1500480900, 2,2906666667e+02, 1,8288000000e+02, 2,8000000000e+01, 2,7854933333e+01, 2,4208816667e+04
 1500481200, 2,2500000000e+02, 1,7800000000e+02, 2,8000000000e+01, 2,8029400000e+01, 2,4206620000e+04
 1500481500, 2,2991666667e+02, 1,8193333333e+02, 2,8000000000e+01, 2,8119966667e+01, 2,4207793333e+04
 1500481800, 2,2216666667e+02, 1,7573333333e+02, 2,8000000000e+01, 2,8269800000e+01, 2,4204683333e+04
 1500482100, 2,2586666667e+02, 1,7986666667e+02, 2,8000000000e+01, 2,8283866667e+01, 2,4202723333e+04
 1500482400, 2,3000000000e+02, 1,8322666667e+02, 2,8000000000e+01, 2,8347600000e+01, 2,4204110000e+04
 1500482700, 2,3186666667e+02, 1,8349333333e+02, 2,8000000000e+01, 2,8244433333e+01, 2,4200580000e+04
 1500483000, 2,4000000000e+02, 1,9000000000e+02, 2,8000000000e+01, 2,8199466667e+01, 2,4199256667e+04
 1500483300, 2,2520000000e+02, 1,7618666667e+02, 2,8000000000e+01, 2,8108566667e+01, 2,4199976667e+04
 1500483600, 2,3680000000e+02, 1,8701333333e+02, 2,8000000000e+01, 2,6900800000e+01, 2,4200386667e+04
 1500483900, 2,4586666667e+02, 1,9117333333e+02, 3,3866666667e+01, 2,5639166667e+01, 2,4244596667e+04
 1500484200, 2,3466666667e+02, 1,7666666667e+02, 3,7233333333e+01, 2,6289500000e+01, 2,4260636667e+04
 1500484500, 2,0720000000e+02, 1,4938666667e+02, 3,6000000000e+01, 2,6556000000e+01, 2,4266243333e+04
 1500484800, 1,9500000000e+02, 1,3800000000e+02, 3,6000000000e+01, 2,7310433333e+01, 2,4272176667e+04
 1500485100, 2,2953333333e+02, 1,7746666667e+02, 3,2053333333e+01, 2,8113200000e+01, 2,4273133333e+04
 1500485400, 1,6706666667e+02, 1,1506666667e+02, 2,8853333333e+01, 2,7670533333e+01, 2,4274586667e+04
 1500485700, 1,9986666667e+02, 1,4962666667e+02, 2,8000000000e+01, 2,7845900000e+01, 2,4275346667e+04
 1500486000, 2,2158333333e+02, 1,7296666667e+02, 2,8766666667e+01, 2,7266333333e+01, 2,4279033333e+04
 1500486300, 2,0653333333e+02, 1,5760000000e+02, 3,0373333333e+01, 2,7455866667e+01, 2,4279893333e+04
 1500486600, 2,3500000000e+02, 1,8200000000e+02, 3,2000000000e+01, 2,7804666667e+01, 2,4282063333e+04
 1500486900, 2,4486666667e+02, 1,8989333333e+02, 3,3973333333e+01, 2,7572633333e+01, 2,4276090000e+04
 1500487200, 2,4500000000e+02, 1,9157333333e+02, 3,2426666667e+01, 2,8179200000e+01, 2,4277533333e+04
 1500487500, 2,3326666667e+02, 1,8261333333e+02, 3,2000000000e+01, 2,7569566667e+01, 2,4281353333e+04
 1500487800, 2,3080000000e+02, 1,7986666667e+02, 3,2773333333e+01, 2,7598866667e+01, 2,4285210000e+04
 1500488100, 2,4091666667e+02, 1,8416666667e+02, 3,4366666667e+01, 2,7993500000e+01, 2,4284370000e+04
 1500488400, 2,4500000000e+02, 1,7600000000e+02, 3,6000000000e+01, 2,7925433333e+01, 2,4288173333e+04
 1500488700, 2,1046666667e+02, 1,6021333333e+02, 3,0080000000e+01, 2,8322466667e+01, 2,4290576667e+04
 1500489000, 2,3360000000e+02, 1,8045333333e+02, 3,3146666667e+01, 2,7843066667e+01, 2,4293573333e+04
 1500489300, 2,2533333333e+02, 1,7192000000e+02, 3,2826666667e+01, 2,8047600000e+01, 2,4297346667e+04
 1500489600, 2,2466666667e+02, 1,7128000000e+02, 3,2773333333e+01, 2,7891800000e+01, 2,4297206667e+04
 1500489900, 2,4093333333e+02, 1,8712000000e+02, 3,4000000000e+01, 2,7584433333e+01, 2,4300500000e+04
 1500490200, 2,4500000000e+02, 1,9200000000e+02, 3,4000000000e+01, 2,8096533333e+01, 2,4301813333e+04
 1500490500, 2,0553333333e+02, 1,4858666667e+02, 3,4000000000e+01, 2,7772266667e+01, 2,4313213333e+04
 1500490800, 2,3253333333e+02, 1,7632000000e+02, 3,4000000000e+01, 2,7661266667e+01, 2,4318356667e+04
 1500491100, 2,3706666667e+02, 1,8400000000e+02, 3,2826666667e+01, 2,7468800000e+01, 2,4321560000e+04
 1500491400, 2,3691666667e+02, 1,8630000000e+02, 3,2000000000e+01, 2,7049300000e+01, 2,4324180000e+04
 1500491700, 2,4186666667e+02, 1,9186666667e+02, 3,2000000000e+01, 2,7257066667e+01, 2,4327560000e+04
 1500492000, 2,5000000000e+02, 2,0000000000e+02, 3,2000000000e+01, 2,6957666667e+01, 2,4326776667e+04
 1500492300, 2,3525000000e+02, 1,8426666667e+02, 3,2000000000e+01, 2,7105400000e+01, 2,4328576667e+04
 1500492600, 2,4680000000e+02, 1,9186666667e+02, 3,3573333333e+01, 2,6711300000e+01, 2,4336440000e+04
 1500492900, 2,2390000000e+02, 1,6732000000e+02, 3,5160000000e+01, 2,6691433333e+01, 2,4342723333e+04
 1500493200, 2,1273333333e+02, 1,5882666667e+02, 3,2906666667e+01, 2,6810400000e+01, 2,4344783333e+04
 1500493500, 2,2866666667e+02, 1,7893333333e+02, 2,9100000000e+01, 2,6553633333e+01, 2,4345723333e+04
 1500493800, 2,4500000000e+02, 1,9200000000e+02, 3,4000000000e+01, 2,6704766667e+01, 2,4349570000e+04
 1500494100, 1,9583333333e+02, 1,4283333333e+02, 3,5966666667e+01, 2,6036166667e+01, 2,4351810000e+04
 1500494400, 1,9500000000e+02, 1,4670000000e+02, 2,9733333333e+01, 2,6617433333e+01, 2,4376833333e+04
 1500494700, 2,0086666667e+02, 1,4917333333e+02, 3,3866666667e+01, 2,6359766667e+01, 2,4383003333e+04
 1500495000, 2,1660000000e+02, 1,6392000000e+02, 3,5680000000e+01, 2,6475500000e+01, 2,4384553333e+04
 1500495300, 2,3408333333e+02, 1,8453333333e+02, 3,2366666667e+01, 2,6564400000e+01, 2,4386166667e+04
 1500495600, 2,3000000000e+02, 1,7800000000e+02, 3,4000000000e+01, 2,6377866667e+01, 2,4387220000e+04
 1500495900, 2,2013333333e+02, 1,7208000000e+02, 3,0053333333e+01, 2,6302433333e+01, 2,4387570000e+04
 1500496200, 1,4526666667e+02, 9,4906666667e+01, 3,0000000000e+01, 2,6195733333e+01, 2,4390186667e+04
 1500496500, 1,7166666667e+02, 1,1833333333e+02, 3,2333333333e+01, 2,6534700000e+01, 2,4394326667e+04
 1500496800, 1,9541666667e+02, 1,4310000000e+02, 3,1700000000e+01, 2,6326900000e+01, 2,4397206667e+04
 1500497100, 1,9191666667e+02, 1,4373333333e+02, 2,8000000000e+01, 2,6819600000e+01, 2,4398493333e+04
 1500497400, 2,4500000000e+02, 1,9600000000e+02, 2,8000000000e+01, 2,6443200000e+01, 2,4397823333e+04
 1500497700, 2,4008333333e+02, 1,9206666667e+02, 2,9966666667e+01, 2,6244800000e+01, 2,4398796667e+04
 1500498000, 2,4000000000e+02, 1,8728000000e+02, 3,4720000000e+01, 2,6235600000e+01, 2,4400506667e+04
 1500498300, 2,3120000000e+02, 1,7661333333e+02, 3,3653333333e+01, 2,5421733333e+01, 2,4402973333e+04
 1500498600, 2,1733333333e+02, 1,6540000000e+02, 3,0466666667e+01, 2,5648733333e+01, 2,4404566667e+04
 1500498900, 2,0225000000e+02, 1,5360000000e+02, 2,9100000000e+01, 2,6075400000e+01, 2,4405970000e+04
 1500499200, 1,9000000000e+02, 1,3400000000e+02, 3,4000000000e+01, 2,7037866667e+01, 2,4406970000e+04
 1500499500, 2,2453333333e+02, 1,7346666667e+02, 3,0053333333e+01, 2,7014266667e+01, 2,4409910000e+04
 1500499800, 2,3286666667e+02, 1,8344000000e+02, 3,0000000000e+01, 2,6832133333e+01, 2,4410233333e+04
 1500500100, 2,3206666667e+02, 1,8013333333e+02, 3,1173333333e+01, 2,6934166667e+01, 2,4411573333e+04
 1500500400, 2,3575000000e+02, 1,8213333333e+02, 3,2766666667e+01, 2,6334000000e+01, 2,4414030000e+04
 1500500700, 2,3491666667e+02, 1,8136666667e+02, 3,4000000000e+01, 2,6748633333e+01, 2,4414293333e+04
 1500501000, 1,9000000000e+02, 1,3400000000e+02, 3,4000000000e+01, 2,6814133333e+01, 2,4416996667e+04
 1500501300, 1,9983333333e+02, 1,4383333333e+02, 3,5966666667e+01, 2,6664500000e+01, 2,4418580000e+04
 1500501600, 2,4308333333e+02, 1,8943333333e+02, 3,4433333333e+01, 2,6509366667e+01, 2,4421553333e+04
 1500501900, 2,5793333333e+02, 2,0317333333e+02, 3,4000000000e+01, 2,6372666667e+01, 2,4423793333e+04
 1500502200, 2,3873333333e+02, 1,8389333333e+02, 3,4000000000e+01, 2,6485733333e+01, 2,4426506667e+04
 1500502500, 2,0406666667e+02, 1,5088000000e+02, 3,4373333333e+01, 2,6300133333e+01, 2,4425240000e+04
 1500502800, 2,0000000000e+02, 1,4600000000e+02, 3,6000000000e+01, 2,6575033333e+01, 2,4427563333e+04
 1500503100, 2,0493333333e+02, 1,5192000000e+02, 3,6000000000e+01, 2,6292666667e+01, 2,4428573333e+04
 1500503400, 2,4040000000e+02, 1,8661333333e+02, 3,4426666667e+01, 2,6603266667e+01, 2,4429800000e+04
 1500503700, 2,1500000000e+02, 1,5983333333e+02, 3,5166666667e+01, 2,6694800000e+01, 2,4431976667e+04
 1500504000, 1,8808333333e+02, 1,3246666667e+02, 3,5233333333e+01, 2,6410300000e+01, 2,4433576667e+04
 1500504300, 1,9526666667e+02, 1,4045333333e+02, 3,4373333333e+01, 2,6371933333e+01, 2,4436530000e+04
 1500504600, 2,4000000000e+02, 1,8600000000e+02, 3,6000000000e+01, 2,6114466667e+01, 2,4438216667e+04
 1500504900, 1,9590000000e+02, 1,4680000000e+02, 3,2080000000e+01, 2,6414266667e+01, 2,4438780000e+04
 1500505200, 2,3826666667e+02, 1,8690666667e+02, 3,2000000000e+01, 2,6163333333e+01, 2,4441890000e+04
 1500505500, 2,0893333333e+02, 1,5928000000e+02, 3,0826666667e+01, 2,6121066667e+01, 2,4445340000e+04
 1500505800, 2,0683333333e+02, 1,5653333333e+02, 3,1533333333e+01, 2,6025433333e+01, 2,4443843333e+04
 1500506100, 2,4816666667e+02, 1,9380000000e+02, 3,4733333333e+01, 2,6490700000e+01, 2,4445756667e+04
 1500506400, 2,4000000000e+02, 1,8400000000e+02, 3,8000000000e+01, 2,6783100000e+01, 2,4447986667e+04
 1500506700, 2,1040000000e+02, 1,6426666667e+02, 2,8133333333e+01, 2,6325800000e+01, 2,4445646667e+04
 1500507000, 2,3360000000e+02, 1,8760000000e+02, 2,8000000000e+01, 2,6066833333e+01, 2,4445963333e+04
 1500507300, 2,3413333333e+02, 1,8813333333e+02, 2,8000000000e+01, 2,5965100000e+01, 2,4446620000e+04
 1500507600, 2,3000000000e+02, 1,8013333333e+02, 2,8000000000e+01, 2,5963100000e+01, 2,4447573333e+04
 1500507900, 2,3000000000e+02, 1,7624000000e+02, 2,8000000000e+01, 2,6004300000e+01, 2,4448360000e+04
 1500508200, 2,3000000000e+02, 1,8600000000e+02, 2,8000000000e+01, 2,5799633333e+01, 2,4446406667e+04
 1500508500, 2,1033333333e+02, 1,6436666667e+02, 2,8000000000e+01, 2,5645500000e+01, 2,4447803333e+04
 1500508800, 2,2573333333e+02, 1,7816000000e+02, 2,8000000000e+01, 2,5835633333e+01, 2,4448713333e+04
 1500509100, 2,3293333333e+02, 1,8434666667e+02, 2,8000000000e+01, 2,5569933333e+01, 2,4448480000e+04
 1500509400, 2,2920000000e+02, 1,7981333333e+02, 2,8000000000e+01, 2,5613366667e+01, 2,4447383333e+04
 1500509700, 2,2373333333e+02, 1,7448000000e+02, 2,8000000000e+01, 2,5728700000e+01, 2,4447953333e+04
 1500510000, 2,4000000000e+02, 1,9400000000e+02, 2,8000000000e+01, 2,5593100000e+01, 2,4448443333e+04
 1500510300, 2,1050000000e+02, 1,6450000000e+02, 2,8000000000e+01, 2,5637533333e+01, 2,4448613333e+04
 1500510600, 2,1786666667e+02, 1,7186666667e+02, 2,8000000000e+01, 2,5488100000e+01, 2,4450533333e+04
 1500510900, 2,3173333333e+02, 1,8456000000e+02, 2,8000000000e+01, 2,5348366667e+01, 2,4448016667e+04
 1500511200, 2,2840000000e+02, 1,7962666667e+02, 2,8000000000e+01, 2,5452666667e+01, 2,4449026667e+04
 1500511500, 2,1560000000e+02, 1,6634666667e+02, 2,8000000000e+01, 2,5278400000e+01, 2,4449160000e+04
 1500511800, 2,4000000000e+02, 1,9400000000e+02, 2,8000000000e+01, 2,5353666667e+01, 2,4448623333e+04
 1500512100, 2,2525000000e+02, 1,8023333333e+02, 2,8000000000e+01, 2,5359766667e+01, 2,4450383333e+04
 1500512400, 2,2106666667e+02, 1,7213333333e+02, 2,8000000000e+01, 2,5291033333e+01, 2,4451580000e+04
 1500512700, 2,2880000000e+02, 1,8056000000e+02, 2,8000000000e+01, 2,5424800000e+01, 2,4450226667e+04
 1500513000, 2,3306666667e+02, 1,8645333333e+02, 2,8000000000e+01, 2,5306000000e+01, 2,4450150000e+04
 1500513300, 2,2633333333e+02, 1,8033333333e+02, 2,8000000000e+01, 2,5344100000e+01, 2,4452570000e+04
 1500513600, 2,1000000000e+02, 1,6400000000e+02, 2,8000000000e+01, 2,5366533333e+01, 2,4452000000e+04
 1500513900, 2,3466666667e+02, 1,8768000000e+02, 2,8000000000e+01, 2,5228866667e+01, 2,4449856667e+04
 1500514200, 2,2320000000e+02, 1,7384000000e+02, 2,8000000000e+01, 2,5367766667e+01, 2,4450000000e+04
 1500514500, 2,2880000000e+02, 1,7821333333e+02, 2,8000000000e+01, 2,5337266667e+01, 2,4452000000e+04
 1500514800, 2,3693333333e+02, 1,8786666667e+02, 2,8000000000e+01, 2,5286233333e+01, 2,4451200000e+04
 1500515100, 2,3633333333e+02, 1,8960000000e+02, 2,8000000000e+01, 2,5442300000e+01, 2,4451423333e+04
 1500515400, 2,2000000000e+02, 1,7000000000e+02, 2,8000000000e+01, 2,5228166667e+01, 2,4451596667e+04
 1500515700, 2,2493333333e+02, 1,7789333333e+02, 2,8000000000e+01, 2,5352800000e+01, 2,4452970000e+04
 1500516000, 2,1320000000e+02, 1,6698666667e+02, 2,8000000000e+01, 2,5403466667e+01, 2,4452040000e+04
 1500516300, 2,1583333333e+02, 1,6866666667e+02, 2,8000000000e+01, 2,5314366667e+01, 2,4451996667e+04
 1500516600, 2,2773333333e+02, 1,8050666667e+02, 2,8000000000e+01, 2,5453066667e+01, 2,4454186667e+04
 1500516900, 2,3720000000e+02, 1,9064000000e+02, 2,8000000000e+01, 2,5394366667e+01, 2,4454010000e+04
 1500517200, 2,2500000000e+02, 1,7600000000e+02, 2,8000000000e+01, 2,5374933333e+01, 2,4451866667e+04
 1500517500, 2,2500000000e+02, 1,7600000000e+02, 2,8000000000e+01, 2,5468633333e+01, 2,4452156667e+04
 1500517800, 2,2893333333e+02, 1,8229333333e+02, 2,8000000000e+01, 2,5470533333e+01, 2,4453386667e+04
 1500518100, 2,2120000000e+02, 1,7344000000e+02, 2,8000000000e+01, 2,5521400000e+01, 2,4453233333e+04
 1500518400, 2,1886666667e+02, 1,7064000000e+02, 2,8000000000e+01, 2,5546366667e+01, 2,4452950000e+04
 1500518700, 2,2593333333e+02, 1,7912000000e+02, 2,8000000000e+01, 2,5507966667e+01, 2,4451873333e+04
 1500519000, 2,3000000000e+02, 1,8400000000e+02, 2,8000000000e+01, 2,5604200000e+01, 2,4443666667e+04
 1500519300, 2,1520000000e+02, 1,6624000000e+02, 2,8000000000e+01, 2,5584133333e+01, 2,4441256667e+04
 1500519600, 2,2286666667e+02, 1,7544000000e+02, 2,8000000000e+01, 2,5558000000e+01, 2,4442740000e+04
 1500519900, 2,2206666667e+02, 1,8152000000e+02, 2,8000000000e+01, 2,5589466667e+01, 2,4439826667e+04
 1500520200, 2,2191666667e+02, 1,8170000000e+02, 2,8000000000e+01, 2,5574433333e+01, 2,4443153333e+04
 1500520500, 2,2873333333e+02, 1,8136000000e+02, 2,8000000000e+01, 2,5622433333e+01, 2,4434523333e+04
 1500520800, 2,4500000000e+02, 1,9600000000e+02, 2,8000000000e+01, 2,5637066667e+01, 2,4417030000e+04
 1500521100, 2,1540000000e+02, 1,6837333333e+02, 2,8000000000e+01, 2,5527733333e+01, 2,4397000000e+04
 1500521400, 2,1893333333e+02, 1,7114666667e+02, 2,8000000000e+01, 2,5674800000e+01, 2,4392393333e+04
 1500521700, 2,2000000000e+02, 1,7200000000e+02, 2,8000000000e+01, 2,5588633333e+01, 2,4392353333e+04
 1500522000, 2,2580000000e+02, 1,7586666667e+02, 3,0320000000e+01, 2,5566000000e+01, 2,4420186667e+04
 1500522300, 2,3866666667e+02, 1,8493333333e+02, 3,4366666667e+01, 2,6166333333e+01, 2,4427936667e+04
 1500522600, 2,5500000000e+02, 1,9800000000e+02, 3,6000000000e+01, 2,6946166667e+01, 2,4431796667e+04
 1500522900, 2,1075000000e+02, 1,5473333333e+02, 3,4033333333e+01, 2,6528766667e+01, 2,4443780000e+04
 1500523200, 2,4525000000e+02, 1,8690000000e+02, 3,7133333333e+01, 2,6935833333e+01, 2,4438103333e+04
 1500523500, 2,4041666667e+02, 1,8200000000e+02, 3,8000000000e+01, 2,7492633333e+01, 2,4439430000e+04
 1500523800, 2,3773333333e+02, 1,7973333333e+02, 3,8773333333e+01, 2,7524966667e+01, 2,4447840000e+04
 1500524100, 2,5000000000e+02, 1,9200000000e+02, 3,9626666667e+01, 2,7801133333e+01, 2,4452226667e+04
 1500524400, 2,5000000000e+02, 1,9200000000e+02, 3,8000000000e+01, 2,7863066667e+01, 2,4453436667e+04
 1500524700, 2,4013333333e+02, 1,9002666667e+02, 3,2080000000e+01, 2,7562266667e+01, 2,4454190000e+04
 1500525000, 2,4000000000e+02, 1,8686666667e+02, 3,3566666667e+01, 2,7829533333e+01, 2,4454773333e+04
 1500525300, 2,4586666667e+02, 1,8952000000e+02, 3,6346666667e+01, 2,7842266667e+01, 2,4456146667e+04
 1500525600, 2,3083333333e+02, 1,7743333333e+02, 3,4166666667e+01, 2,7391266667e+01, 2,4459600000e+04
 1500525900, 2,0933333333e+02, 1,6146666667e+02, 2,9866666667e+01, 2,7299733333e+01, 2,4462340000e+04
 1500526200, 2,5000000000e+02, 1,9400000000e+02, 3,8000000000e+01, 2,7213600000e+01, 2,4494880000e+04
 1500526500, 1,8586666667e+02, 1,3085333333e+02, 3,4053333333e+01, 2,7035066667e+01, 2,4502386667e+04
 1500526800, 2,3220000000e+02, 1,7562666667e+02, 3,5573333333e+01, 2,6805366667e+01, 2,4506740000e+04
 1500527100, 2,4208333333e+02, 1,8916666667e+02, 3,2500000000e+01, 2,7376666667e+01, 2,4507966667e+04
 1500527400, 2,3420000000e+02, 1,8613333333e+02, 2,9226666667e+01, 2,7601333333e+01, 2,4510493333e+04
 1500527700, 2,2775000000e+02, 1,8256666667e+02, 2,9100000000e+01, 2,7617066667e+01, 2,4511213333e+04
 1500528000, 2,4000000000e+02, 1,9400000000e+02, 3,4000000000e+01, 2,7926866667e+01, 2,4512050000e+04
 1500528300, 2,4493333333e+02, 1,9202666667e+02, 3,5973333333e+01, 2,7587300000e+01, 2,4514940000e+04
 1500528600, 2,4500000000e+02, 1,8728000000e+02, 3,6000000000e+01, 2,7801666667e+01, 2,4516603333e+04
 1500528900, 2,3913333333e+02, 1,8248000000e+02, 3,6000000000e+01, 2,7436133333e+01, 2,4518146667e+04
 1500529200, 2,3886666667e+02, 1,8386666667e+02, 3,6000000000e+01, 2,6544766667e+01, 2,4520793333e+04
 1500529500, 2,4686666667e+02, 1,9261333333e+02, 3,4880000000e+01, 2,7209866667e+01, 2,4523306667e+04
 1500529800, 2,5500000000e+02, 2,0400000000e+02, 3,0000000000e+01, 2,7842266667e+01, 2,4523263333e+04
 1500530100, 1,8616666667e+02, 1,2926666667e+02, 3,5900000000e+01, 2,6751533333e+01, 2,4524160000e+04
 1500530400, 2,3613333333e+02, 1,7992000000e+02, 3,6000000000e+01, 2,6876366667e+01, 2,4527500000e+04
 1500530700, 2,4706666667e+02, 1,9282666667e+02, 3,3653333333e+01, 2,6794400000e+01, 2,4527386667e+04
 1500531000, 2,3541666667e+02, 1,8126666667e+02, 3,3533333333e+01, 2,6911366667e+01, 2,4529803333e+04
 1500531300, 2,2466666667e+02, 1,6885333333e+02, 3,6000000000e+01, 2,7511633333e+01, 2,4531143333e+04
 1500531600, 2,4500000000e+02, 1,9000000000e+02, 3,6000000000e+01, 2,7179800000e+01, 2,4536856667e+04
 1500531900, 1,2166666667e+02, 7,5546666667e+01, 2,8106666667e+01, 2,6841166667e+01, 2,4551233333e+04
 1500532200, 1,9473333333e+02, 1,3850666667e+02, 3,5866666667e+01, 2,7333733333e+01, 2,4551773333e+04
 1500532500, 2,2966666667e+02, 1,7242666667e+02, 3,5653333333e+01, 2,7692900000e+01, 2,4554203333e+04
 1500532800, 2,4193333333e+02, 1,8632000000e+02, 3,3226666667e+01, 2,7596933333e+01, 2,4556146667e+04
 1500533100, 2,4313333333e+02, 1,8888000000e+02, 3,1626666667e+01, 2,7861200000e+01, 2,4558390000e+04
 1500533400, 2,3500000000e+02, 1,8400000000e+02, 3,0000000000e+01, 2,7443333333e+01, 2,4560533333e+04
 1500533700, 2,4980000000e+02, 1,9189333333e+02, 3,9866666667e+01, 2,7323400000e+01, 2,4561393333e+04
 1500534000, 2,2246666667e+02, 1,5896000000e+02, 3,6853333333e+01, 2,7779400000e+01, 2,4563563333e+04
 1500534300, 1,6220000000e+02, 1,0541333333e+02, 3,2480000000e+01, 2,7307866667e+01, 2,4569973333e+04
 1500534600, 1,7100000000e+02, 1,1616666667e+02, 3,3833333333e+01, 2,7189300000e+01, 2,4591620000e+04
 1500534900, 2,4041666667e+02, 1,8070000000e+02, 3,9266666667e+01, 2,7161066667e+01, 2,4593550000e+04
 1500535200, 2,2000000000e+02, 1,6600000000e+02, 3,6000000000e+01, 2,6717233333e+01, 2,4595573333e+04
 1500535500, 2,2493333333e+02, 1,7586666667e+02, 2,8106666667e+01, 2,7071866667e+01, 2,4596353333e+04
 1500535800, 2,4073333333e+02, 1,8229333333e+02, 3,2720000000e+01, 2,7232166667e+01, 2,4596956667e+04
 1500536100, 2,1860000000e+02, 1,6522666667e+02, 3,0480000000e+01, 2,6936166667e+01, 2,4598390000e+04
 1500536400, 2,0383333333e+02, 1,5353333333e+02, 3,0300000000e+01, 2,7206666667e+01, 2,4601170000e+04
 1500536700, 2,1466666667e+02, 1,6160000000e+02, 3,2880000000e+01, 2,7094133333e+01, 2,4602173333e+04
 1500537000, 2,3500000000e+02, 1,8600000000e+02, 2,8000000000e+01, 2,6774200000e+01, 2,4602396667e+04
 1500537300, 2,4486666667e+02, 1,8994666667e+02, 3,3920000000e+01, 2,6777066667e+01, 2,4603190000e+04
 1500537600, 2,2541666667e+02, 1,6963333333e+02, 3,7133333333e+01, 2,6538066667e+01, 2,4606363333e+04
 1500537900, 2,3760000000e+02, 1,8160000000e+02, 3,6826666667e+01, 2,6831433333e+01, 2,4608366667e+04
 1500538200, 2,4808333333e+02, 1,9323333333e+02, 3,5233333333e+01, 2,6764866667e+01, 2,4609163333e+04
 1500538500, 2,4775000000e+02, 1,9456666667e+02, 3,4366666667e+01, 2,6311566667e+01, 2,4610193333e+04
 1500538800, 2,6000000000e+02, 2,0600000000e+02, 3,6000000000e+01, 2,6436933333e+01, 2,4612803333e+04
 1500539100, 2,3533333333e+02, 1,8232000000e+02, 3,2053333333e+01, 2,6448733333e+01, 2,4613910000e+04
 1500539400, 2,0366666667e+02, 1,8200000000e+02, 3,5133333333e+01, 2,6407200000e+01, 2,4617173333e+04
 1500539700, 2,2140000000e+02, 1,8786666667e+02, 3,2480000000e+01, 2,6683800000e+01, 2,4618920000e+04
 1500540000, 2,3806666667e+02, 1,9045333333e+02, 3,0000000000e+01, 2,6773666667e+01, 2,4623126667e+04
 1500540300, 2,2660000000e+02, 1,7866666667e+02, 3,0373333333e+01, 2,6884700000e+01, 2,4624800000e+04
 1500540600, 1,9000000000e+02, 1,3800000000e+02, 3,2000000000e+01, 2,7461966667e+01, 2,4625946667e+04
 1500540900, 2,0966666667e+02, 1,5373333333e+02, 3,3966666667e+01, 2,6898966667e+01, 2,4631670000e+04
 1500541200, 2,2966666667e+02, 1,7760000000e+02, 3,0853333333e+01, 2,7254266667e+01, 2,4630113333e+04
 1500541500, 2,0566666667e+02, 1,5114666667e+02, 3,4693333333e+01, 2,7410966667e+01, 2,4634166667e+04
 1500541800, 2,0433333333e+02, 1,4733333333e+02, 3,7226666667e+01, 2,7303500000e+01, 2,4637603333e+04
 1500542100, 2,3408333333e+02, 1,7653333333e+02, 3,6366666667e+01, 2,7299466667e+01, 2,4639333333e+04
 1500542400, 2,3000000000e+02, 1,7000000000e+02, 3,8000000000e+01, 2,6987833333e+01, 2,4639423333e+04
 1500542700, 2,1525000000e+02, 1,6213333333e+02, 3,4066666667e+01, 2,7030433333e+01, 2,4640366667e+04
 1500543000, 2,2680000000e+02, 1,7301333333e+02, 3,5573333333e+01, 2,6904166667e+01, 2,4640980000e+04
 1500543300, 2,1240000000e+02, 1,7482666667e+02, 3,4826666667e+01, 2,6540300000e+01, 2,4641796667e+04
 1500543600, 2,2126666667e+02, 1,8405333333e+02, 3,4773333333e+01, 2,6647066667e+01, 2,4646213333e+04
 1500543900, 2,5313333333e+02, 1,9850666667e+02, 3,5253333333e+01, 2,6770133333e+01, 2,4646133333e+04
 1500544200, 2,4500000000e+02, 1,9200000000e+02, 3,2000000000e+01, 2,6872466667e+01, 2,4647230000e+04
 1500544500, 2,4500000000e+02, 1,9397333333e+02, 3,7920000000e+01, 2,6832333333e+01, 2,4646563333e+04
 1500544800, 1,8993333333e+02, 1,4208000000e+02, 3,1706666667e+01, 2,6791800000e+01, 2,4649000000e+04
 1500545100, 2,1313333333e+02, 1,6554666667e+02, 2,8826666667e+01, 2,7142433333e+01, 2,4649616667e+04
 1500545400, 2,4773333333e+02, 1,9741333333e+02, 3,1093333333e+01, 2,6617333333e+01, 2,4652720000e+04
 1500545700, 2,6090000000e+02, 2,0600000000e+02, 3,6360000000e+01, 2,6506466667e+01, 2,4654986667e+04
 1500546000, 2,6500000000e+02, 2,0600000000e+02, 3,8000000000e+01, 2,6453233333e+01, 2,4656763333e+04
 1500546300, 1,2193333333e+02, 7,5760000000e+01, 2,8133333333e+01, 2,6481333333e+01, 2,4659600000e+04
 1500546600, 1,7113333333e+02, 1,1648000000e+02, 3,4293333333e+01, 2,6956233333e+01, 2,4659160000e+04
 1500546900, 2,1708333333e+02, 1,6300000000e+02, 3,4833333333e+01, 2,6879133333e+01, 2,4660390000e+04
 1500547200, 2,2646666667e+02, 1,7330666667e+02, 3,4000000000e+01, 2,7111433333e+01, 2,4662546667e+04
 1500547500, 2,1340000000e+02, 1,5821333333e+02, 3,4373333333e+01, 2,6850666667e+01, 2,4665203333e+04
 1500547800, 2,5000000000e+02, 1,9400000000e+02, 3,6000000000e+01, 2,6272466667e+01, 2,4665200000e+04
 1500548100, 2,2050000000e+02, 1,6646666667e+02, 3,4033333333e+01, 2,6656700000e+01, 2,4665780000e+04
 1500548400, 2,3560000000e+02, 1,8004000000e+02, 3,5560000000e+01, 2,6773766667e+01, 2,4668753333e+04
 1500548700, 2,3413333333e+02, 1,8400000000e+02, 3,1306666667e+01, 2,7029433333e+01, 2,4668016667e+04
 1500549000, 2,3386666667e+02, 1,8786666667e+02, 2,8000000000e+01, 2,6938333333e+01, 2,4668763333e+04
 1500549300, 2,3813333333e+02, 1,9213333333e+02, 2,8373333333e+01, 2,7115500000e+01, 2,4668406667e+04
 1500549600, 2,3000000000e+02, 1,8400000000e+02, 3,0000000000e+01, 2,7353566667e+01, 2,4668980000e+04
 1500549900, 2,2508333333e+02, 1,7613333333e+02, 2,8033333333e+01, 2,7176166667e+01, 2,4667046667e+04
 1500550200, 2,4073333333e+02, 1,9173333333e+02, 2,8000000000e+01, 2,7235233333e+01, 2,4667990000e+04
 1500550500, 2,3333333333e+02, 1,8666666667e+02, 2,8000000000e+01, 2,7130200000e+01, 2,4667400000e+04
 1500550800, 2,3266666667e+02, 1,8690000000e+02, 2,8000000000e+01, 2,7396566667e+01, 2,4668423333e+04
 1500551100, 2,4033333333e+02, 1,9352000000e+02, 2,8000000000e+01, 2,7260266667e+01, 2,4669943333e+04
 1500551400, 2,2000000000e+02, 1,7400000000e+02, 2,8000000000e+01, 2,7333566667e+01, 2,4670063333e+04
 1500551700, 2,3966666667e+02, 1,9170000000e+02, 2,8000000000e+01, 2,7348500000e+01, 2,4669556667e+04
 1500552000, 2,4393333333e+02, 1,9672000000e+02, 2,8000000000e+01, 2,7452233333e+01, 2,4668020000e+04
 1500552300, 2,4500000000e+02, 1,8400000000e+02, 2,8000000000e+01, 2,7300166667e+01, 2,4668446667e+04
 1500552600, 2,4500000000e+02, 1,8250666667e+02, 2,8000000000e+01, 2,7185733333e+01, 2,4667586667e+04
 1500552900, 2,4041666667e+02, 1,9233333333e+02, 2,8000000000e+01, 2,7193766667e+01, 2,4669160000e+04
 1500553200, 2,2000000000e+02, 1,7600000000e+02, 2,8000000000e+01, 2,7259700000e+01, 2,4670583333e+04
 1500553500, 2,4466666667e+02, 1,9770666667e+02, 2,8000000000e+01, 2,7252000000e+01, 2,4669986667e+04
 1500553800, 2,2533333333e+02, 1,8069333333e+02, 2,8000000000e+01, 2,7149400000e+01, 2,4669603333e+04
 1500554100, 2,3458333333e+02, 1,8883333333e+02, 2,9166666667e+01, 2,7161400000e+01, 2,4670380000e+04
 1500554400, 2,3925000000e+02, 1,9263333333e+02, 2,9233333333e+01, 2,7295466667e+01, 2,4670036667e+04
 1500554700, 2,3275000000e+02, 1,8620000000e+02, 2,8366666667e+01, 2,7442866667e+01, 2,4670363333e+04
 1500555000, 2,4500000000e+02, 1,9600000000e+02, 3,0000000000e+01, 2,7581533333e+01, 2,4669430000e+04
 1500555300, 2,2033333333e+02, 1,7429333333e+02, 2,8026666667e+01, 2,7602766667e+01, 2,4671583333e+04
 1500555600, 2,3958333333e+02, 1,9123333333e+02, 2,8000000000e+01, 2,7650733333e+01, 2,4672020000e+04
 1500555900, 2,3340000000e+02, 1,8556000000e+02, 2,8000000000e+01, 2,7686166667e+01, 2,4669786667e+04
 1500556200, 2,3075000000e+02, 1,8260000000e+02, 2,8766666667e+01, 2,7654600000e+01, 2,4669626667e+04
 1500556500, 2,4000000000e+02, 1,9000000000e+02, 2,9626666667e+01, 2,7550900000e+01, 2,4671950000e+04
 1500556800, 2,4000000000e+02, 1,9000000000e+02, 2,8000000000e+01, 2,7509300000e+01, 2,4670210000e+04
 1500557100, 2,4491666667e+02, 1,9590000000e+02, 2,9966666667e+01, 2,7515933333e+01, 2,4671843333e+04
 1500557400, 2,2940000000e+02, 1,8040000000e+02, 2,8440000000e+01, 2,7520566667e+01, 2,4671170000e+04
 1500557700, 2,3666666667e+02, 1,8883333333e+02, 2,8000000000e+01, 2,7432666667e+01, 2,4670203333e+04
 1500558000, 2,3920000000e+02, 1,9336000000e+02, 2,8000000000e+01, 2,7348766667e+01, 2,4671606667e+04
 1500558300, 2,3280000000e+02, 1,8786666667e+02, 2,8000000000e+01, 2,7338233333e+01, 2,4669436667e+04
 1500558600, 2,4500000000e+02, 1,9600000000e+02, 2,8000000000e+01, 2,7329966667e+01, 2,4667230000e+04
 1500558900, 2,2033333333e+02, 1,7429333333e+02, 2,8000000000e+01, 2,7357433333e+01, 2,4666770000e+04
 1500559200, 2,3958333333e+02, 1,9280000000e+02, 2,9566666667e+01, 2,7466200000e+01, 2,4668386667e+04
 1500559500, 2,3620000000e+02, 1,8978666667e+02, 2,8826666667e+01, 2,7381700000e+01, 2,4668063333e+04
 1500559800, 2,3575000000e+02, 1,8630000000e+02, 2,8000000000e+01, 2,7350633333e+01, 2,4667586667e+04
 1500560100, 2,4033333333e+02, 1,8626666667e+02, 2,8000000000e+01, 2,7245700000e+01, 2,4667203333e+04
 1500560400, 2,2000000000e+02, 1,7000000000e+02, 2,8000000000e+01, 2,7182100000e+01, 2,4653553333e+04
 1500560700, 2,4458333333e+02, 1,9556666667e+02, 2,8000000000e+01, 2,7222400000e+01, 2,4646480000e+04
 1500561000, 2,2533333333e+02, 1,8026666667e+02, 2,8000000000e+01, 2,7272733333e+01, 2,4647406667e+04
 1500561300, 2,3458333333e+02, 1,8883333333e+02, 2,9166666667e+01, 2,7402933333e+01, 2,4645830000e+04
 1500561600, 2,4113333333e+02, 1,9336000000e+02, 2,9226666667e+01, 2,7360166667e+01, 2,4646770000e+04
 1500561900, 2,3683333333e+02, 1,8783333333e+02, 2,8000000000e+01, 2,7305266667e+01, 2,4648003333e+04
 1500562200, 2,4500000000e+02, 1,9600000000e+02, 2,8000000000e+01, 2,7246100000e+01, 2,4646826667e+04
 1500562500, 2,2033333333e+02, 1,7232000000e+02, 2,8000000000e+01, 2,6627533333e+01, 1,8838150000e+04
 1500562800, 9,0750000000e+01, 5,7633333333e+01, 1,5466666667e+01, 2,1568433333e+01, 1,0289136667e+04
 1500563100, 5,5000000000e+01, 2,6000000000e+01, 1,2000000000e+01, 1,7699066667e+01, 9,8486133333e+03
 1500563400, 5,6933333333e+01, 2,6773333333e+01, 1,2773333333e+01, 1,5209066667e+01, 1,0096040000e+04
 1500563700, 9,9200000000e+01, 5,8613333333e+01, 2,2586666667e+01, 1,2901600000e+01, 1,0314466667e+04
 1500564000, 2,7000000000e+02, 1,9200000000e+02, 6,0000000000e+01, 1,1143333333e+01, 1,0060240000e+04
 1500564300, 2,7000000000e+02, 1,9002666667e+02, 6,0000000000e+01, 1,0468666667e+01, 9,8708533333e+03
 1500564600, 2,6606666667e+02, 1,8685333333e+02, 5,8426666667e+01, 9,8489333333e+00, 1,0309186667e+04
 1500564900, 1,4180000000e+02, 9,2133333333e+01, 3,1013333333e+01, 8,9165333333e+00, 1,0295866667e+04
 1500565200, 5,5000000000e+01, 2,6773333333e+01, 1,2000000000e+01, 8,5429333333e+00, 9,8511333333e+03
 1500565500, 5,5000000000e+01, 2,8000000000e+01, 1,2000000000e+01, 8,6349333333e+00, 1,0322226667e+04
 1500565800, 5,5000000000e+01, 2,8000000000e+01, 1,2000000000e+01, 7,1138666667e+00, 1,5438786667e+04
 1500566100, 9,4466666667e+01, 5,3653333333e+01, 2,3840000000e+01, 5,7321333333e+00, 1,5501200000e+04
 1500566400, 2,0906666667e+02, 1,5784000000e+02, 3,3440000000e+01, 7,9465333333e+00, 1,6029240000e+04
 1500566700, 1,7546666667e+02, 1,2498666667e+02, 3,1306666667e+01, 8,4662666667e+00, 1,5923040000e+04
 1500567000, 1,2806666667e+02, 8,1226666667e+01, 2,8000000000e+01, 7,2601333333e+00, 1,5916160000e+04
 1500567300, 1,2406666667e+02, 7,8506666667e+01, 2,7626666667e+01, 6,3500000000e+00, 1,5895946667e+04
 1500567600, 1,2000000000e+02, 7,2000000000e+01, 2,6000000000e+01, 5,2944000000e+00, 1,4746800000e+04
 1500567900, 8,5466666667e+01, 4,6346666667e+01, 2,2053333333e+01, 4,3944000000e+00, 1,4707506667e+04
 1500568200, 6,5333333333e+01, 3,3413333333e+01, 1,5706666667e+01, 4,0620000000e+00, 1,4854866667e+04
 1500568500, 1,5386666667e+02, 1,0861333333e+02, 2,6906666667e+01, 6,8621333333e+00, 1,5167293333e+04
 1500568800, 1,8326666667e+02, 1,3074666667e+02, 3,2906666667e+01, 6,5868000000e+00, 1,5094013333e+04
 1500569100, 1,2500000000e+02, 7,8000000000e+01, 2,8000000000e+01, 5,8980000000e+00, 1,5092773333e+04
 1500569400, 1,2500000000e+02, 7,8000000000e+01, 2,8000000000e+01, 5,1914666667e+00, 1,4987946667e+04
 1500569700, 8,0600000000e+01, 4,6426666667e+01, 1,6160000000e+01, 4,3598666667e+00, 1,4708786667e+04
 1500570000, 9,1800000000e+01, 5,2293333333e+01, 2,2293333333e+01, 3,9373333333e+00, 1,4823080000e+04
 1500570300, 1,8006666667e+02, 1,2909333333e+02, 3,2213333333e+01, 6,8096000000e+00, 1,5262826667e+04
 1500570600, 1,9553333333e+02, 1,4256000000e+02, 3,4906666667e+01, 6,7874666667e+00, 1,5180026667e+04
 1500570900, 1,2406666667e+02, 7,8880000000e+01, 2,9253333333e+01, 6,0334666667e+00, 1,5160906667e+04
 1500571200, 1,2000000000e+02, 7,4000000000e+01, 2,6000000000e+01, 5,1925333333e+00, 1,4713733333e+04
 1500571500, 6,0800000000e+01, 2,8613333333e+01, 1,4160000000e+01, 4,3318666667e+00, 1,4711813333e+04
 1500571800, 6,3933333333e+01, 2,9573333333e+01, 1,5573333333e+01, 4,8204000000e+00, 1,5091280000e+04
 1500572100, 1,2366666667e+02, 7,8106666667e+01, 2,5386666667e+01, 7,0489333333e+00, 1,5251733333e+04
 1500572400, 1,4953333333e+02, 9,8853333333e+01, 3,0453333333e+01, 6,3400000000e+00, 1,5220386667e+04
 1500572700, 1,2033333333e+02, 7,3520000000e+01, 2,7626666667e+01, 5,6717333333e+00, 1,5182933333e+04
 1500573000, 1,0000000000e+02, 5,4000000000e+01, 2,6000000000e+01, 4,7778666667e+00, 1,5029680000e+04
 1500573300, 9,5066666667e+01, 5,4000000000e+01, 2,4026666667e+01, 4,0208000000e+00, 1,4710213333e+04
 1500573600, 2,0513333333e+02, 1,5154666667e+02, 3,3440000000e+01, 5,9081333333e+00, 1,5369040000e+04
 1500573900, 1,7046666667e+02, 1,2050666667e+02, 3,1306666667e+01, 6,7110666667e+00, 1,5268946667e+04
 1500574200, 1,2500000000e+02, 7,8453333333e+01, 2,8000000000e+01, 5,9885333333e+00, 1,5264413333e+04
 1500574500, 1,1473333333e+02, 6,8533333333e+01, 2,5760000000e+01, 5,3714666667e+00, 1,3890013333e+04
 1500574800, 7,0000000000e+01, 3,6000000000e+01, 1,6000000000e+01, 5,8298666667e+00, 1,0043133333e+04
 1500575100, 1,4893333333e+02, 1,0704000000e+02, 2,5866666667e+01, 6,7117333333e+00, 3,7265266667e+04
 1500575400, 1,5786666667e+02, 1,1429333333e+02, 2,6000000000e+01, 7,3545333333e+00, 4,4721613333e+04
 1500575700, 1,5706666667e+02, 1,1365333333e+02, 2,6000000000e+01, 7,8305333333e+00, 4,4722600000e+04
 1500576000, 1,5500000000e+02, 1,1200000000e+02, 2,6000000000e+01, 8,1718666667e+00, 4,4720013333e+04
 1500576300, 1,5593333333e+02, 1,1237333333e+02, 2,6000000000e+01, 8,4308000000e+00, 4,4720573333e+04
 1500576600, 1,6000000000e+02, 1,1400000000e+02, 2,6000000000e+01, 8,6102666667e+00, 4,6691666667e+04
 1500576900, 1,5506666667e+02, 1,1005333333e+02, 2,6000000000e+01, 8,5465333333e+00, 5,4575533333e+04
 1500577200, 1,6286666667e+02, 1,1472000000e+02, 2,7573333333e+01, 8,0089333333e+00, 5,4798386667e+04
 1500577500, 1,5913333333e+02, 1,1248000000e+02, 2,6826666667e+01, 7,6345333333e+00, 5,4752346667e+04
 1500577800, 1,5693333333e+02, 1,1232000000e+02, 2,6773333333e+01, 7,4428000000e+00, 5,4846666667e+04
 1500578100, 1,6000000000e+02, 1,1525333333e+02, 2,8000000000e+01, 7,1696000000e+00, 3,8739466667e+04
 1500578400, 1,6000000000e+02, 1,1200000000e+02, 2,8000000000e+01, 7,5814666667e+00, 9,7451466667e+03
 1500578700, 1,5506666667e+02, 1,1200000000e+02, 2,6026666667e+01, 7,9909333333e+00, 4,4215293333e+04
 1500579000, 1,5893333333e+02, 1,1357333333e+02, 2,6000000000e+01, 8,3124000000e+00, 4,4684013333e+04
 1500579300, 1,5706666667e+02, 1,1282666667e+02, 2,6000000000e+01, 8,4796000000e+00, 4,4682120000e+04
 1500579600, 1,5500000000e+02, 1,1200000000e+02, 2,6000000000e+01, 8,3776000000e+00, 4,4674560000e+04
 1500579900, 1,5500000000e+02, 1,1162666667e+02, 2,6000000000e+01, 8,2752000000e+00, 4,4674040000e+04
 1500580200, 1,5500000000e+02, 1,1000000000e+02, 2,6000000000e+01, 8,2048000000e+00, 4,4674000000e+04
 1500580500, 1,4513333333e+02, 1,0408000000e+02, 2,6000000000e+01, 8,1089333333e+00, 5,1543786667e+04
 1500580800, 1,5680000000e+02, 1,1186666667e+02, 2,7573333333e+01, 7,7725333333e+00, 5,4816560000e+04
 1500581100, 1,6000000000e+02, 1,1400000000e+02, 2,8000000000e+01, 7,4108000000e+00, 5,4815800000e+04
 1500581400, 1,6000000000e+02, 1,1400000000e+02, 2,8000000000e+01, 7,0384000000e+00, 5,4817586667e+04
 1500581700, 1,6093333333e+02, 1,1437333333e+02, 2,8000000000e+01, 6,7496000000e+00, 5,4818746667e+04
 1500582000, 1,6500000000e+02, 1,1600000000e+02, 2,8000000000e+01, 6,5562666667e+00, 5,4818453333e+04
 1500582300, 1,6006666667e+02, 1,1402666667e+02, 2,8000000000e+01, 6,6794666667e+00, 5,4818760000e+04
 1500582600, 1,6000000000e+02, 1,1400000000e+02, 2,8000000000e+01, 6,6010666667e+00, 5,4822173333e+04
 1500582900, 1,5120000000e+02, 1,0578666667e+02, 2,6826666667e+01, 6,7024000000e+00, 1,0954560000e+04
 1500583200, 1,4886666667e+02, 1,0464000000e+02, 2,6000000000e+01, 7,0657333333e+00, 3,0226720000e+04
 1500583500, 1,5500000000e+02, 1,1162666667e+02, 2,6000000000e+01, 7,3309333333e+00, 4,4673813333e+04
 1500583800, 1,5500000000e+02, 1,1000000000e+02, 2,6000000000e+01, 7,5257333333e+00, 4,4673413333e+04
 1500584100, 1,5500000000e+02, 1,1000000000e+02, 2,6000000000e+01, 7,6662666667e+00, 4,4673826667e+04
 1500584400, 1,5500000000e+02, 1,1157333333e+02, 2,6000000000e+01, 7,7768000000e+00, 4,4674186667e+04
 1500584700, 1,5500000000e+02, 1,1082666667e+02, 2,6000000000e+01, 7,8412000000e+00, 4,4674600000e+04
 1500585000, 1,5693333333e+02, 1,1154666667e+02, 2,6773333333e+01, 7,8630666667e+00, 5,1591626667e+04
 1500585300, 1,6000000000e+02, 1,1400000000e+02, 2,8000000000e+01, 7,5312000000e+00, 5,4816746667e+04
 1500585600, 1,6000000000e+02, 1,1400000000e+02, 2,8000000000e+01, 7,1257333333e+00, 5,4815440000e+04
 1500585900, 1,6000000000e+02, 1,1400000000e+02, 2,8000000000e+01, 6,8350666667e+00, 5,4817360000e+04
 1500586200, 1,6000000000e+02, 1,1400000000e+02, 2,8000000000e+01, 6,6074666667e+00, 5,4819000000e+04
 1500586500, 1,6000000000e+02, 1,1517333333e+02, 2,8000000000e+01, 6,4796000000e+00, 5,4817400000e+04
 1500586800, 1,6000000000e+02, 1,1522666667e+02, 2,8000000000e+01, 6,3514666667e+00, 5,4771400000e+04
 1500587100, 1,5720000000e+02, 1,1176000000e+02, 2,7626666667e+01, 6,2565333333e+00, 3,7998213333e+04
 1500587400, 1,4500000000e+02, 1,0200000000e+02, 2,6000000000e+01, 6,6437333333e+00, 9,9969333333e+03
 1500587700, 1,5486666667e+02, 1,0989333333e+02, 2,6000000000e+01, 7,0316000000e+00, 4,4206720000e+04
 1500588000, 1,5500000000e+02, 1,1157333333e+02, 2,6000000000e+01, 7,3088000000e+00, 4,4673973333e+04
 1500588300, 1,5500000000e+02, 1,1082666667e+02, 2,6000000000e+01, 7,5213333333e+00, 4,4675586667e+04
 1500588600, 1,5500000000e+02, 1,1077333333e+02, 2,6000000000e+01, 7,6704000000e+00, 4,4675200000e+04
 1500588900, 1,5500000000e+02, 1,1162666667e+02, 2,6000000000e+01, 7,7788000000e+00, 4,4676373333e+04
 1500589200, 1,5500000000e+02, 1,1000000000e+02, 2,6000000000e+01, 7,8244000000e+00, 4,7491813333e+04
 1500589500, 1,5993333333e+02, 1,1197333333e+02, 2,7973333333e+01, 7,8289333333e+00, 5,4577786667e+04
 1500589800, 1,6000000000e+02, 1,1200000000e+02, 2,8000000000e+01, 7,5368000000e+00, 5,4815400000e+04
 1500590100, 1,6000000000e+02, 1,1317333333e+02, 2,8000000000e+01, 7,0045333333e+00, 5,4771786667e+04
 1500590400, 1,6000000000e+02, 1,1400000000e+02, 2,8000000000e+01, 6,8964000000e+00, 5,4818613333e+04
 1500590700, 1,6000000000e+02, 1,1400000000e+02, 2,8000000000e+01, 6,6946666667e+00, 5,4818146667e+04
 1500591000, 1,6000000000e+02, 1,1400000000e+02, 2,8000000000e+01, 6,5517333333e+00, 5,4818026667e+04
 1500591300, 1,6000000000e+02, 1,1400000000e+02, 2,8000000000e+01, 6,4394666667e+00, 5,4774573333e+04
 1500591600, 1,6000000000e+02, 1,1400000000e+02, 2,8000000000e+01, 6,2957333333e+00, 5,4769200000e+04
 1500591900, 1,1600000000e+02, 7,2933333333e+01, 2,4480000000e+01, 5,8920000000e+00, 1,3445333333e+04
 1500592200, 8,8866666667e+01, 4,7866666667e+01, 2,2773333333e+01, 5,2524000000e+00, 1,5731293333e+04
 1500592500, 1,0246666667e+02, 6,0346666667e+01, 2,4746666667e+01, 7,5757333333e+00, 1,6073853333e+04
 1500592800, 1,3500000000e+02, 8,8000000000e+01, 2,8000000000e+01, 6,7101333333e+00, 1,6007840000e+04
 1500593100, 1,3006666667e+02, 8,0106666667e+01, 2,8000000000e+01, 5,7016000000e+00, 1,6008013333e+04
 1500593400, 1,2213333333e+02, 7,3706666667e+01, 2,6426666667e+01, 4,7661333333e+00, 1,5015000000e+04
 1500593700, 1,0533333333e+02, 6,1440000000e+01, 2,4826666667e+01, 4,0744000000e+00, 1,4921720000e+04
 1500594000, 1,2013333333e+02, 7,5653333333e+01, 2,7093333333e+01, 6,2892000000e+00, 1,5243000000e+04
 1500594300, 1,5346666667e+02, 1,0402666667e+02, 3,1253333333e+01, 5,7460000000e+00, 1,5182466667e+04
 1500594600, 1,2500000000e+02, 7,8000000000e+01, 2,8000000000e+01, 5,0025333333e+00, 1,5181213333e+04
 1500594900, 1,2500000000e+02, 7,6026666667e+01, 2,8000000000e+01, 4,2164000000e+00, 1,4628973333e+04
 1500595200, 1,0140000000e+02, 5,8693333333e+01, 2,4853333333e+01, 3,3718666667e+00, 1,4645373333e+04
 1500595500, 1,8300000000e+02, 1,3144000000e+02, 3,1040000000e+01, 5,3524000000e+00, 1,5308453333e+04
 1500595800, 1,9860000000e+02, 1,4346666667e+02, 3,2906666667e+01, 5,5654000000e+00, 1,5227593333e+04
 1500596100, 1,2500000000e+02, 7,6726666667e+01, 2,8000000000e+01, 4,8919666667e+00, 1,5230976667e+04
 1500596400, 1,2313333333e+02, 7,6880000000e+01, 2,7626666667e+01, 4,3186666667e+00, 1,5179066667e+04
 1500596700, 1,1500000000e+02, 7,2000000000e+01, 2,6000000000e+01, 3,5384000000e+00, 1,4681253333e+04
 1500597000, 1,0020000000e+02, 5,6213333333e+01, 2,4026666667e+01, 5,4021333333e+00, 1,5314013333e+04
 1500597300, 1,2360000000e+02, 7,4880000000e+01, 2,8720000000e+01, 5,7250666667e+00, 1,5226800000e+04
 1500597600, 1,2706666667e+02, 7,8826666667e+01, 2,8826666667e+01, 4,9969333333e+00, 1,5214893333e+04
 1500597900, 1,1533333333e+02, 6,8720000000e+01, 2,6453333333e+01, 4,1490666667e+00, 1,5042000000e+04
 1500598200, 9,9066666667e+01, 5,4000000000e+01, 2,4000000000e+01, 3,4834666667e+00, 1,4803026667e+04
 1500598500, 9,5000000000e+01, 5,4000000000e+01, 2,4000000000e+01, 6,0675666667e+00, 1,5310310000e+04
 1500598800, 1,2460000000e+02, 7,9653333333e+01, 2,7946666667e+01, 5,8704000000e+00, 1,5226373333e+04
 1500599100, 1,2893333333e+02, 8,0000000000e+01, 2,8000000000e+01, 5,0876000000e+00, 1,5216280000e+04
 1500599400, 1,1240000000e+02, 6,4746666667e+01, 2,6826666667e+01, 4,1823333333e+00, 1,4149666667e+04
 1500599700, 8,2600000000e+01, 4,3173333333e+01, 1,9813333333e+01, 3,1904000000e+00, 9,6049866667e+03
 1500600000, 5,5000000000e+01, 2,6000000000e+01, 1,0373333333e+01, 2,3240000000e+00, 9,5992133333e+03
 1500600300, 5,5000000000e+01, 2,6000000000e+01, 1,2000000000e+01, 1,6873333333e+00, 9,5988000000e+03
 1500600600, 6,4866666667e+01, 3,1920000000e+01, 1,3973333333e+01, 1,2470666667e+00, 9,6022266667e+03
 1500600900, 6,5000000000e+01, 3,2000000000e+01, 1,4000000000e+01, 9,3033333333e-01, 9,6041533333e+03
 1500601200, 5,7133333333e+01, 2,7280000000e+01, 1,2426666667e+01, 6,9080000000e-01, 9,6009866667e+03
 1500601500, 5,5000000000e+01, 2,6000000000e+01, 1,2000000000e+01, 5,2386666667e-01, 9,6004000000e+03
 1500601800, 5,5000000000e+01, 2,6000000000e+01, 1,2000000000e+01, 4,0733333333e-01, 9,6009866667e+03
 1500602100, 5,5000000000e+01, 2,6000000000e+01, 1,2000000000e+01, 3,1320000000e-01, 9,6034133333e+03
 1500602400, 5,5000000000e+01, 2,6000000000e+01, 1,2000000000e+01, 2,4866666667e-01, 9,6015866667e+03
 1500602700, 5,5000000000e+01, 2,6000000000e+01, 1,2000000000e+01, 2,0453333333e-01, 9,6015300000e+03
 1500603000, 5,5000000000e+01, 2,6000000000e+01, 1,2000000000e+01, 1,7053333333e-01, 9,5994133333e+03
 1500603300, 5,5000000000e+01, 2,6000000000e+01, 1,0826666667e+01, 1,4813333333e-01, 9,5988000000e+03
 1500603600, 5,5000000000e+01, 2,6000000000e+01, 1,0773333333e+01, 1,3413333333e-01, 9,6001866667e+03
 1500603900, 5,5000000000e+01, 2,6000000000e+01, 1,2000000000e+01, 1,3200000000e-01, 9,6011633333e+03
 1500604200, 5,5000000000e+01, 2,6000000000e+01, 1,2000000000e+01, 1,2213333333e-01, 9,6032266667e+03
 1500604500, 5,5000000000e+01, 2,6000000000e+01, 1,2000000000e+01, 1,2000000000e-01, 9,6015866667e+03
 1500604800, 5,8933333333e+01, 3,0720000000e+01, 1,2000000000e+01, 1,2013333333e-01, 9,6018000000e+03
 1500605100, 6,5866666667e+01, 3,4346666667e+01, 1,4346666667e+01, 1,0813333333e-01, 9,6022000000e+03
 1500605400, 6,4200000000e+01, 3,2133333333e+01, 1,4453333333e+01, 9,4133333333e-02, 9,5994266667e+03
 1500605700, 5,5000000000e+01, 2,6000000000e+01, 1,2000000000e+01, 7,8133333333e-02, 9,6015600000e+03
 1500606000, 5,5000000000e+01, 2,6000000000e+01, 1,2000000000e+01, 8,7866666667e-02, 9,6003066667e+03
 1500606300, 5,5000000000e+01, 2,6000000000e+01, 1,2000000000e+01, 9,6000000000e-02, 9,6008133333e+03
 1500606600, 5,5000000000e+01, 2,6000000000e+01, 1,2000000000e+01, 8,2133333333e-02, 9,6016000000e+03
 1500606900, 5,5000000000e+01, 2,6000000000e+01, 1,0846666667e+01, 8,1866666667e-02, 9,6019200000e+03
 1500607200, 5,5000000000e+01, 2,6000000000e+01, 1,0773333333e+01, 1,0350000000e-01, 9,6039933333e+03
 1500607500, 5,5000000000e+01, 2,6000000000e+01, 1,2000000000e+01, 1,1613333333e-01, 9,6039333333e+03
 1500607800, 5,5000000000e+01, 2,6000000000e+01, 1,2000000000e+01, 1,0613333333e-01, 9,6074933333e+03
 1500608100, 5,5000000000e+01, 2,6000000000e+01, 1,2000000000e+01, 1,0200000000e-01, 9,6025066667e+03
 1500608400, 5,5000000000e+01, 2,6000000000e+01, 1,2000000000e+01, 9,0133333333e-02, 9,6013866667e+03
 1500608700, 5,5000000000e+01, 2,6000000000e+01, 1,2000000000e+01, 8,4133333333e-02, 9,6015866667e+03
 1500609000, 5,8866666667e+01, 2,8320000000e+01, 1,2773333333e+01, 7,4133333333e-02, 9,6018133333e+03
 1500609300, 6,3133333333e+01, 3,0880000000e+01, 1,3626666667e+01, 9,1733333333e-02, 9,6024000000e+03
 1500609600, 5,5000000000e+01, 2,6000000000e+01, 1,2000000000e+01, 1,0373333333e-01, 9,6000000000e+03
 1500609900, 5,5000000000e+01, 2,6000000000e+01, 1,2000000000e+01, 1,0800000000e-01, 9,6016133333e+03
 1500610200, 5,5000000000e+01, 2,6000000000e+01, 1,2000000000e+01, 9,2266666667e-02, 9,6013866667e+03
 1500610500, 5,5000000000e+01, 2,6000000000e+01, 1,2000000000e+01, 9,0000000000e-02, 9,6026000000e+03
 1500610800, 5,5000000000e+01, 2,6773333333e+01, 1,2000000000e+01, 8,2000000000e-02, 9,6318933333e+03
 1500611100, 6,2466666667e+01, 3,2106666667e+01, 1,4240000000e+01, 2,6570000000e-01, 1,0509373333e+04
 1500611400, 9,5000000000e+01, 5,0000000000e+01, 2,4000000000e+01, 1,0032000000e+00, 1,9614320000e+04
 1500611700, 1,5913333333e+02, 1,1314666667e+02, 2,5973333333e+01, 2,8493333333e+00, 2,9623493333e+04
 1500612000, 1,6000000000e+02, 1,1400000000e+02, 2,6000000000e+01, 4,2696000000e+00, 3,1940693333e+04
 1500612300, 1,5706666667e+02, 1,1165333333e+02, 2,6000000000e+01, 5,2872000000e+00, 3,3069553333e+04
 1500612600, 1,5693333333e+02, 1,1154666667e+02, 2,6000000000e+01, 6,0590666667e+00, 3,3771973333e+04
 1500612900, 1,6000000000e+02, 1,1400000000e+02, 2,6000000000e+01, 6,6077333333e+00, 3,4308573333e+04
 1500613200, 1,6000000000e+02, 1,1400000000e+02, 2,6000000000e+01, 6,9894666667e+00, 3,5115640000e+04
 1500613500, 1,6000000000e+02, 1,1400000000e+02, 2,6000000000e+01, 7,2845333333e+00, 3,5892173333e+04
 1500613800, 1,6393333333e+02, 1,1714666667e+02, 2,6000000000e+01, 7,4877333333e+00, 3,6401160000e+04
 1500614100, 1,6206666667e+02, 1,1448000000e+02, 2,6000000000e+01, 7,6169333333e+00, 3,6714840000e+04
 1500614400, 1,6000000000e+02, 1,1200000000e+02, 2,6000000000e+01, 7,7142666667e+00, 3,6863106667e+04
 1500614700, 1,5906666667e+02, 1,1200000000e+02, 2,6000000000e+01, 7,7933333333e+00, 3,7232200000e+04
 1500615000, 1,5500000000e+02, 1,1200000000e+02, 2,6000000000e+01, 7,8670666667e+00, 3,7635426667e+04
 1500615300, 1,5500000000e+02, 1,1200000000e+02, 2,6000000000e+01, 7,9057333333e+00, 3,7821853333e+04
 1500615600, 1,5893333333e+02, 1,1200000000e+02, 2,7573333333e+01, 7,9001333333e+00, 3,7860733333e+04
 1500615900, 1,6000000000e+02, 1,1317333333e+02, 2,6826666667e+01, 7,9294666667e+00, 3,7829533333e+04
 1500616200, 1,5806666667e+02, 1,1322666667e+02, 2,6000000000e+01, 7,9497333333e+00, 3,7821520000e+04
 1500616500, 1,5593333333e+02, 1,1237333333e+02, 2,6000000000e+01, 7,9520000000e+00, 3,7976400000e+04
 1500616800, 1,6000000000e+02, 1,1400000000e+02, 2,6000000000e+01, 7,9601333333e+00, 3,8013093333e+04
 1500617100, 1,6000000000e+02, 1,1400000000e+02, 2,6000000000e+01, 7,9618666667e+00, 3,8011520000e+04
 1500617400, 1,6000000000e+02, 1,1400000000e+02, 2,6000000000e+01, 7,6886666667e+00, 2,7978213333e+04
 1500617700, 1,2186666667e+02, 7,8800000000e+01, 2,4826666667e+01, 6,2264000000e+00, 1,2724333333e+04
 1500618000, 9,3066666667e+01, 5,3226666667e+01, 2,2453333333e+01, 4,9300000000e+00, 1,1332360000e+04
 1500618300, 9,0933333333e+01, 5,2373333333e+01, 2,1120000000e+01, 3,8334666667e+00, 1,0993800000e+04
 1500618600, 9,5000000000e+01, 5,4000000000e+01, 2,6000000000e+01, 2,8602666667e+00, 9,7344933333e+03
 1500618900, 5,5533333333e+01, 2,6373333333e+01, 1,2186666667e+01, 2,0870666667e+00, 9,6642000000e+03
 1500619200, 5,5000000000e+01, 2,6000000000e+01, 1,2000000000e+01, 1,5225333333e+00, 9,6644000000e+03
 1500619500, 5,5000000000e+01, 2,6000000000e+01, 1,0826666667e+01, 1,1265333333e+00, 9,6647866667e+03
 1500619800, 5,5000000000e+01, 2,6000000000e+01, 1,0773333333e+01, 8,5733333333e-01, 9,6652133333e+03
 1500620100, 5,5000000000e+01, 2,6000000000e+01, 1,2000000000e+01, 6,3280000000e-01, 9,6653866667e+03
 1500620400, 5,5000000000e+01, 2,6000000000e+01, 1,2000000000e+01, 4,6786666667e-01, 9,6659733333e+03
 1500620700, 5,5000000000e+01, 2,6000000000e+01, 1,0026666667e+01, 3,4733333333e-01, 9,6685733333e+03
 1500621000, 5,5000000000e+01, 2,6000000000e+01, 1,1573333333e+01, 2,6906666667e-01, 9,6726000000e+03
 1500621300, 5,5000000000e+01, 2,6000000000e+01, 1,2000000000e+01, 2,0853333333e-01, 9,6682133333e+03
 1500621600, 5,5000000000e+01, 2,6000000000e+01, 1,2000000000e+01, 1,6840000000e-01, 9,6695333333e+03
 1500621900, 5,5000000000e+01, 2,6000000000e+01, 1,1626666667e+01, 1,3840000000e-01, 9,6704133333e+03
 1500622200, 5,5000000000e+01, 2,6000000000e+01, 1,0000000000e+01, 1,2013333333e-01, 9,6706400000e+03
 1500622500, 5,9933333333e+01, 3,1920000000e+01, 1,1973333333e+01, 1,1226666667e-01, 9,6697866667e+03
 1500622800, 5,6066666667e+01, 2,7280000000e+01, 1,2000000000e+01, 1,0600000000e-01, 9,6706133333e+03
 1500623100, 5,5000000000e+01, 2,6000000000e+01, 1,2000000000e+01, 9,0266666667e-02, 9,6694000000e+03
 1500623400, 5,5000000000e+01, 2,6000000000e+01, 1,2000000000e+01, 7,2133333333e-02, 9,6693733333e+03
 1500623700, 5,5000000000e+01, -nan, 1,1626666667e+01, 1,1066666667e-01, 9,8758400000e+03
 1500624000, 5,5000000000e+01, -nan, 1,0000000000e+01, 2,3729333333e+00, 1,0146933333e+04
 1500624300, 5,5000000000e+01, -nan, 1,1973333333e+01, 3,4922666667e+00, 1,0352506667e+04
 1500624600, 5,5000000000e+01, -nan, 1,2000000000e+01, 4,3742666667e+00, 1,0103440000e+04
 1500624900, 1,4886666667e+02, -nan, 2,9600000000e+01, 5,5930666667e+00, 9,9216666667e+03
 1500625200, 1,5313333333e+02, -nan, 3,0400000000e+01, 4,2344000000e+00, 9,6698266667e+03
 1500625500, 5,5000000000e+01, -nan, 1,2000000000e+01, 3,0776000000e+00, 9,6692133333e+03
 1500625800, -nan, -nan, 1,2000000000e+01, 2,2456000000e+00, -nan
 1500626100, -nan, -nan, 1,2000000000e+01, 1,6508000000e+00, -nan
 1500626400, -nan, -nan, 1,2000000000e+01, 1,2130666667e+00, -nan
 1500626700, -nan, -nan, 1,3173333333e+01, 1,1752000000e+00, -nan
 1500627000, -nan, -nan, -nan, -nan, -nan
 1500627300, -nan, -nan, -nan, -nan, -nan
