 Time, ttl_pwr, cpu_pwr, mem_pwr, cpu_load, mem_load
 1500620520, 5,0000000000e+01, 2,4000000000e+01, 1,0000000000e+01, 3,7650000000e-01, 1,0338766667e+04
 1500620580, 5,0000000000e+01, 2,4000000000e+01, 1,0000000000e+01, 3,4883333333e-01, 1,0337116667e+04
 1500620640, 5,0000000000e+01, 2,4000000000e+01, 1,0000000000e+01, 3,3766666667e-01, 1,0337766667e+04
 1500620700, 5,0000000000e+01, 2,4000000000e+01, 1,0000000000e+01, 3,1766666667e-01, 1,0336116667e+04
 1500620760, 5,0000000000e+01, 2,4000000000e+01, 1,0000000000e+01, 2,9883333333e-01, 1,0337116667e+04
 1500620820, 5,0000000000e+01, 2,4000000000e+01, 1,0000000000e+01, 2,8766666667e-01, 1,0338233333e+04
 1500620880, 5,0000000000e+01, 2,4000000000e+01, 1,0000000000e+01, 2,6883333333e-01, 1,0339766667e+04
 1500620940, 5,0000000000e+01, 2,3766666667e+01, 1,0000000000e+01, 2,5766666667e-01, 1,0338233333e+04
 1500621000, 5,0000000000e+01, 2,2000000000e+01, 1,0000000000e+01, 2,3883333333e-01, -nan
 1500621060, 5,0000000000e+01, 2,2000000000e+01, 1,0000000000e+01, 2,2883333333e-01, -nan
 1500621120, 5,0000000000e+01, 2,2000000000e+01, 1,0000000000e+01, 2,2000000000e-01, -nan
 1500621180, 5,0000000000e+01, 2,2000000000e+01, 1,0000000000e+01, 2,1883333333e-01, -nan
 1500621240, 5,0000000000e+01, 2,2000000000e+01, 1,0000000000e+01, 2,1000000000e-01, -nan
 1500621300, 5,0000000000e+01, 2,2233333333e+01, 1,0000000000e+01, 2,1000000000e-01, -nan
 1500621360, 5,0000000000e+01, 2,4000000000e+01, 1,0000000000e+01, 2,0883333333e-01, -nan
 1500621420, 5,0000000000e+01, 2,4000000000e+01, 1,0000000000e+01, 1,9883333333e-01, -nan
 1500621480, 5,0000000000e+01, 2,4000000000e+01, 1,0000000000e+01, 1,8883333333e-01, -nan
 1500621540, 5,0000000000e+01, 2,4000000000e+01, 1,0000000000e+01, 1,8000000000e-01, -nan
 1500621600, 5,0000000000e+01, 2,4000000000e+01, 1,0000000000e+01, 1,7766666667e-01, -nan
 1500621660, 5,0000000000e+01, 2,4000000000e+01, 1,0000000000e+01, 1,6116666667e-01, -nan
 1500621720, 5,0000000000e+01, 2,4000000000e+01, 1,0000000000e+01, 1,7000000000e-01, -nan
 1500621780, 5,0000000000e+01, 2,4000000000e+01, 1,0000000000e+01, 1,7000000000e-01, -nan
 1500621840, 5,0000000000e+01, 2,4000000000e+01, 1,0000000000e+01, -nan, -nan
 1500621900, 5,0000000000e+01, 2,4000000000e+01, 1,0000000000e+01, -nan, -nan
 1500621960, 5,0000000000e+01, 2,4000000000e+01, 1,0000000000e+01, -nan, -nan
 1500622020, 5,0000000000e+01, 2,3766666667e+01, 1,0000000000e+01, -nan, -nan
 1500622080, 5,0000000000e+01, 2,2000000000e+01, 1,0000000000e+01, -nan, -nan
 1500622140, 5,0000000000e+01, 2,2000000000e+01, 1,0000000000e+01, -nan, -nan
 1500622200, 5,0000000000e+01, 2,2000000000e+01, 1,0000000000e+01, -nan, -nan
 1500622260, 5,0000000000e+01, 2,2000000000e+01, 1,0000000000e+01, -nan, -nan
 1500622320, 5,0000000000e+01, -nan, 1,0000000000e+01, -nan, -nan
 1500622380, 5,0000000000e+01, -nan, 1,0000000000e+01, -nan, -nan
 1500622440, 5,0000000000e+01, -nan, 1,0000000000e+01, -nan, -nan
 1500622500, 5,0000000000e+01, -nan, 1,0000000000e+01, -nan, -nan
 1500622560, 5,0000000000e+01, -nan, 1,0000000000e+01, -nan, -nan
 1500622620, 5,0000000000e+01, -nan, 1,0000000000e+01, -nan, -nan
 1500622680, 5,0000000000e+01, -nan, 1,0000000000e+01, -nan, -nan
 1500622740, 5,0000000000e+01, -nan, 1,0000000000e+01, -nan, -nan
 1500622800, 5,0000000000e+01, -nan, 1,0000000000e+01, -nan, -nan
 1500622860, 5,0000000000e+01, -nan, 1,0000000000e+01, -nan, -nan
 1500622920, 5,0000000000e+01, -nan, 1,0000000000e+01, -nan, -nan
 1500622980, 5,0000000000e+01, -nan, 1,0000000000e+01, -nan, -nan
 1500623040, 5,0000000000e+01, -nan, 1,0000000000e+01, -nan, -nan
 1500623100, 5,0000000000e+01, -nan, 1,0000000000e+01, -nan, -nan
 1500623160, 5,0000000000e+01, -nan, 1,0000000000e+01, -nan, -nan
 1500623220, 5,0000000000e+01, -nan, 1,0000000000e+01, -nan, -nan
 1500623280, 5,0000000000e+01, -nan, 1,0000000000e+01, -nan, -nan
 1500623340, 5,0000000000e+01, -nan, 1,0000000000e+01, -nan, -nan
 1500623400, 5,0000000000e+01, -nan, 1,0000000000e+01, -nan, -nan
 1500623460, 5,0000000000e+01, -nan, 1,0000000000e+01, -nan, -nan
 1500623520, 5,0000000000e+01, -nan, -nan, -nan, -nan
 1500623580, 5,0000000000e+01, -nan, -nan, -nan, -nan
 1500623640, 5,0000000000e+01, -nan, -nan, -nan, -nan
 1500623700, 5,0000000000e+01, -nan, -nan, -nan, -nan
 1500623760, 5,0000000000e+01, -nan, -nan, -nan, -nan
 1500623820, 5,0000000000e+01, -nan, -nan, -nan, -nan
 1500623880, 5,0000000000e+01, -nan, -nan, -nan, -nan
 1500623940, 5,0000000000e+01, -nan, -nan, -nan, -nan
 1500624000, 5,0000000000e+01, -nan, -nan, -nan, -nan
 1500624060, -nan, -nan, -nan, -nan, -nan
 1500624120, -nan, -nan, -nan, -nan, -nan
