 Time, ttl_pwr, cpu_pwr, mem_pwr, cpu_load, mem_load
 1500448500, 2.4288333333e+02, 1.9315333333e+02, 3.1153333333e+01, 2.4346066667e+01, 3.1778306667e+04
 1500448800, 2.4335000000e+02, 1.9557333333e+02, 2.9553333333e+01, 2.4772166667e+01, 3.1778200000e+04
 1500449100, 2.5371666667e+02, 2.0678666667e+02, 2.7953333333e+01, 2.4733666667e+01, 3.1778153333e+04
 1500449400, 2.0000000000e+02, 1.5600000000e+02, 2.6000000000e+01, 2.4642966667e+01, 3.1781316667e+04
 1500449700, 2.4900000000e+02, 1.9520000000e+02, 3.4166666667e+01, 2.3818666667e+01, 3.1780993333e+04
 1500450000, 2.3506666667e+02, 1.8530000000e+02, 2.9766666667e+01, 2.3881500000e+01, 3.1782023333e+04
 1500450300, 2.0941666667e+02, 1.6299333333e+02, 2.6846666667e+01, 2.4210033333e+01, 3.1783013333e+04
 1500450600, 1.9066666667e+02, 1.4453333333e+02, 2.8000000000e+01, 2.3602300000e+01, 3.1785083333e+04
 1500450900, 1.7630000000e+02, 1.3312000000e+02, 2.8120000000e+01, 2.3087766667e+01, 3.1788273333e+04
 1500451200, 2.4000000000e+02, 1.8800000000e+02, 3.4000000000e+01, 2.3814000000e+01, 3.1791600000e+04
 1500451500, 2.3176666667e+02, 1.8306000000e+02, 3.0706666667e+01, 2.4328400000e+01, 3.1793940000e+04
 1500451800, 2.3308333333e+02, 1.8816666667e+02, 2.7533333333e+01, 2.4495333333e+01, 3.1797663333e+04
 1500452100, 2.4135000000e+02, 1.9708000000e+02, 2.6846666667e+01, 2.5192033333e+01, 3.1798413333e+04
 1500452400, 2.5223333333e+02, 2.0534000000e+02, 2.8446666667e+01, 2.6314900000e+01, 3.1794340000e+04
 1500452700, 2.5941666667e+02, 2.0944000000e+02, 3.0000000000e+01, 2.7186233333e+01, 3.1798340000e+04
 1500453000, 2.3500000000e+02, 1.8600000000e+02, 3.0000000000e+01, 2.7446333333e+01, 3.1802446667e+04
 1500453300, 2.3088333333e+02, 1.8106000000e+02, 3.1646666667e+01, 2.7458633333e+01, 3.1805890000e+04
 1500453600, 2.3311666667e+02, 1.8249333333e+02, 3.2000000000e+01, 2.7329066667e+01, 3.1809470000e+04
 1500453900, 2.4135000000e+02, 1.9246666667e+02, 3.0306666667e+01, 2.8033533333e+01, 3.1812893333e+04
 1500454200, 2.4888333333e+02, 2.0132000000e+02, 2.8893333333e+01, 2.7840666667e+01, 3.1814436667e+04
 1500454500, 2.4488333333e+02, 1.9204666667e+02, 3.1860000000e+01, 2.7859333333e+01, 3.1809293333e+04
 1500454800, 2.4000000000e+02, 1.9400000000e+02, 2.6000000000e+01, 2.8188700000e+01, 3.1813563333e+04
 1500455100, 2.4000000000e+02, 1.9400000000e+02, 2.6000000000e+01, 2.7666700000e+01, 3.1819646667e+04
 1500455400, 2.4000000000e+02, 1.9275333333e+02, 2.8493333333e+01, 2.7526333333e+01, 3.1822070000e+04
 1500455700, 2.4000000000e+02, 1.9200000000e+02, 2.9153333333e+01, 2.7805266667e+01, 3.1825503333e+04
 1500456000, 2.2548333333e+02, 1.7860000000e+02, 2.8000000000e+01, 2.7854566667e+01, 3.1828093333e+04
 1500456300, 1.7640000000e+02, 1.3328000000e+02, 2.8080000000e+01, 2.8325600000e+01, 3.1832863333e+04
 1500456600, 2.4500000000e+02, 1.9600000000e+02, 3.2000000000e+01, 2.8365800000e+01, 3.1837023333e+04
 1500456900, 2.4088333333e+02, 1.8941333333e+02, 3.3646666667e+01, 2.8499566667e+01, 3.1836843333e+04
 1500457200, 2.4000000000e+02, 1.8675333333e+02, 3.4000000000e+01, 2.8487400000e+01, 3.1839470000e+04
 1500457500, 2.4000000000e+02, 1.8938666667e+02, 3.0613333333e+01, 2.8205433333e+01, 3.1843083333e+04
 1500457800, 2.3665000000e+02, 1.8998000000e+02, 2.6893333333e+01, 2.7912100000e+01, 3.1845446667e+04
 1500458100, 2.2535000000e+02, 1.7637333333e+02, 3.0000000000e+01, 2.7988166667e+01, 3.1847763333e+04
 1500458400, 2.4000000000e+02, 1.9200000000e+02, 3.0000000000e+01, 2.7753633333e+01, 3.1852043333e+04
 1500458700, 2.2765000000e+02, 1.7882666667e+02, 3.1646666667e+01, 2.7488533333e+01, 3.1854673333e+04
 1500459000, 2.2811666667e+02, 1.8223333333e+02, 2.8260000000e+01, 2.7333933333e+01, 3.1858093333e+04
 1500459300, 2.2576666667e+02, 1.8092000000e+02, 2.7693333333e+01, 2.6977800000e+01, 3.1861446667e+04
 1500459600, 2.2446666667e+02, 1.7757333333e+02, 3.0000000000e+01, 2.7219300000e+01, 3.1863470000e+04
 1500459900, 2.3991666667e+02, 1.8983333333e+02, 3.0000000000e+01, 2.7066966667e+01, 3.1867723333e+04
 1500460200, 2.3500000000e+02, 1.8000000000e+02, 3.0000000000e+01, 2.7283600000e+01, 3.1871860000e+04
 1500460500, 1.6501666667e+02, 1.1742666667e+02, 2.6706666667e+01, 2.6864233333e+01, 3.1876940000e+04
 1500460800, 1.9363333333e+02, 1.4638666667e+02, 2.9740000000e+01, 2.5787866667e+01, 3.1880583333e+04
 1500461100, 2.3270000000e+02, 1.8216000000e+02, 3.0306666667e+01, 2.5993333333e+01, 3.1883586667e+04
 1500461400, 2.4776666667e+02, 1.9466000000e+02, 2.8446666667e+01, 2.6091266667e+01, 3.1887023333e+04
 1500461700, 2.4000000000e+02, 1.9009333333e+02, 2.9906666667e+01, 2.6485333333e+01, 3.1888116667e+04
 1500462000, 2.4000000000e+02, 1.9400000000e+02, 2.6000000000e+01, 2.6463500000e+01, 3.1890150000e+04
 1500462300, 2.4000000000e+02, 1.9400000000e+02, 2.6000000000e+01, 2.6919900000e+01, 3.1892093333e+04
 1500462600, 2.2760000000e+02, 1.8036000000e+02, 2.7240000000e+01, 2.7132233333e+01, 3.1895446667e+04
 1500462900, 2.2635000000e+02, 1.7623333333e+02, 3.0540000000e+01, 2.7423600000e+01, 3.1896706667e+04
 1500463200, 2.3500000000e+02, 1.8378666667e+02, 3.3106666667e+01, 2.7787666667e+01, 3.1898516667e+04
 1500463500, 2.3488333333e+02, 1.8981333333e+02, 2.9953333333e+01, 2.7590666667e+01, 3.1902740000e+04
 1500463800, 2.3000000000e+02, 1.8200000000e+02, 2.8000000000e+01, 2.7488266667e+01, 3.1905546667e+04
 1500464100, 2.3411666667e+02, 1.8529333333e+02, 2.9646666667e+01, 2.7593666667e+01, 3.1908776667e+04
 1500464400, 2.4123333333e+02, 1.9098666667e+02, 3.0000000000e+01, 2.7720600000e+01, 3.1912093333e+04
 1500464700, 2.4500000000e+02, 1.9569333333e+02, 3.0846666667e+01, 2.8298100000e+01, 3.1915236667e+04
 1500465000, 2.3383333333e+02, 1.8683333333e+02, 3.0660000000e+01, 2.8382966667e+01, 3.1914330000e+04
 1500465300, 1.9605000000e+02, 1.4888666667e+02, 2.6140000000e+01, 2.8610900000e+01, 3.1913670000e+04
 1500465600, 2.4000000000e+02, 1.8600000000e+02, 3.2000000000e+01, 2.8772100000e+01, 3.1918336667e+04
 1500465900, 2.4411666667e+02, 1.9423333333e+02, 3.0353333333e+01, 2.8632166667e+01, 3.1924270000e+04
 1500466200, 2.4500000000e+02, 1.9475333333e+02, 3.1246666667e+01, 2.8641233333e+01, 3.1926093333e+04
 1500466500, 2.4076666667e+02, 1.8976666667e+02, 3.2000000000e+01, 2.8159733333e+01, 3.1929246667e+04
 1500466800, 2.3500000000e+02, 1.8578666667e+02, 3.0660000000e+01, 2.7377633333e+01, 3.1931600000e+04
 1500467100, 2.3511666667e+02, 1.9200000000e+02, 2.6140000000e+01, 2.7602100000e+01, 3.1933116667e+04
 1500467400, 2.4000000000e+02, 1.9200000000e+02, 3.2000000000e+01, 2.7864600000e+01, 3.1937693333e+04
 1500467700, 2.4411666667e+02, 1.9364666667e+02, 3.0353333333e+01, 2.7146666667e+01, 2.6800383333e+04
 1500468000, 1.2656666667e+02, 8.8033333333e+01, 1.7533333333e+01, 2.1236833333e+01, 8.9258233333e+03
 1500468300, 5.2883333333e+01, 2.4000000000e+01, 1.0000000000e+01, 1.5397066667e+01, 8.9262233333e+03
 1500468600, 5.1116666667e+01, 2.4000000000e+01, 1.0000000000e+01, 1.1152566667e+01, 8.9259766667e+03
 1500468900, 5.4883333333e+01, 2.4000000000e+01, 1.0000000000e+01, 8.1067333333e+00, 8.9259766667e+03
 1500469200, 5.0000000000e+01, 2.4000000000e+01, 1.0000000000e+01, 5.8815333333e+00, 8.9262700000e+03
 1500469500, 5.4116666667e+01, 2.7293333333e+01, 1.0000000000e+01, 4.2787333333e+00, 8.9273766667e+03
 1500469800, 5.5000000000e+01, 2.6753333333e+01, 1.0000000000e+01, 3.1053666667e+00, 8.9277300000e+03
 1500470100, 5.5000000000e+01, 2.5153333333e+01, 1.0000000000e+01, 2.2514333333e+00, 8.9275400000e+03
 1500470400, 5.5000000000e+01, 2.4893333333e+01, 1.0000000000e+01, 1.6383333333e+00, 8.9283066667e+03
 1500470700, 5.5000000000e+01, 2.7906666667e+01, 1.0000000000e+01, 1.2080666667e+00, 8.9273766667e+03
 1500471000, 5.5000000000e+01, 2.4000000000e+01, 1.0000000000e+01, 9.0393333333e-01, 8.9254000000e+03
 1500471300, 5.0883333333e+01, 2.4000000000e+01, 1.0000000000e+01, 6.8180000000e-01, 8.9260466667e+03
 1500471600, 5.0000000000e+01, 2.4000000000e+01, 1.0000000000e+01, 5.2096666667e-01, 8.9264000000e+03
 1500471900, 5.0000000000e+01, 2.4000000000e+01, 1.0000000000e+01, 4.0766666667e-01, 8.9264000000e+03
 1500472200, 5.0000000000e+01, 2.4000000000e+01, 1.0000000000e+01, 3.1213333333e-01, 8.9272000000e+03
 1500472500, 5.0116666667e+01, 2.4000000000e+01, 1.0000000000e+01, 2.4260000000e-01, 8.9278233333e+03
 1500472800, 5.5000000000e+01, 2.4000000000e+01, 1.0000000000e+01, 2.0353333333e-01, 8.9282233333e+03
 1500473100, 5.0883333333e+01, 2.4000000000e+01, 1.0000000000e+01, 1.7283333333e-01, 8.9286000000e+03
 1500473400, 5.3116666667e+01, 2.4000000000e+01, 1.0000000000e+01, 1.3776666667e-01, 8.9288000000e+03
 1500473700, 5.5000000000e+01, 2.4000000000e+01, 1.0000000000e+01, 1.2153333333e-01, 8.9294233333e+03
 1500474000, 5.5000000000e+01, 2.4446666667e+01, 1.0446666667e+01, 1.1376666667e-01, 8.9271766667e+03
 1500474300, 5.5000000000e+01, 2.5953333333e+01, 1.1953333333e+01, 9.1533333333e-02, 8.9269766667e+03
 1500474600, 5.5000000000e+01, 2.4000000000e+01, 1.0000000000e+01, 7.1533333333e-02, 8.9270233333e+03
 1500474900, 5.5000000000e+01, 2.4000000000e+01, 1.1646666667e+01, 5.4000000000e-02, 8.9276466667e+03
 1500475200, 5.8116666667e+01, 2.7740000000e+01, 1.3246666667e+01, 5.1766666667e-02, 8.9280233333e+03
 1500475500, 5.7883333333e+01, 3.0000000000e+01, 1.2306666667e+01, 5.6000000000e-02, 8.9281766667e+03
 1500475800, 5.3883333333e+01, 2.8660000000e+01, 1.0000000000e+01, 5.0000000000e-02, 8.9275766667e+03
 1500476100, 5.0000000000e+01, 2.4000000000e+01, 1.0000000000e+01, 5.0000000000e-02, 8.9286466667e+03
 1500476400, 5.0000000000e+01, 2.4000000000e+01, 1.0000000000e+01, 5.4466666667e-02, 8.9280233333e+03
 1500476700, 5.4116666667e+01, 2.7293333333e+01, 1.1646666667e+01, 6.1766666667e-02, 8.9288833333e+03
 1500477000, 5.1883333333e+01, 2.5506666667e+01, 1.0753333333e+01, 6.2233333333e-02, 8.9282000000e+03
 1500477300, 5.2116666667e+01, 2.4000000000e+01, 1.0000000000e+01, 9.0700000000e-02, 8.9284000000e+03
 1500477600, 5.5000000000e+01, 2.4000000000e+01, 1.0446666667e+01, 9.7766666667e-02, 8.9290700000e+03
 1500477900, 5.5000000000e+01, 2.4000000000e+01, 1.1953333333e+01, 8.3766666667e-02, 8.9293300000e+03
 1500478200, 5.5000000000e+01, 2.4000000000e+01, 1.0000000000e+01, 7.1300000000e-02, 8.9292233333e+03
 1500478500, 5.0883333333e+01, 2.4000000000e+01, 1.0000000000e+01, 5.0000000000e-02, 8.9295766667e+03
 1500478800, 5.0000000000e+01, 2.4000000000e+01, 1.0000000000e+01, 5.2000000000e-02, 8.9295766667e+03
 1500479100, 5.0000000000e+01, 2.4000000000e+01, 1.0000000000e+01, 7.5866666667e-02, 8.9306333333e+03
 1500479400, 5.3350000000e+01, 2.5340000000e+01, 1.1786666667e+01, 2.4983333333e-01, 8.9350833333e+03
 1500479700, 6.5000000000e+01, 2.9953333333e+01, 1.7953333333e+01, 4.7690000000e-01, 8.9348466667e+03
 1500480000, 6.5000000000e+01, 2.8000000000e+01, 1.6000000000e+01, 6.4680000000e-01, 8.9338000000e+03
 1500480300, 6.5000000000e+01, 2.9646666667e+01, 1.7646666667e+01, 7.6280000000e-01, 8.9337533333e+03
 1500480600, 6.5000000000e+01, 3.0000000000e+01, 1.9246666667e+01, 8.5963333333e-01, 8.9330933333e+03
 1500480900, 6.7116666667e+01, 3.1693333333e+01, 1.9153333333e+01, 9.2516666667e-01, 8.9343533333e+03
 1500481200, 7.1116666667e+01, 3.4000000000e+01, 1.8893333333e+01, 9.5870000000e-01, 8.9341533333e+03
 1500481500, 7.6050000000e+01, 3.4886666667e+01, 2.2140000000e+01, 1.0908333333e+00, 9.3598433333e+03
 1500481800, 1.2000000000e+02, 7.2000000000e+01, 2.8000000000e+01, 5.3392000000e+00, 1.1758513333e+04
 1500482100, 2.0946666667e+02, 1.5984000000e+02, 2.8000000000e+01, 1.3096100000e+01, 1.2680913333e+04
 1500482400, 2.3925000000e+02, 1.9110000000e+02, 2.6766666667e+01, 1.8711000000e+01, 1.4530000000e+04
 1500482700, 2.4500000000e+02, 1.9883333333e+02, 2.6833333333e+01, 2.2759333333e+01, 1.5110916667e+04
 1500483000, 2.4500000000e+02, 1.9956000000e+02, 2.8000000000e+01, 2.5656433333e+01, 1.5937703333e+04
 1500483300, 2.4500000000e+02, 1.9800000000e+02, 2.7966666667e+01, 2.7730833333e+01, 1.6312650000e+04
 1500483600, 2.4500000000e+02, 1.9800000000e+02, 2.6000000000e+01, 2.9248666667e+01, 1.6328400000e+04
 1500483900, 2.4500000000e+02, 1.9800000000e+02, 2.7633333333e+01, 3.0343700000e+01, 1.6328040000e+04
 1500484200, 2.4500000000e+02, 1.9800000000e+02, 2.6766666667e+01, 3.1160066667e+01, 1.6340503333e+04
 1500484500, 2.4500000000e+02, 1.9720000000e+02, 2.7600000000e+01, 3.1912300000e+01, 1.6350220000e+04
 1500484800, 2.4393333333e+02, 1.9301333333e+02, 3.0853333333e+01, 3.2812566667e+01, 1.6484610000e+04
 1500485100, 2.3865000000e+02, 1.8076000000e+02, 3.3900000000e+01, 3.3582933333e+01, 1.6649803333e+04
 1500485400, 1.0500000000e+02, 5.8000000000e+01, 2.4000000000e+01, 3.4176466667e+01, 1.6614686667e+04
 1500485700, 1.1300000000e+02, 6.7600000000e+01, 2.4000000000e+01, 3.4551266667e+01, 1.6547730000e+04
 1500486000, 2.0600000000e+02, 1.3309333333e+02, 3.3706666667e+01, 3.4812866667e+01, 1.6561183333e+04
 1500486300, 2.2458333333e+02, 1.4684000000e+02, 3.5473333333e+01, 3.5044100000e+01, 1.6267813333e+04
 1500486600, 1.5173333333e+02, 1.0152000000e+02, 2.6426666667e+01, 3.5209633333e+01, 1.5813163333e+04
 1500486900, 1.9591666667e+02, 1.4493333333e+02, 2.8000000000e+01, 3.5047633333e+01, 1.4951276667e+04
 1500487200, 2.5000000000e+02, 2.0000000000e+02, 2.8000000000e+01, 3.4587466667e+01, 1.5223283333e+04
 1500487500, 2.4588333333e+02, 1.9835333333e+02, 2.6353333333e+01, 3.3919366667e+01, 1.5615580000e+04
 1500487800, 2.4810000000e+02, 1.9924000000e+02, 2.7240000000e+01, 3.3435933333e+01, 1.6145583333e+04
 1500488100, 2.4788333333e+02, 1.9915333333e+02, 2.8000000000e+01, 3.3142433333e+01, 1.6265820000e+04
 1500488400, 2.4500000000e+02, 1.9757333333e+02, 2.8426666667e+01, 3.2879300000e+01, 1.6094460000e+04
 1500488700, 2.4500000000e+02, 1.9595333333e+02, 3.0000000000e+01, 3.2388766667e+01, 1.5776666667e+04
 1500489000, 2.4500000000e+02, 1.9400000000e+02, 3.0000000000e+01, 3.1680600000e+01, 1.5423236667e+04
 1500489300, 2.3676666667e+02, 1.8576666667e+02, 2.8353333333e+01, 3.0857966667e+01, 1.5172926667e+04
 1500489600, 2.2280000000e+02, 1.6570000000e+02, 3.2880000000e+01, 3.0163633333e+01, 1.4866350000e+04
 1500489900, 1.7573333333e+02, 1.2010666667e+02, 3.1040000000e+01, 2.9459900000e+01, 1.4900063333e+04
 1500490200, 1.1106666667e+02, 6.3960000000e+01, 2.3553333333e+01, 2.8941000000e+01, 1.4953156667e+04
 1500490500, 8.0016666667e+01, 3.6013333333e+01, 2.2006666667e+01, 2.8181866667e+01, 1.4547450000e+04
 1500490800, 8.5000000000e+01, 4.0000000000e+01, 2.4000000000e+01, 2.7066533333e+01, 1.3792883333e+04
 1500491100, 9.7200000000e+01, 5.3013333333e+01, 2.4000000000e+01, 2.5029933333e+01, 1.2175446667e+04
 1500491400, 7.1950000000e+01, 3.7300000000e+01, 1.6520000000e+01, 2.0290866667e+01, 9.2178333333e+03
 1500491700, 5.5000000000e+01, 2.5153333333e+01, 1.1153333333e+01, 1.4724200000e+01, 9.0688233333e+03
 1500492000, 5.6116666667e+01, 2.4893333333e+01, 1.0446666667e+01, 1.0671600000e+01, 9.0688000000e+03
 1500492300, 5.9883333333e+01, 2.8000000000e+01, 1.1953333333e+01, 7.7355333333e+00, 9.0683766667e+03
 1500492600, 5.5000000000e+01, 2.8000000000e+01, 1.0000000000e+01, 5.6067000000e+00, 9.0663766667e+03
 1500492900, 5.5000000000e+01, 2.4706666667e+01, 1.0000000000e+01, 4.0666000000e+00, 9.0656233333e+03
 1500493200, 5.5000000000e+01, 2.4000000000e+01, 1.0000000000e+01, 2.9545333333e+00, 9.0667766667e+03
 1500493500, 5.5000000000e+01, 2.4000000000e+01, 1.0000000000e+01, 2.1610666667e+00, 9.0662233333e+03
 1500493800, 5.5000000000e+01, 2.4000000000e+01, 1.0000000000e+01, 1.5885666667e+00, 9.0674700000e+03
 1500494100, 5.5000000000e+01, 2.4000000000e+01, 1.0000000000e+01, 1.1636000000e+00, 9.0699066667e+03
 1500494400, 5.5000000000e+01, 2.4000000000e+01, 1.0000000000e+01, 8.4616666667e-01, 9.0664233333e+03
 1500494700, 5.5000000000e+01, 2.4000000000e+01, 1.0000000000e+01, 6.2803333333e-01, 9.0663766667e+03
 1500495000, 5.5000000000e+01, 2.4000000000e+01, 1.0000000000e+01, 4.7450000000e-01, 9.0669766667e+03
 1500495300, 5.5000000000e+01, 2.4000000000e+01, 1.0000000000e+01, 3.4790000000e-01, 9.0666233333e+03
 1500495600, 5.5000000000e+01, 2.4000000000e+01, 1.0000000000e+01, 2.7683333333e-01, 9.0661766667e+03
 1500495900, 5.5000000000e+01, 2.4000000000e+01, 1.0000000000e+01, 2.2706666667e-01, 9.0654466667e+03
 1500496200, 5.5000000000e+01, 2.4000000000e+01, 1.0000000000e+01, 1.8683333333e-01, 9.0671533333e+03
 1500496500, 5.5000000000e+01, 2.4000000000e+01, 1.0000000000e+01, 1.5130000000e-01, 9.0658233333e+03
 1500496800, 5.5000000000e+01, 2.4000000000e+01, 1.0000000000e+01, 1.2576666667e-01, 9.0664000000e+03
 1500497100, 5.5000000000e+01, 2.4000000000e+01, 1.0846666667e+01, 1.2800000000e-01, 9.0662233333e+03
 1500497400, 5.6116666667e+01, 2.4893333333e+01, 1.2000000000e+01, 1.2200000000e-01, 9.0663766667e+03
 1500497700, 6.0000000000e+01, 2.8000000000e+01, 1.2000000000e+01, 1.1623333333e-01, 9.0670000000e+03
 1500498000, 6.0000000000e+01, 2.8000000000e+01, 1.2000000000e+01, 1.1530000000e-01, 9.0676233333e+03
 1500498300, 5.5883333333e+01, 2.4706666667e+01, 1.0353333333e+01, 9.6000000000e-02, 9.0665766667e+03
 1500498600, 5.5000000000e+01, 2.4000000000e+01, 1.0000000000e+01, 9.5766666667e-02, 9.0650000000e+03
 1500498900, 5.5000000000e+01, 2.4000000000e+01, 1.0000000000e+01, 9.0000000000e-02, 9.0657533333e+03
 1500499200, 5.5000000000e+01, 2.4000000000e+01, 1.0446666667e+01, 7.7300000000e-02, 9.0656466667e+03
 1500499500, 5.4883333333e+01, 2.4000000000e+01, 1.1953333333e+01, 5.5766666667e-02, 9.0660000000e+03
 1500499800, 5.0000000000e+01, 2.4000000000e+01, 1.0000000000e+01, 5.2000000000e-02, 9.0653766667e+03
 1500500100, 5.4116666667e+01, 2.4000000000e+01, 1.0000000000e+01, 5.0000000000e-02, 9.0656466667e+03
 1500500400, 5.5000000000e+01, 2.4000000000e+01, 1.0000000000e+01, 5.0000000000e-02, 9.0665766667e+03
 1500500700, 5.5000000000e+01, 2.4000000000e+01, 1.0000000000e+01, 5.0000000000e-02, 9.0668233333e+03
 1500501000, 5.5000000000e+01, 2.4000000000e+01, 1.0000000000e+01, 5.0000000000e-02, 9.0655533333e+03
 1500501300, 5.4883333333e+01, 2.4000000000e+01, 1.0000000000e+01, 5.0000000000e-02, 9.0646000000e+03
 1500501600, 5.0000000000e+01, 2.4000000000e+01, 1.0000000000e+01, 5.0000000000e-02, 9.0642233333e+03
 1500501900, 5.4116666667e+01, 2.4000000000e+01, 1.0000000000e+01, 5.6466666667e-02, 9.0648700000e+03
 1500502200, 5.5000000000e+01, 2.4000000000e+01, 1.0000000000e+01, 7.6700000000e-02, 9.0679766667e+03
 1500502500, 5.5000000000e+01, 2.4000000000e+01, 1.0000000000e+01, 1.0800000000e-01, 9.0660000000e+03
 1500502800, 5.5000000000e+01, 2.4000000000e+01, 1.0000000000e+01, 9.3533333333e-02, 9.0652466667e+03
 1500503100, 5.5116666667e+01, 2.4093333333e+01, 1.0046666667e+01, 7.3766666667e-02, 9.0664000000e+03
 1500503400, 6.0000000000e+01, 2.8000000000e+01, 1.2000000000e+01, 8.2233333333e-02, 9.0660000000e+03
 1500503700, 5.5883333333e+01, 2.4706666667e+01, 1.2000000000e+01, 7.1533333333e-02, 9.0666000000e+03
 1500504000, 5.5000000000e+01, 2.4000000000e+01, 1.0753333333e+01, 5.8000000000e-02, 9.0658600000e+03
 1500504300, 5.5000000000e+01, 2.4000000000e+01, 1.0000000000e+01, 5.3766666667e-02, 9.0650933333e+03
 1500504600, 5.5000000000e+01, 2.4000000000e+01, 1.0000000000e+01, 5.8000000000e-02, 9.0665533333e+03
 1500504900, 5.5000000000e+01, 2.4000000000e+01, 1.0046666667e+01, 5.0000000000e-02, 9.0666000000e+03
 1500505200, 5.5000000000e+01, 2.4000000000e+01, 1.2000000000e+01, 5.0000000000e-02, 9.0660233333e+03
 1500505500, 5.5000000000e+01, 2.5646666667e+01, 1.2000000000e+01, 5.0000000000e-02, 9.0667766667e+03
 1500505800, 5.5000000000e+01, 2.4753333333e+01, 1.2000000000e+01, 5.0000000000e-02, 9.0672000000e+03
 1500506100, 5.5000000000e+01, 2.4000000000e+01, 1.2000000000e+01, 5.0000000000e-02, 9.0670000000e+03
 1500506400, 5.5000000000e+01, 2.4000000000e+01, 1.2000000000e+01, 5.2000000000e-02, 9.0671766667e+03
 1500506700, 5.5000000000e+01, 2.4000000000e+01, 1.1953333333e+01, 5.0000000000e-02, 9.0668466667e+03
 1500507000, 5.5000000000e+01, 2.4000000000e+01, 1.0000000000e+01, 5.0000000000e-02, 9.0673533333e+03
 1500507300, 5.0883333333e+01, 2.4000000000e+01, 1.0000000000e+01, 5.0000000000e-02, 9.0660000000e+03
 1500507600, 5.0000000000e+01, 2.4000000000e+01, 1.0000000000e+01, 5.2000000000e-02, 9.0660233333e+03
 1500507900, 5.0000000000e+01, 2.4000000000e+01, 1.0000000000e+01, 5.2233333333e-02, 9.0668000000e+03
 1500508200, 5.0000000000e+01, 2.4000000000e+01, 1.0000000000e+01, 5.5766666667e-02, 9.0672000000e+03
 1500508500, 5.0116666667e+01, 2.4093333333e+01, 1.0000000000e+01, 6.4233333333e-02, 9.0672466667e+03
 1500508800, 5.5000000000e+01, 2.8000000000e+01, 1.0000000000e+01, 5.5766666667e-02, 9.0692233333e+03
 1500509100, 5.5000000000e+01, 2.8000000000e+01, 1.1646666667e+01, 5.0000000000e-02, 9.0683300000e+03
 1500509400, 5.1883333333e+01, 2.5506666667e+01, 1.0753333333e+01, 5.4233333333e-02, 9.0680233333e+03
 1500509700, 5.4233333333e+01, 2.5693333333e+01, 1.1693333333e+01, 5.1766666667e-02, 9.0679766667e+03
 1500510000, 5.7766666667e+01, 2.7106666667e+01, 1.3106666667e+01, 5.4000000000e-02, 9.0664000000e+03
 1500510300, 5.0000000000e+01, 2.4000000000e+01, 1.0000000000e+01, 6.0466666667e-02, 9.0664000000e+03
 1500510600, 5.0000000000e+01, 2.4000000000e+01, 1.0000000000e+01, 6.5766666667e-02, 9.0666233333e+03
 1500510900, 5.4116666667e+01, 2.4000000000e+01, 1.0000000000e+01, 5.3766666667e-02, 9.0669766667e+03
 1500511200, 5.5000000000e+01, 2.4000000000e+01, 1.0000000000e+01, 5.0000000000e-02, 9.0668000000e+03
 1500511500, 5.5000000000e+01, 2.4000000000e+01, 1.0000000000e+01, 5.2233333333e-02, 9.0670233333e+03
 1500511800, 5.5000000000e+01, 2.4000000000e+01, 1.0000000000e+01, 5.1766666667e-02, 9.0676000000e+03
 1500512100, 5.5000000000e+01, 2.4000000000e+01, 1.0000000000e+01, 5.4000000000e-02, 9.0681766667e+03
 1500512400, 5.5000000000e+01, 2.4000000000e+01, 1.0000000000e+01, 5.0000000000e-02, 9.0668233333e+03
 1500512700, 5.5000000000e+01, 2.4000000000e+01, 1.0000000000e+01, 5.0000000000e-02, 9.0676933333e+03
 1500513000, 5.5000000000e+01, 2.4000000000e+01, 1.0000000000e+01, 5.0000000000e-02, 9.0677766667e+03
 1500513300, 5.2883333333e+01, 2.4000000000e+01, 1.0000000000e+01, 5.0000000000e-02, 9.0681766667e+03
 1500513600, 5.1116666667e+01, 2.4000000000e+01, 1.0000000000e+01, 5.2000000000e-02, 9.0673766667e+03
 1500513900, 5.5000000000e+01, 2.4000000000e+01, 1.0000000000e+01, 5.0000000000e-02, 9.0673766667e+03
 1500514200, 5.5000000000e+01, 2.4000000000e+01, 1.0000000000e+01, 6.0000000000e-02, 9.0678233333e+03
 1500514500, 5.5000000000e+01, 2.4000000000e+01, 1.1646666667e+01, 5.2233333333e-02, 9.0680233333e+03
 1500514800, 5.8116666667e+01, 2.6493333333e+01, 1.2000000000e+01, 5.9766666667e-02, 9.0682000000e+03
 1500515100, 5.7900000000e+01, 2.6320000000e+01, 1.1160000000e+01, 5.0000000000e-02, 9.0681966667e+03
 1500515400, 5.5000000000e+01, 2.4000000000e+01, 1.0000000000e+01, 5.0000000000e-02, 9.0681766667e+03
 1500515700, 5.5000000000e+01, 2.4000000000e+01, 1.0046666667e+01, 5.0000000000e-02, 9.0686000000e+03
 1500516000, 5.5000000000e+01, 2.4000000000e+01, 1.2000000000e+01, 5.0000000000e-02, 9.0676700000e+03
 1500516300, 5.5000000000e+01, 2.4000000000e+01, 1.0353333333e+01, 5.0000000000e-02, 9.0673766667e+03
 1500516600, 5.5000000000e+01, 2.4000000000e+01, 1.0000000000e+01, 5.6000000000e-02, 9.0690233333e+03
 1500516900, 5.5000000000e+01, 2.4000000000e+01, 1.0000000000e+01, 5.0000000000e-02, 9.0689766667e+03
 1500517200, 5.5000000000e+01, 2.4000000000e+01, 1.0000000000e+01, 5.0000000000e-02, 9.0682233333e+03
 1500517500, 5.5000000000e+01, 2.4000000000e+01, 1.0000000000e+01, 5.0000000000e-02, 9.0681766667e+03
 1500517800, 5.5000000000e+01, 2.4000000000e+01, 1.0000000000e+01, 5.0000000000e-02, 9.0676233333e+03
 1500518100, 5.5000000000e+01, 2.4000000000e+01, 1.0000000000e+01, 5.0000000000e-02, 9.0674233333e+03
 1500518400, 5.5000000000e+01, 2.4000000000e+01, 1.0000000000e+01, 5.0000000000e-02, 9.0676233333e+03
 1500518700, 5.5000000000e+01, 2.4000000000e+01, 1.0000000000e+01, 5.0000000000e-02, 9.0686933333e+03
 1500519000, 5.5000000000e+01, 2.4000000000e+01, 1.0000000000e+01, 5.0000000000e-02, 9.0692133333e+03
 1500519300, 5.5000000000e+01, 2.4000000000e+01, 1.0046666667e+01, 5.0000000000e-02, 9.0683300000e+03
 1500519600, 5.5000000000e+01, 2.4000000000e+01, 1.2000000000e+01, 5.0233333333e-02, 9.0664000000e+03
 1500519900, 5.5000000000e+01, 2.4000000000e+01, 1.0353333333e+01, 5.3766666667e-02, 9.0676466667e+03
 1500520200, 5.5000000000e+01, 2.4000000000e+01, 1.1246666667e+01, 5.0000000000e-02, 9.0682000000e+03
 1500520500, 5.7116666667e+01, 2.5693333333e+01, 1.2000000000e+01, 5.0000000000e-02, 9.0688000000e+03
 1500520800, 5.8883333333e+01, 2.7106666667e+01, 1.1553333333e+01, 5.2233333333e-02, 9.0683533333e+03
 1500521100, 5.5000000000e+01, 2.4000000000e+01, 1.0046666667e+01, 5.1766666667e-02, 9.0664000000e+03
 1500521400, 5.5000000000e+01, 2.4000000000e+01, 1.2000000000e+01, 5.2000000000e-02, 9.0670100000e+03
 1500521700, 5.5000000000e+01, 2.4000000000e+01, 1.0353333333e+01, 5.0000000000e-02, 9.0678233333e+03
 1500522000, 5.5000000000e+01, 2.4000000000e+01, 1.0000000000e+01, 5.2000000000e-02, 9.0696700000e+03
 1500522300, 5.5000000000e+01, 2.4000000000e+01, 1.0000000000e+01, 5.0233333333e-02, 9.0667066667e+03
 1500522600, 5.5000000000e+01, 2.4000000000e+01, 1.0000000000e+01, 5.1766666667e-02, 9.0664000000e+03
 1500522900, 5.5000000000e+01, 2.4000000000e+01, 1.0000000000e+01, 5.4000000000e-02, 9.0676466667e+03
 1500523200, 5.5000000000e+01, 2.4000000000e+01, 1.0000000000e+01, 5.0000000000e-02, 9.0681766667e+03
 1500523500, 5.5000000000e+01, 2.4000000000e+01, 1.0000000000e+01, 5.8233333333e-02, 9.0690000000e+03
 1500523800, 5.5000000000e+01, 2.4000000000e+01, 1.0000000000e+01, 5.5766666667e-02, 9.0686700000e+03
 1500524100, 5.5000000000e+01, 2.4000000000e+01, 1.0000000000e+01, 5.0000000000e-02, 9.0695300000e+03
 1500524400, 5.5000000000e+01, 2.4000000000e+01, 1.0000000000e+01, 5.0000000000e-02, 9.0684000000e+03
 1500524700, 5.5000000000e+01, 2.4000000000e+01, 1.0000000000e+01, 5.2000000000e-02, 9.0684233333e+03
 1500525000, 5.5000000000e+01, 2.4000000000e+01, 1.0000000000e+01, 5.0000000000e-02, 9.0681766667e+03
 1500525300, 5.5000000000e+01, 2.4000000000e+01, 1.0000000000e+01, 5.0000000000e-02, 9.0686700000e+03
 1500525600, 5.5000000000e+01, 2.4000000000e+01, 1.0000000000e+01, 5.0000000000e-02, 9.0689533333e+03
 1500525900, 5.5000000000e+01, 2.4000000000e+01, 1.0846666667e+01, 5.0000000000e-02, 9.0680233333e+03
 1500526200, 5.6116666667e+01, 2.4446666667e+01, 1.2000000000e+01, 5.0233333333e-02, 9.0685766667e+03
 1500526500, 5.9883333333e+01, 2.5953333333e+01, 1.1953333333e+01, 5.1766666667e-02, 9.0682000000e+03
 1500526800, 5.5000000000e+01, 2.4000000000e+01, 1.0000000000e+01, 5.4233333333e-02, 9.0688233333e+03
 1500527100, 5.5000000000e+01, 2.4000000000e+01, 1.0000000000e+01, 5.8000000000e-02, 9.0683533333e+03
 1500527400, 5.5000000000e+01, 2.4000000000e+01, 1.0000000000e+01, 6.2000000000e-02, 9.0686466667e+03
 1500527700, 5.5000000000e+01, 2.4000000000e+01, 1.0000000000e+01, 5.3766666667e-02, 9.0687766667e+03
 1500528000, 5.5000000000e+01, 2.4000000000e+01, 1.0446666667e+01, 6.0000000000e-02, 9.0696233333e+03
 1500528300, 5.5000000000e+01, 2.4000000000e+01, 1.1953333333e+01, 5.0233333333e-02, 9.0690100000e+03
 1500528600, 5.5000000000e+01, 2.4000000000e+01, 1.0000000000e+01, 5.3766666667e-02, 9.0724133333e+03
 1500528900, 5.5000000000e+01, 2.4000000000e+01, 1.0000000000e+01, 5.0000000000e-02, 9.0731366667e+03
 1500529200, 5.5000000000e+01, 2.4000000000e+01, 1.0000000000e+01, 6.0233333333e-02, 9.0726133333e+03
 1500529500, 5.5000000000e+01, 2.4000000000e+01, 1.0000000000e+01, 5.3766666667e-02, 9.0704000000e+03
 1500529800, 5.5000000000e+01, 2.4000000000e+01, 1.0000000000e+01, 5.0000000000e-02, 9.0696000000e+03
 1500530100, 5.5000000000e+01, 2.4000000000e+01, 1.0000000000e+01, 5.0000000000e-02, 9.0697766667e+03
 1500530400, 5.5000000000e+01, 2.4000000000e+01, 1.0000000000e+01, 5.0000000000e-02, 9.0698466667e+03
 1500530700, 5.5000000000e+01, 2.4000000000e+01, 1.1646666667e+01, 5.0000000000e-02, 9.0696233333e+03
 1500531000, 5.5000000000e+01, 2.4000000000e+01, 1.0753333333e+01, 5.0000000000e-02, 9.0693766667e+03
 1500531300, 5.5000000000e+01, 2.4000000000e+01, 1.0000000000e+01, 5.0000000000e-02, 9.0743633333e+03
 1500531600, 5.5000000000e+01, 2.4893333333e+01, 1.0446666667e+01, 5.8000000000e-02, 9.0743066667e+03
 1500531900, 5.4883333333e+01, 2.7906666667e+01, 1.1953333333e+01, 5.2233333333e-02, 9.0700233333e+03
 1500532200, 5.0000000000e+01, 2.4000000000e+01, 1.0000000000e+01, 5.7766666667e-02, 9.0699766667e+03
 1500532500, 5.0000000000e+01, 2.4000000000e+01, 1.0000000000e+01, 5.0000000000e-02, 9.0706233333e+03
 1500532800, 5.0000000000e+01, 2.4000000000e+01, 1.0000000000e+01, 5.2000000000e-02, 9.0705533333e+03
 1500533100, 5.0000000000e+01, 2.4000000000e+01, 1.0000000000e+01, 5.6466666667e-02, 9.0700466667e+03
 1500533400, 5.1116666667e+01, 2.4000000000e+01, 1.0446666667e+01, 8.6466666667e-02, 9.0704700000e+03
 1500533700, 5.4883333333e+01, 2.4000000000e+01, 1.1953333333e+01, 9.4000000000e-02, 9.0716366667e+03
 1500534000, 5.0000000000e+01, 2.4000000000e+01, 1.0000000000e+01, 8.5766666667e-02, 9.0710700000e+03
 1500534300, 5.4116666667e+01, 2.4000000000e+01, 1.0000000000e+01, 6.5300000000e-02, 9.0707300000e+03
 1500534600, 5.5000000000e+01, 2.4000000000e+01, 1.1240000000e+01, 5.0000000000e-02, 9.0710033333e+03
 1500534900, 5.5000000000e+01, 2.4000000000e+01, 1.1153333333e+01, 5.0000000000e-02, 9.0714700000e+03
 1500535200, 5.5000000000e+01, 2.4000000000e+01, 1.0446666667e+01, 5.0233333333e-02, 9.0721533333e+03
 1500535500, 5.4883333333e+01, 2.4000000000e+01, 1.1953333333e+01, 6.0000000000e-02, 9.0712000000e+03
 1500535800, 5.0000000000e+01, 2.4000000000e+01, 1.0000000000e+01, 5.1766666667e-02, 9.0718000000e+03
 1500536100, 5.4116666667e+01, 2.5646666667e+01, 1.0000000000e+01, 5.6000000000e-02, 9.0722233333e+03
 1500536400, 5.8116666667e+01, 2.7246666667e+01, 1.2493333333e+01, 5.0000000000e-02, 9.0725766667e+03
 1500536700, 5.7883333333e+01, 2.7153333333e+01, 1.3153333333e+01, 5.0000000000e-02, 9.0716000000e+03
 1500537000, 5.5000000000e+01, 2.6446666667e+01, 1.2000000000e+01, 5.0000000000e-02, 9.0718000000e+03
 1500537300, 5.5116666667e+01, 2.8046666667e+01, 1.2000000000e+01, 5.0000000000e-02, 9.0724233333e+03
 1500537600, 6.0000000000e+01, 3.0000000000e+01, 1.2000000000e+01, 4.6736666667e-01, 1.3856643333e+04
 1500537900, 1.3821666667e+02, 9.0926666667e+01, 3.0113333333e+01, 2.1592000000e+00, 2.2256823333e+04
 1500538200, 1.4876666667e+02, 9.7766666667e+01, 3.1506666667e+01, 4.0971666667e+00, 3.4550126667e+04
 1500538500, 1.4076666667e+02, 9.1460000000e+01, 2.9153333333e+01, 5.2934666667e+00, 2.5829696667e+04
 1500538800, 1.4170000000e+02, 8.8893333333e+01, 2.8446666667e+01, 6.3524000000e+00, 3.1413483333e+04
 1500539100, 1.6453333333e+02, 9.2233333333e+01, 2.9906666667e+01, 6.9176666667e+00, 3.2602276667e+04
 1500539400, 1.4500000000e+02, 1.0200000000e+02, 2.6000000000e+01, 7.5305000000e+00, 2.6669170000e+04
 1500539700, 1.3676666667e+02, 8.7180000000e+01, 3.2586666667e+01, 7.9932000000e+00, 3.4815906667e+04
 1500540000, 1.4435000000e+02, 9.5220000000e+01, 3.1506666667e+01, 8.3627333333e+00, 2.4990890000e+04
 1500540300, 1.4788333333e+02, 9.6920000000e+01, 3.2540000000e+01, 9.0642000000e+00, 3.1851746667e+04
 1500540600, 1.4723333333e+02, 9.1786666667e+01, 3.6446666667e+01, 8.9921000000e+00, 3.2132960000e+04
 1500540900, 1.5500000000e+02, 9.8280000000e+01, 3.7813333333e+01, 9.1765333333e+00, 2.6441120000e+04
 1500541200, 1.5500000000e+02, 1.1000000000e+02, 3.0000000000e+01, 9.4804666667e+00, 3.4824956667e+04
 1500541500, 1.8381666667e+02, 1.3305333333e+02, 3.1646666667e+01, 9.0340333333e+00, 2.4719060000e+04
 1500541800, 1.6818333333e+02, 1.1930000000e+02, 3.2000000000e+01, 9.6168333333e+00, 3.1464560000e+04
 1500542100, 1.5076666667e+02, 1.0207333333e+02, 3.3693333333e+01, 9.1934333333e+00, 3.1733040000e+04
 1500542400, 1.4276666667e+02, 9.3553333333e+01, 3.4213333333e+01, 9.0750000000e+00, 2.6738193333e+04
 1500542700, 1.3616666667e+02, 9.3026666667e+01, 2.8140000000e+01, 9.6645666667e+00, 3.5311243333e+04
 1500543000, 1.8500000000e+02, 1.3600000000e+02, 3.4000000000e+01, 9.6982000000e+00, 2.5606340000e+04
 1500543300, 1.4383333333e+02, 9.6480000000e+01, 2.9060000000e+01, 9.6357666667e+00, 3.1582483333e+04
 1500543600, 1.5058333333e+02, 1.0171333333e+02, 3.1740000000e+01, 8.8987666667e+00, 3.1711436667e+04
 1500543900, 1.5788333333e+02, 1.1084666667e+02, 2.9766666667e+01, 8.7474666667e+00, 2.6962293333e+04
 1500544200, 1.5165000000e+02, 1.0753333333e+02, 2.5340000000e+01, 9.1076000000e+00, 3.5228286667e+04
 1500544500, 1.4023333333e+02, 9.2140000000e+01, 3.0046666667e+01, 8.8947333333e+00, 2.5277143333e+04
 1500544800, 1.5000000000e+02, 9.8000000000e+01, 3.2000000000e+01, 8.6214333333e+00, 3.1277286667e+04
 1500545100, 1.3353333333e+02, 8.8120000000e+01, 2.8706666667e+01, 8.7150000000e+00, 3.1869560000e+04
 1500545400, 1.4558333333e+02, 1.0220666667e+02, 2.8000000000e+01, 9.1464000000e+00, 2.6809930000e+04
 1500545700, 1.4441666667e+02, 9.9300000000e+01, 2.8846666667e+01, 9.3291000000e+00, 3.4872743333e+04
 1500546000, 1.3446666667e+02, 8.6466666667e+01, 2.9553333333e+01, 9.5741000000e+00, 2.5061360000e+04
 1500546300, 1.4965000000e+02, 1.0172000000e+02, 2.8000000000e+01, 9.6902000000e+00, 3.1994956667e+04
 1500546600, 1.3500000000e+02, 9.0000000000e+01, 2.8000000000e+01, 9.5933666667e+00, 3.1753993333e+04
 1500546900, 1.5558333333e+02, 1.0482000000e+02, 3.1293333333e+01, 9.9527333333e+00, 2.7047630000e+04
 1500547200, 1.5688333333e+02, 1.0550666667e+02, 3.2000000000e+01, 9.7733000000e+00, 3.5232410000e+04
 1500547500, 1.5711666667e+02, 1.0569333333e+02, 3.2846666667e+01, 9.5805333333e+00, 2.6721863333e+04
 1500547800, 1.5665000000e+02, 1.0487333333e+02, 3.4000000000e+01, 9.5925333333e+00, 2.7457030000e+04
 1500548100, 1.4593333333e+02, 9.4700000000e+01, 3.4140000000e+01, 9.8931666667e+00, 3.3079913333e+04
 1500548400, 1.8500000000e+02, 1.2400000000e+02, 4.0000000000e+01, 9.5576000000e+00, 2.4750853333e+04
 1500548700, 1.6441666667e+02, 1.1082666667e+02, 3.3413333333e+01, 9.6324000000e+00, 3.4774536667e+04
 1500549000, 1.5065000000e+02, 9.9273333333e+01, 3.2000000000e+01, 9.9442000000e+00, 2.9120066667e+04
 1500549300, 1.5770000000e+02, 1.0416000000e+02, 3.4540000000e+01, 9.9465666667e+00, 2.9489663333e+04
 1500549600, 1.7723333333e+02, 1.2202000000e+02, 3.6660000000e+01, 1.0058433333e+01, 3.4235443333e+04
 1500549900, 1.8395000000e+02, 1.3497333333e+02, 3.1953333333e+01, 1.0228700000e+01, 2.7259726667e+04
 1500550200, 1.4000000000e+02, 9.2000000000e+01, 3.0000000000e+01, 1.0296866667e+01, 3.1407813333e+04
 1500550500, 1.5235000000e+02, 1.0682000000e+02, 2.8353333333e+01, 1.0242566667e+01, 2.9917306667e+04
 1500550800, 1.5811666667e+02, 1.0750666667e+02, 3.1740000000e+01, 1.0652133333e+01, 2.5367513333e+04
 1500551100, 1.5576666667e+02, 1.0430666667e+02, 3.2306666667e+01, 1.0258733333e+01, 3.4026516667e+04
 1500551400, 1.4665000000e+02, 9.9320000000e+01, 2.9553333333e+01, 1.0796433333e+01, 2.5226323333e+04
 1500551700, 1.3523333333e+02, 9.0140000000e+01, 2.8093333333e+01, 1.0760866667e+01, 3.0854443333e+04
 1500552000, 1.4500000000e+02, 9.6000000000e+01, 3.2000000000e+01, 1.0269600000e+01, 2.2919003333e+04
 1500552300, 1.4911666667e+02, 1.0094000000e+02, 3.2000000000e+01, 9.6173666667e+00, 2.2471300000e+04
 1500552600, 1.4065000000e+02, 9.3273333333e+01, 2.9506666667e+01, 9.0253000000e+00, 3.0412676667e+04
 1500552900, 1.4346666667e+02, 9.8160000000e+01, 2.8000000000e+01, 9.3117666667e+00, 2.5637850000e+04
 1500553200, 1.5165000000e+02, 1.0664000000e+02, 2.9786666667e+01, 9.6152333333e+00, 3.4716610000e+04
 1500553500, 1.4105000000e+02, 8.9026666667e+01, 3.6000000000e+01, 9.2252333333e+00, 2.4623166667e+04
 1500553800, 1.8500000000e+02, 1.3200000000e+02, 3.6000000000e+01, 9.8131666667e+00, 3.1732353333e+04
 1500554100, 1.6030000000e+02, 1.0894666667e+02, 3.2706666667e+01, 1.0021366667e+01, 3.2267203333e+04
 1500554400, 1.5500000000e+02, 1.0649333333e+02, 2.9506666667e+01, 1.0097166667e+01, 2.7729723333e+04
 1500554700, 1.4865000000e+02, 1.0207333333e+02, 2.8846666667e+01, 9.4809666667e+00, 3.4640946667e+04
 1500555000, 1.3888333333e+02, 9.2213333333e+01, 2.9553333333e+01, 8.9214000000e+00, 2.7729410000e+04
 1500555300, 1.3476666667e+02, 8.5906666667e+01, 2.7906666667e+01, 8.9466000000e+00, 2.8727260000e+04
 1500555600, 1.2500000000e+02, 8.2000000000e+01, 2.4000000000e+01, 9.3100000000e+00, 3.4194456667e+04
 1500555900, 1.6205000000e+02, 1.0999333333e+02, 3.3880000000e+01, 9.2848666667e+00, 2.5521190000e+04
 1500556200, 1.7311666667e+02, 1.2098666667e+02, 3.3506666667e+01, 9.0019666667e+00, 3.1142083333e+04
 1500556500, 1.6865000000e+02, 1.1892000000e+02, 3.1153333333e+01, 8.3979333333e+00, 2.9505653333e+04
 1500556800, 1.5441666667e+02, 1.0664000000e+02, 2.9553333333e+01, 8.7406333333e+00, 2.9048850000e+04
 1500557100, 1.3511666667e+02, 8.8093333333e+01, 2.8046666667e+01, 9.5390666667e+00, 3.4699446667e+04
 1500557400, 1.4000000000e+02, 9.2000000000e+01, 3.0000000000e+01, 9.6263666667e+00, 2.7950190000e+04
 1500557700, 1.4411666667e+02, 9.5293333333e+01, 3.1646666667e+01, 9.8247333333e+00, 3.1891850000e+04
 1500558000, 1.4188333333e+02, 9.2260000000e+01, 3.2000000000e+01, 9.9748666667e+00, 3.1826806667e+04
 1500558300, 1.4846666667e+02, 9.8466666667e+01, 3.0306666667e+01, 1.0170633333e+01, 2.7105466667e+04
 1500558600, 1.5888333333e+02, 1.0910666667e+02, 2.8446666667e+01, 1.0300600000e+01, 3.5288936667e+04
 1500558900, 1.5570000000e+02, 1.0656000000e+02, 3.0140000000e+01, 1.0584500000e+01, 2.6243466667e+04
 1500559200, 1.8500000000e+02, 1.3000000000e+02, 3.6000000000e+01, 1.0391433333e+01, 3.1696096667e+04
 1500559500, 1.6441666667e+02, 1.1353333333e+02, 3.4353333333e+01, 1.0344100000e+01, 3.1832343333e+04
 1500559800, 1.6935000000e+02, 1.1498666667e+02, 3.6493333333e+01, 1.0251100000e+01, 2.7557723333e+04
 1500560100, 1.6018333333e+02, 1.0614666667e+02, 3.4613333333e+01, 1.0199466667e+01, 3.5402763333e+04
 1500560400, 1.4111666667e+02, 9.1786666667e+01, 3.0000000000e+01, 1.0163666667e+01, 2.7225093333e+04
 1500560700, 1.4465000000e+02, 9.7720000000e+01, 2.9906666667e+01, 1.0123400000e+01, 2.7851743333e+04
 1500561000, 1.3000000000e+02, 8.6000000000e+01, 2.6000000000e+01, 1.0625700000e+01, 3.3983890000e+04
 1500561300, 1.3823333333e+02, 9.0940000000e+01, 3.0940000000e+01, 1.0515166667e+01, 2.5454223333e+04
 1500561600, 1.3690000000e+02, 8.8280000000e+01, 3.2000000000e+01, 1.0721300000e+01, 3.1224350000e+04
 1500561900, 1.3500000000e+02, 8.6846666667e+01, 3.1153333333e+01, 1.0296666667e+01, 2.9428253333e+04
 1500562200, 1.4170000000e+02, 9.2913333333e+01, 3.0893333333e+01, 1.0207100000e+01, 2.4969163333e+04
 1500562500, 1.6535000000e+02, 1.1051333333e+02, 3.3906666667e+01, 9.9263666667e+00, 3.5081500000e+04
 1500562800, 1.8000000000e+02, 1.3200000000e+02, 3.0000000000e+01, 9.4169666667e+00, 2.7889816667e+04
 1500563100, 1.4295000000e+02, 9.4126666667e+01, 3.0000000000e+01, 9.4952000000e+00, 3.1922183333e+04
 1500563400, 1.3811666667e+02, 8.7246666667e+01, 3.1246666667e+01, 9.5910666667e+00, 3.2160966667e+04
 1500563700, 1.3788333333e+02, 8.7153333333e+01, 3.2000000000e+01, 9.8281666667e+00, 2.8196376667e+04
 1500564000, 1.4393333333e+02, 9.3593333333e+01, 3.2893333333e+01, 9.7231666667e+00, 3.5549923333e+04
 1500564300, 1.7441666667e+02, 1.1953333333e+02, 3.5906666667e+01, 8.9209000000e+00, 2.8336920000e+04
 1500564600, 1.5000000000e+02, 1.0000000000e+02, 3.2000000000e+01, 8.9048000000e+00, 2.8691066667e+04
 1500564900, 1.5823333333e+02, 1.0823333333e+02, 3.2000000000e+01, 9.1178666667e+00, 3.4747373333e+04
 1500565200, 1.4441666667e+02, 9.5040000000e+01, 2.9506666667e+01, 9.7174666667e+00, 2.7622523333e+04
 1500565500, 1.3076666667e+02, 8.2613333333e+01, 2.7153333333e+01, 9.9810333333e+00, 3.0823723333e+04
 1500565800, 1.3505000000e+02, 8.6933333333e+01, 2.8233333333e+01, 9.4795666667e+00, 3.1341063333e+04
 1500566100, 1.6976666667e+02, 1.1781333333e+02, 3.5906666667e+01, 1.0092633333e+01, 2.5628750000e+04
 1500566400, 1.6000000000e+02, 1.1000000000e+02, 3.2000000000e+01, 1.0226266667e+01, 1.9288893333e+04
 1500566700, 1.2706666667e+02, 8.3653333333e+01, 2.5413333333e+01, 9.6640000000e+00, 1.7894140000e+04
 1500567000, 1.3558333333e+02, 9.2960000000e+01, 2.4000000000e+01, 9.6068333333e+00, 2.5883493333e+04
 1500567300, 1.4076666667e+02, 9.5226666667e+01, 2.5693333333e+01, 1.0422533333e+01, 2.7570643333e+04
 1500567600, 1.3946666667e+02, 8.9573333333e+01, 2.9786666667e+01, 1.0685066667e+01, 3.3145300000e+04
 1500567900, 1.5523333333e+02, 1.0223333333e+02, 3.5953333333e+01, 1.0487166667e+01, 2.5071460000e+04
 1500568200, 1.6500000000e+02, 1.1200000000e+02, 3.4000000000e+01, 1.0816600000e+01, 3.5511750000e+04
 1500568500, 1.5676666667e+02, 1.0541333333e+02, 3.4000000000e+01, 1.0698366667e+01, 2.8521600000e+04
 1500568800, 1.4565000000e+02, 9.5273333333e+01, 3.2753333333e+01, 1.0652533333e+01, 2.8766316667e+04
 1500569100, 1.5481666667e+02, 1.0185333333e+02, 3.3693333333e+01, 1.0595400000e+01, 3.4384496667e+04
 1500569400, 1.6606666667e+02, 1.1130000000e+02, 3.4213333333e+01, 1.0436666667e+01, 2.7824233333e+04
 1500569700, 1.3558333333e+02, 8.8513333333e+01, 2.8140000000e+01, 1.1007533333e+01, 3.1197983333e+04
 1500570000, 1.6000000000e+02, 1.1000000000e+02, 3.4000000000e+01, 1.0769933333e+01, 3.1876746667e+04
 1500570300, 1.4765000000e+02, 9.8473333333e+01, 3.2353333333e+01, 1.0940700000e+01, 2.7703640000e+04
 1500570600, 1.6370000000e+02, 1.1096000000e+02, 3.4493333333e+01, 1.0595466667e+01, 3.5150703333e+04
 1500570900, 1.6865000000e+02, 1.1576666667e+02, 3.4306666667e+01, 1.0911300000e+01, 2.8461510000e+04
 1500571200, 1.6000000000e+02, 1.1000000000e+02, 3.2446666667e+01, 1.1517633333e+01, 2.9157276667e+04
 1500571500, 1.6000000000e+02, 1.0990666667e+02, 3.4046666667e+01, 1.1157200000e+01, 3.4337273333e+04
 1500571800, 1.6000000000e+02, 1.0600000000e+02, 3.6000000000e+01, 1.0658000000e+01, 2.7657613333e+04
 1500572100, 1.4353333333e+02, 9.6120000000e+01, 3.1060000000e+01, 1.0554400000e+01, 3.1747036667e+04
 1500572400, 1.4623333333e+02, 1.0148000000e+02, 2.8753333333e+01, 1.0446066667e+01, 3.1754946667e+04
 1500572700, 1.5635000000e+02, 1.0854000000e+02, 3.0540000000e+01, 1.0259833333e+01, 2.7026293333e+04
 1500573000, 1.7170000000e+02, 1.1780666667e+02, 3.4893333333e+01, 1.0514266667e+01, 3.5205056667e+04
 1500573300, 1.9406666667e+02, 1.3725333333e+02, 3.7766666667e+01, 1.0578400000e+01, 2.6095196667e+04
 1500573600, 1.5500000000e+02, 1.0600000000e+02, 2.8000000000e+01, 1.1024566667e+01, 2.7696050000e+04
 1500573900, 1.5088333333e+02, 1.0106000000e+02, 3.2940000000e+01, 1.1192866667e+01, 3.2592043333e+04
 1500574200, 1.3753333333e+02, 9.2520000000e+01, 2.7766666667e+01, 1.0833466667e+01, 2.5327283333e+04
 1500574500, 1.4693333333e+02, 9.9006666667e+01, 2.9080000000e+01, 1.0693833333e+01, 3.1404176667e+04
 1500574800, 1.6776666667e+02, 1.1266000000e+02, 3.5553333333e+01, 1.0195300000e+01, 3.0032173333e+04
 1500575100, 1.5953333333e+02, 1.0753333333e+02, 3.4000000000e+01, 1.0236533333e+01, 2.5976800000e+04
 1500575400, 1.4000000000e+02, 8.8000000000e+01, 3.4000000000e+01, 1.0275300000e+01, 3.4073560000e+04
 1500575700, 1.2765000000e+02, 8.3060000000e+01, 2.5766666667e+01, 1.0138600000e+01, 1.8433913333e+04
 1500576000, 1.4681666667e+02, 9.6960000000e+01, 3.0233333333e+01, 9.9263666667e+00, 1.8788746667e+04
 1500576300, 1.6000000000e+02, 1.0769333333e+02, 3.4000000000e+01, 9.5784000000e+00, 2.3045360000e+04
 1500576600, 1.5441666667e+02, 1.0508666667e+02, 3.2660000000e+01, 1.0046400000e+01, 3.5343000000e+04
 1500576900, 1.3605000000e+02, 8.8980000000e+01, 2.8046666667e+01, 1.0477533333e+01, 2.6274693333e+04
 1500577200, 1.8000000000e+02, 1.3000000000e+02, 3.0000000000e+01, 1.0800000000e+01, 2.7895403333e+04
 1500577500, 1.6353333333e+02, 1.1682666667e+02, 2.8353333333e+01, 1.0608733333e+01, 3.2815980000e+04
 1500577800, 1.6311666667e+02, 1.1150666667e+02, 3.1740000000e+01, 1.0074733333e+01, 2.5328810000e+04
 1500578100, 1.5441666667e+02, 1.0322666667e+02, 3.1460000000e+01, 9.8986333333e+00, 3.0826816667e+04
 1500578400, 1.4335000000e+02, 9.6680000000e+01, 2.8893333333e+01, 1.0417600000e+01, 2.9192766667e+04
 1500578700, 1.5465000000e+02, 1.0567333333e+02, 3.1953333333e+01, 1.1185033333e+01, 2.5399556667e+04
 1500579000, 1.4000000000e+02, 9.2000000000e+01, 3.0000000000e+01, 1.1064866667e+01, 3.4612613333e+04
 1500579300, 1.4823333333e+02, 1.0023333333e+02, 3.0000000000e+01, 1.0743300000e+01, 2.8252520000e+04
 1500579600, 1.5311666667e+02, 1.0324666667e+02, 3.1246666667e+01, 1.0857600000e+01, 3.1503450000e+04
 1500579900, 1.4865000000e+02, 9.8920000000e+01, 3.1153333333e+01, 1.0414100000e+01, 3.2310070000e+04
 1500580200, 1.4000000000e+02, 9.2893333333e+01, 2.9553333333e+01, 1.0290466667e+01, 2.8151950000e+04
 1500580500, 1.4116666667e+02, 9.6980000000e+01, 2.8186666667e+01, 1.0353433333e+01, 3.5207980000e+04
 1500580800, 1.9000000000e+02, 1.3800000000e+02, 3.6000000000e+01, 1.0323466667e+01, 2.7986470000e+04
 1500581100, 1.5706666667e+02, 1.0836000000e+02, 2.9413333333e+01, 1.0263333333e+01, 2.8510913333e+04
 1500581400, 1.3441666667e+02, 8.8286666667e+01, 2.6753333333e+01, 1.0252833333e+01, 3.4143473333e+04
 1500581700, 1.2923333333e+02, 8.3386666667e+01, 2.6846666667e+01, 1.0476966667e+01, 2.6659566667e+04
 1500582000, 1.3611666667e+02, 8.8446666667e+01, 2.8893333333e+01, 1.0584100000e+01, 3.1168620000e+04
 1500582300, 1.4011666667e+02, 9.0233333333e+01, 3.1906666667e+01, 1.0154200000e+01, 3.0659206667e+04
 1500582600, 1.4500000000e+02, 1.0000000000e+02, 2.8000000000e+01, 9.8851666667e+00, 2.7479173333e+04
 1500582900, 1.6558333333e+02, 1.1152666667e+02, 3.4586666667e+01, 9.4594333333e+00, 3.5455590000e+04
 1500583200, 1.4818333333e+02, 9.7793333333e+01, 3.1013333333e+01, 9.4963666667e+00, 2.7057843333e+04
 1500583500, 1.4135000000e+02, 9.0540000000e+01, 3.1386666667e+01, 9.8978333333e+00, 2.8557400000e+04
 1500583800, 1.4888333333e+02, 9.3553333333e+01, 3.5106666667e+01, 9.7284333333e+00, 3.3563306667e+04
 1500584100, 1.4546666667e+02, 9.2653333333e+01, 3.1860000000e+01, 9.7774333333e+00, 2.7586130000e+04
 1500584400, 1.6500000000e+02, 1.2000000000e+02, 2.6000000000e+01, 9.4826333333e+00, 3.1528050000e+04
 1500584700, 1.4030000000e+02, 9.5300000000e+01, 2.7646666667e+01, 9.7256666667e+00, 3.2019766667e+04
 1500585000, 1.5370000000e+02, 1.0371333333e+02, 3.2986666667e+01, 1.0368666667e+01, 2.7403833333e+04
 1500585300, 1.5865000000e+02, 1.0692000000e+02, 3.3460000000e+01, 9.9962666667e+00, 3.5313023333e+04
 1500585600, 1.4888333333e+02, 1.0044666667e+02, 2.9553333333e+01, 9.7567666667e+00, 2.7075006667e+04
 1500585900, 1.4476666667e+02, 1.0167333333e+02, 2.8000000000e+01, 9.1078000000e+00, 2.7854473333e+04
 1500586200, 1.3500000000e+02, 8.8000000000e+01, 2.8000000000e+01, 8.7087333333e+00, 3.3676370000e+04
 1500586500, 1.4735000000e+02, 9.7880000000e+01, 3.1293333333e+01, 8.8937333333e+00, 2.6705450000e+04
 1500586800, 1.6246666667e+02, 1.0997333333e+02, 3.4493333333e+01, 8.8225333333e+00, 3.1532326667e+04
 1500587100, 1.5730000000e+02, 1.0584000000e+02, 3.4306666667e+01, 8.8408000000e+00, 3.0945803333e+04
 1500587400, 1.3888333333e+02, 9.1106666667e+01, 3.1106666667e+01, 9.2045666667e+00, 2.6991253333e+04
 1500587700, 1.3535000000e+02, 8.8326666667e+01, 2.8046666667e+01, 8.9991666667e+00, 3.4886596667e+04
 1500588000, 1.5000000000e+02, 1.0200000000e+02, 3.0000000000e+01, 9.0773333333e+00, 2.7428243333e+04
 1500588300, 1.7058333333e+02, 1.1682000000e+02, 3.3293333333e+01, 8.8674666667e+00, 2.8835883333e+04
 1500588600, 1.4695000000e+02, 9.5066666667e+01, 3.2753333333e+01, 9.4676333333e+00, 3.3551196667e+04
 1500588900, 1.3635000000e+02, 8.7620000000e+01, 3.0306666667e+01, 9.8061333333e+00, 2.6542793333e+04
 1500589200, 1.4276666667e+02, 9.5766666667e+01, 2.8446666667e+01, 1.0086300000e+01, 3.1152703333e+04
 1500589500, 1.3535000000e+02, 8.8233333333e+01, 3.0046666667e+01, 1.0309033333e+01, 3.0449990000e+04
 1500589800, 1.5000000000e+02, 9.8000000000e+01, 3.2000000000e+01, 9.8422333333e+00, 2.6478960000e+04
 1500590100, 1.3765000000e+02, 8.9766666667e+01, 2.8706666667e+01, 9.7495666667e+00, 3.3996550000e+04
 1500590400, 1.3500000000e+02, 8.8000000000e+01, 2.8000000000e+01, 9.6615000000e+00, 2.5620983333e+04
 1500590700, 1.5616666667e+02, 1.0578000000e+02, 3.1386666667e+01, 9.7249666667e+00, 2.7979603333e+04
 1500591000, 1.7383333333e+02, 1.2017333333e+02, 3.5106666667e+01, 9.3696000000e+00, 3.2369486667e+04
 1500591300, 1.3511666667e+02, 8.6093333333e+01, 3.2046666667e+01, 9.4140000000e+00, 2.8153756667e+04
 1500591600, 1.4000000000e+02, 9.0000000000e+01, 3.4000000000e+01, 9.0482666667e+00, 3.5220606667e+04
 1500591900, 1.4411666667e+02, 9.4940000000e+01, 3.0706666667e+01, 9.7893333333e+00, 2.8307303333e+04
 1500592200, 1.4500000000e+02, 9.7246666667e+01, 2.8753333333e+01, 9.8579666667e+00, 2.9243973333e+04
 1500592500, 1.4711666667e+02, 1.0138666667e+02, 2.7153333333e+01, 1.0317866667e+01, 3.3821690000e+04
 1500592800, 1.5223333333e+02, 1.0734000000e+02, 2.6893333333e+01, 1.0825433333e+01, 2.7940433333e+04
 1500593100, 1.5941666667e+02, 1.1148666667e+02, 2.9953333333e+01, 1.0682433333e+01, 3.1912916667e+04
 1500593400, 1.3500000000e+02, 9.0000000000e+01, 2.8000000000e+01, 1.0333300000e+01, 3.1409003333e+04
 1500593700, 1.8028333333e+02, 1.2622666667e+02, 3.6233333333e+01, 9.9870666667e+00, 2.6439123333e+04
 1500594000, 1.5608333333e+02, 1.0563333333e+02, 3.1833333333e+01, 1.0262666667e+01, 3.5033796667e+04
 1500594300, 1.3711666667e+02, 8.8846666667e+01, 2.8846666667e+01, 1.0269566667e+01, 2.6127290000e+04
 1500594600, 1.3888333333e+02, 9.0446666667e+01, 2.8660000000e+01, 1.0356166667e+01, 2.8149040000e+04
 1500594900, 1.3523333333e+02, 9.2046666667e+01, 2.4186666667e+01, 1.0388100000e+01, 3.3392026667e+04
 1500595200, 1.4500000000e+02, 9.4000000000e+01, 3.2000000000e+01, 1.0411500000e+01, 2.5123543333e+04
 1500595500, 1.7793333333e+02, 1.2199333333e+02, 3.6940000000e+01, 1.0404866667e+01, 3.1182076667e+04
 1500595800, 1.5383333333e+02, 1.1179333333e+02, 3.1766666667e+01, 9.6669666667e+00, 2.2963730000e+04
 1500596100, 1.3906666667e+02, 9.9560000000e+01, 2.7186666667e+01, 9.6120000000e+00, 2.2351580000e+04
 1500596400, 1.4276666667e+02, 9.3766666667e+01, 2.6446666667e+01, 9.8148333333e+00, 2.7474953333e+04
 1500596700, 1.3500000000e+02, 8.6093333333e+01, 2.8000000000e+01, 9.7652000000e+00, 2.8650526667e+04
 1500597000, 1.3500000000e+02, 9.0000000000e+01, 2.8000000000e+01, 9.8653666667e+00, 3.3829076667e+04
 1500597300, 1.3911666667e+02, 9.1646666667e+01, 2.9646666667e+01, 1.0016133333e+01, 2.6476173333e+04
 1500597600, 1.3688333333e+02, 8.8260000000e+01, 2.8753333333e+01, 9.8694666667e+00, 3.1174746667e+04
 1500597900, 1.5193333333e+02, 1.0208666667e+02, 2.8846666667e+01, 9.5168000000e+00, 3.0925360000e+04
 1500598200, 1.6830000000e+02, 1.1908666667e+02, 2.9106666667e+01, 9.6321666667e+00, 2.6577966667e+04
 1500598500, 1.4570000000e+02, 1.0242000000e+02, 2.6233333333e+01, 9.7695333333e+00, 3.4761196667e+04
 1500598800, 1.7500000000e+02, 1.2000000000e+02, 3.6000000000e+01, 9.6223000000e+00, 2.5244810000e+04
 1500599100, 1.5441666667e+02, 1.0353333333e+02, 3.2706666667e+01, 9.6442333333e+00, 2.7803196667e+04
 1500599400, 1.4190000000e+02, 9.0280000000e+01, 3.3620000000e+01, 9.8200333333e+00, 3.2440976667e+04
 1500599700, 1.4000000000e+02, 9.1740000000e+01, 3.0260000000e+01, 1.0349466667e+01, 2.7767580000e+04
 1500600000, 1.6328333333e+02, 1.1178000000e+02, 3.1386666667e+01, 1.0733333333e+01, 3.5271270000e+04
 1500600300, 1.9388333333e+02, 1.3600000000e+02, 3.6446666667e+01, 1.0496133333e+01, 2.9200023333e+04
 1500600600, 1.8908333333e+02, 1.3520000000e+02, 3.7866666667e+01, 1.0653633333e+01, 2.9244583333e+04
 1500600900, 1.3500000000e+02, 8.8000000000e+01, 3.0000000000e+01, 1.0321333333e+01, 3.4348940000e+04
 1500601200, 1.3911666667e+02, 9.1293333333e+01, 3.0000000000e+01, 1.0066266667e+01, 2.7985753333e+04
 1500601500, 1.4311666667e+02, 9.4493333333e+01, 2.8753333333e+01, 9.7301000000e+00, 3.0949650000e+04
 1500601800, 1.5346666667e+02, 1.0277333333e+02, 3.0540000000e+01, 9.2128666667e+00, 3.1912236667e+04
 1500602100, 1.5830000000e+02, 1.0708666667e+02, 3.2660000000e+01, 9.2519333333e+00, 2.7323586667e+04
 1500602400, 1.3511666667e+02, 9.0046666667e+01, 2.8093333333e+01, 8.9221666667e+00, 3.5229376667e+04
 1500602700, 1.4000000000e+02, 9.2000000000e+01, 3.2000000000e+01, 8.7894666667e+00, 2.7220590000e+04
 1500603000, 1.7293333333e+02, 1.2164000000e+02, 3.0353333333e+01, 9.4749666667e+00, 2.8114983333e+04
 1500603300, 1.7065000000e+02, 1.1802666667e+02, 3.2493333333e+01, 9.4720000000e+00, 3.3564110000e+04
 1500603600, 1.5230000000e+02, 1.0268666667e+02, 3.1460000000e+01, 9.0674666667e+00, 2.5091670000e+04
 1500603900, 1.4058333333e+02, 9.4020000000e+01, 2.8446666667e+01, 9.4924000000e+00, 3.1497400000e+04
 1500604200, 1.6046666667e+02, 1.0832666667e+02, 3.0140000000e+01, 9.1681333333e+00, 2.9335280000e+04
 1500604500, 1.8000000000e+02, 1.2200000000e+02, 3.6000000000e+01, 9.0861666667e+00, 2.9341383333e+04
 1500604800, 1.4706666667e+02, 9.7300000000e+01, 2.9413333333e+01, 9.4581000000e+00, 3.4988503333e+04
 1500605100, 1.4935000000e+02, 1.0197333333e+02, 2.8000000000e+01, 9.6850333333e+00, 2.8268940000e+04
 1500605400, 1.5288333333e+02, 1.0461333333e+02, 2.8846666667e+01, 9.7605000000e+00, 3.1312903333e+04
 1500605700, 1.4580000000e+02, 9.6640000000e+01, 2.9160000000e+01, 9.8626000000e+00, 3.1859170000e+04
 1500606000, 1.3011666667e+02, 8.4093333333e+01, 2.6046666667e+01, 1.0146466667e+01, 2.7391953333e+04
 1500606300, 1.3500000000e+02, 8.8000000000e+01, 2.8000000000e+01, 9.8091333333e+00, 3.5705750000e+04
 1500606600, 1.3088333333e+02, 8.8000000000e+01, 2.6353333333e+01, 9.5014000000e+00, 2.7965123333e+04
 1500606900, 1.6391666667e+02, 1.1883333333e+02, 2.8466666667e+01, 9.1156666667e+00, 2.8841450000e+04
 1500607200, 1.5960000000e+02, 1.1429333333e+02, 2.8306666667e+01, 8.8027333333e+00, 3.4091703333e+04
 1500607500, 1.3393333333e+02, 8.8700000000e+01, 2.7786666667e+01, 9.2025333333e+00, 2.6902973333e+04
 1500607800, 1.6441666667e+02, 1.1144000000e+02, 3.3953333333e+01, 9.5419666667e+00, 3.1397346667e+04
 1500608100, 1.4000000000e+02, 8.8000000000e+01, 3.2000000000e+01, 9.6713666667e+00, 3.1185726667e+04
 1500608400, 1.6881666667e+02, 1.1599333333e+02, 3.5293333333e+01, 1.0231600000e+01, 2.6918673333e+04
 1500608700, 1.5630000000e+02, 1.0579333333e+02, 3.2260000000e+01, 9.7709000000e+00, 3.5141016667e+04
 1500609000, 1.5135000000e+02, 1.0192666667e+02, 3.0000000000e+01, 9.4649333333e+00, 2.5784986667e+04
 1500609300, 1.5441666667e+02, 1.0508666667e+02, 2.9553333333e+01, 8.9267666667e+00, 2.7531966667e+04
 1500609600, 1.3535000000e+02, 8.8326666667e+01, 2.8046666667e+01, 8.6466000000e+00, 3.2231033333e+04
 1500609900, 1.5000000000e+02, 1.0200000000e+02, 3.0000000000e+01, 8.7993666667e+00, 2.7750200000e+04
 1500610200, 1.4590000000e+02, 9.3800000000e+01, 3.1640000000e+01, 9.1708000000e+00, 3.4875790000e+04
 1500610500, 1.5123333333e+02, 1.0072666667e+02, 2.9506666667e+01, 9.5536666667e+00, 2.8154843333e+04
 1500610800, 1.5076666667e+02, 1.0092000000e+02, 2.8846666667e+01, 9.4161333333e+00, 2.7844893333e+04
 1500611100, 1.4723333333e+02, 9.6233333333e+01, 3.0446666667e+01, 9.7599000000e+00, 3.3452100000e+04
 1500611400, 1.5511666667e+02, 1.0418666667e+02, 3.2000000000e+01, 1.0150800000e+01, 2.6219523333e+04
 1500611700, 1.6000000000e+02, 1.1200000000e+02, 3.2000000000e+01, 1.0166900000e+01, 3.0590430000e+04
 1500612000, 1.3941666667e+02, 9.3886666667e+01, 2.8706666667e+01, 9.8779333333e+00, 2.9419993333e+04
 1500612300, 1.4430000000e+02, 9.6200000000e+01, 2.9240000000e+01, 9.6920333333e+00, 2.9350873333e+04
 1500612600, 1.5635000000e+02, 1.0423333333e+02, 3.2540000000e+01, 9.3534666667e+00, 3.4744150000e+04
 1500612900, 1.6500000000e+02, 1.1044666667e+02, 3.5553333333e+01, 9.2772333333e+00, 2.7167360000e+04
 1500613200, 1.6476666667e+02, 1.1139333333e+02, 3.4000000000e+01, 9.2591666667e+00, 3.0753073333e+04
 1500613500, 1.5500000000e+02, 8.6000000000e+01, 3.4000000000e+01, 9.8279000000e+00, 3.1267896667e+04
 1500613800, 1.4676666667e+02, 9.5880000000e+01, 2.9060000000e+01, 1.0213133333e+01, 2.5638276667e+04
 1500614100, 1.6370000000e+02, 1.1420666667e+02, 3.2986666667e+01, 9.8547333333e+00, 3.4561430000e+04
 1500614400, 1.6865000000e+02, 1.1892000000e+02, 3.4306666667e+01, 1.0021100000e+01, 2.5352070000e+04
 1500614700, 1.5441666667e+02, 1.0708666667e+02, 3.1106666667e+01, 9.9001333333e+00, 3.0962156667e+04
 1500615000, 1.3500000000e+02, 8.9906666667e+01, 2.8093333333e+01, 1.0419700000e+01, 3.1757930000e+04
 1500615300, 1.3500000000e+02, 8.6000000000e+01, 3.2000000000e+01, 1.0728233333e+01, 2.7408796667e+04
 1500615600, 1.4323333333e+02, 9.7526666667e+01, 2.8706666667e+01, 1.0441066667e+01, 3.4765466667e+04
 1500615900, 1.3253333333e+02, 8.7533333333e+01, 2.6753333333e+01, 9.8159000000e+00, 2.7383063333e+04
 1500616200, 1.4405000000e+02, 9.6086666667e+01, 2.9386666667e+01, 9.4358666667e+00, 2.8644063333e+04
 1500616500, 1.6441666667e+02, 1.1264000000e+02, 3.3106666667e+01, 9.8704666667e+00, 3.3705970000e+04
 1500616800, 1.4488333333e+02, 9.3906666667e+01, 3.0000000000e+01, 1.0087466667e+01, 2.5191470000e+04
 1500617100, 1.4000000000e+02, 9.0000000000e+01, 3.0000000000e+01, 9.7525000000e+00, 3.4860996667e+04
 1500617400, 1.3588333333e+02, 8.8353333333e+01, 2.8353333333e+01, 8.9598333333e+00, 2.8547073333e+04
 1500617700, 1.4123333333e+02, 8.9246666667e+01, 3.2986666667e+01, 8.7364666667e+00, 2.8692850000e+04
 1500618000, 1.5558333333e+02, 1.0100666667e+02, 3.6000000000e+01, 8.6206000000e+00, 3.4256586667e+04
 1500618300, 1.6888333333e+02, 1.1510666667e+02, 3.5553333333e+01, 8.7223333333e+00, 2.5864233333e+04
 1500618600, 1.6558333333e+02, 1.1260666667e+02, 3.3953333333e+01, 8.3676000000e+00, 3.1492346667e+04
 1500618900, 1.9000000000e+02, 1.3800000000e+02, 3.2000000000e+01, 8.2022666667e+00, 2.9358346667e+04
 1500619200, 1.5295000000e+02, 1.0177333333e+02, 3.2000000000e+01, 8.7961333333e+00, 2.8453633333e+04
 1500619500, 1.4188333333e+02, 9.2753333333e+01, 2.9506666667e+01, 9.1494000000e+00, 3.4282026667e+04
 1500619800, 1.4635000000e+02, 9.7080000000e+01, 2.8846666667e+01, 9.4812666667e+00, 2.7838660000e+04
 1500620100, 1.5053333333e+02, 1.0042666667e+02, 2.9553333333e+01, 9.7753666667e+00, 3.1217380000e+04
 1500620400, 1.3558333333e+02, 8.8420000000e+01, 2.8093333333e+01, 1.0157400000e+01, 2.0313433333e+04
 1500620700, 1.6000000000e+02, 1.0600000000e+02, 3.2000000000e+01, 9.9314666667e+00, 2.3028540000e+04
 1500621000, 1.3530000000e+02, 9.1180000000e+01, 2.5413333333e+01, 9.4543000000e+00, 2.8480586667e+04
 1500621300, 1.4870000000e+02, 1.0046666667e+02, 2.7740000000e+01, 9.9543000000e+00, 2.8704980000e+04
 1500621600, 1.5576666667e+02, 1.0546000000e+02, 3.0846666667e+01, 9.5792666667e+00, 3.3928386667e+04
 1500621900, 1.4665000000e+02, 9.8873333333e+01, 3.1106666667e+01, 9.6576000000e+00, 2.6597703333e+04
 1500622200, 1.3500000000e+02, 8.8046666667e+01, 2.8000000000e+01, 9.4093666667e+00, 3.1420013333e+04
 1500622500, 1.3500000000e+02, 9.0000000000e+01, 2.8000000000e+01, 8.9879666667e+00, 3.0622550000e+04
 1500622800, 1.3088333333e+02, 8.1766666667e+01, 3.1293333333e+01, 9.5519666667e+00, 2.6524936667e+04
 1500623100, 1.3311666667e+02, 8.6233333333e+01, 2.9506666667e+01, 9.5614333333e+00, 3.5229786667e+04
 1500623400, 1.3500000000e+02, 9.0000000000e+01, 2.8846666667e+01, 1.0090666667e+01, 2.4880843333e+04
 1500623700, 1.3946666667e+02, 9.3573333333e+01, 3.0000000000e+01, 1.0035600000e+01, 3.1373160000e+04
 1500624000, 1.5441666667e+02, 1.0544000000e+02, 3.0000000000e+01, 9.8571666667e+00, 3.2064480000e+04
 1500624300, 1.3000000000e+02, 8.2000000000e+01, 3.0000000000e+01, 9.6304000000e+00, 2.6698636667e+04
 1500624600, 1.3410000000e+02, 8.5280000000e+01, 3.1640000000e+01, 9.1891333333e+00, 3.4362790000e+04
 1500624900, 1.4746666667e+02, 9.7220000000e+01, 3.0753333333e+01, 9.2987333333e+00, 2.7251173333e+04
 1500625200, 1.5076666667e+02, 1.0146000000e+02, 2.9153333333e+01, 8.9838333333e+00, 2.7494606667e+04
 1500625500, 1.4835000000e+02, 1.0112666667e+02, 2.8000000000e+01, 8.8056000000e+00, 3.2537690000e+04
 1500625800, 1.5941666667e+02, 1.1144000000e+02, 2.8000000000e+01, 9.1377333333e+00, 2.7502646667e+04
 1500626100, 1.3500000000e+02, 8.8000000000e+01, 2.8000000000e+01, 9.7354333333e+00, 3.4555066667e+04
 1500626400, 1.5146666667e+02, 9.9526666667e+01, 3.2940000000e+01, 9.2490000000e+00, 2.8091570000e+04
 1500626700, 1.7681666667e+02, 1.2070000000e+02, 3.5246666667e+01, 9.8457000000e+00, 2.9008520000e+04
 1500627000, 1.6671666667e+02, 1.1337333333e+02, 3.2613333333e+01, 9.6399333333e+00, 3.4649823333e+04
 1500627300, 1.3835000000e+02, 9.1573333333e+01, 2.8000000000e+01, 9.8703333333e+00, 2.7223020000e+04
 1500627600, 1.4988333333e+02, 1.0400000000e+02, 2.7953333333e+01, 1.0421633333e+01, 3.1462883333e+04
 1500627900, 1.4500000000e+02, 1.0400000000e+02, 2.6000000000e+01, 1.0714066667e+01, 3.1016896667e+04
 1500628200, 1.5323333333e+02, 1.0564666667e+02, 2.9293333333e+01, 1.1170000000e+01, 2.6471920000e+04
 1500628500, 1.7681666667e+02, 1.2220666667e+02, 3.3740000000e+01, 1.0422900000e+01, 3.4530583333e+04
 1500628800, 1.7730000000e+02, 1.2099333333e+02, 3.5153333333e+01, 1.0082866667e+01, 2.5550233333e+04
 1500629100, 1.5553333333e+02, 1.0287333333e+02, 3.2660000000e+01, 1.0444133333e+01, 3.0976076667e+04
 1500629400, 1.4023333333e+02, 9.2046666667e+01, 2.8186666667e+01, 1.0164533333e+01, 3.2683300000e+04
 1500629700, 1.5000000000e+02, 9.4000000000e+01, 3.6000000000e+01, 1.0005000000e+01, 2.8159433333e+04
 1500630000, 1.5000000000e+02, 9.7293333333e+01, 3.2706666667e+01, 1.0212933333e+01, 3.4946490000e+04
 1500630300, 1.5935000000e+02, 1.0672666667e+02, 3.3246666667e+01, 1.0154933333e+01, 2.8441876667e+04
 1500630600, 1.6076666667e+02, 1.0946000000e+02, 3.2306666667e+01, 1.0079566667e+01, 2.9045936667e+04
 1500630900, 1.6058333333e+02, 1.0912666667e+02, 3.1786666667e+01, 9.6615666667e+00, 3.4072263333e+04
 1500631200, 1.7906666667e+02, 1.1934666667e+02, 3.7766666667e+01, 9.6862333333e+00, 2.5812226667e+04
 1500631500, 1.4000000000e+02, 9.2000000000e+01, 2.8000000000e+01, 1.0241966667e+01, 3.1499100000e+04
 1500631800, 1.3588333333e+02, 9.0353333333e+01, 2.8000000000e+01, 9.9437666667e+00, 2.9989896667e+04
 1500632100, 1.6928333333e+02, -nan, 3.4233333333e+01, 1.0054200000e+01, 2.5884666667e+04
 1500632400, 1.6671666667e+02, -nan, -nan, 9.7556333333e+00, 2.1101606667e+04
 1500632700, 1.3500000000e+02, -nan, -nan, 9.5898333333e+00, 2.2357303333e+04
 1500633000, 1.3500000000e+02, -nan, -nan, 9.4185333333e+00, 3.3485390000e+04
 1500633300, 1.3500000000e+02, -nan, -nan, 9.7439333333e+00, 2.1800736667e+04
 1500633600, 1.3088333333e+02, -nan, -nan, 9.8350000000e+00, 2.1431163333e+04
 1500633900, 1.5181666667e+02, -nan, -nan, 9.5715333333e+00, 2.2739713333e+04
 1500634200, -nan, -nan, -nan, 9.2654666667e+00, 3.5678113333e+04
 1500634500, -nan, -nan, -nan, -nan, 2.8254500000e+04
 1500634800, -nan, -nan, -nan, -nan, -nan
