 Time, ttl_pwr, cpu_pwr, mem_pwr, cpu_load, mem_load
 1500448500, 2.5500000000e+02, 2.0400000000e+02, 3.0000000000e+01, 1.6050000000e+01, 5.1922433333e+04
 1500448800, 2.5500000000e+02, 2.0400000000e+02, 3.0000000000e+01, 1.6043666667e+01, 5.1923800000e+04
 1500449100, 2.5183333333e+02, 2.0400000000e+02, 3.0000000000e+01, 1.6044333333e+01, 5.1923000000e+04
 1500449400, 2.5216666667e+02, 2.0400000000e+02, 2.9133333333e+01, 1.6050333333e+01, 5.1922266667e+04
 1500449700, 2.5500000000e+02, 2.0400000000e+02, 2.8466666667e+01, 1.6051666667e+01, 5.1923900000e+04
 1500450000, 2.5500000000e+02, 2.0400000000e+02, 2.9933333333e+01, 1.6049666667e+01, 5.0428200000e+04
 1500450300, 2.5500000000e+02, 2.0400000000e+02, 2.8000000000e+01, 1.3813333333e+01, 7.0714000000e+03
 1500450600, 8.8333333333e+01, 5.5666666667e+01, 1.4666666667e+01, 1.0019266667e+01, 7.0691366667e+03
 1500450900, 5.5000000000e+01, 2.6000000000e+01, 1.2000000000e+01, 7.2846666667e+00, 7.0680666667e+03
 1500451200, 5.5000000000e+01, 2.6000000000e+01, 1.2000000000e+01, 5.2986666667e+00, 7.0683666667e+03
 1500451500, 9.9333333333e+01, 6.5200000000e+01, 1.6666666667e+01, 4.9236666667e+00, 1.7180666667e+04
 1500451800, 2.4500000000e+02, 1.9406666667e+02, 3.1866666667e+01, 7.6953333333e+00, 1.8439900000e+04
 1500452100, 2.4500000000e+02, 1.9600000000e+02, 2.8000000000e+01, 9.9670000000e+00, 1.8671233333e+04
 1500452400, 2.5333333333e+02, 2.0266666667e+02, 3.3000000000e+01, 1.1591000000e+01, 2.4617133333e+04
 1500452700, 2.5500000000e+02, 2.0273333333e+02, 3.2733333333e+01, 1.2826000000e+01, 2.3406466667e+04
 1500453000, 2.2900000000e+02, 1.7600000000e+02, 3.2000000000e+01, 1.3658000000e+01, 1.7257966667e+04
 1500453300, 2.0783333333e+02, 1.5646666667e+02, 3.1533333333e+01, 1.4224333333e+01, 2.0326833333e+04
 1500453600, 2.5016666667e+02, 2.0400000000e+02, 3.0000000000e+01, 1.4707666667e+01, 1.7023400000e+04
 1500453900, 2.5500000000e+02, 2.0400000000e+02, 3.0000000000e+01, 1.5078666667e+01, 2.1920866667e+04
 1500454200, 2.4666666667e+02, 2.0066666667e+02, 2.8333333333e+01, 1.5361333333e+01, 2.0387100000e+04
 1500454500, 2.5133333333e+02, 1.9746666667e+02, 3.6866666667e+01, 1.5497000000e+01, 2.4590833333e+04
 1500454800, 2.5500000000e+02, 1.9426666667e+02, 4.2000000000e+01, 1.5618000000e+01, 2.4562533333e+04
 1500455100, 2.5383333333e+02, 1.9433333333e+02, 3.8733333333e+01, 1.5658666667e+01, 1.9730366667e+04
 1500455400, 2.5000000000e+02, 2.0200000000e+02, 2.8000000000e+01, 1.5705666667e+01, 2.0484266667e+04
 1500455700, 2.5000000000e+02, 2.0200000000e+02, 2.8000000000e+01, 1.5750333333e+01, 2.2218033333e+04
 1500456000, 2.5416666667e+02, 2.0366666667e+02, 2.9666666667e+01, 1.5790666667e+01, 2.2602900000e+04
 1500456300, 2.5183333333e+02, 2.0273333333e+02, 2.8733333333e+01, 1.5808333333e+01, 2.2739433333e+04
 1500456600, 2.5216666667e+02, 2.0200000000e+02, 3.0600000000e+01, 1.5873666667e+01, 2.4651466667e+04
 1500456900, 2.5500000000e+02, 2.0246666667e+02, 3.3066666667e+01, 1.5913000000e+01, 2.4690000000e+04
 1500457200, 2.5516666667e+02, 2.0400000000e+02, 3.0200000000e+01, 1.5837000000e+01, 2.4781233333e+04
 1500457500, 2.6000000000e+02, 2.0400000000e+02, 3.6000000000e+01, 1.5745666667e+01, 2.0735866667e+04
 1500457800, 2.5583333333e+02, 2.0900000000e+02, 2.9333333333e+01, 1.5721666667e+01, 2.4749800000e+04
 1500458100, 2.5183333333e+02, 2.0493333333e+02, 2.9266666667e+01, 1.5743333333e+01, 2.4267400000e+04
 1500458400, 2.4350000000e+02, 1.9680000000e+02, 2.9133333333e+01, 1.5834200000e+01, 2.0767280000e+04
 1500458700, 2.3850000000e+02, 1.9046666667e+02, 2.9866666667e+01, 1.5885000000e+01, 2.4762133333e+04
 1500459000, 2.5016666667e+02, 1.9220000000e+02, 3.6000000000e+01, 1.5913000000e+01, 2.1135166667e+04
 1500459300, 2.5500000000e+02, 1.9800000000e+02, 3.6000000000e+01, 1.5910333333e+01, 2.0341233333e+04
 1500459600, 2.5083333333e+02, 2.0300000000e+02, 2.9333333333e+01, 1.5874333333e+01, 2.4552266667e+04
 1500459900, 2.5950000000e+02, 1.9893333333e+02, 4.1933333333e+01, 1.5841266667e+01, 2.4037673333e+04
 1500460200, 2.6070000000e+02, 1.9686000000e+02, 4.5700000000e+01, 1.5837633333e+01, 2.2278696667e+04
 1500460500, 2.5500000000e+02, 1.9986666667e+02, 3.7200000000e+01, 1.5826000000e+01, 2.2628233333e+04
 1500460800, 2.5500000000e+02, 2.0580000000e+02, 2.8200000000e+01, 1.5620333333e+01, 2.3606500000e+04
 1500461100, 2.5500000000e+02, 2.0000000000e+02, 3.4000000000e+01, 1.5724666667e+01, 2.4641100000e+04
 1500461400, 2.6333333333e+02, 1.9833333333e+02, 4.5666666667e+01, 1.5779000000e+01, 1.7497500000e+04
 1500461700, 2.5866666667e+02, 2.0180000000e+02, 3.6600000000e+01, 1.5783666667e+01, 2.0657533333e+04
 1500462000, 2.5500000000e+02, 2.0400000000e+02, 3.0000000000e+01, 1.5644666667e+01, 2.0741266667e+04
 1500462300, 2.0833333333e+02, 1.6246666667e+02, 2.5800000000e+01, 1.2461000000e+01, 7.0721000000e+03
 1500462600, 5.5000000000e+01, 2.6000000000e+01, 1.2000000000e+01, 9.0796666667e+00, 7.0713666667e+03
 1500462900, 5.5000000000e+01, 2.6000000000e+01, 1.2000000000e+01, 6.5970000000e+00, 7.0708000000e+03
 1500463200, 5.5000000000e+01, 2.6000000000e+01, 1.2000000000e+01, 4.8030000000e+00, 7.0707666667e+03
 1500463500, 5.5000000000e+01, 2.6000000000e+01, 1.2000000000e+01, 3.5053333333e+00, 7.0710000000e+03
 1500463800, 5.5000000000e+01, 2.6000000000e+01, 1.2000000000e+01, 2.5433333333e+00, 7.0710666667e+03
 1500464100, 5.5000000000e+01, 2.6000000000e+01, 1.2000000000e+01, 1.8596666667e+00, 7.0717333333e+03
 1500464400, 5.5000000000e+01, 2.6000000000e+01, 1.2000000000e+01, 1.3600000000e+00, 7.0689333333e+03
 1500464700, 5.5000000000e+01, 2.6000000000e+01, 1.2000000000e+01, 1.0126666667e+00, 7.0689333333e+03
 1500465000, 5.5000000000e+01, 2.6000000000e+01, 1.2000000000e+01, 7.5666666667e-01, 7.0695333333e+03
 1500465300, 5.5000000000e+01, 2.6000000000e+01, 1.2000000000e+01, 5.6666666667e-01, 7.0690000000e+03
 1500465600, 5.5000000000e+01, 2.6000000000e+01, 1.2000000000e+01, 4.2400000000e-01, 7.0690333333e+03
 1500465900, 5.5000000000e+01, 2.6000000000e+01, 1.2000000000e+01, 3.1966666667e-01, 7.0684000000e+03
 1500466200, 6.1166666667e+01, 3.1533333333e+01, 1.2533333333e+01, 5.9766666667e-01, 1.2401600000e+04
 1500466500, 2.4000000000e+02, 1.9200000000e+02, 2.8000000000e+01, 4.0263333333e+00, 2.3995500000e+04
 1500466800, 2.5250000000e+02, 2.0033333333e+02, 3.3000000000e+01, 6.5903333333e+00, 1.3510033333e+04
 1500467100, 1.3150000000e+02, 9.0533333333e+01, 2.0066666667e+01, 5.2219666667e+00, 7.0704000000e+03
 1500467400, 5.7833333333e+01, 2.6000000000e+01, 1.2000000000e+01, 3.8066666667e+00, 7.0691666667e+03
 1500467700, 5.5000000000e+01, 2.6000000000e+01, 1.2000000000e+01, 2.8256666667e+00, 9.2261666667e+03
 1500468000, 6.0850000000e+01, 3.1160000000e+01, 1.2660000000e+01, 6.0614000000e+00, 2.1253253333e+04
 1500468300, 2.5000000000e+02, 1.9800000000e+02, 3.4000000000e+01, 1.1979933333e+01, 2.3250673333e+04
 1500468600, 2.2916666667e+02, 1.7966666667e+02, 3.0666666667e+01, 1.6571533333e+01, 2.3377733333e+04
 1500468900, 2.5350000000e+02, 2.0133333333e+02, 3.2533333333e+01, 1.9479800000e+01, 2.3532286667e+04
 1500469200, 2.5050000000e+02, 1.9866666667e+02, 3.1400000000e+01, 2.1517666667e+01, 2.3597666667e+04
 1500469500, 2.1350000000e+02, 1.6496000000e+02, 2.8000000000e+01, 2.3446800000e+01, 2.3657963333e+04
 1500469800, 1.7580000000e+02, 1.2869333333e+02, 2.8106666667e+01, 2.4234200000e+01, 2.3695966667e+04
 1500470100, 2.0500000000e+02, 1.5400000000e+02, 3.2000000000e+01, 2.4817666667e+01, 2.3762366667e+04
 1500470400, 2.4220000000e+02, 1.9368000000e+02, 2.8693333333e+01, 2.5032600000e+01, 2.3857800000e+04
 1500470700, 2.3733333333e+02, 1.8933333333e+02, 3.0533333333e+01, 2.5432933333e+01, 2.3872113333e+04
 1500471000, 2.3216666667e+02, 1.8373333333e+02, 3.2000000000e+01, 2.6213733333e+01, 2.3895233333e+04
 1500471300, 2.2450000000e+02, 1.7620000000e+02, 3.0600000000e+01, 2.6589500000e+01, 2.3922263333e+04
 1500471600, 1.9033333333e+02, 1.4440000000e+02, 2.6066666667e+01, 2.6934533333e+01, 2.4080200000e+04
 1500471900, 2.0000000000e+02, 1.5600000000e+02, 2.8000000000e+01, 2.6777266667e+01, 2.6201260000e+04
 1500472200, 2.2075000000e+02, 1.7426000000e+02, 2.8000000000e+01, 2.5808866667e+01, 2.7383330000e+04
 1500472500, 2.2183333333e+02, 1.7420000000e+02, 2.8000000000e+01, 2.4749333333e+01, 2.7383933333e+04
 1500472800, 2.1133333333e+02, 1.6333333333e+02, 2.8000000000e+01, 2.4099066667e+01, 2.7384520000e+04
 1500473100, 2.0575000000e+02, 1.5798000000e+02, 2.8000000000e+01, 2.3664100000e+01, 2.7383786667e+04
 1500473400, 2.2416666667e+02, 1.7713333333e+02, 2.8000000000e+01, 2.3390400000e+01, 2.7383463333e+04
 1500473700, 2.0000000000e+02, 1.5200000000e+02, 2.8000000000e+01, 2.2987633333e+01, 2.7383293333e+04
 1500474000, 2.3750000000e+02, 1.9033333333e+02, 2.8000000000e+01, 2.2730000000e+01, 2.7382600000e+04
 1500474300, 2.3233333333e+02, 1.8660000000e+02, 2.8000000000e+01, 2.2455600000e+01, 2.7382796667e+04
 1500474600, 2.2283333333e+02, 1.7740000000e+02, 2.8000000000e+01, 2.2278666667e+01, 2.7382466667e+04
 1500474900, 2.2583333333e+02, 1.7913333333e+02, 2.8000000000e+01, 2.2390600000e+01, 2.7385256667e+04
 1500475200, 2.4433333333e+02, 1.9500000000e+02, 2.8000000000e+01, 2.2530200000e+01, 2.7384600000e+04
 1500475500, 2.2500000000e+02, 1.6600000000e+02, 2.8000000000e+01, 2.2376000000e+01, 2.7385866667e+04
 1500475800, 2.1255000000e+02, 1.6268000000e+02, 2.8000000000e+01, 2.2309066667e+01, 2.7383593333e+04
 1500476100, 2.1950000000e+02, 1.7213333333e+02, 2.8000000000e+01, 2.2136933333e+01, 2.7384133333e+04
 1500476400, 2.2716666667e+02, 1.7800000000e+02, 2.9733333333e+01, 2.2391000000e+01, 2.7386166667e+04
 1500476700, 2.3116666667e+02, 1.7986666667e+02, 3.1066666667e+01, 2.3399000000e+01, 2.7401466667e+04
 1500477000, 2.3500000000e+02, 1.8606666667e+02, 2.7933333333e+01, 2.4635000000e+01, 2.7434000000e+04
 1500477300, 2.3500000000e+02, 1.8800000000e+02, 2.6000000000e+01, 2.5182000000e+01, 2.7445133333e+04
 1500477600, 2.4326666667e+02, 1.6485333333e+02, 2.7653333333e+01, 2.5972200000e+01, 2.7531753333e+04
 1500477900, 2.3866666667e+02, 1.7520000000e+02, 3.1800000000e+01, 2.5480333333e+01, 2.7534466667e+04
 1500478200, 2.3930000000e+02, 1.8830000000e+02, 3.3140000000e+01, 2.5407533333e+01, 2.7566236667e+04
 1500478500, 2.4273333333e+02, 1.9309333333e+02, 3.1093333333e+01, 2.5954066667e+01, 2.7679986667e+04
 1500478800, 2.3516666667e+02, 1.8973333333e+02, 2.8066666667e+01, 2.6525866667e+01, 2.7692620000e+04
 1500479100, 2.4000000000e+02, 1.8200000000e+02, 3.0000000000e+01, 2.6139666667e+01, 2.7699866667e+04
 1500479400, 2.4416666667e+02, 1.9533333333e+02, 3.0000000000e+01, 2.6401833333e+01, 2.7701830000e+04
 1500479700, 2.3866666667e+02, 1.8786666667e+02, 3.1266666667e+01, 2.6810000000e+01, 2.7706833333e+04
 1500480000, 1.9845000000e+02, 1.4760000000e+02, 3.0280000000e+01, 2.7429300000e+01, 2.7716830000e+04
 1500480300, 1.7333333333e+02, 1.2533333333e+02, 2.8000000000e+01, 2.7770666667e+01, 2.7719366667e+04
 1500480600, 2.5000000000e+02, 2.0193333333e+02, 2.8000000000e+01, 2.7894000000e+01, 2.7722966667e+04
 1500480900, 2.5000000000e+02, 2.0000000000e+02, 2.8000000000e+01, 2.7355333333e+01, 2.7726383333e+04
 1500481200, 2.3333333333e+02, 1.8333333333e+02, 3.1333333333e+01, 2.7413666667e+01, 2.7729800000e+04
 1500481500, 2.3950000000e+02, 1.8760000000e+02, 3.3266666667e+01, 2.7551666667e+01, 2.7770800000e+04
 1500481800, 2.3200000000e+02, 1.8160000000e+02, 3.2266666667e+01, 2.7082333333e+01, 2.7789100000e+04
 1500482100, 1.9545000000e+02, 1.4822000000e+02, 2.9540000000e+01, 2.7235600000e+01, 2.7871926667e+04
 1500482400, 1.3366666667e+02, 8.5466666667e+01, 2.8133333333e+01, 2.7007666667e+01, 2.7979033333e+04
 1500482700, 2.4000000000e+02, 1.8600000000e+02, 3.2000000000e+01, 2.6946733333e+01, 2.8044806667e+04
 1500483000, 2.3583333333e+02, 1.8433333333e+02, 3.0333333333e+01, 2.6636333333e+01, 2.8092200000e+04
 1500483300, 2.3816666667e+02, 1.8653333333e+02, 3.0000000000e+01, 2.7013433333e+01, 2.8102226667e+04
 1500483600, 2.4426666667e+02, 1.9312000000e+02, 2.9146666667e+01, 2.6708133333e+01, 2.8104553333e+04
 1500483900, 2.4425000000e+02, 1.9402000000e+02, 2.8460000000e+01, 2.7253133333e+01, 2.8107290000e+04
 1500484200, 2.2566666667e+02, 1.7446666667e+02, 3.0200000000e+01, 2.7504333333e+01, 2.8110000000e+04
 1500484500, 2.4500000000e+02, 1.8800000000e+02, 3.6000000000e+01, 2.7468000000e+01, 2.8112833333e+04
 1500484800, 2.4083333333e+02, 1.8800000000e+02, 3.4333333333e+01, 2.7281333333e+01, 2.8130066667e+04
 1500485100, 1.9300000000e+02, 1.4162666667e+02, 3.1493333333e+01, 2.7000800000e+01, 2.8132423333e+04
 1500485400, 1.7150000000e+02, 1.2006666667e+02, 3.1733333333e+01, 2.7109333333e+01, 2.8130593333e+04
 1500485700, 1.9586666667e+02, 1.4477333333e+02, 3.2640000000e+01, 2.7569733333e+01, 2.8131980000e+04
 1500486000, 2.4955000000e+02, 2.0140000000e+02, 2.8120000000e+01, 2.7550666667e+01, 2.8134770000e+04
 1500486300, 2.3500000000e+02, 1.8200000000e+02, 3.2000000000e+01, 2.7135000000e+01, 2.8158200000e+04
 1500486600, 2.2250000000e+02, 1.7366666667e+02, 2.7000000000e+01, 2.6412333333e+01, 2.8231966667e+04
 1500486900, 2.3566666667e+02, 1.8954666667e+02, 2.7253333333e+01, 2.6118066667e+01, 2.8233846667e+04
 1500487200, 2.4500000000e+02, 1.9480000000e+02, 3.1466666667e+01, 2.6286333333e+01, 2.8236233333e+04
 1500487500, 2.3933333333e+02, 1.8482666667e+02, 3.4186666667e+01, 2.6022400000e+01, 2.8240120000e+04
 1500487800, 2.2100000000e+02, 1.7460000000e+02, 2.8266666667e+01, 2.5928666667e+01, 2.8240633333e+04
 1500488100, 2.5000000000e+02, 1.9200000000e+02, 3.6000000000e+01, 2.5810333333e+01, 2.8243280000e+04
 1500488400, 2.4166666667e+02, 1.9033333333e+02, 3.2666666667e+01, 2.5594533333e+01, 2.8241900000e+04
 1500488700, 1.6716666667e+02, 1.1906666667e+02, 2.8200000000e+01, 2.5589200000e+01, 2.8247086667e+04
 1500489000, 1.7700000000e+02, 1.2826666667e+02, 2.9466666667e+01, 2.6375333333e+01, 2.8269766667e+04
 1500489300, 2.4500000000e+02, 1.9306666667e+02, 3.3533333333e+01, 2.6345800000e+01, 2.8275733333e+04
 1500489600, 2.4433333333e+02, 1.8946666667e+02, 3.2000000000e+01, 2.6447466667e+01, 2.8277480000e+04
 1500489900, 2.2000000000e+02, 1.7000000000e+02, 3.2000000000e+01, 2.6353666667e+01, 2.8271733333e+04
 1500490200, 2.4500000000e+02, 1.9000000000e+02, 3.3666666667e+01, 2.6477666667e+01, 2.8271133333e+04
 1500490500, 2.5000000000e+02, 1.9906666667e+02, 3.0200000000e+01, 2.6035000000e+01, 2.8293700000e+04
 1500490800, 2.4783333333e+02, 1.9680000000e+02, 3.0600000000e+01, 2.5700766667e+01, 2.8285316667e+04
 1500491100, 2.4033333333e+02, 1.8766666667e+02, 3.2133333333e+01, 2.5751000000e+01, 2.8288866667e+04
 1500491400, 2.2366666667e+02, 1.7873333333e+02, 2.6000000000e+01, 2.5670000000e+01, 2.8294740000e+04
 1500491700, 1.8500000000e+02, 1.4200000000e+02, 2.6000000000e+01, 2.5438100000e+01, 2.8298696667e+04
 1500492000, 2.1416666667e+02, 1.6866666667e+02, 2.7666666667e+01, 2.5226000000e+01, 2.8302566667e+04
 1500492300, 2.3583333333e+02, 1.8666666667e+02, 2.9266666667e+01, 2.4803433333e+01, 2.8309886667e+04
 1500492600, 2.1033333333e+02, 1.6106666667e+02, 2.8266666667e+01, 2.4634900000e+01, 2.8320556667e+04
 1500492900, 1.8833333333e+02, 1.4086666667e+02, 2.7400000000e+01, 2.4773333333e+01, 2.8321966667e+04
 1500493200, 2.6450000000e+02, 2.1540000000e+02, 3.2066666667e+01, 2.4935600000e+01, 2.8323960000e+04
 1500493500, 2.5000000000e+02, 1.9800000000e+02, 3.4000000000e+01, 2.5286133333e+01, 2.8325346667e+04
 1500493800, 2.4586666667e+02, 1.9965333333e+02, 2.9040000000e+01, 2.5989166667e+01, 2.8330903333e+04
 1500494100, 2.4816666667e+02, 1.9493333333e+02, 3.4333333333e+01, 2.5546000000e+01, 2.8332400000e+04
 1500494400, 2.4786666667e+02, 1.4677333333e+02, 3.3733333333e+01, 2.4816533333e+01, 2.8377193333e+04
 1500494700, 2.4266666667e+02, 1.0840000000e+02, 2.8466666667e+01, 2.4625666667e+01, 2.8404166667e+04
 1500495000, 2.3450000000e+02, 1.8160000000e+02, 2.9933333333e+01, 2.5339666667e+01, 2.8406866667e+04
 1500495300, 2.2000000000e+02, 1.7000000000e+02, 2.8000000000e+01, 2.5650566667e+01, 2.8471303333e+04
 1500495600, 2.1583333333e+02, 1.6666666667e+02, 2.8000000000e+01, 2.5745333333e+01, 2.8508133333e+04
 1500495900, 2.3716666667e+02, 1.8500000000e+02, 3.1800000000e+01, 2.5492466667e+01, 2.8510340000e+04
 1500496200, 2.5000000000e+02, 1.9600000000e+02, 3.4866666667e+01, 2.5664400000e+01, 2.8513066667e+04
 1500496500, 2.4195000000e+02, 1.8956000000e+02, 3.4160000000e+01, 2.5765166667e+01, 2.8513590000e+04
 1500496800, 2.1400000000e+02, 1.6700000000e+02, 2.8000000000e+01, 2.5428466667e+01, 2.8516480000e+04
 1500497100, 1.8500000000e+02, 1.3800000000e+02, 2.8000000000e+01, 2.5220933333e+01, 2.8519360000e+04
 1500497400, 2.3480000000e+02, 1.8946000000e+02, 2.8000000000e+01, 2.5155000000e+01, 2.8522930000e+04
 1500497700, 2.2916666667e+02, 1.8226666667e+02, 2.8000000000e+01, 2.4981066667e+01, 2.8525486667e+04
 1500498000, 2.2433333333e+02, 1.7633333333e+02, 2.8000000000e+01, 2.4784933333e+01, 2.8527216667e+04
 1500498300, 2.3000000000e+02, 1.8200000000e+02, 2.7533333333e+01, 2.4795000000e+01, 2.8530600000e+04
 1500498600, 2.2900000000e+02, 1.8106666667e+02, 2.6066666667e+01, 2.5081166667e+01, 2.8533706667e+04
 1500498900, 2.0000000000e+02, 1.5400000000e+02, 2.8000000000e+01, 2.5742000000e+01, 2.8534200000e+04
 1500499200, 1.7520000000e+02, 1.2258666667e+02, 3.1306666667e+01, 2.5969266667e+01, 2.8537786667e+04
 1500499500, 2.2066666667e+02, 1.7046666667e+02, 2.9466666667e+01, 2.6499000000e+01, 2.8539600000e+04
 1500499800, 2.3916666667e+02, 1.8900000000e+02, 2.9733333333e+01, 2.6678666667e+01, 2.8539666667e+04
 1500500100, 2.2033333333e+02, 1.6873333333e+02, 3.1066666667e+01, 2.6528300000e+01, 2.8542330000e+04
 1500500400, 2.0650000000e+02, 1.5933333333e+02, 2.8133333333e+01, 2.6594666667e+01, 2.8550766667e+04
 1500500700, 2.5000000000e+02, 1.9800000000e+02, 3.2000000000e+01, 2.6579533333e+01, 2.8558733333e+04
 1500501000, 2.2916666667e+02, 1.7966666667e+02, 2.8666666667e+01, 2.6443100000e+01, 2.8578996667e+04
 1500501300, 2.3766666667e+02, 1.8486666667e+02, 3.3066666667e+01, 2.6049866667e+01, 2.8597780000e+04
 1500501600, 2.4500000000e+02, 1.9173333333e+02, 3.2533333333e+01, 2.5054333333e+01, 2.8660366667e+04
 1500501900, 2.4733333333e+02, 1.9493333333e+02, 2.9866666667e+01, 2.4387000000e+01, 2.8671300000e+04
 1500502200, 2.5333333333e+02, 1.9680000000e+02, 3.5666666667e+01, 2.4030333333e+01, 2.8678233333e+04
 1500502500, 2.0500000000e+02, 1.6200000000e+02, 2.6000000000e+01, 2.3608000000e+01, 2.8693186667e+04
 1500502800, 1.3833333333e+02, 9.3666666667e+01, 2.6000000000e+01, 2.3173566667e+01, 2.8703323333e+04
 1500503100, 2.0020000000e+02, 1.5520000000e+02, 2.7253333333e+01, 2.3078400000e+01, 2.8727753333e+04
 1500503400, 2.3850000000e+02, 1.8873333333e+02, 3.2333333333e+01, 2.2867433333e+01, 2.8729596667e+04
 1500503700, 2.3350000000e+02, 1.7866666667e+02, 3.6600000000e+01, 2.3096733333e+01, 2.8732083333e+04
 1500504000, 2.4400000000e+02, 1.9306666667e+02, 3.1933333333e+01, 2.2755400000e+01, 2.8734726667e+04
 1500504300, 2.1500000000e+02, 1.6600000000e+02, 3.0000000000e+01, 2.2798000000e+01, 2.8736833333e+04
 1500504600, 2.0255000000e+02, 1.5604000000e+02, 2.6680000000e+01, 2.2926200000e+01, 2.8737660000e+04
 1500504900, 2.1583333333e+02, 1.6793333333e+02, 2.8533333333e+01, 2.3135333333e+01, 2.8738733333e+04
 1500505200, 2.3583333333e+02, 1.8293333333e+02, 3.2600000000e+01, 2.2892200000e+01, 2.8742593333e+04
 1500505500, 2.4883333333e+02, 1.9106666667e+02, 3.5533333333e+01, 2.2994200000e+01, 2.8742703333e+04
 1500505800, 2.4083333333e+02, 1.8433333333e+02, 3.3733333333e+01, 2.3473333333e+01, 2.8746000000e+04
 1500506100, 1.2000000000e+02, 7.8000000000e+01, 2.6000000000e+01, 2.2891300000e+01, 2.8748100000e+04
 1500506400, 2.2746666667e+02, 1.8050666667e+02, 2.7653333333e+01, 2.3172866667e+01, 2.8750080000e+04
 1500506700, 2.5000000000e+02, 1.9946666667e+02, 3.0533333333e+01, 2.3236666667e+01, 2.8751166667e+04
 1500507000, 2.5000000000e+02, 1.9973333333e+02, 3.0266666667e+01, 2.2118666667e+01, 2.8751166667e+04
 1500507300, 2.4770000000e+02, 1.9924000000e+02, 2.8920000000e+01, 2.1839866667e+01, 2.8752933333e+04
 1500507600, 2.4011666667e+02, 1.9023333333e+02, 3.1906666667e+01, 2.2251633333e+01, 2.8754663333e+04
 1500507900, 2.4500000000e+02, 2.0000000000e+02, 2.8000000000e+01, 2.2817533333e+01, 2.8774206667e+04
 1500508200, 2.4083333333e+02, 1.9000000000e+02, 3.1333333333e+01, 2.2598000000e+01, 2.8796866667e+04
 1500508500, 2.3683333333e+02, 1.8673333333e+02, 2.9466666667e+01, 2.2986300000e+01, 2.8797520000e+04
 1500508800, 2.3500000000e+02, 1.8686666667e+02, 2.8000000000e+01, 2.3294500000e+01, 2.8796506667e+04
 1500509100, 2.3616666667e+02, 1.8893333333e+02, 2.8000000000e+01, 2.3518100000e+01, 2.8797273333e+04
 1500509400, 2.3850000000e+02, 1.9060000000e+02, 2.8000000000e+01, 2.3710500000e+01, 2.8796703333e+04
 1500509700, 1.9500000000e+02, 1.5000000000e+02, 2.8000000000e+01, 2.3764866667e+01, 2.8797560000e+04
 1500510000, 2.4500000000e+02, 1.9666666667e+02, 2.8000000000e+01, 2.3665100000e+01, 2.8798240000e+04
 1500510300, 2.2966666667e+02, 1.8066666667e+02, 2.8000000000e+01, 2.3603700000e+01, 2.8797303333e+04
 1500510600, 2.1283333333e+02, 1.6340000000e+02, 2.7133333333e+01, 2.3637466667e+01, 2.8798073333e+04
 1500510900, 2.1000000000e+02, 1.6046666667e+02, 2.6466666667e+01, 2.3822633333e+01, 2.8798560000e+04
 1500511200, 2.1133333333e+02, 1.6340000000e+02, 2.8000000000e+01, 2.3785700000e+01, 2.8797646667e+04
 1500511500, 2.5000000000e+02, 2.0400000000e+02, 2.8000000000e+01, 2.2169433333e+01, 2.8800003333e+04
 1500511800, 1.4166666667e+02, 9.5666666667e+01, 2.6333333333e+01, 1.9087266667e+01, 2.8799426667e+04
 1500512100, 2.0550000000e+02, 1.5126666667e+02, 3.2333333333e+01, 2.0778466667e+01, 2.8801540000e+04
 1500512400, 2.5283333333e+02, 1.9600000000e+02, 3.5133333333e+01, 2.2014000000e+01, 2.8804066667e+04
 1500512700, 2.5000000000e+02, 1.9736000000e+02, 3.2640000000e+01, 2.3495466667e+01, 2.8806366667e+04
 1500513000, 2.4933333333e+02, 2.0133333333e+02, 2.7933333333e+01, 2.3732100000e+01, 2.8807536667e+04
 1500513300, 2.3000000000e+02, 1.8200000000e+02, 2.6000000000e+01, 2.4382333333e+01, 2.8813066667e+04
 1500513600, 2.3833333333e+02, 1.8533333333e+02, 3.2666666667e+01, 2.4322000000e+01, 2.8813433333e+04
 1500513900, 2.5566666667e+02, 2.0354666667e+02, 3.2746666667e+01, 2.4479266667e+01, 2.8815873333e+04
 1500514200, 2.5416666667e+02, 2.0446666667e+02, 3.0266666667e+01, 2.4448766667e+01, 2.8816623333e+04
 1500514500, 2.4000000000e+02, 1.8686666667e+02, 2.8933333333e+01, 2.3832000000e+01, 2.8804733333e+04
 1500514800, 2.4000000000e+02, 1.7066666667e+02, 3.2066666667e+01, 2.3776233333e+01, 2.8805140000e+04
 1500515100, 2.4000000000e+02, 1.9000000000e+02, 3.4000000000e+01, 2.3834933333e+01, 2.8804590000e+04
 1500515400, 2.4413333333e+02, 1.9826666667e+02, 2.9040000000e+01, 2.3080733333e+01, 2.8868693333e+04
 1500515700, 2.2916666667e+02, 1.7973333333e+02, 3.1800000000e+01, 2.1059166667e+01, 2.8875003333e+04
 1500516000, 2.3075000000e+02, 1.7918000000e+02, 3.4000000000e+01, 2.1916166667e+01, 2.8877826667e+04
 1500516300, 2.3916666667e+02, 1.8840000000e+02, 3.3066666667e+01, 2.2041000000e+01, 2.8879166667e+04
 1500516600, 2.1733333333e+02, 1.6740000000e+02, 2.9866666667e+01, 2.2348733333e+01, 2.8881500000e+04
 1500516900, 1.4000000000e+02, 9.2000000000e+01, 2.6000000000e+01, 2.2348566667e+01, 2.8885436667e+04
 1500517200, 1.8166666667e+02, 1.7533333333e+02, 3.1000000000e+01, 2.3150466667e+01, 2.8886953333e+04
 1500517500, 1.6150000000e+02, 1.3246666667e+02, 2.8200000000e+01, 2.2985666667e+01, 2.8888633333e+04
 1500517800, 1.5366666667e+02, 1.0666666667e+02, 2.6000000000e+01, 2.2271466667e+01, 2.8901083333e+04
 1500518100, 1.8426666667e+02, 1.3704000000e+02, 2.6453333333e+01, 2.2146600000e+01, 2.8904273333e+04
 1500518400, 2.5016666667e+02, 2.0193333333e+02, 2.8200000000e+01, 2.2284666667e+01, 2.8905600000e+04
 1500518700, 2.5500000000e+02, 2.0000000000e+02, 3.4000000000e+01, 2.2055000000e+01, 2.8907900000e+04
 1500519000, 2.1333333333e+02, 1.5666666667e+02, 3.5666666667e+01, 2.2362333333e+01, 2.8908900000e+04
 1500519300, 2.1450000000e+02, 1.6193333333e+02, 3.0933333333e+01, 2.2070000000e+01, 2.8910300000e+04
 1500519600, 2.3300000000e+02, 1.8300000000e+02, 2.9733333333e+01, 2.2682666667e+01, 2.8912766667e+04
 1500519900, 2.4300000000e+02, 1.9393333333e+02, 3.0600000000e+01, 2.1816000000e+01, 2.8912100000e+04
 1500520200, 2.1700000000e+02, 1.7100000000e+02, 2.6066666667e+01, 2.2087066667e+01, 2.8924273333e+04
 1500520500, 1.3000000000e+02, 8.4000000000e+01, 2.8000000000e+01, 2.1311666667e+01, 2.8927300000e+04
 1500520800, 1.4240000000e+02, 9.7226666667e+01, 2.6346666667e+01, 2.1693000000e+01, 2.8923893333e+04
 1500521100, 1.2916666667e+02, 8.3533333333e+01, 2.6000000000e+01, 1.9676666667e+01, 2.8916700000e+04
 1500521400, 1.7633333333e+02, 1.2686666667e+02, 3.0333333333e+01, 2.0581000000e+01, 2.8918733333e+04
 1500521700, 2.4416666667e+02, 1.9086666667e+02, 3.5066666667e+01, 2.0553666667e+01, 2.8920300000e+04
 1500522000, 2.2250000000e+02, 1.7160000000e+02, 3.1866666667e+01, 2.1556333333e+01, 2.8905766667e+04
 1500522300, 1.5000000000e+02, 1.0200000000e+02, 2.8000000000e+01, 2.0539200000e+01, 2.8909273333e+04
 1500522600, 2.1250000000e+02, 1.6366666667e+02, 2.9666666667e+01, 2.1665000000e+01, 2.8913000000e+04
 1500522900, 2.3766666667e+02, 1.8613333333e+02, 3.2533333333e+01, 2.1995066667e+01, 2.8912406667e+04
 1500523200, 1.9083333333e+02, 1.4173333333e+02, 3.0533333333e+01, 2.1515666667e+01, 2.8917666667e+04
 1500523500, 1.3050000000e+02, 8.5800000000e+01, 2.6000000000e+01, 2.0294000000e+01, 2.8918300000e+04
 1500523800, 1.6616666667e+02, 1.1906666667e+02, 2.6066666667e+01, 2.0598200000e+01, 2.8917066667e+04
 1500524100, 2.0000000000e+02, 1.5000000000e+02, 2.8000000000e+01, 2.1121066667e+01, 2.8920880000e+04
 1500524400, 1.4166666667e+02, 9.5000000000e+01, 2.6333333333e+01, 2.0329333333e+01, 2.8924433333e+04
 1500524700, 2.0206666667e+02, 1.5544000000e+02, 2.7253333333e+01, 2.1002000000e+01, 2.8920433333e+04
 1500525000, 1.9083333333e+02, 1.4513333333e+02, 2.7133333333e+01, 2.0668000000e+01, 2.8928333333e+04
 1500525300, 1.3050000000e+02, 8.5800000000e+01, 2.6000000000e+01, 2.0403266667e+01, 2.8931473333e+04
 1500525600, 1.6766666667e+02, 1.2040000000e+02, 2.6200000000e+01, 1.9555600000e+01, 2.8933680000e+04
 1500525900, 2.4500000000e+02, 1.9000000000e+02, 3.2000000000e+01, 1.9986000000e+01, 2.8936746667e+04
 1500526200, 1.4083333333e+02, 9.5000000000e+01, 2.7000000000e+01, 2.0647333333e+01, 2.8935833333e+04
 1500526500, 1.9833333333e+02, 1.5245333333e+02, 2.7253333333e+01, 2.0233733333e+01, 2.8938063333e+04
 1500526800, 2.2116666667e+02, 1.7373333333e+02, 2.8000000000e+01, 1.9260400000e+01, 2.8938300000e+04
 1500527100, 1.9690000000e+02, 1.4890000000e+02, 2.8000000000e+01, 2.0463466667e+01, 2.8940863333e+04
 1500527400, 2.1666666667e+02, 1.6880000000e+02, 2.7933333333e+01, 2.0507666667e+01, 2.8943466667e+04
 1500527700, 1.2000000000e+02, 7.6000000000e+01, 2.6000000000e+01, 2.0115900000e+01, 2.8944263333e+04
 1500528000, 1.3666666667e+02, 9.1000000000e+01, 2.6000000000e+01, 2.0703800000e+01, 2.8946046667e+04
 1500528300, 2.0893333333e+02, 1.6042666667e+02, 2.7253333333e+01, 2.0787666667e+01, 2.8948740000e+04
 1500528600, 1.9583333333e+02, 1.4713333333e+02, 2.7133333333e+01, 2.0221000000e+01, 2.8951566667e+04
 1500528900, 1.4250000000e+02, 9.5266666667e+01, 2.6466666667e+01, 1.9900933333e+01, 2.8995253333e+04
 1500529200, 2.0133333333e+02, 1.5306666667e+02, 2.8133333333e+01, 2.0008866667e+01, 2.8995270000e+04
 1500529500, 2.4000000000e+02, 1.8400000000e+02, 3.2000000000e+01, 1.9325666667e+01, 2.8997000000e+04
 1500529800, 2.3583333333e+02, 1.8233333333e+02, 3.2000000000e+01, 1.9268666667e+01, 2.8997833333e+04
 1500530100, 2.4450000000e+02, 1.8960000000e+02, 3.2000000000e+01, 2.0280533333e+01, 2.9000820000e+04
 1500530400, 2.4350000000e+02, 1.9053333333e+02, 2.9400000000e+01, 2.0358733333e+01, 2.9001806667e+04
 1500530700, 2.4316666667e+02, 1.9253333333e+02, 2.7400000000e+01, 2.0577133333e+01, 2.9001946667e+04
 1500531000, 2.6653333333e+02, 2.1080000000e+02, 3.1840000000e+01, 2.1429266667e+01, 2.9002300000e+04
 1500531300, 1.4000000000e+02, 9.4000000000e+01, 2.6000000000e+01, 2.1144133333e+01, 2.9004576667e+04
 1500531600, 1.5250000000e+02, 1.0733333333e+02, 2.6000000000e+01, 2.1470066667e+01, 2.9007780000e+04
 1500531900, 2.1516666667e+02, 1.6320000000e+02, 3.1066666667e+01, 2.1831700000e+01, 2.9009500000e+04
 1500532200, 2.0666666667e+02, 1.5500000000e+02, 3.0533333333e+01, 2.1381666667e+01, 2.9009666667e+04
 1500532500, 1.7100000000e+02, 1.2313333333e+02, 2.7400000000e+01, 2.1535000000e+01, 2.9010766667e+04
 1500532800, 2.3600000000e+02, 1.8233333333e+02, 3.1800000000e+01, 2.0917266667e+01, 2.9011220000e+04
 1500533100, 1.2000000000e+02, 7.6000000000e+01, 2.6000000000e+01, 2.0316733333e+01, 2.9012486667e+04
 1500533400, 1.2000000000e+02, 7.6000000000e+01, 2.6000000000e+01, 2.0785300000e+01, 2.9014386667e+04
 1500533700, 1.8333333333e+02, 1.3553333333e+02, 2.7266666667e+01, 1.9887633333e+01, 2.9015840000e+04
 1500534000, 2.0050000000e+02, 1.4920000000e+02, 2.8866666667e+01, 1.9663666667e+01, 2.9016033333e+04
 1500534300, 1.8666666667e+02, 1.3506666667e+02, 2.9533333333e+01, 1.9943200000e+01, 2.9017886667e+04
 1500534600, 2.2200000000e+02, 1.7493333333e+02, 2.7933333333e+01, 1.9118333333e+01, 2.9018540000e+04
 1500534900, 1.3500000000e+02, 8.6000000000e+01, 2.6000000000e+01, 1.9337333333e+01, 2.9019533333e+04
 1500535200, 1.9333333333e+02, 1.4600000000e+02, 2.6000000000e+01, 1.9818666667e+01, 2.9021126667e+04
 1500535500, 1.7966666667e+02, 1.3013333333e+02, 2.9800000000e+01, 1.9686400000e+01, 2.9026753333e+04
 1500535800, 1.6933333333e+02, 1.1920000000e+02, 3.0266666667e+01, 1.9527400000e+01, 2.9045513333e+04
 1500536100, 1.9086666667e+02, 1.4096000000e+02, 2.8453333333e+01, 2.0193366667e+01, 2.9077593333e+04
 1500536400, 2.4083333333e+02, 1.8806666667e+02, 2.9866666667e+01, 1.8326000000e+01, 2.9081800000e+04
 1500536700, 1.2000000000e+02, 7.4000000000e+01, 2.6000000000e+01, 1.4552666667e+01, 2.9083000000e+04
 1500537000, 1.2000000000e+02, 7.4000000000e+01, 2.6000000000e+01, 1.2699333333e+01, 2.9081033333e+04
 1500537300, 1.9916666667e+02, 1.5253333333e+02, 2.7266666667e+01, 1.3671366667e+01, 2.9082403333e+04
 1500537600, 2.3416666667e+02, 1.8586666667e+02, 2.8866666667e+01, 1.4887333333e+01, 2.9083733333e+04
 1500537900, 2.1416666667e+02, 1.6440000000e+02, 3.0000000000e+01, 1.6272300000e+01, 2.9086563333e+04
 1500538200, 1.9650000000e+02, 1.4746666667e+02, 2.9933333333e+01, 1.6881333333e+01, 2.9086966667e+04
 1500538500, 2.4000000000e+02, 1.9000000000e+02, 2.8000000000e+01, 1.8246866667e+01, 2.9086203333e+04
 1500538800, 2.4000000000e+02, 1.9333333333e+02, 2.8000000000e+01, 1.9025466667e+01, 2.9088660000e+04
 1500539100, 2.4316666667e+02, 1.9653333333e+02, 2.8000000000e+01, 1.9929666667e+01, 2.9091266667e+04
 1500539400, 2.2983333333e+02, 1.8326666667e+02, 2.8000000000e+01, 2.0826333333e+01, 2.9092500000e+04
 1500539700, 2.1906666667e+02, 1.7216000000e+02, 2.8000000000e+01, 2.1780666667e+01, 2.9094660000e+04
 1500540000, 2.4916666667e+02, 1.9920000000e+02, 2.8000000000e+01, 2.2728200000e+01, 2.9097466667e+04
 1500540300, 2.2500000000e+02, 1.7600000000e+02, 2.8000000000e+01, 2.3627333333e+01, 2.9099666667e+04
 1500540600, 2.1666666667e+02, 1.6266666667e+02, 3.3000000000e+01, 2.4393333333e+01, 2.9101900000e+04
 1500540900, 2.3400000000e+02, 1.8406666667e+02, 3.0200000000e+01, 2.4945000000e+01, 2.9103666667e+04
 1500541200, 2.0233333333e+02, 1.5704000000e+02, 2.7146666667e+01, 2.5746000000e+01, 2.9106313333e+04
 1500541500, 1.6716666667e+02, 1.2206666667e+02, 2.7400000000e+01, 2.6292333333e+01, 2.9110633333e+04
 1500541800, 2.4000000000e+02, 1.8793333333e+02, 3.2066666667e+01, 2.6460000000e+01, 2.9113033333e+04
 1500542100, 2.4000000000e+02, 1.8600000000e+02, 3.4000000000e+01, 2.6231000000e+01, 2.9117173333e+04
 1500542400, 2.4833333333e+02, 1.9266666667e+02, 3.4000000000e+01, 2.6345333333e+01, 2.9118600000e+04
 1500542700, 2.5000000000e+02, 1.9526666667e+02, 3.4000000000e+01, 2.6927300000e+01, 2.9118066667e+04
 1500543000, 2.3700000000e+02, 1.8646666667e+02, 3.2266666667e+01, 2.6958333333e+01, 2.9118486667e+04
 1500543300, 2.2466666667e+02, 1.7773333333e+02, 2.9533333333e+01, 2.7263333333e+01, 2.9124200000e+04
 1500543600, 2.4026666667e+02, 1.9032000000e+02, 2.8000000000e+01, 2.7506333333e+01, 2.9129973333e+04
 1500543900, 2.5000000000e+02, 2.0200000000e+02, 2.8000000000e+01, 2.6854000000e+01, 2.9132233333e+04
 1500544200, 2.3750000000e+02, 1.8533333333e+02, 3.1333333333e+01, 2.6934400000e+01, 2.9135660000e+04
 1500544500, 2.4450000000e+02, 1.9213333333e+02, 3.3266666667e+01, 2.7121333333e+01, 2.9137833333e+04
 1500544800, 2.5000000000e+02, 1.9800000000e+02, 3.4000000000e+01, 2.6530166667e+01, 2.9140623333e+04
 1500545100, 2.5116666667e+02, 1.9800000000e+02, 3.4466666667e+01, 2.6704666667e+01, 2.9144720000e+04
 1500545400, 2.5483333333e+02, 1.9793333333e+02, 3.5866666667e+01, 2.6788333333e+01, 2.9149000000e+04
 1500545700, 2.5000000000e+02, 1.9600000000e+02, 3.2000000000e+01, 2.6610333333e+01, 2.9149733333e+04
 1500546000, 2.5000000000e+02, 2.0096000000e+02, 2.8693333333e+01, 2.6570933333e+01, 2.9152420000e+04
 1500546300, 2.4683333333e+02, 1.9820000000e+02, 3.0533333333e+01, 2.6954666667e+01, 2.9154266667e+04
 1500546600, 2.3633333333e+02, 1.8560000000e+02, 3.2000000000e+01, 2.6771533333e+01, 2.9156540000e+04
 1500546900, 2.3075000000e+02, 1.7798000000e+02, 3.2000000000e+01, 2.7058633333e+01, 2.9159863333e+04
 1500547200, 2.4983333333e+02, 1.9780000000e+02, 3.1933333333e+01, 2.5983333333e+01, 2.9166426667e+04
 1500547500, 2.4500000000e+02, 1.9200000000e+02, 3.0000000000e+01, 2.4939633333e+01, 2.9165896667e+04
 1500547800, 2.1595000000e+02, 1.6710000000e+02, 2.8340000000e+01, 2.4810933333e+01, 2.9165226667e+04
 1500548100, 2.1630000000e+02, 1.6830000000e+02, 2.8000000000e+01, 2.4527466667e+01, 2.9166540000e+04
 1500548400, 2.2866666667e+02, 1.7806666667e+02, 3.0600000000e+01, 2.3377000000e+01, 2.9166833333e+04
 1500548700, 2.4000000000e+02, 1.8600000000e+02, 3.4000000000e+01, 2.4352333333e+01, 2.9169433333e+04
 1500549000, 2.3983333333e+02, 1.8593333333e+02, 3.3933333333e+01, 2.4649666667e+01, 2.9216500000e+04
 1500549300, 2.3500000000e+02, 1.8400000000e+02, 3.2000000000e+01, 2.5098266667e+01, 2.9251596667e+04
 1500549600, 2.3500000000e+02, 1.8233333333e+02, 3.2000000000e+01, 2.5199100000e+01, 2.9260036667e+04
 1500549900, 2.3183333333e+02, 1.8073333333e+02, 3.2000000000e+01, 2.5221500000e+01, 2.9260640000e+04
 1500550200, 2.1483333333e+02, 1.6613333333e+02, 2.9400000000e+01, 2.5247733333e+01, 2.9261940000e+04
 1500550500, 1.8566666667e+02, 1.3866666667e+02, 2.6000000000e+01, 2.4622800000e+01, 2.9265820000e+04
 1500550800, 1.5833333333e+02, 1.1100000000e+02, 2.6266666667e+01, 2.4792666667e+01, 2.9267633333e+04
 1500551100, 2.5500000000e+02, 1.9800000000e+02, 3.4000000000e+01, 2.4836933333e+01, 2.9273200000e+04
 1500551400, 1.9666666667e+02, 1.4633333333e+02, 2.7333333333e+01, 2.4893000000e+01, 2.9275033333e+04
 1500551700, 2.1666666667e+02, 1.6640000000e+02, 2.9800000000e+01, 2.5020333333e+01, 2.9277633333e+04
 1500552000, 2.0900000000e+02, 1.6146666667e+02, 2.9400000000e+01, 2.5519333333e+01, 2.9278366667e+04
 1500552300, 1.7966666667e+02, 1.3526666667e+02, 2.6466666667e+01, 2.5889600000e+01, 2.9280446667e+04
 1500552600, 1.9700000000e+02, 1.4786666667e+02, 2.8200000000e+01, 2.6291000000e+01, 2.9281896667e+04
 1500552900, 2.5500000000e+02, 2.0200000000e+02, 3.4000000000e+01, 2.6391733333e+01, 2.9285740000e+04
 1500553200, 2.5083333333e+02, 1.9700000000e+02, 3.5666666667e+01, 2.6361666667e+01, 2.9290266667e+04
 1500553500, 2.5000000000e+02, 1.9346666667e+02, 3.7266666667e+01, 2.6830000000e+01, 2.9292700000e+04
 1500553800, 2.4566666667e+02, 1.9026666667e+02, 3.5400000000e+01, 2.6539866667e+01, 2.9294260000e+04
 1500554100, 2.4116666667e+02, 1.8893333333e+02, 3.2466666667e+01, 2.6344333333e+01, 2.9296900000e+04
 1500554400, 2.4516666667e+02, 1.9226666667e+02, 3.3866666667e+01, 2.6054400000e+01, 2.9298830000e+04
 1500554700, 2.5000000000e+02, 2.0000000000e+02, 3.0000000000e+01, 2.6238000000e+01, 2.9301533333e+04
 1500555000, 2.4166666667e+02, 1.9166666667e+02, 3.0000000000e+01, 2.6619666667e+01, 2.9304296667e+04
 1500555300, 2.2416666667e+02, 1.7353333333e+02, 3.0000000000e+01, 2.6656000000e+01, 2.9306266667e+04
 1500555600, 1.7383333333e+02, 1.2586666667e+02, 2.8266666667e+01, 2.5586066667e+01, 2.9309723333e+04
 1500555900, 1.3166666667e+02, 8.7200000000e+01, 2.6466666667e+01, 2.5231000000e+01, 2.9310766667e+04
 1500556200, 1.7250000000e+02, 1.2626666667e+02, 2.8200000000e+01, 2.5081666667e+01, 2.9312633333e+04
 1500556500, 2.4500000000e+02, 1.9200000000e+02, 3.4000000000e+01, 2.5061166667e+01, 2.9314700000e+04
 1500556800, 2.4916666667e+02, 1.9866666667e+02, 3.2333333333e+01, 2.5229000000e+01, 2.9318100000e+04
 1500557100, 2.5000000000e+02, 1.9873333333e+02, 3.0733333333e+01, 2.5085866667e+01, 2.9318066667e+04
 1500557400, 2.5645000000e+02, 2.0488000000e+02, 3.0000000000e+01, 2.5744000000e+01, 2.9368160000e+04
 1500557700, 2.5916666667e+02, 2.0793333333e+02, 3.0933333333e+01, 2.6130666667e+01, 2.9380733333e+04
 1500558000, 2.4016666667e+02, 1.8820000000e+02, 3.3933333333e+01, 2.6341000000e+01, 2.9383700000e+04
 1500558300, 2.4500000000e+02, 1.9400000000e+02, 3.2000000000e+01, 2.6190466667e+01, 2.9385240000e+04
 1500558600, 2.4500000000e+02, 1.9233333333e+02, 3.2000000000e+01, 2.5235933333e+01, 2.9391006667e+04
 1500558900, 2.2600000000e+02, 1.7426666667e+02, 3.0733333333e+01, 2.4339000000e+01, 2.9395466667e+04
 1500559200, 2.2150000000e+02, 1.7266666667e+02, 2.9133333333e+01, 2.4206200000e+01, 2.9396276667e+04
 1500559500, 2.3116666667e+02, 1.8400000000e+02, 2.8933333333e+01, 2.4590600000e+01, 2.9398436667e+04
 1500559800, 2.3550000000e+02, 1.8440000000e+02, 3.2066666667e+01, 2.4968666667e+01, 2.9399533333e+04
 1500560100, 2.5000000000e+02, 1.9600000000e+02, 3.4000000000e+01, 2.5558333333e+01, 2.9402333333e+04
 1500560400, 2.5000000000e+02, 2.0100000000e+02, 2.9000000000e+01, 2.5917366667e+01, 2.9406223333e+04
 1500560700, 2.4683333333e+02, 1.9440000000e+02, 3.1800000000e+01, 2.5830000000e+01, 2.9407633333e+04
 1500561000, 2.4066666667e+02, 1.8740000000e+02, 3.3133333333e+01, 2.5733666667e+01, 2.9410100000e+04
 1500561300, 2.3500000000e+02, 1.8353333333e+02, 3.2000000000e+01, 2.6089333333e+01, 2.9412066667e+04
 1500561600, 2.3433333333e+02, 1.8146666667e+02, 3.1840000000e+01, 2.5897300000e+01, 2.9415693333e+04
 1500561900, 2.1000000000e+02, 1.6200000000e+02, 2.6000000000e+01, 2.5432666667e+01, 2.9415830000e+04
 1500562200, 2.4333333333e+02, 1.9033333333e+02, 3.1000000000e+01, 2.5438600000e+01, 2.9419673333e+04
 1500562500, 2.5000000000e+02, 1.9726666667e+02, 3.2000000000e+01, 2.5928333333e+01, 2.9420533333e+04
 1500562800, 2.3483333333e+02, 1.8413333333e+02, 3.0266666667e+01, 2.6481433333e+01, 2.9420700000e+04
 1500563100, 2.2316666667e+02, 1.7346666667e+02, 2.9400000000e+01, 2.6742333333e+01, 2.9422800000e+04
 1500563400, 2.5000000000e+02, 1.9800000000e+02, 3.3866666667e+01, 2.6581700000e+01, 2.9426563333e+04
 1500563700, 2.5000000000e+02, 1.9800000000e+02, 3.0000000000e+01, 2.6354100000e+01, 2.9430986667e+04
 1500564000, 2.4583333333e+02, 1.9466666667e+02, 3.3333333333e+01, 2.6693000000e+01, 2.9432533333e+04
 1500564300, 2.4500000000e+02, 1.9400000000e+02, 3.2733333333e+01, 2.6901000000e+01, 2.9435800000e+04
 1500564600, 2.4066666667e+02, 1.9226666667e+02, 2.9400000000e+01, 2.6546666667e+01, 2.9438133333e+04
 1500564900, 2.3850000000e+02, 1.9140000000e+02, 2.7400000000e+01, 2.6769000000e+01, 2.9450766667e+04
 1500565200, 2.4883333333e+02, 1.9460000000e+02, 3.2266666667e+01, 2.7106333333e+01, 2.9451166667e+04
 1500565500, 2.1500000000e+02, 1.5400000000e+02, 4.0000000000e+01, 2.6970700000e+01, 2.9455770000e+04
 1500565800, 2.0666666667e+02, 1.5733333333e+02, 2.8333333333e+01, 2.6861333333e+01, 2.9456700000e+04
 1500566100, 2.3033333333e+02, 1.7573333333e+02, 3.3600000000e+01, 2.7198133333e+01, 2.9455876667e+04
 1500566400, 2.4716666667e+02, 1.9206666667e+02, 3.4533333333e+01, 2.7285066667e+01, 2.9446493333e+04
 1500566700, 2.4183333333e+02, 1.9253333333e+02, 2.9533333333e+01, 2.7252666667e+01, 2.9452766667e+04
 1500567000, 2.1600000000e+02, 1.6866666667e+02, 2.8266666667e+01, 2.7528333333e+01, 2.9459633333e+04
 1500567300, 2.4500000000e+02, 1.8800000000e+02, 3.6000000000e+01, 2.7003766667e+01, 2.9463280000e+04
 1500567600, 2.6153333333e+02, 2.0949333333e+02, 3.2693333333e+01, 2.6002000000e+01, 2.9467510000e+04
 1500567900, 2.5233333333e+02, 2.0386666667e+02, 2.9466666667e+01, 2.5802500000e+01, 2.9471966667e+04
 1500568200, 2.3850000000e+02, 1.8846666667e+02, 2.9733333333e+01, 2.6190700000e+01, 2.9474466667e+04
 1500568500, 2.2300000000e+02, 1.6853333333e+02, 3.3400000000e+01, 2.6847633333e+01, 2.9476666667e+04
 1500568800, 2.0105000000e+02, 1.4544000000e+02, 3.7640000000e+01, 2.7054666667e+01, 2.9479900000e+04
 1500569100, 2.3500000000e+02, 1.9200000000e+02, 2.6000000000e+01, 2.6955066667e+01, 2.9483966667e+04
 1500569400, 2.4750000000e+02, 1.9700000000e+02, 3.2666666667e+01, 2.6853200000e+01, 2.9487760000e+04
 1500569700, 2.4683333333e+02, 1.9546666667e+02, 3.2733333333e+01, 2.6292000000e+01, 2.9489866667e+04
 1500570000, 2.4713333333e+02, 1.9570666667e+02, 3.1146666667e+01, 2.5952466667e+01, 2.9494013333e+04
 1500570300, 2.3483333333e+02, 1.8400000000e+02, 2.9066666667e+01, 2.5895000000e+01, 2.9496566667e+04
 1500570600, 1.8750000000e+02, 1.4020000000e+02, 2.6266666667e+01, 2.5095800000e+01, 2.9497206667e+04
 1500570900, 2.6000000000e+02, 2.0400000000e+02, 3.4000000000e+01, 2.5410133333e+01, 2.9498506667e+04
 1500571200, 1.8500000000e+02, 1.2900000000e+02, 3.4000000000e+01, 2.5414600000e+01, 2.9502020000e+04
 1500571500, 2.1433333333e+02, 1.5960000000e+02, 3.2733333333e+01, 2.5304000000e+01, 2.9502900000e+04
 1500571800, 2.4433333333e+02, 1.9033333333e+02, 3.2000000000e+01, 2.5679333333e+01, 2.9505933333e+04
 1500572100, 2.4883333333e+02, 1.9553333333e+02, 3.2466666667e+01, 2.5592533333e+01, 2.9507580000e+04
 1500572400, 2.4466666667e+02, 1.9360000000e+02, 3.3800000000e+01, 2.5542666667e+01, 2.9509666667e+04
 1500572700, 2.3500000000e+02, 1.8200000000e+02, 2.8000000000e+01, 2.5537633333e+01, 2.9512020000e+04
 1500573000, 2.4750000000e+02, 1.9866666667e+02, 2.8000000000e+01, 2.5304000000e+01, 2.9514166667e+04
 1500573300, 2.4366666667e+02, 1.9693333333e+02, 2.8000000000e+01, 2.5543333333e+01, 2.9515200000e+04
 1500573600, 2.3783333333e+02, 1.8880000000e+02, 2.9733333333e+01, 2.5799333333e+01, 2.9517933333e+04
 1500573900, 2.3616666667e+02, 1.8246666667e+02, 3.3400000000e+01, 2.5935000000e+01, 2.9520666667e+04
 1500574200, 2.3966666667e+02, 1.8386666667e+02, 3.7733333333e+01, 2.5259000000e+01, 2.9522080000e+04
 1500574500, 2.3000000000e+02, 1.8000000000e+02, 3.0000000000e+01, 2.5275666667e+01, 2.9522500000e+04
 1500574800, 1.4250000000e+02, 9.5000000000e+01, 3.0000000000e+01, 2.4999333333e+01, 2.9525566667e+04
 1500575100, 2.0333333333e+02, 1.5570666667e+02, 2.8746666667e+01, 2.4816466667e+01, 2.9528273333e+04
 1500575400, 2.4350000000e+02, 1.9420000000e+02, 2.8866666667e+01, 2.4983166667e+01, 2.9529476667e+04
 1500575700, 2.3733333333e+02, 1.8680000000e+02, 3.0466666667e+01, 2.4988000000e+01, 2.9530333333e+04
 1500576000, 2.4500000000e+02, 1.9613333333e+02, 3.1800000000e+01, 2.4778400000e+01, 2.9523180000e+04
 1500576300, 2.4500000000e+02, 2.0000000000e+02, 2.6000000000e+01, 2.5268566667e+01, 2.9525310000e+04
 1500576600, 2.4913333333e+02, 2.0000000000e+02, 2.7653333333e+01, 2.5740066667e+01, 2.9530226667e+04
 1500576900, 2.5000000000e+02, 2.0000000000e+02, 2.8000000000e+01, 2.6008800000e+01, 2.9546493333e+04
 1500577200, 2.5000000000e+02, 1.9653333333e+02, 3.1466666667e+01, 2.5813000000e+01, 2.9586800000e+04
 1500577500, 2.3833333333e+02, 1.7986666667e+02, 3.6466666667e+01, 2.6200200000e+01, 2.9568886667e+04
 1500577800, 1.9916666667e+02, 1.3960000000e+02, 3.7600000000e+01, 2.6189133333e+01, 2.9517266667e+04
 1500578100, 1.7500000000e+02, 1.2800000000e+02, 2.6000000000e+01, 2.5646633333e+01, 2.9522656667e+04
 1500578400, 2.2895000000e+02, 1.7946000000e+02, 3.0980000000e+01, 2.5453500000e+01, 2.9525516667e+04
 1500578700, 2.0833333333e+02, 1.5833333333e+02, 3.2000000000e+01, 2.4815000000e+01, 2.9527500000e+04
 1500579000, 2.1600000000e+02, 1.6513333333e+02, 3.2866666667e+01, 2.5037366667e+01, 2.9530080000e+04
 1500579300, 2.5000000000e+02, 1.9893333333e+02, 3.2600000000e+01, 2.5470000000e+01, 2.9533533333e+04
 1500579600, 2.4966666667e+02, 2.0153333333e+02, 2.8133333333e+01, 2.5616100000e+01, 2.9533190000e+04
 1500579900, 2.4000000000e+02, 1.8800000000e+02, 3.2000000000e+01, 2.5650666667e+01, 2.9537166667e+04
 1500580200, 2.4416666667e+02, 1.8966666667e+02, 3.2000000000e+01, 2.5776466667e+01, 2.9540880000e+04
 1500580500, 2.0700000000e+02, 1.5706666667e+02, 2.9466666667e+01, 2.5658000000e+01, 2.9546033333e+04
 1500580800, 2.1316666667e+02, 1.6226666667e+02, 3.0600000000e+01, 2.5575000000e+01, 2.9552366667e+04
 1500581100, 2.3300000000e+02, 1.7949333333e+02, 3.2186666667e+01, 2.5425966667e+01, 2.9554900000e+04
 1500581400, 1.7700000000e+02, 1.3173333333e+02, 2.6333333333e+01, 2.5255000000e+01, 2.9558833333e+04
 1500581700, 2.3500000000e+02, 1.8200000000e+02, 3.6000000000e+01, 2.3708533333e+01, 2.9591306667e+04
 1500582000, 2.1000000000e+02, 1.6366666667e+02, 2.9333333333e+01, 2.3613333333e+01, 2.9592216667e+04
 1500582300, 2.2716666667e+02, 1.8026666667e+02, 2.8000000000e+01, 2.3719866667e+01, 2.9590470000e+04
 1500582600, 1.8800000000e+02, 1.4173333333e+02, 2.7133333333e+01, 2.2163333333e+01, 2.9593166667e+04
 1500582900, 1.2000000000e+02, 7.5533333333e+01, 2.6000000000e+01, 1.7320000000e+01, 2.9594266667e+04
 1500583200, 1.2000000000e+02, 7.4000000000e+01, 2.6000000000e+01, 1.3648666667e+01, 2.9593966667e+04
 1500583500, 1.2000000000e+02, 7.4000000000e+01, 2.6000000000e+01, 1.3553333333e+01, 2.9594933333e+04
 1500583800, 2.2416666667e+02, 1.6900000000e+02, 3.6000000000e+01, 1.6609000000e+01, 2.9596606667e+04
 1500584100, 2.4816666667e+02, 1.9560000000e+02, 3.2933333333e+01, 1.9067866667e+01, 2.9598726667e+04
 1500584400, 2.1160000000e+02, 1.6330666667e+02, 2.9146666667e+01, 2.0657600000e+01, 2.9600806667e+04
 1500584700, 1.8415000000e+02, 1.3746000000e+02, 2.8460000000e+01, 2.1437666667e+01, 2.9601230000e+04
 1500585000, 2.6066666667e+02, 2.1173333333e+02, 2.9866666667e+01, 2.1445333333e+01, 2.9602433333e+04
 1500585300, 1.3500000000e+02, 8.8000000000e+01, 2.6000000000e+01, 2.2688400000e+01, 2.9603846667e+04
 1500585600, 2.2666666667e+02, 1.7466666667e+02, 2.9333333333e+01, 2.2948800000e+01, 2.9605806667e+04
 1500585900, 2.3866666667e+02, 1.8820000000e+02, 3.0000000000e+01, 2.3244000000e+01, 2.9606300000e+04
 1500586200, 2.3283333333e+02, 1.8166666667e+02, 3.1733333333e+01, 2.3968433333e+01, 2.9609693333e+04
 1500586500, 2.3116666667e+02, 1.7786666667e+02, 3.3533333333e+01, 2.4463200000e+01, 2.9610486667e+04
 1500586800, 2.3566666667e+02, 1.8466666667e+02, 3.2000000000e+01, 2.4671466667e+01, 2.9611693333e+04
 1500587100, 2.5500000000e+02, 2.0400000000e+02, 3.2000000000e+01, 2.5289666667e+01, 2.9616100000e+04
 1500587400, 2.5083333333e+02, 2.0233333333e+02, 2.8666666667e+01, 2.5555666667e+01, 2.9617833333e+04
 1500587700, 2.4686666667e+02, 1.9698666667e+02, 2.9253333333e+01, 2.5639600000e+01, 2.9620073333e+04
 1500588000, 2.3633333333e+02, 1.8620000000e+02, 3.0000000000e+01, 2.5429100000e+01, 2.9621390000e+04
 1500588300, 2.2616666667e+02, 1.7693333333e+02, 2.9533333333e+01, 2.5105866667e+01, 2.9623260000e+04
 1500588600, 2.2940000000e+02, 1.7946000000e+02, 2.8000000000e+01, 2.5031500000e+01, 2.9623436667e+04
 1500588900, 2.1000000000e+02, 1.6200000000e+02, 2.8000000000e+01, 2.4207666667e+01, 2.9641993333e+04
 1500589200, 1.5583333333e+02, 1.0866666667e+02, 2.6333333333e+01, 2.3878600000e+01, 2.9648720000e+04
 1500589500, 2.1150000000e+02, 1.6006666667e+02, 3.1066666667e+01, 2.3913333333e+01, 2.9650266667e+04
 1500589800, 2.5000000000e+02, 1.9600000000e+02, 3.3133333333e+01, 2.3966333333e+01, 2.9650133333e+04
 1500590100, 2.2083333333e+02, 1.6800000000e+02, 3.1066666667e+01, 2.3613666667e+01, 2.9652800000e+04
 1500590400, 1.2766666667e+02, 7.8733333333e+01, 2.8000000000e+01, 2.3901500000e+01, 2.9654100000e+04
 1500590700, 2.0500000000e+02, 1.5800000000e+02, 2.8000000000e+01, 2.4023700000e+01, 2.9654936667e+04
 1500591000, 2.3833333333e+02, 1.8466666667e+02, 3.3000000000e+01, 2.4413800000e+01, 2.9658263333e+04
 1500591300, 2.3866666667e+02, 1.8873333333e+02, 3.0200000000e+01, 2.4333666667e+01, 2.9660866667e+04
 1500591600, 2.0060000000e+02, 1.5446000000e+02, 2.7140000000e+01, 2.4052433333e+01, 2.9661766667e+04
 1500591900, 1.7600000000e+02, 1.2866666667e+02, 2.7866666667e+01, 2.3719000000e+01, 2.9662946667e+04
 1500592200, 2.4283333333e+02, 1.8820000000e+02, 3.3733333333e+01, 2.3167933333e+01, 2.9663193333e+04
 1500592500, 1.8000000000e+02, 1.3600000000e+02, 2.6000000000e+01, 2.2747000000e+01, 2.9664866667e+04
 1500592800, 2.3786666667e+02, 1.8890666667e+02, 2.7653333333e+01, 2.2687333333e+01, 2.9665680000e+04
 1500593100, 2.4686666667e+02, 2.0000000000e+02, 2.8000000000e+01, 2.2917066667e+01, 2.9666133333e+04
 1500593400, 2.1900000000e+02, 1.7400000000e+02, 2.7133333333e+01, 2.3075333333e+01, 2.9667553333e+04
 1500593700, 1.8500000000e+02, 1.4000000000e+02, 2.6000000000e+01, 2.3159666667e+01, 2.9669933333e+04
 1500594000, 1.8673333333e+02, 1.4160000000e+02, 2.6053333333e+01, 2.3950800000e+01, 2.9672613333e+04
 1500594300, 2.5000000000e+02, 2.0000000000e+02, 2.8000000000e+01, 2.3847933333e+01, 2.9686646667e+04
 1500594600, 2.0000000000e+02, 1.4666666667e+02, 3.3000000000e+01, 2.2893666667e+01, 2.9700166667e+04
 1500594900, 2.2446666667e+02, 1.7610666667e+02, 3.0240000000e+01, 2.2707000000e+01, 2.9700620000e+04
 1500595200, 2.5353333333e+02, 2.0597333333e+02, 2.9706666667e+01, 2.3204133333e+01, 2.9702986667e+04
 1500595500, 2.5450000000e+02, 2.0373333333e+02, 3.1533333333e+01, 2.3547533333e+01, 2.9704140000e+04
 1500595800, 2.1955000000e+02, 1.6970000000e+02, 2.9940000000e+01, 2.3271200000e+01, 2.9705463333e+04
 1500596100, 2.0500000000e+02, 1.6000000000e+02, 2.8000000000e+01, 2.3463466667e+01, 2.9707573333e+04
 1500596400, 1.7166666667e+02, 1.2500000000e+02, 2.6333333333e+01, 2.3676666667e+01, 2.9706866667e+04
 1500596700, 2.1883333333e+02, 1.6613333333e+02, 3.1066666667e+01, 2.3747333333e+01, 2.9711000000e+04
 1500597000, 2.1966666667e+02, 1.6886666667e+02, 3.0533333333e+01, 2.3981066667e+01, 2.9710533333e+04
 1500597300, 1.6600000000e+02, 1.2200000000e+02, 2.6000000000e+01, 2.3711866667e+01, 2.9712790000e+04
 1500597600, 1.2216666667e+02, 7.8133333333e+01, 2.6000000000e+01, 2.3618866667e+01, 2.9710596667e+04
 1500597900, 1.8500000000e+02, 1.4000000000e+02, 2.6000000000e+01, 2.3463066667e+01, 2.9711156667e+04
 1500598200, 2.3916666667e+02, 1.8666666667e+02, 3.4333333333e+01, 2.3551433333e+01, 2.9711386667e+04
 1500598500, 1.9616666667e+02, 1.4786666667e+02, 2.9666666667e+01, 2.3630000000e+01, 2.9714933333e+04
 1500598800, 1.6066666667e+02, 1.1566666667e+02, 2.6000000000e+01, 2.3576033333e+01, 2.9716726667e+04
 1500599100, 1.6293333333e+02, 1.1408000000e+02, 2.7360000000e+01, 2.3208066667e+01, 2.9718750000e+04
 1500599400, 1.9093333333e+02, 1.2916666667e+02, 3.2000000000e+01, 2.2794433333e+01, 2.9719576667e+04
 1500599700, 2.3000000000e+02, 1.7800000000e+02, 3.2000000000e+01, 2.2863000000e+01, 2.9720500000e+04
 1500600000, 2.3416666667e+02, 1.8466666667e+02, 3.0333333333e+01, 2.3163100000e+01, 2.9722336667e+04
 1500600300, 2.0016666667e+02, 1.5180000000e+02, 2.8733333333e+01, 2.2538533333e+01, 2.9727206667e+04
 1500600600, 1.8640000000e+02, 1.3882666667e+02, 2.8000000000e+01, 2.2514200000e+01, 2.9728596667e+04
 1500600900, 2.0746666667e+02, 1.5978666667e+02, 2.8000000000e+01, 2.2771600000e+01, 2.9730280000e+04
 1500601200, 2.4983333333e+02, 1.9966666667e+02, 2.8133333333e+01, 2.2372666667e+01, 2.9733433333e+04
 1500601500, 2.4500000000e+02, 1.9000000000e+02, 3.2000000000e+01, 2.2404600000e+01, 2.9737746667e+04
 1500601800, 2.4916666667e+02, 1.9333333333e+02, 3.5333333333e+01, 2.2866000000e+01, 2.9738866667e+04
 1500602100, 2.5316666667e+02, 1.9653333333e+02, 3.4733333333e+01, 2.2784433333e+01, 2.9739456667e+04
 1500602400, 2.5073333333e+02, 1.9885333333e+02, 3.1440000000e+01, 2.2613200000e+01, 2.9739640000e+04
 1500602700, 2.3820000000e+02, 1.9229333333e+02, 2.7546666667e+01, 2.2756333333e+01, 2.9740573333e+04
 1500603000, 2.1683333333e+02, 1.6766666667e+02, 2.6266666667e+01, 2.3200200000e+01, 2.9742926667e+04
 1500603300, 2.7000000000e+02, 2.1600000000e+02, 3.4000000000e+01, 2.3626966667e+01, 2.9744273333e+04
 1500603600, 2.3295000000e+02, 1.3366666667e+02, 2.9060000000e+01, 2.3384133333e+01, 2.9745776667e+04
 1500603900, 1.6483333333e+02, 9.5733333333e+01, 2.6733333333e+01, 2.3289766667e+01, 2.9746656667e+04
 1500604200, 1.7983333333e+02, 1.3340000000e+02, 2.6866666667e+01, 2.2809533333e+01, 2.9749453333e+04
 1500604500, 2.4150000000e+02, 1.9473333333e+02, 2.8000000000e+01, 2.3047133333e+01, 2.9748700000e+04
 1500604800, 2.3050000000e+02, 1.8426666667e+02, 2.8133333333e+01, 2.3017866667e+01, 2.9751113333e+04
 1500605100, 2.4500000000e+02, 1.9200000000e+02, 3.2000000000e+01, 2.3050000000e+01, 2.9752200000e+04
 1500605400, 2.0333333333e+02, 1.5700000000e+02, 2.7000000000e+01, 2.2775400000e+01, 2.9751100000e+04
 1500605700, 2.2666666667e+02, 1.7913333333e+02, 2.8533333333e+01, 2.2879400000e+01, 2.9749086667e+04
 1500606000, 2.4283333333e+02, 1.9253333333e+02, 3.0866666667e+01, 2.2638000000e+01, 2.9750300000e+04
 1500606300, 2.3885000000e+02, 1.8846000000e+02, 3.1080000000e+01, 2.3831766667e+01, 2.9748870000e+04
 1500606600, 2.3450000000e+02, 1.8946666667e+02, 2.8000000000e+01, 2.4778000000e+01, 2.9750333333e+04
 1500606900, 2.2000000000e+02, 1.7400000000e+02, 2.8000000000e+01, 2.3227533333e+01, 2.9751346667e+04
 1500607200, 2.4066666667e+02, 1.9384000000e+02, 2.8000000000e+01, 2.3343800000e+01, 2.9754496667e+04
 1500607500, 2.4816666667e+02, 1.9800000000e+02, 3.1800000000e+01, 2.3615533333e+01, 2.9757060000e+04
 1500607800, 2.5216666667e+02, 2.0060000000e+02, 3.2266666667e+01, 2.3416000000e+01, 2.9759266667e+04
 1500608100, 2.5155000000e+02, 2.0078000000e+02, 3.0460000000e+01, 2.3417366667e+01, 2.9760253333e+04
 1500608400, 2.4033333333e+02, 1.9006666667e+02, 3.2133333333e+01, 2.3451466667e+01, 2.9760053333e+04
 1500608700, 2.5000000000e+02, 1.9200000000e+02, 3.6000000000e+01, 2.3826766667e+01, 2.9762426667e+04
 1500609000, 2.4170000000e+02, 1.8868000000e+02, 3.2680000000e+01, 2.4125966667e+01, 2.9763600000e+04
 1500609300, 2.4316666667e+02, 1.9306666667e+02, 3.3266666667e+01, 2.4729400000e+01, 2.9766566667e+04
 1500609600, 2.3633333333e+02, 1.8646666667e+02, 3.3133333333e+01, 2.4859533333e+01, 2.9769280000e+04
 1500609900, 2.3190000000e+02, 1.8090000000e+02, 3.1080000000e+01, 2.4431933333e+01, 2.9774616667e+04
 1500610200, 2.5250000000e+02, 2.0173333333e+02, 2.7933333333e+01, 2.4512866667e+01, 2.9778373333e+04
 1500610500, 1.8000000000e+02, 1.3600000000e+02, 2.6000000000e+01, 2.3463733333e+01, 2.9779726667e+04
 1500610800, 2.0480000000e+02, 1.5914666667e+02, 2.6000000000e+01, 2.3682333333e+01, 2.9781386667e+04
 1500611100, 1.6883333333e+02, 1.2346666667e+02, 2.6000000000e+01, 2.3164666667e+01, 2.9752400000e+04
 1500611400, 1.9483333333e+02, 1.4420000000e+02, 3.0333333333e+01, 2.3002866667e+01, 2.9759633333e+04
 1500611700, 2.4016666667e+02, 1.8426666667e+02, 3.3666666667e+01, 2.3080866667e+01, 2.9762253333e+04
 1500612000, 1.7666666667e+02, 1.2760000000e+02, 2.6200000000e+01, 2.3273333333e+01, 2.9765486667e+04
 1500612300, 2.2500000000e+02, 1.7400000000e+02, 3.2000000000e+01, 2.2711466667e+01, 2.9772870000e+04
 1500612600, 2.1250000000e+02, 1.6233333333e+02, 3.0333333333e+01, 2.1971666667e+01, 2.9782100000e+04
 1500612900, 1.9733333333e+02, 1.4986666667e+02, 2.7466666667e+01, 2.2194333333e+01, 2.9784966667e+04
 1500613200, 2.0300000000e+02, 1.5700000000e+02, 2.6866666667e+01, 2.2761666667e+01, 2.9782466667e+04
 1500613500, 2.2575000000e+02, 1.7998000000e+02, 2.8000000000e+01, 2.3292766667e+01, 2.9781103333e+04
 1500613800, 2.4533333333e+02, 1.9993333333e+02, 2.8333333333e+01, 2.4111333333e+01, 2.9786133333e+04
 1500614100, 2.5500000000e+02, 1.9800000000e+02, 3.8000000000e+01, 2.3760933333e+01, 2.9788566667e+04
 1500614400, 2.5083333333e+02, 1.9966666667e+02, 2.9666666667e+01, 2.3881233333e+01, 2.9791463333e+04
 1500614700, 2.5000000000e+02, 1.9620000000e+02, 3.3066666667e+01, 2.4420000000e+01, 2.9793200000e+04
 1500615000, 2.5000000000e+02, 1.9486666667e+02, 3.5133333333e+01, 2.3963400000e+01, 2.9796826667e+04
 1500615300, 2.5000000000e+02, 1.9600000000e+02, 3.4000000000e+01, 2.4185666667e+01, 2.9801866667e+04
 1500615600, 2.4986666667e+02, 1.9600000000e+02, 3.3786666667e+01, 2.4307733333e+01, 2.9803453333e+04
 1500615900, 2.4500000000e+02, 1.9600000000e+02, 2.6000000000e+01, 2.4950333333e+01, 2.9804666667e+04
 1500616200, 2.4500000000e+02, 1.9766666667e+02, 2.7666666667e+01, 2.5379133333e+01, 2.9808270000e+04
 1500616500, 2.4500000000e+02, 1.6760000000e+02, 2.8000000000e+01, 2.3566333333e+01, 1.5409166667e+04
 1500616800, 1.6266666667e+02, 9.6266666667e+01, 2.1066666667e+01, 1.7505000000e+01, 7.0717000000e+03
 1500617100, 5.5000000000e+01, 2.6000000000e+01, 1.2000000000e+01, 1.2688666667e+01, 7.0727666667e+03
 1500617400, 5.5000000000e+01, 2.6000000000e+01, 1.2000000000e+01, 9.2123333333e+00, 7.0721666667e+03
 1500617700, 5.5000000000e+01, 2.6000000000e+01, 1.2000000000e+01, 6.7000000000e+00, 7.0712666667e+03
 1500618000, 5.5000000000e+01, 2.6000000000e+01, 1.2000000000e+01, 4.8573333333e+00, 7.0715666667e+03
 1500618300, 5.5000000000e+01, 2.6000000000e+01, 1.2000000000e+01, 3.5440000000e+00, 7.0712333333e+03
 1500618600, 5.5000000000e+01, 2.6000000000e+01, 1.2000000000e+01, 2.6036666667e+00, 7.0708333333e+03
 1500618900, 5.5000000000e+01, 2.6000000000e+01, 1.2000000000e+01, 1.9110000000e+00, 7.0705333333e+03
 1500619200, 5.5000000000e+01, 2.6000000000e+01, 1.2000000000e+01, 1.4123333333e+00, 7.0696000000e+03
 1500619500, 5.5000000000e+01, 2.6000000000e+01, 1.2000000000e+01, 1.0453333333e+00, 7.0704666667e+03
 1500619800, 5.5000000000e+01, 2.6000000000e+01, 1.2000000000e+01, 7.7500000000e-01, 7.0715666667e+03
 1500620100, 5.5000000000e+01, 2.6000000000e+01, 1.2000000000e+01, 5.8933333333e-01, 7.0714333333e+03
 1500620400, 5.5000000000e+01, 2.6000000000e+01, 1.2000000000e+01, 4.7866666667e-01, 7.0715666667e+03
 1500620700, 5.5000000000e+01, 2.6000000000e+01, 1.2000000000e+01, 3.6400000000e-01, 7.0716000000e+03
 1500621000, 5.5000000000e+01, 2.6000000000e+01, 1.2000000000e+01, 2.6533333333e-01, 7.0712000000e+03
 1500621300, 5.5000000000e+01, 2.6000000000e+01, 1.2000000000e+01, 2.0066666667e-01, 7.0720666667e+03
 1500621600, 5.5000000000e+01, 2.6000000000e+01, 1.2000000000e+01, 1.7300000000e-01, 7.0716000000e+03
 1500621900, 5.5000000000e+01, 2.6000000000e+01, 1.2000000000e+01, 1.3533333333e-01, 7.0722000000e+03
 1500622200, 5.5000000000e+01, 2.6000000000e+01, 1.2000000000e+01, 1.1733333333e-01, 7.0719666667e+03
 1500622500, 5.5000000000e+01, 2.6000000000e+01, 1.2000000000e+01, 1.0766666667e-01, 7.0716000000e+03
 1500622800, 5.5000000000e+01, 2.6000000000e+01, 1.2000000000e+01, 9.1666666667e-02, 7.0718333333e+03
 1500623100, 5.5000000000e+01, 2.6000000000e+01, 1.2000000000e+01, 9.6666666667e-02, 7.0723666667e+03
 1500623400, 5.5000000000e+01, 2.6000000000e+01, 1.2000000000e+01, 1.2000000000e-01, 7.0720000000e+03
 1500623700, 5.5000000000e+01, 2.6000000000e+01, 1.2000000000e+01, 1.0566666667e-01, 7.0716333333e+03
 1500624000, 5.7166666667e+01, 2.7733333333e+01, 1.2866666667e+01, 8.5666666667e-02, 7.0726000000e+03
 1500624300, 5.8833333333e+01, 2.9066666667e+01, 1.3533333333e+01, 1.1200000000e-01, 7.0716000000e+03
 1500624600, 5.5000000000e+01, 2.6000000000e+01, 1.2000000000e+01, 1.5600000000e-01, 7.0712333333e+03
 1500624900, 5.5000000000e+01, 2.6000000000e+01, 1.2000000000e+01, 1.5400000000e-01, 7.0719333333e+03
 1500625200, 5.5000000000e+01, 2.6000000000e+01, 1.2000000000e+01, 1.3933333333e-01, 7.0708000000e+03
 1500625500, 5.5000000000e+01, 2.6000000000e+01, 1.2000000000e+01, 1.2966666667e-01, 7.0717666667e+03
 1500625800, 5.5000000000e+01, 2.6000000000e+01, 1.2000000000e+01, 1.1566666667e-01, 7.0716000000e+03
 1500626100, 5.5000000000e+01, 2.6000000000e+01, 1.2000000000e+01, 1.0166666667e-01, 7.0724666667e+03
 1500626400, 5.5000000000e+01, 2.6000000000e+01, 1.2000000000e+01, 1.0800000000e-01, 7.0728000000e+03
 1500626700, 5.5000000000e+01, 2.6000000000e+01, 1.2000000000e+01, 8.9666666667e-02, 7.0727666667e+03
 1500627000, 5.5000000000e+01, 2.6000000000e+01, 1.2000000000e+01, 9.2333333333e-02, 7.0719666667e+03
 1500627300, 5.5000000000e+01, 2.6000000000e+01, 1.2000000000e+01, 8.9000000000e-02, 7.0706333333e+03
 1500627600, 5.5000000000e+01, 2.6000000000e+01, 1.2000000000e+01, 6.3333333333e-02, 7.0708333333e+03
 1500627900, 5.5000000000e+01, 2.6000000000e+01, 1.2000000000e+01, 5.0000000000e-02, 7.0714000000e+03
 1500628200, 5.5000000000e+01, 2.6000000000e+01, 1.2000000000e+01, 5.0333333333e-02, 7.0721666667e+03
 1500628500, 5.5000000000e+01, 2.6000000000e+01, 1.2000000000e+01, 5.4000000000e-02, 7.0718666667e+03
 1500628800, 5.5000000000e+01, 2.6000000000e+01, 1.2000000000e+01, 5.1666666667e-02, 7.0726000000e+03
 1500629100, 5.5000000000e+01, 2.6000000000e+01, 1.2000000000e+01, 5.0666666667e-02, 7.0877666667e+03
 1500629400, 1.5466666667e+02, 1.0313333333e+02, 3.1066666667e+01, 1.8883333333e+00, 7.8544666667e+03
 1500629700, 2.5816666667e+02, 1.8440000000e+02, 4.9466666667e+01, 2.9696666667e+00, 1.2359666667e+04
 1500630000, 1.7000000000e+02, 1.2013333333e+02, 2.7933333333e+01, 4.1320000000e+00, 2.5400266667e+04
 1500630300, 1.7000000000e+02, 1.2400000000e+02, 2.6000000000e+01, 5.2176666667e+00, 2.7408466667e+04
 1500630600, -nan, 1.2400000000e+02, 2.6000000000e+01, 6.0026666667e+00, 2.9124433333e+04
 1500630900, -nan, 1.2273333333e+02, 2.6000000000e+01, 6.6060000000e+00, 3.0137866667e+04
 1500631200, -nan, 1.2286666667e+02, 2.6866666667e+01, 7.0110000000e+00, 2.9883766667e+04
 1500631500, -nan, 1.0766666667e+02, 2.7066666667e+01, 6.3623333333e+00, 1.0448666667e+04
 1500631800, -nan, 5.6266666667e+01, 2.4133333333e+01, 5.9356666667e+00, 2.6346500000e+04
 1500632100, -nan, 1.2200000000e+02, 2.8000000000e+01, 6.5266666667e+00, 3.4403766667e+04
 1500632400, -nan, 1.2200000000e+02, 3.1333333333e+01, -nan, 3.8021400000e+04
 1500632700, -nan, 1.2326666667e+02, 2.9466666667e+01, -nan, 3.8484600000e+04
 1500633000, -nan, 1.2400000000e+02, 2.7133333333e+01, -nan, 3.9351233333e+04
 1500633300, -nan, 1.2353333333e+02, 2.6466666667e+01, -nan, 4.0228700000e+04
 1500633600, -nan, 1.2193333333e+02, -nan, -nan, 4.1735666667e+04
 1500633900, -nan, 1.2000000000e+02, -nan, -nan, 4.3370066667e+04
 1500634200, -nan, 1.2500000000e+02, -nan, -nan, -nan
 1500634500, -nan, -nan, -nan, -nan, -nan
 1500634800, -nan, -nan, -nan, -nan, -nan
