 Time, ttl_pwr, cpu_pwr, mem_pwr, cpu_load, mem_load
 1500441000, 2,4500000000e+02, 1,9600000000e+02, 3,0000000000e+01, 1,6050000000e+01, 5,1596490000e+04
 1500441300, 2,4500000000e+02, 1,9600000000e+02, 3,0000000000e+01, 1,6050000000e+01, 5,1595710000e+04
 1500441600, 2,4500000000e+02, 1,9600000000e+02, 3,0000000000e+01, 1,6044900000e+01, 5,1595180000e+04
 1500441900, 2,4500000000e+02, 1,9600000000e+02, 3,0000000000e+01, 1,6047100000e+01, 5,1595510000e+04
 1500442200, 2,4500000000e+02, 1,9600000000e+02, 3,0000000000e+01, 1,6050000000e+01, 5,1595710000e+04
 1500442500, 2,4500000000e+02, 1,9458000000e+02, 3,0000000000e+01, 1,6050000000e+01, 5,1596690000e+04
 1500442800, 2,4500000000e+02, 1,9400000000e+02, 3,0000000000e+01, 1,6050000000e+01, 5,1595530000e+04
 1500443100, 2,4500000000e+02, 1,9400000000e+02, 3,0000000000e+01, 1,6052000000e+01, 5,1596310000e+04
 1500443400, 2,4500000000e+02, 1,9400000000e+02, 3,0000000000e+01, 1,6052000000e+01, 5,1596670000e+04
 1500443700, 2,4500000000e+02, 1,9400000000e+02, 3,0000000000e+01, 1,6050000000e+01, 5,1596440000e+04
 1500444000, 2,4500000000e+02, 1,9400000000e+02, 3,0000000000e+01, 1,6050000000e+01, 5,1595760000e+04
 1500444300, 2,4500000000e+02, 1,9400000000e+02, 3,0000000000e+01, 1,6050000000e+01, 5,1597710000e+04
 1500444600, 2,4500000000e+02, 1,9400000000e+02, 3,0000000000e+01, 1,6056000000e+01, 5,1597690000e+04
 1500444900, 2,4500000000e+02, 1,9400000000e+02, 3,0000000000e+01, 1,6052000000e+01, 5,1598200000e+04
 1500445200, 2,4500000000e+02, 1,9422000000e+02, 3,0000000000e+01, 1,6050000000e+01, 5,1598620000e+04
 1500445500, 2,4500000000e+02, 1,9600000000e+02, 3,0000000000e+01, 1,6052000000e+01, 5,1597600000e+04
 1500445800, 2,4500000000e+02, 1,9600000000e+02, 3,0000000000e+01, 1,6048900000e+01, 5,1599310000e+04
 1500446100, 2,4500000000e+02, 1,9458000000e+02, 3,0000000000e+01, 1,6049100000e+01, 5,1598470000e+04
 1500446400, 2,4500000000e+02, 1,9400000000e+02, 3,0000000000e+01, 1,6050000000e+01, 5,1599000000e+04
 1500446700, 2,4500000000e+02, 1,9400000000e+02, 3,0000000000e+01, 1,6050000000e+01, 5,1597800000e+04
 1500447000, 2,4500000000e+02, 1,9400000000e+02, 3,0000000000e+01, 1,6050000000e+01, 5,1598130000e+04
 1500447300, 2,4500000000e+02, 1,9400000000e+02, 3,0000000000e+01, 1,6054000000e+01, 5,1597470000e+04
 1500447600, 2,4500000000e+02, 1,9400000000e+02, 3,0000000000e+01, 1,6050000000e+01, 5,1597220000e+04
 1500447900, 2,4500000000e+02, 1,9400000000e+02, 3,0000000000e+01, 1,6050000000e+01, 5,1597200000e+04
 1500448200, 2,4500000000e+02, 1,9400000000e+02, 3,0000000000e+01, 1,6050000000e+01, 5,1596980000e+04
 1500448500, 2,4500000000e+02, 1,9400000000e+02, 3,0000000000e+01, 1,6050000000e+01, 5,1598110000e+04
 1500448800, 2,4500000000e+02, 1,9400000000e+02, 3,0000000000e+01, 1,6050000000e+01, 5,1598000000e+04
 1500449100, 2,4500000000e+02, 1,9400000000e+02, 3,0000000000e+01, 1,6056000000e+01, 5,1597780000e+04
 1500449400, 2,4500000000e+02, 1,9400000000e+02, 3,0000000000e+01, 1,6054000000e+01, 5,1595890000e+04
 1500449700, 2,4500000000e+02, 1,9542000000e+02, 3,0000000000e+01, 1,6050000000e+01, 5,1596600000e+04
 1500450000, 2,4500000000e+02, 1,9600000000e+02, 3,0000000000e+01, 1,6050000000e+01, 5,1598220000e+04
 1500450300, 1,8610000000e+02, 1,4330000000e+02, 2,4420000000e+01, 1,3753500000e+01, 1,1017260000e+04
 1500450600, 5,5000000000e+01, 2,5780000000e+01, 1,2000000000e+01, 9,9789000000e+00, 7,0022900000e+03
 1500450900, 5,5000000000e+01, 2,4000000000e+01, 1,2000000000e+01, 7,2417000000e+00, 7,0020900000e+03
 1500451200, 5,5000000000e+01, 2,5820000000e+01, 1,2000000000e+01, 5,2530000000e+00, 7,0018900000e+03
 1500451500, 5,5000000000e+01, 2,4580000000e+01, 1,2000000000e+01, 4,8711000000e+00, 1,7196410000e+04
 1500451800, 1,5700000000e+02, 1,0968000000e+02, 2,8320000000e+01, 7,7068000000e+00, 2,5049390000e+04
 1500452100, 2,5655000000e+02, 1,8828000000e+02, 4,8960000000e+01, 9,9629000000e+00, 2,4819080000e+04
 1500452400, 2,6055000000e+02, 1,8198000000e+02, 5,8460000000e+01, 1,1524600000e+01, 2,3475650000e+04
 1500452700, 2,6500000000e+02, 1,9800000000e+02, 4,6000000000e+01, 1,2781900000e+01, 1,8405270000e+04
 1500453000, 2,5590000000e+02, 1,9254000000e+02, 4,4180000000e+01, 1,3692500000e+01, 2,4449210000e+04
 1500453300, 2,5855000000e+02, 1,9342000000e+02, 4,6840000000e+01, 1,4329400000e+01, 2,0839220000e+04
 1500453600, 2,6000000000e+02, 1,9502000000e+02, 4,4940000000e+01, 1,4708600000e+01, 2,4323480000e+04
 1500453900, 2,5535000000e+02, 1,9662000000e+02, 3,7660000000e+01, 1,5029366667e+01, 1,7636793333e+04
 1500454200, 2,4555000000e+02, 1,9800000000e+02, 2,8440000000e+01, 1,5280500000e+01, 2,4537650000e+04
 1500454500, 2,5000000000e+02, 1,9800000000e+02, 3,2000000000e+01, 1,5379200000e+01, 2,1756710000e+04
 1500454800, 2,4090000000e+02, 1,9254000000e+02, 2,8360000000e+01, 1,5545400000e+01, 2,0118030000e+04
 1500455100, 2,4000000000e+02, 1,9200000000e+02, 2,8000000000e+01, 1,5677200000e+01, 2,4516190000e+04
 1500455400, 2,4510000000e+02, 1,9404000000e+02, 3,1060000000e+01, 1,5740200000e+01, 2,4887160000e+04
 1500455700, 2,4380000000e+02, 1,9104000000e+02, 3,2140000000e+01, 1,5783700000e+01, 2,1807020000e+04
 1500456000, 2,2120000000e+02, 1,7296000000e+02, 2,6460000000e+01, 1,5843100000e+01, 2,1106000000e+04
 1500456300, 1,5000000000e+02, 1,1600000000e+02, 1,4000000000e+01, 1,5856700000e+01, 2,3573120000e+04
 1500456600, 2,2280000000e+02, 1,7606000000e+02, 2,8560000000e+01, 1,5831700000e+01, 2,1339090000e+04
 1500456900, 2,4775000000e+02, 1,8626000000e+02, 4,1360000000e+01, 1,5896400000e+01, 2,3746706667e+04
 1500457200, 2,4990000000e+02, 1,8902000000e+02, 4,0900000000e+01, 1,5934366667e+01, 2,0827963333e+04
 1500457500, 2,5120000000e+02, 1,9062000000e+02, 4,1580000000e+01, 1,5816700000e+01, 2,1037003333e+04
 1500457800, 2,6335000000e+02, 1,9244000000e+02, 5,1580000000e+01, 1,5800600000e+01, 2,1139130000e+04
 1500458100, 2,5000000000e+02, 1,9600000000e+02, 3,2000000000e+01, 1,5816700000e+01, 2,0565740000e+04
 1500458400, 2,5000000000e+02, 1,9600000000e+02, 3,2000000000e+01, 1,5801100000e+01, 2,5046690000e+04
 1500458700, 2,5000000000e+02, 1,9742000000e+02, 3,0580000000e+01, 1,5835500000e+01, 2,4137770000e+04
 1500459000, 2,5255000000e+02, 1,9188000000e+02, 4,0200000000e+01, 1,5885500000e+01, 1,7765680000e+04
 1500459300, 2,5190000000e+02, 1,8910000000e+02, 4,3800000000e+01, 1,5923300000e+01, 2,4790950000e+04
 1500459600, 2,4665000000e+02, 1,9556000000e+02, 3,1980000000e+01, 1,5964400000e+01, 2,3866260000e+04
 1500459900, 2,6000000000e+02, 1,9200000000e+02, 4,8000000000e+01, 1,5980000000e+01, 2,0681010000e+04
 1500460200, 2,3270000000e+02, 1,8108000000e+02, 3,1620000000e+01, 1,5989100000e+01, 2,3345870000e+04
 1500460500, 2,5130000000e+02, 1,9136000000e+02, 3,8520000000e+01, 1,5976400000e+01, 2,3074053333e+04
 1500460800, 2,5235000000e+02, 1,9702000000e+02, 3,4860000000e+01, 1,5824200000e+01, 2,0389220000e+04
 1500461100, 2,4655000000e+02, 1,9924000000e+02, 2,8000000000e+01, 1,5870400000e+01, 2,3893460000e+04
 1500461400, 2,5000000000e+02, 2,0134000000e+02, 2,8220000000e+01, 1,5912400000e+01, 2,4316810000e+04
 1500461700, 2,5000000000e+02, 1,9600000000e+02, 3,0000000000e+01, 1,5847500000e+01, 2,1174130000e+04
 1500462000, 2,5455000000e+02, 1,9600000000e+02, 3,7280000000e+01, 1,5634400000e+01, 1,7095520000e+04
 1500462300, 1,4140000000e+02, 9,3760000000e+01, 2,9480000000e+01, 1,2685300000e+01, 7,1040400000e+03
 1500462600, 9,7550000000e+01, 5,3020000000e+01, 2,6000000000e+01, 9,5720000000e+00, 7,7818300000e+03
 1500462900, 1,4230000000e+02, 9,3480000000e+01, 2,7880000000e+01, 1,1420200000e+01, 1,0499353333e+04
 1500463200, 2,0395000000e+02, 1,5226000000e+02, 2,9380000000e+01, 1,5902900000e+01, 1,1987330000e+04
 1500463500, 2,3706666667e+02, 1,8586000000e+02, 2,8620000000e+01, 1,9309566667e+01, 2,1575736667e+04
 1500463800, 2,5500000000e+02, 2,0200000000e+02, 3,4000000000e+01, 2,2885466667e+01, 2,2581106667e+04
 1500464100, 2,5500000000e+02, 2,0200000000e+02, 3,4000000000e+01, 2,5508800000e+01, 2,2962163333e+04
 1500464400, 2,5500000000e+02, 2,0200000000e+02, 3,5406666667e+01, 2,7405366667e+01, 2,3292413333e+04
 1500464700, 2,5500000000e+02, 2,0099333333e+02, 3,6000000000e+01, 2,8755600000e+01, 2,3360616667e+04
 1500465000, 2,5500000000e+02, 1,9939333333e+02, 3,5393333333e+01, 2,9746000000e+01, 2,3477176667e+04
 1500465300, 2,5500000000e+02, 1,9820666667e+02, 3,4000000000e+01, 3,0485566667e+01, 2,3468616667e+04
 1500465600, 2,5500000000e+02, 2,0000000000e+02, 3,4000000000e+01, 3,1050466667e+01, 2,3412116667e+04
 1500465900, 2,5500000000e+02, 2,0000000000e+02, 3,5806666667e+01, 3,1487400000e+01, 2,3447006667e+04
 1500466200, 2,5846666667e+02, 2,0000000000e+02, 3,7386666667e+01, 3,2057233333e+01, 2,3520656667e+04
 1500466500, 2,0403333333e+02, 1,4744000000e+02, 3,3133333333e+01, 3,2652466667e+01, 2,3545890000e+04
 1500466800, 1,4090000000e+02, 8,8173333333e+01, 2,8000000000e+01, 3,3160433333e+01, 2,3650343333e+04
 1500467100, 1,2950000000e+02, 7,7600000000e+01, 2,7800000000e+01, 3,3470800000e+01, 2,2931546667e+04
 1500467400, 1,2500000000e+02, 7,4000000000e+01, 2,6000000000e+01, 3,3672900000e+01, 2,2431370000e+04
 1500467700, 1,5200000000e+02, 9,7400000000e+01, 2,9600000000e+01, 3,3742166667e+01, 2,1799770000e+04
 1500468000, 2,3163333333e+02, 1,6130666667e+02, 4,6720000000e+01, 3,3497800000e+01, 2,1023563333e+04
 1500468300, 2,5993333333e+02, 1,9306666667e+02, 4,4880000000e+01, 3,2965833333e+01, 2,1156410000e+04
 1500468600, 2,5655000000e+02, 1,9862000000e+02, 3,6000000000e+01, 3,2591266667e+01, 2,1358360000e+04
 1500468900, 2,5890000000e+02, 1,9956000000e+02, 3,6000000000e+01, 3,2083100000e+01, 2,1269830000e+04
 1500469200, 2,5000000000e+02, 1,9600000000e+02, 3,6000000000e+01, 3,1297900000e+01, 2,1623170000e+04
 1500469500, 2,5000000000e+02, 1,9600000000e+02, 3,4180000000e+01, 3,0688200000e+01, 2,1655843333e+04
 1500469800, 2,5000000000e+02, 1,9600000000e+02, 3,5420000000e+01, 3,0159700000e+01, 1,9387350000e+04
 1500470100, 2,3706666667e+02, 1,8565333333e+02, 3,0826666667e+01, 2,9179500000e+01, 1,1782016667e+04
 1500470400, 2,3506666667e+02, 1,8202666667e+02, 3,1040000000e+01, 2,7450533333e+01, 1,1595680000e+04
 1500470700, 2,3100000000e+02, 1,7560000000e+02, 3,2200000000e+01, 2,5803233333e+01, 1,1085636667e+04
 1500471000, 2,0348333333e+02, 1,4971333333e+02, 2,7846666667e+01, 2,4115366667e+01, 1,0813333333e+04
 1500471300, 1,2500000000e+02, 7,4000000000e+01, 2,6000000000e+01, 2,2708900000e+01, 1,0683340000e+04
 1500471600, 8,9133333333e+01, 4,1720000000e+01, 2,4206666667e+01, 2,1316066667e+01, 1,0340736667e+04
 1500471900, 1,3028333333e+02, 8,1193333333e+01, 2,6786666667e+01, 2,0159900000e+01, 1,0241363333e+04
 1500472200, 1,3300000000e+02, 8,3680000000e+01, 2,8000000000e+01, 1,8465900000e+01, 9,7398033333e+03
 1500472500, 1,1775000000e+02, 6,8266666667e+01, 2,8000000000e+01, 1,5304000000e+01, 1,2548513333e+04
 1500472800, 1,1155000000e+02, 6,3100000000e+01, 2,7380000000e+01, 1,2489800000e+01, 1,4754050000e+04
 1500473100, 1,1500000000e+02, 7,0000000000e+01, 2,6000000000e+01, 1,0435500000e+01, 1,4752600000e+04
 1500473400, 1,1500000000e+02, 7,0000000000e+01, 2,6000000000e+01, 8,9352000000e+00, 1,4751690000e+04
 1500473700, 1,1500000000e+02, 7,0000000000e+01, 2,6000000000e+01, 7,8499000000e+00, 1,4752290000e+04
 1500474000, 1,1500000000e+02, 7,0000000000e+01, 2,6000000000e+01, 7,0723000000e+00, 1,4751490000e+04
 1500474300, 1,1500000000e+02, 7,0000000000e+01, 2,6000000000e+01, 6,5054000000e+00, 1,4751420000e+04
 1500474600, 1,1500000000e+02, 7,0000000000e+01, 2,6000000000e+01, 6,1115000000e+00, 1,4751800000e+04
 1500474900, 1,1500000000e+02, 7,0000000000e+01, 2,6000000000e+01, 5,8196000000e+00, 1,5094210000e+04
 1500475200, 1,1500000000e+02, 7,0000000000e+01, 2,6000000000e+01, 5,6031000000e+00, 1,4719870000e+04
 1500475500, 1,1500000000e+02, 7,0000000000e+01, 2,6000000000e+01, 5,4508000000e+00, 1,4716420000e+04
 1500475800, 1,1500000000e+02, 7,0000000000e+01, 2,6000000000e+01, 5,3490000000e+00, 1,4721890000e+04
 1500476100, 1,1500000000e+02, 7,0000000000e+01, 2,6000000000e+01, 5,2552000000e+00, 1,4721220000e+04
 1500476400, 1,1500000000e+02, 7,0620000000e+01, 2,6000000000e+01, 5,1894000000e+00, 1,4721890000e+04
 1500476700, 1,1500000000e+02, 7,1780000000e+01, 2,6000000000e+01, 5,1376000000e+00, 1,4721910000e+04
 1500477000, 1,1500000000e+02, 7,0000000000e+01, 2,6000000000e+01, 5,1047000000e+00, 1,4722490000e+04
 1500477300, 1,1500000000e+02, 7,0000000000e+01, 2,6000000000e+01, 5,0758000000e+00, 1,4722400000e+04
 1500477600, 1,1500000000e+02, 7,0000000000e+01, 2,6000000000e+01, 5,0618000000e+00, 1,4501620000e+04
 1500477900, 1,1500000000e+02, 7,0000000000e+01, 2,6000000000e+01, 5,0500000000e+00, 1,4724200000e+04
 1500478200, 1,2585000000e+02, 7,8060000000e+01, 2,8480000000e+01, 5,2342000000e+00, 1,4541540000e+04
 1500478500, 1,5110000000e+02, 9,7760000000e+01, 3,3120000000e+01, 6,8134000000e+00, 1,2228880000e+04
 1500478800, 1,6000000000e+02, 1,1200000000e+02, 2,6000000000e+01, 8,2715000000e+00, 1,2632330000e+04
 1500479100, 1,6455000000e+02, 1,1564000000e+02, 2,7820000000e+01, 9,3319000000e+00, 1,2763670000e+04
 1500479400, 1,6145000000e+02, 1,1316000000e+02, 2,6580000000e+01, 1,0091500000e+01, 1,2805910000e+04
 1500479700, 1,6000000000e+02, 1,1302000000e+02, 2,6000000000e+01, 1,0648600000e+01, 1,2806200000e+04
 1500480000, 1,6000000000e+02, 1,1400000000e+02, 2,6000000000e+01, 1,1052500000e+01, 1,2808810000e+04
 1500480300, 1,5840000000e+02, 1,1144000000e+02, 2,6426666667e+01, 1,1408700000e+01, 1,2759240000e+04
 1500480600, 1,4500000000e+02, 9,0000000000e+01, 3,0000000000e+01, 1,1795266667e+01, 9,5827500000e+03
 1500480900, 1,5865000000e+02, 1,1002000000e+02, 2,6360000000e+01, 1,1924600000e+01, 9,5889300000e+03
 1500481200, 1,6000000000e+02, 1,1200000000e+02, 2,6000000000e+01, 1,1989500000e+01, 9,7163000000e+03
 1500481500, 1,6000000000e+02, 1,1098000000e+02, 2,6000000000e+01, 1,2007100000e+01, 9,7983100000e+03
 1500481800, 1,6000000000e+02, 1,1124000000e+02, 2,6000000000e+01, 1,2015100000e+01, 9,8010000000e+03
 1500482100, 1,6000000000e+02, 1,1356000000e+02, 2,6220000000e+01, 1,2032400000e+01, 9,8042400000e+03
 1500482400, 1,6000000000e+02, 1,1000000000e+02, 2,8000000000e+01, 1,2102800000e+01, 9,6153100000e+03
 1500482700, 1,5546666667e+02, 1,0637333333e+02, 2,8000000000e+01, 1,2255366667e+01, 9,5661233333e+03
 1500483000, 1,4790000000e+02, 9,8900000000e+01, 2,9420000000e+01, 1,2430266667e+01, 9,2829266667e+03
 1500483300, 1,5010000000e+02, 1,0314000000e+02, 2,7960000000e+01, 1,2422500000e+01, 9,2620400000e+03
 1500483600, 1,5500000000e+02, 1,1000000000e+02, 2,6000000000e+01, 1,2356300000e+01, 9,5956100000e+03
 1500483900, 1,5586666667e+02, 1,1034666667e+02, 2,6173333333e+01, 1,2366300000e+01, 9,9715366667e+03
 1500484200, 1,6500000000e+02, 1,1400000000e+02, 2,8000000000e+01, 1,2926300000e+01, 1,0431693333e+04
 1500484500, 1,5590000000e+02, 1,0854000000e+02, 2,6180000000e+01, 1,3019300000e+01, 1,0297520000e+04
 1500484800, 1,5855000000e+02, 1,1084000000e+02, 2,8840000000e+01, 1,3113200000e+01, 1,0214500000e+04
 1500485100, 1,5745000000e+02, 1,0792000000e+02, 3,0000000000e+01, 1,3191800000e+01, 9,9982300000e+03
 1500485400, 1,5345000000e+02, 1,0400000000e+02, 2,8760000000e+01, 1,3018500000e+01, 9,8009600000e+03
 1500485700, 1,5110000000e+02, 1,0510000000e+02, 2,6220000000e+01, 1,2847800000e+01, 1,2129990000e+04
 1500486000, 1,6000000000e+02, 1,1400000000e+02, 2,8000000000e+01, 1,2899500000e+01, 1,3204300000e+04
 1500486300, 1,6000000000e+02, 1,1400000000e+02, 2,6180000000e+01, 1,2944600000e+01, 1,3217760000e+04
 1500486600, 1,6000000000e+02, 1,1400000000e+02, 2,6000000000e+01, 1,2999300000e+01, 1,3218950000e+04
 1500486900, 1,6000000000e+02, 1,1196000000e+02, 2,7020000000e+01, 1,3051900000e+01, 1,3230340000e+04
 1500487200, 1,5845000000e+02, 1,0752000000e+02, 2,8000000000e+01, 1,3095100000e+01, 1,2897020000e+04
 1500487500, 1,5170000000e+02, 9,9360000000e+01, 2,8000000000e+01, 1,2390800000e+01, 1,2206800000e+04
 1500487800, 1,2500000000e+02, 7,8000000000e+01, 2,8000000000e+01, 1,1004800000e+01, 1,1725280000e+04
 1500488100, 1,0225000000e+02, 5,6160000000e+01, 2,6180000000e+01, 9,6575000000e+00, 1,1895600000e+04
 1500488400, 1,0000000000e+02, 5,4000000000e+01, 2,6000000000e+01, 8,6384000000e+00, 1,0344950000e+04
 1500488700, 7,9600000000e+01, 3,9720000000e+01, 2,0900000000e+01, 7,6214000000e+00, 8,4683400000e+03
 1500489000, 6,0000000000e+01, 2,6000000000e+01, 1,5380000000e+01, 6,6405000000e+00, 8,4673800000e+03
 1500489300, 5,9450000000e+01, 2,6000000000e+01, 1,3780000000e+01, 5,9269000000e+00, 8,4681300000e+03
 1500489600, 5,5000000000e+01, 2,6000000000e+01, 1,2000000000e+01, 5,3965000000e+00, 8,4696900000e+03
 1500489900, 5,5000000000e+01, 2,4180000000e+01, 1,2000000000e+01, 5,0199000000e+00, 8,4716200000e+03
 1500490200, 5,8550000000e+01, 2,5420000000e+01, 1,4840000000e+01, 4,7994000000e+00, 1,0123050000e+04
 1500490500, 8,0400000000e+01, 4,0280000000e+01, 2,1100000000e+01, 4,8537000000e+00, 1,1705000000e+04
 1500490800, 1,0000000000e+02, 5,4000000000e+01, 2,6000000000e+01, 4,9155000000e+00, 1,1705200000e+04
 1500491100, 1,0000000000e+02, 5,4000000000e+01, 2,6000000000e+01, 4,9584000000e+00, 1,1705620000e+04
 1500491400, 1,0000000000e+02, 5,4000000000e+01, 2,6000000000e+01, 5,1288000000e+00, 1,4681170000e+04
 1500491700, 1,1365000000e+02, 6,8560000000e+01, 2,6000000000e+01, 5,3751000000e+00, 1,4973980000e+04
 1500492000, 1,1500000000e+02, 7,0000000000e+01, 2,6000000000e+01, 5,5545000000e+00, 1,4973600000e+04
 1500492300, 1,1500000000e+02, 7,0000000000e+01, 2,6000000000e+01, 5,6770000000e+00, 1,4973020000e+04
 1500492600, 1,1500000000e+02, 7,0000000000e+01, 2,6000000000e+01, 5,7668000000e+00, 1,4973780000e+04
 1500492900, 1,1500000000e+02, 7,0000000000e+01, 2,6000000000e+01, 5,8448000000e+00, 1,5173070000e+04
 1500493200, 1,1500000000e+02, 7,0000000000e+01, 2,6000000000e+01, 5,9035000000e+00, 1,4934360000e+04
 1500493500, 1,1500000000e+02, 7,0000000000e+01, 2,6000000000e+01, 5,9473000000e+00, 1,4964600000e+04
 1500493800, 1,1500000000e+02, 7,0000000000e+01, 2,6000000000e+01, 5,9671000000e+00, 1,4964800000e+04
 1500494100, 1,1500000000e+02, 7,0000000000e+01, 2,6000000000e+01, 5,9700000000e+00, 1,5149050000e+04
 1500494400, 1,1500000000e+02, 7,0000000000e+01, 2,6000000000e+01, 5,9700000000e+00, 1,5130850000e+04
 1500494700, 1,1500000000e+02, 7,0000000000e+01, 2,6000000000e+01, 5,9771000000e+00, 1,4886680000e+04
 1500495000, 1,1500000000e+02, 7,0000000000e+01, 2,6000000000e+01, 6,2902000000e+00, 1,5060940000e+04
 1500495300, 1,1500000000e+02, 7,1820000000e+01, 2,6000000000e+01, 7,1112666667e+00, 1,5512136667e+04
 1500495600, 1,1855000000e+02, 7,2000000000e+01, 2,6000000000e+01, 7,6432000000e+00, 1,5473290000e+04
 1500495900, 1,1745000000e+02, 7,0980000000e+01, 2,6000000000e+01, 7,7419000000e+00, 1,5108070000e+04
 1500496200, 1,1500000000e+02, 7,0000000000e+01, 2,6000000000e+01, 7,8186000000e+00, 1,5109220000e+04
 1500496500, 1,1500000000e+02, 7,0220000000e+01, 2,6000000000e+01, 7,8766000000e+00, 1,5108200000e+04
 1500496800, 1,1500000000e+02, 7,2000000000e+01, 2,6000000000e+01, 7,9213000000e+00, 1,5293780000e+04
 1500497100, 1,1955000000e+02, 7,2000000000e+01, 2,6000000000e+01, 7,9593000000e+00, 1,5281820000e+04
 1500497400, 1,1645000000e+02, 7,2000000000e+01, 2,6000000000e+01, 7,9791000000e+00, 1,5108200000e+04
 1500497700, 1,1500000000e+02, 7,2000000000e+01, 2,6000000000e+01, 7,9851000000e+00, 1,5108600000e+04
 1500498000, 1,1500000000e+02, 7,1380000000e+01, 2,6000000000e+01, 7,9951000000e+00, 1,5107890000e+04
 1500498300, 1,1335000000e+02, 6,8460000000e+01, 2,6000000000e+01, 8,0000000000e+00, 1,5414220000e+04
 1500498600, 1,0000000000e+02, 5,6000000000e+01, 2,6000000000e+01, 7,9240000000e+00, 1,2968090000e+04
 1500498900, 1,0000000000e+02, 5,4180000000e+01, 2,6000000000e+01, 7,6829000000e+00, 1,1848780000e+04
 1500499200, 1,0000000000e+02, 5,4000000000e+01, 2,6000000000e+01, 7,5064000000e+00, 1,1847910000e+04
 1500499500, 1,0000000000e+02, 5,4000000000e+01, 2,6000000000e+01, 7,3790000000e+00, 1,1847820000e+04
 1500499800, 1,0000000000e+02, 5,4000000000e+01, 2,6000000000e+01, 7,2954000000e+00, 1,1578020000e+04
 1500500100, 1,0000000000e+02, 5,4000000000e+01, 2,6000000000e+01, 7,2445000000e+00, 1,1848380000e+04
 1500500400, 1,0000000000e+02, 5,4000000000e+01, 2,6000000000e+01, 7,2138000000e+00, 1,1849000000e+04
 1500500700, 1,0000000000e+02, 5,4000000000e+01, 2,6000000000e+01, 7,1734000000e+00, 1,1849620000e+04
 1500501000, 1,0000000000e+02, 5,4000000000e+01, 2,6000000000e+01, 7,1267000000e+00, 1,1849600000e+04
 1500501300, 1,0000000000e+02, 5,4000000000e+01, 2,6000000000e+01, 7,1040000000e+00, 1,1849770000e+04
 1500501600, 1,0465000000e+02, 5,9580000000e+01, 2,6000000000e+01, 7,2455000000e+00, 1,4815740000e+04
 1500501900, 1,1500000000e+02, 7,1780000000e+01, 2,6000000000e+01, 7,4558000000e+00, 1,5110240000e+04
 1500502200, 1,1500000000e+02, 7,0000000000e+01, 2,6000000000e+01, 7,6083000000e+00, 1,5111440000e+04
 1500502500, 1,1500000000e+02, 7,0000000000e+01, 2,6000000000e+01, 7,7261000000e+00, 1,5294150000e+04
 1500502800, 1,1855000000e+02, 7,1420000000e+01, 2,7420000000e+01, 7,8157000000e+00, 1,4979440000e+04
 1500503100, 1,1745000000e+02, 7,2000000000e+01, 2,6980000000e+01, 7,8744000000e+00, 1,5110310000e+04
 1500503400, 1,1500000000e+02, 7,2000000000e+01, 2,6000000000e+01, 7,9084000000e+00, 1,5109490000e+04
 1500503700, 1,1555000000e+02, 7,2000000000e+01, 2,6000000000e+01, 7,9482000000e+00, 1,5295200000e+04
 1500504000, 1,2000000000e+02, 7,2000000000e+01, 2,6000000000e+01, 8,0169000000e+00, 1,5318170000e+04
 1500504300, 1,1545000000e+02, 7,0180000000e+01, 2,6000000000e+01, 8,2735000000e+00, 1,5176200000e+04
 1500504600, 1,1500000000e+02, 7,1420000000e+01, 2,6000000000e+01, 8,4807000000e+00, 1,5177000000e+04
 1500504900, 1,1500000000e+02, 7,2000000000e+01, 2,6000000000e+01, 8,6232000000e+00, 1,5176090000e+04
 1500505200, 1,1500000000e+02, 7,1380000000e+01, 2,6000000000e+01, 8,7259000000e+00, 1,5242780000e+04
 1500505500, 1,1500000000e+02, 7,0220000000e+01, 2,6000000000e+01, 8,8108000000e+00, 1,5467400000e+04
 1500505800, 1,1500000000e+02, 7,2000000000e+01, 2,6000000000e+01, 8,8784000000e+00, 1,5172490000e+04
 1500506100, 1,1500000000e+02, 7,0180000000e+01, 2,6000000000e+01, 8,9328000000e+00, 1,5172510000e+04
 1500506400, 1,1500000000e+02, 7,0000000000e+01, 2,6000000000e+01, 9,0083000000e+00, 1,5193310000e+04
 1500506700, 1,1500000000e+02, 7,1020000000e+01, 2,6000000000e+01, 9,2459000000e+00, 1,5368970000e+04
 1500507000, 1,1500000000e+02, 7,1380000000e+01, 2,6000000000e+01, 9,4807000000e+00, 1,5214680000e+04
 1500507300, 1,1500000000e+02, 7,0000000000e+01, 2,6000000000e+01, 9,6303000000e+00, 1,5229530000e+04
 1500507600, 1,1500000000e+02, 7,0000000000e+01, 2,6000000000e+01, 9,7399000000e+00, 1,5230690000e+04
 1500507900, 1,1500000000e+02, 7,1820000000e+01, 2,6000000000e+01, 9,8157000000e+00, 1,5230070000e+04
 1500508200, 1,1500000000e+02, 7,2000000000e+01, 2,6000000000e+01, 9,8693000000e+00, 1,5230530000e+04
 1500508500, 1,1755000000e+02, 7,3020000000e+01, 2,6000000000e+01, 9,9147000000e+00, 1,5584540000e+04
 1500508800, 1,1845000000e+02, 7,3380000000e+01, 2,6000000000e+01, 9,9891000000e+00, 1,5171420000e+04
 1500509100, 1,1920000000e+02, 7,5360000000e+01, 2,6560000000e+01, 1,0080466667e+01, 1,5407230000e+04
 1500509400, 1,2835000000e+02, 8,2460000000e+01, 2,7780000000e+01, 1,0621866667e+01, 1,5267733333e+04
 1500509700, 1,1500000000e+02, 7,0000000000e+01, 2,6000000000e+01, 1,0749833333e+01, 1,5424000000e+04
 1500510000, 1,1500000000e+02, 7,0000000000e+01, 2,6000000000e+01, 1,0824600000e+01, 1,5257960000e+04
 1500510300, 1,1500000000e+02, 7,0000000000e+01, 2,6000000000e+01, 1,0876400000e+01, 1,5256200000e+04
 1500510600, 1,1500000000e+02, 7,1020000000e+01, 2,6000000000e+01, 1,0916400000e+01, 1,5256620000e+04
 1500510900, 1,1500000000e+02, 7,1380000000e+01, 2,6000000000e+01, 1,0956400000e+01, 1,5258220000e+04
 1500511200, 1,1541666667e+02, 7,0166666667e+01, 2,6166666667e+01, 1,1171033333e+01, 1,5790610000e+04
 1500511500, 1,2000000000e+02, 7,2000000000e+01, 2,8000000000e+01, 1,1695100000e+01, 1,5340620000e+04
 1500511800, 1,1545000000e+02, 7,0180000000e+01, 2,6180000000e+01, 1,1810000000e+01, 1,5312240000e+04
 1500512100, 1,1500000000e+02, 7,1420000000e+01, 2,6000000000e+01, 1,2102100000e+01, 1,5355600000e+04
 1500512400, 1,1500000000e+02, 7,2000000000e+01, 2,6000000000e+01, 1,2380600000e+01, 1,5714420000e+04
 1500512700, 1,1500000000e+02, 7,2000000000e+01, 2,6000000000e+01, 1,2583400000e+01, 1,5356090000e+04
 1500513000, 1,1500000000e+02, 7,2000000000e+01, 2,6000000000e+01, 1,2706100000e+01, 1,5357400000e+04
 1500513300, 1,1500000000e+02, 7,2000000000e+01, 2,6000000000e+01, 1,2795700000e+01, 1,5357600000e+04
 1500513600, 1,1500000000e+02, 7,2000000000e+01, 2,6000000000e+01, 1,2859500000e+01, 1,5357180000e+04
 1500513900, 1,1500000000e+02, 7,2000000000e+01, 2,6000000000e+01, 1,2899300000e+01, 1,5539410000e+04
 1500514200, 1,0735000000e+02, 6,2820000000e+01, 2,6000000000e+01, 1,2850700000e+01, 1,3278980000e+04
 1500514500, 1,0000000000e+02, 5,4000000000e+01, 2,6000000000e+01, 1,3128400000e+01, 1,2479016667e+04
 1500514800, 1,0000000000e+02, 5,4000000000e+01, 2,6000000000e+01, 1,3174500000e+01, 1,2232800000e+04
 1500515100, 1,0000000000e+02, 5,4000000000e+01, 2,6000000000e+01, 1,3134700000e+01, 1,2233090000e+04
 1500515400, 1,0000000000e+02, 5,4000000000e+01, 2,6000000000e+01, 1,3116900000e+01, 1,2031510000e+04
 1500515700, 1,0000000000e+02, 5,4000000000e+01, 2,6000000000e+01, 1,3097800000e+01, 1,2232180000e+04
 1500516000, 1,0000000000e+02, 5,4000000000e+01, 2,6000000000e+01, 1,3082900000e+01, 1,2231420000e+04
 1500516300, 1,0000000000e+02, 5,4620000000e+01, 2,6000000000e+01, 1,3073800000e+01, 1,2231600000e+04
 1500516600, 1,0000000000e+02, 5,5780000000e+01, 2,6000000000e+01, 1,3054900000e+01, 1,2230000000e+04
 1500516900, 1,0000000000e+02, 5,4000000000e+01, 2,6000000000e+01, 1,3050000000e+01, 1,2231310000e+04
 1500517200, 1,0000000000e+02, 5,5820000000e+01, 2,6000000000e+01, 1,3050000000e+01, 1,2231350000e+04
 1500517500, 1,0000000000e+02, 5,4580000000e+01, 2,6000000000e+01, 1,3050000000e+01, 1,2234340000e+04
 1500517800, 1,0000000000e+02, 5,4000000000e+01, 2,6000000000e+01, 1,3060200000e+01, 1,2233800000e+04
 1500518100, 1,0000000000e+02, 5,4000000000e+01, 2,6000000000e+01, 1,3072500000e+01, 1,1372430000e+04
 1500518400, 9,5600000000e+01, 5,1360000000e+01, 2,4460000000e+01, 1,2887400000e+01, 8,9688200000e+03
 1500518700, 6,0000000000e+01, 3,0000000000e+01, 1,2000000000e+01, 1,2668200000e+01, 8,9686000000e+03
 1500519000, 5,5450000000e+01, 2,6360000000e+01, 1,2000000000e+01, 1,2497500000e+01, 8,9694000000e+03
 1500519300, 5,8550000000e+01, 2,8840000000e+01, 1,3420000000e+01, 1,2371900000e+01, 8,9698000000e+03
 1500519600, 6,0000000000e+01, 2,7960000000e+01, 1,4000000000e+01, 1,2272100000e+01, 8,9701100000e+03
 1500519900, 6,0000000000e+01, 2,6620000000e+01, 1,4000000000e+01, 1,2208700000e+01, 8,9720200000e+03
 1500520200, 6,0550000000e+01, 2,8440000000e+01, 1,4220000000e+01, 1,2170500000e+01, 8,9718000000e+03
 1500520500, 6,5000000000e+01, 3,2000000000e+01, 1,6000000000e+01, 1,2130700000e+01, 8,9728000000e+03
 1500520800, 6,5000000000e+01, 3,0180000000e+01, 1,7820000000e+01, 1,2105800000e+01, 8,9710000000e+03
 1500521100, 6,1450000000e+01, 2,7160000000e+01, 1,8000000000e+01, 1,2085800000e+01, 8,9716000000e+03
 1500521400, 7,7850000000e+01, 3,9260000000e+01, 2,2080000000e+01, 1,2172200000e+01, 1,1286510000e+04
 1500521700, 1,0120000000e+02, 5,8200000000e+01, 2,6000000000e+01, 1,2460700000e+01, 1,3870010000e+04
 1500522000, 1,1500000000e+02, 7,2000000000e+01, 2,6000000000e+01, 1,2864700000e+01, 1,5442160000e+04
 1500522300, 1,1500000000e+02, 7,2000000000e+01, 2,6000000000e+01, 1,3174600000e+01, 1,5441840000e+04
 1500522600, 1,1500000000e+02, 7,0180000000e+01, 2,6000000000e+01, 1,3415100000e+01, 1,5441270000e+04
 1500522900, 1,1500000000e+02, 7,1420000000e+01, 2,6000000000e+01, 1,3578300000e+01, 1,5441510000e+04
 1500523200, 1,1500000000e+02, 7,0980000000e+01, 2,6000000000e+01, 1,3693000000e+01, 1,5441800000e+04
 1500523500, 1,1500000000e+02, 7,0000000000e+01, 2,6000000000e+01, 1,3779700000e+01, 1,5442110000e+04
 1500523800, 1,1555000000e+02, 7,0220000000e+01, 2,6000000000e+01, 1,3838600000e+01, 1,5623240000e+04
 1500524100, 1,2000000000e+02, 7,2000000000e+01, 2,6000000000e+01, 1,3809300000e+01, 1,3284470000e+04
 1500524400, 1,0180000000e+02, 5,5620000000e+01, 2,6000000000e+01, 1,3610400000e+01, 1,2163200000e+04
 1500524700, 1,0000000000e+02, 5,4000000000e+01, 2,6000000000e+01, 1,3485900000e+01, 1,2319530000e+04
 1500525000, 1,0000000000e+02, 5,4000000000e+01, 2,6000000000e+01, 1,3371900000e+01, 1,2266540000e+04
 1500525300, 1,0000000000e+02, 5,4000000000e+01, 2,6000000000e+01, 1,3605966667e+01, 1,2306310000e+04
 1500525600, 1,0000000000e+02, 5,4000000000e+01, 2,6000000000e+01, 1,3813700000e+01, 1,2087020000e+04
 1500525900, 1,0000000000e+02, 5,4000000000e+01, 2,6000000000e+01, 1,3876600000e+01, 1,2086070000e+04
 1500526200, 1,0000000000e+02, 5,4000000000e+01, 2,6000000000e+01, 1,3937500000e+01, 1,2086600000e+04
 1500526500, 1,0000000000e+02, 5,4000000000e+01, 2,6000000000e+01, 1,3960000000e+01, 1,2086800000e+04
 1500526800, 1,0000000000e+02, 5,4000000000e+01, 2,6000000000e+01, 1,3960000000e+01, 1,2084420000e+04
 1500527100, 1,0000000000e+02, 5,4000000000e+01, 2,6000000000e+01, 1,3968200000e+01, 1,2062280000e+04
 1500527400, 1,0000000000e+02, 5,4000000000e+01, 2,6000000000e+01, 1,3980000000e+01, 1,2053510000e+04
 1500527700, 1,0000000000e+02, 5,4000000000e+01, 2,6000000000e+01, 1,4123166667e+01, 1,0988143333e+04
 1500528000, 7,7250000000e+01, 3,7620000000e+01, 1,8720000000e+01, 1,4381400000e+01, 9,0932700000e+03
 1500528300, 7,1450000000e+01, 3,3160000000e+01, 1,9420000000e+01, 1,4311200000e+01, 9,0901800000e+03
 1500528600, 7,0000000000e+01, 3,2000000000e+01, 1,8980000000e+01, 1,4237400000e+01, 9,0894200000e+03
 1500528900, 7,0000000000e+01, 3,2620000000e+01, 1,8000000000e+01, 1,4187600000e+01, 9,0903800000e+03
 1500529200, 7,0000000000e+01, 3,4000000000e+01, 1,8220000000e+01, 1,4145600000e+01, 9,0900000000e+03
 1500529500, 7,0000000000e+01, 3,4000000000e+01, 2,0000000000e+01, 1,4110700000e+01, 9,0885100000e+03
 1500529800, 7,0000000000e+01, 3,2180000000e+01, 1,8180000000e+01, 1,4089800000e+01, 9,0882000000e+03
 1500530100, 6,6450000000e+01, 3,2000000000e+01, 1,6580000000e+01, 1,4069800000e+01, 9,0709400000e+03
 1500530400, 7,2150000000e+01, 3,4860000000e+01, 1,7906666667e+01, 1,4394400000e+01, 9,3280833333e+03
 1500530700, 7,2250000000e+01, 3,4280000000e+01, 1,7520000000e+01, 1,4770100000e+01, 9,1448600000e+03
 1500531000, 5,5550000000e+01, 2,6000000000e+01, 1,2440000000e+01, 1,4861700000e+01, 9,1435100000e+03
 1500531300, 6,0000000000e+01, 2,6000000000e+01, 1,6000000000e+01, 1,5033900000e+01, 1,0472370000e+04
 1500531600, 9,6400000000e+01, 4,9660000000e+01, 2,5100000000e+01, 1,5306400000e+01, 1,2330800000e+04
 1500531900, 1,0000000000e+02, 5,3420000000e+01, 2,6000000000e+01, 1,5520400000e+01, 1,2777530000e+04
 1500532200, 1,0765000000e+02, 6,3180000000e+01, 2,6000000000e+01, 1,5856700000e+01, 1,5533420000e+04
 1500532500, 1,1500000000e+02, 7,2000000000e+01, 2,6000000000e+01, 1,6177700000e+01, 1,5532940000e+04
 1500532800, 1,1500000000e+02, 7,1780000000e+01, 2,6000000000e+01, 1,6415100000e+01, 1,5532220000e+04
 1500533100, 1,1500000000e+02, 7,0000000000e+01, 2,6000000000e+01, 1,6582300000e+01, 1,5532800000e+04
 1500533400, 1,1500000000e+02, 7,0000000000e+01, 2,6000000000e+01, 1,6700100000e+01, 1,5532380000e+04
 1500533700, 1,1500000000e+02, 7,1420000000e+01, 2,6000000000e+01, 1,6794800000e+01, 1,5529580000e+04
 1500534000, 1,1755000000e+02, 7,2000000000e+01, 2,6000000000e+01, 1,6870800000e+01, 1,5530020000e+04
 1500534300, 1,1845000000e+02, 7,2000000000e+01, 2,6000000000e+01, 1,6914500000e+01, 1,4751460000e+04
 1500534600, 1,1280000000e+02, 6,9800000000e+01, 2,6000000000e+01, 1,6738700000e+01, 1,2257090000e+04
 1500534900, 9,5000000000e+01, 5,2000000000e+01, 2,6000000000e+01, 1,6538200000e+01, 1,2136230000e+04
 1500535200, 6,7700000000e+01, 3,1980000000e+01, 1,6900000000e+01, 1,6245100000e+01, 8,9908000000e+03
 1500535500, 6,5000000000e+01, 3,0000000000e+01, 1,4586666667e+01, 1,5909400000e+01, 8,9905066667e+03
 1500535800, 6,2450000000e+01, 2,7960000000e+01, 1,4000000000e+01, 1,5668900000e+01, 8,9891100000e+03
 1500536100, 6,0000000000e+01, 2,6620000000e+01, 1,4000000000e+01, 1,5493500000e+01, 8,9896000000e+03
 1500536400, 6,0550000000e+01, 2,8220000000e+01, 1,4440000000e+01, 1,5379200000e+01, 8,9899100000e+03
 1500536700, 6,5000000000e+01, 3,0000000000e+01, 1,8000000000e+01, 1,5304300000e+01, 8,9900000000e+03
 1500537000, 6,9550000000e+01, 3,0000000000e+01, 1,9820000000e+01, 1,5244500000e+01, 8,9904000000e+03
 1500537300, 6,2900000000e+01, 2,8580000000e+01, 1,5740000000e+01, 1,5207600000e+01, 8,9900000000e+03
 1500537600, 6,2550000000e+01, 2,6980000000e+01, 1,6040000000e+01, 1,5154500000e+01, 8,9908000000e+03
 1500537900, 6,3450000000e+01, 2,6000000000e+01, 1,6760000000e+01, 1,5130000000e+01, 8,9902000000e+03
 1500538200, 6,4400000000e+01, 2,9080000000e+01, 1,5320000000e+01, 1,5238200000e+01, 1,1939270000e+04
 1500538500, 1,0000000000e+02, 5,4000000000e+01, 2,6000000000e+01, 1,5448900000e+01, 1,2248600000e+04
 1500538800, 1,0000000000e+02, 5,5820000000e+01, 2,6000000000e+01, 1,5612300000e+01, 1,2247730000e+04
 1500539100, 1,0000000000e+02, 5,6000000000e+01, 2,6000000000e+01, 1,5769500000e+01, 1,3910480000e+04
 1500539400, 1,1020000000e+02, 6,5180000000e+01, 2,6000000000e+01, 1,6086100000e+01, 1,5516580000e+04
 1500539700, 1,1845000000e+02, 7,3380000000e+01, 2,6000000000e+01, 1,6346066667e+01, 1,5516686667e+04
 1500540000, 1,1500000000e+02, 7,2000000000e+01, 2,6000000000e+01, 1,6540700000e+01, 1,5515910000e+04
 1500540300, 1,1500000000e+02, 7,2000000000e+01, 2,6000000000e+01, 1,6673000000e+01, 1,5515690000e+04
 1500540600, 1,1500000000e+02, 7,2000000000e+01, 2,6000000000e+01, 1,6775000000e+01, 1,5877970000e+04
 1500540900, 1,1500000000e+02, 7,2000000000e+01, 2,6000000000e+01, 1,6849500000e+01, 1,5520870000e+04
 1500541200, 1,1755000000e+02, 7,2000000000e+01, 2,6000000000e+01, 1,6896600000e+01, 1,5521310000e+04
 1500541500, 1,1845000000e+02, 7,2000000000e+01, 2,6000000000e+01, 1,6949300000e+01, 1,5521820000e+04
 1500541800, 1,1500000000e+02, 7,2000000000e+01, 2,6000000000e+01, 1,6967100000e+01, 1,5586250000e+04
 1500542100, 1,1500000000e+02, 7,2000000000e+01, 2,6000000000e+01, 1,6939700000e+01, 1,4146450000e+04
 1500542400, 1,0135000000e+02, 5,5620000000e+01, 2,6000000000e+01, 1,6716700000e+01, 1,2253110000e+04
 1500542700, 9,6450000000e+01, 5,2580000000e+01, 2,6000000000e+01, 1,6527500000e+01, 1,2252380000e+04
 1500543000, 9,7550000000e+01, 5,3020000000e+01, 2,6000000000e+01, 1,6391700000e+01, 1,2251200000e+04
 1500543300, 1,0000000000e+02, 5,4620000000e+01, 2,6000000000e+01, 1,6299400000e+01, 1,2296700000e+04
 1500543600, 9,8750000000e+01, 5,4500000000e+01, 2,5833333333e+01, 1,6337066667e+01, 1,0358213333e+04
 1500543900, 8,5000000000e+01, 3,8000000000e+01, 2,4000000000e+01, 1,6543000000e+01, 9,2049400000e+03
 1500544200, 7,1350000000e+01, 3,6180000000e+01, 1,8540000000e+01, 1,6437900000e+01, 9,1858200000e+03
 1500544500, 6,6450000000e+01, 3,1740000000e+01, 1,5160000000e+01, 1,6330100000e+01, 9,1849100000e+03
 1500544800, 6,7550000000e+01, 3,2040000000e+01, 1,4000000000e+01, 1,6249400000e+01, 9,1856000000e+03
 1500545100, 6,8450000000e+01, 3,2140000000e+01, 1,5860000000e+01, 1,6204500000e+01, 9,1848000000e+03
 1500545400, 6,3900000000e+01, 2,7780000000e+01, 1,9120000000e+01, 1,6159600000e+01, 9,1850900000e+03
 1500545700, 5,5000000000e+01, 2,6000000000e+01, 1,2000000000e+01, 1,6183600000e+01, 1,1043880000e+04
 1500546000, 9,5950000000e+01, 5,3300000000e+01, 2,4740000000e+01, 1,6411100000e+01, 1,2370890000e+04
 1500546300, 1,0000000000e+02, 5,4580000000e+01, 2,6000000000e+01, 1,6603600000e+01, 1,2371220000e+04
 1500546600, 1,0000000000e+02, 5,5020000000e+01, 2,6000000000e+01, 1,6742300000e+01, 1,2372400000e+04
 1500546900, 1,0000000000e+02, 5,5380000000e+01, 2,6000000000e+01, 1,6844500000e+01, 1,3292050000e+04
 1500547200, 1,0165000000e+02, 5,5760000000e+01, 2,6000000000e+01, 1,7107000000e+01, 1,5447040000e+04
 1500547500, 1,1500000000e+02, 7,0000000000e+01, 2,6000000000e+01, 1,7470600000e+01, 1,5495340000e+04
 1500547800, 1,1500000000e+02, 7,1820000000e+01, 2,6000000000e+01, 1,8203166667e+01, 1,5791610000e+04
 1500548100, 1,1855000000e+02, 7,2000000000e+01, 2,6000000000e+01, 1,8939600000e+01, 1,5563190000e+04
 1500548400, 1,1745000000e+02, 7,0980000000e+01, 2,6000000000e+01, 1,9236600000e+01, 1,5621740000e+04
 1500548700, 1,1035000000e+02, 6,5660000000e+01, 2,6000000000e+01, 1,9413300000e+01, 1,4169910000e+04
 1500549000, 1,0000000000e+02, 5,5780000000e+01, 2,6000000000e+01, 1,9348100000e+01, 1,2278090000e+04
 1500549300, 1,0000000000e+02, 5,4000000000e+01, 2,6000000000e+01, 1,9266300000e+01, 1,2277890000e+04
 1500549600, 1,0000000000e+02, 5,5820000000e+01, 2,6000000000e+01, 1,9203900000e+01, 1,1505690000e+04
 1500549900, 7,8700000000e+01, 4,0380000000e+01, 2,0320000000e+01, 1,8969333333e+01, 9,0173233333e+03
 1500550200, 7,7650000000e+01, 3,7060000000e+01, 2,2080000000e+01, 1,8715800000e+01, 9,0188000000e+03
 1500550500, 7,8800000000e+01, 3,8140000000e+01, 2,2280000000e+01, 1,8538400000e+01, 9,0198900000e+03
 1500550800, 6,8866666667e+01, 3,5933333333e+01, 1,5353333333e+01, 1,8461866667e+01, 9,2681866667e+03
 1500551100, 1,0500000000e+02, 5,4000000000e+01, 2,8000000000e+01, 1,8942400000e+01, 9,6319700000e+03
 1500551400, 1,0500000000e+02, 5,5740000000e+01, 2,6260000000e+01, 2,0333800000e+01, 9,6159266667e+03
 1500551700, 1,2985000000e+02, 8,2980000000e+01, 2,6000000000e+01, 2,1373700000e+01, 9,9097700000e+03
 1500552000, 1,4000000000e+02, 9,4000000000e+01, 2,6000000000e+01, 2,2107100000e+01, 1,0137310000e+04
 1500552300, 1,4000000000e+02, 9,3380000000e+01, 2,6000000000e+01, 2,2646800000e+01, 1,0293770000e+04
 1500552600, 1,4000000000e+02, 9,2220000000e+01, 2,6000000000e+01, 2,3044400000e+01, 1,0432893333e+04
 1500552900, 1,4000000000e+02, 9,4000000000e+01, 2,6000000000e+01, 2,3331500000e+01, 1,0444210000e+04
 1500553200, 1,3545000000e+02, 9,0360000000e+01, 2,6000000000e+01, 2,3525600000e+01, 1,0447400000e+04
 1500553500, 1,3855000000e+02, 9,1420000000e+01, 2,6000000000e+01, 2,3658100000e+01, 1,0447580000e+04
 1500553800, 1,3745000000e+02, 8,9960000000e+01, 2,6000000000e+01, 2,3756800000e+01, 1,0445910000e+04
 1500554100, 1,3655000000e+02, 8,9860000000e+01, 2,6000000000e+01, 2,3825700000e+01, 1,0446180000e+04
 1500554400, 1,4000000000e+02, 9,3780000000e+01, 2,6000000000e+01, 2,3875300000e+01, 1,0446730000e+04
 1500554700, 1,4000000000e+02, 9,2000000000e+01, 2,6000000000e+01, 2,3917500000e+01, 1,0447000000e+04
 1500555000, 1,4000000000e+02, 9,0180000000e+01, 2,6000000000e+01, 2,3952400000e+01, 1,0450330000e+04
 1500555300, 1,3645000000e+02, 9,0000000000e+01, 2,6000000000e+01, 2,3985100000e+01, 1,0452840000e+04
 1500555600, 1,3755000000e+02, 9,0000000000e+01, 2,6000000000e+01, 2,4021700000e+01, 1,0457130000e+04
 1500555900, 1,4146666667e+02, 9,1760000000e+01, 2,6586666667e+01, 2,4126366667e+01, 1,0504180000e+04
 1500556200, 1,4161666667e+02, 9,2133333333e+01, 2,8386666667e+01, 2,4394400000e+01, 1,0520070000e+04
 1500556500, 1,1000000000e+02, 5,6000000000e+01, 3,2000000000e+01, 2,4639066667e+01, 1,0403390000e+04
 1500556800, 1,4546666667e+02, 9,1466666667e+01, 3,2000000000e+01, 2,4777433333e+01, 1,0334136667e+04
 1500557100, 1,4296666667e+02, 9,1780000000e+01, 3,0593333333e+01, 2,4766966667e+01, 1,0189226667e+04
 1500557400, 1,4000000000e+02, 9,2040000000e+01, 2,8980000000e+01, 2,4717900000e+01, 1,0244140000e+04
 1500557700, 1,3845000000e+02, 9,2760000000e+01, 2,7380000000e+01, 2,4569300000e+01, 1,0284120000e+04
 1500558000, 1,3555000000e+02, 9,0220000000e+01, 2,6000000000e+01, 2,4417700000e+01, 1,0330870000e+04
 1500558300, 1,4000000000e+02, 9,2000000000e+01, 2,6000000000e+01, 2,4309000000e+01, 1,0383870000e+04
 1500558600, 1,3545000000e+02, 9,0180000000e+01, 2,6000000000e+01, 2,4227400000e+01, 1,0394530000e+04
 1500558900, 1,3500000000e+02, 9,0000000000e+01, 2,6000000000e+01, 2,4174500000e+01, 1,0397910000e+04
 1500559200, 1,3755000000e+02, 9,1020000000e+01, 2,6000000000e+01, 2,4134700000e+01, 1,0396380000e+04
 1500559500, 1,4000000000e+02, 9,2000000000e+01, 2,6000000000e+01, 2,4112900000e+01, 1,0397910000e+04
 1500559800, 1,4000000000e+02, 9,2000000000e+01, 2,6000000000e+01, 2,4092700000e+01, 1,0395600000e+04
 1500560100, 1,4000000000e+02, 9,2000000000e+01, 2,6000000000e+01, 2,4089100000e+01, 1,0396290000e+04
 1500560400, 1,3545000000e+02, 9,0180000000e+01, 2,6000000000e+01, 2,4102400000e+01, 1,0399940000e+04
 1500560700, 1,3855000000e+02, 9,0000000000e+01, 2,7420000000e+01, 2,4167500000e+01, 1,0409340000e+04
 1500561000, 1,3490000000e+02, 8,6940000000e+01, 2,8000000000e+01, 2,4167600000e+01, 1,0319900000e+04
 1500561300, 1,3155000000e+02, 8,5240000000e+01, 2,8000000000e+01, 2,4032400000e+01, 1,0133000000e+04
 1500561600, 1,3453333333e+02, 8,7253333333e+01, 2,8000000000e+01, 2,3853400000e+01, 9,9481633333e+03
 1500561900, 1,3000000000e+02, 8,0000000000e+01, 2,8000000000e+01, 2,3529766667e+01, 9,8259600000e+03
 1500562200, 1,2545000000e+02, 7,8180000000e+01, 2,8000000000e+01, 2,3042200000e+01, 9,5259300000e+03
 1500562500, 1,0725000000e+02, 6,0960000000e+01, 2,6580000000e+01, 2,2400800000e+01, 9,3714500000e+03
 1500562800, 1,0000000000e+02, 5,4000000000e+01, 2,7020000000e+01, 2,1743100000e+01, 9,2597600000e+03
 1500563100, 9,3800000000e+01, 4,8420000000e+01, 2,6760000000e+01, 2,1107400000e+01, 9,0466700000e+03
 1500563400, 8,0000000000e+01, 3,6220000000e+01, 2,4220000000e+01, 2,0539200000e+01, 9,0462000000e+03
 1500563700, 8,0000000000e+01, 3,8000000000e+01, 2,6000000000e+01, 2,0132600000e+01, 9,0474200000e+03
 1500564000, 8,4550000000e+01, 3,8000000000e+01, 2,6000000000e+01, 1,9865700000e+01, 1,0056320000e+04
 1500564300, 9,5650000000e+01, 5,0780000000e+01, 2,6000000000e+01, 1,9871500000e+01, 1,2299890000e+04
 1500564600, 1,0000000000e+02, 5,6000000000e+01, 2,6000000000e+01, 1,9918600000e+01, 1,2304330000e+04
 1500564900, 1,0000000000e+02, 5,6000000000e+01, 2,6000000000e+01, 2,0132300000e+01, 1,2348260000e+04
 1500565200, 1,0000000000e+02, 5,6000000000e+01, 2,6000000000e+01, 2,0415300000e+01, 1,2349000000e+04
 1500565500, 1,0000000000e+02, 5,6000000000e+01, 2,6000000000e+01, 2,0602500000e+01, 1,2349000000e+04
 1500565800, 1,0000000000e+02, 5,6000000000e+01, 2,6000000000e+01, 2,0848500000e+01, 1,4663580000e+04
 1500566100, 1,1420000000e+02, 6,8780000000e+01, 2,6000000000e+01, 2,1166800000e+01, 1,5607600000e+04
 1500566400, 1,2000000000e+02, 7,4000000000e+01, 2,6000000000e+01, 2,1424200000e+01, 1,5607400000e+04
 1500566700, 1,1380000000e+02, 6,8420000000e+01, 2,6000000000e+01, 2,1594500000e+01, 1,6033820000e+04
 1500567000, 1,0000000000e+02, 5,6220000000e+01, 2,6000000000e+01, 2,1658100000e+01, 1,3468200000e+04
 1500567300, 1,0000000000e+02, 5,8000000000e+01, 2,6000000000e+01, 2,1501500000e+01, 1,2349200000e+04
 1500567600, 1,0000000000e+02, 5,4360000000e+01, 2,6000000000e+01, 2,1373000000e+01, 1,2348180000e+04
 1500567900, 1,0000000000e+02, 5,4000000000e+01, 2,6000000000e+01, 2,1292300000e+01, 1,2347110000e+04
 1500568200, 1,0000000000e+02, 5,5020000000e+01, 2,6000000000e+01, 2,1243600000e+01, 1,2347800000e+04
 1500568500, 8,7600000000e+01, 4,7320000000e+01, 2,2280000000e+01, 2,1195600000e+01, 1,2568600000e+04
 1500568800, 6,1100000000e+01, 2,8220000000e+01, 1,4660000000e+01, 2,1120200000e+01, 9,7892800000e+03
 1500569100, 7,0000000000e+01, 3,0000000000e+01, 2,0000000000e+01, 2,1253933333e+01, 8,9961400000e+03
 1500569400, 7,0000000000e+01, 3,1820000000e+01, 2,0000000000e+01, 2,1253200000e+01, 8,8636100000e+03
 1500569700, 8,0650000000e+01, 3,7680000000e+01, 2,4260000000e+01, 2,1197600000e+01, 8,5360400000e+03
 1500570000, 8,2450000000e+01, 3,8980000000e+01, 2,3960000000e+01, 2,1159600000e+01, 8,5144200000e+03
 1500570300, 7,5350000000e+01, 3,6140000000e+01, 1,9520000000e+01, 2,1132900000e+01, 8,5150900000e+03
 1500570600, 6,5550000000e+01, 3,2220000000e+01, 1,4660000000e+01, 2,1112700000e+01, 8,5151100000e+03
 1500570900, 7,0000000000e+01, 3,4000000000e+01, 2,0000000000e+01, 2,1090900000e+01, 8,5152000000e+03
 1500571200, 7,9100000000e+01, 3,7640000000e+01, 2,5460000000e+01, 2,1074700000e+01, 8,5155800000e+03
 1500571500, 7,6450000000e+01, 3,8000000000e+01, 2,1740000000e+01, 2,1060000000e+01, 8,5166200000e+03
 1500571800, 6,9900000000e+01, 3,3920000000e+01, 1,8980000000e+01, 2,1211433333e+01, 9,0635433333e+03
 1500572100, 7,2750000000e+01, 3,3100000000e+01, 1,9860000000e+01, 2,2124666667e+01, 9,8432433333e+03
 1500572400, 8,8900000000e+01, 3,9560000000e+01, 2,4220000000e+01, 2,2485800000e+01, 9,4522000000e+03
 1500572700, 8,0000000000e+01, 3,6000000000e+01, 2,6000000000e+01, 2,2638300000e+01, 9,4532000000e+03
 1500573000, 7,0900000000e+01, 3,6000000000e+01, 1,6900000000e+01, 2,2751900000e+01, 9,4538000000e+03
 1500573300, 6,6450000000e+01, 3,3160000000e+01, 1,6000000000e+01, 2,2820600000e+01, 9,4532000000e+03
 1500573600, 7,2650000000e+01, 3,6080000000e+01, 1,8040000000e+01, 2,2884600000e+01, 9,4535100000e+03
 1500573900, 7,8450000000e+01, 3,8760000000e+01, 2,0620000000e+01, 2,2926400000e+01, 9,4546000000e+03
 1500574200, 7,5000000000e+01, 3,5560000000e+01, 2,2000000000e+01, 2,2953100000e+01, 9,4544000000e+03
 1500574500, 7,5000000000e+01, 3,2000000000e+01, 2,2000000000e+01, 2,2975300000e+01, 9,4539100000e+03
 1500574800, 8,4100000000e+01, 3,7460000000e+01, 2,5640000000e+01, 2,3000200000e+01, 9,4538900000e+03
 1500575100, 8,1450000000e+01, 3,8000000000e+01, 2,4580000000e+01, 2,3015100000e+01, 9,4535100000e+03
 1500575400, 7,7450000000e+01, 3,5960000000e+01, 2,1960000000e+01, 2,3030200000e+01, 9,4542200000e+03
 1500575700, 7,5000000000e+01, 3,4000000000e+01, 2,0000000000e+01, 2,3047100000e+01, 9,4565100000e+03
 1500576000, 7,6100000000e+01, 3,4660000000e+01, 2,0660000000e+01, 2,3051100000e+01, 9,4570000000e+03
 1500576300, 8,5000000000e+01, 4,0000000000e+01, 2,6000000000e+01, 2,3050900000e+01, 9,4557100000e+03
 1500576600, 8,0450000000e+01, 3,6360000000e+01, 2,4180000000e+01, 2,3052000000e+01, 9,4581300000e+03
 1500576900, 7,6450000000e+01, 3,8840000000e+01, 1,9740000000e+01, 2,3053100000e+01, 9,4586200000e+03
 1500577200, 7,5000000000e+01, 3,7960000000e+01, 1,9020000000e+01, 2,3022600000e+01, 9,4666500000e+03
 1500577500, 7,1900000000e+01, 3,4760000000e+01, 1,8140000000e+01, 2,2786500000e+01, 9,4723200000e+03
 1500577800, 6,5550000000e+01, 3,2000000000e+01, 1,4880000000e+01, 2,2592600000e+01, 9,4723300000e+03
 1500578100, 7,0000000000e+01, 3,2000000000e+01, 2,2000000000e+01, 2,2468800000e+01, 9,4734900000e+03
 1500578400, 7,9100000000e+01, 3,7460000000e+01, 2,5640000000e+01, 2,2361200000e+01, 9,4732000000e+03
 1500578700, 8,0000000000e+01, 3,8000000000e+01, 2,4580000000e+01, 2,2292300000e+01, 9,4732900000e+03
 1500579000, 7,2350000000e+01, 3,4940000000e+01, 1,8900000000e+01, 2,2236500000e+01, 9,4734000000e+03
 1500579300, 6,6550000000e+01, 3,2000000000e+01, 1,5240000000e+01, 2,2193600000e+01, 9,4736200000e+03
 1500579600, 7,1100000000e+01, 3,2660000000e+01, 1,8880000000e+01, 2,2144500000e+01, 9,4740000000e+03
 1500579900, 8,0000000000e+01, 3,8000000000e+01, 2,6000000000e+01, 2,2116900000e+01, 9,4746900000e+03
 1500580200, 8,0000000000e+01, 3,8000000000e+01, 2,2360000000e+01, 2,2095800000e+01, 9,4740000000e+03
 1500580500, 6,5800000000e+01, 3,0900000000e+01, 1,6320000000e+01, 2,2079800000e+01, 9,4753100000e+03
 1500580800, 6,7650000000e+01, 3,3100000000e+01, 1,6040000000e+01, 2,2088200000e+01, 9,4738900000e+03
 1500581100, 7,6550000000e+01, 3,8000000000e+01, 1,9240000000e+01, 2,2090000000e+01, 9,4739100000e+03
 1500581400, 7,8350000000e+01, 3,7780000000e+01, 2,0900000000e+01, 2,2086900000e+01, 9,4736900000e+03
 1500581700, 6,5000000000e+01, 3,6000000000e+01, 1,2000000000e+01, 2,2065800000e+01, 9,4743100000e+03
 1500582000, 6,9550000000e+01, 2,8720000000e+01, 1,9280000000e+01, 2,2050900000e+01, 9,4742000000e+03
 1500582300, 7,7100000000e+01, 3,5100000000e+01, 2,2840000000e+01, 2,2050000000e+01, 9,4738900000e+03
 1500582600, 8,0000000000e+01, 3,8000000000e+01, 2,1960000000e+01, 2,2050000000e+01, 9,4746200000e+03
 1500582900, 7,3800000000e+01, 3,6140000000e+01, 1,7520000000e+01, 2,2059100000e+01, 9,4760000000e+03
 1500583200, 6,0550000000e+01, 3,1780000000e+01, 1,2660000000e+01, 2,2050900000e+01, 9,4752900000e+03
 1500583500, 6,5000000000e+01, 3,0000000000e+01, 1,8000000000e+01, 2,2050000000e+01, 9,4736000000e+03
 1500583800, 8,3200000000e+01, 3,7280000000e+01, 2,5280000000e+01, 2,2058000000e+01, 9,4743100000e+03
 1500584100, 7,4350000000e+01, 3,2320000000e+01, 2,3160000000e+01, 2,2062200000e+01, 9,4731800000e+03
 1500584400, 6,7450000000e+01, 3,0000000000e+01, 1,7920000000e+01, 2,2074000000e+01, 9,4741100000e+03
 1500584700, 6,8100000000e+01, 3,1860000000e+01, 1,6480000000e+01, 2,2064000000e+01, 9,4746200000e+03
 1500585000, 7,7750000000e+01, 3,8200000000e+01, 2,2440000000e+01, 2,2095200000e+01, 1,0466920000e+04
 1500585300, 1,0000000000e+02, 5,6000000000e+01, 2,6000000000e+01, 2,2323500000e+01, 1,2669420000e+04
 1500585600, 1,0000000000e+02, 5,4180000000e+01, 2,6000000000e+01, 2,2525600000e+01, 1,2668980000e+04
 1500585900, 1,0000000000e+02, 5,5420000000e+01, 2,6000000000e+01, 2,2659200000e+01, 1,2669730000e+04
 1500586200, 1,0000000000e+02, 5,6000000000e+01, 2,6000000000e+01, 2,2771000000e+01, 1,2671290000e+04
 1500586500, 1,0000000000e+02, 5,6000000000e+01, 2,6000000000e+01, 2,2866800000e+01, 1,2669600000e+04
 1500586800, 1,0000000000e+02, 5,5780000000e+01, 2,6000000000e+01, 2,2934600000e+01, 1,2669490000e+04
 1500587100, 1,0000000000e+02, 5,4000000000e+01, 2,6000000000e+01, 2,2970200000e+01, 1,2670020000e+04
 1500587400, 1,0000000000e+02, 5,5820000000e+01, 2,6000000000e+01, 2,2981100000e+01, 1,2670380000e+04
 1500587700, 1,0000000000e+02, 5,6000000000e+01, 2,6000000000e+01, 2,3023500000e+01, 1,2734510000e+04
 1500588000, 9,4900000000e+01, 5,0900000000e+01, 2,6000000000e+01, 2,3096200000e+01, 1,0806056667e+04
 1500588300, 8,6900000000e+01, 4,2900000000e+01, 2,5380000000e+01, 2,3579533333e+01, 9,7120900000e+03
 1500588600, 8,0550000000e+01, 3,6220000000e+01, 2,4220000000e+01, 2,3506600000e+01, 9,4678000000e+03
 1500588900, 8,5000000000e+01, 3,8000000000e+01, 2,6000000000e+01, 2,3393000000e+01, 9,4678700000e+03
 1500589200, 8,0450000000e+01, 3,8000000000e+01, 2,2360000000e+01, 2,3308300000e+01, 9,4682200000e+03
 1500589500, 7,6450000000e+01, 3,6580000000e+01, 1,9160000000e+01, 2,3237400000e+01, 9,4660700000e+03
 1500589800, 6,7350000000e+01, 3,0900000000e+01, 1,5960000000e+01, 2,3201800000e+01, 9,4663500000e+03
 1500590100, 6,4650000000e+01, 2,9100000000e+01, 1,5860000000e+01, 2,3189700000e+01, 9,4993000000e+03
 1500590400, 7,5000000000e+01, 3,5560000000e+01, 2,0440000000e+01, 2,3559400000e+01, 9,6806800000e+03
 1500590700, 7,5000000000e+01, 3,2000000000e+01, 2,4000000000e+01, 2,3986500000e+01, 9,6070000000e+03
 1500591000, 8,4100000000e+01, 3,7460000000e+01, 2,5820000000e+01, 2,4285500000e+01, 9,6072000000e+03
 1500591300, 7,4350000000e+01, 3,2320000000e+01, 2,1740000000e+01, 2,4497800000e+01, 9,6070000000e+03
 1500591600, 7,5100000000e+01, 3,3060000000e+01, 2,3060000000e+01, 2,4649200000e+01, 9,6073100000e+03
 1500591900, 7,8450000000e+01, 3,5380000000e+01, 2,4140000000e+01, 2,4751000000e+01, 9,6072400000e+03
 1500592200, 7,6100000000e+01, 3,4440000000e+01, 2,0660000000e+01, 2,4830566667e+01, 9,6073600000e+03
 1500592500, 8,5000000000e+01, 3,8000000000e+01, 2,6000000000e+01, 2,4880400000e+01, 9,6073100000e+03
 1500592800, 7,5900000000e+01, 3,6180000000e+01, 1,8720000000e+01, 2,4926600000e+01, 9,6068900000e+03
 1500593100, 6,7900000000e+01, 3,1740000000e+01, 1,6580000000e+01, 2,4970200000e+01, 9,6071100000e+03
 1500593400, 6,5000000000e+01, 3,2040000000e+01, 1,3960000000e+01, 2,4999300000e+01, 9,5642000000e+03
 1500593700, 7,1200000000e+01, 3,5860000000e+01, 1,6340000000e+01, 2,5026400000e+01, 9,4690000000e+03
 1500594000, 8,5000000000e+01, 3,9780000000e+01, 2,6000000000e+01, 2,5066166667e+01, 9,4688966667e+03
 1500594300, 8,5000000000e+01, 3,8000000000e+01, 2,6000000000e+01, 2,5059833333e+01, 9,4686266667e+03
 1500594600, 8,0450000000e+01, 3,8000000000e+01, 2,6000000000e+01, 2,5050000000e+01, 9,4702000000e+03
 1500594900, 8,3550000000e+01, 3,9420000000e+01, 2,6000000000e+01, 2,5050000000e+01, 9,3667500000e+03
 1500595200, 7,4800000000e+01, 3,4900000000e+01, 2,1920000000e+01, 2,5050000000e+01, 9,1353100000e+03
 1500595500, 6,8100000000e+01, 3,1240000000e+01, 2,0480000000e+01, 2,5050000000e+01, 9,1342000000e+03
 1500595800, 7,6033333333e+01, 3,4620000000e+01, 2,6000000000e+01, 2,5050000000e+01, 9,1360066667e+03
 1500596100, 8,5000000000e+01, 4,0000000000e+01, 2,6000000000e+01, 2,5064200000e+01, 9,1351100000e+03
 1500596400, 7,5900000000e+01, 3,6360000000e+01, 2,2360000000e+01, 2,5059800000e+01, 9,1356900000e+03
 1500596700, 6,7900000000e+01, 3,3160000000e+01, 1,6320000000e+01, 2,5059100000e+01, 9,1364000000e+03
 1500597000, 7,0100000000e+01, 3,5060000000e+01, 1,7060000000e+01, 2,5060900000e+01, 9,1368200000e+03
 1500597300, 7,8100000000e+01, 3,8000000000e+01, 2,1860000000e+01, 2,5050000000e+01, 9,1380900000e+03
 1500597600, 8,5000000000e+01, 3,8000000000e+01, 2,6000000000e+01, 2,5054000000e+01, 9,1379100000e+03
 1500597900, 8,5000000000e+01, 3,8000000000e+01, 2,6000000000e+01, 2,5050000000e+01, 9,1374900000e+03
 1500598200, 7,1500000000e+01, 3,2600000000e+01, 1,7000000000e+01, 2,5052100000e+01, 9,1380000000e+03
 1500598500, 7,3550000000e+01, 3,4840000000e+01, 1,8840000000e+01, 2,5050000000e+01, 9,1359600000e+03
 1500598800, 6,7350000000e+01, 3,3960000000e+01, 1,5920000000e+01, 2,5050000000e+01, 9,1353300000e+03
 1500599100, 6,1550000000e+01, 3,1380000000e+01, 1,4480000000e+01, 2,5053100000e+01, 9,1355800000e+03
 1500599400, 6,8000000000e+01, 3,1800000000e+01, 2,0600000000e+01, 2,5054100000e+01, 9,1356933333e+03
 1500599700, 7,6733333333e+01, 3,6866666667e+01, 2,2346666667e+01, 2,5287100000e+01, 9,7541466667e+03
 1500600000, 9,5000000000e+01, 4,6000000000e+01, 2,6000000000e+01, 2,6376466667e+01, 1,0147280000e+04
 1500600300, 8,5900000000e+01, 3,8720000000e+01, 2,6000000000e+01, 2,6777000000e+01, 9,6506900000e+03
 1500600600, 8,5000000000e+01, 3,8000000000e+01, 2,6000000000e+01, 2,6857633333e+01, 9,6507866667e+03
 1500600900, 8,2450000000e+01, 3,6980000000e+01, 2,6000000000e+01, 2,6910400000e+01, 9,6519300000e+03
 1500601200, 8,1550000000e+01, 3,6620000000e+01, 2,6000000000e+01, 2,6947300000e+01, 9,6510900000e+03
 1500601500, 8,3900000000e+01, 3,7780000000e+01, 2,5340000000e+01, 2,6963100000e+01, 9,6509100000e+03
 1500601800, 7,5000000000e+01, 3,6000000000e+01, 2,0000000000e+01, 2,6976200000e+01, 9,6513800000e+03
 1500602100, 7,0450000000e+01, 3,4180000000e+01, 1,6360000000e+01, 2,7006400000e+01, 9,6511100000e+03
 1500602400, 6,6450000000e+01, 2,9740000000e+01, 1,7420000000e+01, 2,7040200000e+01, 9,6517100000e+03
 1500602700, 7,4666666667e+01, 3,3800000000e+01, 2,1866666667e+01, 2,7063366667e+01, 9,6529566667e+03
 1500603000, 7,8800000000e+01, 3,6900000000e+01, 2,2900000000e+01, 2,7076200000e+01, 9,6542000000e+03
 1500603300, 6,5550000000e+01, 3,0440000000e+01, 1,6220000000e+01, 2,7088000000e+01, 9,6538900000e+03
 1500603600, 7,0000000000e+01, 3,4000000000e+01, 1,8000000000e+01, 2,7076000000e+01, 9,6531800000e+03
 1500603900, 8,3650000000e+01, 3,7640000000e+01, 2,5280000000e+01, 2,7069800000e+01, 9,5606800000e+03
 1500604200, 7,0800000000e+01, 3,2320000000e+01, 1,6060000000e+01, 2,7070000000e+01, 9,4696200000e+03
 1500604500, 7,2650000000e+01, 3,4080000000e+01, 1,8120000000e+01, 2,7058900000e+01, 9,4696900000e+03
 1500604800, 7,6900000000e+01, 3,6140000000e+01, 2,2140000000e+01, 2,7050000000e+01, 9,4698000000e+03
 1500605100, 7,0550000000e+01, 3,2000000000e+01, 1,8880000000e+01, 2,7050000000e+01, 9,4701100000e+03
 1500605400, 7,5000000000e+01, 3,2000000000e+01, 2,6000000000e+01, 2,7050000000e+01, 9,4699100000e+03
 1500605700, 8,4100000000e+01, 3,9280000000e+01, 2,4180000000e+01, 2,7050000000e+01, 9,4696900000e+03
 1500606000, 7,7900000000e+01, 3,4320000000e+01, 2,5420000000e+01, 2,7050000000e+01, 9,4698200000e+03
 1500606300, 6,9900000000e+01, 3,3020000000e+01, 1,9880000000e+01, 2,7054200000e+01, 9,4705100000e+03
 1500606600, 7,1200000000e+01, 3,5240000000e+01, 1,7100000000e+01, 2,7057800000e+01, 9,4728400000e+03
 1500606900, 8,3900000000e+01, 3,8000000000e+01, 2,3560000000e+01, 2,7050000000e+01, 9,4732566667e+03
 1500607200, 7,3966666667e+01, 3,7380000000e+01, 1,9173333333e+01, 2,7059300000e+01, 9,4717800000e+03
 1500607500, 6,5000000000e+01, 3,2000000000e+01, 1,2000000000e+01, 2,7090000000e+01, 9,4720000000e+03
 1500607800, 8,3200000000e+01, 3,9280000000e+01, 2,4740000000e+01, 2,7076900000e+01, 9,4718000000e+03
 1500608100, 8,5000000000e+01, 4,0000000000e+01, 2,4580000000e+01, 2,7053800000e+01, 9,4720900000e+03
 1500608400, 7,2250000000e+01, 3,2860000000e+01, 1,8900000000e+01, 2,7050000000e+01, 9,4721100000e+03
 1500608700, 6,7666666667e+01, 3,0293333333e+01, 1,7680000000e+01, 2,7058166667e+01, 9,4720000000e+03
 1500609000, 8,3900000000e+01, 3,9120000000e+01, 2,6000000000e+01, 2,7058900000e+01, 9,4729100000e+03
 1500609300, 7,5000000000e+01, 3,2000000000e+01, 2,6000000000e+01, 2,7056900000e+01, 9,4728000000e+03
 1500609600, 6,1350000000e+01, 3,0180000000e+01, 1,3260000000e+01, 2,7050000000e+01, 9,4732000000e+03
 1500609900, 7,7750000000e+01, 3,7100000000e+01, 2,1940000000e+01, 2,7050000000e+01, 9,4732000000e+03
 1500610200, 8,2450000000e+01, 3,8980000000e+01, 2,3960000000e+01, 2,7050000000e+01, 9,4725100000e+03
 1500610500, 7,5350000000e+01, 3,4280000000e+01, 2,1380000000e+01, 2,7054000000e+01, 9,4723800000e+03
 1500610800, 6,7200000000e+01, 2,7320000000e+01, 2,0660000000e+01, 2,7050000000e+01, 9,4719300000e+03
 1500611100, 8,5000000000e+01, 3,8000000000e+01, 2,6000000000e+01, 2,7050000000e+01, 9,4736900000e+03
 1500611400, 7,1350000000e+01, 3,4360000000e+01, 1,8720000000e+01, 2,7054000000e+01, 9,4722000000e+03
 1500611700, 6,6450000000e+01, 2,9740000000e+01, 1,8000000000e+01, 2,7053100000e+01, 9,4719800000e+03
 1500612000, 7,5200000000e+01, 3,3100000000e+01, 2,2080000000e+01, 2,7050900000e+01, 9,4716000000e+03
 1500612300, 8,5000000000e+01, 3,8000000000e+01, 2,5380000000e+01, 2,7054000000e+01, 9,4740200000e+03
 1500612600, 8,3350000000e+01, 3,7120000000e+01, 2,3560000000e+01, 2,7058000000e+01, 9,4732000000e+03
 1500612900, 7,0000000000e+01, 3,0000000000e+01, 2,0000000000e+01, 2,7054200000e+01, 9,4730900000e+03
 1500613200, 7,4550000000e+01, 3,3640000000e+01, 2,0000000000e+01, 2,7075100000e+01, 9,4723100000e+03
 1500613500, 7,8550000000e+01, 3,6840000000e+01, 2,2840000000e+01, 2,7078933333e+01, 9,4728800000e+03
 1500613800, 7,2350000000e+01, 3,2900000000e+01, 1,9920000000e+01, 2,7057800000e+01, 9,4730200000e+03
 1500614100, 7,1200000000e+01, 3,1100000000e+01, 1,9100000000e+01, 2,7053100000e+01, 9,4734000000e+03
 1500614400, 8,3900000000e+01, 3,7780000000e+01, 2,5120000000e+01, 2,7050900000e+01, 9,4742900000e+03
 1500614700, 7,5000000000e+01, 3,6000000000e+01, 1,8000000000e+01, 2,7050000000e+01, 9,4728000000e+03
 1500615000, 7,0450000000e+01, 2,8720000000e+01, 2,1640000000e+01, 2,7055100000e+01, 9,4732900000e+03
 1500615300, 8,0650000000e+01, 3,6520000000e+01, 2,4840000000e+01, 2,7060200000e+01, 9,4451900000e+03
 1500615600, 7,7350000000e+01, 3,7960000000e+01, 1,9880000000e+01, 2,7076000000e+01, 9,4319900000e+03
 1500615900, 7,3100000000e+01, 3,6620000000e+01, 1,6480000000e+01, 2,7069800000e+01, 9,4120000000e+03
 1500616200, 8,0000000000e+01, 3,8000000000e+01, 2,2000000000e+01, 2,7063100000e+01, 9,4100000000e+03
 1500616500, 8,0000000000e+01, 3,8000000000e+01, 2,2000000000e+01, 2,7055800000e+01, 9,4103100000e+03
 1500616800, 8,0000000000e+01, 3,8000000000e+01, 2,3820000000e+01, 2,7051100000e+01, 9,4096200000e+03
 1500617100, 7,2900000000e+01, 3,6580000000e+01, 1,9740000000e+01, 2,7050900000e+01, 9,4128900000e+03
 1500617400, 6,4900000000e+01, 3,1920000000e+01, 1,5960000000e+01, 2,7052000000e+01, 9,4122200000e+03
 1500617700, 6,0000000000e+01, 2,7380000000e+01, 1,4000000000e+01, 2,7050000000e+01, 9,4127100000e+03
 1500618000, 6,0550000000e+01, 2,6660000000e+01, 1,3780000000e+01, 2,7051100000e+01, 9,4133800000e+03
 1500618300, 6,5000000000e+01, 3,2000000000e+01, 1,2000000000e+01, 2,7052900000e+01, 9,4130000000e+03
 1500618600, 5,5900000000e+01, 2,6540000000e+01, 1,2000000000e+01, 2,7050000000e+01, 9,4136000000e+03
 1500618900, 5,8550000000e+01, 2,6000000000e+01, 1,2000000000e+01, 2,7050000000e+01, 9,4124000000e+03
 1500619200, 6,7650000000e+01, 2,9060000000e+01, 1,7100000000e+01, 2,7052033333e+01, 9,4129066667e+03
 1500619500, 7,6550000000e+01, 3,3860000000e+01, 2,2620000000e+01, 2,7055100000e+01, 9,4126900000e+03
 1500619800, 8,0000000000e+01, 3,7560000000e+01, 2,4220000000e+01, 2,7060900000e+01, 9,4127100000e+03
 1500620100, 8,0000000000e+01, 3,4000000000e+01, 2,6000000000e+01, 2,7065300000e+01, 9,4140200000e+03
 1500620400, 8,0000000000e+01, 3,7640000000e+01, 2,4180000000e+01, 2,7075800000e+01, 9,4148000000e+03
 1500620700, 8,0000000000e+01, 3,8000000000e+01, 2,4000000000e+01, 2,7052900000e+01, 9,4148000000e+03
 1500621000, 8,0000000000e+01, 3,8000000000e+01, 2,4000000000e+01, 2,7052000000e+01, 9,4144200000e+03
 1500621300, 8,0000000000e+01, 3,8620000000e+01, 2,3380000000e+01, 2,7053100000e+01, 9,4147100000e+03
 1500621600, 7,8900000000e+01, 3,9340000000e+01, 2,1780000000e+01, 2,7056000000e+01, 9,4156200000e+03
 1500621900, 7,0000000000e+01, 3,4000000000e+01, 2,0000000000e+01, 2,7052900000e+01, 9,4153200000e+03
 1500622200, 6,0900000000e+01, 2,6720000000e+01, 1,4540000000e+01, 2,7050000000e+01, 9,4139100000e+03
 1500622500, 6,3550000000e+01, 2,7420000000e+01, 1,5420000000e+01, 2,7050000000e+01, 9,4142900000e+03
 1500622800, 6,5000000000e+01, 2,9020000000e+01, 1,7020000000e+01, 2,7052000000e+01, 9,4141100000e+03
 1500623100, 6,3450000000e+01, 2,8760000000e+01, 1,8000000000e+01, 2,7050000000e+01, 9,4147100000e+03
 1500623400, 6,1100000000e+01, 2,6440000000e+01, -nan, -nan, 9,4146000000e+03
 1500623700, 7,0000000000e+01, 3,0000000000e+01, -nan, -nan, 9,4150000000e+03
 1500624000, -nan, 3,3640000000e+01, -nan, -nan, 9,4149100000e+03
 1500624300, -nan, -nan, -nan, -nan, 9,4155800000e+03
 1500624600, -nan, -nan, -nan, -nan, -nan
 1500624900, -nan, -nan, -nan, -nan, -nan
 1500625200, -nan, -nan, -nan, -nan, -nan
 1500625500, -nan, -nan, -nan, -nan, -nan
 1500625800, -nan, -nan, -nan, -nan, -nan
 1500626100, -nan, -nan, -nan, -nan, -nan
 1500626400, -nan, -nan, -nan, -nan, -nan
 1500626700, -nan, -nan, -nan, -nan, -nan
 1500627000, -nan, -nan, -nan, -nan, -nan
 1500627300, -nan, -nan, -nan, -nan, -nan
