 Time, ttl_pwr, cpu_pwr, mem_pwr, cpu_load, mem_load
 1500448500, 1.8280000000e+02, 1.3728000000e+02, 2.6260000000e+01, 2.2998933333e+01, 3.1534373333e+04
 1500448800, 2.3500000000e+02, 1.8600000000e+02, 2.8000000000e+01, 2.3297333333e+01, 3.1534323333e+04
 1500449100, 1.6475000000e+02, 1.2230666667e+02, 2.4253333333e+01, 2.3245233333e+01, 3.1534606667e+04
 1500449400, 2.1110000000e+02, 1.6764000000e+02, 2.5460000000e+01, 2.3051800000e+01, 3.1535336667e+04
 1500449700, 1.7901666667e+02, 1.3555333333e+02, 2.4926666667e+01, 2.2665900000e+01, 3.1536273333e+04
 1500450000, 1.3331666667e+02, 9.1326666667e+01, 2.4000000000e+01, 2.2232366667e+01, 3.1537660000e+04
 1500450300, 1.3478333333e+02, 9.4373333333e+01, 2.4000000000e+01, 2.2540533333e+01, 3.1537603333e+04
 1500450600, 1.6500000000e+02, 1.2200000000e+02, 2.4000000000e+01, 2.2706000000e+01, 3.1541270000e+04
 1500450900, 1.6500000000e+02, 1.1638000000e+02, 2.7746666667e+01, 2.2667433333e+01, 3.1546056667e+04
 1500451200, 2.0920000000e+02, 1.5872666667e+02, 2.9473333333e+01, 2.3984566667e+01, 3.1544280000e+04
 1500451500, 2.0890000000e+02, 1.6004666667e+02, 3.0000000000e+01, 2.4288466667e+01, 3.1547673333e+04
 1500451800, 1.9668333333e+02, 1.4867333333e+02, 3.0000000000e+01, 2.4536633333e+01, 3.1550336667e+04
 1500452100, 2.0478333333e+02, 1.5437333333e+02, 3.0546666667e+01, 2.4714466667e+01, 3.1550483333e+04
 1500452400, 2.3500000000e+02, 1.8200000000e+02, 3.4000000000e+01, 2.5270000000e+01, 3.1554136667e+04
 1500452700, 2.3500000000e+02, 1.8200000000e+02, 3.4000000000e+01, 2.5460466667e+01, 3.1555946667e+04
 1500453000, 2.2763333333e+02, 1.8052666667e+02, 2.8106666667e+01, 2.5640233333e+01, 3.1559610000e+04
 1500453300, 2.2500000000e+02, 1.7678000000e+02, 2.8146666667e+01, 2.5889400000e+01, 3.1562673333e+04
 1500453600, 2.2500000000e+02, 1.7534666667e+02, 3.0000000000e+01, 2.5978233333e+01, 3.1566083333e+04
 1500453900, 2.2500000000e+02, 1.7773333333e+02, 3.0266666667e+01, 2.6497500000e+01, 3.1570810000e+04
 1500454200, 2.2500000000e+02, 1.7600000000e+02, 3.2000000000e+01, 2.6268133333e+01, 3.1572416667e+04
 1500454500, 1.4538333333e+02, 1.0106666667e+02, 2.4506666667e+01, 2.6302000000e+01, 3.1570213333e+04
 1500454800, 2.0630000000e+02, 1.5640666667e+02, 2.9893333333e+01, 2.6356100000e+01, 3.1575453333e+04
 1500455100, 2.3000000000e+02, 1.7800000000e+02, 3.2000000000e+01, 2.6347733333e+01, 3.1576790000e+04
 1500455400, 2.3168333333e+02, 1.8204000000e+02, 2.9980000000e+01, 2.6931433333e+01, 3.1581283333e+04
 1500455700, 2.3295000000e+02, 1.8754000000e+02, 2.6546666667e+01, 2.7396533333e+01, 3.1583946667e+04
 1500456000, 2.2000000000e+02, 1.7200000000e+02, 3.0000000000e+01, 2.7197266667e+01, 3.1585936667e+04
 1500456300, 2.2936666667e+02, 1.7949333333e+02, 3.1873333333e+01, 2.7492400000e+01, 3.1587810000e+04
 1500456600, 2.3000000000e+02, 1.7852666667e+02, 3.2000000000e+01, 2.7650366667e+01, 3.1592010000e+04
 1500456900, 2.0048333333e+02, 1.5116666667e+02, 2.8780000000e+01, 2.7278700000e+01, 3.1594756667e+04
 1500457200, 1.9333333333e+02, 1.4466666667e+02, 2.7333333333e+01, 2.7324633333e+01, 3.1599683333e+04
 1500457500, 2.2863333333e+02, 1.7581333333e+02, 2.9726666667e+01, 2.7101500000e+01, 3.1602776667e+04
 1500457800, 2.2000000000e+02, 1.6200000000e+02, 2.8000000000e+01, 2.7216900000e+01, 3.1605946667e+04
 1500458100, 2.1063333333e+02, 1.6387333333e+02, 2.8000000000e+01, 2.7031033333e+01, 3.1608210000e+04
 1500458400, 2.2816666667e+02, 1.8144000000e+02, 2.6546666667e+01, 2.6775800000e+01, 3.1612086667e+04
 1500458700, 2.3768333333e+02, 1.8585333333e+02, 3.1366666667e+01, 2.6592033333e+01, 3.1613740000e+04
 1500459000, 2.3831666667e+02, 1.8467333333e+02, 3.3980000000e+01, 2.6818433333e+01, 3.1616883333e+04
 1500459300, 2.2885000000e+02, 1.7971333333e+02, 3.0273333333e+01, 2.6552833333e+01, 3.1620800000e+04
 1500459600, 1.9000000000e+02, 1.4000000000e+02, 3.2000000000e+01, 2.6680466667e+01, 3.1621010000e+04
 1500459900, 2.2278333333e+02, 1.7184666667e+02, 3.0126666667e+01, 2.6326133333e+01, 3.1627010000e+04
 1500460200, 2.1763333333e+02, 1.6810666667e+02, 2.8526666667e+01, 2.6327666667e+01, 3.1632220000e+04
 1500460500, 1.9621666667e+02, 1.4560666667e+02, 2.9073333333e+01, 2.5799766667e+01, 3.1632996667e+04
 1500460800, 1.9515000000e+02, 1.4483333333e+02, 3.0000000000e+01, 2.4908700000e+01, 3.1638966667e+04
 1500461100, 2.2636666667e+02, 1.7827333333e+02, 3.0546666667e+01, 2.5357500000e+01, 3.1645810000e+04
 1500461400, 2.3500000000e+02, 1.8000000000e+02, 3.4000000000e+01, 2.5881466667e+01, 3.1648946667e+04
 1500461700, 2.3500000000e+02, 1.8749333333e+02, 2.6506666667e+01, 2.6035100000e+01, 3.1651590000e+04
 1500462000, 2.2763333333e+02, 1.7916000000e+02, 2.8946666667e+01, 2.6196066667e+01, 3.1655686667e+04
 1500462300, 2.3036666667e+02, 1.8029333333e+02, 3.1073333333e+01, 2.6846866667e+01, 3.1656450000e+04
 1500462600, 2.2995000000e+02, 1.7928666667e+02, 3.1326666667e+01, 2.7002633333e+01, 3.1659883333e+04
 1500462900, 2.2205000000e+02, 1.7191333333e+02, 3.0273333333e+01, 2.6983166667e+01, 3.1663133333e+04
 1500463200, 2.3500000000e+02, 1.8400000000e+02, 3.2000000000e+01, 2.7365933333e+01, 3.1669200000e+04
 1500463500, 2.3031666667e+02, 1.6526666667e+02, 3.0126666667e+01, 2.7468966667e+01, 3.1660946667e+04
 1500463800, 2.3000000000e+02, 1.8020666667e+02, 2.8526666667e+01, 2.7432966667e+01, 3.1668750000e+04
 1500464100, 2.2463333333e+02, 1.8063333333e+02, 2.6926666667e+01, 2.7389066667e+01, 3.1670486667e+04
 1500464400, 2.1663333333e+02, 1.7128666667e+02, 2.6673333333e+01, 2.7043533333e+01, 3.1675010000e+04
 1500464700, 2.1205000000e+02, 1.6418666667e+02, 2.8273333333e+01, 2.7365400000e+01, 3.1678156667e+04
 1500465000, 2.2500000000e+02, 1.7800000000e+02, 3.0000000000e+01, 2.7179033333e+01, 3.1680853333e+04
 1500465300, 2.1563333333e+02, 1.6676000000e+02, 3.0000000000e+01, 2.7580366667e+01, 3.1680940000e+04
 1500465600, 2.2973333333e+02, 1.7926000000e+02, 3.1473333333e+01, 2.7975633333e+01, 3.1686020000e+04
 1500465900, 2.3233333333e+02, 1.8186666667e+02, 3.0933333333e+01, 2.8032100000e+01, 3.1689746667e+04
 1500466200, 2.2831666667e+02, 1.7865333333e+02, 3.0000000000e+01, 2.8302333333e+01, 3.1692620000e+04
 1500466500, 2.2158333333e+02, 1.7272000000e+02, 2.9726666667e+01, 2.7704800000e+01, 3.1694730000e+04
 1500466800, 2.0000000000e+02, 1.5200000000e+02, 2.8000000000e+01, 2.6723433333e+01, 3.1695663333e+04
 1500467100, 2.3746666667e+02, 1.8572000000e+02, 3.1746666667e+01, 2.6378200000e+01, 3.1698536667e+04
 1500467400, 2.3263333333e+02, 1.8210666667e+02, 3.0526666667e+01, 2.6676966667e+01, 3.1700353333e+04
 1500467700, 1.9243333333e+02, 1.4565333333e+02, 2.6780000000e+01, 2.6519700000e+01, 2.8567513333e+04
 1500468000, 1.2500000000e+02, 8.6000000000e+01, 2.0000000000e+01, 2.1125400000e+01, 8.7564066667e+03
 1500468300, 5.5000000000e+01, 2.6000000000e+01, 1.2000000000e+01, 1.5297400000e+01, 8.7566000000e+03
 1500468600, 5.5000000000e+01, 2.6000000000e+01, 1.2000000000e+01, 1.1124733333e+01, 8.7552533333e+03
 1500468900, 5.5000000000e+01, 2.4126666667e+01, 1.0126666667e+01, 8.1040333333e+00, 8.7553266667e+03
 1500469200, 5.5000000000e+01, 2.5473333333e+01, 1.0000000000e+01, 5.9130666667e+00, 8.7554733333e+03
 1500469500, 6.0366666667e+01, 2.9220000000e+01, 1.3220000000e+01, 4.3081333333e+00, 8.7555366667e+03
 1500469800, 6.1633333333e+01, 2.9980000000e+01, 1.3980000000e+01, 3.1740666667e+00, 8.7545900000e+03
 1500470100, 5.5000000000e+01, 2.5726666667e+01, 1.0000000000e+01, 2.3369666667e+00, 8.7548100000e+03
 1500470400, 5.5000000000e+01, 2.4000000000e+01, 1.0000000000e+01, 1.7447000000e+00, 8.7560000000e+03
 1500470700, 5.5000000000e+01, 2.4000000000e+01, 1.0000000000e+01, 1.2913333333e+00, 8.7562633333e+03
 1500471000, 5.5000000000e+01, 2.5473333333e+01, 1.0000000000e+01, 9.6373333333e-01, 8.7567366667e+03
 1500471300, 5.5000000000e+01, 2.6000000000e+01, 1.1073333333e+01, 7.2330000000e-01, 8.7569366667e+03
 1500471600, 5.5000000000e+01, 2.6000000000e+01, 1.1326666667e+01, 5.3413333333e-01, 8.7563266667e+03
 1500471900, 5.5000000000e+01, 2.6000000000e+01, 1.0273333333e+01, 4.0296666667e-01, 8.7555366667e+03
 1500472200, 5.5000000000e+01, 2.6000000000e+01, 1.2000000000e+01, 3.0570000000e-01, 8.7558633333e+03
 1500472500, 5.5000000000e+01, 2.6000000000e+01, 1.2000000000e+01, 2.4716666667e-01, 8.7552000000e+03
 1500472800, 5.5000000000e+01, 2.6000000000e+01, 1.0526666667e+01, 1.9516666667e-01, 8.7561366667e+03
 1500473100, 5.5000000000e+01, 2.6000000000e+01, 1.1073333333e+01, 1.5790000000e-01, 8.7552633333e+03
 1500473400, 5.5000000000e+01, 2.6000000000e+01, 1.1326666667e+01, 1.3463333333e-01, 8.7555500000e+03
 1500473700, 5.5000000000e+01, 2.6000000000e+01, 1.0000000000e+01, 1.3200000000e-01, 8.7558000000e+03
 1500474000, 5.5000000000e+01, 2.6000000000e+01, 1.0000000000e+01, 1.3136666667e-01, 8.7572733333e+03
 1500474300, 5.5000000000e+01, 2.6000000000e+01, 1.1873333333e+01, 1.4063333333e-01, 8.7580633333e+03
 1500474600, 5.5000000000e+01, 2.6000000000e+01, 1.0526666667e+01, 1.1726666667e-01, 8.7568000000e+03
 1500474900, 5.5000000000e+01, 2.6000000000e+01, 1.1073333333e+01, 1.1000000000e-01, 8.7563366667e+03
 1500475200, 5.5000000000e+01, 2.6000000000e+01, 1.1326666667e+01, 1.0126666667e-01, 8.7570000000e+03
 1500475500, 5.5000000000e+01, 2.6000000000e+01, 1.0000000000e+01, 1.0873333333e-01, 8.7578733333e+03
 1500475800, 5.5000000000e+01, 2.6000000000e+01, 1.0000000000e+01, 1.0126666667e-01, 8.7577266667e+03
 1500476100, 5.5000000000e+01, 2.4126666667e+01, 1.0000000000e+01, 8.6633333333e-02, 8.7572633333e+03
 1500476400, 5.5000000000e+01, 2.5473333333e+01, 1.0000000000e+01, 5.9900000000e-02, 8.7559266667e+03
 1500476700, 5.5000000000e+01, 2.6000000000e+01, 1.0000000000e+01, 5.2000000000e-02, 8.7571466667e+03
 1500477000, 5.5000000000e+01, 2.6000000000e+01, 1.1346666667e+01, 5.0000000000e-02, 8.7594633333e+03
 1500477300, 5.5000000000e+01, 2.5726666667e+01, 1.3453333333e+01, 5.4733333333e-02, 8.7580000000e+03
 1500477600, 5.5000000000e+01, 2.4000000000e+01, 1.0000000000e+01, 5.8633333333e-02, 8.7570633333e+03
 1500477900, 5.5000000000e+01, 2.5873333333e+01, 1.1873333333e+01, 5.8000000000e-02, 8.7572633333e+03
 1500478200, 5.5000000000e+01, 2.6000000000e+01, 1.0526666667e+01, 6.3366666667e-02, 8.7572100000e+03
 1500478500, 5.5000000000e+01, 2.6000000000e+01, 1.1073333333e+01, 6.4633333333e-02, 8.7566633333e+03
 1500478800, 5.5000000000e+01, 2.6673333333e+01, 1.1326666667e+01, 6.2000000000e-02, 8.7570000000e+03
 1500479100, 5.5000000000e+01, 2.7726666667e+01, 1.0273333333e+01, 5.2000000000e-02, 8.7582933333e+03
 1500479400, 5.5000000000e+01, 2.6000000000e+01, 1.2000000000e+01, 2.2500000000e-01, 8.7663366667e+03
 1500479700, 7.8416666667e+01, 3.7240000000e+01, 2.3240000000e+01, 4.7270000000e-01, 8.7658633333e+03
 1500480000, 6.8950000000e+01, 3.3580000000e+01, 1.8106666667e+01, 6.5240000000e-01, 8.7662233333e+03
 1500480300, 6.5000000000e+01, 3.0926666667e+01, 1.6000000000e+01, 7.6966666667e-01, 8.7662100000e+03
 1500480600, 6.3316666667e+01, 2.9326666667e+01, 1.5326666667e+01, 8.5620000000e-01, 8.7697366667e+03
 1500480900, 6.0000000000e+01, 2.8000000000e+01, 1.4000000000e+01, 9.2356666667e-01, 8.7682000000e+03
 1500481200, 6.0000000000e+01, 2.8000000000e+01, 1.4000000000e+01, 9.7010000000e-01, 8.7666633333e+03
 1500481500, 6.4683333333e+01, 2.9873333333e+01, 1.5873333333e+01, 9.8610000000e-01, 8.7672000000e+03
 1500481800, 6.1316666667e+01, 2.8526666667e+01, 1.4526666667e+01, 1.0173666667e+00, 8.7686833333e+03
 1500482100, 5.7316666667e+01, 2.6926666667e+01, 1.4000000000e+01, 1.2534666667e+00, 9.6051166667e+03
 1500482400, 9.1800000000e+01, 5.6080000000e+01, 1.7840000000e+01, 6.0190000000e+00, 1.1466153333e+04
 1500482700, 1.7820000000e+02, 1.2874666667e+02, 2.6000000000e+01, 1.2053000000e+01, 1.3128010000e+04
 1500483000, 2.3325000000e+02, 1.8582000000e+02, 2.7040000000e+01, 1.7013566667e+01, 2.1343243333e+04
 1500483300, 2.5500000000e+02, 1.9800000000e+02, 3.4000000000e+01, 2.1554866667e+01, 2.2222930000e+04
 1500483600, 2.5500000000e+02, 1.9986000000e+02, 3.4000000000e+01, 2.4834000000e+01, 2.2637106667e+04
 1500483900, 2.5131666667e+02, 1.9852666667e+02, 3.4000000000e+01, 2.7216400000e+01, 2.2694283333e+04
 1500484200, 2.5000000000e+02, 1.9800000000e+02, 3.4000000000e+01, 2.8900200000e+01, 2.2674306667e+04
 1500484500, 2.5000000000e+02, 1.9800000000e+02, 3.4000000000e+01, 3.0135800000e+01, 2.2771110000e+04
 1500484800, 2.5060000000e+02, 1.9800000000e+02, 3.4000000000e+01, 3.1009066667e+01, 2.2985750000e+04
 1500485100, 2.5500000000e+02, 1.9800000000e+02, 3.4000000000e+01, 3.1919266667e+01, 2.2999120000e+04
 1500485400, 2.1820000000e+02, 1.6672000000e+02, 3.0320000000e+01, 3.2849633333e+01, 2.3006433333e+04
 1500485700, 1.3543333333e+02, 8.8773333333e+01, 2.5660000000e+01, 3.3555633333e+01, 2.2919430000e+04
 1500486000, 1.1546666667e+02, 6.5233333333e+01, 2.7140000000e+01, 3.3954066667e+01, 2.2963180000e+04
 1500486300, 1.3300000000e+02, 7.8320000000e+01, 3.0000000000e+01, 3.4280466667e+01, 2.2810440000e+04
 1500486600, 1.5845000000e+02, 1.0406000000e+02, 3.0260000000e+01, 3.4606300000e+01, 2.2660000000e+04
 1500486900, 2.1500000000e+02, 1.5800000000e+02, 3.2000000000e+01, 3.4653233333e+01, 2.2005180000e+04
 1500487200, 2.5246666667e+02, 1.9734000000e+02, 3.3873333333e+01, 3.4332333333e+01, 2.1984933333e+04
 1500487500, 2.5131666667e+02, 1.9705333333e+02, 3.5473333333e+01, 3.4109000000e+01, 2.2217113333e+04
 1500487800, 2.5000000000e+02, 1.9706666667e+02, 3.4933333333e+01, 3.3922700000e+01, 2.2397013333e+04
 1500488100, 2.5000000000e+02, 1.9800000000e+02, 3.4000000000e+01, 3.3469900000e+01, 2.2485376667e+04
 1500488400, 2.5000000000e+02, 1.9772666667e+02, 3.4000000000e+01, 3.3202033333e+01, 2.2283310000e+04
 1500488700, 2.5000000000e+02, 1.9600000000e+02, 3.4000000000e+01, 3.2803866667e+01, 2.2154823333e+04
 1500489000, 2.5468333333e+02, 1.9787333333e+02, 3.7746666667e+01, 3.2223800000e+01, 2.1904296667e+04
 1500489300, 2.4763333333e+02, 1.9358000000e+02, 3.5053333333e+01, 3.1411533333e+01, 2.1729263333e+04
 1500489600, 2.3446666667e+02, 1.8146666667e+02, 3.2946666667e+01, 3.0833400000e+01, 2.2053150000e+04
 1500489900, 1.8416666667e+02, 1.3345333333e+02, 2.9386666667e+01, 3.0434066667e+01, 2.1749650000e+04
 1500490200, 1.0061666667e+02, 5.4246666667e+01, 2.4000000000e+01, 2.9896600000e+01, 2.1724393333e+04
 1500490500, 1.0500000000e+02, 5.6000000000e+01, 2.4000000000e+01, 2.9349866667e+01, 2.1535546667e+04
 1500490800, 1.0500000000e+02, 5.7846666667e+01, 2.4000000000e+01, 2.8582733333e+01, 2.1063823333e+04
 1500491100, 2.1550000000e+02, 1.4787333333e+02, 4.6100000000e+01, 2.6235000000e+01, 1.8901516667e+04
 1500491400, 2.0938333333e+02, 1.4565333333e+02, 4.2193333333e+01, 2.1535000000e+01, 1.7856160000e+04
 1500491700, 1.3166666667e+02, 8.6000000000e+01, 2.5333333333e+01, 1.7158366667e+01, 1.1555453333e+04
 1500492000, 5.5000000000e+01, 2.6000000000e+01, 1.1726666667e+01, 1.2580500000e+01, 8.8590033333e+03
 1500492300, 5.5000000000e+01, 2.6000000000e+01, 1.0000000000e+01, 9.1161000000e+00, 8.8542000000e+03
 1500492600, 5.5000000000e+01, 2.6000000000e+01, 1.1873333333e+01, 6.6121666667e+00, 8.8546000000e+03
 1500492900, 5.5000000000e+01, 2.6000000000e+01, 1.0526666667e+01, 4.8075333333e+00, 8.8548733333e+03
 1500493200, 5.5000000000e+01, 2.6000000000e+01, 1.1073333333e+01, 3.5009333333e+00, 8.8556000000e+03
 1500493500, 5.6683333333e+01, 2.6673333333e+01, 1.2000000000e+01, 2.5566666667e+00, 8.8572633333e+03
 1500493800, 6.0000000000e+01, 2.8273333333e+01, 1.2273333333e+01, 1.8813666667e+00, 8.8560000000e+03
 1500494100, 6.0000000000e+01, 3.0000000000e+01, 1.4000000000e+01, 1.3826000000e+00, 8.8548000000e+03
 1500494400, 6.0000000000e+01, 3.0000000000e+01, 1.2126666667e+01, 1.0310000000e+00, 8.8560100000e+03
 1500494700, 5.6316666667e+01, 2.7053333333e+01, 1.2000000000e+01, 7.8930000000e-01, 8.8568000000e+03
 1500495000, 5.5000000000e+01, 2.6000000000e+01, 1.0926666667e+01, 6.0013333333e-01, 8.8607366667e+03
 1500495300, 5.5000000000e+01, 2.6000000000e+01, 1.0673333333e+01, 4.5686666667e-01, 8.8572733333e+03
 1500495600, 5.5000000000e+01, 2.6000000000e+01, 1.2000000000e+01, 3.4243333333e-01, 8.8573900000e+03
 1500495900, 5.5000000000e+01, 2.6000000000e+01, 1.2000000000e+01, 2.9116666667e-01, 8.8578733333e+03
 1500496200, 5.5000000000e+01, 2.6000000000e+01, 1.2000000000e+01, 2.4256666667e-01, 8.8570066667e+03
 1500496500, 5.5000000000e+01, 2.6000000000e+01, 1.2000000000e+01, 2.0053333333e-01, 8.8582733333e+03
 1500496800, 5.5000000000e+01, 2.6000000000e+01, 1.2000000000e+01, 1.6316666667e-01, 8.8574633333e+03
 1500497100, 5.5000000000e+01, 2.6000000000e+01, 1.2000000000e+01, 1.3526666667e-01, 8.8569900000e+03
 1500497400, 5.5000000000e+01, 2.6000000000e+01, 1.2000000000e+01, 1.1663333333e-01, 8.8570633333e+03
 1500497700, 5.5000000000e+01, 2.6000000000e+01, 1.2000000000e+01, 1.0400000000e-01, 8.8576000000e+03
 1500498000, 5.5000000000e+01, 2.6000000000e+01, 1.2000000000e+01, 9.5900000000e-02, 8.8570000000e+03
 1500498300, 5.5000000000e+01, 2.6000000000e+01, 1.2000000000e+01, 7.8633333333e-02, 8.8572633333e+03
 1500498600, 5.5000000000e+01, 2.6000000000e+01, 1.2000000000e+01, 5.7266666667e-02, 8.8572733333e+03
 1500498900, 5.5000000000e+01, 2.6000000000e+01, 1.2000000000e+01, 5.0000000000e-02, 8.8576633333e+03
 1500499200, 5.5000000000e+01, 2.6000000000e+01, 1.1726666667e+01, 6.6733333333e-02, 8.8585366667e+03
 1500499500, 5.5000000000e+01, 2.6000000000e+01, 1.0000000000e+01, 7.2000000000e-02, 8.8586000000e+03
 1500499800, 5.5000000000e+01, 2.6000000000e+01, 1.1873333333e+01, 5.8000000000e-02, 8.8577266667e+03
 1500500100, 5.8683333333e+01, 2.8946666667e+01, 1.2000000000e+01, 7.4000000000e-02, 8.8574733333e+03
 1500500400, 6.0000000000e+01, 2.8926666667e+01, 1.2000000000e+01, 5.6633333333e-02, 8.8578733333e+03
 1500500700, 5.8316666667e+01, 2.7326666667e+01, 1.2000000000e+01, 5.4633333333e-02, 8.8586000000e+03
 1500501000, 5.5000000000e+01, 2.6000000000e+01, 1.1726666667e+01, 5.7366666667e-02, 8.8583266667e+03
 1500501300, 5.5000000000e+01, 2.6000000000e+01, 1.0000000000e+01, 6.4000000000e-02, 8.8584633333e+03
 1500501600, 5.5000000000e+01, 2.6000000000e+01, 1.1873333333e+01, 5.0633333333e-02, 8.8588733333e+03
 1500501900, 5.5000000000e+01, 2.6000000000e+01, 1.2000000000e+01, 5.4000000000e-02, 8.8584633333e+03
 1500502200, 5.5000000000e+01, 2.6000000000e+01, 1.2000000000e+01, 5.8000000000e-02, 8.8600100000e+03
 1500502500, 5.5000000000e+01, 2.6000000000e+01, 1.2000000000e+01, 5.4000000000e-02, 8.8587900000e+03
 1500502800, 5.5000000000e+01, 2.6000000000e+01, 1.2000000000e+01, 5.0000000000e-02, 8.8593366667e+03
 1500503100, 5.5000000000e+01, 2.6000000000e+01, 1.2000000000e+01, 5.0000000000e-02, 8.8588000000e+03
 1500503400, 5.5000000000e+01, 2.6000000000e+01, 1.2000000000e+01, 6.3366666667e-02, 8.8582633333e+03
 1500503700, 5.5000000000e+01, 2.6000000000e+01, 1.2000000000e+01, 5.8633333333e-02, 8.8585300000e+03
 1500504000, 5.5000000000e+01, 2.6000000000e+01, 1.2000000000e+01, 5.0000000000e-02, 8.8580000000e+03
 1500504300, 5.5000000000e+01, 2.5326666667e+01, 1.1326666667e+01, 5.0000000000e-02, 8.8594033333e+03
 1500504600, 5.5000000000e+01, 2.4273333333e+01, 1.0273333333e+01, 5.4000000000e-02, 8.8594533333e+03
 1500504900, 5.5000000000e+01, 2.6000000000e+01, 1.2000000000e+01, 5.0000000000e-02, 8.8590000000e+03
 1500505200, 5.5000000000e+01, 2.6000000000e+01, 1.0126666667e+01, 5.0000000000e-02, 8.8595366667e+03
 1500505500, 5.5000000000e+01, 2.6000000000e+01, 1.1473333333e+01, 7.7466666667e-02, 8.8598000000e+03
 1500505800, 5.5000000000e+01, 2.6000000000e+01, 1.2000000000e+01, 1.0473333333e-01, 8.8598633333e+03
 1500506100, 5.5000000000e+01, 2.6000000000e+01, 1.1326666667e+01, 9.1900000000e-02, 8.8588733333e+03
 1500506400, 5.5683333333e+01, 2.6273333333e+01, 1.0273333333e+01, 7.1266666667e-02, 8.8590633333e+03
 1500506700, 6.0000000000e+01, 2.8000000000e+01, 1.2000000000e+01, 5.8633333333e-02, 8.8590000000e+03
 1500507000, 6.0000000000e+01, 2.9873333333e+01, 1.2000000000e+01, 5.3366666667e-02, 8.8596733333e+03
 1500507300, 5.6316666667e+01, 2.7053333333e+01, 1.2000000000e+01, 5.4000000000e-02, 8.8600633333e+03
 1500507600, 5.5000000000e+01, 2.6000000000e+01, 1.0926666667e+01, 5.4633333333e-02, 8.8598000000e+03
 1500507900, 5.5000000000e+01, 2.6000000000e+01, 1.0673333333e+01, 5.0000000000e-02, 8.8602000000e+03
 1500508200, 5.5000000000e+01, 2.6000000000e+01, 1.1726666667e+01, 5.1366666667e-02, 8.8605366667e+03
 1500508500, 5.5000000000e+01, 2.6000000000e+01, 1.0000000000e+01, 6.0000000000e-02, 8.8603266667e+03
 1500508800, 5.5000000000e+01, 2.6000000000e+01, 1.1873333333e+01, 5.4633333333e-02, 8.8602833333e+03
 1500509100, 5.5000000000e+01, 2.6000000000e+01, 1.0526666667e+01, 5.1366666667e-02, 8.8608533333e+03
 1500509400, 5.5000000000e+01, 2.6000000000e+01, 1.1073333333e+01, 5.9366666667e-02, 8.8595966667e+03
 1500509700, 5.5000000000e+01, 2.6000000000e+01, 1.2000000000e+01, 7.2000000000e-02, 8.8608733333e+03
 1500510000, 5.5000000000e+01, 2.6000000000e+01, 1.2000000000e+01, 6.6000000000e-02, 8.8604000000e+03
 1500510300, 5.5000000000e+01, 2.6000000000e+01, 1.2000000000e+01, 6.4633333333e-02, 8.8608000000e+03
 1500510600, 5.5000000000e+01, 2.6000000000e+01, 1.2000000000e+01, 5.6000000000e-02, 8.8604633333e+03
 1500510900, 5.5000000000e+01, 2.6000000000e+01, 1.0526666667e+01, 5.8000000000e-02, 8.8608733333e+03
 1500511200, 5.5000000000e+01, 2.6000000000e+01, 1.1073333333e+01, 5.2600000000e-02, 8.8616100000e+03
 1500511500, 5.5000000000e+01, 2.6000000000e+01, 1.2000000000e+01, 5.6733333333e-02, 8.8622633333e+03
 1500511800, 5.5000000000e+01, 2.6000000000e+01, 1.2000000000e+01, 6.5366666667e-02, 8.8613166667e+03
 1500512100, 5.5000000000e+01, 2.6000000000e+01, 1.2000000000e+01, 9.4733333333e-02, 8.8607366667e+03
 1500512400, 5.5000000000e+01, 2.6000000000e+01, 1.2000000000e+01, 9.3266666667e-02, 8.8606633333e+03
 1500512700, 5.8683333333e+01, 2.6000000000e+01, 1.3473333333e+01, 7.4633333333e-02, 8.8610000000e+03
 1500513000, 5.7316666667e+01, 2.6000000000e+01, 1.2926666667e+01, 5.5266666667e-02, 8.8617466667e+03
 1500513300, 5.8366666667e+01, 2.8020000000e+01, 1.2673333333e+01, 5.0000000000e-02, 8.8632533333e+03
 1500513600, 6.4316666667e+01, 3.1453333333e+01, 1.3726666667e+01, 5.0000000000e-02, 8.8606000000e+03
 1500513900, 6.0000000000e+01, 2.8000000000e+01, 1.2000000000e+01, 5.0000000000e-02, 8.8617366667e+03
 1500514200, 5.5316666667e+01, 2.6126666667e+01, 1.2000000000e+01, 5.0000000000e-02, 8.8617466667e+03
 1500514500, 5.8683333333e+01, 2.6000000000e+01, 1.3473333333e+01, 5.0000000000e-02, 8.8611800000e+03
 1500514800, 5.7316666667e+01, 2.6000000000e+01, 1.2926666667e+01, 5.8000000000e-02, 8.8620733333e+03
 1500515100, 5.5000000000e+01, 2.6000000000e+01, 1.2000000000e+01, 5.0000000000e-02, 8.8614000000e+03
 1500515400, 5.5000000000e+01, 2.6000000000e+01, 1.2000000000e+01, 5.6733333333e-02, 8.8612000000e+03
 1500515700, 5.5000000000e+01, 2.6000000000e+01, 1.2000000000e+01, 6.2633333333e-02, 8.8618000000e+03
 1500516000, 5.5000000000e+01, 2.6000000000e+01, 1.2000000000e+01, 5.8000000000e-02, 8.8614000000e+03
 1500516300, 5.5000000000e+01, 2.6000000000e+01, 1.2000000000e+01, 5.2633333333e-02, 8.8608633333e+03
 1500516600, 5.5000000000e+01, 2.6000000000e+01, 1.0926666667e+01, 5.6000000000e-02, 8.8614033333e+03
 1500516900, 5.5000000000e+01, 2.6000000000e+01, 1.0673333333e+01, 5.0000000000e-02, 8.8621366667e+03
 1500517200, 5.5000000000e+01, 2.6000000000e+01, 1.1726666667e+01, 5.1366666667e-02, 8.8640200000e+03
 1500517500, 5.5000000000e+01, 2.6000000000e+01, 1.0000000000e+01, 5.2633333333e-02, 8.8629800000e+03
 1500517800, 5.5000000000e+01, 2.6000000000e+01, 1.0000000000e+01, 7.1466666667e-02, 8.8634100000e+03
 1500518100, 5.5000000000e+01, 2.6000000000e+01, 1.1473333333e+01, 1.0536666667e-01, 8.8623266667e+03
 1500518400, 6.0366666667e+01, 2.7073333333e+01, 1.5220000000e+01, 9.1266666667e-02, 8.8625366667e+03
 1500518700, 6.1633333333e+01, 2.7326666667e+01, 1.5980000000e+01, 8.8000000000e-02, 8.8624000000e+03
 1500519000, 5.5000000000e+01, 2.6000000000e+01, 1.1726666667e+01, 7.4633333333e-02, 8.8626000000e+03
 1500519300, 5.5000000000e+01, 2.6000000000e+01, 1.0000000000e+01, 6.0633333333e-02, 8.8626633333e+03
 1500519600, 5.5000000000e+01, 2.6000000000e+01, 1.1873333333e+01, 5.0633333333e-02, 8.8626000000e+03
 1500519900, 5.5000000000e+01, 2.6000000000e+01, 1.2000000000e+01, 5.3366666667e-02, 8.8619366667e+03
 1500520200, 5.5000000000e+01, 2.6000000000e+01, 1.2000000000e+01, 5.2633333333e-02, 8.8633266667e+03
 1500520500, 5.5000000000e+01, 2.6000000000e+01, 1.2000000000e+01, 5.4000000000e-02, 8.8634733333e+03
 1500520800, 5.5000000000e+01, 2.6000000000e+01, 1.2000000000e+01, 5.0000000000e-02, 8.8624633333e+03
 1500521100, 5.5000000000e+01, 2.6000000000e+01, 1.2000000000e+01, 5.9366666667e-02, 8.8615366667e+03
 1500521400, 5.5000000000e+01, 2.6000000000e+01, 1.2000000000e+01, 5.0633333333e-02, 8.8622000000e+03
 1500521700, 5.5000000000e+01, 2.6000000000e+01, 1.2000000000e+01, 5.0000000000e-02, 8.8622633333e+03
 1500522000, 5.5000000000e+01, 2.6000000000e+01, 1.2000000000e+01, 5.7366666667e-02, 8.8626000000e+03
 1500522300, 5.5000000000e+01, 2.6000000000e+01, 1.2000000000e+01, 6.6633333333e-02, 8.8630733333e+03
 1500522600, 5.5000000000e+01, 2.5726666667e+01, 1.1726666667e+01, 5.2000000000e-02, 8.8634633333e+03
 1500522900, 5.5000000000e+01, 2.4000000000e+01, 1.0000000000e+01, 5.0000000000e-02, 8.8636733333e+03
 1500523200, 5.5000000000e+01, 2.5866666667e+01, 1.1866666667e+01, 5.0000000000e-02, 8.8647433333e+03
 1500523500, 5.5000000000e+01, 2.6000000000e+01, 1.2000000000e+01, 5.2000000000e-02, 8.8642633333e+03
 1500523800, 5.5000000000e+01, 2.6000000000e+01, 1.2000000000e+01, 5.0000000000e-02, 8.8636633333e+03
 1500524100, 5.5000000000e+01, 2.6000000000e+01, 1.2000000000e+01, 5.5366666667e-02, 8.8640733333e+03
 1500524400, 5.5000000000e+01, 2.6000000000e+01, 1.2000000000e+01, 5.0633333333e-02, 8.8633266667e+03
 1500524700, 5.5000000000e+01, 2.6000000000e+01, 1.2000000000e+01, 5.2000000000e-02, 8.8638766667e+03
 1500525000, 5.5000000000e+01, 2.6000000000e+01, 1.2000000000e+01, 5.0000000000e-02, 8.8638000000e+03
 1500525300, 5.5000000000e+01, 2.6000000000e+01, 1.0526666667e+01, 5.0000000000e-02, 8.8632633333e+03
 1500525600, 5.5000000000e+01, 2.6000000000e+01, 1.1073333333e+01, 5.0000000000e-02, 8.8642733333e+03
 1500525900, 5.5000000000e+01, 2.6000000000e+01, 1.2000000000e+01, 5.0000000000e-02, 8.8639366667e+03
 1500526200, 5.5000000000e+01, 2.6000000000e+01, 1.2000000000e+01, 5.0000000000e-02, 8.8634000000e+03
 1500526500, 5.5000000000e+01, 2.6000000000e+01, 1.2000000000e+01, 5.3366666667e-02, 8.8637166667e+03
 1500526800, 5.9683333333e+01, 2.7873333333e+01, 1.2000000000e+01, 5.0633333333e-02, 8.8638000000e+03
 1500527100, 5.6316666667e+01, 2.8000000000e+01, 1.0526666667e+01, 5.6000000000e-02, 8.8624633333e+03
 1500527400, 5.5000000000e+01, 2.6926666667e+01, 1.1073333333e+01, 5.9366666667e-02, 8.8639500000e+03
 1500527700, 5.5000000000e+01, 2.6000000000e+01, 1.2000000000e+01, 5.8633333333e-02, 8.8634000000e+03
 1500528000, 5.5000000000e+01, 2.6000000000e+01, 1.2000000000e+01, 5.0000000000e-02, 8.8655366667e+03
 1500528300, 5.5000000000e+01, 2.6000000000e+01, 1.2000000000e+01, 5.0000000000e-02, 8.8640633333e+03
 1500528600, 5.5000000000e+01, 2.6000000000e+01, 1.0126666667e+01, 5.6000000000e-02, 8.8638633333e+03
 1500528900, 5.5000000000e+01, 2.6000000000e+01, 1.1473333333e+01, 5.0000000000e-02, 8.8637366667e+03
 1500529200, 5.5000000000e+01, 2.6000000000e+01, 1.2000000000e+01, 5.0000000000e-02, 8.8646000000e+03
 1500529500, 5.5000000000e+01, 2.6000000000e+01, 1.2000000000e+01, 5.2000000000e-02, 8.8652733333e+03
 1500529800, 5.5000000000e+01, 2.6000000000e+01, 1.2000000000e+01, 5.0000000000e-02, 8.8650000000e+03
 1500530100, 5.5000000000e+01, 2.6000000000e+01, 1.2000000000e+01, 5.0000000000e-02, 8.8637266667e+03
 1500530400, 5.5000000000e+01, 2.6000000000e+01, 1.2000000000e+01, 6.2733333333e-02, 8.8643466667e+03
 1500530700, 5.5000000000e+01, 2.6000000000e+01, 1.0526666667e+01, 6.0633333333e-02, 8.8649900000e+03
 1500531000, 5.5000000000e+01, 2.6000000000e+01, 1.1073333333e+01, 5.0633333333e-02, 8.8661466667e+03
 1500531300, 6.0050000000e+01, 2.8693333333e+01, 1.3346666667e+01, 5.0000000000e-02, 8.8653266667e+03
 1500531600, 6.7950000000e+01, 3.2906666667e+01, 1.5453333333e+01, 5.3366666667e-02, 8.8662000000e+03
 1500531900, 5.5000000000e+01, 2.6000000000e+01, 1.2000000000e+01, 6.6000000000e-02, 8.8666633333e+03
 1500532200, 5.5000000000e+01, 2.6000000000e+01, 1.2000000000e+01, 5.2633333333e-02, 8.8670733333e+03
 1500532500, 5.5000000000e+01, 2.6000000000e+01, 1.0526666667e+01, 5.0000000000e-02, 8.8658633333e+03
 1500532800, 5.5000000000e+01, 2.6000000000e+01, 1.1073333333e+01, 5.0000000000e-02, 8.8656633333e+03
 1500533100, 5.5000000000e+01, 2.6000000000e+01, 1.1326666667e+01, 6.3366666667e-02, 8.8654000000e+03
 1500533400, 5.5683333333e+01, 2.6273333333e+01, 1.0273333333e+01, 5.4000000000e-02, 8.8657366667e+03
 1500533700, 6.0000000000e+01, 2.8000000000e+01, 1.2000000000e+01, 7.4733333333e-02, 8.8662000000e+03
 1500534000, 5.5316666667e+01, 2.8000000000e+01, 1.0126666667e+01, 7.0000000000e-02, 8.8664000000e+03
 1500534300, 5.5000000000e+01, 2.6526666667e+01, 1.1473333333e+01, 9.2733333333e-02, 8.8666000000e+03
 1500534600, 5.5000000000e+01, 2.6000000000e+01, 1.0926666667e+01, 1.0000000000e-01, 8.8658633333e+03
 1500534900, 5.5000000000e+01, 2.6000000000e+01, 1.0673333333e+01, 9.8633333333e-02, 8.8656000000e+03
 1500535200, 5.5000000000e+01, 2.6000000000e+01, 1.1726666667e+01, 8.6633333333e-02, 8.8653366667e+03
 1500535500, 5.5000000000e+01, 2.6000000000e+01, 1.0000000000e+01, 6.5266666667e-02, 8.8648000000e+03
 1500535800, 5.5000000000e+01, 2.6000000000e+01, 1.0000000000e+01, 5.0633333333e-02, 8.8650633333e+03
 1500536100, 5.5000000000e+01, 2.6000000000e+01, 1.1473333333e+01, 5.0000000000e-02, 8.8650633333e+03
 1500536400, 5.5000000000e+01, 2.6000000000e+01, 1.0926666667e+01, 5.0000000000e-02, 8.8644000000e+03
 1500536700, 5.5000000000e+01, 2.6000000000e+01, 1.0673333333e+01, 6.4733333333e-02, 8.8645366667e+03
 1500537000, 5.5000000000e+01, 2.6000000000e+01, 1.1726666667e+01, 7.0000000000e-02, 8.8647366667e+03
 1500537300, 5.5000000000e+01, 2.6000000000e+01, 1.0000000000e+01, 6.6000000000e-02, 8.8676633333e+03
 1500537600, 5.5000000000e+01, 2.6000000000e+01, 1.0000000000e+01, 4.6450000000e-01, 1.3869013333e+04
 1500537900, 1.2498333333e+02, 8.0513333333e+01, 2.4733333333e+01, 2.8903000000e+00, 2.3889993333e+04
 1500538200, 1.5536666667e+02, 1.0536666667e+02, 3.1073333333e+01, 5.1899000000e+00, 3.5354583333e+04
 1500538500, 1.5831666667e+02, 1.0932666667e+02, 3.0653333333e+01, 7.3099333333e+00, 2.7517760000e+04
 1500538800, 1.5363333333e+02, 1.0663333333e+02, 2.8273333333e+01, 8.2731666667e+00, 2.9093073333e+04
 1500539100, 1.4500000000e+02, 9.8000000000e+01, 3.0000000000e+01, 9.4052000000e+00, 3.2560720000e+04
 1500539400, 1.4968333333e+02, 9.9873333333e+01, 3.0000000000e+01, 9.2524333333e+00, 2.4798833333e+04
 1500539700, 1.5366666667e+02, 1.0293333333e+02, 3.1466666667e+01, 9.4373000000e+00, 3.4354243333e+04
 1500540000, 1.5500000000e+02, 1.0722000000e+02, 3.0926666667e+01, 9.7456666667e+00, 2.6874303333e+04
 1500540300, 1.5836666667e+02, 1.1202000000e+02, 3.0673333333e+01, 1.0095533333e+01, 2.9146943333e+04
 1500540600, 1.6366666667e+02, 1.1440000000e+02, 3.2000000000e+01, 1.0341666667e+01, 3.1150346667e+04
 1500540900, 1.5500000000e+02, 1.0400000000e+02, 3.2000000000e+01, 1.0532100000e+01, 2.8179350000e+04
 1500541200, 1.5968333333e+02, 1.0962000000e+02, 3.0126666667e+01, 1.0609766667e+01, 3.5034700000e+04
 1500541500, 1.5263333333e+02, 1.0410666667e+02, 2.8526666667e+01, 1.0658433333e+01, 2.7034356667e+04
 1500541800, 1.6610000000e+02, 1.1595333333e+02, 3.0146666667e+01, 1.0127300000e+01, 2.9854316667e+04
 1500542100, 1.7326666667e+02, 1.2194000000e+02, 3.2000000000e+01, 1.0576500000e+01, 3.1788876667e+04
 1500542400, 1.5863333333e+02, 1.0890666667e+02, 3.1726666667e+01, 1.0645666667e+01, 2.4484556667e+04
 1500542700, 1.5000000000e+02, 1.0200000000e+02, 3.0000000000e+01, 9.9221000000e+00, 3.5187300000e+04
 1500543000, 1.3595000000e+02, 8.8886666667e+01, 3.0000000000e+01, 9.6275666667e+00, 2.7373900000e+04
 1500543300, 1.5341666667e+02, 1.0420666667e+02, 3.0000000000e+01, 1.0026666667e+01, 2.9513853333e+04
 1500543600, 1.6000000000e+02, 1.1214666667e+02, 2.8926666667e+01, 1.0316766667e+01, 3.1867910000e+04
 1500543900, 1.5495000000e+02, 1.0928666667e+02, 2.8000000000e+01, 1.0568400000e+01, 2.8715936667e+04
 1500544200, 1.4705000000e+02, 1.0082000000e+02, 2.8820000000e+01, 1.0455100000e+01, 3.4900226667e+04
 1500544500, 1.6000000000e+02, 1.0600000000e+02, 3.4000000000e+01, 1.0534600000e+01, 2.6964793333e+04
 1500544800, 1.6000000000e+02, 1.1349333333e+02, 3.0253333333e+01, 1.0556233333e+01, 2.9563703333e+04
 1500545100, 1.4526666667e+02, 9.6320000000e+01, 3.0000000000e+01, 1.0569800000e+01, 3.1817460000e+04
 1500545400, 1.4805000000e+02, 9.7513333333e+01, 3.1073333333e+01, 1.0041700000e+01, 2.4478820000e+04
 1500545700, 1.5331666667e+02, 1.0265333333e+02, 3.2000000000e+01, 9.6742333333e+00, 3.4940243333e+04
 1500546000, 1.5068333333e+02, 1.0054666667e+02, 3.2000000000e+01, 9.7109000000e+00, 2.7198580000e+04
 1500546300, 1.5500000000e+02, 1.0400000000e+02, 3.2000000000e+01, 9.8471000000e+00, 2.9370363333e+04
 1500546600, 1.5031666667e+02, 1.0400000000e+02, 3.0126666667e+01, 9.3146666667e+00, 3.1219686667e+04
 1500546900, 1.5000000000e+02, 1.0252666667e+02, 3.0000000000e+01, 9.3828666667e+00, 2.5017440000e+04
 1500547200, 1.5268333333e+02, 1.0307333333e+02, 3.1073333333e+01, 9.8324333333e+00, 3.5231976667e+04
 1500547500, 1.5836666667e+02, 1.0669333333e+02, 3.1326666667e+01, 1.0321733333e+01, 2.7837053333e+04
 1500547800, 1.6090000000e+02, 1.0899333333e+02, 2.9453333333e+01, 1.0021166667e+01, 3.0098606667e+04
 1500548100, 1.3500000000e+02, 9.0000000000e+01, 2.6000000000e+01, 9.8495000000e+00, 3.3027580000e+04
 1500548400, 1.6310000000e+02, 1.1435333333e+02, 2.9746666667e+01, 1.0160166667e+01, 2.7470973333e+04
 1500548700, 1.6500000000e+02, 1.1600000000e+02, 3.1473333333e+01, 1.0190300000e+01, 3.3305320000e+04
 1500549000, 1.4890000000e+02, 1.0204666667e+02, 2.9853333333e+01, 1.0183133333e+01, 2.8974596667e+04
 1500549300, 1.4005000000e+02, 9.4040000000e+01, 2.8673333333e+01, 1.0080433333e+01, 2.6705403333e+04
 1500549600, 1.4931666667e+02, 1.0118000000e+02, 3.0273333333e+01, 9.7982000000e+00, 3.4256293333e+04
 1500549900, 1.4500000000e+02, 9.6000000000e+01, 3.2000000000e+01, 9.9769666667e+00, 2.4709400000e+04
 1500550200, 1.5900000000e+02, 1.1093333333e+02, 3.0133333333e+01, 1.0050600000e+01, 3.3229670000e+04
 1500550500, 1.4895000000e+02, 1.0168666667e+02, 3.0000000000e+01, 1.0224300000e+01, 3.0613673333e+04
 1500550800, 1.5036666667e+02, 1.0122000000e+02, 3.2146666667e+01, 9.9942000000e+00, 2.7822456667e+04
 1500551100, 1.5668333333e+02, 1.0534666667e+02, 3.4000000000e+01, 1.0494466667e+01, 3.4245080000e+04
 1500551400, 1.6000000000e+02, 1.0827333333e+02, 3.3726666667e+01, 1.0356533333e+01, 2.7314913333e+04
 1500551700, 1.6000000000e+02, 1.1000000000e+02, 3.2000000000e+01, 9.7905000000e+00, 2.9740776667e+04
 1500552000, 1.5531666667e+02, 9.5013333333e+01, 2.8253333333e+01, 1.0033766667e+01, 2.0860863333e+04
 1500552300, 1.4026666667e+02, 8.9580000000e+01, 2.8000000000e+01, 1.0217033333e+01, 2.2221503333e+04
 1500552600, 1.4036666667e+02, 9.3366666667e+01, 2.8000000000e+01, 9.7767333333e+00, 3.0443596667e+04
 1500552900, 1.3995000000e+02, 9.3286666667e+01, 2.8000000000e+01, 9.6346333333e+00, 2.8260953333e+04
 1500553200, 1.3136666667e+02, 8.5093333333e+01, 2.8273333333e+01, 9.2330666667e+00, 3.5303256667e+04
 1500553500, 1.4000000000e+02, 9.2000000000e+01, 3.0000000000e+01, 9.6433666667e+00, 2.6866976667e+04
 1500553800, 1.3531666667e+02, 9.0126666667e+01, 2.8126666667e+01, 9.8294333333e+00, 2.8648440000e+04
 1500554100, 1.3868333333e+02, 9.0000000000e+01, 3.0946666667e+01, 9.2860333333e+00, 3.1793140000e+04
 1500554400, 1.6146666667e+02, 1.1254000000e+02, 3.0926666667e+01, 9.3385333333e+00, 2.5280900000e+04
 1500554700, 1.7831666667e+02, 1.2863333333e+02, 3.1346666667e+01, 1.0184966667e+01, 3.4592993333e+04
 1500555000, 1.7363333333e+02, 1.2036000000e+02, 3.4000000000e+01, 1.0647233333e+01, 2.8817050000e+04
 1500555300, 1.6500000000e+02, 1.1000000000e+02, 3.4000000000e+01, 1.1140433333e+01, 3.0038360000e+04
 1500555600, 1.3690000000e+02, 8.7520000000e+01, 3.2126666667e+01, 1.0827033333e+01, 3.3339630000e+04
 1500555900, 1.3868333333e+02, 9.0420000000e+01, 2.9053333333e+01, 1.0836366667e+01, 2.7811360000e+04
 1500556200, 1.4000000000e+02, 9.2000000000e+01, 2.9073333333e+01, 1.0985533333e+01, 3.3175573333e+04
 1500556500, 1.4841666667e+02, 9.8060000000e+01, 3.1346666667e+01, 1.1083000000e+01, 2.9472383333e+04
 1500556800, 1.6158333333e+02, 1.0699333333e+02, 3.3726666667e+01, 1.1140500000e+01, 2.7347620000e+04
 1500557100, 1.4000000000e+02, 8.8000000000e+01, 3.2000000000e+01, 1.1110333333e+01, 3.4244933333e+04
 1500557400, 1.4468333333e+02, 9.1746666667e+01, 3.3873333333e+01, 1.1180833333e+01, 2.5403420000e+04
 1500557700, 1.4868333333e+02, 9.7893333333e+01, 3.2526666667e+01, 1.0709533333e+01, 2.8857520000e+04
 1500558000, 1.5536666667e+02, 1.0536666667e+02, 3.0926666667e+01, 1.0329233333e+01, 3.1850126667e+04
 1500558300, 1.5495000000e+02, 1.0528666667e+02, 3.0000000000e+01, 1.0117200000e+01, 2.5031206667e+04
 1500558600, 1.4568333333e+02, 9.6820000000e+01, 2.9726666667e+01, 1.0316333333e+01, 3.5560340000e+04
 1500558900, 1.5000000000e+02, 1.0200000000e+02, 2.8000000000e+01, 1.0147433333e+01, 2.8077526667e+04
 1500559200, 1.3126666667e+02, 8.7013333333e+01, 2.6126666667e+01, 1.0101733333e+01, 2.9212823333e+04
 1500559500, 1.4841666667e+02, 1.0073333333e+02, 2.8946666667e+01, 1.0123766667e+01, 3.1756763333e+04
 1500559800, 1.4695000000e+02, 9.9560000000e+01, 2.8926666667e+01, 1.0566733333e+01, 2.8332173333e+04
 1500560100, 1.4673333333e+02, 9.8713333333e+01, 2.9346666667e+01, 1.0857433333e+01, 3.1737066667e+04
 1500560400, 1.6068333333e+02, 1.0827333333e+02, 3.2273333333e+01, 1.0564600000e+01, 2.7271550000e+04
 1500560700, 1.6500000000e+02, 1.1000000000e+02, 3.4000000000e+01, 1.0243933333e+01, 3.0564456667e+04
 1500561000, 1.5563333333e+02, 1.1000000000e+02, 2.8380000000e+01, 1.0144000000e+01, 3.2639446667e+04
 1500561300, 1.5868333333e+02, 1.0852666667e+02, 2.9473333333e+01, 1.0688200000e+01, 2.7089193333e+04
 1500561600, 1.6536666667e+02, 1.1444000000e+02, 3.1073333333e+01, 1.0734966667e+01, 3.2509113333e+04
 1500561900, 1.6831666667e+02, 1.1663333333e+02, 3.2673333333e+01, 1.0996566667e+01, 2.9447313333e+04
 1500562200, 1.6295000000e+02, 1.0918000000e+02, 3.3180000000e+01, 1.1051133333e+01, 2.7168793333e+04
 1500562500, 1.5000000000e+02, 1.0400000000e+02, 2.8000000000e+01, 1.0713433333e+01, 3.5088146667e+04
 1500562800, 1.7810000000e+02, 9.8380000000e+01, 3.5493333333e+01, 1.0898500000e+01, 2.5608943333e+04
 1500563100, 1.6526666667e+02, 1.0684000000e+02, 3.3053333333e+01, 1.0930666667e+01, 2.9482986667e+04
 1500563400, 1.6805000000e+02, 1.1751333333e+02, 3.2000000000e+01, 1.0836700000e+01, 3.2314420000e+04
 1500563700, 1.6826666667e+02, 1.1928666667e+02, 3.1326666667e+01, 1.0661333333e+01, 2.5932650000e+04
 1500564000, 1.5295000000e+02, 1.0754000000e+02, 2.9726666667e+01, 1.0695233333e+01, 3.2685283333e+04
 1500564300, 1.4000000000e+02, 9.2000000000e+01, 2.8000000000e+01, 1.1577500000e+01, 2.8714156667e+04
 1500564600, 1.6341666667e+02, 1.1260666667e+02, 3.3620000000e+01, 1.1651333333e+01, 2.6719480000e+04
 1500564900, 1.5026666667e+02, 1.0074000000e+02, 2.9580000000e+01, 1.1416733333e+01, 3.3702573333e+04
 1500565200, 1.3695000000e+02, 8.8486666667e+01, 2.8000000000e+01, 1.1377833333e+01, 2.8428533333e+04
 1500565500, 1.3673333333e+02, 8.7386666667e+01, 2.8673333333e+01, 1.0879566667e+01, 3.3285433333e+04
 1500565800, 1.5000000000e+02, 9.8000000000e+01, 3.0273333333e+01, 1.1451600000e+01, 3.0970843333e+04
 1500566100, 1.5000000000e+02, 9.8000000000e+01, 3.2000000000e+01, 1.2077700000e+01, 2.8829093333e+04
 1500566400, 1.5000000000e+02, 9.9873333333e+01, 3.2000000000e+01, 1.2292000000e+01, 2.2612960000e+04
 1500566700, 9.1066666667e+01, 5.2853333333e+01, 2.0213333333e+01, 1.1243133333e+01, 1.8609920000e+04
 1500567000, 1.1561666667e+02, 7.5713333333e+01, 2.3513333333e+01, 1.1213866667e+01, 2.7821136667e+04
 1500567300, 1.5668333333e+02, 1.1000000000e+02, 3.0673333333e+01, 1.1107366667e+01, 3.0351890000e+04
 1500567600, 1.6000000000e+02, 1.1027333333e+02, 3.1726666667e+01, 1.1739100000e+01, 3.2836330000e+04
 1500567900, 1.6000000000e+02, 1.1200000000e+02, 3.0000000000e+01, 1.2170166667e+01, 2.7218666667e+04
 1500568200, 1.5531666667e+02, 1.0825333333e+02, 3.0000000000e+01, 1.1572500000e+01, 3.3208300000e+04
 1500568500, 1.4763333333e+02, 1.0063333333e+02, 2.8526666667e+01, 1.1107933333e+01, 2.8655773333e+04
 1500568800, 1.5305000000e+02, 1.0444000000e+02, 3.0146666667e+01, 1.1159433333e+01, 2.6452030000e+04
 1500569100, 1.5495000000e+02, 1.0528666667e+02, 3.0653333333e+01, 1.1359533333e+01, 3.3975683333e+04
 1500569400, 1.4705000000e+02, 9.7913333333e+01, 2.8546666667e+01, 1.1442766667e+01, 2.6144300000e+04
 1500569700, 1.6000000000e+02, 1.1000000000e+02, 3.2000000000e+01, 1.1633900000e+01, 2.9166233333e+04
 1500570000, 1.6000000000e+02, 1.1374666667e+02, 2.8253333333e+01, 1.1337400000e+01, 3.1591900000e+04
 1500570300, 1.6736666667e+02, 1.1842000000e+02, 3.0946666667e+01, 1.1186766667e+01, 2.5820586667e+04
 1500570600, 1.5390000000e+02, 1.0497333333e+02, 2.9853333333e+01, 1.1487800000e+01, 3.2884930000e+04
 1500570900, 1.4333333333e+02, 9.4000000000e+01, 2.9333333333e+01, 1.1913700000e+01, 2.8366676667e+04
 1500571200, 1.5136666667e+02, 9.9640000000e+01, 3.1726666667e+01, 1.1961400000e+01, 2.6089843333e+04
 1500571500, 1.6000000000e+02, 1.1000000000e+02, 3.0000000000e+01, 1.1816000000e+01, 3.3605520000e+04
 1500571800, 1.5531666667e+02, 1.0438000000e+02, 3.0000000000e+01, 1.1526400000e+01, 2.8899490000e+04
 1500572100, 1.6236666667e+02, 1.0989333333e+02, 3.1473333333e+01, 1.1732366667e+01, 2.8521280000e+04
 1500572400, 1.6768333333e+02, 1.1629333333e+02, 3.0926666667e+01, 1.1275233333e+01, 3.0764750000e+04
 1500572700, 1.6326666667e+02, 1.1326666667e+02, 2.9326666667e+01, 1.1195433333e+01, 2.8598393333e+04
 1500573000, 1.5273333333e+02, 1.0300666667e+02, 2.8273333333e+01, 1.1034466667e+01, 3.5239550000e+04
 1500573300, 1.7000000000e+02, 1.2200000000e+02, 3.0000000000e+01, 1.0829500000e+01, 2.8093270000e+04
 1500573600, 1.4190000000e+02, 9.5773333333e+01, 2.8126666667e+01, 1.1080933333e+01, 3.0285190000e+04
 1500573900, 1.5105000000e+02, 1.0136666667e+02, 3.0946666667e+01, 1.1245766667e+01, 3.3190466667e+04
 1500574200, 1.5231666667e+02, 1.0185333333e+02, 3.0926666667e+01, 1.1197966667e+01, 2.7169296667e+04
 1500574500, 1.5505000000e+02, 1.0404000000e+02, 3.1346666667e+01, 1.1432500000e+01, 3.3190830000e+04
 1500574800, 1.6568333333e+02, 1.1282000000e+02, 3.4000000000e+01, 1.1725233333e+01, 3.0696290000e+04
 1500575100, 1.7000000000e+02, 1.1800000000e+02, 3.4000000000e+01, 1.1678433333e+01, 2.8182160000e+04
 1500575400, 1.4190000000e+02, 9.5520000000e+01, 3.0253333333e+01, 1.1718866667e+01, 3.5024856667e+04
 1500575700, 1.5105000000e+02, 1.0431333333e+02, 2.7053333333e+01, 1.2143366667e+01, 2.2004606667e+04
 1500576000, 1.5231666667e+02, 1.0370666667e+02, 2.9220000000e+01, 1.1792733333e+01, 2.0925800000e+04
 1500576300, 1.5505000000e+02, 1.0404000000e+02, 3.2000000000e+01, 1.1461566667e+01, 2.4218930000e+04
 1500576600, 1.6500000000e+02, 1.1254666667e+02, 3.2000000000e+01, 1.1724033333e+01, 3.4503840000e+04
 1500576900, 1.6500000000e+02, 1.1600000000e+02, 3.2000000000e+01, 1.1555133333e+01, 2.8081166667e+04
 1500577200, 1.4626666667e+02, 9.7266666667e+01, 3.2000000000e+01, 1.1217533333e+01, 3.0067006667e+04
 1500577500, 1.5236666667e+02, 1.0631333333e+02, 2.9053333333e+01, 1.1196033333e+01, 3.3611386667e+04
 1500577800, 1.5231666667e+02, 1.0570666667e+02, 3.0146666667e+01, 1.1789233333e+01, 2.7160273333e+04
 1500578100, 1.5168333333e+02, 1.0267333333e+02, 3.1326666667e+01, 1.1733466667e+01, 3.3444343333e+04
 1500578400, 1.5500000000e+02, 1.0454666667e+02, 3.0000000000e+01, 1.1374466667e+01, 2.9623630000e+04
 1500578700, 1.5500000000e+02, 1.0800000000e+02, 3.0000000000e+01, 1.1114166667e+01, 2.7305340000e+04
 1500579000, 1.6905000000e+02, 1.1924000000e+02, 3.0000000000e+01, 1.0824433333e+01, 3.5032206667e+04
 1500579300, 1.5158333333e+02, 1.0526666667e+02, 2.8526666667e+01, 1.0770133333e+01, 2.5817560000e+04
 1500579600, 1.5305000000e+02, 1.0536666667e+02, 3.0146666667e+01, 1.0827666667e+01, 2.8886873333e+04
 1500579900, 1.5663333333e+02, 1.0663333333e+02, 3.2000000000e+01, 1.0784166667e+01, 3.1536753333e+04
 1500580200, 1.5000000000e+02, 1.0054666667e+02, 3.1726666667e+01, 1.1128933333e+01, 2.6113423333e+04
 1500580500, 1.5000000000e+02, 1.0400000000e+02, 3.0000000000e+01, 1.0751400000e+01, 3.1991120000e+04
 1500580800, 1.5000000000e+02, 1.0400000000e+02, 2.8126666667e+01, 1.0656900000e+01, 2.8549616667e+04
 1500581100, 1.7210000000e+02, 1.1873333333e+02, 3.2420000000e+01, 1.0833766667e+01, 2.6424026667e+04
 1500581400, 1.6926666667e+02, 1.1541333333e+02, 3.4000000000e+01, 1.0593633333e+01, 3.3396880000e+04
 1500581700, 1.5663333333e+02, 1.0665333333e+02, 3.1980000000e+01, 1.0503433333e+01, 2.4574163333e+04
 1500582000, 1.5341666667e+02, 1.0700666667e+02, 2.8546666667e+01, 1.0459966667e+01, 3.3373496667e+04
 1500582300, 1.7500000000e+02, 1.2600000000e+02, 3.2000000000e+01, 9.7076000000e+00, 3.1057446667e+04
 1500582600, 1.6563333333e+02, 1.1288666667e+02, 3.2000000000e+01, 9.6937000000e+00, 2.4543040000e+04
 1500582900, 1.5026666667e+02, 1.0021333333e+02, 3.0526666667e+01, 9.9779333333e+00, 3.1639130000e+04
 1500583200, 1.5036666667e+02, 1.0244000000e+02, 2.7853333333e+01, 1.0487233333e+01, 2.7621670000e+04
 1500583500, 1.5331666667e+02, 1.0530666667e+02, 2.8020000000e+01, 1.0512300000e+01, 3.0533280000e+04
 1500583800, 1.5068333333e+02, 1.0082000000e+02, 3.1726666667e+01, 1.0816633333e+01, 3.3694280000e+04
 1500584100, 1.5500000000e+02, 1.0600000000e+02, 3.0000000000e+01, 1.1065666667e+01, 2.8843126667e+04
 1500584400, 1.5966666667e+02, 1.0786666667e+02, 3.1866666667e+01, 1.1013700000e+01, 2.8860196667e+04
 1500584700, 1.6368333333e+02, 1.1389333333e+02, 3.2000000000e+01, 1.1218100000e+01, 3.1251703333e+04
 1500585000, 1.5963333333e+02, 1.1063333333e+02, 3.0926666667e+01, 1.0743200000e+01, 2.4867503333e+04
 1500585300, 1.5836666667e+02, 1.0869333333e+02, 3.1346666667e+01, 1.1128366667e+01, 3.4488160000e+04
 1500585600, 1.6568333333e+02, 1.1482000000e+02, 3.4000000000e+01, 1.0839766667e+01, 2.8791913333e+04
 1500585900, 1.7000000000e+02, 1.2000000000e+02, 3.4000000000e+01, 1.1161800000e+01, 3.0537146667e+04
 1500586200, 1.6063333333e+02, 1.1063333333e+02, 3.2126666667e+01, 1.0478266667e+01, 3.2984013333e+04
 1500586500, 1.5631666667e+02, 1.0705333333e+02, 3.0526666667e+01, 1.0291266667e+01, 2.8444753333e+04
 1500586800, 1.6305000000e+02, 1.1136666667e+02, 3.3220000000e+01, 1.0447233333e+01, 3.3463473333e+04
 1500587100, 1.7168333333e+02, 1.1869333333e+02, 3.5326666667e+01, 9.9516000000e+00, 3.1284876667e+04
 1500587400, 1.7363333333e+02, 1.2263333333e+02, 3.3453333333e+01, 1.0277933333e+01, 2.9203296667e+04
 1500587700, 1.6500000000e+02, 1.1400000000e+02, 3.0000000000e+01, 1.0533900000e+01, 3.5314536667e+04
 1500588000, 1.6031666667e+02, 1.0838000000e+02, 3.3746666667e+01, 1.0308300000e+01, 2.8474066667e+04
 1500588300, 1.4895000000e+02, 9.6213333333e+01, 3.2526666667e+01, 1.0872933333e+01, 3.0723960000e+04
 1500588600, 1.5036666667e+02, 9.8440000000e+01, 3.2000000000e+01, 1.0920233333e+01, 3.4083466667e+04
 1500588900, 1.5333333333e+02, 1.0333333333e+02, 3.0666666667e+01, 1.1206433333e+01, 2.8353933333e+04
 1500589200, 1.5000000000e+02, 1.0118000000e+02, 2.9093333333e+01, 1.1005100000e+01, 3.3560146667e+04
 1500589500, 1.5000000000e+02, 9.6000000000e+01, 3.6000000000e+01, 1.0200366667e+01, 3.0602436667e+04
 1500589800, 1.5936666667e+02, 1.1098666667e+02, 3.0380000000e+01, 1.0589833333e+01, 2.7895693333e+04
 1500590100, 1.6736666667e+02, 1.1642000000e+02, 3.2946666667e+01, 1.0471900000e+01, 3.5376606667e+04
 1500590400, 1.5926666667e+02, 1.0941333333e+02, 3.0780000000e+01, 1.0550166667e+01, 2.7845856667e+04
 1500590700, 1.5505000000e+02, 1.0604000000e+02, 2.9346666667e+01, 1.1173333333e+01, 2.9269230000e+04
 1500591000, 1.6295000000e+02, 1.1208666667e+02, 3.1726666667e+01, 1.0934033333e+01, 3.2166770000e+04
 1500591300, 1.5000000000e+02, 1.0000000000e+02, 3.0000000000e+01, 1.0863100000e+01, 2.5803163333e+04
 1500591600, 1.5000000000e+02, 1.0187333333e+02, 3.0000000000e+01, 1.0974333333e+01, 3.1987093333e+04
 1500591900, 1.4631666667e+02, 9.9053333333e+01, 2.8526666667e+01, 1.0881500000e+01, 2.8603860000e+04
 1500592200, 1.5036666667e+02, 1.0014666667e+02, 3.1220000000e+01, 1.1040133333e+01, 2.6550283333e+04
 1500592500, 1.6341666667e+02, 1.1008000000e+02, 3.4000000000e+01, 1.0693766667e+01, 3.4351536667e+04
 1500592800, 1.7658333333e+02, 1.2299333333e+02, 3.3453333333e+01, 1.0123233333e+01, 2.5497036667e+04
 1500593100, 1.5500000000e+02, 1.0400000000e+02, 3.0000000000e+01, 1.0364333333e+01, 3.3212040000e+04
 1500593400, 1.5968333333e+02, 1.0962000000e+02, 2.8126666667e+01, 1.0385166667e+01, 3.1153043333e+04
 1500593700, 1.6368333333e+02, 1.1294666667e+02, 3.0946666667e+01, 1.0233366667e+01, 2.8709820000e+04
 1500594000, 1.6231666667e+02, 1.1078000000e+02, 3.3073333333e+01, 1.0440733333e+01, 3.4594610000e+04
 1500594300, 1.5663333333e+02, 1.0530666667e+02, 3.2653333333e+01, 1.0347100000e+01, 2.8116243333e+04
 1500594600, 1.5068333333e+02, 1.0109333333e+02, 3.0000000000e+01, 1.0458266667e+01, 3.0188863333e+04
 1500594900, 1.5500000000e+02, 1.0800000000e+02, 3.0000000000e+01, 1.0101033333e+01, 3.3073823333e+04
 1500595200, 1.7841666667e+02, 1.2673333333e+02, 3.3746666667e+01, 1.0285233333e+01, 2.7390636667e+04
 1500595500, 1.5421666667e+02, 1.0148000000e+02, 3.2526666667e+01, 1.0921266667e+01, 3.3306946667e+04
 1500595800, 1.5036666667e+02, 1.0058666667e+02, 3.0926666667e+01, 1.1066000000e+01, 2.0601043333e+04
 1500596100, 1.5335000000e+02, 1.0536000000e+02, 3.0000000000e+01, 1.1100033333e+01, 2.2731140000e+04
 1500596400, 1.4931666667e+02, 9.8906666667e+01, 3.0546666667e+01, 1.0748400000e+01, 2.7295410000e+04
 1500596700, 1.4500000000e+02, 9.2000000000e+01, 3.4000000000e+01, 1.1140566667e+01, 3.0390883333e+04
 1500597000, 1.5905000000e+02, 1.1073333333e+02, 3.0253333333e+01, 1.0837766667e+01, 3.3008526667e+04
 1500597300, 1.4526666667e+02, 9.8740000000e+01, 2.8526666667e+01, 1.0376166667e+01, 2.7443943333e+04
 1500597600, 1.4805000000e+02, 9.8293333333e+01, 3.0146666667e+01, 1.0416166667e+01, 3.3037506667e+04
 1500597900, 1.4995000000e+02, 9.9306666667e+01, 3.1326666667e+01, 1.0331300000e+01, 3.0483763333e+04
 1500598200, 1.4126666667e+02, 9.4760000000e+01, 2.9746666667e+01, 9.9927333333e+00, 2.8368120000e+04
 1500598500, 1.5000000000e+02, 1.0000000000e+02, 2.8000000000e+01, 9.7210666667e+00, 3.5446943333e+04
 1500598800, 1.4531666667e+02, 9.6253333333e+01, 3.1746666667e+01, 1.0228466667e+01, 2.6736470000e+04
 1500599100, 1.5605000000e+02, 1.0631333333e+02, 3.3473333333e+01, 1.0513700000e+01, 2.9330636667e+04
 1500599400, 1.5195000000e+02, 1.0463333333e+02, 3.0780000000e+01, 1.0079833333e+01, 3.2223973333e+04
 1500599700, 1.4331666667e+02, 9.7306666667e+01, 2.8673333333e+01, 9.9284000000e+00, 2.6837670000e+04
 1500600000, 1.4341666667e+02, 9.5280000000e+01, 3.0273333333e+01, 9.9447666667e+00, 3.3227726667e+04
 1500600300, 1.6500000000e+02, 1.1600000000e+02, 3.2000000000e+01, 1.0285066667e+01, 2.9702556667e+04
 1500600600, 1.5095000000e+02, 1.0101333333e+02, 3.0126666667e+01, 1.0551700000e+01, 2.7021780000e+04
 1500600900, 1.5000000000e+02, 1.0147333333e+02, 3.0000000000e+01, 1.1032900000e+01, 3.4136083333e+04
 1500601200, 1.5000000000e+02, 1.0092666667e+02, 3.0000000000e+01, 1.1157700000e+01, 2.5729780000e+04
 1500601500, 1.5673333333e+02, 1.0538666667e+02, 3.0673333333e+01, 1.1547466667e+01, 2.9313130000e+04
 1500601800, 1.6863333333e+02, 1.1518000000e+02, 3.2000000000e+01, 1.1710200000e+01, 3.1413646667e+04
 1500602100, 1.6000000000e+02, 1.1000000000e+02, 3.2000000000e+01, 1.1560433333e+01, 2.5408273333e+04
 1500602400, 1.6000000000e+02, 1.1000000000e+02, 3.0126666667e+01, 1.1739700000e+01, 3.4586653333e+04
 1500602700, 1.4895000000e+02, 1.0263333333e+02, 2.7053333333e+01, 1.1953733333e+01, 2.8512673333e+04
 1500603000, 1.4500000000e+02, 9.5706666667e+01, 2.9220000000e+01, 1.1444533333e+01, 3.0700920000e+04
 1500603300, 1.5173333333e+02, 9.8733333333e+01, 3.2000000000e+01, 1.0929566667e+01, 3.3237073333e+04
 1500603600, 1.6431666667e+02, 1.1172666667e+02, 3.1726666667e+01, 1.0958533333e+01, 2.7464226667e+04
 1500603900, 1.6000000000e+02, 1.1000000000e+02, 3.0000000000e+01, 1.0821133333e+01, 3.3019416667e+04
 1500604200, 1.5063333333e+02, 1.0063333333e+02, 2.8126666667e+01, 1.1427366667e+01, 2.9612523333e+04
 1500604500, 1.7210000000e+02, 1.2210000000e+02, 3.0946666667e+01, 1.1187133333e+01, 2.7903213333e+04
 1500604800, 1.6121666667e+02, 1.0960666667e+02, 3.2000000000e+01, 1.0740566667e+01, 3.4879466667e+04
 1500605100, 1.4836666667e+02, 9.5366666667e+01, 3.1326666667e+01, 1.0434200000e+01, 2.5645913333e+04
 1500605400, 1.5158333333e+02, 9.9813333333e+01, 2.9453333333e+01, 9.9525333333e+00, 2.9414240000e+04
 1500605700, 1.3000000000e+02, 8.6000000000e+01, 2.6000000000e+01, 9.8629333333e+00, 3.1398663333e+04
 1500606000, 1.4405000000e+02, 9.3493333333e+01, 3.1620000000e+01, 9.7550000000e+00, 2.5396350000e+04
 1500606300, 1.4868333333e+02, 9.8420000000e+01, 3.2000000000e+01, 1.0041966667e+01, 3.2729433333e+04
 1500606600, 1.5268333333e+02, 1.0214666667e+02, 3.0926666667e+01, 9.8427666667e+00, 2.7446716667e+04
 1500606900, 1.5500000000e+02, 1.0400000000e+02, 3.0000000000e+01, 1.0269200000e+01, 2.6021376667e+04
 1500607200, 1.5373333333e+02, 1.0324000000e+02, 3.0000000000e+01, 1.0655966667e+01, 3.3410850000e+04
 1500607500, 1.4500000000e+02, 9.8000000000e+01, 3.0000000000e+01, 1.0454566667e+01, 2.8609093333e+04
 1500607800, 1.3563333333e+02, 8.8633333333e+01, 2.8126666667e+01, 1.0416700000e+01, 3.3181310000e+04
 1500608100, 1.4973333333e+02, 1.0273333333e+02, 2.9473333333e+01, 1.0007266667e+01, 3.0905363333e+04
 1500608400, 1.5231666667e+02, 1.0478000000e+02, 2.8926666667e+01, 1.0092133333e+01, 2.9052630000e+04
 1500608700, 1.5505000000e+02, 1.0536666667e+02, 2.9346666667e+01, 1.0612600000e+01, 3.4685470000e+04
 1500609000, 1.6431666667e+02, 1.1172666667e+02, 3.2000000000e+01, 1.0965433333e+01, 2.7436443333e+04
 1500609300, 1.6000000000e+02, 1.1000000000e+02, 3.2000000000e+01, 1.1356300000e+01, 3.0462006667e+04
 1500609600, 1.4595000000e+02, 9.6886666667e+01, 2.8253333333e+01, 1.1149366667e+01, 3.2822843333e+04
 1500609900, 1.6341666667e+02, 1.1368000000e+02, 3.0946666667e+01, 1.0794366667e+01, 2.6274943333e+04
 1500610200, 1.6463333333e+02, 1.1463333333e+02, 3.0926666667e+01, 1.0526700000e+01, 3.2485753333e+04
 1500610500, 1.6168333333e+02, 1.1202000000e+02, 3.0000000000e+01, 1.0455966667e+01, 2.7644343333e+04
 1500610800, 1.6090000000e+02, 1.1217333333e+02, 2.9453333333e+01, 1.0666666667e+01, 3.0006540000e+04
 1500611100, 1.3500000000e+02, 8.8000000000e+01, 2.6000000000e+01, 1.0388966667e+01, 3.3430546667e+04
 1500611400, 1.7715000000e+02, 1.2546666667e+02, 3.1620000000e+01, 1.0240066667e+01, 2.7733726667e+04
 1500611700, 1.6526666667e+02, 1.1474000000e+02, 3.2000000000e+01, 1.0337800000e+01, 3.3429523333e+04
 1500612000, 1.5731666667e+02, 1.0570666667e+02, 3.0926666667e+01, 1.0811766667e+01, 2.9770276667e+04
 1500612300, 1.5500000000e+02, 1.0402000000e+02, 3.0000000000e+01, 1.0770766667e+01, 2.7869826667e+04
 1500612600, 1.5500000000e+02, 1.0718000000e+02, 3.0273333333e+01, 1.0548866667e+01, 3.4575163333e+04
 1500612900, 1.5500000000e+02, 1.0200000000e+02, 3.2000000000e+01, 1.0729900000e+01, 2.4835963333e+04
 1500613200, 1.5500000000e+02, 1.0200000000e+02, 3.2000000000e+01, 1.1014066667e+01, 3.3471113333e+04
 1500613500, 1.5131666667e+02, 1.0200000000e+02, 2.9053333333e+01, 1.0215133333e+01, 3.0370260000e+04
 1500613800, 1.5805000000e+02, 1.0629333333e+02, 3.1220000000e+01, 9.9797666667e+00, 2.7941370000e+04
 1500614100, 1.6163333333e+02, 1.0730666667e+02, 3.3326666667e+01, 9.7706333333e+00, 3.5436726667e+04
 1500614400, 1.5500000000e+02, 1.0200000000e+02, 3.2273333333e+01, 9.6025666667e+00, 2.7047230000e+04
 1500614700, 1.5500000000e+02, 1.0200000000e+02, 3.4000000000e+01, 9.8271666667e+00, 2.9370853333e+04
 1500615000, 1.3626666667e+02, 9.0760000000e+01, 2.6506666667e+01, 9.9325333333e+00, 3.1617546667e+04
 1500615300, 1.5341666667e+02, 1.0326000000e+02, 3.0420000000e+01, 9.8379333333e+00, 2.5276000000e+04
 1500615600, 1.6805000000e+02, 1.1444000000e+02, 3.3073333333e+01, 1.0096433333e+01, 3.4908410000e+04
 1500615900, 1.6995000000e+02, 1.1663333333e+02, 3.2653333333e+01, 1.0151966667e+01, 2.8670130000e+04
 1500616200, 1.5863333333e+02, 1.0918000000e+02, 2.9726666667e+01, 1.0666933333e+01, 3.0420040000e+04
 1500616500, 1.5000000000e+02, 1.0400000000e+02, 2.8000000000e+01, 1.0388633333e+01, 3.2956076667e+04
 1500616800, 1.5468333333e+02, 1.0587333333e+02, 2.9873333333e+01, 1.0277033333e+01, 2.7548310000e+04
 1500617100, 1.5500000000e+02, 1.0452666667e+02, 3.1473333333e+01, 1.0953600000e+01, 3.2855423333e+04
 1500617400, 1.6036666667e+02, 1.0829333333e+02, 3.2000000000e+01, 1.1045066667e+01, 2.8779276667e+04
 1500617700, 1.5826666667e+02, 1.0594000000e+02, 3.2000000000e+01, 1.0936300000e+01, 2.9897943333e+04
 1500618000, 1.4568333333e+02, 9.4820000000e+01, 3.1726666667e+01, 1.0453433333e+01, 3.3670250000e+04
 1500618300, 1.5000000000e+02, 1.0000000000e+02, 3.0000000000e+01, 1.0094233333e+01, 2.8008863333e+04
 1500618600, 1.3595000000e+02, 8.8760000000e+01, 2.8126666667e+01, 9.9603000000e+00, 3.3509786667e+04
 1500618900, 1.4605000000e+02, 9.8313333333e+01, 2.9473333333e+01, 1.0176466667e+01, 2.9498256667e+04
 1500619200, 1.6073333333e+02, 1.0951333333e+02, 3.1073333333e+01, 1.0461800000e+01, 2.7029766667e+04
 1500619500, 1.6326666667e+02, 1.1061333333e+02, 3.2000000000e+01, 1.0611866667e+01, 3.3849543333e+04
 1500619800, 1.4863333333e+02, 9.8633333333e+01, 3.2000000000e+01, 1.0527900000e+01, 2.5291006667e+04
 1500620100, 1.4000000000e+02, 9.0000000000e+01, 3.2000000000e+01, 1.0782433333e+01, 3.3261296667e+04
 1500620400, 1.4936666667e+02, 1.0124000000e+02, 2.8253333333e+01, 1.0886733333e+01, 2.2200160000e+04
 1500620700, 1.5736666667e+02, 1.0642000000e+02, 2.9473333333e+01, 1.0611866667e+01, 2.2817026667e+04
 1500621000, 1.5463333333e+02, 1.0585333333e+02, 3.0000000000e+01, 1.0683133333e+01, 2.7854643333e+04
 1500621300, 1.6346666667e+02, 1.1544666667e+02, 3.0673333333e+01, 1.0435866667e+01, 2.6363076667e+04
 1500621600, 1.8521666667e+02, 1.3390000000e+02, 3.1453333333e+01, 1.0460500000e+01, 3.3462576667e+04
 1500621900, 1.5500000000e+02, 1.0800000000e+02, 2.8000000000e+01, 1.0749866667e+01, 2.8637770000e+04
 1500622200, 1.5500000000e+02, 1.0425333333e+02, 2.9873333333e+01, 1.1007000000e+01, 3.3607143333e+04
 1500622500, 1.5868333333e+02, 1.0694666667e+02, 3.0000000000e+01, 1.0824533333e+01, 3.0264350000e+04
 1500622800, 1.5463333333e+02, 1.0370666667e+02, 3.0000000000e+01, 1.0817633333e+01, 2.8086656667e+04
 1500623100, 1.4831666667e+02, 9.7306666667e+01, 3.0673333333e+01, 1.0413766667e+01, 3.5502873333e+04
 1500623400, 1.4705000000e+02, 9.4186666667e+01, 3.1726666667e+01, 1.0159533333e+01, 2.7081333333e+04
 1500623700, 1.6000000000e+02, 1.0800000000e+02, 3.0000000000e+01, 1.0490966667e+01, 2.9728280000e+04
 1500624000, 1.4126666667e+02, 9.4886666667e+01, 2.8126666667e+01, 1.0612833333e+01, 3.2120973333e+04
 1500624300, 1.7315000000e+02, 1.2346666667e+02, 3.0946666667e+01, 1.0901166667e+01, 2.5160683333e+04
 1500624600, 1.6330000000e+02, 1.1230000000e+02, 3.2000000000e+01, 1.0866600000e+01, 3.5399516667e+04
 1500624900, 1.5500000000e+02, 1.0614666667e+02, 3.0926666667e+01, 1.0996833333e+01, 2.8294253333e+04
 1500625200, 1.5500000000e+02, 1.0665333333e+02, 3.0673333333e+01, 1.1052666667e+01, 3.0276013333e+04
 1500625500, 1.5636666667e+02, 1.0564000000e+02, 3.2000000000e+01, 1.0821333333e+01, 3.3016020000e+04
 1500625800, 1.6500000000e+02, 1.1600000000e+02, 3.2000000000e+01, 1.0420066667e+01, 2.6214853333e+04
 1500626100, 1.4158333333e+02, 9.3520000000e+01, 3.0126666667e+01, 1.0119033333e+01, 3.2625546667e+04
 1500626400, 1.4736666667e+02, 9.9366666667e+01, 2.8526666667e+01, 1.0819666667e+01, 2.7741513333e+04
 1500626700, 1.4731666667e+02, 9.9853333333e+01, 2.8000000000e+01, 1.0883066667e+01, 2.6529760000e+04
 1500627000, 1.4668333333e+02, 9.8000000000e+01, 2.9346666667e+01, 1.0747666667e+01, 3.3901596667e+04
 1500627300, 1.5000000000e+02, 9.8546666667e+01, 3.1453333333e+01, 1.0729233333e+01, 2.4942853333e+04
 1500627600, 1.5000000000e+02, 1.0200000000e+02, 2.8000000000e+01, 1.0416533333e+01, 3.2519796667e+04
 1500627900, 1.5000000000e+02, 1.0012666667e+02, 2.8000000000e+01, 9.8506000000e+00, 3.0872856667e+04
 1500628200, 1.4263333333e+02, 9.5580000000e+01, 2.8000000000e+01, 9.8603000000e+00, 2.8518180000e+04
 1500628500, 1.4268333333e+02, 9.5073333333e+01, 3.0146666667e+01, 1.0302000000e+01, 3.5306276667e+04
 1500628800, 1.4331666667e+02, 9.3980000000e+01, 3.2000000000e+01, 1.0476500000e+01, 2.7363566667e+04
 1500629100, 1.4000000000e+02, 9.0000000000e+01, 3.1726666667e+01, 1.1148900000e+01, 2.9657460000e+04
 1500629400, 1.4000000000e+02, 9.0000000000e+01, 3.0000000000e+01, 1.1475800000e+01, 3.2984450000e+04
 1500629700, 1.4936666667e+02, 9.9366666667e+01, 3.1873333333e+01, 1.1056633333e+01, 2.5940496667e+04
 1500630000, 1.6105000000e+02, 1.1178666667e+02, 3.2000000000e+01, 1.0832166667e+01, 3.2731293333e+04
 1500630300, 1.5426666667e+02, 1.0634000000e+02, 2.9853333333e+01, 1.0031700000e+01, 2.8290840000e+04
 1500630600, 1.4668333333e+02, 1.0069333333e+02, 2.7326666667e+01, 1.0381933333e+01, 2.9940393333e+04
 1500630900, 1.4863333333e+02, 1.0436000000e+02, 2.6273333333e+01, 1.0752733333e+01, 3.4049300000e+04
 1500631200, 1.4000000000e+02, 9.4000000000e+01, 2.8000000000e+01, 1.0900733333e+01, 2.8162416667e+04
 1500631500, 1.5873333333e+02, 1.0898666667e+02, 3.1746666667e+01, 1.0583700000e+01, 3.3094593333e+04
 1500631800, 1.5263333333e+02, 1.0263333333e+02, 2.9053333333e+01, 1.1065533333e+01, 2.9980616667e+04
 1500632100, -nan, 1.0751333333e+02, 2.9073333333e+01, 1.1810366667e+01, -nan
 1500632400, -nan, 1.0794000000e+02, 2.9326666667e+01, 1.2002500000e+01, -nan
 1500632700, -nan, 9.7093333333e+01, 2.8273333333e+01, -nan, -nan
 1500633000, -nan, 1.0400000000e+02, 3.0000000000e+01, -nan, -nan
 1500633300, -nan, 1.0774666667e+02, 3.0000000000e+01, -nan, -nan
 1500633600, -nan, 1.0947333333e+02, 2.7053333333e+01, -nan, -nan
 1500633900, -nan, 9.4973333333e+01, 2.6000000000e+01, -nan, -nan
 1500634200, -nan, -nan, 2.6673333333e+01, -nan, -nan
 1500634500, -nan, -nan, 2.8546666667e+01, -nan, -nan
 1500634800, -nan, -nan, -nan, -nan, -nan
