 Time, ttl_pwr, cpu_pwr, mem_pwr, cpu_load, mem_load
 1500441000, 5,0000000000e+01, 2,4000000000e+01, 1,0000000000e+01, 8,6460000000e-01, 9,3025200000e+03
 1500441300, 5,0000000000e+01, 2,4000000000e+01, 1,0000000000e+01, 6,3353333333e-01, 9,3029400000e+03
 1500441600, 5,0000000000e+01, 2,4000000000e+01, 1,0000000000e+01, 4,6786666667e-01, 9,3045200000e+03
 1500441900, 5,0000000000e+01, 2,4000000000e+01, 1,0000000000e+01, 3,6020000000e-01, 9,3078266667e+03
 1500442200, 5,0000000000e+01, 2,4000000000e+01, 1,0000000000e+01, 2,6620000000e-01, 9,3058000000e+03
 1500442500, 5,0000000000e+01, 2,4000000000e+01, 1,0000000000e+01, 1,9966666667e-01, 9,3048266667e+03
 1500442800, 5,0000000000e+01, 2,2626666667e+01, 1,0000000000e+01, 1,5940000000e-01, 9,3046866667e+03
 1500443100, 5,0000000000e+01, 2,2000000000e+01, 1,0000000000e+01, 1,3026666667e-01, 9,3050866667e+03
 1500443400, 4,8566666667e+01, 2,2573333333e+01, 1,0000000000e+01, 1,2000000000e-01, 9,3086000000e+03
 1500443700, 4,8900000000e+01, 2,6253333333e+01, 1,1213333333e+01, 2,9569666667e+00, 2,2276340000e+04
 1500444000, 9,0000000000e+01, 5,0000000000e+01, 2,4000000000e+01, 1,0048333333e+01, 2,5702100000e+04
 1500444300, 2,2300000000e+02, 1,7236000000e+02, 3,6413333333e+01, 1,6123933333e+01, 2,5701793333e+04
 1500444600, 2,6040000000e+02, 1,8800000000e+02, 5,4320000000e+01, 2,0474666667e+01, 2,5702200000e+04
 1500444900, 2,6275000000e+02, 1,8800000000e+02, 5,5233333333e+01, 2,3606200000e+01, 2,5703403333e+04
 1500445200, 2,5216666667e+02, 1,8800000000e+02, 4,5166666667e+01, 2,5917833333e+01, 2,5705256667e+04
 1500445500, 2,4666666667e+02, 1,8783333333e+02, 4,0000000000e+01, 2,7567600000e+01, 2,5706353333e+04
 1500445800, 2,6500000000e+02, 1,8600000000e+02, 6,2000000000e+01, 2,8791933333e+01, 2,5706686667e+04
 1500446100, 2,4283333333e+02, 1,8777333333e+02, 3,7173333333e+01, 2,9645566667e+01, 2,5708316667e+04
 1500446400, 2,5020000000e+02, 1,8800000000e+02, 4,2160000000e+01, 3,0247100000e+01, 2,5708870000e+04
 1500446700, 2,6225000000e+02, 1,8993333333e+02, 5,2766666667e+01, 3,0732866667e+01, 2,5707153333e+04
 1500447000, 2,6300000000e+02, 1,9088000000e+02, 6,0560000000e+01, 3,1060000000e+01, 2,5706466667e+04
 1500447300, 2,4541666667e+02, 1,8783333333e+02, 6,0666666667e+01, 3,1354833333e+01, 2,5708320000e+04
 1500447600, 2,5000000000e+02, 1,8600000000e+02, 4,6000000000e+01, 3,1297066667e+01, 2,5837060000e+04
 1500447900, 2,4120000000e+02, 1,7720000000e+02, 4,7760000000e+01, 3,0369866667e+01, 2,5705273333e+04
 1500448200, 2,4000000000e+02, 1,8420000000e+02, 3,8433333333e+01, 3,0814500000e+01, 2,5705683333e+04
 1500448500, 2,5450000000e+02, 1,8993333333e+02, 4,7533333333e+01, 3,1111533333e+01, 2,5705686667e+04
 1500448800, 2,6300000000e+02, 1,8920000000e+02, 5,7520000000e+01, 3,1386200000e+01, 2,5704723333e+04
 1500449100, 2,4500000000e+02, 1,8248000000e+02, 4,5360000000e+01, 3,1598200000e+01, 2,5704646667e+04
 1500449400, 2,4500000000e+02, 1,8800000000e+02, 3,8000000000e+01, 3,1709066667e+01, 2,5707716667e+04
 1500449700, 2,6700000000e+02, 1,8976000000e+02, 5,7360000000e+01, 3,1801033333e+01, 2,5706126667e+04
 1500450000, 2,5975000000e+02, 1,8863333333e+02, 5,1800000000e+01, 3,1838000000e+01, 2,5706943333e+04
 1500450300, 2,4775000000e+02, 1,8703333333e+02, 4,1233333333e+01, 3,1885600000e+01, 2,5710036667e+04
 1500450600, 2,4141666667e+02, 1,8486666667e+02, 3,7400000000e+01, 3,1890200000e+01, 2,5709333333e+04
 1500450900, 2,4583333333e+02, 1,8250000000e+02, 4,6166666667e+01, 3,1952933333e+01, 2,5705516667e+04
 1500451200, 2,5500000000e+02, 1,8800000000e+02, 4,8000000000e+01, 3,1976033333e+01, 2,5705086667e+04
 1500451500, 2,5940000000e+02, 1,8624000000e+02, 5,5040000000e+01, 3,1875900000e+01, 2,5705453333e+04
 1500451800, 2,4975000000e+02, 1,8463333333e+02, 4,6433333333e+01, 3,0765033333e+01, 2,5704453333e+04
 1500452100, 2,5708333333e+02, 1,8690000000e+02, 5,0700000000e+01, 3,1106800000e+01, 2,5705486667e+04
 1500452400, 2,6433333333e+02, 1,8886666667e+02, 5,6033333333e+01, 3,1314800000e+01, 2,5706513333e+04
 1500452700, 2,4958333333e+02, 1,8633333333e+02, 4,5500000000e+01, 3,1470233333e+01, 2,5706176667e+04
 1500453000, 2,4500000000e+02, 1,9000000000e+02, 4,0000000000e+01, 3,1553033333e+01, 2,5706626667e+04
 1500453300, 2,7160000000e+02, 1,8468000000e+02, 4,3546666667e+01, 3,1730133333e+01, 2,5707043333e+04
 1500453600, 2,5791666667e+02, 1,8400000000e+02, 4,5366666667e+01, 3,1857166667e+01, 2,5706423333e+04
 1500453900, 2,5241666667e+02, 1,8690000000e+02, 4,6000000000e+01, 3,1875933333e+01, 2,5705243333e+04
 1500454200, 2,5360000000e+02, 1,8832000000e+02, 4,6560000000e+01, 3,1899433333e+01, 2,5710790000e+04
 1500454500, 2,4913333333e+02, 1,8452000000e+02, 4,6786666667e+01, 3,1875300000e+01, 2,5711486667e+04
 1500454800, 2,4000000000e+02, 1,9000000000e+02, 3,4000000000e+01, 3,1909300000e+01, 2,5710706667e+04
 1500455100, 2,4880000000e+02, 1,9000000000e+02, 3,9280000000e+01, 3,1936566667e+01, 2,5711200000e+04
 1500455400, 2,6366666667e+02, 1,9000000000e+02, 5,2300000000e+01, 3,1771566667e+01, 2,5710340000e+04
 1500455700, 2,5783333333e+02, 1,8805333333e+02, 4,9240000000e+01, 2,9892233333e+01, 2,5710613333e+04
 1500456000, 2,4500000000e+02, 1,8713333333e+02, 3,8866666667e+01, 3,0357800000e+01, 2,5714006667e+04
 1500456300, 2,4708333333e+02, 1,9016666667e+02, 3,7166666667e+01, 3,0779566667e+01, 2,5712403333e+04
 1500456600, 2,7000000000e+02, 1,9200000000e+02, 5,0000000000e+01, 3,1128433333e+01, 2,5712450000e+04
 1500456900, 2,5675000000e+02, 1,9023333333e+02, 4,6466666667e+01, 3,1332966667e+01, 2,5715343333e+04
 1500457200, 2,5160000000e+02, 1,8728000000e+02, 4,6000000000e+01, 3,1505033333e+01, 2,5720126667e+04
 1500457500, 2,5000000000e+02, 1,8600000000e+02, 4,6000000000e+01, 3,1587800000e+01, 2,5718486667e+04
 1500457800, 2,5425000000e+02, 1,8770000000e+02, 4,8833333333e+01, 3,1691066667e+01, 2,5713076667e+04
 1500458100, 2,6416666667e+02, 1,9200000000e+02, 5,5000000000e+01, 3,1809633333e+01, 2,5711803333e+04
 1500458400, 2,5500000000e+02, 1,9200000000e+02, 4,4000000000e+01, 3,1957900000e+01, 2,5713860000e+04
 1500458700, 2,4620000000e+02, 1,9200000000e+02, 3,8720000000e+01, 3,1955100000e+01, 2,5713200000e+04
 1500459000, 2,6208333333e+02, 1,9200000000e+02, 5,1666666667e+01, 3,1856300000e+01, 2,5716146667e+04
 1500459300, 2,6280000000e+02, 1,9008000000e+02, 5,3200000000e+01, 3,1630366667e+01, 2,5909220000e+04
 1500459600, 2,5356666667e+02, 1,8742666667e+02, 4,8000000000e+01, 3,1057300000e+01, 2,5716330000e+04
 1500459900, 2,5040000000e+02, 1,8648000000e+02, 4,7840000000e+01, 3,1312033333e+01, 2,5717203333e+04
 1500460200, 2,5500000000e+02, 1,9200000000e+02, 4,6000000000e+01, 3,1551966667e+01, 2,5717583333e+04
 1500460500, 2,5940000000e+02, 1,9376000000e+02, 4,6000000000e+01, 3,1662733333e+01, 2,5719023333e+04
 1500460800, 2,5660000000e+02, 1,9536000000e+02, 4,4640000000e+01, 3,1710366667e+01, 2,5719940000e+04
 1500461100, 2,6225000000e+02, 1,9503333333e+02, 5,2700000000e+01, 3,1809500000e+01, 2,5719080000e+04
 1500461400, 2,6716666667e+02, 1,9343333333e+02, 5,8033333333e+01, 3,1898600000e+01, 2,5718286667e+04
 1500461700, 2,5833333333e+02, 1,9183333333e+02, 4,6833333333e+01, 3,1960133333e+01, 2,5720680000e+04
 1500462000, 2,4000000000e+02, 1,9000000000e+02, 3,4000000000e+01, 3,2002466667e+01, 2,5712343333e+04
 1500462300, 2,6208333333e+02, 1,8646666667e+02, 5,6966666667e+01, 3,2042533333e+01, 2,5712243333e+04
 1500462600, 2,6158333333e+02, 1,9010000000e+02, 5,1800000000e+01, 3,2065633333e+01, 2,5713880000e+04
 1500462900, 2,5270000000e+02, 1,8810666667e+02, 4,7026666667e+01, 3,2016800000e+01, 2,5712393333e+04
 1500463200, 2,4360000000e+02, 1,8456000000e+02, 4,3760000000e+01, 3,1385166667e+01, 2,5714336667e+04
 1500463500, 2,4208333333e+02, 1,8650000000e+02, 3,9666666667e+01, 3,1031500000e+01, 2,5711683333e+04
 1500463800, 2,6500000000e+02, 1,9200000000e+02, 5,8000000000e+01, 3,1273966667e+01, 2,5712376667e+04
 1500464100, 2,5616666667e+02, 1,8846666667e+02, 4,9166666667e+01, 3,1431666667e+01, 2,5714113333e+04
 1500464400, 2,5500000000e+02, 1,8800000000e+02, 4,6633333333e+01, 3,1591333333e+01, 2,5713026667e+04
 1500464700, 2,5500000000e+02, 1,8896666667e+02, 4,6966666667e+01, 3,1711400000e+01, 2,5713286667e+04
 1500465000, 2,5358333333e+02, 1,9056666667e+02, 4,4600000000e+01, 3,1806200000e+01, 2,5713606667e+04
 1500465300, 2,5043333333e+02, 1,9200000000e+02, 3,7040000000e+01, 3,1822800000e+01, 2,5714096667e+04
 1500465600, 2,5500000000e+02, 1,9200000000e+02, 4,8000000000e+01, 3,1912700000e+01, 2,5713006667e+04
 1500465900, 2,5500000000e+02, 1,9023333333e+02, 4,6233333333e+01, 3,1960500000e+01, 2,5713000000e+04
 1500466200, 2,4480000000e+02, 1,9000000000e+02, 3,7840000000e+01, 3,1999300000e+01, 2,5711720000e+04
 1500466500, 2,4000000000e+02, 1,9000000000e+02, 3,4000000000e+01, 3,1993900000e+01, 2,5713136667e+04
 1500466800, 2,4420000000e+02, 1,9056000000e+02, 3,7360000000e+01, 3,1950500000e+01, 2,5713730000e+04
 1500467100, 2,5625000000e+02, 1,9200000000e+02, 4,7166666667e+01, 3,1105733333e+01, 2,5954916667e+04
 1500467400, 2,7000000000e+02, 1,9200000000e+02, 6,0000000000e+01, 3,1141033333e+01, 2,5714973333e+04
 1500467700, 2,4350000000e+02, 1,9023333333e+02, 3,7033333333e+01, 3,1371800000e+01, 2,5717923333e+04
 1500468000, 2,5708333333e+02, 1,9136666667e+02, 4,9033333333e+01, 3,1565066667e+01, 2,5715783333e+04
 1500468300, 2,6016666667e+02, 1,9103333333e+02, 5,1166666667e+01, 3,0853900000e+01, 1,7767466667e+04
 1500468600, 1,9623333333e+02, 1,4241333333e+02, 3,5680000000e+01, 2,3798733333e+01, 9,2705133333e+03
 1500468900, 5,0000000000e+01, 2,4000000000e+01, 1,0000000000e+01, 1,7239866667e+01, 9,2714866667e+03
 1500469200, 5,0000000000e+01, 2,4000000000e+01, 1,0000000000e+01, 1,2496200000e+01, 9,2722000000e+03
 1500469500, 5,0000000000e+01, 2,4000000000e+01, 1,0000000000e+01, 9,0655333333e+00, 9,2707133333e+03
 1500469800, 5,0000000000e+01, 2,4000000000e+01, 1,0000000000e+01, 6,5791333333e+00, 9,2697133333e+03
 1500470100, 5,0000000000e+01, 2,4000000000e+01, 1,0000000000e+01, 4,7682666667e+00, 9,2718600000e+03
 1500470400, 5,0000000000e+01, 2,4000000000e+01, 1,0000000000e+01, 3,4666666667e+00, 9,2730000000e+03
 1500470700, 5,0000000000e+01, 2,4000000000e+01, 1,0000000000e+01, 2,5206666667e+00, 9,2715133333e+03
 1500471000, 5,0000000000e+01, 2,4000000000e+01, 1,0000000000e+01, 1,8406000000e+00, 9,2727733333e+03
 1500471300, 5,0000000000e+01, 2,4000000000e+01, 1,0000000000e+01, 1,3416000000e+00, 9,2729133333e+03
 1500471600, 5,0000000000e+01, 2,4000000000e+01, 1,0000000000e+01, 1,0037333333e+00, 9,2730866667e+03
 1500471900, 5,0000000000e+01, 2,4000000000e+01, 1,0000000000e+01, 7,7153333333e-01, 9,2734866667e+03
 1500472200, 5,0000000000e+01, 2,4000000000e+01, 1,0000000000e+01, 5,9300000000e-01, 9,2731133333e+03
 1500472500, 5,0000000000e+01, 2,4000000000e+01, 1,0000000000e+01, 4,5073333333e-01, 9,2732000000e+03
 1500472800, 5,0000000000e+01, 2,4000000000e+01, 1,0000000000e+01, 3,5306666667e-01, 9,2742866667e+03
 1500473100, 5,0000000000e+01, 2,4000000000e+01, 1,0000000000e+01, 2,8566666667e-01, 9,2738266667e+03
 1500473400, 5,0000000000e+01, 2,4000000000e+01, 1,0000000000e+01, 2,2880000000e-01, 9,2738866667e+03
 1500473700, 5,0000000000e+01, 2,4000000000e+01, 1,0000000000e+01, 1,7566666667e-01, 9,2735733333e+03
 1500474000, 5,0000000000e+01, 2,4000000000e+01, 1,0000000000e+01, 1,3826666667e-01, 9,2740266667e+03
 1500474300, 5,0000000000e+01, 2,4000000000e+01, 1,0000000000e+01, 1,1540000000e-01, 9,2733133333e+03
 1500474600, 5,0000000000e+01, 2,4000000000e+01, 1,0000000000e+01, 1,0400000000e-01, 9,2732333333e+03
 1500474900, 5,0000000000e+01, 2,4000000000e+01, 1,0000000000e+01, 9,3133333333e-02, 9,2758533333e+03
 1500475200, 5,0000000000e+01, 2,4000000000e+01, 1,0000000000e+01, 7,8266666667e-02, 9,2743733333e+03
 1500475500, 5,0000000000e+01, 2,4000000000e+01, 1,0000000000e+01, 6,2266666667e-02, 9,2757133333e+03
 1500475800, 5,1433333333e+01, 2,5146666667e+01, 1,0573333333e+01, 5,2000000000e-02, 9,2750000000e+03
 1500476100, 5,5000000000e+01, 2,8000000000e+01, 1,1826666667e+01, 5,0866666667e-02, 9,2751733333e+03
 1500476400, 5,5000000000e+01, 2,8000000000e+01, 1,0000000000e+01, 5,1133333333e-02, 9,2759133333e+03
 1500476700, 5,0566666667e+01, 2,4453333333e+01, 1,0000000000e+01, 5,0000000000e-02, 9,2734000000e+03
 1500477000, 5,0000000000e+01, 2,4000000000e+01, 1,0000000000e+01, 5,2000000000e-02, 9,2749133333e+03
 1500477300, 5,0000000000e+01, 2,4000000000e+01, 1,0000000000e+01, 5,0000000000e-02, 9,2744000000e+03
 1500477600, 5,0000000000e+01, 2,4000000000e+01, 1,0000000000e+01, 5,2000000000e-02, 9,2742866667e+03
 1500477900, 5,0000000000e+01, 2,4000000000e+01, 1,0000000000e+01, 7,3466666667e-02, 9,2750000000e+03
 1500478200, 5,0000000000e+01, 2,4000000000e+01, 1,0000000000e+01, 1,2233333333e-01, 9,2754000000e+03
 1500478500, 5,0000000000e+01, 2,4000000000e+01, 1,0000000000e+01, 1,3913333333e-01, 9,2744266667e+03
 1500478800, 5,0000000000e+01, 2,4000000000e+01, 1,0000000000e+01, 1,3600000000e-01, 9,2749733333e+03
 1500479100, 5,0000000000e+01, 2,4000000000e+01, 1,0000000000e+01, 1,3460000000e-01, 9,2786666667e+03
 1500479400, 5,2866666667e+01, 2,5146666667e+01, 1,1146666667e+01, 2,8680000000e-01, 9,3133400000e+03
 1500479700, 6,0000000000e+01, 2,8173333333e+01, 1,4173333333e+01, 4,9046666667e-01, 9,3135466667e+03
 1500480000, 6,0000000000e+01, 3,0000000000e+01, 1,6000000000e+01, 6,5726666667e-01, 9,3129666667e+03
 1500480300, 6,8866666667e+01, 3,1773333333e+01, 1,9546666667e+01, 7,8040000000e-01, 9,3111733333e+03
 1500480600, 6,6566666667e+01, 3,0626666667e+01, 1,8626666667e+01, 8,6520000000e-01, 9,3155733333e+03
 1500480900, 6,5000000000e+01, 3,2920000000e+01, 1,6053333333e+01, 9,2033333333e-01, 9,3132000000e+03
 1500481200, 6,6433333333e+01, 3,4853333333e+01, 1,5720000000e+01, 9,6546666667e-01, 9,3128866667e+03
 1500481500, 6,8700000000e+01, 3,1653333333e+01, 1,9133333333e+01, 1,0063333333e+00, 9,3150600000e+03
 1500481800, 5,5000000000e+01, 2,8000000000e+01, 1,0000000000e+01, 1,0597333333e+00, 9,3136333333e+03
 1500482100, 5,9433333333e+01, 2,9773333333e+01, 1,5320000000e+01, 1,0774666667e+00, 9,3149933333e+03
 1500482400, 6,3433333333e+01, 3,0000000000e+01, 1,7373333333e+01, 1,1040000000e+00, 9,3135666667e+03
 1500482700, 6,5000000000e+01, 3,0000000000e+01, 1,8000000000e+01, 1,2727333333e+00, 9,8385866667e+03
 1500483000, 8,5500000000e+01, 4,7493333333e+01, 1,9640000000e+01, 5,7145666667e+00, 1,2874570000e+04
 1500483300, 1,4625000000e+02, 1,0066666667e+02, 2,4166666667e+01, 1,1737533333e+01, 1,2674866667e+04
 1500483600, 2,1500000000e+02, 1,7400000000e+02, 2,6000000000e+01, 1,6030733333e+01, 1,8173503333e+04
 1500483900, 2,4140000000e+02, 1,8984000000e+02, 3,1280000000e+01, 2,0548600000e+01, 2,2750880000e+04
 1500484200, 2,4500000000e+02, 1,9334666667e+02, 3,3346666667e+01, 2,4105433333e+01, 2,3118150000e+04
 1500484500, 2,4500000000e+02, 1,9304666667e+02, 3,3046666667e+01, 2,6652700000e+01, 2,3260603333e+04
 1500484800, 2,4360000000e+02, 1,9144000000e+02, 3,2000000000e+01, 2,8460533333e+01, 2,3252690000e+04
 1500485100, 2,4038333333e+02, 1,9030666667e+02, 3,2000000000e+01, 2,9776500000e+01, 2,3276866667e+04
 1500485400, 2,4500000000e+02, 1,9400000000e+02, 3,2000000000e+01, 3,0751333333e+01, 2,3578220000e+04
 1500485700, 2,4500000000e+02, 1,9224666667e+02, 3,3753333333e+01, 3,1510400000e+01, 2,3453960000e+04
 1500486000, 2,3823333333e+02, 1,8523333333e+02, 3,4000000000e+01, 3,2320766667e+01, 2,3503733333e+04
 1500486300, 2,2090000000e+02, 1,6508000000e+02, 3,4940000000e+01, 3,3084066667e+01, 2,3579886667e+04
 1500486600, 1,8475000000e+02, 1,2926000000e+02, 3,2760000000e+01, 3,3753166667e+01, 2,3860440000e+04
 1500486900, 1,3160000000e+02, 8,5600000000e+01, 2,4160000000e+01, 3,4217266667e+01, 2,3856780000e+04
 1500487200, 1,5000000000e+02, 1,0400000000e+02, 2,6000000000e+01, 3,4525833333e+01, 2,3808030000e+04
 1500487500, 2,5791666667e+02, 1,8515333333e+02, 5,3626666667e+01, 3,4649166667e+01, 2,3314986667e+04
 1500487800, 2,5808333333e+02, 1,9529333333e+02, 4,4466666667e+01, 3,4509433333e+01, 2,2707520000e+04
 1500488100, 2,4516666667e+02, 1,9206666667e+02, 3,5100000000e+01, 3,4063100000e+01, 2,2709736667e+04
 1500488400, 2,4000000000e+02, 1,9000000000e+02, 3,2566666667e+01, 3,3251833333e+01, 2,2963633333e+04
 1500488700, 2,4000000000e+02, 1,8983333333e+02, 3,4000000000e+01, 3,2632166667e+01, 2,3042400000e+04
 1500489000, 2,4000000000e+02, 1,8800000000e+02, 3,4000000000e+01, 3,2036500000e+01, 2,3293683333e+04
 1500489300, 2,4441666667e+02, 1,8976666667e+02, 3,4000000000e+01, 3,1487000000e+01, 2,3033733333e+04
 1500489600, 2,4158333333e+02, 1,8726666667e+02, 3,5366666667e+01, 3,0656000000e+01, 2,2737366667e+04
 1500489900, 2,3516666667e+02, 1,8213333333e+02, 3,4066666667e+01, 2,9569500000e+01, 2,2409583333e+04
 1500490200, 2,3540000000e+02, 1,8016000000e+02, 3,4700000000e+01, 2,8732666667e+01, 2,2214980000e+04
 1500490500, 2,0750000000e+02, 1,4850000000e+02, 3,7000000000e+01, 2,6794933333e+01, 2,2283826667e+04
 1500490800, 8,1600000000e+01, 3,7280000000e+01, 2,2320000000e+01, 2,5360533333e+01, 2,2037106667e+04
 1500491100, 1,0975000000e+02, 6,0000000000e+01, 2,7800000000e+01, 2,4551866667e+01, 2,0406723333e+04
 1500491400, 1,0500000000e+02, 6,0000000000e+01, 2,4000000000e+01, 2,2878666667e+01, 1,8071653333e+04
 1500491700, 1,5780000000e+02, 1,1280000000e+02, 2,4000000000e+01, 1,9542400000e+01, 1,3923280000e+04
 1500492000, 1,5540000000e+02, 1,0848000000e+02, 2,7840000000e+01, 1,6941300000e+01, 1,9080316667e+04
 1500492300, 1,1780000000e+02, 7,2560000000e+01, 2,7240000000e+01, 1,6368633333e+01, 1,9937820000e+04
 1500492600, 1,2480000000e+02, 7,5520000000e+01, 3,0160000000e+01, 1,5883133333e+01, 2,8618200000e+04
 1500492900, 2,4080000000e+02, 1,7264000000e+02, 4,6320000000e+01, 1,9503566667e+01, 4,0649306667e+04
 1500493200, 2,5000000000e+02, 1,8000000000e+02, 5,0000000000e+01, 2,3121533333e+01, 4,1312156667e+04
 1500493500, 2,5880000000e+02, 1,8704000000e+02, 5,0000000000e+01, 2,5795566667e+01, 4,1443816667e+04
 1500493800, 2,5661666667e+02, 1,8664666667e+02, 4,8646666667e+01, 2,7663766667e+01, 4,1279370000e+04
 1500494100, 2,5500000000e+02, 1,8600000000e+02, 4,8953333333e+01, 2,9065000000e+01, 4,1227826667e+04
 1500494400, 2,5500000000e+02, 1,8600000000e+02, 5,0000000000e+01, 3,0049400000e+01, 4,1297053333e+04
 1500494700, 2,5500000000e+02, 1,8615333333e+02, 5,0000000000e+01, 3,0800566667e+01, 4,1679646667e+04
 1500495000, 2,5500000000e+02, 1,8800000000e+02, 5,0000000000e+01, 3,1293933333e+01, 4,1914913333e+04
 1500495300, 2,5500000000e+02, 1,8624666667e+02, 5,0000000000e+01, 3,1653800000e+01, 4,1784403333e+04
 1500495600, 2,5500000000e+02, 1,8464666667e+02, 4,8646666667e+01, 3,1934633333e+01, 4,1656970000e+04
 1500495900, 2,5738333333e+02, 1,8590666667e+02, 4,8953333333e+01, 3,2145433333e+01, 4,1747403333e+04
 1500496200, 2,5861666667e+02, 1,8800000000e+02, 5,0000000000e+01, 3,2295666667e+01, 4,1811503333e+04
 1500496500, 2,5500000000e+02, 1,8800000000e+02, 5,0000000000e+01, 3,2359100000e+01, 4,1885306667e+04
 1500496800, 2,5500000000e+02, 1,8800000000e+02, 5,0000000000e+01, 3,2469500000e+01, 4,1844636667e+04
 1500497100, 2,4185000000e+02, 1,7748000000e+02, 4,6493333333e+01, 3,1920600000e+01, 3,7167586667e+04
 1500497400, 2,4340000000e+02, 1,7872000000e+02, 4,6000000000e+01, 2,9932000000e+01, 3,4790880000e+04
 1500497700, 2,4260000000e+02, 1,7712000000e+02, 4,6000000000e+01, 2,8434400000e+01, 3,4977240000e+04
 1500498000, 2,4140000000e+02, 1,7512000000e+02, 4,6000000000e+01, 2,7167200000e+01, 3,5255760000e+04
 1500498300, 2,4500000000e+02, 1,7800000000e+02, 4,6000000000e+01, 2,6228000000e+01, 3,5465200000e+04
 1500498600, 2,4500000000e+02, 1,7800000000e+02, 4,6000000000e+01, 2,5596800000e+01, 3,5216720000e+04
 1500498900, 2,4500000000e+02, 1,7800000000e+02, 4,6000000000e+01, 2,5141200000e+01, 3,5070080000e+04
 1500499200, 2,4500000000e+02, 1,7800000000e+02, 4,6000000000e+01, 2,4818400000e+01, 3,4934840000e+04
 1500499500, 2,3780000000e+02, 1,7320000000e+02, 4,4080000000e+01, 2,4142666667e+01, 2,8873620000e+04
 1500499800, 2,0930000000e+02, 1,5036000000e+02, 3,9120000000e+01, 2,2310100000e+01, 2,6351346667e+04
 1500500100, 1,1600000000e+02, 7,0533333333e+01, 2,6266666667e+01, 2,0589733333e+01, 2,0426260000e+04
 1500500400, 1,3000000000e+02, 7,8000000000e+01, 3,0000000000e+01, 1,7426633333e+01, 1,7303143333e+04
 1500500700, 1,0360000000e+02, 5,8640000000e+01, 2,4720000000e+01, 1,4910000000e+01, 1,9651200000e+04
 1500501000, 1,1280000000e+02, 6,7520000000e+01, 2,5280000000e+01, 1,5683666667e+01, 2,3672370000e+04
 1500501300, 1,1770000000e+02, 7,0320000000e+01, 2,6000000000e+01, 1,6709500000e+01, 2,5352673333e+04
 1500501600, 1,5000000000e+02, 9,7360000000e+01, 3,0480000000e+01, 1,8534533333e+01, 3,1121256667e+04
 1500501900, 2,4076666667e+02, 1,7846000000e+02, 4,2153333333e+01, 2,1714266667e+01, 3,6988206667e+04
 1500502200, 2,5000000000e+02, 1,8400000000e+02, 4,4000000000e+01, 2,4770033333e+01, 3,7500113333e+04
 1500502500, 2,5000000000e+02, 1,8752000000e+02, 4,4000000000e+01, 2,7008866667e+01, 3,7557553333e+04
 1500502800, 2,5000000000e+02, 1,8664000000e+02, 4,5360000000e+01, 2,8646333333e+01, 3,7572903333e+04
 1500503100, 2,5240000000e+02, 1,8696000000e+02, 4,6000000000e+01, 2,9807500000e+01, 3,7601283333e+04
 1500503400, 2,5360000000e+02, 1,8744000000e+02, 4,5440000000e+01, 3,0643533333e+01, 3,7642026667e+04
 1500503700, 2,5000000000e+02, 1,8615333333e+02, 4,4000000000e+01, 3,1193633333e+01, 3,7660366667e+04
 1500504000, 2,5000000000e+02, 1,8800000000e+02, 4,4000000000e+01, 3,1617800000e+01, 3,7682900000e+04
 1500504300, 2,5000000000e+02, 1,8448000000e+02, 4,4000000000e+01, 3,1945766667e+01, 3,7726233333e+04
 1500504600, 2,5000000000e+02, 1,8536000000e+02, 4,4000000000e+01, 3,2156400000e+01, 3,7758200000e+04
 1500504900, 2,3320000000e+02, 1,7256000000e+02, 4,1120000000e+01, 3,1650866667e+01, 3,0320103333e+04
 1500505200, 1,9120000000e+02, 1,3672000000e+02, 3,4640000000e+01, 2,8083000000e+01, 2,3323506667e+04
 1500505500, 1,3000000000e+02, 8,1840000000e+01, 2,6160000000e+01, 2,5012366667e+01, 1,9731483333e+04
 1500505800, 1,3000000000e+02, 8,0000000000e+01, 2,8000000000e+01, 2,1507733333e+01, 1,7122286667e+04
 1500506100, 8,7166666667e+01, 4,5733333333e+01, 2,2860000000e+01, 1,7995100000e+01, 1,5564560000e+04
 1500506400, 8,0000000000e+01, 3,7280000000e+01, 2,2000000000e+01, 1,4237022222e+01, 1,1449786667e+04
 1500506700, 7,5833333333e+01, 3,4333333333e+01, 2,0333333333e+01, 1,2309844444e+01, 1,2685616667e+04
 1500507000, 7,3533333333e+01, 3,4826666667e+01, 1,9060000000e+01, 1,2753766667e+01, 2,6303510000e+04
 1500507300, 1,0111666667e+02, 5,7660000000e+01, 2,5073333333e+01, 1,6687300000e+01, 3,1043756667e+04
 1500507600, 2,3500000000e+02, 1,7400000000e+02, 3,8000000000e+01, 2,0489200000e+01, 3,6928800000e+04
 1500507900, 2,4380000000e+02, 1,8104000000e+02, 4,3280000000e+01, 2,3823100000e+01, 3,7496070000e+04
 1500508200, 2,4838333333e+02, 1,8470666667e+02, 4,4000000000e+01, 2,6292800000e+01, 3,7442900000e+04
 1500508500, 2,4520000000e+02, 1,8216000000e+02, 4,3040000000e+01, 2,8158800000e+01, 3,7399280000e+04
 1500508800, 2,4280000000e+02, 1,8024000000e+02, 4,2560000000e+01, 2,9494200000e+01, 3,7411750000e+04
 1500509100, 2,4961666667e+02, 1,8569333333e+02, 4,4000000000e+01, 3,0462300000e+01, 3,7424926667e+04
 1500509400, 2,4500000000e+02, 1,8200000000e+02, 4,4000000000e+01, 3,1097300000e+01, 3,7398660000e+04
 1500509700, 2,4060000000e+02, 1,7848000000e+02, 4,4000000000e+01, 3,1558200000e+01, 3,7469176667e+04
 1500510000, 2,4680000000e+02, 1,8208000000e+02, 4,4000000000e+01, 3,1931466667e+01, 3,7544043333e+04
 1500510300, 2,4760000000e+02, 1,8208000000e+02, 4,3040000000e+01, 3,2161400000e+01, 3,7566120000e+04
 1500510600, 2,4500000000e+02, 1,8056000000e+02, 4,2560000000e+01, 3,2276600000e+01, 3,7586716667e+04
 1500510900, 2,4500000000e+02, 1,8200000000e+02, 4,4000000000e+01, 3,2437433333e+01, 3,7595776667e+04
 1500511200, 2,4500000000e+02, 1,8200000000e+02, 4,4000000000e+01, 3,1210800000e+01, 2,5476240000e+04
 1500511500, 1,6140000000e+02, 1,1160000000e+02, 2,9920000000e+01, 2,4777200000e+01, 1,0130760000e+04
 1500511800, 9,9000000000e+01, 5,7120000000e+01, 2,3920000000e+01, 1,8977200000e+01, 9,0744000000e+03
 1500512100, 7,7400000000e+01, 3,6960000000e+01, 2,2000000000e+01, 1,4969200000e+01, 9,0826000000e+03
 1500512400, 7,8683333333e+01, 3,7473333333e+01, 2,1473333333e+01, 1,2194233333e+01, 1,0522256667e+04
 1500512700, 7,5000000000e+01, 3,6000000000e+01, 2,0000000000e+01, 1,0745066667e+01, 1,1427556667e+04
 1500513000, 7,5000000000e+01, 3,6000000000e+01, 2,0000000000e+01, 1,0204900000e+01, 1,1429303333e+04
 1500513300, 7,5000000000e+01, 3,4273333333e+01, 2,0000000000e+01, 9,3550000000e+00, 1,8786403333e+04
 1500513600, 1,8720000000e+02, 1,3056000000e+02, 3,4960000000e+01, 1,3656966667e+01, 3,5376146667e+04
 1500513900, 2,4480000000e+02, 1,7984000000e+02, 4,2960000000e+01, 1,8939600000e+01, 3,7120840000e+04
 1500514200, 2,4720000000e+02, 1,8232000000e+02, 4,3440000000e+01, 2,2760800000e+01, 3,7430720000e+04
 1500514500, 2,4080000000e+02, 1,7848000000e+02, 4,2160000000e+01, 2,5510133333e+01, 3,7144290000e+04
 1500514800, 2,5000000000e+02, 1,8400000000e+02, 4,4000000000e+01, 2,7526300000e+01, 3,7114540000e+04
 1500515100, 2,4561666667e+02, 1,8400000000e+02, 4,2246666667e+01, 2,9001466667e+01, 3,7141086667e+04
 1500515400, 2,4838333333e+02, 1,8400000000e+02, 4,3353333333e+01, 3,0095533333e+01, 3,7197006667e+04
 1500515700, 2,5000000000e+02, 1,8400000000e+02, 4,4000000000e+01, 3,0885833333e+01, 3,7254206667e+04
 1500516000, 2,4720000000e+02, 1,8232000000e+02, 4,3440000000e+01, 3,1419333333e+01, 3,7266933333e+04
 1500516300, 2,4038333333e+02, 1,7846000000e+02, 4,2153333333e+01, 3,1896966667e+01, 3,7289720000e+04
 1500516600, 2,4500000000e+02, 1,8400000000e+02, 4,4000000000e+01, 3,2207033333e+01, 3,7309146667e+04
 1500516900, 2,4938333333e+02, 1,8575333333e+02, 4,4000000000e+01, 3,2424033333e+01, 3,7356320000e+04
 1500517200, 2,2970000000e+02, 1,6976000000e+02, 4,1293333333e+01, 3,2513200000e+01, 3,7379466667e+04
 1500517500, 1,7200000000e+02, 1,2072000000e+02, 3,2320000000e+01, 3,0861033333e+01, 2,0794513333e+04
 1500517800, 1,0740000000e+02, 6,4800000000e+01, 2,3440000000e+01, 2,3540400000e+01, 9,1745600000e+03
 1500518100, 7,5000000000e+01, 3,6000000000e+01, 2,2000000000e+01, 1,8214400000e+01, 9,0847600000e+03
 1500518400, 7,5000000000e+01, 3,6000000000e+01, 2,2000000000e+01, 1,4360000000e+01, 9,0822000000e+03
 1500518700, 5,3000000000e+01, 2,5440000000e+01, 1,1440000000e+01, 1,0832800000e+01, 9,0226800000e+03
 1500519000, 5,0000000000e+01, 2,4000000000e+01, 1,0000000000e+01, 7,8720000000e+00, 9,0225600000e+03
 1500519300, 5,0000000000e+01, 2,4000000000e+01, 1,0000000000e+01, 5,7192000000e+00, 9,0218000000e+03
 1500519600, 5,0000000000e+01, 2,4000000000e+01, 1,0000000000e+01, 4,1624000000e+00, 9,0229600000e+03
 1500519900, 5,0000000000e+01, 2,4000000000e+01, 1,0000000000e+01, 3,0368000000e+00, 9,0230800000e+03
 1500520200, 5,0000000000e+01, 2,4000000000e+01, 1,0000000000e+01, 2,2180000000e+00, 9,0254400000e+03
 1500520500, 5,0000000000e+01, 2,4000000000e+01, 1,0000000000e+01, 1,6271000000e+00, 9,0279500000e+03
 1500520800, 5,0000000000e+01, 2,4000000000e+01, 1,0000000000e+01, 1,1876000000e+00, 9,0290000000e+03
 1500521100, 5,0000000000e+01, 2,4000000000e+01, 1,0000000000e+01, 8,6520000000e-01, 9,0300400000e+03
 1500521400, 5,0000000000e+01, 2,4000000000e+01, 1,0000000000e+01, 6,4000000000e-01, 9,0350400000e+03
 1500521700, 5,0000000000e+01, 2,4000000000e+01, 1,0000000000e+01, 4,7680000000e-01, 9,0346400000e+03
 1500522000, 5,0000000000e+01, 2,4000000000e+01, 1,0000000000e+01, 3,5880000000e-01, 9,0358000000e+03
 1500522300, 5,4400000000e+01, 2,7520000000e+01, 1,1760000000e+01, 2,7560000000e-01, 9,0360000000e+03
 1500522600, 5,5000000000e+01, 2,8000000000e+01, 1,0640000000e+01, 2,0960000000e-01, 9,0356000000e+03
 1500522900, 5,2600000000e+01, 2,6080000000e+01, 1,0000000000e+01, 1,7320000000e-01, 9,0354800000e+03
 1500523200, 5,0000000000e+01, 2,4000000000e+01, 1,0000000000e+01, 1,2840000000e-01, 9,0361200000e+03
 1500523500, 5,0000000000e+01, 2,4000000000e+01, 1,0000000000e+01, 1,0760000000e-01, 9,0374800000e+03
 1500523800, 5,0000000000e+01, 2,4000000000e+01, 1,0000000000e+01, 9,3200000000e-02, 9,0404400000e+03
 1500524100, 5,0000000000e+01, 2,4000000000e+01, 1,0000000000e+01, 7,3200000000e-02, 9,0407600000e+03
 1500524400, 5,0000000000e+01, 2,4000000000e+01, 1,0000000000e+01, 6,3200000000e-02, 9,0412400000e+03
 1500524700, 5,0000000000e+01, 2,4000000000e+01, 1,0000000000e+01, 5,3200000000e-02, 9,0410800000e+03
 1500525000, 5,0000000000e+01, 2,4000000000e+01, 1,0000000000e+01, 5,2000000000e-02, 9,0389600000e+03
 1500525300, 5,0000000000e+01, 2,4000000000e+01, 1,0000000000e+01, 5,0000000000e-02, 9,0396800000e+03
 1500525600, 5,0000000000e+01, 2,4000000000e+01, 1,0000000000e+01, 5,0000000000e-02, 9,0374400000e+03
 1500525900, 5,0000000000e+01, 2,4000000000e+01, 1,0000000000e+01, 5,0000000000e-02, 9,0366000000e+03
 1500526200, 5,0000000000e+01, 2,4000000000e+01, 1,0000000000e+01, 5,0000000000e-02, 9,0383600000e+03
 1500526500, 5,0000000000e+01, 2,4000000000e+01, 1,0000000000e+01, 5,6000000000e-02, 9,0386000000e+03
 1500526800, 5,0000000000e+01, 2,4000000000e+01, 1,0000000000e+01, 6,1600000000e-02, 9,0415600000e+03
 1500527100, 5,0000000000e+01, 2,4000000000e+01, 1,0000000000e+01, 6,1200000000e-02, 9,0402800000e+03
 1500527400, 5,0000000000e+01, 2,4000000000e+01, 1,0000000000e+01, 5,7200000000e-02, 9,0402400000e+03
 1500527700, 5,0000000000e+01, 2,4000000000e+01, 1,1760000000e+01, 5,0800000000e-02, 9,0400000000e+03
 1500528000, 5,0000000000e+01, 2,4000000000e+01, 1,0640000000e+01, 5,5200000000e-02, 9,0391200000e+03
 1500528300, 5,0000000000e+01, 2,4000000000e+01, 1,0000000000e+01, 5,0000000000e-02, 9,0382800000e+03
 1500528600, 5,0000000000e+01, 2,4000000000e+01, 1,0000000000e+01, 5,0000000000e-02, 9,0392800000e+03
 1500528900, 5,0000000000e+01, 2,4000000000e+01, 1,0000000000e+01, 5,0000000000e-02, 9,0400000000e+03
 1500529200, 5,0000000000e+01, 2,4000000000e+01, 1,0000000000e+01, 5,8800000000e-02, 9,0401200000e+03
 1500529500, 5,0000000000e+01, 2,4000000000e+01, 1,0000000000e+01, 5,1200000000e-02, 9,0406800000e+03
 1500529800, 5,0000000000e+01, 2,4000000000e+01, 1,0000000000e+01, 5,0000000000e-02, 9,0414000000e+03
 1500530100, 5,0000000000e+01, 2,4000000000e+01, 1,0000000000e+01, 5,0000000000e-02, 9,0412800000e+03
 1500530400, 5,0000000000e+01, 2,4000000000e+01, 1,0000000000e+01, 5,0000000000e-02, 9,0424800000e+03
 1500530700, 5,0000000000e+01, 2,4000000000e+01, 1,0000000000e+01, 5,8800000000e-02, 9,0438800000e+03
 1500531000, 5,0000000000e+01, 2,4000000000e+01, 1,0000000000e+01, 6,4000000000e-02, 9,0428400000e+03
 1500531300, 5,0000000000e+01, 2,4000000000e+01, 1,0000000000e+01, 6,4000000000e-02, 9,0422800000e+03
 1500531600, 5,0000000000e+01, 2,4000000000e+01, 1,0000000000e+01, 5,1200000000e-02, 9,0441600000e+03
 1500531900, 5,0000000000e+01, 2,4000000000e+01, 1,0000000000e+01, 5,4800000000e-02, 9,0450800000e+03
 1500532200, 5,0000000000e+01, 2,4000000000e+01, 1,0000000000e+01, 5,1200000000e-02, 9,0474000000e+03
 1500532500, 5,0400000000e+01, 2,4320000000e+01, 1,0160000000e+01, 5,0000000000e-02, 9,0458400000e+03
 1500532800, 5,5000000000e+01, 2,8000000000e+01, 1,2000000000e+01, 5,0000000000e-02, 9,0459200000e+03
 1500533100, 5,5000000000e+01, 2,8000000000e+01, 1,0240000000e+01, 5,0000000000e-02, 9,0466400000e+03
 1500533400, 5,1600000000e+01, 2,5280000000e+01, 1,0000000000e+01, 5,0000000000e-02, 9,0478000000e+03
 1500533700, 5,0000000000e+01, 2,4000000000e+01, 1,0000000000e+01, 5,0000000000e-02, 9,0482800000e+03
 1500534000, 5,0000000000e+01, 2,4000000000e+01, 1,0000000000e+01, 5,2800000000e-02, 9,0454000000e+03
 1500534300, 5,0000000000e+01, 2,4000000000e+01, 1,0000000000e+01, 5,3200000000e-02, 9,0452000000e+03
 1500534600, 5,0000000000e+01, 2,4000000000e+01, 1,0000000000e+01, 5,0000000000e-02, 9,0462800000e+03
 1500534900, 5,0000000000e+01, 2,4000000000e+01, 1,0000000000e+01, 5,0000000000e-02, 9,0456800000e+03
 1500535200, 5,0000000000e+01, 2,4000000000e+01, 1,0000000000e+01, 5,0000000000e-02, 9,0462000000e+03
 1500535500, 5,0000000000e+01, 2,4000000000e+01, 1,0000000000e+01, 5,0000000000e-02, 9,0476800000e+03
 1500535800, 5,0000000000e+01, 2,4000000000e+01, 1,0000000000e+01, 5,0000000000e-02, 9,0459600000e+03
 1500536100, 5,0000000000e+01, 2,4000000000e+01, 1,0000000000e+01, 5,0000000000e-02, 9,0465200000e+03
 1500536400, 5,0000000000e+01, 2,4000000000e+01, 1,0000000000e+01, 5,0000000000e-02, 9,0480800000e+03
 1500536700, 5,0000000000e+01, 2,4000000000e+01, 1,0000000000e+01, 5,0000000000e-02, 9,0470000000e+03
 1500537000, 4,6600000000e+01, 2,4000000000e+01, 1,0000000000e+01, 5,6800000000e-02, 9,0476800000e+03
 1500537300, 4,7400000000e+01, 2,4000000000e+01, 1,0000000000e+01, 6,2000000000e-02, 9,0482400000e+03
 1500537600, 5,1400000000e+01, 2,5120000000e+01, 1,0000000000e+01, 6,0000000000e-02, 9,0490000000e+03
 1500537900, 5,5000000000e+01, 2,7840000000e+01, 1,0160000000e+01, 5,6000000000e-02, 9,0493200000e+03
 1500538200, 5,5000000000e+01, 2,6000000000e+01, 1,2000000000e+01, 5,3200000000e-02, 9,0494000000e+03
 1500538500, 4,6200000000e+01, 2,4240000000e+01, 1,0240000000e+01, 5,0000000000e-02, 9,0496000000e+03
 1500538800, 4,8400000000e+01, 2,4000000000e+01, 1,0000000000e+01, 5,0000000000e-02, 9,0494400000e+03
 1500539100, 5,0000000000e+01, 2,4000000000e+01, 1,0000000000e+01, 5,0000000000e-02, 9,0492800000e+03
 1500539400, 5,0000000000e+01, 2,4000000000e+01, 1,0000000000e+01, 5,0000000000e-02, 9,0490800000e+03
 1500539700, 5,0000000000e+01, 2,4000000000e+01, 1,0000000000e+01, 5,0000000000e-02, 9,0496000000e+03
 1500540000, 5,0000000000e+01, 2,4000000000e+01, 1,0000000000e+01, 5,0000000000e-02, 9,0502400000e+03
 1500540300, 5,0000000000e+01, 2,4000000000e+01, 1,0000000000e+01, 5,2800000000e-02, 9,0483600000e+03
 1500540600, 5,0000000000e+01, 2,4000000000e+01, 1,0000000000e+01, 5,1200000000e-02, 9,0495200000e+03
 1500540900, 5,0000000000e+01, 2,4000000000e+01, 1,0000000000e+01, 5,0000000000e-02, 9,0518800000e+03
 1500541200, 5,0000000000e+01, 2,4000000000e+01, 1,0000000000e+01, 5,0000000000e-02, 9,0500800000e+03
 1500541500, 5,0000000000e+01, 2,4000000000e+01, 1,0000000000e+01, 5,2000000000e-02, 9,0496400000e+03
 1500541800, 5,0000000000e+01, 2,4000000000e+01, 1,0000000000e+01, 5,0000000000e-02, 9,0506800000e+03
 1500542100, 4,5600000000e+01, 2,4000000000e+01, 1,0000000000e+01, 5,0000000000e-02, 9,0508000000e+03
 1500542400, 4,5000000000e+01, 2,2640000000e+01, 1,0000000000e+01, 5,0000000000e-02, 9,0508000000e+03
 1500542700, 4,9800000000e+01, 2,4880000000e+01, 1,1920000000e+01, 5,4000000000e-02, 9,0544400000e+03
 1500543000, 5,5000000000e+01, 2,8000000000e+01, 1,3440000000e+01, 1,0323333333e-01, 9,3313000000e+03
 1500543300, 5,5166666667e+01, 2,8066666667e+01, 1,2053333333e+01, 1,1553333333e+00, 1,1020486667e+04
 1500543600, 8,0000000000e+01, 3,8000000000e+01, 2,0000000000e+01, 2,9277000000e+00, 1,1848196667e+04
 1500543900, 8,0000000000e+01, 3,8000000000e+01, 2,1753333333e+01, 3,9979000000e+00, 1,9394380000e+04
 1500544200, 1,9503333333e+02, 1,3544000000e+02, 4,0946666667e+01, 9,8800000000e+00, 4,1425450000e+04
 1500544500, 2,5480000000e+02, 1,8488000000e+02, 5,0000000000e+01, 1,6206766667e+01, 4,1900690000e+04
 1500544800, 2,6000000000e+02, 1,8800000000e+02, 5,0000000000e+01, 2,0783666667e+01, 4,2591156667e+04
 1500545100, 2,6000000000e+02, 1,8814666667e+02, 5,0000000000e+01, 2,4087733333e+01, 4,3142666667e+04
 1500545400, 2,6000000000e+02, 1,9000000000e+02, 5,0000000000e+01, 2,6488266667e+01, 4,5045020000e+04
 1500545700, 2,5560000000e+02, 1,8824000000e+02, 4,8240000000e+01, 2,8168000000e+01, 4,5477176667e+04
 1500546000, 2,5836666667e+02, 1,8934666667e+02, 4,9346666667e+01, 2,9393733333e+01, 4,5531903333e+04
 1500546300, 2,5761666667e+02, 1,8904666667e+02, 4,9046666667e+01, 3,0295066667e+01, 4,5639310000e+04
 1500546600, 2,5636666667e+02, 1,8854666667e+02, 4,8546666667e+01, 3,0952100000e+01, 4,5507686667e+04
 1500546900, 2,6000000000e+02, 1,9015333333e+02, 4,9846666667e+01, 3,1442866667e+01, 4,5348340000e+04
 1500547200, 2,6000000000e+02, 1,9200000000e+02, 4,8000000000e+01, 3,1788866667e+01, 4,5467376667e+04
 1500547500, 2,6000000000e+02, 1,9024000000e+02, 4,9760000000e+01, 3,2111500000e+01, 4,5901463333e+04
 1500547800, 2,6000000000e+02, 1,9000000000e+02, 5,0000000000e+01, 3,2261133333e+01, 4,5936010000e+04
 1500548100, 2,6000000000e+02, 1,9000000000e+02, 5,0000000000e+01, 3,2342733333e+01, 4,6133413333e+04
 1500548400, 2,6000000000e+02, 1,9055333333e+02, 5,0000000000e+01, 3,2402833333e+01, 4,7006683333e+04
 1500548700, 2,6000000000e+02, 1,9184666667e+02, 5,0000000000e+01, 3,2476000000e+01, 4,7050616667e+04
 1500549000, 2,6000000000e+02, 1,9000000000e+02, 5,0000000000e+01, 3,2512766667e+01, 4,7174873333e+04
 1500549300, 2,6000000000e+02, 1,9000000000e+02, 5,0000000000e+01, 3,2058333333e+01, 4,0566160000e+04
 1500549600, 2,5320000000e+02, 1,8592000000e+02, 4,7280000000e+01, 3,0060800000e+01, 3,7005320000e+04
 1500549900, 2,4760000000e+02, 1,8208000000e+02, 4,5040000000e+01, 2,8444400000e+01, 3,6927840000e+04
 1500550200, 2,2680000000e+02, 1,6544000000e+02, 4,1200000000e+01, 2,6608400000e+01, 2,8284240000e+04
 1500550500, 1,6830000000e+02, 1,1708000000e+02, 3,2700000000e+01, 2,2180333333e+01, 1,8751190000e+04
 1500550800, 9,6300000000e+01, 4,9880000000e+01, 2,4700000000e+01, 1,9674733333e+01, 1,9368790000e+04
 1500551100, 8,5600000000e+01, 4,2240000000e+01, 2,5760000000e+01, 1,7466166667e+01, 2,0121043333e+04
 1500551400, 9,7750000000e+01, 5,2200000000e+01, 2,6000000000e+01, 1,6589433333e+01, 2,1218566667e+04
 1500551700, 1,4420000000e+02, 9,3440000000e+01, 3,0080000000e+01, 1,5986000000e+01, 2,7723800000e+04
 1500552000, 2,0340000000e+02, 1,4368000000e+02, 3,8720000000e+01, 1,7750800000e+01, 3,4674440000e+04
 1500552300, 2,2918333333e+02, 1,6534666667e+02, 4,2593333333e+01, 1,9761100000e+01, 3,4818473333e+04
 1500552600, 1,8560000000e+02, 1,3032000000e+02, 3,3280000000e+01, 2,1610266667e+01, 3,5111853333e+04
 1500552900, 2,5000000000e+02, 1,8000000000e+02, 4,8000000000e+01, 2,3190466667e+01, 3,9041900000e+04
 1500553200, 2,5000000000e+02, 1,8350666667e+02, 4,8000000000e+01, 2,5786333333e+01, 4,0778156667e+04
 1500553500, 2,5676666667e+02, 1,8806000000e+02, 4,8000000000e+01, 2,7710233333e+01, 4,1769483333e+04
 1500553800, 2,6000000000e+02, 1,8904666667e+02, 4,8953333333e+01, 2,9105800000e+01, 4,1885530000e+04
 1500554100, 2,6000000000e+02, 1,8854666667e+02, 5,0000000000e+01, 3,0033633333e+01, 4,1675673333e+04
 1500554400, 2,6000000000e+02, 1,9000000000e+02, 4,9846666667e+01, 3,0769833333e+01, 4,1488110000e+04
 1500554700, 2,6000000000e+02, 1,9000000000e+02, 4,8000000000e+01, 3,1300966667e+01, 4,1556710000e+04
 1500555000, 2,5123333333e+02, 1,8298666667e+02, 4,6246666667e+01, 3,1675300000e+01, 4,1671090000e+04
 1500555300, 2,5680000000e+02, 1,8744000000e+02, 4,8720000000e+01, 3,1934366667e+01, 4,2269173333e+04
 1500555600, 2,6000000000e+02, 1,9000000000e+02, 5,0000000000e+01, 3,2114233333e+01, 4,2285573333e+04
 1500555900, 2,6000000000e+02, 1,9055333333e+02, 5,0000000000e+01, 3,2255000000e+01, 4,1936350000e+04
 1500556200, 2,6000000000e+02, 1,9184666667e+02, 5,0000000000e+01, 3,2375733333e+01, 4,1967313333e+04
 1500556500, 2,6000000000e+02, 1,9000000000e+02, 5,0000000000e+01, 3,2510133333e+01, 4,1953576667e+04
 1500556800, 2,6000000000e+02, 1,9000000000e+02, 5,0000000000e+01, 3,2544000000e+01, 4,2045520000e+04
 1500557100, 2,5661666667e+02, 1,9000000000e+02, 4,7293333333e+01, 3,2480000000e+01, 4,0666593333e+04
 1500557400, 2,5020000000e+02, 1,8520000000e+02, 4,6000000000e+01, 3,0750800000e+01, 3,5904680000e+04
 1500557700, 2,4360000000e+02, 1,7888000000e+02, 4,6000000000e+01, 2,8971600000e+01, 3,5653840000e+04
 1500558000, 2,4080000000e+02, 1,7648000000e+02, 4,6160000000e+01, 2,7476400000e+01, 3,5957000000e+04
 1500558300, 2,5000000000e+02, 1,8200000000e+02, 4,8000000000e+01, 2,6508000000e+01, 3,5895720000e+04
 1500558600, 2,4560000000e+02, 1,8200000000e+02, 4,6240000000e+01, 2,5772400000e+01, 3,5622400000e+04
 1500558900, 2,4840000000e+02, 1,8200000000e+02, 4,7360000000e+01, 2,5298800000e+01, 3,5679560000e+04
 1500559200, 2,4760000000e+02, 1,8104000000e+02, 4,7040000000e+01, 2,4665600000e+01, 3,0588040000e+04
 1500559500, 2,1980000000e+02, 1,5984000000e+02, 4,0400000000e+01, 2,1668433333e+01, 1,6494810000e+04
 1500559800, 1,4380000000e+02, 9,8200000000e+01, 2,5160000000e+01, 1,7296000000e+01, 1,0356060000e+04
 1500560100, 7,9800000000e+01, 4,2200000000e+01, 2,0360000000e+01, 1,4380533333e+01, 1,1306410000e+04
 1500560400, 7,9400000000e+01, 3,8000000000e+01, 2,1760000000e+01, 1,2102066667e+01, 1,2492420000e+04
 1500560700, 1,1060000000e+02, 6,5200000000e+01, 2,6080000000e+01, 1,1976166667e+01, 2,0099120000e+04
 1500561000, 1,7060000000e+02, 1,1928000000e+02, 3,2800000000e+01, 1,2813366667e+01, 3,0604250000e+04
 1500561300, 2,2980000000e+02, 1,7016000000e+02, 4,1360000000e+01, 1,7598333333e+01, 4,0463620000e+04
 1500561600, 2,5538333333e+02, 1,8615333333e+02, 5,0000000000e+01, 2,1782000000e+01, 4,0976726667e+04
 1500561900, 2,6000000000e+02, 1,8800000000e+02, 5,0000000000e+01, 2,4777133333e+01, 4,0921666667e+04
 1500562200, 2,6000000000e+02, 1,8800000000e+02, 5,0000000000e+01, 2,6960233333e+01, 4,0852206667e+04
 1500562500, 2,5663333333e+02, 1,8800000000e+02, 5,0000000000e+01, 2,8520500000e+01, 4,1069840000e+04
 1500562800, 2,5500000000e+02, 1,8800000000e+02, 5,0000000000e+01, 2,9673066667e+01, 4,1189620000e+04
 1500563100, 2,5500000000e+02, 1,8744666667e+02, 5,0000000000e+01, 3,0530933333e+01, 4,1496880000e+04
 1500563400, 2,5500000000e+02, 1,8600000000e+02, 5,0000000000e+01, 3,1225066667e+01, 4,1660673333e+04
 1500563700, 2,5500000000e+02, 1,8600000000e+02, 5,0000000000e+01, 3,1743900000e+01, 4,1931830000e+04
 1500564000, 2,5940000000e+02, 1,8776000000e+02, 5,0000000000e+01, 3,2066666667e+01, 4,1971636667e+04
 1500564300, 2,6000000000e+02, 1,8800000000e+02, 5,0000000000e+01, 3,2254233333e+01, 4,2608486667e+04
 1500564600, 2,5761666667e+02, 1,8704666667e+02, 5,0000000000e+01, 3,2398133333e+01, 4,2817350000e+04
 1500564900, 2,5500000000e+02, 1,8655333333e+02, 5,0000000000e+01, 3,2479966667e+01, 4,2661756667e+04
 1500565200, 2,5500000000e+02, 1,8785333333e+02, 5,0000000000e+01, 3,2585266667e+01, 4,2026350000e+04
 1500565500, 2,5500000000e+02, 1,8600000000e+02, 5,0000000000e+01, 3,1427200000e+01, 3,5677120000e+04
 1500565800, 2,4620000000e+02, 1,8072000000e+02, 4,8240000000e+01, 2,9810300000e+01, 3,5725903333e+04
 1500566100, 2,4500000000e+02, 1,8000000000e+02, 4,8000000000e+01, 2,8680800000e+01, 3,5903200000e+04
 1500566400, 2,4500000000e+02, 1,7904000000e+02, 4,7040000000e+01, 2,7932800000e+01, 3,5963440000e+04
 1500566700, 2,4500000000e+02, 1,7856000000e+02, 4,6000000000e+01, 2,7469200000e+01, 3,5994280000e+04
 1500567000, 2,4540000000e+02, 1,8016000000e+02, 4,6160000000e+01, 2,7119200000e+01, 3,5909640000e+04
 1500567300, 2,5000000000e+02, 1,8200000000e+02, 4,8000000000e+01, 2,6742466667e+01, 3,3219953333e+04
 1500567600, 2,3246666667e+02, 1,6972666667e+02, 4,4493333333e+01, 2,4919066667e+01, 2,6435293333e+04
 1500567900, 2,2660000000e+02, 1,6800000000e+02, 4,1280000000e+01, 2,2598000000e+01, 2,0761800000e+04
 1500568200, 1,9380000000e+02, 1,3920000000e+02, 3,6160000000e+01, 1,9426400000e+01, 1,5435640000e+04
 1500568500, 1,3893333333e+02, 8,9566666667e+01, 2,9366666667e+01, 1,5847666667e+01, 9,6506733333e+03
 1500568800, 8,1600000000e+01, 3,9760000000e+01, 2,2160000000e+01, 1,2990400000e+01, 1,1396040000e+04
 1500569100, 1,0000000000e+02, 6,0000000000e+01, 2,4000000000e+01, 1,2081600000e+01, 1,7858840000e+04
 1500569400, 1,4840000000e+02, 1,0224000000e+02, 3,1040000000e+01, 1,1988400000e+01, 1,7930960000e+04
 1500569700, 1,5840000000e+02, 1,1072000000e+02, 3,2000000000e+01, 1,1933600000e+01, 1,7940840000e+04
 1500570000, 1,5760000000e+02, 1,0816000000e+02, 3,2000000000e+01, 1,1919600000e+01, 1,8116920000e+04
 1500570300, 1,5640000000e+02, 1,0512000000e+02, 3,2000000000e+01, 1,1901600000e+01, 1,8224160000e+04
 1500570600, 1,6000000000e+02, 1,0816000000e+02, 3,2000000000e+01, 1,1838400000e+01, 1,8310040000e+04
 1500570900, 1,6000000000e+02, 1,1000000000e+02, 3,2000000000e+01, 1,1796800000e+01, 1,8427760000e+04
 1500571200, 1,5560000000e+02, 1,0824000000e+02, 3,2000000000e+01, 1,1786800000e+01, 1,8538480000e+04
 1500571500, 1,5500000000e+02, 1,0664000000e+02, 3,0640000000e+01, 1,1745600000e+01, 1,8642440000e+04
 1500571800, 1,6220000000e+02, 1,1176000000e+02, 3,1920000000e+01, 1,1669600000e+01, 2,0748040000e+04
 1500572100, 1,6860000000e+02, 1,1800000000e+02, 3,3440000000e+01, 1,1580400000e+01, 2,1832040000e+04
 1500572400, 1,6540000000e+02, 1,1816000000e+02, 3,2000000000e+01, 1,1087200000e+01, 2,2104760000e+04
 1500572700, 1,7000000000e+02, 1,2000000000e+02, 3,2000000000e+01, 1,0714000000e+01, 2,1958760000e+04
 1500573000, 1,6560000000e+02, 1,1648000000e+02, 3,2000000000e+01, 1,0462000000e+01, 2,1832640000e+04
 1500573300, 1,2420000000e+02, 8,2000000000e+01, 2,6560000000e+01, 9,4204000000e+00, 1,3810720000e+04
 1500573600, 9,7800000000e+01, 5,7360000000e+01, 2,3040000000e+01, 7,6358000000e+00, 1,2607733333e+04
 1500573900, 9,0000000000e+01, 4,8560000000e+01, 2,2000000000e+01, 6,4008000000e+00, 1,2571280000e+04
 1500574200, 9,0000000000e+01, 4,9840000000e+01, 2,2000000000e+01, 5,4932000000e+00, 1,2477920000e+04
 1500574500, 9,0000000000e+01, 4,8000000000e+01, 2,2000000000e+01, 4,6840000000e+00, 1,2510240000e+04
 1500574800, 9,0000000000e+01, 4,9760000000e+01, 2,2000000000e+01, 5,1868000000e+00, 1,2755560000e+04
 1500575100, 9,0000000000e+01, 5,0000000000e+01, 2,2000000000e+01, 6,1476000000e+00, 1,2469000000e+04
 1500575400, 8,7600000000e+01, 4,9040000000e+01, 2,2000000000e+01, 5,0368000000e+00, 1,2344920000e+04
 1500575700, 8,5000000000e+01, 4,8000000000e+01, 2,2000000000e+01, 4,2304000000e+00, 1,2345280000e+04
 1500576000, 8,5000000000e+01, 4,8000000000e+01, 2,2000000000e+01, 3,6584000000e+00, 1,2346520000e+04
 1500576300, 8,5000000000e+01, 4,8000000000e+01, 2,2000000000e+01, 3,2384000000e+00, 1,2343000000e+04
 1500576600, 8,9400000000e+01, 5,1520000000e+01, 2,2000000000e+01, 2,9224000000e+00, 1,2344600000e+04
 1500576900, 9,0000000000e+01, 5,0640000000e+01, 2,2000000000e+01, 2,7036000000e+00, 1,2345400000e+04
 1500577200, 9,0000000000e+01, 4,9040000000e+01, 2,2000000000e+01, 2,5456000000e+00, 1,2346360000e+04
 1500577500, 8,3000000000e+01, 4,2960000000e+01, 2,1440000000e+01, 2,4384000000e+00, 1,2632760000e+04
 1500577800, 6,4600000000e+01, 2,9680000000e+01, 1,9680000000e+01, 2,2840000000e+00, 1,0322080000e+04
 1500578100, 6,0000000000e+01, 2,6000000000e+01, 1,6000000000e+01, 1,9756000000e+00, 9,0855600000e+03
 1500578400, 6,4400000000e+01, 3,1280000000e+01, 1,7760000000e+01, 1,7396000000e+00, 9,0864000000e+03
 1500578700, 6,5000000000e+01, 3,0640000000e+01, 1,8000000000e+01, 1,5692666667e+00, 9,0862033333e+03
 1500579000, 6,7400000000e+01, 3,1920000000e+01, 1,8960000000e+01, 1,7912000000e+00, 9,4090400000e+03
 1500579300, 9,1000000000e+01, 5,4160000000e+01, 2,1120000000e+01, 3,5776000000e+00, 1,8993520000e+04
 1500579600, 1,4540000000e+02, 1,0632000000e+02, 2,4000000000e+01, 5,0744000000e+00, 4,4155840000e+04
 1500579900, 1,5000000000e+02, 1,1000000000e+02, 2,4000000000e+01, 5,9696000000e+00, 4,4163800000e+04
 1500580200, 1,5000000000e+02, 1,0824000000e+02, 2,4000000000e+01, 6,5404000000e+00, 4,4166120000e+04
 1500580500, 1,5000000000e+02, 1,0800000000e+02, 2,4000000000e+01, 6,9560000000e+00, 4,4166400000e+04
 1500580800, 1,5000000000e+02, 1,0800000000e+02, 2,4000000000e+01, 7,2608000000e+00, 4,4167120000e+04
 1500581100, 1,5000000000e+02, 1,0800000000e+02, 2,4560000000e+01, 7,4580000000e+00, 4,9953200000e+04
 1500581400, 1,5040000000e+02, 1,0816000000e+02, 2,6000000000e+01, 7,2896000000e+00, 5,4290320000e+04
 1500581700, 1,5500000000e+02, 1,1000000000e+02, 2,6000000000e+01, 7,0352000000e+00, 5,4300120000e+04
 1500582000, 1,5500000000e+02, 1,1176000000e+02, 2,6000000000e+01, 6,7768000000e+00, 5,4254680000e+04
 1500582300, 1,5500000000e+02, 1,1064000000e+02, 2,6000000000e+01, 6,6588000000e+00, 5,4298240000e+04
 1500582600, 1,5500000000e+02, 1,1000000000e+02, 2,6000000000e+01, 6,4656000000e+00, 5,4296960000e+04
 1500582900, 1,5500000000e+02, 1,1000000000e+02, 2,6000000000e+01, 6,2988000000e+00, 5,4303400000e+04
 1500583200, 1,5500000000e+02, 1,1000000000e+02, 2,6000000000e+01, 6,2340000000e+00, 5,4303400000e+04
 1500583500, 1,5500000000e+02, 1,1000000000e+02, 2,6000000000e+01, 6,2056000000e+00, 5,4256200000e+04
 1500583800, 1,5500000000e+02, 1,1000000000e+02, 2,6000000000e+01, 6,1128000000e+00, 5,0844600000e+04
 1500584100, 1,4480000000e+02, 1,0048000000e+02, 2,4640000000e+01, 6,4464000000e+00, 9,6899600000e+03
 1500584400, 1,4480000000e+02, 1,0176000000e+02, 2,4000000000e+01, 6,8928000000e+00, 3,2975040000e+04
 1500584700, 1,5000000000e+02, 1,0800000000e+02, 2,4000000000e+01, 7,2048000000e+00, 4,4158680000e+04
 1500585000, 1,5000000000e+02, 1,0800000000e+02, 2,4000000000e+01, 7,4252000000e+00, 4,4159280000e+04
 1500585300, 1,5000000000e+02, 1,0800000000e+02, 2,4000000000e+01, 7,5872000000e+00, 4,4159920000e+04
 1500585600, 1,5000000000e+02, 1,0976000000e+02, 2,4000000000e+01, 7,7148000000e+00, 4,4160440000e+04
 1500585900, 1,5000000000e+02, 1,0864000000e+02, 2,4000000000e+01, 7,8016000000e+00, 4,4162880000e+04
 1500586200, 1,3320000000e+02, 9,2640000000e+01, 2,4000000000e+01, 7,7144000000e+00, 5,0906200000e+04
 1500586500, 1,2620000000e+02, 8,5520000000e+01, 2,4560000000e+01, 7,3668000000e+00, 5,4304280000e+04
 1500586800, 1,5500000000e+02, 1,1000000000e+02, 2,6000000000e+01, 7,1328000000e+00, 5,4304080000e+04
 1500587100, 1,5500000000e+02, 1,1000000000e+02, 2,6000000000e+01, 6,9396000000e+00, 5,4303880000e+04
 1500587400, 1,5500000000e+02, 1,1000000000e+02, 2,6000000000e+01, 6,8724000000e+00, 5,4304400000e+04
 1500587700, 1,5500000000e+02, 1,1000000000e+02, 2,6000000000e+01, 6,4908000000e+00, 5,0798480000e+04
 1500588000, 1,4540000000e+02, 1,0328000000e+02, 2,5040000000e+01, 6,4892000000e+00, 9,9575200000e+03
 1500588300, 1,3920000000e+02, 9,8800000000e+01, 2,4000000000e+01, 6,9048000000e+00, 2,8555600000e+04
 1500588600, 1,5000000000e+02, 1,0616000000e+02, 2,4000000000e+01, 7,2148000000e+00, 4,4170760000e+04
 1500588900, 1,5000000000e+02, 1,0800000000e+02, 2,4000000000e+01, 7,4340000000e+00, 4,4171040000e+04
 1500589200, 1,5000000000e+02, 1,0800000000e+02, 2,4000000000e+01, 7,6064000000e+00, 4,4172800000e+04
 1500589500, 1,5000000000e+02, 1,0800000000e+02, 2,4000000000e+01, 7,7180000000e+00, 4,4173880000e+04
 1500589800, 1,4760000000e+02, 1,0704000000e+02, 2,4000000000e+01, 7,7944000000e+00, 4,4563400000e+04
 1500590100, 1,3660000000e+02, 9,7040000000e+01, 2,4000000000e+01, 7,7464000000e+00, 5,2582560000e+04
 1500590400, 1,1820000000e+02, 7,6880000000e+01, 2,4160000000e+01, 7,3044000000e+00, 5,4290600000e+04
 1500590700, 1,5500000000e+02, 1,1000000000e+02, 2,6000000000e+01, 6,8116000000e+00, 5,4310680000e+04
 1500591000, 1,5500000000e+02, 1,1000000000e+02, 2,6000000000e+01, 6,3060000000e+00, 5,4302240000e+04
 1500591300, 1,5500000000e+02, 1,1000000000e+02, 2,6000000000e+01, 6,0900000000e+00, 5,4332520000e+04
 1500591600, 1,5500000000e+02, 1,1000000000e+02, 2,6000000000e+01, 5,7412000000e+00, 5,4332960000e+04
 1500591900, 1,5500000000e+02, 1,1056000000e+02, 2,6000000000e+01, 5,5968000000e+00, 5,4333160000e+04
 1500592200, 1,5500000000e+02, 1,1200000000e+02, 2,6000000000e+01, 5,5412000000e+00, 5,4334080000e+04
 1500592500, 1,5500000000e+02, 1,1200000000e+02, 2,6000000000e+01, 5,6564000000e+00, 5,1151160000e+04
 1500592800, 1,5060000000e+02, 1,0848000000e+02, 2,6000000000e+01, 5,1352000000e+00, 9,8195600000e+03
 1500593100, 8,2000000000e+01, 5,0880000000e+01, 1,5120000000e+01, 3,7500000000e+00, 9,0880000000e+03
 1500593400, 5,0000000000e+01, 2,4000000000e+01, 1,0000000000e+01, 2,7620000000e+00, 9,0864000000e+03
 1500593700, 5,0000000000e+01, 2,4000000000e+01, 1,0000000000e+01, 2,0216000000e+00, 9,0858800000e+03
 1500594000, 4,9600000000e+01, 2,4000000000e+01, 9,8400000000e+00, 1,4820000000e+00, 9,0882000000e+03
 1500594300, 4,5000000000e+01, 2,4000000000e+01, 8,0000000000e+00, 1,0888000000e+00, 9,0864800000e+03
 1500594600, 4,9400000000e+01, 2,4000000000e+01, 9,7600000000e+00, 8,0160000000e-01, 9,0879200000e+03
 1500594900, 5,0000000000e+01, 2,4000000000e+01, 1,0000000000e+01, 6,0640000000e-01, 9,0874000000e+03
 1500595200, 4,7600000000e+01, 2,4000000000e+01, 1,0000000000e+01, 4,6160000000e-01, 9,0892000000e+03
 1500595500, 4,5000000000e+01, 2,3440000000e+01, 1,0000000000e+01, 3,4560000000e-01, 9,0882000000e+03
 1500595800, 4,5383333333e+01, 2,2153333333e+01, 1,0000000000e+01, 2,7043333333e-01, 9,0898233333e+03
 1500596100, 5,0000000000e+01, 2,4000000000e+01, 1,0000000000e+01, 2,1960000000e-01, 9,0922000000e+03
 1500596400, 5,0000000000e+01, 2,2240000000e+01, 1,0000000000e+01, 2,0160000000e-01, 9,0878400000e+03
 1500596700, 5,0000000000e+01, 2,3360000000e+01, 1,0000000000e+01, 1,7400000000e-01, 9,0910000000e+03
 1500597000, 5,0000000000e+01, 2,4000000000e+01, 1,0960000000e+01, 1,7040000000e-01, 9,0888000000e+03
 1500597300, 5,0000000000e+01, 2,4000000000e+01, 1,1440000000e+01, 1,4360000000e-01, 9,0886000000e+03
 1500597600, 5,0000000000e+01, 2,4000000000e+01, 9,8400000000e+00, 1,2320000000e-01, 9,0878400000e+03
 1500597900, 5,0000000000e+01, 2,4000000000e+01, 8,0000000000e+00, 1,2000000000e-01, 9,0875600000e+03
 1500598200, 4,5600000000e+01, 2,2240000000e+01, 8,0000000000e+00, 1,1320000000e-01, 9,0888133333e+03
 1500598500, 4,5000000000e+01, 2,2000000000e+01, 8,0000000000e+00, 1,0720000000e-01, 9,0892000000e+03
 1500598800, 4,7400000000e+01, 2,2960000000e+01, 8,0000000000e+00, 1,0880000000e-01, 9,0896000000e+03
 1500599100, 4,8600000000e+01, 2,4000000000e+01, 8,5600000000e+00, 1,0520000000e-01, 9,0884000000e+03
 1500599400, 4,6350000000e+01, 2,4000000000e+01, 1,0000000000e+01, 1,0750000000e-01, 9,0925366667e+03
 1500599700, 5,0000000000e+01, 2,4000000000e+01, 1,0000000000e+01, 1,1600000000e-01, 9,0886300000e+03
 1500600000, 5,0000000000e+01, 2,4000000000e+01, 1,0000000000e+01, 1,1840000000e-01, 9,0887600000e+03
 1500600300, 5,0000000000e+01, 2,4000000000e+01, 1,0000000000e+01, 9,6000000000e-02, 9,0894000000e+03
 1500600600, 5,0000000000e+01, 2,4000000000e+01, 1,0000000000e+01, 1,0290000000e-01, 9,0912166667e+03
 1500600900, 5,0000000000e+01, 2,4000000000e+01, 1,0000000000e+01, 1,0120000000e-01, 9,0911200000e+03
 1500601200, 5,1400000000e+01, 2,5120000000e+01, 1,0560000000e+01, 9,8400000000e-02, 9,0894800000e+03
 1500601500, 5,5800000000e+01, 2,8320000000e+01, 1,2320000000e+01, 9,1600000000e-02, 9,0901600000e+03
 1500601800, 6,5000000000e+01, 3,2000000000e+01, 1,6000000000e+01, 9,3200000000e-02, 9,0903200000e+03
 1500602100, 5,1800000000e+01, 2,4960000000e+01, 8,9600000000e+00, 8,8000000000e-02, 9,0894000000e+03
 1500602400, 4,6600000000e+01, 2,2640000000e+01, 8,0000000000e+00, 8,4000000000e-02, 9,0905600000e+03
 1500602700, 4,7300000000e+01, 2,2920000000e+01, 8,9200000000e+00, 8,8000000000e-02, 9,0910600000e+03
 1500603000, 5,0000000000e+01, 2,4000000000e+01, 1,0000000000e+01, 1,1800000000e-01, 9,0915600000e+03
 1500603300, 5,0000000000e+01, 2,4000000000e+01, 1,0000000000e+01, 1,3520000000e-01, 9,0928400000e+03
 1500603600, 5,0000000000e+01, 2,4000000000e+01, 1,0000000000e+01, 1,2320000000e-01, 9,0932400000e+03
 1500603900, 4,5600000000e+01, 2,4000000000e+01, 1,0000000000e+01, 1,1610000000e-01, 9,0921200000e+03
 1500604200, 4,5000000000e+01, 2,2640000000e+01, 1,0000000000e+01, 1,1520000000e-01, 9,0920800000e+03
 1500604500, 4,7400000000e+01, 2,2960000000e+01, 1,0000000000e+01, 1,1600000000e-01, 9,0924000000e+03
 1500604800, 5,0000000000e+01, 2,4000000000e+01, 1,0000000000e+01, 1,1320000000e-01, 9,0919200000e+03
 1500605100, 5,0000000000e+01, 2,3840000000e+01, 1,0000000000e+01, 1,0680000000e-01, 9,0910400000e+03
 1500605400, 5,0000000000e+01, 2,2000000000e+01, 1,0000000000e+01, 1,0320000000e-01, 9,0921200000e+03
 1500605700, 4,5600000000e+01, 2,3760000000e+01, 1,0000000000e+01, 1,0213333333e-01, 9,0940800000e+03
 1500606000, 4,8400000000e+01, 2,4000000000e+01, 1,0000000000e+01, 1,0480000000e-01, 9,0940400000e+03
 1500606300, 5,0000000000e+01, 2,4000000000e+01, 1,0960000000e+01, 9,1600000000e-02, 9,0942400000e+03
 1500606600, 5,0000000000e+01, 2,4000000000e+01, 1,1440000000e+01, 7,5200000000e-02, 9,1000800000e+03
 1500606900, 4,9600000000e+01, 2,4000000000e+01, 1,0000000000e+01, 7,0800000000e-02, 9,0988266667e+03
 1500607200, 4,5350000000e+01, 2,4000000000e+01, 1,0000000000e+01, 7,3900000000e-02, 9,0945300000e+03
 1500607500, 5,0000000000e+01, 2,4000000000e+01, 1,0000000000e+01, 7,7200000000e-02, 9,0946800000e+03
 1500607800, 5,0000000000e+01, 2,4000000000e+01, 8,2400000000e+00, 6,6400000000e-02, 9,0940800000e+03
 1500608100, 5,0000000000e+01, 2,4000000000e+01, 8,0000000000e+00, 5,0000000000e-02, 9,0944800000e+03
 1500608400, 5,0000000000e+01, 2,4000000000e+01, 8,0000000000e+00, 5,2000000000e-02, 9,0948000000e+03
 1500608700, 4,8600000000e+01, 2,4000000000e+01, 8,0000000000e+00, 5,0000000000e-02, 9,0956800000e+03
 1500609000, 4,5000000000e+01, 2,4000000000e+01, 8,0000000000e+00, 5,0800000000e-02, 9,0961200000e+03
 1500609300, 4,5000000000e+01, 2,4000000000e+01, 8,0000000000e+00, 6,0800000000e-02, 9,0994000000e+03
 1500609600, 4,9400000000e+01, 2,2240000000e+01, 9,7600000000e+00, 7,4000000000e-02, 9,0980000000e+03
 1500609900, 4,6600000000e+01, 2,3360000000e+01, 8,6400000000e+00, 6,1200000000e-02, 9,0970800000e+03
 1500610200, 4,7400000000e+01, 2,4000000000e+01, 8,0000000000e+00, 5,9200000000e-02, 9,0968800000e+03
 1500610500, 4,8600000000e+01, 2,3440000000e+01, 8,5600000000e+00, 5,4800000000e-02, 9,0977600000e+03
 1500610800, 4,5000000000e+01, 2,2160000000e+01, 9,8400000000e+00, 5,1200000000e-02, 9,0965600000e+03
 1500611100, 4,5000000000e+01, 2,4000000000e+01, 8,0000000000e+00, 5,0000000000e-02, 9,0954366667e+03
 1500611400, 4,9400000000e+01, 2,4000000000e+01, 1,1520000000e+01, 5,4000000000e-02, 9,0955600000e+03
 1500611700, 5,3400000000e+01, 2,6720000000e+01, 1,2000000000e+01, 5,2000000000e-02, 9,0979600000e+03
 1500612000, 5,2600000000e+01, 2,6080000000e+01, 1,1040000000e+01, 5,0000000000e-02, 9,0979200000e+03
 1500612300, 5,0000000000e+01, 2,4000000000e+01, 9,4400000000e+00, 6,1600000000e-02, 9,0969200000e+03
 1500612600, 4,9600000000e+01, 2,3840000000e+01, 8,0000000000e+00, 6,4000000000e-02, 9,0988400000e+03
 1500612900, 4,5000000000e+01, 2,2000000000e+01, 8,0000000000e+00, 8,7200000000e-02, 9,1891600000e+03
 1500613200, 7,5800000000e+01, 3,9600000000e+01, 2,0320000000e+01, 2,7720000000e-01, 1,0370920000e+04
 1500613500, 8,6800000000e+01, 4,7440000000e+01, 2,2000000000e+01, 9,5600000000e-01, 1,9462320000e+04
 1500613800, 1,1880000000e+02, 7,6880000000e+01, 2,2960000000e+01, 2,8060000000e+00, 2,8102800000e+04
 1500614100, 1,5000000000e+02, 1,0712000000e+02, 2,4000000000e+01, 4,2060000000e+00, 2,9514040000e+04
 1500614400, 1,5000000000e+02, 1,0968000000e+02, 2,4000000000e+01, 5,2264000000e+00, 3,1154440000e+04
 1500614700, 1,5000000000e+02, 1,0600000000e+02, 2,4000000000e+01, 5,9328000000e+00, 3,3361800000e+04
 1500615000, 1,4560000000e+02, 1,0424000000e+02, 2,5760000000e+01, 6,4472000000e+00, 3,5128200000e+04
 1500615300, 1,4840000000e+02, 1,0536000000e+02, 2,4640000000e+01, 6,8644000000e+00, 3,5754520000e+04
 1500615600, 1,5000000000e+02, 1,0696000000e+02, 2,4960000000e+01, 7,1820000000e+00, 3,6504240000e+04
 1500615900, 1,4860000000e+02, 1,0688000000e+02, 2,5440000000e+01, 7,4072000000e+00, 3,6774200000e+04
 1500616200, 1,4460000000e+02, 1,0368000000e+02, 2,4000000000e+01, 7,5016000000e+00, 3,7106520000e+04
 1500616500, 1,4000000000e+02, 1,0000000000e+02, 2,4000000000e+01, 7,5780000000e+00, 3,7457760000e+04
 1500616800, 1,5320000000e+02, 1,1056000000e+02, 2,5760000000e+01, 7,6464000000e+00, 3,7677640000e+04
 1500617100, 1,5160000000e+02, 1,1064000000e+02, 2,6000000000e+01, 7,6912000000e+00, 3,0537920000e+04
 1500617400, 9,9600000000e+01, 6,8720000000e+01, 1,8320000000e+01, 6,3692000000e+00, 9,4616800000e+03
 1500617700, 4,6400000000e+01, 2,4000000000e+01, 1,0000000000e+01, 4,6312000000e+00, 9,2413200000e+03
 1500618000, 4,9600000000e+01, 2,4000000000e+01, 1,0000000000e+01, 3,3616000000e+00, 9,2406800000e+03
 1500618300, 4,5000000000e+01, 2,4000000000e+01, 1,0000000000e+01, 2,4568000000e+00, 9,2414000000e+03
 1500618600, 4,5000000000e+01, 2,2240000000e+01, 1,0000000000e+01, 1,8120000000e+00, 9,2436400000e+03
 1500618900, 4,5000000000e+01, 2,2000000000e+01, 1,0000000000e+01, 1,3320000000e+00, 9,2439200000e+03
 1500619200, 4,7400000000e+01, 2,2960000000e+01, 1,0000000000e+01, 9,9160000000e-01, 9,2423200000e+03
 1500619500, 4,8600000000e+01, 2,3440000000e+01, 9,4400000000e+00, 7,4440000000e-01, 9,2436800000e+03
 1500619800, 4,5000000000e+01, 2,2000000000e+01, 8,0000000000e+00, 5,4640000000e-01, 9,2429600000e+03
 1500620100, 4,5000000000e+01, 2,2000000000e+01, 8,0000000000e+00, 4,1120000000e-01, 9,2448400000e+03
 1500620400, 4,5000000000e+01, 2,3760000000e+01, 8,0000000000e+00, 3,1480000000e-01, 9,2452400000e+03
 1500620700, 4,8400000000e+01, 2,4000000000e+01, 9,3600000000e+00, 2,3720000000e-01, 9,2450800000e+03
 1500621000, 5,0000000000e+01, 2,4000000000e+01, 1,0000000000e+01, 1,8680000000e-01, 9,2454000000e+03
 1500621300, 5,0000000000e+01, 2,4000000000e+01, 1,0000000000e+01, 1,4640000000e-01, 9,2488800000e+03
 1500621600, 5,0400000000e+01, 2,4320000000e+01, 1,0160000000e+01, 1,3920000000e-01, 9,2471200000e+03
 1500621900, 5,5000000000e+01, 2,8000000000e+01, 1,2000000000e+01, 1,3920000000e-01, 9,2501200000e+03
 1500622200, 5,0600000000e+01, 2,4480000000e+01, 1,0240000000e+01, 1,3000000000e-01, 9,2461600000e+03
 1500622500, 5,3400000000e+01, 2,5360000000e+01, 1,1360000000e+01, 1,1840000000e-01, 9,2463200000e+03
 1500622800, 5,2600000000e+01, 2,4080000000e+01, 1,1040000000e+01, 1,0240000000e-01, 9,2446800000e+03
 1500623100, 5,0000000000e+01, 2,2560000000e+01, 1,0000000000e+01, 8,9200000000e-02, 9,2460000000e+03
 1500623400, 5,0000000000e+01, -nan, 1,0000000000e+01, 7,0400000000e-02, 9,2449200000e+03
 1500623700, 5,0000000000e+01, -nan, 1,0000000000e+01, 5,3200000000e-02, 9,2461600000e+03
 1500624000, 5,0000000000e+01, -nan, 8,2400000000e+00, 5,0000000000e-02, 9,2549200000e+03
 1500624300, 5,0000000000e+01, -nan, 9,3600000000e+00, 5,2800000000e-02, 9,2466000000e+03
 1500624600, 5,0000000000e+01, -nan, 1,0000000000e+01, -nan, 9,2470000000e+03
 1500624900, 5,0000000000e+01, -nan, 1,0000000000e+01, -nan, 9,2468000000e+03
 1500625200, 5,0000000000e+01, -nan, 1,0000000000e+01, -nan, -nan
 1500625500, -nan, -nan, 1,0000000000e+01, -nan, -nan
 1500625800, -nan, -nan, -nan, -nan, -nan
 1500626100, -nan, -nan, -nan, -nan, -nan
 1500626400, -nan, -nan, -nan, -nan, -nan
 1500626700, -nan, -nan, -nan, -nan, -nan
 1500627000, -nan, -nan, -nan, -nan, -nan
 1500627300, -nan, -nan, -nan, -nan, -nan
