 Time, ttl_pwr, cpu_pwr, mem_pwr, cpu_load, mem_load
 1500448500, 5.6366666667e+01, 2.8820000000e+01, 1.2273333333e+01, 5.0000000000e-02, 1.0490776667e+04
 1500448800, 6.5000000000e+01, 3.4000000000e+01, 1.4000000000e+01, 5.0000000000e-02, 1.0488643333e+04
 1500449100, 5.5633333333e+01, 2.8380000000e+01, 1.2126666667e+01, 5.2000000000e-02, 1.0486990000e+04
 1500449400, 5.5000000000e+01, 2.8000000000e+01, 1.2000000000e+01, 5.2000000000e-02, 1.0488063333e+04
 1500449700, 5.5000000000e+01, 2.8000000000e+01, 1.2000000000e+01, 5.0000000000e-02, 1.0487463333e+04
 1500450000, 1.0718333333e+02, 7.4460000000e+01, 1.6713333333e+01, 1.0573333333e+00, 1.3432016667e+04
 1500450300, 2.1273333333e+02, 1.6818666667e+02, 2.6273333333e+01, 4.5142666667e+00, 1.2198330000e+04
 1500450600, 2.3000000000e+02, 1.8200000000e+02, 2.8000000000e+01, 6.9655000000e+00, 1.6250550000e+04
 1500450900, 2.3000000000e+02, 1.8574666667e+02, 2.8000000000e+01, 8.1387333333e+00, 1.2616570000e+04
 1500451200, 1.0476666667e+02, 7.1080000000e+01, 1.6213333333e+01, 6.2499333333e+00, 1.0492263333e+04
 1500451500, 1.4855000000e+02, 1.0942666667e+02, 2.0586666667e+01, 5.6316333333e+00, 2.0889240000e+04
 1500451800, 2.3173333333e+02, 1.8406000000e+02, 2.8673333333e+01, 8.2870333333e+00, 2.8016833333e+04
 1500452100, 2.4636666667e+02, 1.9490666667e+02, 3.2733333333e+01, 1.0384333333e+01, 2.7701383333e+04
 1500452400, 2.5500000000e+02, 1.8800000000e+02, 5.0000000000e+01, 1.1853966667e+01, 2.3883180000e+04
 1500452700, 2.5031666667e+02, 1.9549333333e+02, 3.5013333333e+01, 1.3024666667e+01, 2.8036506667e+04
 1500453000, 2.5736666667e+02, 1.8421333333e+02, 5.3153333333e+01, 1.3859033333e+01, 2.7181130000e+04
 1500453300, 2.5731666667e+02, 1.8751333333e+02, 4.9266666667e+01, 1.4463066667e+01, 2.7940623333e+04
 1500453600, 2.4995000000e+02, 1.9332666667e+02, 3.6633333333e+01, 1.4797433333e+01, 2.6677843333e+04
 1500453900, 2.4136666667e+02, 1.9254666667e+02, 3.0546666667e+01, 1.5097733333e+01, 2.4347600000e+04
 1500454200, 2.5000000000e+02, 1.9600000000e+02, 3.4000000000e+01, 1.5333233333e+01, 2.7905910000e+04
 1500454500, 2.4531666667e+02, 1.9600000000e+02, 3.2126666667e+01, 1.5431666667e+01, 2.3626010000e+04
 1500454800, 2.3026666667e+02, 1.8421333333e+02, 2.9053333333e+01, 1.5598500000e+01, 2.3644816667e+04
 1500455100, 2.3841666667e+02, 1.8966000000e+02, 3.0146666667e+01, 1.5773200000e+01, 2.7815480000e+04
 1500455400, 2.5000000000e+02, 1.9463333333e+02, 3.6040000000e+01, 1.5828000000e+01, 2.8288970000e+04
 1500455700, 2.4931666667e+02, 1.8964000000e+02, 4.1813333333e+01, 1.5864833333e+01, 2.8386980000e+04
 1500456000, 2.4500000000e+02, 2.0000000000e+02, 2.8000000000e+01, 1.5876533333e+01, 2.4526416667e+04
 1500456300, 2.4968333333e+02, 1.9438000000e+02, 3.5493333333e+01, 1.5867266667e+01, 2.6576923333e+04
 1500456600, 2.3526666667e+02, 1.8368666667e+02, 3.0106666667e+01, 1.5859566667e+01, 2.5096156667e+04
 1500456900, 2.3536666667e+02, 1.8322000000e+02, 3.2293333333e+01, 1.5845266667e+01, 2.4473463333e+04
 1500457200, 2.4168333333e+02, 1.8936666667e+02, 3.3980000000e+01, 1.5891433333e+01, 2.4077480000e+04
 1500457500, 2.4636666667e+02, 1.9545333333e+02, 3.1640000000e+01, 1.5782766667e+01, 2.8159040000e+04
 1500457800, 2.5500000000e+02, 1.9200000000e+02, 4.2000000000e+01, 1.5799666667e+01, 2.4023240000e+04
 1500458100, 2.5031666667e+02, 1.9574666667e+02, 3.4506666667e+01, 1.5842000000e+01, 2.1553023333e+04
 1500458400, 2.4263333333e+02, 1.9452666667e+02, 2.9580000000e+01, 1.5847366667e+01, 2.8176256667e+04
 1500458700, 2.4000000000e+02, 1.9400000000e+02, 2.9073333333e+01, 1.5855266667e+01, 2.4228483333e+04
 1500459000, 2.4000000000e+02, 1.9332666667e+02, 3.0000000000e+01, 1.5871566667e+01, 2.8032066667e+04
 1500459300, 2.4068333333e+02, 1.9200000000e+02, 3.0546666667e+01, 1.5942200000e+01, 2.7988256667e+04
 1500459600, 2.4500000000e+02, 1.9200000000e+02, 3.4000000000e+01, 1.5963366667e+01, 2.4684433333e+04
 1500459900, 2.3563333333e+02, 1.8638000000e+02, 2.8380000000e+01, 1.5980100000e+01, 2.1675696667e+04
 1500460200, 2.4236666667e+02, 1.9042000000e+02, 3.2420000000e+01, 1.6007366667e+01, 2.6833470000e+04
 1500460500, 2.4500000000e+02, 1.9414666667e+02, 3.2926666667e+01, 1.6008133333e+01, 2.5510373333e+04
 1500460800, 2.4331666667e+02, 1.9465333333e+02, 3.0653333333e+01, 1.5849733333e+01, 2.2899266667e+04
 1500461100, 2.4068333333e+02, 1.9254666667e+02, 2.8000000000e+01, 1.5888833333e+01, 2.4370323333e+04
 1500461400, 2.4500000000e+02, 1.9600000000e+02, 2.8000000000e+01, 1.5931466667e+01, 2.7414083333e+04
 1500461700, 2.4968333333e+02, 1.9600000000e+02, 3.1746666667e+01, 1.5858033333e+01, 2.8204973333e+04
 1500462000, 2.4631666667e+02, 1.9305333333e+02, 3.2000000000e+01, 1.5615666667e+01, 2.0169670000e+04
 1500462300, 1.4571666667e+02, 1.0506000000e+02, 2.1266666667e+01, 1.2413233333e+01, 1.0501180000e+04
 1500462600, 6.0000000000e+01, 2.9326666667e+01, 1.2000000000e+01, 9.0035666667e+00, 1.0498526667e+04
 1500462900, 5.9316666667e+01, 2.8000000000e+01, 1.2000000000e+01, 6.5530000000e+00, 1.0499273333e+04
 1500463200, 5.5000000000e+01, 2.8000000000e+01, 1.2000000000e+01, 4.7682666667e+00, 1.0497600000e+04
 1500463500, 5.5000000000e+01, 2.8000000000e+01, 1.2000000000e+01, 3.4870333333e+00, 1.0497736667e+04
 1500463800, 5.5000000000e+01, 2.8000000000e+01, 1.2000000000e+01, 2.5546666667e+00, 1.0498210000e+04
 1500464100, 5.5000000000e+01, 2.8000000000e+01, 1.2000000000e+01, 1.8773666667e+00, 1.0501390000e+04
 1500464400, 5.6683333333e+01, 2.8000000000e+01, 1.2000000000e+01, 1.3766000000e+00, 1.0498800000e+04
 1500464700, 5.9316666667e+01, 2.8000000000e+01, 1.2000000000e+01, 1.0182666667e+00, 1.0497400000e+04
 1500465000, 5.5000000000e+01, 2.8000000000e+01, 1.2000000000e+01, 7.6330000000e-01, 1.0497600000e+04
 1500465300, 5.5000000000e+01, 2.8000000000e+01, 1.2000000000e+01, 5.6740000000e-01, 1.0498200000e+04
 1500465600, 6.2366666667e+01, 3.3893333333e+01, 1.2000000000e+01, 4.3096666667e-01, 1.0497610000e+04
 1500465900, 5.9633333333e+01, 3.1706666667e+01, 1.2000000000e+01, 3.3106666667e-01, 1.0497253333e+04
 1500466200, 5.5000000000e+01, 2.8000000000e+01, 1.2000000000e+01, 5.9563333333e-01, 1.6041723333e+04
 1500466500, 8.0966666667e+01, 5.1233333333e+01, 1.4186666667e+01, 4.0118333333e+00, 2.4658823333e+04
 1500466800, 2.4500000000e+02, 1.9800000000e+02, 2.8000000000e+01, 6.6135000000e+00, 1.8587600000e+04
 1500467100, 7.1716666667e+01, 3.8766666667e+01, 1.3013333333e+01, 5.2376666667e+00, 1.0501073333e+04
 1500467400, 5.6316666667e+01, 2.8000000000e+01, 1.2000000000e+01, 3.8146333333e+00, 1.0497790000e+04
 1500467700, 5.5000000000e+01, 2.8000000000e+01, 1.2000000000e+01, 2.7763666667e+00, 1.0503030000e+04
 1500468000, 5.5000000000e+01, 2.8000000000e+01, 1.2000000000e+01, 2.0211666667e+00, 1.0499770000e+04
 1500468300, 5.5000000000e+01, 2.8000000000e+01, 1.2000000000e+01, 1.4737666667e+00, 1.0498336667e+04
 1500468600, 5.5000000000e+01, 2.8000000000e+01, 1.2000000000e+01, 1.0855333333e+00, 1.0497200000e+04
 1500468900, 5.5000000000e+01, 2.8000000000e+01, 1.2000000000e+01, 8.1193333333e-01, 1.0497336667e+04
 1500469200, 5.8683333333e+01, 2.9473333333e+01, 1.2000000000e+01, 6.0876666667e-01, 1.0497936667e+04
 1500469500, 5.7316666667e+01, 2.8926666667e+01, 1.2000000000e+01, 4.5886666667e-01, 1.0497580000e+04
 1500469800, 5.6683333333e+01, 2.8000000000e+01, 1.2000000000e+01, 3.4433333333e-01, 1.0498536667e+04
 1500470100, 5.9316666667e+01, 2.8000000000e+01, 1.2000000000e+01, 2.6443333333e-01, 1.0498536667e+04
 1500470400, 5.5000000000e+01, 2.8000000000e+01, 1.2000000000e+01, 2.1250000000e-01, 1.0497933333e+04
 1500470700, 5.5000000000e+01, 2.8000000000e+01, 1.2000000000e+01, 1.7926666667e-01, 1.0498790000e+04
 1500471000, 5.5000000000e+01, 2.8000000000e+01, 1.2000000000e+01, 1.5790000000e-01, 1.0500473333e+04
 1500471300, 6.3050000000e+01, 3.2293333333e+01, 1.4146666667e+01, 1.2926666667e-01, 1.0499126667e+04
 1500471600, 6.4950000000e+01, 3.3306666667e+01, 1.4653333333e+01, 1.1863333333e-01, 1.0498463333e+04
 1500471900, 5.5000000000e+01, 2.8000000000e+01, 1.2000000000e+01, 1.0800000000e-01, 1.0499156667e+04
 1500472200, 5.5000000000e+01, 2.8000000000e+01, 1.2000000000e+01, 1.0063333333e-01, 1.0498380000e+04
 1500472500, 5.5000000000e+01, 2.8000000000e+01, 1.2000000000e+01, 8.7266666667e-02, 1.0499136667e+04
 1500472800, 5.5000000000e+01, 2.8000000000e+01, 1.2000000000e+01, 7.2633333333e-02, 1.0500966667e+04
 1500473100, 5.5000000000e+01, 2.8000000000e+01, 1.2000000000e+01, 7.5366666667e-02, 1.0500233333e+04
 1500473400, 5.5000000000e+01, 2.8000000000e+01, 1.2000000000e+01, 8.1866666667e-02, 1.0498373333e+04
 1500473700, 5.5000000000e+01, 2.8000000000e+01, 1.2000000000e+01, 6.9266666667e-02, 1.0499673333e+04
 1500474000, 5.5000000000e+01, 2.8000000000e+01, 1.2000000000e+01, 5.2633333333e-02, 1.0499126667e+04
 1500474300, 6.9050000000e+01, 3.5493333333e+01, 1.5746666667e+01, 5.0000000000e-02, 1.0499463333e+04
 1500474600, 5.8950000000e+01, 3.0106666667e+01, 1.3053333333e+01, 5.0000000000e-02, 1.0499073333e+04
 1500474900, 5.5000000000e+01, 2.8000000000e+01, 1.2000000000e+01, 5.5366666667e-02, 1.0503400000e+04
 1500475200, 5.5000000000e+01, 2.8000000000e+01, 1.2000000000e+01, 5.2000000000e-02, 1.0500200000e+04
 1500475500, 5.5000000000e+01, 2.8000000000e+01, 1.2000000000e+01, 6.2000000000e-02, 1.0501200000e+04
 1500475800, 5.5000000000e+01, 2.8000000000e+01, 1.2000000000e+01, 6.0633333333e-02, 1.0499800000e+04
 1500476100, 5.5000000000e+01, 2.8000000000e+01, 1.2000000000e+01, 5.0000000000e-02, 1.0499600000e+04
 1500476400, 5.5000000000e+01, 2.8000000000e+01, 1.2000000000e+01, 5.4000000000e-02, 1.0501683333e+04
 1500476700, 5.5000000000e+01, 2.8000000000e+01, 1.2000000000e+01, 5.2000000000e-02, 1.0500316667e+04
 1500477000, 5.6683333333e+01, 2.8000000000e+01, 1.2000000000e+01, 5.7366666667e-02, 1.0506703333e+04
 1500477300, 6.0000000000e+01, 2.8000000000e+01, 1.2000000000e+01, 6.6000000000e-02, 1.0506106667e+04
 1500477600, 6.0000000000e+01, 2.8000000000e+01, 1.2000000000e+01, 6.0000000000e-02, 1.0501063333e+04
 1500477900, 6.0000000000e+01, 2.8000000000e+01, 1.2000000000e+01, 5.4633333333e-02, 1.0500926667e+04
 1500478200, 7.4733333333e+01, 3.5366666667e+01, 2.0840000000e+01, 6.2100000000e-02, 1.0506100000e+04
 1500478500, 7.4633333333e+01, 3.6926666667e+01, 2.0780000000e+01, 2.3626666667e-01, 1.0529200000e+04
 1500478800, 7.3366666667e+01, 3.6673333333e+01, 1.9346666667e+01, 4.8606666667e-01, 1.0529526667e+04
 1500479100, 7.9316666667e+01, 3.8000000000e+01, 2.2000000000e+01, 6.5913333333e-01, 1.0530473333e+04
 1500479400, 7.5000000000e+01, 3.8000000000e+01, 2.2000000000e+01, 7.7166666667e-01, 1.0528863333e+04
 1500479700, 7.5000000000e+01, 3.8000000000e+01, 2.2000000000e+01, 8.6356666667e-01, 1.0528063333e+04
 1500480000, 7.5000000000e+01, 3.8000000000e+01, 2.0526666667e+01, 9.2483333333e-01, 1.0527806667e+04
 1500480300, 8.0366666667e+01, 4.1220000000e+01, 2.1073333333e+01, 9.5810000000e-01, 1.0528273333e+04
 1500480600, 7.9950000000e+01, 4.0633333333e+01, 2.0653333333e+01, 1.0028333333e+00, 1.0531000000e+04
 1500480900, 6.9316666667e+01, 3.3453333333e+01, 1.8000000000e+01, 1.0347333333e+00, 1.0529873333e+04
 1500481200, 6.5000000000e+01, 3.0000000000e+01, 1.8000000000e+01, 1.0533666667e+00, 1.0529126667e+04
 1500481500, 7.4366666667e+01, 3.5620000000e+01, 1.9873333333e+01, 1.0533666667e+00, 1.0530503333e+04
 1500481800, 7.5000000000e+01, 3.6000000000e+01, 2.0000000000e+01, 1.0613666667e+00, 1.0531643333e+04
 1500482100, 6.6950000000e+01, 3.1706666667e+01, 1.5706666667e+01, 1.0813666667e+00, 1.0532630000e+04
 1500482400, 6.3366666667e+01, 3.0020000000e+01, 1.4020000000e+01, 1.0907333333e+00, 1.0539370000e+04
 1500482700, 7.0000000000e+01, 3.4000000000e+01, 1.8273333333e+01, 1.1060000000e+00, 1.0533673333e+04
 1500483000, 7.0000000000e+01, 3.4000000000e+01, 2.0000000000e+01, 1.1154666667e+00, 1.0531126667e+04
 1500483300, 7.4683333333e+01, 3.7746666667e+01, 2.0000000000e+01, 1.1400000000e+00, 1.0530936667e+04
 1500483600, 7.1316666667e+01, 3.6526666667e+01, 1.8526666667e+01, 1.1460000000e+00, 1.0530863333e+04
 1500483900, 6.1950000000e+01, 3.1706666667e+01, 1.4780000000e+01, 1.1360000000e+00, 1.0530610000e+04
 1500484200, 6.0050000000e+01, 3.0020000000e+01, 1.3346666667e+01, 1.1380000000e+00, 1.0531980000e+04
 1500484500, 7.0683333333e+01, 3.4273333333e+01, 1.6820000000e+01, 1.1366333333e+00, 1.0531863333e+04
 1500484800, 7.5000000000e+01, 3.6000000000e+01, 2.2000000000e+01, 1.1333666667e+00, 1.0530736667e+04
 1500485100, 6.0950000000e+01, 2.8506666667e+01, 1.4506666667e+01, 1.1380000000e+00, 1.0531336667e+04
 1500485400, 7.4733333333e+01, 3.5366666667e+01, 1.9893333333e+01, 1.1366333333e+00, 1.0531536667e+04
 1500485700, 7.4633333333e+01, 3.6926666667e+01, 1.9853333333e+01, 1.1260000000e+00, 1.0531883333e+04
 1500486000, 7.5050000000e+01, 3.8693333333e+01, 1.9346666667e+01, 1.1360000000e+00, 1.0538516667e+04
 1500486300, 8.3633333333e+01, 4.3180000000e+01, 2.2000000000e+01, 1.1320000000e+00, 1.0532400000e+04
 1500486600, 7.5000000000e+01, 3.8000000000e+01, 2.2000000000e+01, 1.1373666667e+00, 1.0532600000e+04
 1500486900, 7.5000000000e+01, 3.6126666667e+01, 2.2000000000e+01, 1.1386333333e+00, 1.0532600000e+04
 1500487200, 7.1316666667e+01, 3.4526666667e+01, 1.7580000000e+01, 1.1246333333e+00, 1.0536293333e+04
 1500487500, 7.5366666667e+01, 3.6146666667e+01, 1.9220000000e+01, 1.1240000000e+00, 1.0532570000e+04
 1500487800, 7.8316666667e+01, 3.6653333333e+01, 2.1326666667e+01, 1.1287333333e+00, 1.0533473333e+04
 1500488100, 7.3666666667e+01, 3.3733333333e+01, 1.9466666667e+01, 1.1353333333e+00, 1.0533336667e+04
 1500488400, 6.5000000000e+01, 3.2000000000e+01, 1.6000000000e+01, 9.5973333333e-01, 1.0528653333e+04
 1500488700, 5.5633333333e+01, 2.8253333333e+01, 1.2253333333e+01, 7.1793333333e-01, 1.0529136667e+04
 1500489000, 6.2366666667e+01, 3.3893333333e+01, 1.2000000000e+01, 5.2613333333e-01, 1.0528736667e+04
 1500489300, 5.9633333333e+01, 3.1706666667e+01, 1.2000000000e+01, 3.9833333333e-01, 1.0529063333e+04
 1500489600, 5.5000000000e+01, 2.8000000000e+01, 1.2000000000e+01, 3.2043333333e-01, 1.0531536667e+04
 1500489900, 5.5000000000e+01, 2.8000000000e+01, 1.2000000000e+01, 2.6853333333e-01, 1.0532273333e+04
 1500490200, 5.5000000000e+01, 2.8000000000e+01, 1.2000000000e+01, 2.2253333333e-01, 1.0529326667e+04
 1500490500, 5.5000000000e+01, 2.8000000000e+01, 1.2000000000e+01, 1.8990000000e-01, 1.0530766667e+04
 1500490800, 5.5000000000e+01, 2.8000000000e+01, 1.2000000000e+01, 1.6990000000e-01, 1.0529370000e+04
 1500491100, 5.5000000000e+01, 2.8000000000e+01, 1.2000000000e+01, 1.3926666667e-01, 1.0531463333e+04
 1500491400, 5.5000000000e+01, 2.8000000000e+01, 1.2000000000e+01, 1.2463333333e-01, 1.0530936667e+04
 1500491700, 5.5000000000e+01, 2.8000000000e+01, 1.2000000000e+01, 1.1130000000e-01, 1.0529670000e+04
 1500492000, 5.5000000000e+01, 2.8000000000e+01, 1.2000000000e+01, 1.0800000000e-01, 1.0529400000e+04
 1500492300, 5.5000000000e+01, 2.8000000000e+01, 1.2000000000e+01, 9.4633333333e-02, 1.0529863333e+04
 1500492600, 5.5000000000e+01, 2.8000000000e+01, 1.2000000000e+01, 8.2633333333e-02, 1.0530673333e+04
 1500492900, 5.5000000000e+01, 2.8000000000e+01, 1.2000000000e+01, 7.2633333333e-02, 1.0530463333e+04
 1500493200, 5.5000000000e+01, 2.8000000000e+01, 1.2000000000e+01, 5.7266666667e-02, 1.0529000000e+04
 1500493500, 5.5000000000e+01, 2.8000000000e+01, 1.2000000000e+01, 5.0000000000e-02, 1.0529936667e+04
 1500493800, 5.5000000000e+01, 2.8000000000e+01, 1.2000000000e+01, 5.0000000000e-02, 1.0529600000e+04
 1500494100, 5.9683333333e+01, 2.9873333333e+01, 1.2000000000e+01, 5.0000000000e-02, 1.0529800000e+04
 1500494400, 6.0000000000e+01, 2.8526666667e+01, 1.2000000000e+01, 5.5366666667e-02, 1.0531630000e+04
 1500494700, 5.7316666667e+01, 2.8000000000e+01, 1.2000000000e+01, 5.2633333333e-02, 1.0531170000e+04
 1500495000, 6.0050000000e+01, 3.0693333333e+01, 1.3346666667e+01, 5.4000000000e-02, 1.0531473333e+04
 1500495300, 6.7950000000e+01, 3.4906666667e+01, 1.5453333333e+01, 5.0000000000e-02, 1.0532863333e+04
 1500495600, 5.5000000000e+01, 2.8000000000e+01, 1.2000000000e+01, 6.2100000000e-02, 1.0531000000e+04
 1500495900, 5.5000000000e+01, 2.8000000000e+01, 1.2000000000e+01, 1.0210000000e-01, 1.0529600000e+04
 1500496200, 5.5000000000e+01, 2.8000000000e+01, 1.2000000000e+01, 1.3143333333e-01, 1.0529933333e+04
 1500496500, 5.5000000000e+01, 2.8000000000e+01, 1.2000000000e+01, 1.3726666667e-01, 1.0531000000e+04
 1500496800, 5.5000000000e+01, 2.8000000000e+01, 1.2000000000e+01, 1.2600000000e-01, 1.0530936667e+04
 1500497100, 5.5000000000e+01, 2.8000000000e+01, 1.2000000000e+01, 1.2263333333e-01, 1.0531000000e+04
 1500497400, 5.5000000000e+01, 2.8000000000e+01, 1.2000000000e+01, 1.1663333333e-01, 1.0530800000e+04
 1500497700, 5.5000000000e+01, 2.8000000000e+01, 1.2000000000e+01, 1.0663333333e-01, 1.0531873333e+04
 1500498000, 6.2366666667e+01, 3.2420000000e+01, 1.2000000000e+01, 8.7266666667e-02, 1.0532200000e+04
 1500498300, 5.9633333333e+01, 3.0780000000e+01, 1.2000000000e+01, 6.6633333333e-02, 1.0533536667e+04
 1500498600, 5.6683333333e+01, 2.8000000000e+01, 1.2000000000e+01, 6.2633333333e-02, 1.0533000000e+04
 1500498900, 5.9316666667e+01, 2.8000000000e+01, 1.2000000000e+01, 5.4000000000e-02, 1.0531853333e+04
 1500499200, 5.5000000000e+01, 2.8000000000e+01, 1.2000000000e+01, 5.6633333333e-02, 1.0531263333e+04
 1500499500, 5.5000000000e+01, 2.8000000000e+01, 1.2000000000e+01, 5.0000000000e-02, 1.0531463333e+04
 1500499800, 5.5000000000e+01, 2.8000000000e+01, 1.2000000000e+01, 5.0000000000e-02, 1.0531473333e+04
 1500500100, 5.5000000000e+01, 2.8000000000e+01, 1.2000000000e+01, 5.0000000000e-02, 1.0532063333e+04
 1500500400, 5.5000000000e+01, 2.8000000000e+01, 1.2000000000e+01, 7.2100000000e-02, 1.0531600000e+04
 1500500700, 5.5000000000e+01, 2.8000000000e+01, 1.2000000000e+01, 7.1266666667e-02, 1.0531600000e+04
 1500501000, 5.5000000000e+01, 2.8000000000e+01, 1.2000000000e+01, 6.0000000000e-02, 1.0534736667e+04
 1500501300, 6.4366666667e+01, 2.9873333333e+01, 1.3873333333e+01, 5.0633333333e-02, 1.0537820000e+04
 1500501600, 6.1316666667e+01, 2.8526666667e+01, 1.4000000000e+01, 5.0000000000e-02, 1.0533716667e+04
 1500501900, 5.7316666667e+01, 2.8000000000e+01, 1.2926666667e+01, 5.6000000000e-02, 1.0532926667e+04
 1500502200, 5.5000000000e+01, 2.8000000000e+01, 1.2000000000e+01, 6.0000000000e-02, 1.0532663333e+04
 1500502500, 5.5000000000e+01, 2.8000000000e+01, 1.2000000000e+01, 7.6100000000e-02, 1.0531136667e+04
 1500502800, 5.5000000000e+01, 2.8000000000e+01, 1.2000000000e+01, 6.6633333333e-02, 1.0533210000e+04
 1500503100, 5.5000000000e+01, 2.8000000000e+01, 1.2000000000e+01, 7.0000000000e-02, 1.0532726667e+04
 1500503400, 5.5000000000e+01, 2.8000000000e+01, 1.2000000000e+01, 5.5266666667e-02, 1.0534463333e+04
 1500503700, 5.5000000000e+01, 2.8000000000e+01, 1.2000000000e+01, 5.2033333333e-02, 1.0531606667e+04
 1500504000, 5.6683333333e+01, 2.8673333333e+01, 1.2673333333e+01, 5.0000000000e-02, 1.0531800000e+04
 1500504300, 6.0000000000e+01, 2.9726666667e+01, 1.3726666667e+01, 5.1966666667e-02, 1.0532010000e+04
 1500504600, 6.0000000000e+01, 2.8000000000e+01, 1.2000000000e+01, 5.0000000000e-02, 1.0531800000e+04
 1500504900, 5.5316666667e+01, 2.8000000000e+01, 1.2000000000e+01, 5.7366666667e-02, 1.0531000000e+04
 1500505200, 5.5000000000e+01, 2.8000000000e+01, 1.2000000000e+01, 5.8633333333e-02, 1.0531536667e+04
 1500505500, 5.5000000000e+01, 2.8000000000e+01, 1.2000000000e+01, 5.0000000000e-02, 1.0534400000e+04
 1500505800, 5.5000000000e+01, 2.8000000000e+01, 1.2000000000e+01, 5.0000000000e-02, 1.0532663333e+04
 1500506100, 5.5683333333e+01, 2.8000000000e+01, 1.2000000000e+01, 5.0000000000e-02, 1.0531200000e+04
 1500506400, 6.0000000000e+01, 2.8000000000e+01, 1.2000000000e+01, 5.0000000000e-02, 1.0532336667e+04
 1500506700, 5.5316666667e+01, 2.8000000000e+01, 1.2000000000e+01, 6.1366666667e-02, 1.0532463333e+04
 1500507000, 5.8666666667e+01, 2.8000000000e+01, 1.2000000000e+01, 5.0633333333e-02, 1.0531800000e+04
 1500507300, 6.2683333333e+01, 3.1220000000e+01, 1.2000000000e+01, 5.0000000000e-02, 1.0532536667e+04
 1500507600, 6.3316666667e+01, 3.1980000000e+01, 1.2000000000e+01, 5.0000000000e-02, 1.0532800000e+04
 1500507900, 6.0000000000e+01, 2.8000000000e+01, 1.2000000000e+01, 5.0000000000e-02, 1.0532800000e+04
 1500508200, 6.0000000000e+01, 2.8000000000e+01, 1.2000000000e+01, 6.8733333333e-02, 1.0535883333e+04
 1500508500, 6.0000000000e+01, 2.8000000000e+01, 1.2000000000e+01, 7.9366666667e-02, 1.0533473333e+04
 1500508800, 6.0000000000e+01, 2.8000000000e+01, 1.2000000000e+01, 8.6000000000e-02, 1.0533863333e+04
 1500509100, 6.0000000000e+01, 2.8000000000e+01, 1.2000000000e+01, 7.6633333333e-02, 1.0535053333e+04
 1500509400, 6.0000000000e+01, 2.8000000000e+01, 1.2000000000e+01, 7.3333333333e-02, 1.0536990000e+04
 1500509700, 6.0000000000e+01, 2.8000000000e+01, 1.2000000000e+01, 7.2633333333e-02, 1.0534200000e+04
 1500510000, 6.0000000000e+01, 2.8000000000e+01, 1.2000000000e+01, 6.6633333333e-02, 1.0534800000e+04
 1500510300, 6.9366666667e+01, 3.5493333333e+01, 1.5746666667e+01, 6.2000000000e-02, 1.0534400000e+04
 1500510600, 6.2633333333e+01, 3.0106666667e+01, 1.3053333333e+01, 5.8633333333e-02, 1.0535073333e+04
 1500510900, 6.0000000000e+01, 2.8000000000e+01, 1.2000000000e+01, 5.0000000000e-02, 1.0532990000e+04
 1500511200, 6.0000000000e+01, 2.8000000000e+01, 1.2000000000e+01, 5.0000000000e-02, 1.0533470000e+04
 1500511500, 6.0000000000e+01, 2.8000000000e+01, 1.2000000000e+01, 5.0000000000e-02, 1.0533610000e+04
 1500511800, 6.0000000000e+01, 2.8000000000e+01, 1.2000000000e+01, 5.0000000000e-02, 1.0533790000e+04
 1500512100, 6.0000000000e+01, 2.8000000000e+01, 1.2000000000e+01, 5.0000000000e-02, 1.0533800000e+04
 1500512400, 6.0000000000e+01, 2.8000000000e+01, 1.2000000000e+01, 5.0000000000e-02, 1.0536273333e+04
 1500512700, 6.0000000000e+01, 2.8000000000e+01, 1.2000000000e+01, 5.0000000000e-02, 1.0535800000e+04
 1500513000, 6.0000000000e+01, 2.8000000000e+01, 1.3346666667e+01, 5.8733333333e-02, 1.0534136667e+04
 1500513300, 6.0000000000e+01, 2.8000000000e+01, 1.5453333333e+01, 5.6633333333e-02, 1.0536736667e+04
 1500513600, 6.0000000000e+01, 2.8000000000e+01, 1.2000000000e+01, 5.4633333333e-02, 1.0533843333e+04
 1500513900, 6.0000000000e+01, 2.8000000000e+01, 1.2000000000e+01, 5.0000000000e-02, 1.0533336667e+04
 1500514200, 6.0000000000e+01, 2.8000000000e+01, 1.2000000000e+01, 5.0000000000e-02, 1.0534493333e+04
 1500514500, 6.0000000000e+01, 2.8000000000e+01, 1.2000000000e+01, 5.2000000000e-02, 1.0535336667e+04
 1500514800, 6.0000000000e+01, 2.8000000000e+01, 1.2000000000e+01, 5.4000000000e-02, 1.0535770000e+04
 1500515100, 6.0000000000e+01, 2.8000000000e+01, 1.2000000000e+01, 5.0000000000e-02, 1.0536136667e+04
 1500515400, 6.0000000000e+01, 2.8000000000e+01, 1.2000000000e+01, 5.0000000000e-02, 1.0533800000e+04
 1500515700, 6.0000000000e+01, 2.8000000000e+01, 1.2000000000e+01, 5.4000000000e-02, 1.0535200000e+04
 1500516000, 6.0000000000e+01, 2.8000000000e+01, 1.2000000000e+01, 5.0000000000e-02, 1.0534800000e+04
 1500516300, 6.2683333333e+01, 3.2293333333e+01, 1.3073333333e+01, 5.4000000000e-02, 1.0534063333e+04
 1500516600, 6.3316666667e+01, 3.3306666667e+01, 1.3326666667e+01, 5.0000000000e-02, 1.0535316667e+04
 1500516900, 6.0000000000e+01, 2.8000000000e+01, 1.2000000000e+01, 5.2000000000e-02, 1.0534473333e+04
 1500517200, 6.0000000000e+01, 2.8000000000e+01, 1.2000000000e+01, 5.0000000000e-02, 1.0535010000e+04
 1500517500, 5.5316666667e+01, 2.8000000000e+01, 1.2000000000e+01, 5.0000000000e-02, 1.0537653333e+04
 1500517800, 5.8683333333e+01, 2.8000000000e+01, 1.2000000000e+01, 5.8733333333e-02, 1.0535136667e+04
 1500518100, 6.0000000000e+01, 2.8000000000e+01, 1.2000000000e+01, 5.5266666667e-02, 1.0535463333e+04
 1500518400, 6.0000000000e+01, 2.8000000000e+01, 1.2000000000e+01, 5.0000000000e-02, 1.0535673333e+04
 1500518700, 6.0000000000e+01, 2.8000000000e+01, 1.2000000000e+01, 5.7366666667e-02, 1.0537630000e+04
 1500519000, 6.0000000000e+01, 2.8000000000e+01, 1.2000000000e+01, 5.4000000000e-02, 1.0538506667e+04
 1500519300, 6.9366666667e+01, 3.5493333333e+01, 1.5746666667e+01, 5.2633333333e-02, 1.0535653333e+04
 1500519600, 6.2633333333e+01, 3.0106666667e+01, 1.3053333333e+01, 5.0000000000e-02, 1.0534400000e+04
 1500519900, 5.7316666667e+01, 2.8000000000e+01, 1.2000000000e+01, 5.0000000000e-02, 1.0533873333e+04
 1500520200, 5.6683333333e+01, 2.8000000000e+01, 1.2000000000e+01, 5.0000000000e-02, 1.0535526667e+04
 1500520500, 6.0000000000e+01, 2.8000000000e+01, 1.2000000000e+01, 5.0000000000e-02, 1.0534863333e+04
 1500520800, 6.0000000000e+01, 2.8000000000e+01, 1.2000000000e+01, 5.4000000000e-02, 1.0535810000e+04
 1500521100, 5.5316666667e+01, 2.8000000000e+01, 1.2000000000e+01, 5.0000000000e-02, 1.0536810000e+04
 1500521400, 5.8683333333e+01, 2.8000000000e+01, 1.2000000000e+01, 5.0000000000e-02, 1.0538726667e+04
 1500521700, 6.0000000000e+01, 2.8000000000e+01, 1.2000000000e+01, 5.0000000000e-02, 1.0536390000e+04
 1500522000, 6.0000000000e+01, 2.8000000000e+01, 1.2000000000e+01, 6.0733333333e-02, 1.0536136667e+04
 1500522300, 6.0000000000e+01, 2.8000000000e+01, 1.2273333333e+01, 7.0633333333e-02, 1.0536273333e+04
 1500522600, 6.0000000000e+01, 2.8000000000e+01, 1.4000000000e+01, 5.2633333333e-02, 1.0535390000e+04
 1500522900, 6.0000000000e+01, 2.8000000000e+01, 1.2126666667e+01, 5.0000000000e-02, 1.0534463333e+04
 1500523200, 6.0000000000e+01, 2.8000000000e+01, 1.2000000000e+01, 5.0000000000e-02, 1.0535610000e+04
 1500523500, 6.0000000000e+01, 2.8000000000e+01, 1.2000000000e+01, 5.0000000000e-02, 1.0541263333e+04
 1500523800, 5.8316666667e+01, 2.8000000000e+01, 1.2000000000e+01, 5.0000000000e-02, 1.0537673333e+04
 1500524100, 5.5000000000e+01, 2.8000000000e+01, 1.2000000000e+01, 5.0000000000e-02, 1.0536726667e+04
 1500524400, 5.5000000000e+01, 2.8000000000e+01, 1.2000000000e+01, 5.4000000000e-02, 1.0536736667e+04
 1500524700, 5.5000000000e+01, 2.8000000000e+01, 1.2000000000e+01, 5.3966666667e-02, 1.0542313333e+04
 1500525000, 5.8683333333e+01, 2.8000000000e+01, 1.2000000000e+01, 5.0000000000e-02, 1.0542296667e+04
 1500525300, 6.2683333333e+01, 2.9073333333e+01, 1.4146666667e+01, 5.8733333333e-02, 1.0537263333e+04
 1500525600, 6.6683333333e+01, 3.1346666667e+01, 1.6673333333e+01, 1.0210000000e-01, 1.0536863333e+04
 1500525900, 6.7950000000e+01, 3.3180000000e+01, 1.7180000000e+01, 9.6000000000e-02, 1.0536936667e+04
 1500526200, 5.5000000000e+01, 2.8000000000e+01, 1.2000000000e+01, 9.8000000000e-02, 1.0536536667e+04
 1500526500, 5.5000000000e+01, 2.8000000000e+01, 1.2000000000e+01, 9.1266666667e-02, 1.0536926667e+04
 1500526800, 5.8683333333e+01, 2.8000000000e+01, 1.2000000000e+01, 7.3266666667e-02, 1.0536410000e+04
 1500527100, 5.7316666667e+01, 2.8000000000e+01, 1.2000000000e+01, 5.6633333333e-02, 1.0538283333e+04
 1500527400, 5.6683333333e+01, 2.8000000000e+01, 1.2000000000e+01, 5.3366666667e-02, 1.0540173333e+04
 1500527700, 5.9316666667e+01, 2.8000000000e+01, 1.2000000000e+01, 5.4000000000e-02, 1.0539336667e+04
 1500528000, 5.5000000000e+01, 2.8000000000e+01, 1.2000000000e+01, 5.4000000000e-02, 1.0539546667e+04
 1500528300, 5.9683333333e+01, 2.9873333333e+01, 1.2000000000e+01, 5.0633333333e-02, 1.0538296667e+04
 1500528600, 6.0000000000e+01, 3.0000000000e+01, 1.3473333333e+01, 5.2733333333e-02, 1.0540673333e+04
 1500528900, 6.0000000000e+01, 2.8926666667e+01, 1.2926666667e+01, 5.5266666667e-02, 1.0543566667e+04
 1500529200, 5.8316666667e+01, 2.8000000000e+01, 1.2000000000e+01, 5.0000000000e-02, 1.0537696667e+04
 1500529500, 5.5000000000e+01, 2.8000000000e+01, 1.2000000000e+01, 5.0000000000e-02, 1.0538136667e+04
 1500529800, 5.5000000000e+01, 2.8000000000e+01, 1.2000000000e+01, 5.0000000000e-02, 1.0538336667e+04
 1500530100, 5.5000000000e+01, 2.8000000000e+01, 1.2000000000e+01, 5.5366666667e-02, 1.0538463333e+04
 1500530400, 5.5000000000e+01, 2.8000000000e+01, 1.2000000000e+01, 5.0633333333e-02, 1.0542083333e+04
 1500530700, 5.5000000000e+01, 2.8000000000e+01, 1.2000000000e+01, 5.0000000000e-02, 1.0539916667e+04
 1500531000, 5.5000000000e+01, 2.8000000000e+01, 1.2000000000e+01, 5.2000000000e-02, 1.0542400000e+04
 1500531300, 5.6366666667e+01, 2.9093333333e+01, 1.2000000000e+01, 5.0000000000e-02, 1.0544273333e+04
 1500531600, 6.5000000000e+01, 3.6000000000e+01, 1.2000000000e+01, 6.6100000000e-02, 1.0540400000e+04
 1500531900, 5.5633333333e+01, 2.8506666667e+01, 1.2000000000e+01, 9.1366666667e-02, 1.0540863333e+04
 1500532200, 5.5000000000e+01, 2.8000000000e+01, 1.2000000000e+01, 9.0000000000e-02, 1.0541073333e+04
 1500532500, 5.5000000000e+01, 2.8000000000e+01, 1.2000000000e+01, 8.8000000000e-02, 1.0541063333e+04
 1500532800, 5.5000000000e+01, 2.8000000000e+01, 1.2000000000e+01, 8.2633333333e-02, 1.0543200000e+04
 1500533100, 5.5000000000e+01, 2.8000000000e+01, 1.2000000000e+01, 8.5366666667e-02, 1.0540800000e+04
 1500533400, 5.5000000000e+01, 2.8000000000e+01, 1.2000000000e+01, 1.0473333333e-01, 1.0542336667e+04
 1500533700, 5.5000000000e+01, 2.8000000000e+01, 1.2000000000e+01, 1.2136666667e-01, 1.0542336667e+04
 1500534000, 5.5000000000e+01, 2.8000000000e+01, 1.2000000000e+01, 1.2200000000e-01, 1.0541390000e+04
 1500534300, 5.5000000000e+01, 2.8000000000e+01, 1.2000000000e+01, 1.1800000000e-01, 1.0540873333e+04
 1500534600, 5.5000000000e+01, 2.8000000000e+01, 1.2000000000e+01, 1.1263333333e-01, 1.0543610000e+04
 1500534900, 5.5000000000e+01, 2.8000000000e+01, 1.2000000000e+01, 1.0126666667e-01, 1.0541726667e+04
 1500535200, 5.5000000000e+01, 2.8000000000e+01, 1.2000000000e+01, 8.0633333333e-02, 1.0542463333e+04
 1500535500, 5.5000000000e+01, 2.8000000000e+01, 1.2000000000e+01, 6.7266666667e-02, 1.0541936667e+04
 1500535800, 5.8683333333e+01, 2.8000000000e+01, 1.2000000000e+01, 5.6633333333e-02, 1.0544956667e+04
 1500536100, 5.7316666667e+01, 2.8000000000e+01, 1.2000000000e+01, 5.0000000000e-02, 1.0546190000e+04
 1500536400, 5.5000000000e+01, 2.8000000000e+01, 1.2000000000e+01, 5.0000000000e-02, 1.0541916667e+04
 1500536700, 5.5000000000e+01, 2.8000000000e+01, 1.2000000000e+01, 5.0000000000e-02, 1.0543136667e+04
 1500537000, 5.5000000000e+01, 2.8000000000e+01, 1.2000000000e+01, 5.2000000000e-02, 1.0542863333e+04
 1500537300, 5.5000000000e+01, 2.8000000000e+01, 1.2000000000e+01, 5.1366666667e-02, 1.0541200000e+04
 1500537600, 6.6050000000e+01, 3.3893333333e+01, 1.4946666667e+01, 5.0633333333e-02, 1.0543786667e+04
 1500537900, 6.1950000000e+01, 3.1706666667e+01, 1.3853333333e+01, 6.4100000000e-02, 1.0547950000e+04
 1500538200, 5.5000000000e+01, 2.8000000000e+01, 1.2000000000e+01, 9.6100000000e-02, 1.0542736667e+04
 1500538500, 5.5000000000e+01, 2.8000000000e+01, 1.2000000000e+01, 1.1800000000e-01, 1.0543340000e+04
 1500538800, 5.5000000000e+01, 2.8000000000e+01, 1.2000000000e+01, 1.1600000000e-01, 1.0544200000e+04
 1500539100, 5.5000000000e+01, 2.8000000000e+01, 1.2000000000e+01, 1.2136666667e-01, 1.0543863333e+04
 1500539400, 5.5000000000e+01, 2.8000000000e+01, 1.2000000000e+01, 1.2600000000e-01, 1.0544546667e+04
 1500539700, 5.5000000000e+01, 2.8000000000e+01, 1.2000000000e+01, 1.2473333333e-01, 1.0549610000e+04
 1500540000, 5.5000000000e+01, 2.8000000000e+01, 1.2000000000e+01, 1.3063333333e-01, 1.0543706667e+04
 1500540300, 5.5000000000e+01, 2.8000000000e+01, 1.2000000000e+01, 1.2863333333e-01, 1.0541610000e+04
 1500540600, 5.5000000000e+01, 2.8000000000e+01, 1.2000000000e+01, 1.2200000000e-01, 1.0544400000e+04
 1500540900, 5.5000000000e+01, 2.8000000000e+01, 1.2000000000e+01, 1.2336666667e-01, 1.0543306667e+04
 1500541200, 5.5000000000e+01, 2.8000000000e+01, 1.2000000000e+01, 1.1926666667e-01, 1.0544210000e+04
 1500541500, 5.5000000000e+01, 2.8000000000e+01, 1.2000000000e+01, 1.0526666667e-01, 1.0543606667e+04
 1500541800, 5.5000000000e+01, 2.8000000000e+01, 1.2000000000e+01, 8.4633333333e-02, 1.0544073333e+04
 1500542100, 5.5000000000e+01, 2.8000000000e+01, 1.2000000000e+01, 7.2633333333e-02, 1.0544600000e+04
 1500542400, 5.5000000000e+01, 2.8000000000e+01, 1.2000000000e+01, 7.0000000000e-02, 1.0544673333e+04
 1500542700, 5.5000000000e+01, 2.8000000000e+01, 1.2000000000e+01, 6.8633333333e-02, 1.0545526667e+04
 1500543000, 5.8683333333e+01, 2.8000000000e+01, 1.2000000000e+01, 6.5366666667e-02, 1.0543853333e+04
 1500543300, 5.7316666667e+01, 2.8000000000e+01, 1.2000000000e+01, 5.5266666667e-02, 1.0543863333e+04
 1500543600, 6.0050000000e+01, 3.0693333333e+01, 1.3346666667e+01, 5.4000000000e-02, 1.0547200000e+04
 1500543900, 6.7950000000e+01, 3.4906666667e+01, 1.5453333333e+01, 3.3446666667e-01, 1.0637370000e+04
 1500544200, 5.5000000000e+01, 2.8000000000e+01, 1.2000000000e+01, 4.0676666667e+00, 1.0918670000e+04
 1500544500, 2.4233333333e+02, 1.9285333333e+02, 2.8860000000e+01, 8.6517333333e+00, 1.0877503333e+04
 1500544800, 2.4026666667e+02, 1.9221333333e+02, 2.8526666667e+01, 1.2108633333e+01, 1.0862726667e+04
 1500545100, 2.3768333333e+02, 1.8907333333e+02, 3.0146666667e+01, 1.3258700000e+01, 1.0850493333e+04
 1500545400, 2.4505000000e+02, 1.9538666667e+02, 3.1326666667e+01, 1.5306066667e+01, 1.0910886667e+04
 1500545700, 2.5431666667e+02, 2.0490666667e+02, 3.0273333333e+01, 1.6862933333e+01, 1.0935226667e+04
 1500546000, 2.5000000000e+02, 1.9800000000e+02, 3.2000000000e+01, 1.8148233333e+01, 1.0929830000e+04
 1500546300, 2.2658333333e+02, 1.8114000000e+02, 2.8253333333e+01, 1.8940900000e+01, 1.0903570000e+04
 1500546600, 2.5078333333e+02, 2.0062666667e+02, 3.0946666667e+01, 1.9422566667e+01, 1.0899526667e+04
 1500546900, 2.5731666667e+02, 2.0370666667e+02, 3.3073333333e+01, 1.9764266667e+01, 1.0923533333e+04
 1500547200, 2.5163333333e+02, 2.0000000000e+02, 3.1980000000e+01, 2.0018233333e+01, 1.0963073333e+04
 1500547500, 2.4568333333e+02, 2.0000000000e+02, 2.8546666667e+01, 2.0479533333e+01, 1.0927286667e+04
 1500547800, 2.5000000000e+02, 2.0000000000e+02, 3.2000000000e+01, 2.0731433333e+01, 1.0905266667e+04
 1500548100, 2.3595000000e+02, 1.8314000000e+02, 3.5746666667e+01, 2.0787566667e+01, 1.0877520000e+04
 1500548400, 2.4605000000e+02, 1.9526000000e+02, 3.1580000000e+01, 2.0949233333e+01, 1.0956280000e+04
 1500548700, 2.5000000000e+02, 2.0000000000e+02, 3.1073333333e+01, 2.1084833333e+01, 1.0834126667e+04
 1500549000, 2.5000000000e+02, 1.9798000000e+02, 3.2673333333e+01, 2.1144066667e+01, 1.0917216667e+04
 1500549300, 2.4590000000e+02, 1.9072000000e+02, 3.3726666667e+01, 2.1405966667e+01, 1.0935166667e+04
 1500549600, 2.2000000000e+02, 1.7000000000e+02, 3.2000000000e+01, 2.1286133333e+01, 1.0924856667e+04
 1500549900, 2.1531666667e+02, 1.6063333333e+02, 3.5746666667e+01, 2.1175733333e+01, 1.0928706667e+04
 1500550200, 2.2973333333e+02, 1.7915333333e+02, 3.0106666667e+01, 2.1187800000e+01, 1.0875220000e+04
 1500550500, 2.4036666667e+02, 1.9029333333e+02, 3.1220000000e+01, 2.1093500000e+01, 1.0895206667e+04
 1500550800, 2.4668333333e+02, 1.9669333333e+02, 3.2653333333e+01, 2.1137233333e+01, 1.0958500000e+04
 1500551100, 2.4658333333e+02, 1.9790000000e+02, 3.0546666667e+01, 2.1087800000e+01, 1.0887546667e+04
 1500551400, 2.2500000000e+02, 1.7200000000e+02, 3.4000000000e+01, 2.1088866667e+01, 1.0882373333e+04
 1500551700, 2.5310000000e+02, 1.9822666667e+02, 3.5873333333e+01, 2.0957700000e+01, 1.0948906667e+04
 1500552000, 2.3290000000e+02, 1.7937333333e+02, 3.4526666667e+01, 2.0905666667e+01, 1.0891443333e+04
 1500552300, 2.3573333333e+02, 1.8380666667e+02, 3.2926666667e+01, 2.0909800000e+01, 1.0887923333e+04
 1500552600, 2.4331666667e+02, 1.9130666667e+02, 3.3346666667e+01, 2.0898733333e+01, 1.0989756667e+04
 1500552900, 2.3385000000e+02, 1.8053333333e+02, 3.5453333333e+01, 2.0956833333e+01, 1.1019816667e+04
 1500553200, 1.9500000000e+02, 1.4600000000e+02, 3.2000000000e+01, 2.0982633333e+01, 1.0940280000e+04
 1500553500, 2.4183333333e+02, 1.8908666667e+02, 3.3873333333e+01, 1.9612566667e+01, 1.0805526667e+04
 1500553800, 1.1240000000e+02, 7.4133333333e+01, 2.0740000000e+01, 1.4513566667e+01, 1.0726726667e+04
 1500554100, 6.2316666667e+01, 2.9853333333e+01, 1.7073333333e+01, 1.0862700000e+01, 1.1575813333e+04
 1500554400, 1.0203333333e+02, 6.3566666667e+01, 2.1233333333e+01, 1.3781466667e+01, 1.5967490000e+04
 1500554700, 1.9510000000e+02, 1.4344000000e+02, 2.8000000000e+01, 1.9458166667e+01, 1.4003110000e+04
 1500555000, 2.3500000000e+02, 1.8600000000e+02, 2.8000000000e+01, 2.3245133333e+01, 1.3930340000e+04
 1500555300, 2.4433333333e+02, 1.9720000000e+02, 2.8000000000e+01, 2.5721266667e+01, 1.6183776667e+04
 1500555600, 2.4500000000e+02, 1.9800000000e+02, 2.8000000000e+01, 2.7490300000e+01, 1.6548820000e+04
 1500555900, 2.4500000000e+02, 1.9906000000e+02, 2.8000000000e+01, 2.8821300000e+01, 1.6833950000e+04
 1500556200, 2.4500000000e+02, 1.9934000000e+02, 2.8000000000e+01, 2.9830600000e+01, 1.7791770000e+04
 1500556500, 2.4435000000e+02, 1.9774000000e+02, 2.8000000000e+01, 3.0489500000e+01, 1.7984820000e+04
 1500556800, 2.4000000000e+02, 1.9600000000e+02, 2.8000000000e+01, 3.0945866667e+01, 1.8032636667e+04
 1500557100, 2.4465000000e+02, 1.9786000000e+02, 2.8000000000e+01, 3.1278400000e+01, 1.8062810000e+04
 1500557400, 2.4135000000e+02, 1.9654000000e+02, 2.8000000000e+01, 3.1524033333e+01, 1.8069716667e+04
 1500557700, 2.4265000000e+02, 1.9706000000e+02, 2.8000000000e+01, 3.1728100000e+01, 1.8067610000e+04
 1500558000, 2.4500000000e+02, 1.9800000000e+02, 2.8000000000e+01, 3.1839000000e+01, 1.8078010000e+04
 1500558300, 2.4565000000e+02, 1.9852000000e+02, 2.8000000000e+01, 3.1935700000e+01, 1.8082610000e+04
 1500558600, 2.5000000000e+02, 2.0200000000e+02, 2.8000000000e+01, 3.2023100000e+01, 1.8084130000e+04
 1500558900, 2.5000000000e+02, 2.0386000000e+02, 2.8000000000e+01, 3.2079200000e+01, 1.8082640000e+04
 1500559200, 2.5000000000e+02, 2.0254000000e+02, 2.8000000000e+01, 3.2113200000e+01, 1.8090330000e+04
 1500559500, 2.5000000000e+02, 2.0306000000e+02, 2.8000000000e+01, 3.2142600000e+01, 1.8090670000e+04
 1500559800, 2.5000000000e+02, 2.0334000000e+02, 2.8000000000e+01, 3.2159900000e+01, 1.8089070000e+04
 1500560100, 2.5000000000e+02, 2.0200000000e+02, 2.8000000000e+01, 3.2209100000e+01, 1.8092640000e+04
 1500560400, 2.5000000000e+02, 2.0200000000e+02, 2.8000000000e+01, 3.2256233333e+01, 1.8098276667e+04
 1500560700, 2.5465000000e+02, 2.0386000000e+02, 2.9860000000e+01, 3.2457700000e+01, 1.8202446667e+04
 1500561000, 2.4053333333e+02, 1.8808666667e+02, 3.0000000000e+01, 3.2921866667e+01, 1.8432903333e+04
 1500561300, 2.0098333333e+02, 1.4850666667e+02, 2.8953333333e+01, 3.3371733333e+01, 1.8558843333e+04
 1500561600, 1.9263333333e+02, 1.3804666667e+02, 3.0586666667e+01, 3.3680133333e+01, 1.8746620000e+04
 1500561900, 2.1973333333e+02, 1.6201333333e+02, 3.4226666667e+01, 3.3917700000e+01, 1.8730676667e+04
 1500562200, 8.0000000000e+01, 3.8000000000e+01, 2.2000000000e+01, 3.4034933333e+01, 1.8715550000e+04
 1500562500, 8.4616666667e+01, 3.8000000000e+01, 2.2000000000e+01, 3.4094766667e+01, 1.8699630000e+04
 1500562800, 9.9533333333e+01, 4.9626666667e+01, 2.4906666667e+01, 3.4177933333e+01, 1.8708260000e+04
 1500563100, 9.4466666667e+01, 4.5573333333e+01, 2.4946666667e+01, 3.4273433333e+01, 1.8787203333e+04
 1500563400, 8.5000000000e+01, 3.8000000000e+01, 2.4000000000e+01, 3.4311700000e+01, 1.8817003333e+04
 1500563700, 8.5000000000e+01, 3.8000000000e+01, 2.4000000000e+01, 3.4314533333e+01, 1.8776880000e+04
 1500564000, 8.5000000000e+01, 3.8000000000e+01, 2.4000000000e+01, 3.4353966667e+01, 1.8756270000e+04
 1500564300, 8.5000000000e+01, 3.9846666667e+01, 2.4000000000e+01, 3.4339166667e+01, 1.8786900000e+04
 1500564600, 8.8616666667e+01, 4.4340000000e+01, 2.4000000000e+01, 3.4339166667e+01, 1.8746263333e+04
 1500564900, 8.7766666667e+01, 4.2426666667e+01, 2.4000000000e+01, 3.4632866667e+01, 1.8781866667e+04
 1500565200, 8.5000000000e+01, 3.8646666667e+01, 2.4000000000e+01, 3.4934233333e+01, 1.8738826667e+04
 1500565500, 8.5600000000e+01, 4.0000000000e+01, 2.4240000000e+01, 3.5159566667e+01, 1.8767990000e+04
 1500565800, 9.0000000000e+01, 4.0000000000e+01, 2.6000000000e+01, 3.5402266667e+01, 1.8571040000e+04
 1500566100, 1.0385000000e+02, 5.4773333333e+01, 2.6000000000e+01, 3.5446333333e+01, 1.8683546667e+04
 1500566400, 1.0500000000e+02, 5.7440000000e+01, 2.6000000000e+01, 3.5558400000e+01, 1.8512153333e+04
 1500566700, 1.2840000000e+02, 7.9840000000e+01, 2.6000000000e+01, 3.5607700000e+01, 1.8058126667e+04
 1500567000, 1.7613333333e+02, 1.2548000000e+02, 2.6653333333e+01, 3.5603066667e+01, 1.7233253333e+04
 1500567300, 2.3410000000e+02, 1.8155333333e+02, 2.8546666667e+01, 3.5490533333e+01, 1.7016600000e+04
 1500567600, 2.6000000000e+02, 2.0400000000e+02, 3.2000000000e+01, 3.5149900000e+01, 1.7050520000e+04
 1500567900, 2.6466666667e+02, 2.0773333333e+02, 3.5733333333e+01, 3.4758000000e+01, 1.7049993333e+04
 1500568200, 2.5410000000e+02, 2.0509333333e+02, 3.0186666667e+01, 3.4374500000e+01, 1.7379560000e+04
 1500568500, 2.5000000000e+02, 2.0400000000e+02, 2.8000000000e+01, 3.4039366667e+01, 1.7754803333e+04
 1500568800, 2.5000000000e+02, 2.0400000000e+02, 2.8660000000e+01, 3.3817066667e+01, 1.7842900000e+04
 1500569100, 2.5000000000e+02, 2.0374000000e+02, 2.9740000000e+01, 3.3662500000e+01, 1.8029690000e+04
 1500569400, 2.5000000000e+02, 2.0200000000e+02, 2.8000000000e+01, 3.3516766667e+01, 1.8144343333e+04
 1500569700, 2.4536666667e+02, 1.9829333333e+02, 2.8000000000e+01, 3.3415600000e+01, 1.8169590000e+04
 1500570000, 2.4500000000e+02, 1.9946000000e+02, 2.8000000000e+01, 3.3338200000e+01, 1.8178660000e+04
 1500570300, 2.4765000000e+02, 2.0106000000e+02, 2.8000000000e+01, 3.3304700000e+01, 1.8180730000e+04
 1500570600, 2.4835000000e+02, 2.0068000000e+02, 2.8000000000e+01, 3.3281400000e+01, 1.8187920000e+04
 1500570900, 2.4500000000e+02, 1.9800000000e+02, 2.8000000000e+01, 3.3281900000e+01, 1.8179090000e+04
 1500571200, 2.4500000000e+02, 1.9800000000e+02, 2.8000000000e+01, 3.3311866667e+01, 1.8181610000e+04
 1500571500, 2.4965000000e+02, 1.9986000000e+02, 2.8000000000e+01, 3.3349900000e+01, 1.8185500000e+04
 1500571800, 2.5000000000e+02, 2.0000000000e+02, 2.9460000000e+01, 3.3405166667e+01, 1.8200636667e+04
 1500572100, 2.5000000000e+02, 2.0000000000e+02, 3.0000000000e+01, 3.3473233333e+01, 1.8133793333e+04
 1500572400, 2.5000000000e+02, 1.9936000000e+02, 3.0640000000e+01, 3.3641700000e+01, 1.8064450000e+04
 1500572700, 2.4746666667e+02, 1.9546666667e+02, 3.1493333333e+01, 3.3792800000e+01, 1.8219800000e+04
 1500573000, 2.3000000000e+02, 1.7800000000e+02, 2.8000000000e+01, 3.3986733333e+01, 1.8305180000e+04
 1500573300, 2.1605000000e+02, 1.6498000000e+02, 2.8000000000e+01, 3.4127133333e+01, 1.8455373333e+04
 1500573600, 1.7140000000e+02, 1.2185333333e+02, 2.6546666667e+01, 3.4226500000e+01, 1.8496230000e+04
 1500573900, 1.3930000000e+02, 9.1346666667e+01, 2.6000000000e+01, 3.4348800000e+01, 1.8557350000e+04
 1500574200, 1.7350000000e+02, 1.1615333333e+02, 3.5700000000e+01, 3.4342033333e+01, 1.8649916667e+04
 1500574500, 2.5156666667e+02, 1.7676000000e+02, 5.2053333333e+01, 3.4396266667e+01, 1.8599853333e+04
 1500574800, 8.5000000000e+01, 4.0000000000e+01, 2.4000000000e+01, 3.4410766667e+01, 1.8589520000e+04
 1500575100, 8.5000000000e+01, 4.0000000000e+01, 2.4000000000e+01, 3.4419033333e+01, 1.8290370000e+04
 1500575400, 8.8600000000e+01, 4.1440000000e+01, 2.4000000000e+01, 3.4403800000e+01, 1.8212363333e+04
 1500575700, 1.5200000000e+02, 9.1600000000e+01, 3.6400000000e+01, 3.4205066667e+01, 1.7874070000e+04
 1500576000, 1.7535000000e+02, 1.1094000000e+02, 4.0740000000e+01, 3.4014366667e+01, 1.7904583333e+04
 1500576300, 1.0253333333e+02, 5.4026666667e+01, 2.5753333333e+01, 3.3499966667e+01, 1.7882983333e+04
 1500576600, 8.5000000000e+01, 4.0000000000e+01, 2.4000000000e+01, 3.2952000000e+01, 1.7850303333e+04
 1500576900, 1.0833333333e+02, 5.3066666667e+01, 3.1466666667e+01, 3.2526366667e+01, 1.7666666667e+04
 1500577200, 9.1916666667e+01, 4.3873333333e+01, 2.6213333333e+01, 3.2227366667e+01, 1.7338716667e+04
 1500577500, 9.8166666667e+01, 4.9480000000e+01, 2.5053333333e+01, 3.1795933333e+01, 1.7126386667e+04
 1500577800, 1.1490000000e+02, 6.3880000000e+01, 2.6653333333e+01, 3.0968600000e+01, 1.6858516667e+04
 1500578100, 1.2091666667e+02, 7.2033333333e+01, 2.7533333333e+01, 3.0067900000e+01, 1.6351753333e+04
 1500578400, 9.0000000000e+01, 4.2000000000e+01, 2.4000000000e+01, 2.9160066667e+01, 1.6267626667e+04
 1500578700, 9.0000000000e+01, 4.2000000000e+01, 2.5840000000e+01, 2.8020500000e+01, 1.6030686667e+04
 1500579000, 1.0090000000e+02, 5.2173333333e+01, 2.6000000000e+01, 2.6971966667e+01, 1.5655153333e+04
 1500579300, 1.0765000000e+02, 5.8120000000e+01, 2.7060000000e+01, 2.5822033333e+01, 1.4855970000e+04
 1500579600, 1.5040000000e+02, 9.1646666667e+01, 3.6753333333e+01, 2.3701300000e+01, 1.3617540000e+04
 1500579900, 2.0608333333e+02, 1.3650666667e+02, 4.8260000000e+01, 1.9735966667e+01, 1.1242463333e+04
 1500580200, 5.5000000000e+01, 2.6000000000e+01, 1.2000000000e+01, 1.4501666667e+01, 1.0697326667e+04
 1500580500, 5.5000000000e+01, 2.7873333333e+01, 1.2000000000e+01, 1.0543733333e+01, 1.0893180000e+04
 1500580800, 1.2498333333e+02, 8.3986666667e+01, 2.2313333333e+01, 8.9842666667e+00, 1.1159146667e+04
 1500581100, 1.5536666667e+02, 1.0936666667e+02, 2.6000000000e+01, 8.7213000000e+00, 3.6512206667e+04
 1500581400, 1.6000000000e+02, 1.1467333333e+02, 2.6000000000e+01, 8.5381333333e+00, 4.5699210000e+04
 1500581700, 1.6000000000e+02, 1.1600000000e+02, 2.6000000000e+01, 8.4129666667e+00, 4.5701610000e+04
 1500582000, 1.6000000000e+02, 1.1600000000e+02, 2.6000000000e+01, 8.3077000000e+00, 4.5701693333e+04
 1500582300, 1.6000000000e+02, 1.1600000000e+02, 2.6000000000e+01, 8.2304333333e+00, 4.5709486667e+04
 1500582600, 1.6000000000e+02, 1.1600000000e+02, 2.6000000000e+01, 8.1731666667e+00, 4.5696000000e+04
 1500582900, 1.3316666667e+02, 8.9166666667e+01, 2.7073333333e+01, 8.0571000000e+00, 5.2068066667e+04
 1500583200, 1.2851666667e+02, 8.3506666667e+01, 2.8000000000e+01, 7.7073333333e+00, 5.5748370000e+04
 1500583500, 1.6500000000e+02, 1.1827333333e+02, 2.8000000000e+01, 7.1822333333e+00, 5.5750010000e+04
 1500583800, 1.6500000000e+02, 1.2000000000e+02, 2.8000000000e+01, 6.4734333333e+00, 5.5751063333e+04
 1500584100, 1.6500000000e+02, 1.1812666667e+02, 2.8000000000e+01, 6.2733000000e+00, 5.5753746667e+04
 1500584400, 1.6500000000e+02, 1.1800000000e+02, 2.8000000000e+01, 6.1339666667e+00, 5.5749803333e+04
 1500584700, 1.6500000000e+02, 1.1800000000e+02, 2.8000000000e+01, 5.9706666667e+00, 5.5749663333e+04
 1500585000, 1.6500000000e+02, 1.1867333333e+02, 2.8000000000e+01, 6.0118666667e+00, 5.5745000000e+04
 1500585300, 1.6500000000e+02, 1.1972666667e+02, 2.8000000000e+01, 5.8443666667e+00, 5.5750136667e+04
 1500585600, 1.6500000000e+02, 1.1800000000e+02, 2.8000000000e+01, 6.1361000000e+00, 1.4144553333e+04
 1500585900, 1.5563333333e+02, 1.1050666667e+02, 2.6126666667e+01, 6.6615000000e+00, 3.5952793333e+04
 1500586200, 1.5868333333e+02, 1.1294666667e+02, 2.6000000000e+01, 7.0377333333e+00, 4.5616346667e+04
 1500586500, 1.6000000000e+02, 1.1507333333e+02, 2.6000000000e+01, 7.3094333333e+00, 4.5617600000e+04
 1500586800, 1.6168333333e+02, 1.1734666667e+02, 2.6000000000e+01, 7.5066000000e+00, 4.5619326667e+04
 1500587100, 1.6431666667e+02, 1.1945333333e+02, 2.6000000000e+01, 7.6490333333e+00, 4.5617630000e+04
 1500587400, 1.6000000000e+02, 1.1600000000e+02, 2.6000000000e+01, 7.7488333333e+00, 4.6294750000e+04
 1500587700, 9.4433333333e+01, 5.0433333333e+01, 2.7873333333e+01, 7.4947333333e+00, 5.5499930000e+04
 1500588000, 1.4525000000e+02, 1.0051333333e+02, 2.8000000000e+01, 7.1018333333e+00, 5.5902043333e+04
 1500588300, 1.6231666667e+02, 1.1785333333e+02, 2.8000000000e+01, 6.7756333333e+00, 5.5902536667e+04
 1500588600, 1.6336666667e+02, 1.1802000000e+02, 2.8000000000e+01, 6.3318666667e+00, 5.5901390000e+04
 1500588900, 1.7000000000e+02, 1.2200000000e+02, 2.8000000000e+01, 6.1713333333e+00, 5.5878120000e+04
 1500589200, 1.7000000000e+02, 1.2200000000e+02, 2.8000000000e+01, 6.1216666667e+00, 4.1979593333e+04
 1500589500, 1.5126666667e+02, 1.0701333333e+02, 2.6126666667e+01, 6.5130666667e+00, 1.1019136667e+04
 1500589800, 1.5736666667e+02, 1.1336666667e+02, 2.6000000000e+01, 6.9512000000e+00, 2.9406666667e+04
 1500590100, 1.6000000000e+02, 1.1707333333e+02, 2.6000000000e+01, 7.2435333333e+00, 4.5599526667e+04
 1500590400, 1.6168333333e+02, 1.1800000000e+02, 2.6000000000e+01, 7.4586000000e+00, 4.5597063333e+04
 1500590700, 1.6431666667e+02, 1.1800000000e+02, 2.6000000000e+01, 7.6171333333e+00, 4.5597736667e+04
 1500591000, 1.6000000000e+02, 1.1800000000e+02, 2.6000000000e+01, 7.7323000000e+00, 4.5597536667e+04
 1500591300, 1.6468333333e+02, 1.1800000000e+02, 2.6000000000e+01, 7.8169333333e+00, 4.5598200000e+04
 1500591600, 1.5763333333e+02, 1.1210666667e+02, 2.6000000000e+01, 7.8687333333e+00, 4.9938070000e+04
 1500591900, 1.6305000000e+02, 1.1644000000e+02, 2.7073333333e+01, 7.5375666667e+00, 5.5758390000e+04
 1500592200, 1.7000000000e+02, 1.2200000000e+02, 2.8000000000e+01, 7.0927000000e+00, 5.5757430000e+04
 1500592500, 1.7000000000e+02, 1.2200000000e+02, 2.8000000000e+01, 6.7930000000e+00, 5.5757443333e+04
 1500592800, 1.7000000000e+02, 1.2200000000e+02, 2.8000000000e+01, 6.6263333333e+00, 5.5758683333e+04
 1500593100, 1.7000000000e+02, 1.2574666667e+02, 2.8000000000e+01, 6.4123666667e+00, 5.5759410000e+04
 1500593400, 1.7000000000e+02, 1.2305333333e+02, 2.8000000000e+01, 6.2212666667e+00, 5.5757233333e+04
 1500593700, 1.7000000000e+02, 1.2200000000e+02, 2.8000000000e+01, 6.0953000000e+00, 5.5757200000e+04
 1500594000, 1.7000000000e+02, 1.2200000000e+02, 2.8000000000e+01, 5.7770000000e+00, 5.5758000000e+04
 1500594300, 1.5428333333e+02, 1.0915333333e+02, 2.5813333333e+01, 5.7005000000e+00, 3.2693926667e+04
 1500594600, 5.5000000000e+01, 2.8000000000e+01, 1.2000000000e+01, 4.4812000000e+00, 1.0515620000e+04
 1500594900, 5.5000000000e+01, 2.8000000000e+01, 1.2000000000e+01, 3.2578666667e+00, 1.0516643333e+04
 1500595200, 5.5000000000e+01, 2.6526666667e+01, 1.2000000000e+01, 2.3755000000e+00, 1.0515600000e+04
 1500595500, 5.5000000000e+01, 2.7073333333e+01, 1.2000000000e+01, 1.7428333333e+00, 1.0515556667e+04
 1500595800, 6.0050000000e+01, 3.0020000000e+01, 1.3346666667e+01, 1.2856333333e+00, 1.0521233333e+04
 1500596100, 6.5150000000e+01, 3.2060000000e+01, 1.4706666667e+01, 9.6250000000e-01, 1.0519850000e+04
 1500596400, 5.5000000000e+01, 2.8000000000e+01, 1.2000000000e+01, 7.6066666667e-01, 1.0515400000e+04
 1500596700, 5.5000000000e+01, 2.8000000000e+01, 1.2000000000e+01, 5.6676666667e-01, 1.0514400000e+04
 1500597000, 5.5000000000e+01, 2.8000000000e+01, 1.2000000000e+01, 4.2766666667e-01, 1.0518110000e+04
 1500597300, 5.5000000000e+01, 2.8000000000e+01, 1.2000000000e+01, 3.2706666667e-01, 1.0515800000e+04
 1500597600, 5.5000000000e+01, 2.8000000000e+01, 1.2000000000e+01, 2.5380000000e-01, 1.0519326667e+04
 1500597900, 5.5000000000e+01, 2.8000000000e+01, 1.2000000000e+01, 2.1126666667e-01, 1.0516976667e+04
 1500598200, 5.5650000000e+01, 2.8000000000e+01, 1.2000000000e+01, 2.0470000000e-01, 1.0516646667e+04
 1500598500, 6.0000000000e+01, 2.8000000000e+01, 1.2000000000e+01, 1.7116666667e-01, 1.0516810000e+04
 1500598800, 6.0000000000e+01, 2.8000000000e+01, 1.3873333333e+01, 1.3390000000e-01, 1.0519990000e+04
 1500599100, 5.6316666667e+01, 2.8000000000e+01, 1.2526666667e+01, 1.1800000000e-01, 1.0517936667e+04
 1500599400, 5.5000000000e+01, 2.8000000000e+01, 1.2000000000e+01, 1.3666666667e-01, 1.0528150000e+04
 1500599700, 5.5000000000e+01, 2.8000000000e+01, 1.2000000000e+01, 1.2926666667e-01, 1.0531186667e+04
 1500600000, 5.5000000000e+01, 2.8000000000e+01, 1.2000000000e+01, 1.1663333333e-01, 1.0516663333e+04
 1500600300, 5.5000000000e+01, 2.8000000000e+01, 1.2000000000e+01, 1.2273333333e-01, 1.0518200000e+04
 1500600600, 5.9683333333e+01, 2.8000000000e+01, 1.2000000000e+01, 1.3136666667e-01, 1.0517073333e+04
 1500600900, 5.6316666667e+01, 2.8000000000e+01, 1.2000000000e+01, 1.3126666667e-01, 1.0517463333e+04
 1500601200, 5.7683333333e+01, 3.0146666667e+01, 1.2000000000e+01, 1.2000000000e-01, 1.0517263333e+04
 1500601500, 5.8316666667e+01, 3.0653333333e+01, 1.2000000000e+01, 1.1463333333e-01, 1.0517200000e+04
 1500601800, 5.5000000000e+01, 2.8000000000e+01, 1.2000000000e+01, 1.1736666667e-01, 1.0517820000e+04
 1500602100, 5.5000000000e+01, 2.8000000000e+01, 1.2000000000e+01, 1.2000000000e-01, 1.0519180000e+04
 1500602400, 5.5000000000e+01, 2.8000000000e+01, 1.2000000000e+01, 1.2136666667e-01, 1.0516000000e+04
 1500602700, 5.5000000000e+01, 2.8000000000e+01, 1.2000000000e+01, 1.5680000000e-01, 1.0519730000e+04
 1500603000, 5.5000000000e+01, 2.8000000000e+01, 1.2000000000e+01, 1.4063333333e-01, 1.0517536667e+04
 1500603300, 5.5000000000e+01, 2.8000000000e+01, 1.2000000000e+01, 1.3663333333e-01, 1.0518136667e+04
 1500603600, 5.5000000000e+01, 2.8000000000e+01, 1.2000000000e+01, 1.2463333333e-01, 1.0518463333e+04
 1500603900, 5.5000000000e+01, 2.8000000000e+01, 1.2000000000e+01, 1.1670000000e-01, 1.0517800000e+04
 1500604200, 5.5000000000e+01, 2.8000000000e+01, 1.2000000000e+01, 1.0526666667e-01, 1.0518873333e+04
 1500604500, 5.5000000000e+01, 2.8000000000e+01, 1.2000000000e+01, 9.0000000000e-02, 1.0517990000e+04
 1500604800, 5.5000000000e+01, 2.8000000000e+01, 1.2000000000e+01, 8.4633333333e-02, 1.0518000000e+04
 1500605100, 5.5000000000e+01, 2.8000000000e+01, 1.2000000000e+01, 7.4633333333e-02, 1.0517873333e+04
 1500605400, 5.5000000000e+01, 2.8000000000e+01, 1.2000000000e+01, 6.0633333333e-02, 1.0517200000e+04
 1500605700, 5.5000000000e+01, 2.8000000000e+01, 1.2000000000e+01, 5.0633333333e-02, 1.0522936667e+04
 1500606000, 5.5000000000e+01, 2.8000000000e+01, 1.2000000000e+01, 5.0000000000e-02, 1.0520273333e+04
 1500606300, 5.5000000000e+01, 2.8000000000e+01, 1.2000000000e+01, 5.1366666667e-02, 1.0519863333e+04
 1500606600, 5.5000000000e+01, 2.8000000000e+01, 1.2000000000e+01, 5.4000000000e-02, 1.0518936667e+04
 1500606900, 5.5000000000e+01, 2.8000000000e+01, 1.2000000000e+01, 6.3366666667e-02, 1.0522946667e+04
 1500607200, 5.5566666667e+01, 2.8226666667e+01, 1.2226666667e+01, 7.7366666667e-02, 1.0524610000e+04
 1500607500, 6.0000000000e+01, 3.0000000000e+01, 1.4000000000e+01, 8.0000000000e-02, 1.0520150000e+04
 1500607800, 5.5316666667e+01, 2.8126666667e+01, 1.2126666667e+01, 6.8633333333e-02, 1.0522473333e+04
 1500608100, 5.5000000000e+01, 2.8000000000e+01, 1.2000000000e+01, 7.1366666667e-02, 1.0519716667e+04
 1500608400, 5.5000000000e+01, 2.8000000000e+01, 1.2000000000e+01, 7.9366666667e-02, 1.0518526667e+04
 1500608700, 5.5000000000e+01, 2.8000000000e+01, 1.2000000000e+01, 9.2000000000e-02, 1.0519210000e+04
 1500609000, 5.5000000000e+01, 2.8000000000e+01, 1.2000000000e+01, 8.8633333333e-02, 1.0519263333e+04
 1500609300, 5.5000000000e+01, 2.8000000000e+01, 1.2000000000e+01, 7.8000000000e-02, 1.0518863333e+04
 1500609600, 5.5000000000e+01, 2.8000000000e+01, 1.2000000000e+01, 8.9366666667e-02, 1.0520336667e+04
 1500609900, 5.5000000000e+01, 2.8000000000e+01, 1.2000000000e+01, 9.1366666667e-02, 1.0519200000e+04
 1500610200, 6.3050000000e+01, 3.2293333333e+01, 1.3073333333e+01, 8.7266666667e-02, 1.0524103333e+04
 1500610500, 6.6633333333e+01, 3.3306666667e+01, 1.3326666667e+01, 7.0633333333e-02, 1.0520970000e+04
 1500610800, 5.9316666667e+01, 2.8000000000e+01, 1.2000000000e+01, 5.7266666667e-02, 1.0520926667e+04
 1500611100, 5.5000000000e+01, 2.8000000000e+01, 1.2000000000e+01, 5.0000000000e-02, 1.0520663333e+04
 1500611400, 5.5000000000e+01, 2.8000000000e+01, 1.2000000000e+01, 5.0000000000e-02, 1.0519673333e+04
 1500611700, 5.5000000000e+01, 2.8000000000e+01, 1.2000000000e+01, 5.0000000000e-02, 1.0521263333e+04
 1500612000, 5.5000000000e+01, 2.8000000000e+01, 1.2000000000e+01, 5.0000000000e-02, 1.0519263333e+04
 1500612300, 5.5000000000e+01, 2.8000000000e+01, 1.2000000000e+01, 5.0000000000e-02, 1.0519273333e+04
 1500612600, 5.5683333333e+01, 2.8000000000e+01, 1.2000000000e+01, 5.4000000000e-02, 1.0519863333e+04
 1500612900, 6.0000000000e+01, 2.8000000000e+01, 1.2000000000e+01, 5.6000000000e-02, 1.0521463333e+04
 1500613200, 6.0000000000e+01, 2.8000000000e+01, 1.5746666667e+01, 6.5366666667e-02, 1.0518463333e+04
 1500613500, 6.0000000000e+01, 2.8000000000e+01, 1.3053333333e+01, 5.0633333333e-02, 1.0519736667e+04
 1500613800, 5.7316666667e+01, 2.8000000000e+01, 1.2000000000e+01, 5.1366666667e-02, 1.0521800000e+04
 1500614100, 5.6683333333e+01, 2.8000000000e+01, 1.2000000000e+01, 5.4633333333e-02, 1.0523313333e+04
 1500614400, 6.0000000000e+01, 2.8000000000e+01, 1.2000000000e+01, 5.2000000000e-02, 1.0521023333e+04
 1500614700, 6.0000000000e+01, 2.8000000000e+01, 1.2000000000e+01, 5.2000000000e-02, 1.0519736667e+04
 1500615000, 5.5316666667e+01, 2.8000000000e+01, 1.2000000000e+01, 5.0000000000e-02, 1.0520600000e+04
 1500615300, 5.8683333333e+01, 2.8000000000e+01, 1.2000000000e+01, 5.2000000000e-02, 1.0523200000e+04
 1500615600, 5.7316666667e+01, 2.8000000000e+01, 1.2000000000e+01, 5.2000000000e-02, 1.0522536667e+04
 1500615900, 5.6683333333e+01, 2.8000000000e+01, 1.2000000000e+01, 5.0000000000e-02, 1.0521200000e+04
 1500616200, 6.0683333333e+01, 2.8546666667e+01, 1.2000000000e+01, 5.2000000000e-02, 1.0521200000e+04
 1500616500, 6.5000000000e+01, 3.2000000000e+01, 1.2000000000e+01, 8.2450000000e-01, 1.6481040000e+04
 1500616800, 2.1955000000e+02, 1.7437333333e+02, 2.5113333333e+01, 6.9565000000e+00, 2.5999913333e+04
 1500617100, 2.4105000000e+02, 1.8989333333e+02, 3.1893333333e+01, 1.2346400000e+01, 2.6682023333e+04
 1500617400, 2.4500000000e+02, 1.9092666667e+02, 3.5073333333e+01, 1.6568700000e+01, 2.7293340000e+04
 1500617700, 2.4500000000e+02, 1.9000000000e+02, 3.5326666667e+01, 1.9957366667e+01, 2.7545393333e+04
 1500618000, 2.4363333333e+02, 1.8972666667e+02, 3.3180000000e+01, 2.2311000000e+01, 2.7716613333e+04
 1500618300, 2.3500000000e+02, 1.8800000000e+02, 2.8000000000e+01, 2.3623166667e+01, 2.7923426667e+04
 1500618600, 2.0245000000e+02, 1.5638000000e+02, 2.8000000000e+01, 2.4306866667e+01, 2.7995146667e+04
 1500618900, 2.3315000000e+02, 1.7904666667e+02, 3.2420000000e+01, 2.5043833333e+01, 2.8004216667e+04
 1500619200, 2.3426666667e+02, 1.8048666667e+02, 3.2926666667e+01, 2.5140700000e+01, 2.8036963333e+04
 1500619500, 2.0850000000e+02, 1.5816000000e+02, 3.1340000000e+01, 2.5678933333e+01, 2.8053836667e+04
 1500619800, 1.8566666667e+02, 1.3533333333e+02, 3.0800000000e+01, 2.5699900000e+01, 2.8057390000e+04
 1500620100, 2.5500000000e+02, 1.9600000000e+02, 3.6000000000e+01, 2.5775500000e+01, 2.8063480000e+04
 1500620400, 2.4095000000e+02, 1.8850666667e+02, 3.2253333333e+01, 2.5095133333e+01, 2.9054796667e+04
 1500620700, 2.4365000000e+02, 1.9384000000e+02, 2.9080000000e+01, 2.3815700000e+01, 3.1042203333e+04
 1500621000, 2.3158333333e+02, 1.8204666667e+02, 2.9073333333e+01, 2.3520300000e+01, 3.1079680000e+04
 1500621300, 1.8633333333e+02, 1.3835333333e+02, 2.8653333333e+01, 1.9957166667e+01, 3.1080210000e+04
 1500621600, 1.2000000000e+02, 7.5726666667e+01, 2.6000000000e+01, 1.5749200000e+01, 3.1082326667e+04
 1500621900, 1.2000000000e+02, 7.4000000000e+01, 2.6000000000e+01, 1.4128066667e+01, 3.1079700000e+04
 1500622200, 2.2771666667e+02, 1.7890666667e+02, 2.7873333333e+01, 1.7180466667e+01, 3.1082320000e+04
 1500622500, 1.8733333333e+02, 1.4200000000e+02, 2.6533333333e+01, 1.9550900000e+01, 3.1106170000e+04
 1500622800, 2.1025000000e+02, 1.6142000000e+02, 3.0293333333e+01, 2.1464433333e+01, 3.1166680000e+04
 1500623100, 2.4331666667e+02, 1.9200000000e+02, 3.1306666667e+01, 2.2986000000e+01, 3.1184083333e+04
 1500623400, 2.4000000000e+02, 1.9118000000e+02, 2.7093333333e+01, 2.3905566667e+01, 3.1212306667e+04
 1500623700, 2.4000000000e+02, 1.8600000000e+02, 3.4000000000e+01, 2.4656500000e+01, 3.1223610000e+04
 1500624000, 2.3063333333e+02, 1.8225333333e+02, 3.0253333333e+01, 2.5422800000e+01, 3.1248303333e+04
 1500624300, 2.3366666667e+02, 1.8640000000e+02, 3.0000000000e+01, 2.5445200000e+01, 3.1337786667e+04
 1500624600, 2.3858333333e+02, 1.9230000000e+02, 2.8566666667e+01, 2.5367300000e+01, 3.1356716667e+04
 1500624900, 2.2658333333e+02, 1.8004666667e+02, 2.6926666667e+01, 2.5344733333e+01, 3.1362786667e+04
 1500625200, 1.9985000000e+02, 1.5049333333e+02, 2.8693333333e+01, 2.5906866667e+01, 3.1376123333e+04
 1500625500, 1.8025000000e+02, 1.2638666667e+02, 3.4000000000e+01, 2.6047533333e+01, 3.1380653333e+04
 1500625800, 2.4500000000e+02, 1.9200000000e+02, 3.4000000000e+01, 2.5665033333e+01, 3.1392943333e+04
 1500626100, 1.4196666667e+02, 9.4586666667e+01, 2.8380000000e+01, 2.5870200000e+01, 3.1403336667e+04
 1500626400, 1.7166666667e+02, 1.2613333333e+02, 2.8000000000e+01, 2.5651733333e+01, 3.1419550000e+04
 1500626700, 2.1183333333e+02, 1.6146666667e+02, 3.1220000000e+01, 2.5479233333e+01, 3.1447076667e+04
 1500627000, 2.0975000000e+02, 1.5778000000e+02, 3.1306666667e+01, 2.5206933333e+01, 3.1449463333e+04
 1500627300, 1.7366666667e+02, 1.2630000000e+02, 2.7093333333e+01, 2.5662166667e+01, 3.1450943333e+04
 1500627600, 2.6000000000e+02, 2.0400000000e+02, 3.4000000000e+01, 2.5047666667e+01, 3.1454336667e+04
 1500627900, 2.4126666667e+02, 1.9276000000e+02, 3.0253333333e+01, 2.5064233333e+01, 3.1456330000e+04
 1500628200, 2.4368333333e+02, 1.9200000000e+02, 3.1473333333e+01, 2.5245533333e+01, 3.1458880000e+04
 1500628500, 2.3963333333e+02, 1.8770666667e+02, 3.0926666667e+01, 2.5386966667e+01, 3.1463620000e+04
 1500628800, 2.3836666667e+02, 1.8804000000e+02, 3.0000000000e+01, 2.5454066667e+01, 3.1469693333e+04
 1500629100, 2.4021666667e+02, 1.9162666667e+02, 2.9453333333e+01, 2.5884433333e+01, 3.1472600000e+04
 1500629400, 2.1000000000e+02, 1.6400000000e+02, 2.6000000000e+01, 2.4777766667e+01, 3.1563726667e+04
 1500629700, 2.2405000000e+02, 1.7336666667e+02, 2.9746666667e+01, 2.4548200000e+01, 3.1575080000e+04
 1500630000, 2.2868333333e+02, 1.7989333333e+02, 2.8526666667e+01, 2.4802100000e+01, 3.1593370000e+04
 1500630300, 2.2205000000e+02, 1.7458000000e+02, 2.6940000000e+01, 2.5026333333e+01, 3.1595170000e+04
 1500630600, 1.9985000000e+02, 1.5386000000e+02, 2.6000000000e+01, 2.4696233333e+01, 3.1597420000e+04
 1500630900, 1.7260000000e+02, 1.2808000000e+02, 2.6260000000e+01, 2.4212366667e+01, 3.1597673333e+04
 1500631200, 1.9000000000e+02, 1.4200000000e+02, 2.8000000000e+01, 2.4226466667e+01, 3.1597590000e+04
 1500631500, 2.4600000000e+02, 1.9613333333e+02, 3.3600000000e+01, 2.4562966667e+01, 3.1598870000e+04
 1500631800, 2.1685000000e+02, 1.6906000000e+02, 2.9580000000e+01, 2.4303100000e+01, 3.1602136667e+04
 1500632100, 2.1036666667e+02, 1.6444000000e+02, 2.8000000000e+01, 2.4342666667e+01, 3.1602740000e+04
 1500632400, 2.0658333333e+02, -nan, 2.8000000000e+01, 2.4510933333e+01, 3.1612156667e+04
 1500632700, 1.9133333333e+02, -nan, 2.8000000000e+01, 2.4113533333e+01, 3.1643183333e+04
 1500633000, -nan, -nan, 2.8000000000e+01, 2.4063900000e+01, 3.1649753333e+04
 1500633300, -nan, -nan, 3.3620000000e+01, 2.4014066667e+01, 3.1658283333e+04
 1500633600, -nan, -nan, -nan, 2.3928033333e+01, 3.1666303333e+04
 1500633900, -nan, -nan, -nan, 2.3971933333e+01, 3.1668333333e+04
 1500634200, -nan, -nan, -nan, 2.4402233333e+01, 3.1671133333e+04
 1500634500, -nan, -nan, -nan, -nan, 3.1672490000e+04
 1500634800, -nan, -nan, -nan, -nan, -nan
