 Time, ttl_pwr, cpu_pwr, mem_pwr, cpu_load, mem_load
 1500448500, 1.4500000000e+02, 1.0000000000e+02, 2.4000000000e+01, 8.0500000000e+00, 8.8370000000e+03
 1500448800, 1.4500000000e+02, 1.0000000000e+02, 2.4000000000e+01, 8.0500000000e+00, 8.8366000000e+03
 1500449100, 1.4500000000e+02, 1.0000000000e+02, 2.4000000000e+01, 8.0480000000e+00, 8.8361333333e+03
 1500449400, 1.4500000000e+02, 1.0066666667e+02, 2.4000000000e+01, 8.0500000000e+00, 8.8370666667e+03
 1500449700, 1.4500000000e+02, 1.0173333333e+02, 2.4000000000e+01, 8.0500000000e+00, 8.8361333333e+03
 1500450000, 1.4500000000e+02, 1.0000000000e+02, 2.4000000000e+01, 8.0500000000e+00, 8.8368000000e+03
 1500450300, 1.4500000000e+02, 1.0000000000e+02, 2.4000000000e+01, 8.0439666667e+00, 8.8364600000e+03
 1500450600, 1.4500000000e+02, 1.0000000000e+02, 2.4000000000e+01, 8.0500000000e+00, 8.8372000000e+03
 1500450900, 1.4500000000e+02, 1.0000000000e+02, 2.4000000000e+01, 8.0500000000e+00, 8.8374000000e+03
 1500451200, 1.4500000000e+02, 1.0000000000e+02, 2.4000000000e+01, 8.0500000000e+00, 8.8372000000e+03
 1500451500, 1.4500000000e+02, 1.0000000000e+02, 2.4000000000e+01, 8.0533333333e+00, 8.8372000000e+03
 1500451800, 1.4500000000e+02, 1.0000000000e+02, 2.4000000000e+01, 8.0506666667e+00, 8.8374666667e+03
 1500452100, 1.4500000000e+02, 1.0186666667e+02, 2.4000000000e+01, 8.0313333333e+00, 8.8375333333e+03
 1500452400, 1.4500000000e+02, 1.0200000000e+02, 2.4000000000e+01, 8.0426666667e+00, 8.8387333333e+03
 1500452700, 1.4500000000e+02, 1.0200000000e+02, 2.4000000000e+01, 7.9833333333e+00, 8.5948666667e+03
 1500453000, 1.1500000000e+02, 7.6666666667e+01, 2.0000000000e+01, 6.4580000000e+00, 7.0193333333e+03
 1500453300, 5.5000000000e+01, 2.6000000000e+01, 1.2000000000e+01, 4.7206666667e+00, 7.0194666667e+03
 1500453600, 5.5000000000e+01, 2.6000000000e+01, 1.2000000000e+01, 3.4566666667e+00, 7.0203333333e+03
 1500453900, 5.5000000000e+01, 2.6000000000e+01, 1.0133333333e+01, 2.5230666667e+00, 7.0200566667e+03
 1500454200, 5.5000000000e+01, 2.6000000000e+01, 1.1466666667e+01, 1.8460000000e+00, 7.0203333333e+03
 1500454500, 5.5000000000e+01, 2.6000000000e+01, 1.0933333333e+01, 1.3500000000e+00, 7.0205333333e+03
 1500454800, 5.5000000000e+01, 2.6000000000e+01, 1.0666666667e+01, 9.8333333333e-01, 7.0206000000e+03
 1500455100, 5.5000000000e+01, 2.6000000000e+01, 1.2000000000e+01, 7.1866666667e-01, 7.0201333333e+03
 1500455400, 5.5000000000e+01, 2.6000000000e+01, 1.2000000000e+01, 5.2333333333e-01, 7.0205333333e+03
 1500455700, 5.5000000000e+01, 2.6000000000e+01, 1.0133333333e+01, 4.0266666667e-01, 7.0205333333e+03
 1500456000, 5.5000000000e+01, 2.6000000000e+01, 1.0000000000e+01, 2.9400000000e-01, 7.0203333333e+03
 1500456300, 5.5000000000e+01, 2.6000000000e+01, 1.0000000000e+01, 2.4866666667e-01, 7.0205333333e+03
 1500456600, 5.5000000000e+01, 2.6000000000e+01, 1.0666666667e+01, 1.9133333333e-01, 7.0211333333e+03
 1500456900, 5.5000000000e+01, 2.5733333333e+01, 1.1733333333e+01, 1.5800000000e-01, 7.0212666667e+03
 1500457200, 5.5000000000e+01, 2.4000000000e+01, 1.0000000000e+01, 1.4056666667e-01, 7.0209600000e+03
 1500457500, 5.5000000000e+01, 2.5866666667e+01, 1.0000000000e+01, 1.2666666667e-01, 7.0208666667e+03
 1500457800, 5.5000000000e+01, 2.4533333333e+01, 1.0000000000e+01, 1.1400000000e-01, 7.0216666667e+03
 1500458100, 5.5000000000e+01, 2.5066666667e+01, 1.0000000000e+01, 1.3133333333e-01, 7.0222000000e+03
 1500458400, 5.5000000000e+01, 2.5333333333e+01, 1.0000000000e+01, 1.2866666667e-01, 7.0220000000e+03
 1500458700, 5.5000000000e+01, 2.4000000000e+01, 1.0000000000e+01, 1.2733333333e-01, 7.0218000000e+03
 1500459000, 5.5000000000e+01, 2.4000000000e+01, 1.0000000000e+01, 1.2666666667e-01, 7.0215333333e+03
 1500459300, 5.5000000000e+01, 2.4000000000e+01, 1.0000000000e+01, 1.9011000000e+00, 9.7871566667e+03
 1500459600, 1.5988333333e+02, 1.1658666667e+02, 2.1573333333e+01, 9.5144000000e+00, 1.0133490000e+04
 1500459900, 2.1580000000e+02, 1.6885333333e+02, 2.6000000000e+01, 1.5930066667e+01, 1.2061563333e+04
 1500460200, 2.3163333333e+02, 1.8465333333e+02, 2.6000000000e+01, 2.0405866667e+01, 1.2922870000e+04
 1500460500, 2.3500000000e+02, 1.8600000000e+02, 2.6506666667e+01, 2.3693966667e+01, 1.3449086667e+04
 1500460800, 2.3500000000e+02, 1.8600000000e+02, 3.0000000000e+01, 2.6039466667e+01, 1.4309280000e+04
 1500461100, 2.3036666667e+02, 1.8414666667e+02, 2.6293333333e+01, 2.7721133333e+01, 1.4401373333e+04
 1500461400, 2.3000000000e+02, 1.8400000000e+02, 2.7453333333e+01, 2.8944266667e+01, 1.4404073333e+04
 1500461700, 2.3000000000e+02, 1.8294666667e+02, 2.6946666667e+01, 2.9833833333e+01, 1.4404576667e+04
 1500462000, 2.3000000000e+02, 1.8265333333e+02, 2.6000000000e+01, 3.0491133333e+01, 1.4405000000e+04
 1500462300, 2.3066666667e+02, 1.8426666667e+02, 2.6533333333e+01, 3.0984066667e+01, 1.4422370000e+04
 1500462600, 2.3500000000e+02, 1.8600000000e+02, 3.0000000000e+01, 3.1482700000e+01, 1.4426746667e+04
 1500462900, 2.1653333333e+02, 1.6568666667e+02, 2.6306666667e+01, 3.2212233333e+01, 1.4587673333e+04
 1500463200, 1.3296666667e+02, 8.4106666667e+01, 2.4573333333e+01, 3.2820266667e+01, 1.4732443333e+04
 1500463500, 1.0000000000e+02, 5.2000000000e+01, 2.4000000000e+01, 3.3274133333e+01, 1.4692043333e+04
 1500463800, 1.0480000000e+02, 5.6480000000e+01, 2.4640000000e+01, 3.3595500000e+01, 1.4637700000e+04
 1500464100, 1.1566666667e+02, 6.6800000000e+01, 2.5733333333e+01, 3.3785766667e+01, 1.4607586667e+04
 1500464400, 1.2000000000e+02, 7.2000000000e+01, 2.4000000000e+01, 3.3893633333e+01, 1.4572973333e+04
 1500464700, 1.3400000000e+02, 8.5066666667e+01, 2.4000000000e+01, 3.3963233333e+01, 1.4465526667e+04
 1500465000, 2.0700000000e+02, 1.3928000000e+02, 4.2720000000e+01, 3.4060866667e+01, 1.4324620000e+04
 1500465300, 2.1633333333e+02, 1.5360000000e+02, 3.7200000000e+01, 3.4059600000e+01, 1.3870283333e+04
 1500465600, 2.1143333333e+02, 1.5976000000e+02, 2.6000000000e+01, 3.3674366667e+01, 1.3052000000e+04
 1500465900, 2.3433333333e+02, 1.8400000000e+02, 2.6266666667e+01, 3.3076666667e+01, 1.3390333333e+04
 1500466200, 2.3000000000e+02, 1.8400000000e+02, 2.8000000000e+01, 3.2438000000e+01, 1.3467866667e+04
 1500466500, 2.3466666667e+02, 1.8400000000e+02, 2.8000000000e+01, 3.1816000000e+01, 1.3999800000e+04
 1500466800, 2.3133333333e+02, 1.8253333333e+02, 2.8000000000e+01, 3.1345333333e+01, 1.4014400000e+04
 1500467100, 2.3000000000e+02, 1.8093333333e+02, 2.8000000000e+01, 3.0749633333e+01, 1.3739216667e+04
 1500467400, 2.2835000000e+02, 1.7934000000e+02, 2.8000000000e+01, 3.0078266667e+01, 1.3472420000e+04
 1500467700, 2.2566666667e+02, 1.7853333333e+02, 2.8266666667e+01, 2.9220666667e+01, 1.3070333333e+04
 1500468000, 2.3000000000e+02, 1.8200000000e+02, 3.0000000000e+01, 2.8196000000e+01, 1.2708533333e+04
 1500468300, 2.2066666667e+02, 1.7080000000e+02, 2.8133333333e+01, 2.7068933333e+01, 1.2385906667e+04
 1500468600, 1.8400000000e+02, 1.3400000000e+02, 2.6560000000e+01, 2.6248300000e+01, 1.2470296667e+04
 1500468900, 1.2580000000e+02, 7.7360000000e+01, 2.4960000000e+01, 2.5639633333e+01, 1.2347330000e+04
 1500469200, 8.9800000000e+01, 4.2480000000e+01, 2.4000000000e+01, 2.5016566667e+01, 1.2218323333e+04
 1500469500, 9.8250000000e+01, 5.0366666667e+01, 2.4000000000e+01, 2.4321700000e+01, 1.1836780000e+04
 1500469800, 8.5000000000e+01, 3.8000000000e+01, 2.4000000000e+01, 2.3477000000e+01, 1.1524820000e+04
 1500470100, 9.8850000000e+01, 5.0926666667e+01, 2.4000000000e+01, 2.2163966667e+01, 1.0031920000e+04
 1500470400, 9.6466666667e+01, 5.0586666667e+01, 2.4000000000e+01, 1.8443833333e+01, 8.3317800000e+03
 1500470700, 1.2966666667e+02, 8.2000000000e+01, 2.9333333333e+01, 1.4377333333e+01, 1.5369000000e+04
 1500471000, 1.6000000000e+02, 1.0933333333e+02, 3.3333333333e+01, 1.2560666667e+01, 1.6482533333e+04
 1500471300, 1.6000000000e+02, 1.0800000000e+02, 3.2266666667e+01, 1.1276000000e+01, 1.6652733333e+04
 1500471600, 1.6000000000e+02, 1.0800000000e+02, 3.4000000000e+01, 1.0318666667e+01, 1.6719466667e+04
 1500471900, 1.6000000000e+02, 1.0800000000e+02, 3.2133333333e+01, 9.6333333333e+00, 1.7003600000e+04
 1500472200, 1.6000000000e+02, 1.0800000000e+02, 3.2000000000e+01, 9.1353333333e+00, 1.7072400000e+04
 1500472500, 1.6000000000e+02, 1.0906666667e+02, 3.2000000000e+01, 8.7873333333e+00, 1.7121400000e+04
 1500472800, 1.6000000000e+02, 1.0933333333e+02, 3.2000000000e+01, 8.5053333333e+00, 1.7147933333e+04
 1500473100, 1.6000000000e+02, 1.0826666667e+02, 3.2000000000e+01, 8.3100000000e+00, 1.7256666667e+04
 1500473400, 1.6000000000e+02, 1.1000000000e+02, 3.2000000000e+01, 8.1927666667e+00, 1.7372616667e+04
 1500473700, 1.6000000000e+02, 1.0813333333e+02, 3.2000000000e+01, 8.1020000000e+00, 1.7511000000e+04
 1500474000, 1.6000000000e+02, 1.0800000000e+02, 3.2000000000e+01, 7.8493333333e+00, 1.4220400000e+04
 1500474300, 1.2266666667e+02, 7.7066666667e+01, 2.7733333333e+01, 6.1266666667e+00, 7.4611333333e+03
 1500474600, 7.8333333333e+01, 4.2000000000e+01, 1.9333333333e+01, 4.4706666667e+00, 7.2365333333e+03
 1500474900, 5.5000000000e+01, 2.6000000000e+01, 1.0000000000e+01, 3.2600000000e+00, 7.2375333333e+03
 1500475200, 5.5000000000e+01, 2.6000000000e+01, 1.0000000000e+01, 2.3673333333e+00, 7.2374666667e+03
 1500475500, 5.5000000000e+01, 2.6000000000e+01, 1.1866666667e+01, 1.7260000000e+00, 7.2379333333e+03
 1500475800, 5.5000000000e+01, 2.6000000000e+01, 1.0533333333e+01, 1.2786666667e+00, 7.2371333333e+03
 1500476100, 5.5000000000e+01, 2.6000000000e+01, 1.1066666667e+01, 9.4466666667e-01, 7.2366000000e+03
 1500476400, 5.5000000000e+01, 2.5333333333e+01, 1.2000000000e+01, 6.8800000000e-01, 7.2368000000e+03
 1500476700, 5.5000000000e+01, 2.4266666667e+01, 1.1733333333e+01, 5.2600000000e-01, 7.2375333333e+03
 1500477000, 5.5000000000e+01, 2.6000000000e+01, 1.0000000000e+01, 3.9933333333e-01, 7.2374666667e+03
 1500477300, 5.5000000000e+01, 2.6000000000e+01, 1.1866666667e+01, 3.3733333333e-01, 7.2374000000e+03
 1500477600, 5.5000000000e+01, 2.6000000000e+01, 1.0533333333e+01, 2.7333333333e-01, 7.2367333333e+03
 1500477900, 5.5000000000e+01, 2.6000000000e+01, 1.0000000000e+01, 2.2266666667e-01, 7.2367333333e+03
 1500478200, 5.5000000000e+01, 2.6000000000e+01, 1.0000000000e+01, 1.9933333333e-01, 7.2367333333e+03
 1500478500, 5.5000000000e+01, 2.6000000000e+01, 1.0000000000e+01, 1.6600000000e-01, 7.2368666667e+03
 1500478800, 5.5000000000e+01, 2.6000000000e+01, 1.0000000000e+01, 1.3333333333e-01, 7.2364666667e+03
 1500479100, 5.5000000000e+01, 2.6000000000e+01, 1.0000000000e+01, 1.2733333333e-01, 7.2395333333e+03
 1500479400, 6.2333333333e+01, 3.0400000000e+01, 1.4400000000e+01, 2.9066666667e-01, 7.2471333333e+03
 1500479700, 6.5000000000e+01, 3.0933333333e+01, 1.4933333333e+01, 4.9933333333e-01, 7.2466666667e+03
 1500480000, 6.8333333333e+01, 3.2000000000e+01, 1.6666666667e+01, 6.5800000000e-01, 7.2470666667e+03
 1500480300, 7.3666666667e+01, 3.5200000000e+01, 2.1200000000e+01, 7.7066666667e-01, 7.2456000000e+03
 1500480600, 6.5000000000e+01, 3.0000000000e+01, 1.6000000000e+01, 8.7600000000e-01, 7.2458666667e+03
 1500480900, 7.4333333333e+01, 3.3733333333e+01, 1.9733333333e+01, 9.4800000000e-01, 7.2454000000e+03
 1500481200, 7.1333333333e+01, 3.1066666667e+01, 2.0000000000e+01, 9.7866666667e-01, 7.2456000000e+03
 1500481500, 6.7333333333e+01, 3.0000000000e+01, 1.8933333333e+01, 9.9333333333e-01, 7.2466666667e+03
 1500481800, 6.3333333333e+01, 2.8666666667e+01, 1.6666666667e+01, 1.0106666667e+00, 7.2460666667e+03
 1500482100, 6.0000000000e+01, 2.6266666667e+01, 1.4000000000e+01, 1.0380000000e+00, 7.2453333333e+03
 1500482400, 6.0000000000e+01, 2.8000000000e+01, 1.4000000000e+01, 1.0606666667e+00, 7.2471333333e+03
 1500482700, 6.0000000000e+01, 2.9866666667e+01, 1.4000000000e+01, 1.0800000000e+00, 7.2466000000e+03
 1500483000, 6.7333333333e+01, 3.1466666667e+01, 1.6933333333e+01, 1.0820000000e+00, 7.2468000000e+03
 1500483300, 7.2666666667e+01, 3.3066666667e+01, 2.0133333333e+01, 1.0866666667e+00, 7.2454000000e+03
 1500483600, 7.5000000000e+01, 3.4000000000e+01, 2.1333333333e+01, 1.0853333333e+00, 7.2450666667e+03
 1500483900, 7.2333333333e+01, 3.2933333333e+01, 1.8933333333e+01, 1.1093333333e+00, 7.2451333333e+03
 1500484200, 5.5000000000e+01, 2.6000000000e+01, 1.2000000000e+01, 1.1013333333e+00, 7.2459333333e+03
 1500484500, 5.5000000000e+01, 2.6000000000e+01, 1.2000000000e+01, 1.0860000000e+00, 7.2461333333e+03
 1500484800, 5.5000000000e+01, 2.6000000000e+01, 1.2000000000e+01, 1.1040000000e+00, 7.2466666667e+03
 1500485100, 6.0333333333e+01, 2.8133333333e+01, 1.4133333333e+01, 1.1166666667e+00, 7.2471333333e+03
 1500485400, 6.5000000000e+01, 3.0666666667e+01, 1.6666666667e+01, 1.1066666667e+00, 7.2476000000e+03
 1500485700, 6.5666666667e+01, 3.2266666667e+01, 1.8266666667e+01, 1.0973333333e+00, 7.2467333333e+03
 1500486000, 7.0000000000e+01, 3.4000000000e+01, 2.0000000000e+01, 1.1066666667e+00, 7.2479333333e+03
 1500486300, 6.0666666667e+01, 2.8400000000e+01, 1.4400000000e+01, 1.0993333333e+00, 7.2462000000e+03
 1500486600, 6.3666666667e+01, 2.9466666667e+01, 1.5466666667e+01, 1.1020000000e+00, 7.2462000000e+03
 1500486900, 6.2333333333e+01, 2.8933333333e+01, 1.6000000000e+01, 1.1146666667e+00, 7.2460000000e+03
 1500487200, 6.1666666667e+01, 2.8666666667e+01, 1.5333333333e+01, 1.1153333333e+00, 7.2458000000e+03
 1500487500, 6.5666666667e+01, 3.0266666667e+01, 1.4800000000e+01, 1.1160000000e+00, 7.2456000000e+03
 1500487800, 7.0000000000e+01, 3.2000000000e+01, 2.0000000000e+01, 1.1173333333e+00, 7.2464666667e+03
 1500488100, 7.9333333333e+01, 3.9466666667e+01, 2.3733333333e+01, 1.1173333333e+00, 7.2477333333e+03
 1500488400, 7.6333333333e+01, 3.5600000000e+01, 2.1066666667e+01, 1.1433333333e+00, 7.2484666667e+03
 1500488700, 7.2333333333e+01, 3.2933333333e+01, 1.8933333333e+01, 1.1366666667e+00, 7.2496000000e+03
 1500489000, 6.5000000000e+01, 3.0000000000e+01, 1.6000000000e+01, 1.0940000000e+00, 7.2494000000e+03
 1500489300, 5.5000000000e+01, 2.5733333333e+01, 1.1733333333e+01, 8.6333333333e-01, 7.2485333333e+03
 1500489600, 5.5000000000e+01, 2.4000000000e+01, 1.0000000000e+01, 6.4266666667e-01, 7.2488000000e+03
 1500489900, 5.5000000000e+01, 2.5866666667e+01, 1.1866666667e+01, 4.8266666667e-01, 7.2497333333e+03
 1500490200, 5.5000000000e+01, 2.6000000000e+01, 1.0533333333e+01, 3.8400000000e-01, 7.2489333333e+03
 1500490500, 5.5000000000e+01, 2.6000000000e+01, 1.1066666667e+01, 3.0266666667e-01, 7.2492666667e+03
 1500490800, 5.5000000000e+01, 2.6000000000e+01, 1.1333333333e+01, 2.4200000000e-01, 7.2496666667e+03
 1500491100, 5.5000000000e+01, 2.6000000000e+01, 1.0266666667e+01, 2.0666666667e-01, 7.2494000000e+03
 1500491400, 5.5000000000e+01, 2.6000000000e+01, 1.2000000000e+01, 1.7533333333e-01, 7.2496666667e+03
 1500491700, 5.5000000000e+01, 2.6000000000e+01, 1.0133333333e+01, 1.3800000000e-01, 7.2494666667e+03
 1500492000, 5.5000000000e+01, 2.6000000000e+01, 1.0000000000e+01, 1.1333333333e-01, 7.2507333333e+03
 1500492300, 5.5000000000e+01, 2.7066666667e+01, 1.0000000000e+01, 9.2000000000e-02, 7.2479333333e+03
 1500492600, 5.5000000000e+01, 2.7333333333e+01, 1.0000000000e+01, 9.1333333333e-02, 7.2485333333e+03
 1500492900, 5.5000000000e+01, 2.6000000000e+01, 1.0266666667e+01, 7.1333333333e-02, 7.2482666667e+03
 1500493200, 5.5000000000e+01, 2.6000000000e+01, 1.2000000000e+01, 6.0000000000e-02, 7.2491333333e+03
 1500493500, 5.5000000000e+01, 2.6000000000e+01, 1.0133333333e+01, 6.6000000000e-02, 7.2488000000e+03
 1500493800, 5.5000000000e+01, 2.6000000000e+01, 1.0000000000e+01, 5.0666666667e-02, 7.2490666667e+03
 1500494100, 5.5000000000e+01, 2.6000000000e+01, 1.0000000000e+01, 5.1333333333e-02, 7.2494666667e+03
 1500494400, 5.5000000000e+01, 2.6000000000e+01, 1.0000000000e+01, 5.2666666667e-02, 7.2493333333e+03
 1500494700, 5.5666666667e+01, 2.6533333333e+01, 1.0533333333e+01, 5.3333333333e-02, 7.2500000000e+03
 1500495000, 6.0000000000e+01, 3.0000000000e+01, 1.4000000000e+01, 5.2666666667e-02, 7.2490000000e+03
 1500495300, 5.5333333333e+01, 2.4400000000e+01, 1.0266666667e+01, 5.0000000000e-02, 7.2487333333e+03
 1500495600, 5.5000000000e+01, 2.5466666667e+01, 1.1466666667e+01, 5.0000000000e-02, 7.2488000000e+03
 1500495900, 5.5000000000e+01, 2.6000000000e+01, 1.0933333333e+01, 5.0000000000e-02, 7.2490000000e+03
 1500496200, 5.5000000000e+01, 2.6000000000e+01, 1.0000000000e+01, 5.2000000000e-02, 7.2498666667e+03
 1500496500, 5.5000000000e+01, 2.6000000000e+01, 1.0266666667e+01, 5.2000000000e-02, 7.2489333333e+03
 1500496800, 5.5000000000e+01, 2.6000000000e+01, 1.2000000000e+01, 6.9333333333e-02, 7.2490666667e+03
 1500497100, 5.5000000000e+01, 2.6000000000e+01, 1.0133333333e+01, 8.4666666667e-02, 7.2505333333e+03
 1500497400, 5.5000000000e+01, 2.6000000000e+01, 1.0000000000e+01, 8.8000000000e-02, 7.2503333333e+03
 1500497700, 5.5000000000e+01, 2.6000000000e+01, 1.0000000000e+01, 7.1333333333e-02, 7.2511333333e+03
 1500498000, 5.5000000000e+01, 2.6000000000e+01, 1.0000000000e+01, 5.9333333333e-02, 7.2494666667e+03
 1500498300, 5.5000000000e+01, 2.5733333333e+01, 1.0000000000e+01, 6.4666666667e-02, 7.2487333333e+03
 1500498600, 5.5000000000e+01, 2.4000000000e+01, 1.0000000000e+01, 6.9333333333e-02, 7.2485333333e+03
 1500498900, 5.5000000000e+01, 2.5866666667e+01, 1.1866666667e+01, 7.2000000000e-02, 7.2493333333e+03
 1500499200, 5.5000000000e+01, 2.4533333333e+01, 1.0533333333e+01, 7.4000000000e-02, 7.2492666667e+03
 1500499500, 5.5000000000e+01, 2.4000000000e+01, 1.0000000000e+01, 7.7333333333e-02, 7.2492666667e+03
 1500499800, 5.5000000000e+01, 2.4666666667e+01, 1.0000000000e+01, 6.3333333333e-02, 7.2496000000e+03
 1500500100, 5.5000000000e+01, 2.6000000000e+01, 1.0000000000e+01, 5.2666666667e-02, 7.2496000000e+03
 1500500400, 5.5000000000e+01, 2.6000000000e+01, 1.0000000000e+01, 5.0000000000e-02, 7.2488666667e+03
 1500500700, 5.5000000000e+01, 2.6000000000e+01, 1.0000000000e+01, 5.0000000000e-02, 7.2503333333e+03
 1500501000, 5.5000000000e+01, 2.6000000000e+01, 1.1466666667e+01, 5.9333333333e-02, 7.2494000000e+03
 1500501300, 5.5000000000e+01, 2.6000000000e+01, 1.0933333333e+01, 5.2666666667e-02, 7.2497333333e+03
 1500501600, 5.5000000000e+01, 2.6000000000e+01, 1.0000000000e+01, 5.7333333333e-02, 7.2490666667e+03
 1500501900, 5.5000000000e+01, 2.5733333333e+01, 1.0000000000e+01, 5.0666666667e-02, 7.2501333333e+03
 1500502200, 5.5000000000e+01, 2.4000000000e+01, 1.0000000000e+01, 5.1333333333e-02, 7.2495966667e+03
 1500502500, 5.5000000000e+01, 2.5866666667e+01, 1.1866666667e+01, 7.0666666667e-02, 7.2498666667e+03
 1500502800, 5.5000000000e+01, 2.4533333333e+01, 1.0533333333e+01, 7.4666666667e-02, 7.2494000000e+03
 1500503100, 5.5000000000e+01, 2.5066666667e+01, 1.0000000000e+01, 7.0000000000e-02, 7.2494000000e+03
 1500503400, 5.5000000000e+01, 2.6000000000e+01, 1.0000000000e+01, 7.4666666667e-02, 7.2497333333e+03
 1500503700, 5.5000000000e+01, 2.6000000000e+01, 1.0266666667e+01, 8.8000000000e-02, 7.2501333333e+03
 1500504000, 5.5000000000e+01, 2.6000000000e+01, 1.2000000000e+01, 8.2666666667e-02, 7.2493333333e+03
 1500504300, 5.5000000000e+01, 2.6000000000e+01, 1.0133333333e+01, 1.0400000000e-01, 7.2497333333e+03
 1500504600, 5.1333333333e+01, 2.4533333333e+01, 1.0000000000e+01, 1.0800000000e-01, 7.2491333333e+03
 1500504900, 5.2666666667e+01, 2.5066666667e+01, 1.0000000000e+01, 1.2866666667e-01, 7.2486666667e+03
 1500505200, 5.5000000000e+01, 2.6000000000e+01, 1.0000000000e+01, 1.4800000000e-01, 7.2479333333e+03
 1500505500, 5.5000000000e+01, 2.6000000000e+01, 1.0000000000e+01, 1.2466666667e-01, 7.2489333333e+03
 1500505800, 5.5000000000e+01, 2.6000000000e+01, 1.0000000000e+01, 1.2333333333e-01, 7.2496000000e+03
 1500506100, 5.0333333333e+01, 2.4133333333e+01, 1.0000000000e+01, 1.2933333333e-01, 7.2497333333e+03
 1500506400, 5.3666666667e+01, 2.5466666667e+01, 1.0000000000e+01, 1.3466666667e-01, 7.2500666667e+03
 1500506700, 5.5000000000e+01, 2.4933333333e+01, 1.0000000000e+01, 1.4666666667e-01, 7.2496666667e+03
 1500507000, 5.5000000000e+01, 2.4666666667e+01, 1.0666666667e+01, 1.3200000000e-01, 7.2490666667e+03
 1500507300, 5.5000000000e+01, 2.6000000000e+01, 1.1733333333e+01, 1.1533333333e-01, 7.2490666667e+03
 1500507600, 5.5000000000e+01, 2.6000000000e+01, 1.0000000000e+01, 1.1600000000e-01, 7.2484666667e+03
 1500507900, 5.5000000000e+01, 2.6000000000e+01, 1.0000000000e+01, 1.0533333333e-01, 7.2484666667e+03
 1500508200, 6.2333333333e+01, 2.8933333333e+01, 1.2933333333e+01, 9.6000000000e-02, 7.2481333333e+03
 1500508500, 5.9666666667e+01, 2.7866666667e+01, 1.1866666667e+01, 8.4666666667e-02, 7.2481333333e+03
 1500508800, 5.5000000000e+01, 2.6000000000e+01, 1.0666666667e+01, 9.3333333333e-02, 7.2491333333e+03
 1500509100, 5.5000000000e+01, 2.5733333333e+01, 1.1733333333e+01, 9.2666666667e-02, 7.2498000000e+03
 1500509400, 5.5000000000e+01, 2.4000000000e+01, 1.0000000000e+01, 1.0200000000e-01, 7.2490666667e+03
 1500509700, 5.5000000000e+01, 2.5866666667e+01, 1.1866666667e+01, 1.1866666667e-01, 7.2487333333e+03
 1500510000, 5.5000000000e+01, 2.6000000000e+01, 1.0533333333e+01, 1.3266666667e-01, 7.2488000000e+03
 1500510300, 5.5000000000e+01, 2.6000000000e+01, 1.0000000000e+01, 1.2200000000e-01, 7.2489333333e+03
 1500510600, 5.5000000000e+01, 2.6000000000e+01, 1.0000000000e+01, 1.0466666667e-01, 7.2498000000e+03
 1500510900, 5.5000000000e+01, 2.6000000000e+01, 1.0000000000e+01, 9.6666666667e-02, 7.2501333333e+03
 1500511200, 5.5000000000e+01, 2.6000000000e+01, 1.0000000000e+01, 7.5333333333e-02, 7.2502000000e+03
 1500511500, 5.5000000000e+01, 2.6000000000e+01, 1.0000000000e+01, 5.8666666667e-02, 7.2498666667e+03
 1500511800, 5.5000000000e+01, 2.6000000000e+01, 1.0000000000e+01, 5.4666666667e-02, 7.2495333333e+03
 1500512100, 5.5000000000e+01, 2.6000000000e+01, 1.0000000000e+01, 6.6000000000e-02, 7.2504666667e+03
 1500512400, 5.5000000000e+01, 2.5333333333e+01, 1.0000000000e+01, 9.8000000000e-02, 7.2502666667e+03
 1500512700, 5.5000000000e+01, 2.4266666667e+01, 1.0000000000e+01, 1.2133333333e-01, 7.2491333333e+03
 1500513000, 5.5000000000e+01, 2.6000000000e+01, 1.0000000000e+01, 1.1666666667e-01, 7.2494666667e+03
 1500513300, 5.5000000000e+01, 2.4133333333e+01, 1.0000000000e+01, 1.0666666667e-01, 7.2496000000e+03
 1500513600, 5.1333333333e+01, 2.4000000000e+01, 1.0000000000e+01, 1.0733333333e-01, 7.2490000000e+03
 1500513900, 5.2666666667e+01, 2.5066666667e+01, 1.0000000000e+01, 1.0666666667e-01, 7.2496000000e+03
 1500514200, 5.3333333333e+01, 2.5333333333e+01, 1.0000000000e+01, 1.2866666667e-01, 7.2502000000e+03
 1500514500, 5.0000000000e+01, 2.4000000000e+01, 1.0000000000e+01, 1.3000000000e-01, 7.2494666667e+03
 1500514800, 5.0000000000e+01, 2.4000000000e+01, 1.0000000000e+01, 1.0733333333e-01, 7.2495333333e+03
 1500515100, 5.4666666667e+01, 2.5866666667e+01, 1.0000000000e+01, 1.0000000000e-01, 7.2494666667e+03
 1500515400, 5.5000000000e+01, 2.6000000000e+01, 1.2933333333e+01, 1.0666666667e-01, 7.2504000000e+03
 1500515700, 5.5000000000e+01, 2.6000000000e+01, 1.1866666667e+01, 1.2733333333e-01, 7.2494000000e+03
 1500516000, 5.5000000000e+01, 2.5333333333e+01, 1.0000000000e+01, 1.2066666667e-01, 7.2497333333e+03
 1500516300, 5.4333333333e+01, 2.4000000000e+01, 1.0000000000e+01, 1.1600000000e-01, 7.2494666667e+03
 1500516600, 5.0000000000e+01, 2.4000000000e+01, 1.0000000000e+01, 1.0533333333e-01, 7.2483333333e+03
 1500516900, 5.4666666667e+01, 2.5866666667e+01, 1.1866666667e+01, 9.4666666667e-02, 7.2486666667e+03
 1500517200, 5.5000000000e+01, 2.6000000000e+01, 1.0533333333e+01, 1.0666666667e-01, 7.2501333333e+03
 1500517500, 5.5000000000e+01, 2.6000000000e+01, 1.0000000000e+01, 9.0000000000e-02, 7.2506666667e+03
 1500517800, 5.5000000000e+01, 2.5333333333e+01, 1.0000000000e+01, 8.5333333333e-02, 7.2503333333e+03
 1500518100, 5.5000000000e+01, 2.4266666667e+01, 1.0000000000e+01, 7.0000000000e-02, 7.2512000000e+03
 1500518400, 5.5000000000e+01, 2.6000000000e+01, 1.0000000000e+01, 5.4666666667e-02, 7.2517333333e+03
 1500518700, 5.5000000000e+01, 2.6000000000e+01, 1.0000000000e+01, 5.0000000000e-02, 7.2506000000e+03
 1500519000, 5.5000000000e+01, 2.6000000000e+01, 1.0000000000e+01, 5.1333333333e-02, 7.2506000000e+03
 1500519300, 5.5000000000e+01, 2.6000000000e+01, 1.0000000000e+01, 5.0666666667e-02, 7.2506000000e+03
 1500519600, 5.5000000000e+01, 2.6000000000e+01, 1.0666666667e+01, 5.0000000000e-02, 7.2506000000e+03
 1500519900, 5.5000000000e+01, 2.6000000000e+01, 1.1733333333e+01, 5.5333333333e-02, 7.2510000000e+03
 1500520200, 5.5000000000e+01, 2.6000000000e+01, 1.0000000000e+01, 6.4000000000e-02, 7.2502666667e+03
 1500520500, 5.5000000000e+01, 2.6000000000e+01, 1.0000000000e+01, 6.4666666667e-02, 7.2500000000e+03
 1500520800, 5.5000000000e+01, 2.6000000000e+01, 1.0000000000e+01, 5.0000000000e-02, 7.2502666667e+03
 1500521100, 5.5000000000e+01, 2.4933333333e+01, 1.0000000000e+01, 5.0000000000e-02, 7.2500000000e+03
 1500521400, 5.5000000000e+01, 2.4666666667e+01, 1.0666666667e+01, 5.0000000000e-02, 7.2506000000e+03
 1500521700, 5.5000000000e+01, 2.6000000000e+01, 1.1733333333e+01, 5.5333333333e-02, 7.2491333333e+03
 1500522000, 5.5000000000e+01, 2.6000000000e+01, 1.0000000000e+01, 6.7333333333e-02, 7.2494000000e+03
 1500522300, 5.0333333333e+01, 2.4133333333e+01, 1.0000000000e+01, 6.3333333333e-02, 7.2503333333e+03
 1500522600, 5.3666666667e+01, 2.5466666667e+01, 1.0000000000e+01, 5.2000000000e-02, 7.2506000000e+03
 1500522900, 5.5000000000e+01, 2.6000000000e+01, 1.1066666667e+01, 5.2000000000e-02, 7.2510666667e+03
 1500523200, 5.5000000000e+01, 2.6000000000e+01, 1.1333333333e+01, 5.0000000000e-02, 7.2508666667e+03
 1500523500, 5.5000000000e+01, 2.6000000000e+01, 1.0000000000e+01, 5.0000000000e-02, 7.2510000000e+03
 1500523800, 5.5000000000e+01, 2.6000000000e+01, 1.0000000000e+01, 5.2000000000e-02, 7.2518666667e+03
 1500524100, 5.5000000000e+01, 2.6000000000e+01, 1.0000000000e+01, 5.0000000000e-02, 7.2511333333e+03
 1500524400, 5.5000000000e+01, 2.6000000000e+01, 1.0000000000e+01, 5.2000000000e-02, 7.2498000000e+03
 1500524700, 5.5000000000e+01, 2.6000000000e+01, 1.0000000000e+01, 5.1333333333e-02, 7.2493333333e+03
 1500525000, 5.5000000000e+01, 2.6000000000e+01, 1.0000000000e+01, 6.8000000000e-02, 7.2497333333e+03
 1500525300, 5.5000000000e+01, 2.6000000000e+01, 1.0000000000e+01, 5.8666666667e-02, 7.2499333333e+03
 1500525600, 5.5000000000e+01, 2.6000000000e+01, 1.0000000000e+01, 6.9333333333e-02, 7.2511333333e+03
 1500525900, 5.5000000000e+01, 2.6000000000e+01, 1.1866666667e+01, 6.8666666667e-02, 7.2512000000e+03
 1500526200, 5.5000000000e+01, 2.6000000000e+01, 1.0533333333e+01, 6.3333333333e-02, 7.2509333333e+03
 1500526500, 5.5000000000e+01, 2.6000000000e+01, 1.1066666667e+01, 5.2000000000e-02, 7.2512000000e+03
 1500526800, 5.5000000000e+01, 2.6000000000e+01, 1.1333333333e+01, 5.9333333333e-02, 7.2512000000e+03
 1500527100, 5.5000000000e+01, 2.5733333333e+01, 1.0000000000e+01, 6.2666666667e-02, 7.2505333333e+03
 1500527400, 5.5000000000e+01, 2.4000000000e+01, 1.0000000000e+01, 6.8000000000e-02, 7.2514666667e+03
 1500527700, 5.5000000000e+01, 2.5866666667e+01, 1.1866666667e+01, 6.0000000000e-02, 7.2514000000e+03
 1500528000, 5.5000000000e+01, 2.6000000000e+01, 1.2000000000e+01, 5.5333333333e-02, 7.2514666667e+03
 1500528300, 5.5000000000e+01, 2.6000000000e+01, 1.0933333333e+01, 6.7333333333e-02, 7.2503333333e+03
 1500528600, 5.5000000000e+01, 2.6000000000e+01, 1.0000000000e+01, 8.7333333333e-02, 7.2518000000e+03
 1500528900, 5.5000000000e+01, 2.6000000000e+01, 1.0000000000e+01, 8.6666666667e-02, 7.2518000000e+03
 1500529200, 5.5000000000e+01, 2.6000000000e+01, 1.0000000000e+01, 7.8666666667e-02, 7.2504666667e+03
 1500529500, 5.5000000000e+01, 2.6000000000e+01, 1.0000000000e+01, 7.1333333333e-02, 7.2524666667e+03
 1500529800, 5.5000000000e+01, 2.6000000000e+01, 1.0000000000e+01, 6.8666666667e-02, 7.2526000000e+03
 1500530100, 5.5000000000e+01, 2.6000000000e+01, 1.0000000000e+01, 5.3333333333e-02, 7.2523333333e+03
 1500530400, 5.5000000000e+01, 2.6000000000e+01, 1.0000000000e+01, 5.0000000000e-02, 7.2512000000e+03
 1500530700, 5.5000000000e+01, 2.6000000000e+01, 1.0266666667e+01, 7.8000000000e-02, 7.2505333333e+03
 1500531000, 5.5000000000e+01, 2.6000000000e+01, 1.2000000000e+01, 9.0666666667e-02, 7.2516000000e+03
 1500531300, 5.5000000000e+01, 2.4133333333e+01, 1.0133333333e+01, 9.5333333333e-02, 7.2519333333e+03
 1500531600, 5.5000000000e+01, 2.4000000000e+01, 1.0000000000e+01, 7.4000000000e-02, 7.2526666667e+03
 1500531900, 5.5000000000e+01, 2.5066666667e+01, 1.0000000000e+01, 8.0666666667e-02, 7.2533333333e+03
 1500532200, 5.5000000000e+01, 2.6000000000e+01, 1.0666666667e+01, 7.2000000000e-02, 7.2535333333e+03
 1500532500, 5.5000000000e+01, 2.6000000000e+01, 1.1733333333e+01, 6.2033333333e-02, 7.2526800000e+03
 1500532800, 5.5000000000e+01, 2.6000000000e+01, 1.0000000000e+01, 6.4000000000e-02, 7.2528666667e+03
 1500533100, 5.5000000000e+01, 2.6000000000e+01, 1.1866666667e+01, 6.6666666667e-02, 7.2526000000e+03
 1500533400, 5.5000000000e+01, 2.6000000000e+01, 1.0533333333e+01, 5.4666666667e-02, 7.2529333333e+03
 1500533700, 5.5000000000e+01, 2.6000000000e+01, 1.0000000000e+01, 6.2666666667e-02, 7.2525333333e+03
 1500534000, 5.5000000000e+01, 2.5333333333e+01, 1.0000000000e+01, 7.3333333333e-02, 7.2524666667e+03
 1500534300, 5.5000000000e+01, 2.4000000000e+01, 1.0266666667e+01, 9.6000000000e-02, 7.2522000000e+03
 1500534600, 5.5000000000e+01, 2.4000000000e+01, 1.2000000000e+01, 1.0733333333e-01, 7.2522000000e+03
 1500534900, 5.5000000000e+01, 2.5866666667e+01, 1.3866666667e+01, 1.4066666667e-01, 7.2529333333e+03
 1500535200, 5.5000000000e+01, 2.6000000000e+01, 1.1066666667e+01, 1.2200000000e-01, 7.2535333333e+03
 1500535500, 5.5000000000e+01, 2.4933333333e+01, 1.1066666667e+01, 1.0133333333e-01, 7.2535333333e+03
 1500535800, 5.5000000000e+01, 2.4000000000e+01, 1.2666666667e+01, 9.0000000000e-02, 7.2531333333e+03
 1500536100, 5.5000000000e+01, 2.4266666667e+01, 1.3466666667e+01, 8.1333333333e-02, 7.2542000000e+03
 1500536400, 5.5000000000e+01, 2.6000000000e+01, 1.0000000000e+01, 6.4666666667e-02, 7.2533333333e+03
 1500536700, 5.5000000000e+01, 2.6000000000e+01, 1.0000000000e+01, 5.8666666667e-02, 7.2530000000e+03
 1500537000, 5.5000000000e+01, 2.6000000000e+01, 1.0000000000e+01, 6.3333333333e-02, 7.2525333333e+03
 1500537300, 5.5000000000e+01, 2.4933333333e+01, 1.1066666667e+01, 5.4000000000e-02, 7.2522666667e+03
 1500537600, 5.5000000000e+01, 2.4666666667e+01, 1.1333333333e+01, 5.0666666667e-02, 7.2520666667e+03
 1500537900, 5.5000000000e+01, 2.5733333333e+01, 1.0000000000e+01, 6.7333333333e-02, 7.2527333333e+03
 1500538200, 5.5000000000e+01, 2.4000000000e+01, 1.0000000000e+01, 6.6666666667e-02, 7.2532666667e+03
 1500538500, 5.5000000000e+01, 2.4000000000e+01, 1.0000000000e+01, 7.2000000000e-02, 7.2527333333e+03
 1500538800, 5.5000000000e+01, 2.4000000000e+01, 1.0000000000e+01, 9.1333333333e-02, 7.2534666667e+03
 1500539100, 5.5000000000e+01, 2.5066666667e+01, 1.0000000000e+01, 1.0200000000e-01, 7.2522666667e+03
 1500539400, 5.5000000000e+01, 2.6000000000e+01, 1.0000000000e+01, 1.1466666667e-01, 7.2530000000e+03
 1500539700, 5.5000000000e+01, 2.6000000000e+01, 1.0266666667e+01, 1.0800000000e-01, 7.2525333333e+03
 1500540000, 5.5000000000e+01, 2.6000000000e+01, 1.2000000000e+01, 1.1733333333e-01, 7.2527333333e+03
 1500540300, 5.5000000000e+01, 2.6000000000e+01, 1.2000000000e+01, 1.3466666667e-01, 7.2534666667e+03
 1500540600, 5.5000000000e+01, 2.6000000000e+01, 1.0533333333e+01, 1.3266666667e-01, 7.2538000000e+03
 1500540900, 5.5000000000e+01, 2.6000000000e+01, 1.0000000000e+01, 1.4133333333e-01, 7.2540000000e+03
 1500541200, 5.5000000000e+01, 2.6000000000e+01, 1.0666666667e+01, 1.4000000000e-01, 7.2540000000e+03
 1500541500, 5.5000000000e+01, 2.6000000000e+01, 1.1733333333e+01, 1.3133333333e-01, 7.2533333333e+03
 1500541800, 5.5000000000e+01, 2.6000000000e+01, 1.0000000000e+01, 1.1266666667e-01, 7.2532000000e+03
 1500542100, 5.5000000000e+01, 2.6000000000e+01, 1.1866666667e+01, 1.1333333333e-01, 7.2534666667e+03
 1500542400, 5.5000000000e+01, 2.6000000000e+01, 1.0533333333e+01, 1.1466666667e-01, 7.2531333333e+03
 1500542700, 5.5000000000e+01, 2.6000000000e+01, 1.0000000000e+01, 1.0466666667e-01, 7.2535333333e+03
 1500543000, 5.5000000000e+01, 2.6000000000e+01, 1.0000000000e+01, 8.6000000000e-02, 7.2529333333e+03
 1500543300, 5.5000000000e+01, 2.5733333333e+01, 1.0000000000e+01, 6.8000000000e-02, 7.2521333333e+03
 1500543600, 5.5000000000e+01, 2.4000000000e+01, 1.0000000000e+01, 5.8666666667e-02, 7.2516000000e+03
 1500543900, 5.5000000000e+01, 2.4000000000e+01, 1.0000000000e+01, 3.2533333333e-01, 7.3343333333e+03
 1500544200, 1.9066666667e+02, 1.4280000000e+02, 2.7600000000e+01, 4.0600000000e+00, 7.5968000000e+03
 1500544500, 2.2666666667e+02, 1.7533333333e+02, 3.1866666667e+01, 8.7926666667e+00, 7.6226000000e+03
 1500544800, 2.1000000000e+02, 1.6266666667e+02, 2.8666666667e+01, 1.2146000000e+01, 7.6343333333e+03
 1500545100, 2.0133333333e+02, 1.5626666667e+02, 2.6800000000e+01, 1.3162666667e+01, 7.5354000000e+03
 1500545400, 2.1000000000e+02, 1.5800000000e+02, 3.2000000000e+01, 1.5180000000e+01, 7.6769333333e+03
 1500545700, 2.4266666667e+02, 1.8786666667e+02, 3.3866666667e+01, 1.6811333333e+01, 7.6677333333e+03
 1500546000, 2.1200000000e+02, 1.6066666667e+02, 3.1066666667e+01, 1.7954666667e+01, 7.6945333333e+03
 1500546300, 2.2400000000e+02, 1.7133333333e+02, 3.2133333333e+01, 1.8800666667e+01, 7.6030000000e+03
 1500546600, 2.3166666667e+02, 1.7933333333e+02, 3.2666666667e+01, 1.9378666667e+01, 7.6603333333e+03
 1500546900, 2.0300000000e+02, 1.5533333333e+02, 3.0533333333e+01, 1.9702666667e+01, 7.6347333333e+03
 1500547200, 1.9000000000e+02, 1.3800000000e+02, 3.4000000000e+01, 1.9913333333e+01, 7.6137333333e+03
 1500547500, 2.1800000000e+02, 1.8466666667e+02, 2.8400000000e+01, 2.0073333333e+01, 7.6556666667e+03
 1500547800, 2.3100000000e+02, 1.8800000000e+02, 2.9466666667e+01, 2.0274000000e+01, 7.6598000000e+03
 1500548100, 2.4033333333e+02, 1.8906666667e+02, 3.2133333333e+01, 2.0440000000e+01, 7.7214000000e+03
 1500548400, 1.8166666667e+02, 1.3533333333e+02, 2.6666666667e+01, 1.6599333333e+01, 7.4436000000e+03
 1500548700, 5.5000000000e+01, 2.6000000000e+01, 1.1733333333e+01, 1.2034000000e+01, 7.4448000000e+03
 1500549000, 5.5000000000e+01, 2.6000000000e+01, 1.0000000000e+01, 8.7326666667e+00, 7.4444000000e+03
 1500549300, 5.5000000000e+01, 2.6000000000e+01, 1.0000000000e+01, 6.3433333333e+00, 7.4444000000e+03
 1500549600, 5.5000000000e+01, 2.4533333333e+01, 1.0000000000e+01, 4.6260000000e+00, 7.4444000000e+03
 1500549900, 5.5000000000e+01, 2.5066666667e+01, 1.1066666667e+01, 3.3706666667e+00, 7.4448000000e+03
 1500550200, 5.5000000000e+01, 2.6000000000e+01, 1.2000000000e+01, 2.4646666667e+00, 7.4446000000e+03
 1500550500, 5.5000000000e+01, 2.6000000000e+01, 1.1733333333e+01, 1.8066666667e+00, 7.4438666667e+03
 1500550800, 5.5000000000e+01, 2.6000000000e+01, 1.0000000000e+01, 1.3120000000e+00, 7.4442000000e+03
 1500551100, 5.5000000000e+01, 2.6000000000e+01, 1.0000000000e+01, 9.7466666667e-01, 7.4432666667e+03
 1500551400, 5.5000000000e+01, 2.6000000000e+01, 1.1466666667e+01, 7.2466666667e-01, 7.4434666667e+03
 1500551700, 5.5000000000e+01, 2.6000000000e+01, 1.0933333333e+01, 5.5533333333e-01, 7.4436000000e+03
 1500552000, 5.5000000000e+01, 2.6000000000e+01, 1.0666666667e+01, 4.3266666667e-01, 7.4442000000e+03
 1500552300, 5.5000000000e+01, 2.6000000000e+01, 1.1733333333e+01, 3.7266666667e-01, 7.4444666667e+03
 1500552600, 5.5000000000e+01, 2.6000000000e+01, 1.0000000000e+01, 3.0733333333e-01, 7.4446000000e+03
 1500552900, 5.5000000000e+01, 2.6000000000e+01, 1.0000000000e+01, 2.3733333333e-01, 7.4450666667e+03
 1500553200, 5.5000000000e+01, 2.4533333333e+01, 1.0000000000e+01, 2.1466666667e-01, 7.4443333333e+03
 1500553500, 5.5000000000e+01, 2.5066666667e+01, 1.0000000000e+01, 2.1800000000e-01, 7.4447333333e+03
 1500553800, 5.5000000000e+01, 2.6000000000e+01, 1.0666666667e+01, 1.8333333333e-01, 7.4451333333e+03
 1500554100, 6.0333333333e+01, 2.9200000000e+01, 1.3600000000e+01, 1.9066666667e-01, 7.3812000000e+03
 1500554400, 9.5000000000e+01, 5.0000000000e+01, 2.4000000000e+01, 1.1914666667e+00, 9.4068600000e+03
 1500554700, 1.8145000000e+02, 1.2826000000e+02, 2.9460000000e+01, 8.1116000000e+00, 1.1456046667e+04
 1500555000, 1.2520000000e+02, 7.5520000000e+01, 2.5680000000e+01, 1.5490566667e+01, 1.0203020000e+04
 1500555300, 1.6890000000e+02, 1.2090000000e+02, 2.5060000000e+01, 2.0306933333e+01, 1.0690796667e+04
 1500555600, 2.3000000000e+02, 1.8330666667e+02, 2.6000000000e+01, 2.3611133333e+01, 1.2824936667e+04
 1500555900, 2.3000000000e+02, 1.8575333333e+02, 2.6000000000e+01, 2.5978633333e+01, 1.3104886667e+04
 1500556200, 2.3000000000e+02, 1.8400000000e+02, 2.6000000000e+01, 2.7733600000e+01, 1.3284556667e+04
 1500556500, 2.3461666667e+02, 1.8584666667e+02, 2.6000000000e+01, 2.9037133333e+01, 1.4054453333e+04
 1500556800, 2.3136666667e+02, 1.8454666667e+02, 2.7453333333e+01, 2.9897200000e+01, 1.4209366667e+04
 1500557100, 2.3263333333e+02, 1.8505333333e+02, 2.6946666667e+01, 3.0497866667e+01, 1.4261826667e+04
 1500557400, 2.3336666667e+02, 1.8534666667e+02, 2.6000000000e+01, 3.0937900000e+01, 1.4292646667e+04
 1500557700, 2.3000000000e+02, 1.8400000000e+02, 2.6000000000e+01, 3.1256200000e+01, 1.4291346667e+04
 1500558000, 2.3000000000e+02, 1.8400000000e+02, 2.6000000000e+01, 3.1492066667e+01, 1.4291453333e+04
 1500558300, 2.3463333333e+02, 1.8585333333e+02, 2.7853333333e+01, 3.1662900000e+01, 1.4293546667e+04
 1500558600, 2.3136666667e+02, 1.8454666667e+02, 2.6546666667e+01, 3.1801200000e+01, 1.4292600000e+04
 1500558900, 2.3000000000e+02, 1.8505333333e+02, 2.6000000000e+01, 3.1884866667e+01, 1.4295306667e+04
 1500559200, 2.3000000000e+02, 1.8534666667e+02, 2.6000000000e+01, 3.1937600000e+01, 1.4295600000e+04
 1500559500, 2.3000000000e+02, 1.8400000000e+02, 2.6253333333e+01, 3.2003600000e+01, 1.4293346667e+04
 1500559800, 2.3000000000e+02, 1.8400000000e+02, 2.8000000000e+01, 3.2045800000e+01, 1.4293780000e+04
 1500560100, 2.3000000000e+02, 1.8400000000e+02, 2.8000000000e+01, 3.2098866667e+01, 1.4295346667e+04
 1500560400, 2.3000000000e+02, 1.8400000000e+02, 2.8000000000e+01, 3.2157600000e+01, 1.4300420000e+04
 1500560700, 2.3263333333e+02, 1.8505333333e+02, 2.8000000000e+01, 3.2241033333e+01, 1.4308376667e+04
 1500561000, 2.3653333333e+02, 1.8538666667e+02, 2.9226666667e+01, 3.2515333333e+01, 1.4397590000e+04
 1500561300, 2.2581666667e+02, 1.7117333333e+02, 3.1260000000e+01, 3.3075333333e+01, 1.4641430000e+04
 1500561600, 1.2500000000e+02, 8.0000000000e+01, 2.6000000000e+01, 3.3493266667e+01, 1.4770880000e+04
 1500561900, 1.0200000000e+02, 5.4240000000e+01, 2.4160000000e+01, 3.3798366667e+01, 1.4808240000e+04
 1500562200, 1.0000000000e+02, 5.2000000000e+01, 2.4000000000e+01, 3.3927000000e+01, 1.4869770000e+04
 1500562500, 8.9600000000e+01, 4.3680000000e+01, 2.4000000000e+01, 3.4034300000e+01, 1.4910876667e+04
 1500562800, 8.0000000000e+01, 3.5333333333e+01, 2.3333333333e+01, 3.4121266667e+01, 1.4819180000e+04
 1500563100, 8.2400000000e+01, 3.6400000000e+01, 2.2480000000e+01, 3.4216366667e+01, 1.4930710000e+04
 1500563400, 1.0000000000e+02, 5.4000000000e+01, 2.6000000000e+01, 3.4294400000e+01, 1.4774726667e+04
 1500563700, 8.1533333333e+01, 3.7380000000e+01, 2.4153333333e+01, 3.4328900000e+01, 1.4847230000e+04
 1500564000, 1.5956666667e+02, 1.0254666667e+02, 3.4126666667e+01, 3.4393200000e+01, 1.4801193333e+04
 1500564300, 1.4350000000e+02, 8.8733333333e+01, 3.0766666667e+01, 3.4389666667e+01, 1.4839776667e+04
 1500564600, 1.4000000000e+02, 8.4666666667e+01, 3.1333333333e+01, 3.4391266667e+01, 1.4851030000e+04
 1500564900, 1.8640000000e+02, 1.2256000000e+02, 3.9840000000e+01, 3.4392033333e+01, 1.4819050000e+04
 1500565200, 1.1925000000e+02, 6.6933333333e+01, 2.8433333333e+01, 3.4380333333e+01, 1.4989146667e+04
 1500565500, 2.6500000000e+02, 1.8000000000e+02, 6.2000000000e+01, 3.4418433333e+01, 1.4829923333e+04
 1500565800, 1.2500000000e+02, 7.3600000000e+01, 2.6533333333e+01, 3.4678233333e+01, 1.4742570000e+04
 1500566100, 1.6950000000e+02, 1.0669333333e+02, 3.8533333333e+01, 3.4946066667e+01, 1.4767193333e+04
 1500566400, 1.5641666667e+02, 9.7200000000e+01, 3.4700000000e+01, 3.5151900000e+01, 1.4655916667e+04
 1500566700, 1.4763333333e+02, 9.4046666667e+01, 2.8586666667e+01, 3.5300800000e+01, 1.4407756667e+04
 1500567000, 1.8858333333e+02, 1.3086666667e+02, 3.3066666667e+01, 3.5402900000e+01, 1.4286550000e+04
 1500567300, 1.4000000000e+02, 9.2000000000e+01, 2.6000000000e+01, 3.5412033333e+01, 1.4286340000e+04
 1500567600, 1.8666666667e+02, 1.2933333333e+02, 3.3466666667e+01, 3.5400333333e+01, 1.4074250000e+04
 1500567900, 2.3701666667e+02, 1.6672000000e+02, 4.4126666667e+01, 3.5265866667e+01, 1.3720656667e+04
 1500568200, 2.5756666667e+02, 1.8718666667e+02, 4.5946666667e+01, 3.4987500000e+01, 1.3520923333e+04
 1500568500, 2.5353333333e+02, 1.9206000000e+02, 3.9473333333e+01, 3.4577666667e+01, 1.3431326667e+04
 1500568800, 2.3941666667e+02, 1.8776666667e+02, 2.9766666667e+01, 3.4282166667e+01, 1.3684723333e+04
 1500569100, 2.3500000000e+02, 1.8600000000e+02, 2.8000000000e+01, 3.4058633333e+01, 1.3894206667e+04
 1500569400, 2.3966666667e+02, 1.8786666667e+02, 2.9866666667e+01, 3.3843066667e+01, 1.4021386667e+04
 1500569700, 2.3636666667e+02, 1.8654666667e+02, 2.8546666667e+01, 3.3609666667e+01, 1.4133573333e+04
 1500570000, 2.3233333333e+02, 1.8493333333e+02, 2.6933333333e+01, 3.3204000000e+01, 1.4114800000e+04
 1500570300, 2.3000000000e+02, 1.8333333333e+02, 2.6000000000e+01, 3.2882000000e+01, 1.4131666667e+04
 1500570600, 2.3000000000e+02, 1.8200000000e+02, 2.6000000000e+01, 3.2645333333e+01, 1.4139000000e+04
 1500570900, 2.3000000000e+02, 1.8200000000e+02, 2.6000000000e+01, 3.2475333333e+01, 1.4139666667e+04
 1500571200, 2.3000000000e+02, 1.8200000000e+02, 2.6000000000e+01, 3.2377333333e+01, 1.4141933333e+04
 1500571500, 2.3000000000e+02, 1.8346666667e+02, 2.7466666667e+01, 3.2333466667e+01, 1.4153360000e+04
 1500571800, 2.3258333333e+02, 1.8400000000e+02, 2.8000000000e+01, 3.2385033333e+01, 1.4181786667e+04
 1500572100, 2.3500000000e+02, 1.8337333333e+02, 2.8626666667e+01, 3.2577066667e+01, 1.4205056667e+04
 1500572400, 2.3436666667e+02, 1.8200000000e+02, 2.9746666667e+01, 3.2803066667e+01, 1.4250506667e+04
 1500572700, 2.3000000000e+02, 1.8200000000e+02, 2.8000000000e+01, 3.3013566667e+01, 1.4240316667e+04
 1500573000, 2.2536666667e+02, 1.7458666667e+02, 2.8000000000e+01, 3.3174300000e+01, 1.4059103333e+04
 1500573300, 2.3213333333e+02, 1.7828000000e+02, 3.0853333333e+01, 3.3166366667e+01, 1.3953743333e+04
 1500573600, 2.2980000000e+02, 1.7376000000e+02, 3.2000000000e+01, 3.2984700000e+01, 1.3774020000e+04
 1500573900, 2.0236666667e+02, 1.4730666667e+02, 3.0060000000e+01, 3.2706966667e+01, 1.3733836667e+04
 1500574200, 1.5033333333e+02, 9.9466666667e+01, 2.6000000000e+01, 3.2123733333e+01, 1.3745126667e+04
 1500574500, 1.2000000000e+02, 7.0000000000e+01, 2.6000000000e+01, 3.1689633333e+01, 1.3632786667e+04
 1500574800, 1.9791666667e+02, 1.2866666667e+02, 4.6166666667e+01, 3.1351000000e+01, 1.3668143333e+04
 1500575100, 1.2940000000e+02, 7.4960000000e+01, 3.0720000000e+01, 3.0859800000e+01, 1.3352263333e+04
 1500575400, 9.2250000000e+01, 4.4766666667e+01, 2.4000000000e+01, 3.0434666667e+01, 1.3485600000e+04
 1500575700, 1.1163333333e+02, 6.1186666667e+01, 2.7760000000e+01, 2.9979533333e+01, 1.3353096667e+04
 1500576000, 1.6036666667e+02, 1.0384000000e+02, 3.4640000000e+01, 2.9592666667e+01, 1.3219546667e+04
 1500576300, 8.5000000000e+01, 4.0000000000e+01, 2.4000000000e+01, 2.9170733333e+01, 1.3088503333e+04
 1500576600, 1.9958333333e+02, 1.3533333333e+02, 4.2333333333e+01, 2.8811366667e+01, 1.3149603333e+04
 1500576900, 2.1355000000e+02, 1.3832000000e+02, 5.2520000000e+01, 2.8534133333e+01, 1.3177103333e+04
 1500577200, 1.4826666667e+02, 8.5693333333e+01, 3.9573333333e+01, 2.8261833333e+01, 1.3100713333e+04
 1500577500, 9.1466666667e+01, 4.4466666667e+01, 2.4646666667e+01, 2.8088000000e+01, 1.2880940000e+04
 1500577800, 1.0280000000e+02, 5.5800000000e+01, 2.5780000000e+01, 2.7879133333e+01, 1.2761090000e+04
 1500578100, 8.5000000000e+01, 3.8000000000e+01, 2.4000000000e+01, 2.7298366667e+01, 1.2199363333e+04
 1500578400, 8.5000000000e+01, 3.6186666667e+01, 2.4000000000e+01, 2.6445300000e+01, 1.2097963333e+04
 1500578700, 1.8220000000e+02, 1.1376000000e+02, 4.4160000000e+01, 2.5675933333e+01, 1.2105476667e+04
 1500579000, 1.5333333333e+02, 9.2800000000e+01, 3.7066666667e+01, 2.5120233333e+01, 1.2040273333e+04
 1500579300, 9.6666666667e+01, 5.0000000000e+01, 2.4000000000e+01, 2.4702033333e+01, 1.1668113333e+04
 1500579600, 1.0370000000e+02, 5.7206666667e+01, 2.4740000000e+01, 2.3923966667e+01, 1.1402210000e+04
 1500579900, 1.3000000000e+02, 8.0000000000e+01, 3.0000000000e+01, 2.2853566667e+01, 1.1024393333e+04
 1500580200, 1.5800000000e+02, 1.0240000000e+02, 3.1866666667e+01, 2.1605500000e+01, 1.0459696667e+04
 1500580500, 1.4193333333e+02, 9.3160000000e+01, 2.6580000000e+01, 1.9723800000e+01, 9.9210200000e+03
 1500580800, 1.2208333333e+02, 7.3366666667e+01, 2.4566666667e+01, 1.6824366667e+01, 1.3101363333e+04
 1500581100, 1.7900000000e+02, 1.2146666667e+02, 3.6800000000e+01, 1.5328666667e+01, 2.9657333333e+04
 1500581400, 2.3833333333e+02, 1.7266666667e+02, 4.8000000000e+01, 1.7860000000e+01, 3.5306133333e+04
 1500581700, 2.4500000000e+02, 1.7746666667e+02, 4.8000000000e+01, 1.9824666667e+01, 3.5378800000e+04
 1500582000, 2.4500000000e+02, 1.7400000000e+02, 4.8000000000e+01, 2.1243333333e+01, 3.5381133333e+04
 1500582300, 2.4500000000e+02, 1.7586666667e+02, 4.8000000000e+01, 2.2266000000e+01, 3.5301133333e+04
 1500582600, 2.4500000000e+02, 1.7600000000e+02, 4.8000000000e+01, 2.3015333333e+01, 3.5313733333e+04
 1500582900, 2.4500000000e+02, 1.7600000000e+02, 4.8000000000e+01, 2.3562000000e+01, 3.5799800000e+04
 1500583200, 2.4500000000e+02, 1.7666666667e+02, 4.8000000000e+01, 2.3946000000e+01, 3.6084933333e+04
 1500583500, 2.4500000000e+02, 1.7800000000e+02, 4.8000000000e+01, 2.4234000000e+01, 3.6290800000e+04
 1500583800, 2.4500000000e+02, 1.7800000000e+02, 4.8000000000e+01, 2.4439900000e+01, 3.6423430000e+04
 1500584100, 2.4500000000e+02, 1.7613333333e+02, 4.8000000000e+01, 2.4581333333e+01, 3.6592800000e+04
 1500584400, 2.4500000000e+02, 1.7600000000e+02, 4.8000000000e+01, 2.4716000000e+01, 3.6586800000e+04
 1500584700, 2.4500000000e+02, 1.7493333333e+02, 5.0133333333e+01, 2.4846000000e+01, 3.6897066667e+04
 1500585000, 2.4666666667e+02, 1.7466666667e+02, 5.2000000000e+01, 2.4967333333e+01, 3.5922333333e+04
 1500585300, 2.4866666667e+02, 1.7493333333e+02, 5.1466666667e+01, 2.5815133333e+01, 3.3860743333e+04
 1500585600, 2.4000000000e+02, 1.6800000000e+02, 4.8000000000e+01, 2.5879333333e+01, 3.5107666667e+04
 1500585900, 2.5395000000e+02, 1.8474000000e+02, 4.9860000000e+01, 2.7186100000e+01, 4.0342063333e+04
 1500586200, 2.5500000000e+02, 1.8453333333e+02, 5.1466666667e+01, 2.8708266667e+01, 4.0535463333e+04
 1500586500, 2.5500000000e+02, 1.8400000000e+02, 5.2000000000e+01, 2.9867200000e+01, 4.0740930000e+04
 1500586800, 2.5500000000e+02, 1.8400000000e+02, 5.2000000000e+01, 3.0756466667e+01, 4.0767726667e+04
 1500587100, 2.5500000000e+02, 1.8373333333e+02, 5.2000000000e+01, 3.1441100000e+01, 4.0679343333e+04
 1500587400, 2.5500000000e+02, 1.8200000000e+02, 5.2000000000e+01, 3.1502300000e+01, 3.6137313333e+04
 1500587700, 2.4100000000e+02, 1.7266666667e+02, 4.6400000000e+01, 2.9655333333e+01, 3.0521866667e+04
 1500588000, 2.1800000000e+02, 1.5440000000e+02, 4.3066666667e+01, 2.7296933333e+01, 2.4271906667e+04
 1500588300, 2.1266666667e+02, 1.5013333333e+02, 4.2000000000e+01, 2.5150033333e+01, 2.4219653333e+04
 1500588600, 2.1666666667e+02, 1.5400000000e+02, 4.2000000000e+01, 2.3354000000e+01, 2.7491466667e+04
 1500588900, 2.1866666667e+02, 1.5720000000e+02, 4.1466666667e+01, 2.2644000000e+01, 2.7382066667e+04
 1500589200, 2.1000000000e+02, 1.5200000000e+02, 3.8000000000e+01, 2.1372000000e+01, 2.5691266667e+04
 1500589500, 2.1466666667e+02, 1.5386666667e+02, 3.8000000000e+01, 2.0432666667e+01, 2.5657800000e+04
 1500589800, 2.2233333333e+02, 1.6133333333e+02, 3.8000000000e+01, 1.9648000000e+01, 2.5694200000e+04
 1500590100, 2.1966666667e+02, 1.5866666667e+02, 3.8000000000e+01, 1.8877333333e+01, 2.3373266667e+04
 1500590400, 1.9333333333e+02, 1.3600000000e+02, 3.5333333333e+01, 1.6768566667e+01, 1.8108113333e+04
 1500590700, 1.5200000000e+02, 1.0160000000e+02, 3.0266666667e+01, 1.4787333333e+01, 1.8061600000e+04
 1500591000, 1.6500000000e+02, 1.1200000000e+02, 3.2000000000e+01, 1.3290000000e+01, 1.9303933333e+04
 1500591300, 1.7433333333e+02, 1.2320000000e+02, 3.2000000000e+01, 1.2376000000e+01, 2.1651266667e+04
 1500591600, 1.6766666667e+02, 1.1520000000e+02, 3.2000000000e+01, 1.1616000000e+01, 1.8353333333e+04
 1500591900, 1.3566666667e+02, 8.8533333333e+01, 2.7733333333e+01, 1.0414666667e+01, 1.3097866667e+04
 1500592200, 1.0500000000e+02, 6.2000000000e+01, 2.4000000000e+01, 8.0486666667e+00, 1.0278466667e+04
 1500592500, 9.5583333333e+01, 5.0233333333e+01, 2.4000000000e+01, 6.6762000000e+00, 1.1312293333e+04
 1500592800, 1.0000000000e+02, 5.2000000000e+01, 2.4000000000e+01, 6.6699666667e+00, 1.2257700000e+04
 1500593100, 1.0000000000e+02, 5.3833333333e+01, 2.4000000000e+01, 6.6872000000e+00, 1.2525806667e+04
 1500593400, 1.1466666667e+02, 6.8666666667e+01, 2.5466666667e+01, 7.1520000000e+00, 2.3170533333e+04
 1500593700, 1.8400000000e+02, 1.2840000000e+02, 3.5600000000e+01, 1.1581333333e+01, 3.2829600000e+04
 1500594000, 2.4166666667e+02, 1.7600000000e+02, 4.4666666667e+01, 1.5345333333e+01, 3.2626266667e+04
 1500594300, 2.4366666667e+02, 1.7520000000e+02, 4.5733333333e+01, 1.7832666667e+01, 2.9822333333e+04
 1500594600, 2.3500000000e+02, 1.7000000000e+02, 4.4000000000e+01, 1.9616000000e+01, 2.9881000000e+04
 1500594900, 2.3500000000e+02, 1.7000000000e+02, 4.2133333333e+01, 2.0950000000e+01, 2.9822800000e+04
 1500595200, 2.3133333333e+02, 1.6706666667e+02, 4.2000000000e+01, 2.1992000000e+01, 2.9783600000e+04
 1500595500, 2.3266666667e+02, 1.6706666667e+02, 4.3066666667e+01, 2.2770666667e+01, 2.9782866667e+04
 1500595800, 2.3500000000e+02, 1.6800000000e+02, 4.3333333333e+01, 2.3278866667e+01, 2.9784173333e+04
 1500596100, 2.3500000000e+02, 1.6826666667e+02, 4.2266666667e+01, 2.3559333333e+01, 2.9792600000e+04
 1500596400, 2.3500000000e+02, 1.7000000000e+02, 4.4000000000e+01, 2.4229366667e+01, 3.0476366667e+04
 1500596700, 2.2566666667e+02, 1.6253333333e+02, 4.2133333333e+01, 2.4768666667e+01, 3.1542533333e+04
 1500597000, 2.4325000000e+02, 1.7368000000e+02, 4.6380000000e+01, 2.6234866667e+01, 3.6826160000e+04
 1500597300, 2.4733333333e+02, 1.7800000000e+02, 4.8000000000e+01, 2.8029900000e+01, 3.7353413333e+04
 1500597600, 2.2333333333e+02, 1.6000000000e+02, 4.4000000000e+01, 2.7942400000e+01, 2.3526796667e+04
 1500597900, 1.6866666667e+02, 1.1386666667e+02, 3.5200000000e+01, 2.3244000000e+01, 1.4720200000e+04
 1500598200, 9.5000000000e+01, 4.8000000000e+01, 3.0000000000e+01, 1.9804666667e+01, 1.4659733333e+04
 1500598500, 1.3700000000e+02, 8.5333333333e+01, 2.8133333333e+01, 1.7293333333e+01, 1.5329083333e+04
 1500598800, 1.0058333333e+02, 5.3600000000e+01, 2.5133333333e+01, 1.5980600000e+01, 1.6806070000e+04
 1500599100, 1.0308333333e+02, 5.5500000000e+01, 2.5033333333e+01, 1.5277033333e+01, 1.7180386667e+04
 1500599400, 1.6320000000e+02, 1.0520000000e+02, 3.4320000000e+01, 1.5602066667e+01, 3.0890533333e+04
 1500599700, 2.5500000000e+02, 1.8026666667e+02, 5.2266666667e+01, 2.0181566667e+01, 3.8822926667e+04
 1500600000, 2.5500000000e+02, 1.8200000000e+02, 5.4000000000e+01, 2.3638100000e+01, 3.9021330000e+04
 1500600300, 2.5965000000e+02, 1.8200000000e+02, 5.4000000000e+01, 2.6113900000e+01, 3.9039483333e+04
 1500600600, 2.5636666667e+02, 1.8200000000e+02, 5.2546666667e+01, 2.7873333333e+01, 3.9063450000e+04
 1500600900, 2.5500000000e+02, 1.8200000000e+02, 5.3060000000e+01, 2.9206066667e+01, 4.0408303333e+04
 1500601200, 2.5500000000e+02, 1.8200000000e+02, 5.3340000000e+01, 3.0178633333e+01, 4.1180753333e+04
 1500601500, 2.5565000000e+02, 1.8226000000e+02, 5.2260000000e+01, 3.0851966667e+01, 4.1214650000e+04
 1500601800, 2.6000000000e+02, 1.8400000000e+02, 5.4000000000e+01, 3.1374466667e+01, 4.0961910000e+04
 1500602100, 2.5536666667e+02, 1.8214666667e+02, 5.4000000000e+01, 3.1699933333e+01, 4.0412893333e+04
 1500602400, 2.5500000000e+02, 1.8345333333e+02, 5.4000000000e+01, 3.1894200000e+01, 4.0231820000e+04
 1500602700, 2.5760000000e+02, 1.8296000000e+02, 5.4000000000e+01, 3.2140000000e+01, 4.0492980000e+04
 1500603000, 2.5835000000e+02, 1.8266000000e+02, 5.3340000000e+01, 3.2381566667e+01, 4.0669393333e+04
 1500603300, 2.5566666667e+02, 1.8400000000e+02, 5.2266666667e+01, 3.2526266667e+01, 4.0473536667e+04
 1500603600, 2.6000000000e+02, 1.8400000000e+02, 5.4000000000e+01, 3.2600000000e+01, 4.0562480000e+04
 1500603900, 2.5533333333e+02, 1.8026666667e+02, 5.4000000000e+01, 3.2639733333e+01, 4.1193696667e+04
 1500604200, 2.5500000000e+02, 1.8146000000e+02, 5.4000000000e+01, 3.2719233333e+01, 4.1298520000e+04
 1500604500, 2.5500000000e+02, 1.8200000000e+02, 5.4000000000e+01, 3.2703633333e+01, 4.1217963333e+04
 1500604800, 2.5166666667e+02, 1.7933333333e+02, 5.2000000000e+01, 3.2153566667e+01, 3.5891190000e+04
 1500605100, 2.4500000000e+02, 1.7400000000e+02, 4.8266666667e+01, 3.0091333333e+01, 3.3610466667e+04
 1500605400, 2.4500000000e+02, 1.7400000000e+02, 5.0000000000e+01, 2.8454666667e+01, 3.3735466667e+04
 1500605700, 2.4500000000e+02, 1.7586666667e+02, 4.8133333333e+01, 2.7190000000e+01, 3.3333266667e+04
 1500606000, 2.4133333333e+02, 1.7013333333e+02, 4.8000000000e+01, 2.6162666667e+01, 3.3095000000e+04
 1500606300, 2.4266666667e+02, 1.7120000000e+02, 4.8000000000e+01, 2.5510000000e+01, 3.1930133333e+04
 1500606600, 2.2500000000e+02, 1.5800000000e+02, 4.4000000000e+01, 2.3558666667e+01, 2.4972000000e+04
 1500606900, 1.8166666667e+02, 1.2306666667e+02, 3.5466666667e+01, 2.2339500000e+01, 2.2946940000e+04
 1500607200, 1.6000000000e+02, 1.0400000000e+02, 3.2000000000e+01, 1.9246866667e+01, 1.6320523333e+04
 1500607500, 9.9333333333e+01, 5.3600000000e+01, 2.6400000000e+01, 1.5384333333e+01, 1.0817026667e+04
 1500607800, 1.0953333333e+02, 6.4533333333e+01, 2.6000000000e+01, 1.4847500000e+01, 2.5401463333e+04
 1500608100, 1.2020000000e+02, 7.4160000000e+01, 2.6000000000e+01, 1.7639733333e+01, 3.2574413333e+04
 1500608400, 1.7000000000e+02, 1.1333333333e+02, 3.5333333333e+01, 2.0263866667e+01, 3.7702193333e+04
 1500608700, 2.5933333333e+02, 1.8373333333e+02, 5.4000000000e+01, 2.3492833333e+01, 4.0304206667e+04
 1500609000, 2.5500000000e+02, 1.8200000000e+02, 5.4000000000e+01, 2.5977666667e+01, 4.0277520000e+04
 1500609300, 2.5966666667e+02, 1.8386666667e+02, 5.4000000000e+01, 2.7816700000e+01, 4.0236546667e+04
 1500609600, 2.5635000000e+02, 1.8400000000e+02, 5.2540000000e+01, 2.9030100000e+01, 4.0199780000e+04
 1500609900, 2.5765000000e+02, 1.8400000000e+02, 5.3060000000e+01, 3.0023700000e+01, 4.0516500000e+04
 1500610200, 2.5833333333e+02, 1.8333333333e+02, 5.4000000000e+01, 3.0767033333e+01, 4.0638616667e+04
 1500610500, 2.5500000000e+02, 1.8200000000e+02, 5.3733333333e+01, 3.1322700000e+01, 4.1180923333e+04
 1500610800, 2.5500000000e+02, 1.8200000000e+02, 5.2000000000e+01, 3.1674233333e+01, 4.1104906667e+04
 1500611100, 2.5500000000e+02, 1.8200000000e+02, 5.3860000000e+01, 3.1947266667e+01, 4.1036580000e+04
 1500611400, 2.5500000000e+02, 1.8200000000e+02, 5.4000000000e+01, 3.2169533333e+01, 4.0928386667e+04
 1500611700, 2.5765000000e+02, 1.8200000000e+02, 5.4000000000e+01, 3.2317033333e+01, 4.0906193333e+04
 1500612000, 2.5835000000e+02, 1.8200000000e+02, 5.4000000000e+01, 3.2510500000e+01, 4.1013886667e+04
 1500612300, 2.5565000000e+02, 1.8226000000e+02, 5.4000000000e+01, 3.2670433333e+01, 4.1251206667e+04
 1500612600, 2.6000000000e+02, 1.8400000000e+02, 5.4000000000e+01, 3.2833633333e+01, 4.1927833333e+04
 1500612900, 2.5535000000e+02, 1.8214000000e+02, 5.4000000000e+01, 3.2832700000e+01, 4.1782720000e+04
 1500613200, 2.5500000000e+02, 1.8200000000e+02, 5.4000000000e+01, 3.2784633333e+01, 4.1578120000e+04
 1500613500, 2.5766666667e+02, 1.8306666667e+02, 5.4000000000e+01, 3.2701300000e+01, 4.1419526667e+04
 1500613800, 2.5835000000e+02, 1.8334000000e+02, 5.4000000000e+01, 3.2647000000e+01, 3.8335296667e+04
 1500614100, 2.4900000000e+02, 1.7720000000e+02, 5.2400000000e+01, 3.0730666667e+01, 3.2364133333e+04
 1500614400, 2.1000000000e+02, 1.4600000000e+02, 4.2000000000e+01, 2.8840666667e+01, 3.2520733333e+04
 1500614700, 2.4266666667e+02, 1.7400000000e+02, 4.9466666667e+01, 2.7428666667e+01, 3.2652333333e+04
 1500615000, 2.4500000000e+02, 1.7453333333e+02, 4.8533333333e+01, 2.6148666667e+01, 2.7896533333e+04
 1500615300, 1.9086666667e+02, 1.2934000000e+02, 3.8526666667e+01, 2.4053633333e+01, 2.1768016667e+04
 1500615600, 1.4633333333e+02, 9.0933333333e+01, 3.2933333333e+01, 2.0918666667e+01, 1.5954600000e+04
 1500615900, 1.5833333333e+02, 1.0200000000e+02, 3.4000000000e+01, 1.8391333333e+01, 2.1905066667e+04
 1500616200, 2.0900000000e+02, 1.4893333333e+02, 3.7466666667e+01, 1.6955333333e+01, 2.1573000000e+04
 1500616500, 1.6100000000e+02, 1.0760000000e+02, 3.2800000000e+01, 1.5204233333e+01, 2.0420936667e+04
 1500616800, 1.1300000000e+02, 6.2800000000e+01, 2.6400000000e+01, 1.4650000000e+01, 2.1227390000e+04
 1500617100, 2.0490000000e+02, 1.4322000000e+02, 4.0600000000e+01, 1.5337200000e+01, 3.3797530000e+04
 1500617400, 2.4265000000e+02, 1.7506000000e+02, 4.7060000000e+01, 1.7938500000e+01, 3.5305640000e+04
 1500617700, 2.4500000000e+02, 1.7600000000e+02, 4.8660000000e+01, 1.9858500000e+01, 3.5683950000e+04
 1500618000, 2.4565000000e+02, 1.7626000000e+02, 4.9740000000e+01, 2.1252000000e+01, 3.5573240000e+04
 1500618300, 2.5000000000e+02, 1.7800000000e+02, 4.8000000000e+01, 2.2271100000e+01, 3.5640390000e+04
 1500618600, 2.4535000000e+02, 1.7800000000e+02, 4.8000000000e+01, 2.3037100000e+01, 3.5594820000e+04
 1500618900, 2.4500000000e+02, 1.7654000000e+02, 4.8000000000e+01, 2.3571800000e+01, 3.5595570000e+04
 1500619200, 2.4500000000e+02, 1.7600000000e+02, 4.8000000000e+01, 2.3927100000e+01, 3.5926720000e+04
 1500619500, 2.4665000000e+02, 1.7666000000e+02, 4.9320000000e+01, 2.4208400000e+01, 3.6365760000e+04
 1500619800, 2.4935000000e+02, 1.7774000000e+02, 5.1740000000e+01, 2.4269000000e+01, 3.2731750000e+04
 1500620100, 2.4500000000e+02, 1.7600000000e+02, 5.0000000000e+01, 2.4140700000e+01, 3.2394520000e+04
 1500620400, 2.4500000000e+02, 1.7414000000e+02, 4.8140000000e+01, 2.3976700000e+01, 3.2362910000e+04
 1500620700, 2.4135000000e+02, 1.7254000000e+02, 4.6540000000e+01, 2.3847200000e+01, 3.2709560000e+04
 1500621000, 2.4265000000e+02, 1.7412000000e+02, 4.7060000000e+01, 2.3848000000e+01, 3.3120640000e+04
 1500621300, 2.4500000000e+02, 1.7534000000e+02, 4.8660000000e+01, 2.3878000000e+01, 3.3214460000e+04
 1500621600, 2.4500000000e+02, 1.7400000000e+02, 4.9740000000e+01, 2.3838700000e+01, 3.3162780000e+04
 1500621900, 2.4500000000e+02, 1.7400000000e+02, 4.8000000000e+01, 2.3848000000e+01, 3.3203610000e+04
 1500622200, 2.4035000000e+02, 1.7214000000e+02, 4.8000000000e+01, 2.3872500000e+01, 3.3233480000e+04
 1500622500, 2.4365000000e+02, 1.7346000000e+02, 4.8000000000e+01, 2.3777400000e+01, 3.0196830000e+04
 1500622800, 2.3440000000e+02, 1.6658000000e+02, 4.5880000000e+01, 2.2008300000e+01, 2.4341800000e+04
 1500623100, 1.9841666667e+02, 1.4260000000e+02, 3.5300000000e+01, 2.0874966667e+01, 2.7334293333e+04
 1500623400, 1.7165000000e+02, 1.2268000000e+02, 2.8640000000e+01, 1.9421800000e+01, 2.3548870000e+04
 1500623700, 1.7370000000e+02, 1.1896000000e+02, 3.3740000000e+01, 1.8332800000e+01, 2.4379250000e+04
 1500624000, 1.6500000000e+02, 1.1200000000e+02, 3.2000000000e+01, 1.6252000000e+01, 1.9472220000e+04
 1500624300, 1.4640000000e+02, 9.7120000000e+01, 3.0140000000e+01, 1.4705666667e+01, 2.2896740000e+04
 1500624600, 2.1371666667e+02, 1.5676000000e+02, 3.5786666667e+01, 1.5699266667e+01, 4.1305283333e+04
 1500624900, 2.4000000000e+02, 1.8000000000e+02, 3.9060000000e+01, 1.8133500000e+01, 4.2794640000e+04
 1500625200, 2.3670000000e+02, 1.7670000000e+02, 3.9340000000e+01, 1.8487900000e+01, 3.3334880000e+04
 1500625500, 2.3000000000e+02, 1.7000000000e+02, 3.8000000000e+01, 1.9378500000e+01, 4.4998806667e+04
 1500625800, 2.3000000000e+02, 1.7000000000e+02, 3.8000000000e+01, 1.9770400000e+01, 4.1470640000e+04
 1500626100, 2.2535000000e+02, 1.6628000000e+02, 3.9860000000e+01, 1.8277700000e+01, 2.5012460000e+04
 1500626400, 2.2500000000e+02, 1.6162000000e+02, 4.2920000000e+01, 1.7313500000e+01, 3.3443570000e+04
 1500626700, 1.9850000000e+02, 1.3880000000e+02, 3.8700000000e+01, 1.6659900000e+01, 3.1084180000e+04
 1500627000, 1.9150000000e+02, 1.3518000000e+02, 3.5320000000e+01, 1.5341600000e+01, 2.8505230000e+04
 1500627300, 2.1850000000e+02, 1.6054000000e+02, 3.6960000000e+01, 1.5555700000e+01, 2.9515850000e+04
 1500627600, 1.7500000000e+02, 1.2400000000e+02, 3.0000000000e+01, 1.4326200000e+01, 2.4220780000e+04
 1500627900, 1.7953333333e+02, 1.2762666667e+02, 2.8186666667e+01, 1.3301066667e+01, 2.6356910000e+04
 1500628200, 2.1285000000e+02, 1.6158000000e+02, 3.2380000000e+01, 1.4214600000e+01, 4.0863030000e+04
 1500628500, 2.3295000000e+02, 1.7824000000e+02, 3.4000000000e+01, 1.6844500000e+01, 4.7508780000e+04
 1500628800, 2.3670000000e+02, 1.7936000000e+02, 3.4000000000e+01, 1.7629400000e+01, 3.7619920000e+04
 1500629100, 2.3065000000e+02, 1.7452000000e+02, 3.4260000000e+01, 1.8631600000e+01, 4.8237770000e+04
 1500629400, 2.3500000000e+02, 1.7800000000e+02, 3.6000000000e+01, 2.0388133333e+01, 5.0374300000e+04
 1500629700, 2.3035000000e+02, 1.7242000000e+02, 3.6000000000e+01, 1.9804700000e+01, 3.6704000000e+04
 1500630000, 1.8985000000e+02, -nan, 3.1620000000e+01, 1.6970700000e+01, 2.0356500000e+04
 1500630300, 2.0150000000e+02, -nan, 3.7420000000e+01, 1.5464100000e+01, 3.3169160000e+04
 1500630600, 2.0520000000e+02, -nan, 3.8060000000e+01, 1.4447800000e+01, 2.7599030000e+04
 1500630900, 1.6695000000e+02, -nan, -nan, 1.3216300000e+01, 1.4601460000e+04
 1500631200, 1.8000000000e+02, -nan, -nan, 1.3643300000e+01, 1.6739390000e+04
 1500631500, 2.2185000000e+02, -nan, -nan, 1.4827500000e+01, 1.5248910000e+04
 1500631800, 2.2135000000e+02, -nan, -nan, 1.5526100000e+01, 1.4712710000e+04
 1500632100, 2.2265000000e+02, -nan, -nan, 1.7280033333e+01, 1.9050356667e+04
 1500632400, 2.2661666667e+02, -nan, -nan, 2.1163566667e+01, -nan
 1500632700, 2.3000000000e+02, -nan, -nan, 2.4241900000e+01, -nan
 1500633000, 2.3000000000e+02, -nan, -nan, 2.6473100000e+01, -nan
 1500633300, 2.3000000000e+02, -nan, -nan, 2.8067500000e+01, -nan
 1500633600, 2.3000000000e+02, -nan, -nan, -nan, -nan
 1500633900, 2.3000000000e+02, -nan, -nan, -nan, -nan
 1500634200, 2.3000000000e+02, -nan, -nan, -nan, -nan
 1500634500, -nan, -nan, -nan, -nan, -nan
 1500634800, -nan, -nan, -nan, -nan, -nan
