 Time, ttl_pwr, cpu_pwr, mem_pwr, cpu_load, mem_load
 1500441000, 2,3000000000e+02, 1,8400000000e+02, 2,6000000000e+01, 1,6050900000e+01, 5,1989400000e+04
 1500441300, 2,3000000000e+02, 1,8400000000e+02, 2,6000000000e+01, 1,6046900000e+01, 5,1989090000e+04
 1500441600, 2,3000000000e+02, 1,8400000000e+02, 2,7420000000e+01, 1,6045100000e+01, 5,1990420000e+04
 1500441900, 2,3000000000e+02, 1,8400000000e+02, 2,6980000000e+01, 1,6050000000e+01, 5,1991200000e+04
 1500442200, 2,3000000000e+02, 1,8400000000e+02, 2,6000000000e+01, 1,6050000000e+01, 5,1991110000e+04
 1500442500, 2,3000000000e+02, 1,8400000000e+02, 2,6000000000e+01, 1,6050000000e+01, 5,1989490000e+04
 1500442800, 2,3000000000e+02, 1,8400000000e+02, 2,6000000000e+01, 1,6050000000e+01, 5,1989910000e+04
 1500443100, 2,3000000000e+02, 1,8400000000e+02, 2,6000000000e+01, 1,6052000000e+01, 5,1989780000e+04
 1500443400, 2,3000000000e+02, 1,8400000000e+02, 2,6000000000e+01, 1,6050000000e+01, 5,1989580000e+04
 1500443700, 2,3000000000e+02, 1,8400000000e+02, 2,7020000000e+01, 1,6050000000e+01, 5,1987620000e+04
 1500444000, 2,3000000000e+02, 1,8400000000e+02, 2,8000000000e+01, 1,6044900000e+01, 5,1989910000e+04
 1500444300, 2,3000000000e+02, 1,8400000000e+02, 2,7780000000e+01, 1,6050200000e+01, 5,1989200000e+04
 1500444600, 2,3000000000e+02, 1,8400000000e+02, 2,6000000000e+01, 1,6052900000e+01, 5,1988980000e+04
 1500444900, 2,3000000000e+02, 1,8400000000e+02, 2,6000000000e+01, 1,6051100000e+01, 5,1988310000e+04
 1500445200, 2,3000000000e+02, 1,8400000000e+02, 2,7420000000e+01, 1,6053100000e+01, 5,1988800000e+04
 1500445500, 2,3000000000e+02, 1,8400000000e+02, 2,8000000000e+01, 1,6053800000e+01, 5,1988400000e+04
 1500445800, 2,3000000000e+02, 1,8400000000e+02, 2,7380000000e+01, 1,6050000000e+01, 5,1989440000e+04
 1500446100, 2,3000000000e+02, 1,8378000000e+02, 2,6220000000e+01, 1,6050000000e+01, 5,1989980000e+04
 1500446400, 2,3000000000e+02, 1,8200000000e+02, 2,8000000000e+01, 1,6044000000e+01, 5,1989890000e+04
 1500446700, 2,3000000000e+02, 1,8200000000e+02, 2,8000000000e+01, 1,6052000000e+01, 5,1990820000e+04
 1500447000, 2,3000000000e+02, 1,8342000000e+02, 2,6580000000e+01, 1,6050000000e+01, 5,1989600000e+04
 1500447300, 2,3000000000e+02, 1,8400000000e+02, 2,6000000000e+01, 1,6050000000e+01, 5,1991020000e+04
 1500447600, 2,3000000000e+02, 1,8400000000e+02, 2,6620000000e+01, 1,6050000000e+01, 5,1991690000e+04
 1500447900, 2,3000000000e+02, 1,8400000000e+02, 2,8000000000e+01, 1,6050000000e+01, 5,1992750000e+04
 1500448200, 2,3000000000e+02, 1,8400000000e+02, 2,8000000000e+01, 1,6050000000e+01, 5,1992490000e+04
 1500448500, 2,3000000000e+02, 1,8400000000e+02, 2,8000000000e+01, 1,6048000000e+01, 5,1991050000e+04
 1500448800, 2,3000000000e+02, 1,8400000000e+02, 2,8000000000e+01, 1,6050000000e+01, 5,1989980000e+04
 1500449100, 2,3000000000e+02, 1,8400000000e+02, 2,8000000000e+01, 1,6046000000e+01, 5,1991020000e+04
 1500449400, 2,3000000000e+02, 1,8400000000e+02, 2,8000000000e+01, 1,6050000000e+01, 5,1992000000e+04
 1500449700, 2,3000000000e+02, 1,8400000000e+02, 2,7780000000e+01, 1,6050000000e+01, 5,1990180000e+04
 1500450000, 2,3000000000e+02, 1,8400000000e+02, 2,6000000000e+01, 1,6050000000e+01, 5,1990180000e+04
 1500450300, 2,3000000000e+02, 1,8400000000e+02, 2,7820000000e+01, 1,3820100000e+01, 1,1284480000e+04
 1500450600, 1,0220000000e+02, 7,1820000000e+01, 1,5220000000e+01, 1,0019600000e+01, 7,2572000000e+03
 1500450900, 5,0000000000e+01, 2,6000000000e+01, 1,0000000000e+01, 7,2646000000e+00, 7,2576000000e+03
 1500451200, 5,0000000000e+01, 2,5380000000e+01, 1,0000000000e+01, 5,2690000000e+00, 7,2568900000e+03
 1500451500, 6,9800000000e+01, 4,1380000000e+01, 1,2420000000e+01, 4,9428000000e+00, 1,7464100000e+04
 1500451800, 2,3000000000e+02, 1,8200000000e+02, 3,2000000000e+01, 7,7041000000e+00, 2,5289940000e+04
 1500452100, 2,3000000000e+02, 1,8018000000e+02, 3,2000000000e+01, 9,9349000000e+00, 2,5065950000e+04
 1500452400, 2,3355000000e+02, 1,8284000000e+02, 3,2000000000e+01, 1,1618200000e+01, 2,3732110000e+04
 1500452700, 1,9420000000e+02, 1,4422000000e+02, 3,2000000000e+01, 1,2750100000e+01, 1,8616290000e+04
 1500453000, 1,8445000000e+02, 1,2894000000e+02, 3,8200000000e+01, 1,3610900000e+01, 2,4695850000e+04
 1500453300, 2,4780000000e+02, 1,8044000000e+02, 4,9360000000e+01, 1,4228100000e+01, 2,1099540000e+04
 1500453600, 2,3000000000e+02, 1,8400000000e+02, 2,8000000000e+01, 1,4719300000e+01, 2,4567750000e+04
 1500453900, 2,3000000000e+02, 1,8582000000e+02, 2,8000000000e+01, 1,5053500000e+01, 1,8002830000e+04
 1500454200, 2,3000000000e+02, 1,8600000000e+02, 2,6580000000e+01, 1,5310600000e+01, 2,4615430000e+04
 1500454500, 2,2745000000e+02, 1,8192000000e+02, 2,8040000000e+01, 1,5455000000e+01, 2,2022140000e+04
 1500454800, 2,2655000000e+02, 1,7986000000e+02, 2,9380000000e+01, 1,5649800000e+01, 2,0432990000e+04
 1500455100, 2,3000000000e+02, 1,8400000000e+02, 2,7780000000e+01, 1,5749700000e+01, 2,4833610000e+04
 1500455400, 2,3000000000e+02, 1,8400000000e+02, 2,6000000000e+01, 1,5779100000e+01, 2,5107330000e+04
 1500455700, 2,3910000000e+02, 1,7854000000e+02, 4,4200000000e+01, 1,5818600000e+01, 2,2053850000e+04
 1500456000, 2,3290000000e+02, 1,8226000000e+02, 3,3220000000e+01, 1,5846700000e+01, 2,1334440000e+04
 1500456300, 2,3765000000e+02, 1,8094000000e+02, 3,9220000000e+01, 1,5784900000e+01, 2,3651840000e+04
 1500456600, 2,4035000000e+02, 1,7986000000e+02, 4,3800000000e+01, 1,5774900000e+01, 2,1724770000e+04
 1500456900, 2,3053333333e+02, 1,8421333333e+02, 2,9786666667e+01, 1,5783933333e+01, 2,4087210000e+04
 1500457200, 2,3500000000e+02, 1,8600000000e+02, 2,8000000000e+01, 1,5767933333e+01, 2,1157363333e+04
 1500457500, 2,2590000000e+02, 1,7690000000e+02, 2,8000000000e+01, 1,5665733333e+01, 2,1148386667e+04
 1500457800, 2,2855000000e+02, 1,8168000000e+02, 2,8000000000e+01, 1,5729000000e+01, 2,1264320000e+04
 1500458100, 2,2235000000e+02, 1,7686000000e+02, 2,6980000000e+01, 1,5811700000e+01, 2,0894320000e+04
 1500458400, 2,2275000000e+02, 1,7434000000e+02, 2,9100000000e+01, 1,5870400000e+01, 2,5231320000e+04
 1500458700, 2,4000000000e+02, 1,8334000000e+02, 3,6660000000e+01, 1,5903300000e+01, 2,3959390000e+04
 1500459000, 2,4000000000e+02, 1,7800000000e+02, 4,2000000000e+01, 1,5944366667e+01, 1,7813456667e+04
 1500459300, 2,3545000000e+02, 1,8164000000e+02, 3,2900000000e+01, 1,5966200000e+01, 2,4876060000e+04
 1500459600, 2,3500000000e+02, 1,8200000000e+02, 3,4840000000e+01, 1,5958600000e+01, 2,3941440000e+04
 1500459900, 2,3500000000e+02, 1,8200000000e+02, 3,4980000000e+01, 1,5862700000e+01, 2,1246300000e+04
 1500460200, 2,3345000000e+02, 1,8324000000e+02, 3,1520000000e+01, 1,5848566667e+01, 2,3914493333e+04
 1500460500, 2,3000000000e+02, 1,8578000000e+02, 2,6220000000e+01, 1,5867100000e+01, 2,3657250000e+04
 1500460800, 2,3000000000e+02, 1,8400000000e+02, 2,8000000000e+01, 1,5715900000e+01, 2,1224650000e+04
 1500461100, 2,3000000000e+02, 1,8400000000e+02, 2,8000000000e+01, 1,5746200000e+01, 2,4377720000e+04
 1500461400, 2,3000000000e+02, 1,8400000000e+02, 2,8000000000e+01, 1,5815500000e+01, 2,4809660000e+04
 1500461700, 2,3765000000e+02, 1,8400000000e+02, 3,4120000000e+01, 1,5834900000e+01, 2,1555010000e+04
 1500462000, 2,3570000000e+02, 1,7966000000e+02, 3,5660000000e+01, 1,5618400000e+01, 1,7390646667e+04
 1500462300, 2,0125000000e+02, 1,5680000000e+02, 2,5780000000e+01, 1,2576800000e+01, 7,3366100000e+03
 1500462600, 9,0000000000e+01, 5,0000000000e+01, 2,4000000000e+01, 9,3888000000e+00, 7,4159800000e+03
 1500462900, 9,0000000000e+01, 5,0000000000e+01, 2,4000000000e+01, 7,0770000000e+00, 7,4764700000e+03
 1500463200, 1,0741666667e+02, 6,3933333333e+01, 2,4000000000e+01, 7,1175666667e+00, 9,3341000000e+03
 1500463500, 1,3798333333e+02, 9,2326666667e+01, 2,4000000000e+01, 8,9655000000e+00, 1,0082776667e+04
 1500463800, 1,4745000000e+02, 1,0298000000e+02, 2,4000000000e+01, 1,0109100000e+01, 1,4363573333e+04
 1500464100, 1,7685000000e+02, 1,2808666667e+02, 3,0066666667e+01, 1,4443400000e+01, 3,4694126667e+04
 1500464400, 2,5051666667e+02, 1,8800000000e+02, 4,4206666667e+01, 1,9434166667e+01, 3,5156633333e+04
 1500464700, 2,5500000000e+02, 1,8800000000e+02, 4,6000000000e+01, 2,3084400000e+01, 3,5288053333e+04
 1500465000, 2,4593333333e+02, 1,8256000000e+02, 4,4186666667e+01, 2,5771733333e+01, 3,5639710000e+04
 1500465300, 2,5206666667e+02, 1,8624000000e+02, 4,5413333333e+01, 2,7696566667e+01, 3,5619473333e+04
 1500465600, 2,5500000000e+02, 1,8800000000e+02, 4,6000000000e+01, 2,9091666667e+01, 3,5755293333e+04
 1500465900, 2,5500000000e+02, 1,8800000000e+02, 4,5386666667e+01, 3,0154533333e+01, 3,6123116667e+04
 1500466200, 2,5293333333e+02, 1,8614000000e+02, 4,4206666667e+01, 3,0952233333e+01, 3,6490916667e+04
 1500466500, 2,3500000000e+02, 1,7000000000e+02, 4,6000000000e+01, 3,1682600000e+01, 3,6506680000e+04
 1500466800, 2,3951666667e+02, 1,7180666667e+02, 4,4193333333e+01, 3,2153433333e+01, 3,6238340000e+04
 1500467100, 2,5065000000e+02, 1,8336000000e+02, 4,5420000000e+01, 3,2346800000e+01, 3,5967510000e+04
 1500467400, 2,5500000000e+02, 1,8800000000e+02, 4,6000000000e+01, 3,2399366667e+01, 3,5984816667e+04
 1500467700, 2,5348333333e+02, 1,8921333333e+02, 4,3573333333e+01, 3,2466166667e+01, 3,6115003333e+04
 1500468000, 2,5000000000e+02, 1,9114666667e+02, 3,8640000000e+01, 3,2515600000e+01, 3,6334623333e+04
 1500468300, 2,5000000000e+02, 1,8400000000e+02, 4,4000000000e+01, 3,2609233333e+01, 3,6486100000e+04
 1500468600, 2,5000000000e+02, 1,8580666667e+02, 4,4000000000e+01, 3,2736933333e+01, 3,6508100000e+04
 1500468900, 2,5000000000e+02, 1,8600000000e+02, 4,5420000000e+01, 3,1983900000e+01, 3,0406120000e+04
 1500469200, 2,3226666667e+02, 1,7080000000e+02, 4,1946666667e+01, 2,9756900000e+01, 2,6833600000e+04
 1500469500, 2,2113333333e+02, 1,6152000000e+02, 3,8613333333e+01, 2,7840200000e+01, 2,6836070000e+04
 1500469800, 2,3500000000e+02, 1,7378000000e+02, 4,0440000000e+01, 2,6268500000e+01, 2,6940290000e+04
 1500470100, 2,3500000000e+02, 1,7200000000e+02, 4,4000000000e+01, 2,4748500000e+01, 2,6628060000e+04
 1500470400, 2,3500000000e+02, 1,7018000000e+02, 4,2180000000e+01, 2,3200733333e+01, 2,6781040000e+04
 1500470700, 2,2080000000e+02, 1,5722000000e+02, 4,0580000000e+01, 2,1895500000e+01, 2,7120340000e+04
 1500471000, 1,3565000000e+02, 8,4380000000e+01, 2,8960000000e+01, 2,1269166667e+01, 2,8903526667e+04
 1500471300, 1,6885000000e+02, 1,1418000000e+02, 3,3180000000e+01, 2,1415900000e+01, 3,2577850000e+04
 1500471600, 2,3500000000e+02, 1,7200000000e+02, 4,2620000000e+01, 2,2038600000e+01, 3,2652760000e+04
 1500471900, 2,1840000000e+02, 1,5706000000e+02, 4,1786666667e+01, 2,1498400000e+01, 2,5924386667e+04
 1500472200, 1,8160000000e+02, 1,2416000000e+02, 3,6660000000e+01, 2,0934066667e+01, 2,8300903333e+04
 1500472500, 2,3500000000e+02, 1,7400000000e+02, 4,2000000000e+01, 2,1289300000e+01, 3,4710070000e+04
 1500472800, 2,4410000000e+02, 1,7764000000e+02, 4,5640000000e+01, 2,2030400000e+01, 3,4755860000e+04
 1500473100, 2,4500000000e+02, 1,7800000000e+02, 4,6000000000e+01, 2,2562600000e+01, 3,5055640000e+04
 1500473400, 2,4245000000e+02, 1,7698000000e+02, 4,6000000000e+01, 2,2967600000e+01, 3,5121430000e+04
 1500473700, 2,4155000000e+02, 1,7662000000e+02, 4,6000000000e+01, 2,3235166667e+01, 3,5101286667e+04
 1500474000, 2,4335000000e+02, 1,7690000000e+02, 4,5560000000e+01, 2,3449600000e+01, 3,5391040000e+04
 1500474300, 2,3000000000e+02, 1,6800000000e+02, 4,2000000000e+01, 2,3593400000e+01, 3,5464590000e+04
 1500474600, 2,3455000000e+02, 1,7164000000e+02, 4,3820000000e+01, 2,3623100000e+01, 3,5488320000e+04
 1500474900, 2,4206666667e+02, 1,7482666667e+02, 4,5413333333e+01, 2,3727133333e+01, 3,5668053333e+04
 1500475200, 2,4500000000e+02, 1,7702000000e+02, 4,6000000000e+01, 2,3829700000e+01, 3,5747650000e+04
 1500475500, 2,4345000000e+02, 1,7738000000e+02, 4,6000000000e+01, 2,3880200000e+01, 3,5831070000e+04
 1500475800, 2,3945000000e+02, 1,7556000000e+02, 4,6000000000e+01, 2,3880900000e+01, 3,5915500000e+04
 1500476100, 2,3500000000e+02, 1,7200000000e+02, 4,6000000000e+01, 2,3954000000e+01, 3,5804700000e+04
 1500476400, 2,3955000000e+02, 1,7564000000e+02, 4,6000000000e+01, 2,2470600000e+01, 1,9332350000e+04
 1500476700, 1,3705000000e+02, 8,7960000000e+01, 3,0380000000e+01, 1,7447733333e+01, 7,1879666667e+03
 1500477000, 8,7350000000e+01, 4,5880000000e+01, 2,2980000000e+01, 1,4072566667e+01, 7,8140633333e+03
 1500477300, 1,0325000000e+02, 6,1080000000e+01, 2,3240000000e+01, 1,1123000000e+01, 1,2148860000e+04
 1500477600, 1,5555000000e+02, 1,0822000000e+02, 2,6660000000e+01, 9,8919000000e+00, 1,6425950000e+04
 1500477900, 1,6000000000e+02, 1,1000000000e+02, 3,2000000000e+01, 9,3094000000e+00, 1,6455420000e+04
 1500478200, 1,6000000000e+02, 1,0818000000e+02, 3,2000000000e+01, 9,0871333333e+00, 1,8157583333e+04
 1500478500, 1,9550000000e+02, 1,4208000000e+02, 3,2000000000e+01, 1,1745200000e+01, 2,2088440000e+04
 1500478800, 2,2530000000e+02, 1,7130000000e+02, 3,2000000000e+01, 1,7011100000e+01, 2,2624040000e+04
 1500479100, 2,4000000000e+02, 1,8660666667e+02, 3,2000000000e+01, 2,1296600000e+01, 2,3436516667e+04
 1500479400, 2,4000000000e+02, 1,8821333333e+02, 3,2213333333e+01, 2,4509866667e+01, 2,3637120000e+04
 1500479700, 2,4000000000e+02, 1,9000000000e+02, 3,4000000000e+01, 2,7029233333e+01, 2,3993830000e+04
 1500480000, 2,4000000000e+02, 1,8819333333e+02, 3,4000000000e+01, 2,8743233333e+01, 2,4160976667e+04
 1500480300, 2,4000000000e+02, 1,8800000000e+02, 3,2593333333e+01, 3,0016400000e+01, 2,4046523333e+04
 1500480600, 2,4000000000e+02, 1,8800000000e+02, 3,3006666667e+01, 3,0896133333e+01, 2,4042936667e+04
 1500480900, 2,4300000000e+02, 1,8860000000e+02, 3,5200000000e+01, 3,1596433333e+01, 2,4193796667e+04
 1500481200, 2,4700000000e+02, 1,8800000000e+02, 3,7000000000e+01, 3,2324666667e+01, 2,4142180000e+04
 1500481500, 2,2000000000e+02, 1,7000000000e+02, 2,8000000000e+01, 3,3147000000e+01, 2,4198120000e+04
 1500481800, 2,3335000000e+02, 1,7534000000e+02, 3,5120000000e+01, 3,3790233333e+01, 2,4289723333e+04
 1500482100, 1,6633333333e+02, 1,1557333333e+02, 2,7760000000e+01, 3,4243733333e+01, 2,4698533333e+04
 1500482400, 1,3993333333e+02, 9,2933333333e+01, 2,4000000000e+01, 3,4468800000e+01, 2,1299073333e+04
 1500482700, 1,6428333333e+02, 1,1580000000e+02, 2,6373333333e+01, 3,4349700000e+01, 2,0772783333e+04
 1500483000, 2,1385000000e+02, 1,6152000000e+02, 3,2220000000e+01, 3,3916600000e+01, 2,0696533333e+04
 1500483300, 2,4500000000e+02, 1,9000000000e+02, 3,4000000000e+01, 3,3503600000e+01, 2,0849060000e+04
 1500483600, 2,4045000000e+02, 1,8636000000e+02, 3,4000000000e+01, 3,2893700000e+01, 2,0921930000e+04
 1500483900, 2,4000000000e+02, 1,8600000000e+02, 3,4000000000e+01, 3,2147400000e+01, 2,1191060000e+04
 1500484200, 2,3745000000e+02, 1,8396000000e+02, 3,4000000000e+01, 3,1440200000e+01, 2,0984240000e+04
 1500484500, 2,3035000000e+02, 1,7890000000e+02, 3,2140000000e+01, 3,0618933333e+01, 1,7549746667e+04
 1500484800, 2,1945000000e+02, 1,7112000000e+02, 2,8000000000e+01, 2,8529100000e+01, 1,1307970000e+04
 1500485100, 2,1500000000e+02, 1,6400000000e+02, 2,8000000000e+01, 2,6376666667e+01, 1,0649563333e+04
 1500485400, 1,8338333333e+02, 1,3328666667e+02, 2,8000000000e+01, 2,4194933333e+01, 1,0180290000e+04
 1500485700, 1,1993333333e+02, 7,3466666667e+01, 2,3760000000e+01, 2,2647333333e+01, 1,0810023333e+04
 1500486000, 9,7550000000e+01, 5,1020000000e+01, 2,4040000000e+01, 2,1568600000e+01, 1,0443803333e+04
 1500486300, 1,0153333333e+02, 5,4453333333e+01, 2,5386666667e+01, 2,0630533333e+01, 1,0066116667e+04
 1500486600, 1,0885000000e+02, 6,3740000000e+01, 2,4220000000e+01, 1,8949000000e+01, 1,0315840000e+04
 1500486900, 1,4000000000e+02, 9,4000000000e+01, 2,6000000000e+01, 1,6366000000e+01, 1,6585340000e+04
 1500487200, 1,5820000000e+02, 1,1038000000e+02, 3,1460000000e+01, 1,4323600000e+01, 1,6711760000e+04
 1500487500, 1,6000000000e+02, 1,1058000000e+02, 3,2000000000e+01, 1,2803000000e+01, 1,6791920000e+04
 1500487800, 1,6255000000e+02, 1,1102000000e+02, 3,2000000000e+01, 1,1672400000e+01, 1,7076120000e+04
 1500488100, 1,6345000000e+02, 1,1138000000e+02, 3,2000000000e+01, 1,0844600000e+01, 1,6973460000e+04
 1500488400, 1,6000000000e+02, 1,1000000000e+02, 3,2000000000e+01, 1,0227200000e+01, 1,6986600000e+04
 1500488700, 1,6000000000e+02, 1,1000000000e+02, 3,2000000000e+01, 9,8588000000e+00, 1,7079560000e+04
 1500489000, 1,6000000000e+02, 1,1000000000e+02, 3,2000000000e+01, 9,5321000000e+00, 1,7289730000e+04
 1500489300, 1,6355000000e+02, 1,1142000000e+02, 3,2000000000e+01, 9,2938000000e+00, 1,7233950000e+04
 1500489600, 1,6245000000e+02, 1,0996000000e+02, 3,2000000000e+01, 9,0953000000e+00, 1,7176380000e+04
 1500489900, 1,6155000000e+02, 1,0924000000e+02, 3,2000000000e+01, 8,9650000000e+00, 1,7280660000e+04
 1500490200, 1,6445000000e+02, 1,1156000000e+02, 3,2000000000e+01, 8,8114000000e+00, 1,7356030000e+04
 1500490500, 1,6000000000e+02, 1,0800000000e+02, 3,2000000000e+01, 8,5236000000e+00, 1,7374340000e+04
 1500490800, 1,6000000000e+02, 1,0982000000e+02, 3,2000000000e+01, 8,3422000000e+00, 1,7385360000e+04
 1500491100, 1,6000000000e+02, 1,1000000000e+02, 3,2000000000e+01, 8,1575000000e+00, 1,7482650000e+04
 1500491400, 1,6000000000e+02, 1,0898000000e+02, 3,2000000000e+01, 8,0164000000e+00, 1,7529680000e+04
 1500491700, 1,3985000000e+02, 9,0640000000e+01, 2,8900000000e+01, 7,6401000000e+00, 1,2557420000e+04
 1500492000, 9,0600000000e+01, 4,8920000000e+01, 2,0680000000e+01, 5,8778000000e+00, 7,3462900000e+03
 1500492300, 5,5000000000e+01, 2,4000000000e+01, 1,0000000000e+01, 4,2782000000e+00, 7,1429100000e+03
 1500492600, 5,0450000000e+01, 2,4000000000e+01, 1,0000000000e+01, 3,1111000000e+00, 7,1425800000e+03
 1500492900, 5,0000000000e+01, 2,5420000000e+01, 1,0000000000e+01, 2,2679000000e+00, 7,1429100000e+03
 1500493200, 5,0000000000e+01, 2,6000000000e+01, 1,0000000000e+01, 1,6537000000e+00, 7,1432000000e+03
 1500493500, 5,0000000000e+01, 2,5380000000e+01, 1,0000000000e+01, 1,2153000000e+00, 7,1456600000e+03
 1500493800, 5,0000000000e+01, 2,4000000000e+01, 1,0000000000e+01, 8,9010000000e-01, 7,1476900000e+03
 1500494100, 5,0000000000e+01, 2,4000000000e+01, 1,0000000000e+01, 6,4200000000e-01, 7,1483100000e+03
 1500494400, 5,0000000000e+01, 2,5820000000e+01, 1,0000000000e+01, 4,7350000000e-01, 7,1488000000e+03
 1500494700, 5,3550000000e+01, 2,6000000000e+01, 1,0000000000e+01, 3,4700000000e-01, 7,1484900000e+03
 1500495000, 5,2450000000e+01, 2,4980000000e+01, 1,0000000000e+01, 2,6740000000e-01, 7,1466000000e+03
 1500495300, 5,0000000000e+01, 2,4000000000e+01, 1,0000000000e+01, 2,0740000000e-01, 7,1475100000e+03
 1500495600, 5,0000000000e+01, 2,4000000000e+01, 1,0000000000e+01, 1,5450000000e-01, 7,1476900000e+03
 1500495900, 5,0000000000e+01, 2,4000000000e+01, 1,0000000000e+01, 1,2690000000e-01, 7,1485100000e+03
 1500496200, 5,0000000000e+01, 2,4000000000e+01, 1,0000000000e+01, 1,1600000000e-01, 7,1486000000e+03
 1500496500, 5,0000000000e+01, 2,5420000000e+01, 1,0000000000e+01, 1,0270000000e-01, 7,1489100000e+03
 1500496800, 5,0000000000e+01, 2,6000000000e+01, 1,0000000000e+01, 9,6000000000e-02, 7,1493100000e+03
 1500497100, 5,0000000000e+01, 2,5380000000e+01, 1,0000000000e+01, 9,4200000000e-02, 7,1490700000e+03
 1500497400, 5,0000000000e+01, 2,4000000000e+01, 1,0000000000e+01, 1,0290000000e-01, 7,1489100000e+03
 1500497700, 5,0000000000e+01, 2,4000000000e+01, 1,0000000000e+01, 8,0700000000e-02, 7,1488900000e+03
 1500498000, 5,0000000000e+01, 2,4000000000e+01, 1,0000000000e+01, 7,2200000000e-02, 7,1480000000e+03
 1500498300, 5,0000000000e+01, 2,5420000000e+01, 1,0000000000e+01, 7,3800000000e-02, 7,1480200000e+03
 1500498600, 5,0000000000e+01, 2,4980000000e+01, 1,0000000000e+01, 6,4900000000e-02, 7,1480900000e+03
 1500498900, 5,0000000000e+01, 2,4000000000e+01, 1,0000000000e+01, 6,1100000000e-02, 7,1479100000e+03
 1500499200, 5,0000000000e+01, 2,4000000000e+01, 1,0000000000e+01, 6,5800000000e-02, 7,1492000000e+03
 1500499500, 5,0000000000e+01, 2,4000000000e+01, 1,0000000000e+01, 5,2000000000e-02, 7,1499100000e+03
 1500499800, 5,4550000000e+01, 2,5820000000e+01, 1,0000000000e+01, 5,0000000000e-02, 7,1506000000e+03
 1500500100, 5,1450000000e+01, 2,4580000000e+01, 1,0000000000e+01, 5,0000000000e-02, 7,1506000000e+03
 1500500400, 5,0000000000e+01, 2,5020000000e+01, 1,0000000000e+01, 5,2000000000e-02, 7,1494000000e+03
 1500500700, 5,0000000000e+01, 2,6000000000e+01, 1,0000000000e+01, 5,0000000000e-02, 7,1484000000e+03
 1500501000, 5,0000000000e+01, 2,6000000000e+01, 1,0000000000e+01, 5,2000000000e-02, 7,1487100000e+03
 1500501300, 5,0000000000e+01, 2,6000000000e+01, 1,0000000000e+01, 5,0000000000e-02, 7,1488900000e+03
 1500501600, 5,0000000000e+01, 2,6000000000e+01, 1,0000000000e+01, 6,0200000000e-02, 7,1489100000e+03
 1500501900, 5,0000000000e+01, 2,4580000000e+01, 1,0000000000e+01, 5,8900000000e-02, 7,1484900000e+03
 1500502200, 5,0000000000e+01, 2,5020000000e+01, 1,0000000000e+01, 6,4000000000e-02, 7,1491100000e+03
 1500502500, 5,0000000000e+01, 2,5380000000e+01, 1,0000000000e+01, 5,4900000000e-02, 7,1503100000e+03
 1500502800, 5,0000000000e+01, 2,4000000000e+01, 1,0000000000e+01, 5,0000000000e-02, 7,1490000000e+03
 1500503100, 5,0000000000e+01, 2,4000000000e+01, 1,0000000000e+01, 5,3100000000e-02, 7,1484900000e+03
 1500503400, 5,4550000000e+01, 2,4000000000e+01, 1,1820000000e+01, 6,2000000000e-02, 7,1468000000e+03
 1500503700, 5,1450000000e+01, 2,4000000000e+01, 1,0580000000e+01, 5,2900000000e-02, 7,1483400000e+03
 1500504000, 5,0000000000e+01, 2,4000000000e+01, 1,0000000000e+01, 5,0000000000e-02, 7,1476200000e+03
 1500504300, 5,0000000000e+01, 2,4620000000e+01, 1,0000000000e+01, 5,8200000000e-02, 7,1486900000e+03
 1500504600, 5,0000000000e+01, 2,5780000000e+01, 1,0000000000e+01, 5,3800000000e-02, 7,1475100000e+03
 1500504900, 5,0000000000e+01, 2,4000000000e+01, 1,0000000000e+01, 5,0000000000e-02, 7,1486200000e+03
 1500505200, 5,0000000000e+01, 2,4000000000e+01, 1,0000000000e+01, 5,0000000000e-02, 7,1494000000e+03
 1500505500, 5,0000000000e+01, 2,4000000000e+01, 1,0000000000e+01, 5,0000000000e-02, 7,1502000000e+03
 1500505800, 5,0000000000e+01, 2,4000000000e+01, 1,0000000000e+01, 5,9100000000e-02, 7,1504000000e+03
 1500506100, 5,0000000000e+01, 2,4000000000e+01, 1,0000000000e+01, 5,2900000000e-02, 7,1500000000e+03
 1500506400, 5,0000000000e+01, 2,4000000000e+01, 1,0000000000e+01, 5,0000000000e-02, 7,1498000000e+03
 1500506700, 5,0000000000e+01, 2,4000000000e+01, 1,0000000000e+01, 5,0000000000e-02, 7,1488900000e+03
 1500507000, 5,0000000000e+01, 2,5820000000e+01, 1,0000000000e+01, 5,0000000000e-02, 7,1488000000e+03
 1500507300, 5,0000000000e+01, 2,4580000000e+01, 1,0000000000e+01, 5,0000000000e-02, 7,1492000000e+03
 1500507600, 5,0000000000e+01, 2,5020000000e+01, 1,0000000000e+01, 5,0000000000e-02, 7,1495100000e+03
 1500507900, 5,0000000000e+01, 2,6000000000e+01, 1,0000000000e+01, 5,7100000000e-02, 7,1496000000e+03
 1500508200, 5,0000000000e+01, 2,6000000000e+01, 1,0000000000e+01, 5,2900000000e-02, 7,1503100000e+03
 1500508500, 5,0000000000e+01, 2,6000000000e+01, 1,0000000000e+01, 5,0000000000e-02, 7,1499800000e+03
 1500508800, 5,0000000000e+01, 2,6000000000e+01, 1,0000000000e+01, 5,0000000000e-02, 7,1506400000e+03
 1500509100, 5,0000000000e+01, 2,4580000000e+01, 1,0000000000e+01, 5,0000000000e-02, 7,1510700000e+03
 1500509400, 5,2533333333e+01, 2,5013333333e+01, 1,2026666667e+01, 5,5066666667e-02, 7,1505166667e+03
 1500509700, 5,3450000000e+01, 2,5380000000e+01, 1,2760000000e+01, 5,8033333333e-02, 7,1498000000e+03
 1500510000, 5,0000000000e+01, 2,4220000000e+01, 1,0000000000e+01, 5,0900000000e-02, 7,1492900000e+03
 1500510300, 5,0000000000e+01, 2,6000000000e+01, 1,0000000000e+01, 5,0000000000e-02, 7,1493033333e+03
 1500510600, 5,0000000000e+01, 2,6000000000e+01, 1,0000000000e+01, 5,0000000000e-02, 7,1495966667e+03
 1500510900, 5,0000000000e+01, 2,4580000000e+01, 1,0000000000e+01, 5,0000000000e-02, 7,1500900000e+03
 1500511200, 5,0000000000e+01, 2,4000000000e+01, 1,0000000000e+01, 5,0000000000e-02, 7,1499100000e+03
 1500511500, 5,0000000000e+01, 2,4620000000e+01, 1,0000000000e+01, 5,2000000000e-02, 7,1499100000e+03
 1500511800, 5,0000000000e+01, 2,5780000000e+01, 1,0000000000e+01, 5,0000000000e-02, 7,1504900000e+03
 1500512100, 5,0000000000e+01, 2,4000000000e+01, 1,0000000000e+01, 5,0000000000e-02, 7,1500900000e+03
 1500512400, 5,0000000000e+01, 2,4000000000e+01, 1,0000000000e+01, 5,0000000000e-02, 7,1502000000e+03
 1500512700, 5,0000000000e+01, 2,5420000000e+01, 1,0000000000e+01, 5,0000000000e-02, 7,1493100000e+03
 1500513000, 5,0000000000e+01, 2,4980000000e+01, 1,0000000000e+01, 5,0000000000e-02, 7,1496000000e+03
 1500513300, 5,0000000000e+01, 2,4000000000e+01, 1,0000000000e+01, 5,0000000000e-02, 7,1494000000e+03
 1500513600, 5,0000000000e+01, 2,4220000000e+01, 1,0000000000e+01, 5,0000000000e-02, 7,1501100000e+03
 1500513900, 5,0000000000e+01, 2,6000000000e+01, 1,0000000000e+01, 5,0000000000e-02, 7,1504000000e+03
 1500514200, 5,0000000000e+01, 2,4180000000e+01, 1,0000000000e+01, 5,2000000000e-02, 7,1506000000e+03
 1500514500, 5,0000000000e+01, 2,4000000000e+01, 1,0000000000e+01, 5,0000000000e-02, 7,1500900000e+03
 1500514800, 5,0000000000e+01, 2,5020000000e+01, 1,0000000000e+01, 5,0000000000e-02, 7,1503100000e+03
 1500515100, 5,0000000000e+01, 2,5380000000e+01, 1,0000000000e+01, 5,6000000000e-02, 7,1504000000e+03
 1500515400, 5,0000000000e+01, 2,4220000000e+01, 1,0000000000e+01, 5,0000000000e-02, 7,1500900000e+03
 1500515700, 5,0000000000e+01, 2,6000000000e+01, 1,0000000000e+01, 5,0000000000e-02, 7,1496000000e+03
 1500516000, 5,0000000000e+01, 2,4180000000e+01, 1,0000000000e+01, 5,1100000000e-02, 7,1492000000e+03
 1500516300, 5,0000000000e+01, 2,5420000000e+01, 1,0000000000e+01, 6,9100000000e-02, 7,1495100000e+03
 1500516600, 5,0000000000e+01, 2,6000000000e+01, 1,0000000000e+01, 6,4000000000e-02, 7,1497100000e+03
 1500516900, 5,0000000000e+01, 2,5380000000e+01, 1,0000000000e+01, 7,0000000000e-02, 7,1494900000e+03
 1500517200, 5,0000000000e+01, 2,4220000000e+01, 1,0000000000e+01, 5,5800000000e-02, 7,1496200000e+03
 1500517500, 5,0000000000e+01, 2,6000000000e+01, 1,0000000000e+01, 5,0000000000e-02, 7,1498000000e+03
 1500517800, 5,0000000000e+01, 2,6000000000e+01, 1,0000000000e+01, 5,0000000000e-02, 7,1499100000e+03
 1500518100, 5,0000000000e+01, 2,6000000000e+01, 1,0000000000e+01, 5,4000000000e-02, 7,1512000000e+03
 1500518400, 5,0000000000e+01, 2,6000000000e+01, 1,0000000000e+01, 5,0000000000e-02, 7,1498500000e+03
 1500518700, 5,0000000000e+01, 2,6000000000e+01, 1,0000000000e+01, 5,0000000000e-02, 7,1499100000e+03
 1500519000, 5,0000000000e+01, 2,5780000000e+01, 1,0000000000e+01, 5,0000000000e-02, 7,1506900000e+03
 1500519300, 5,0000000000e+01, 2,4000000000e+01, 1,0000000000e+01, 5,0000000000e-02, 7,1497100000e+03
 1500519600, 5,0000000000e+01, 2,5820000000e+01, 1,0000000000e+01, 5,0000000000e-02, 7,1507100000e+03
 1500519900, 5,7100000000e+01, 2,6000000000e+01, 1,5680000000e+01, 5,0000000000e-02, 7,1502700000e+03
 1500520200, 6,2550000000e+01, 2,9060000000e+01, 1,6980000000e+01, 5,0000000000e-02, 7,1502200000e+03
 1500520500, 6,0350000000e+01, 2,9520000000e+01, 1,4140000000e+01, 5,0000000000e-02, 7,1504900000e+03
 1500520800, 5,0000000000e+01, 2,4000000000e+01, 1,0000000000e+01, 5,3100000000e-02, 7,1504000000e+03
 1500521100, 5,0000000000e+01, 2,4000000000e+01, 1,0000000000e+01, 6,2000000000e-02, 7,1502000000e+03
 1500521400, 5,0000000000e+01, 2,5820000000e+01, 1,0000000000e+01, 5,0900000000e-02, 7,1498900000e+03
 1500521700, 5,0000000000e+01, 2,6000000000e+01, 1,0000000000e+01, 5,3100000000e-02, 7,1500200000e+03
 1500522000, 5,0000000000e+01, 2,4980000000e+01, 1,0000000000e+01, 5,2900000000e-02, 7,1512000000e+03
 1500522300, 5,0000000000e+01, 2,4000000000e+01, 1,0000000000e+01, 5,6000000000e-02, 7,1511100000e+03
 1500522600, 5,0000000000e+01, 2,4000000000e+01, 1,0000000000e+01, 5,0000000000e-02, 7,1502900000e+03
 1500522900, 5,0000000000e+01, 2,4000000000e+01, 1,0000000000e+01, 5,1100000000e-02, 7,1501100000e+03
 1500523200, 5,0000000000e+01, 2,4000000000e+01, 1,0000000000e+01, 5,2900000000e-02, 7,1514000000e+03
 1500523500, 5,0000000000e+01, 2,4000000000e+01, 1,0000000000e+01, 5,0000000000e-02, 7,1515100000e+03
 1500523800, 5,0000000000e+01, 2,5020000000e+01, 1,0000000000e+01, 5,0000000000e-02, 7,1508700000e+03
 1500524100, 5,0000000000e+01, 2,6000000000e+01, 1,0000000000e+01, 5,0000000000e-02, 7,1512200000e+03
 1500524400, 5,0000000000e+01, 2,5780000000e+01, 1,0000000000e+01, 5,0000000000e-02, 7,1510000000e+03
 1500524700, 5,0000000000e+01, 2,4000000000e+01, 1,0000000000e+01, 5,0000000000e-02, 7,1508900000e+03
 1500525000, 5,0000000000e+01, 2,5820000000e+01, 1,0000000000e+01, 5,3100000000e-02, 7,1513100000e+03
 1500525300, 5,0000000000e+01, 2,6000000000e+01, 1,0000000000e+01, 5,0900000000e-02, 7,1523100000e+03
 1500525600, 5,0000000000e+01, 2,4980000000e+01, 1,0000000000e+01, 5,5100000000e-02, 7,1520000000e+03
 1500525900, 5,0000000000e+01, 2,4000000000e+01, 1,0000000000e+01, 5,4000000000e-02, 7,1522900000e+03
 1500526200, 5,0000000000e+01, 2,4220000000e+01, 1,0000000000e+01, 5,4900000000e-02, 7,1523100000e+03
 1500526500, 5,0000000000e+01, 2,6000000000e+01, 1,0000000000e+01, 5,1100000000e-02, 7,1524000000e+03
 1500526800, 5,0000000000e+01, 2,4180000000e+01, 1,0000000000e+01, 5,6900000000e-02, 7,1533100000e+03
 1500527100, 5,0000000000e+01, 2,5420000000e+01, 1,0000000000e+01, 5,0000000000e-02, 7,1535800000e+03
 1500527400, 5,0000000000e+01, 2,4980000000e+01, 1,0000000000e+01, 5,3100000000e-02, 7,1522200000e+03
 1500527700, 5,0000000000e+01, 2,4000000000e+01, 1,0000000000e+01, 7,2200000000e-02, 7,1525100000e+03
 1500528000, 5,0000000000e+01, 2,4220000000e+01, 1,0000000000e+01, 6,4900000000e-02, 7,1521800000e+03
 1500528300, 5,0000000000e+01, 2,6000000000e+01, 1,0000000000e+01, 7,4000000000e-02, 7,1527100000e+03
 1500528600, 5,0000000000e+01, 2,6000000000e+01, 1,0000000000e+01, 8,9300000000e-02, 7,1532000000e+03
 1500528900, 5,0000000000e+01, 2,4580000000e+01, 1,0000000000e+01, 9,8900000000e-02, 7,1531100000e+03
 1500529200, 5,0000000000e+01, 2,4000000000e+01, 1,0000000000e+01, 7,4700000000e-02, 7,1536900000e+03
 1500529500, 5,0000000000e+01, 2,4620000000e+01, 1,0000000000e+01, 5,2900000000e-02, 7,1542200000e+03
 1500529800, 5,1100000000e+01, 2,6220000000e+01, 1,0220000000e+01, 5,0000000000e-02, 7,1540000000e+03
 1500530100, 6,0000000000e+01, 2,8000000000e+01, 1,2000000000e+01, 5,1100000000e-02, 7,1534900000e+03
 1500530400, 5,0900000000e+01, 2,4360000000e+01, 1,0180000000e+01, 5,2900000000e-02, 7,1536200000e+03
 1500530700, 5,0000000000e+01, 2,4000000000e+01, 1,0000000000e+01, 5,0000000000e-02, 7,1527800000e+03
 1500531000, 5,0000000000e+01, 2,4000000000e+01, 1,0000000000e+01, 5,0000000000e-02, 7,1525100000e+03
 1500531300, 5,0000000000e+01, 2,4620000000e+01, 1,0000000000e+01, 5,0000000000e-02, 7,1537300000e+03
 1500531600, 5,0000000000e+01, 2,6000000000e+01, 1,0000000000e+01, 5,3100000000e-02, 7,1551833333e+03
 1500531900, 5,0000000000e+01, 2,6000000000e+01, 1,0000000000e+01, 5,2900000000e-02, 7,1554900000e+03
 1500532200, 5,0000000000e+01, 2,4180000000e+01, 1,0000000000e+01, 5,3100000000e-02, 7,1559100000e+03
 1500532500, 5,0000000000e+01, 2,5420000000e+01, 1,0000000000e+01, 5,0900000000e-02, 7,1548900000e+03
 1500532800, 5,0000000000e+01, 2,4980000000e+01, 1,0000000000e+01, 5,1100000000e-02, 7,1552200000e+03
 1500533100, 5,0000000000e+01, 2,4000000000e+01, 1,0000000000e+01, 5,2900000000e-02, 7,1550500000e+03
 1500533400, 5,0550000000e+01, 2,4220000000e+01, 1,0000000000e+01, 5,0000000000e-02, 7,1544000000e+03
 1500533700, 5,5000000000e+01, 2,6000000000e+01, 1,0000000000e+01, 5,0000000000e-02, 7,1553100000e+03
 1500534000, 5,0450000000e+01, 2,6000000000e+01, 1,0000000000e+01, 5,0000000000e-02, 7,1548900000e+03
 1500534300, 5,0000000000e+01, 2,6000000000e+01, 1,0000000000e+01, 5,1100000000e-02, 7,1554000000e+03
 1500534600, 5,2550000000e+01, 2,6000000000e+01, 1,0000000000e+01, 5,8900000000e-02, 7,1554000000e+03
 1500534900, 5,5000000000e+01, 2,6000000000e+01, 1,0000000000e+01, 5,0000000000e-02, 7,1560000000e+03
 1500535200, 5,5000000000e+01, 2,6000000000e+01, 1,0000000000e+01, 5,4000000000e-02, 7,1556000000e+03
 1500535500, 5,5000000000e+01, 2,6000000000e+01, 1,0000000000e+01, 5,0000000000e-02, 7,1552100000e+03
 1500535800, 5,0450000000e+01, 2,6000000000e+01, 1,0000000000e+01, 5,0000000000e-02, 7,1552000000e+03
 1500536100, 5,0000000000e+01, 2,4580000000e+01, 1,0000000000e+01, 5,5100000000e-02, 7,1565100000e+03
 1500536400, 5,0000000000e+01, 2,4000000000e+01, 1,0000000000e+01, 5,0900000000e-02, 7,1548900000e+03
 1500536700, 5,0000000000e+01, 2,4000000000e+01, 1,0000000000e+01, 5,0000000000e-02, 7,1554200000e+03
 1500537000, 5,0000000000e+01, 2,4000000000e+01, 1,0000000000e+01, 5,9100000000e-02, 7,1569100000e+03
 1500537300, 5,0000000000e+01, 2,4000000000e+01, 1,0000000000e+01, 5,4000000000e-02, 7,1560900000e+03
 1500537600, 5,0000000000e+01, 2,4000000000e+01, 1,0000000000e+01, 6,2900000000e-02, 7,1570200000e+03
 1500537900, 5,3550000000e+01, 2,5420000000e+01, 1,0000000000e+01, 5,0000000000e-02, 7,1570900000e+03
 1500538200, 5,2450000000e+01, 2,4980000000e+01, 1,0000000000e+01, 5,0000000000e-02, 7,1573800000e+03
 1500538500, 5,0000000000e+01, 2,4000000000e+01, 1,0000000000e+01, 5,0000000000e-02, 7,1568200000e+03
 1500538800, 5,0000000000e+01, 2,4000000000e+01, 1,0000000000e+01, 5,6200000000e-02, 7,1572900000e+03
 1500539100, 5,0000000000e+01, 2,4000000000e+01, 1,0000000000e+01, 7,3100000000e-02, 7,1569100000e+03
 1500539400, 5,0000000000e+01, 2,4000000000e+01, 1,0000000000e+01, 7,8900000000e-02, 7,1564000000e+03
 1500539700, 5,0000000000e+01, 2,5420000000e+01, 1,0000000000e+01, 7,9100000000e-02, 7,1568900000e+03
 1500540000, 5,7650000000e+01, 3,0080000000e+01, 1,2040000000e+01, 7,6900000000e-02, 7,1562000000e+03
 1500540300, 6,0350000000e+01, 3,0900000000e+01, 1,2760000000e+01, 5,7800000000e-02, 7,1570000000e+03
 1500540600, 5,0000000000e+01, 2,4000000000e+01, 1,0000000000e+01, 5,0000000000e-02, 7,1569100000e+03
 1500540900, 5,0000000000e+01, 2,4000000000e+01, 1,0000000000e+01, 5,0000000000e-02, 7,1568000000e+03
 1500541200, 5,0000000000e+01, 2,5820000000e+01, 1,0000000000e+01, 5,2000000000e-02, 7,1576000000e+03
 1500541500, 5,0000000000e+01, 2,6000000000e+01, 1,0000000000e+01, 5,4000000000e-02, 7,1583100000e+03
 1500541800, 5,0000000000e+01, 2,4980000000e+01, 1,0000000000e+01, 5,0000000000e-02, 7,1583800000e+03
 1500542100, 5,1550000000e+01, 2,4620000000e+01, 1,0000000000e+01, 5,0000000000e-02, 7,1571266667e+03
 1500542400, 5,4450000000e+01, 2,5780000000e+01, 1,0000000000e+01, 5,6200000000e-02, 7,1579800000e+03
 1500542700, 5,0000000000e+01, 2,4000000000e+01, 1,0000000000e+01, 5,7800000000e-02, 7,1583100000e+03
 1500543000, 5,0000000000e+01, 2,4000000000e+01, 1,0000000000e+01, 5,1100000000e-02, 7,1584000000e+03
 1500543300, 5,0000000000e+01, 2,4000000000e+01, 1,0000000000e+01, 5,4900000000e-02, 7,1587100000e+03
 1500543600, 5,0000000000e+01, 2,5020000000e+01, 1,0000000000e+01, 5,0000000000e-02, 7,1593100000e+03
 1500543900, 6,8600000000e+01, 3,9020000000e+01, 1,4340000000e+01, 1,7550000000e-01, 7,2310400000e+03
 1500544200, 1,2430000000e+02, 8,1200000000e+01, 2,4880000000e+01, 3,8676000000e+00, 7,5298600000e+03
 1500544500, 2,4000000000e+02, 1,8800000000e+02, 3,2000000000e+01, 8,6751000000e+00, 7,5063800000e+03
 1500544800, 2,3545000000e+02, 1,9164000000e+02, 2,8360000000e+01, 9,5772000000e+00, 7,2987300000e+03
 1500545100, 1,0365000000e+02, 7,2720000000e+01, 1,5220000000e+01, 8,8230000000e+00, 7,3911000000e+03
 1500545400, 1,4690000000e+02, 1,0866000000e+02, 2,1220000000e+01, 1,1997900000e+01, 7,5615100000e+03
 1500545700, 2,3225000000e+02, 1,8318000000e+02, 3,0760000000e+01, 1,4270300000e+01, 7,5360400000e+03
 1500546000, 2,1225000000e+02, 1,6558000000e+02, 2,7780000000e+01, 1,6176400000e+01, 7,5672600000e+03
 1500546300, 1,9000000000e+02, 1,4600000000e+02, 2,6000000000e+01, 1,7609500000e+01, 7,5188500000e+03
 1500546600, 2,1730000000e+02, 1,6966000000e+02, 3,1460000000e+01, 1,8569400000e+01, 7,4816000000e+03
 1500546900, 2,0580000000e+02, 1,6064000000e+02, 2,7740000000e+01, 1,9126900000e+01, 7,4602200000e+03
 1500547200, 2,2040000000e+02, 1,7334000000e+02, 2,8040000000e+01, 1,9576233333e+01, 7,5417066667e+03
 1500547500, 2,3845000000e+02, 1,8876000000e+02, 2,9380000000e+01, 2,0069500000e+01, 7,4784400000e+03
 1500547800, 2,3280000000e+02, 1,8380000000e+02, 2,8440000000e+01, 2,0336100000e+01, 7,4895600000e+03
 1500548100, 2,1500000000e+02, 1,6600000000e+02, 3,2000000000e+01, 2,0587500000e+01, 7,5108200000e+03
 1500548400, 2,3320000000e+02, 1,8056000000e+02, 3,2000000000e+01, 2,0868700000e+01, 7,5503800000e+03
 1500548700, 2,2435000000e+02, 1,7774000000e+02, 2,7740000000e+01, 2,0820800000e+01, 7,5046700000e+03
 1500549000, 2,3020000000e+02, 1,8416000000e+02, 2,9060000000e+01, 2,0742700000e+01, 7,4774200000e+03
 1500549300, 2,3070000000e+02, 1,8394000000e+02, 3,0140000000e+01, 2,0946400000e+01, 7,5137900000e+03
 1500549600, 2,1275000000e+02, 1,6864000000e+02, 2,6220000000e+01, 2,0947100000e+01, 7,5316500000e+03
 1500549900, 2,3500000000e+02, 1,9000000000e+02, 2,8000000000e+01, 2,0935566667e+01, 7,4846800000e+03
 1500550200, 2,0315000000e+02, 1,5542000000e+02, 2,9820000000e+01, 2,1128600000e+01, 7,4882900000e+03
 1500550500, 2,1065000000e+02, 1,6478000000e+02, 2,8580000000e+01, 2,1166200000e+01, 7,4726200000e+03
 1500550800, 2,2010000000e+02, 1,7102000000e+02, 3,1060000000e+01, 2,1260200000e+01, 7,5012200000e+03
 1500551100, 2,2190000000e+02, 1,7138000000e+02, 3,2140000000e+01, 2,1136200000e+01, 7,5217500000e+03
 1500551400, 2,1500000000e+02, 1,6956000000e+02, 2,8660000000e+01, 2,1256000000e+01, 7,5075800000e+03
 1500551700, 2,1500000000e+02, 1,6600000000e+02, 3,4000000000e+01, 2,1266400000e+01, 7,4885500000e+03
 1500552000, 2,1955000000e+02, 1,7510000000e+02, 2,6720000000e+01, 2,1241300000e+01, 7,4740900000e+03
 1500552300, 2,2710000000e+02, 1,8168000000e+02, 2,7420000000e+01, 2,1182300000e+01, 7,5206900000e+03
 1500552600, 2,3348333333e+02, 1,8957333333e+02, 2,8000000000e+01, 2,1387866667e+01, 7,4227966667e+03
 1500552900, 2,2990000000e+02, 1,8690000000e+02, 2,6980000000e+01, 2,1349400000e+01, 7,5484000000e+03
 1500553200, 2,3120000000e+02, 1,8510000000e+02, 2,8480000000e+01, 2,1258000000e+01, 7,4918000000e+03
 1500553500, 2,4390000000e+02, 1,9200000000e+02, 3,3340000000e+01, 2,1132100000e+01, 7,4725800000e+03
 1500553800, 2,3500000000e+02, 1,9200000000e+02, 2,8000000000e+01, 2,0983100000e+01, 7,5032800000e+03
 1500554100, 2,3955000000e+02, 1,8654000000e+02, 3,3460000000e+01, 2,0131200000e+01, 7,4147200000e+03
 1500554400, 1,3350000000e+02, 8,9440000000e+01, 2,6900000000e+01, 1,5443200000e+01, 7,2039700000e+03
 1500554700, 1,3590000000e+02, 8,5700000000e+01, 3,0120000000e+01, 1,2951133333e+01, 9,6545133333e+03
 1500555000, 1,8715000000e+02, 1,3239333333e+02, 3,2186666667e+01, 1,6934933333e+01, 1,2126883333e+04
 1500555300, 1,9650000000e+02, 1,4780000000e+02, 2,7400000000e+01, 2,1961633333e+01, 1,1860156667e+04
 1500555600, 2,0310000000e+02, 1,5530666667e+02, 2,6000000000e+01, 2,5072066667e+01, 1,1316700000e+04
 1500555900, 2,3000000000e+02, 1,8400000000e+02, 2,6000000000e+01, 2,7031666667e+01, 1,2545326667e+04
 1500556200, 2,3441666667e+02, 1,8753333333e+02, 2,6000000000e+01, 2,8472066667e+01, 1,3491203333e+04
 1500556500, 2,3500000000e+02, 1,8800000000e+02, 2,6000000000e+01, 2,9521966667e+01, 1,3658790000e+04
 1500556800, 2,3248333333e+02, 1,8800000000e+02, 2,6000000000e+01, 3,0291766667e+01, 1,4034896667e+04
 1500557100, 2,3000000000e+02, 1,8739333333e+02, 2,6000000000e+01, 3,0822300000e+01, 1,4380810000e+04
 1500557400, 2,3000000000e+02, 1,8600000000e+02, 2,6000000000e+01, 3,1159000000e+01, 1,4416850000e+04
 1500557700, 2,3000000000e+02, 1,8600000000e+02, 2,6000000000e+01, 3,1414500000e+01, 1,4446296667e+04
 1500558000, 2,3000000000e+02, 1,8600000000e+02, 2,6000000000e+01, 3,1598533333e+01, 1,4444503333e+04
 1500558300, 2,3000000000e+02, 1,8600000000e+02, 2,6000000000e+01, 3,1731366667e+01, 1,4445103333e+04
 1500558600, 2,3000000000e+02, 1,8600000000e+02, 2,6000000000e+01, 3,1829300000e+01, 1,4447723333e+04
 1500558900, 2,3000000000e+02, 1,8600000000e+02, 2,6000000000e+01, 3,1896200000e+01, 1,4447083333e+04
 1500559200, 2,3000000000e+02, 1,8600000000e+02, 2,6000000000e+01, 3,1948100000e+01, 1,4448193333e+04
 1500559500, 2,3000000000e+02, 1,8600000000e+02, 2,6000000000e+01, 3,1994100000e+01, 1,4447316667e+04
 1500559800, 2,3000000000e+02, 1,8600000000e+02, 2,6000000000e+01, 3,2055233333e+01, 1,4450226667e+04
 1500560100, 2,3000000000e+02, 1,8600000000e+02, 2,6000000000e+01, 3,2128333333e+01, 1,4458743333e+04
 1500560400, 2,3250000000e+02, 1,8600000000e+02, 2,7000000000e+01, 3,2219100000e+01, 1,4478183333e+04
 1500560700, 2,3500000000e+02, 1,8600000000e+02, 2,8606666667e+01, 3,2245066667e+01, 1,4446820000e+04
 1500561000, 2,3545000000e+02, 1,8600000000e+02, 3,0000000000e+01, 3,2410466667e+01, 1,4370230000e+04
 1500561300, 2,4000000000e+02, 1,8600000000e+02, 3,0000000000e+01, 3,2823633333e+01, 1,4562800000e+04
 1500561600, 2,1725000000e+02, 1,6962000000e+02, 2,6360000000e+01, 3,3337733333e+01, 1,4767036667e+04
 1500561900, 1,5578333333e+02, 1,1087333333e+02, 2,4606666667e+01, 3,3737333333e+01, 1,4873880000e+04
 1500562200, 1,4785000000e+02, 1,0130000000e+02, 2,6040000000e+01, 3,4004500000e+01, 1,4973436667e+04
 1500562500, 1,4470000000e+02, 9,7440000000e+01, 2,6840000000e+01, 3,4151000000e+01, 1,4970273333e+04
 1500562800, 9,5000000000e+01, 5,2000000000e+01, 2,4000000000e+01, 3,4305866667e+01, 1,5038500000e+04
 1500563100, 9,5000000000e+01, 5,2000000000e+01, 2,4000000000e+01, 3,4409200000e+01, 1,4952960000e+04
 1500563400, 9,5000000000e+01, 5,2000000000e+01, 2,4000000000e+01, 3,4456833333e+01, 1,4984140000e+04
 1500563700, 9,5000000000e+01, 5,2000000000e+01, 2,4000000000e+01, 3,4494366667e+01, 1,5074063333e+04
 1500564000, 1,6653333333e+02, 1,1514666667e+02, 3,0906666667e+01, 3,4530933333e+01, 1,4979590000e+04
 1500564300, 1,9846666667e+02, 1,4262000000e+02, 3,3846666667e+01, 3,4520000000e+01, 1,4978193333e+04
 1500564600, 1,1353333333e+02, 6,5760000000e+01, 2,5680000000e+01, 3,4437133333e+01, 1,5075426667e+04
 1500564900, 2,4500000000e+02, 1,8000000000e+02, 4,2000000000e+01, 3,4450033333e+01, 1,4987383333e+04
 1500565200, 9,7050000000e+01, 5,2673333333e+01, 2,4066666667e+01, 3,4456100000e+01, 1,4850863333e+04
 1500565500, 1,1135000000e+02, 6,4473333333e+01, 2,3393333333e+01, 3,4448700000e+01, 1,4951866667e+04
 1500565800, 1,1755000000e+02, 7,1033333333e+01, 2,4000000000e+01, 3,4717066667e+01, 1,4958496667e+04
 1500566100, 1,2863333333e+02, 8,4346666667e+01, 2,4573333333e+01, 3,5191466667e+01, 1,4815980000e+04
 1500566400, 1,6893333333e+02, 1,2402666667e+02, 2,5813333333e+01, 3,5282733333e+01, 1,4831626667e+04
 1500566700, 1,1000000000e+02, 6,6000000000e+01, 2,4000000000e+01, 3,5282000000e+01, 1,4941156667e+04
 1500567000, 1,4161666667e+02, 9,4906666667e+01, 2,7613333333e+01, 3,5332033333e+01, 1,4776773333e+04
 1500567300, 1,2766666667e+02, 8,1360000000e+01, 2,5226666667e+01, 3,5400700000e+01, 1,4878170000e+04
 1500567600, 1,2745000000e+02, 7,9960000000e+01, 2,4000000000e+01, 3,5418066667e+01, 1,4823530000e+04
 1500567900, 1,3945000000e+02, 9,0746666667e+01, 2,5186666667e+01, 3,5425866667e+01, 1,4690223333e+04
 1500568200, 1,5160000000e+02, 1,0328000000e+02, 2,8213333333e+01, 3,5496933333e+01, 1,4558996667e+04
 1500568500, 1,6500000000e+02, 1,1400000000e+02, 3,0000000000e+01, 3,5496133333e+01, 1,4526230000e+04
 1500568800, 2,1413333333e+02, 1,4080000000e+02, 5,1440000000e+01, 3,5491533333e+01, 1,4458296667e+04
 1500569100, 2,0945000000e+02, 1,5384666667e+02, 3,4306666667e+01, 3,5435566667e+01, 1,4045826667e+04
 1500569400, 2,2705000000e+02, 1,7270000000e+02, 3,0900000000e+01, 3,5185766667e+01, 1,3580573333e+04
 1500569700, 2,4720000000e+02, 1,8856000000e+02, 3,4320000000e+01, 3,4896266667e+01, 1,3682910000e+04
 1500570000, 2,3946666667e+02, 1,8936000000e+02, 2,9573333333e+01, 3,4634633333e+01, 1,3410503333e+04
 1500570300, 2,3500000000e+02, 1,8400000000e+02, 2,6000000000e+01, 3,4118800000e+01, 1,3884380000e+04
 1500570600, 2,3500000000e+02, 1,8762666667e+02, 2,9626666667e+01, 3,3590200000e+01, 1,3874936667e+04
 1500570900, 2,2793333333e+02, 1,8376000000e+02, 2,7173333333e+01, 3,2998533333e+01, 1,3677333333e+04
 1500571200, 2,2500000000e+02, 1,8098666667e+02, 2,6000000000e+01, 3,2193333333e+01, 1,3858986667e+04
 1500571500, 2,2500000000e+02, 1,8000000000e+02, 2,6000000000e+01, 3,1596666667e+01, 1,3882693333e+04
 1500571800, 2,2553333333e+02, 1,8021333333e+02, 2,6213333333e+01, 3,1177133333e+01, 1,3892773333e+04
 1500572100, 2,3000000000e+02, 1,8200000000e+02, 2,8000000000e+01, 3,0926800000e+01, 1,3905080000e+04
 1500572400, 2,3000000000e+02, 1,8200000000e+02, 2,8000000000e+01, 3,0768233333e+01, 1,3911103333e+04
 1500572700, 2,3000000000e+02, 1,8200000000e+02, 2,8000000000e+01, 3,0671733333e+01, 1,3792600000e+04
 1500573000, 2,3000000000e+02, 1,8200000000e+02, 2,8000000000e+01, 3,0489533333e+01, 1,3657200000e+04
 1500573300, 2,2846666667e+02, 1,8016000000e+02, 2,7386666667e+01, 3,0295733333e+01, 1,3513826667e+04
 1500573600, 2,2596666667e+02, 1,7638666667e+02, 2,6580000000e+01, 3,0092500000e+01, 1,3486120000e+04
 1500573900, 2,3500000000e+02, 1,8000000000e+02, 3,2000000000e+01, 2,9940933333e+01, 1,3458180000e+04
 1500574200, 2,2593333333e+02, 1,7637333333e+02, 2,8373333333e+01, 2,9839966667e+01, 1,3296823333e+04
 1500574500, 2,3203333333e+02, 1,7740666667e+02, 3,0813333333e+01, 2,9660833333e+01, 1,3258773333e+04
 1500574800, 2,1016666667e+02, 1,5614666667e+02, 2,9020000000e+01, 2,9559633333e+01, 1,3075310000e+04
 1500575100, 1,9805000000e+02, 1,4444000000e+02, 3,0060000000e+01, 2,9149900000e+01, 1,3082490000e+04
 1500575400, 2,2125000000e+02, 1,6250000000e+02, 3,8666666667e+01, 2,8706200000e+01, 1,3051283333e+04
 1500575700, 1,2500000000e+02, 8,0000000000e+01, 2,4000000000e+01, 2,8358700000e+01, 1,3172456667e+04
 1500576000, 1,8683333333e+02, 1,3123333333e+02, 3,2833333333e+01, 2,8217266667e+01, 1,3215786667e+04
 1500576300, 1,1910000000e+02, 7,1760000000e+01, 2,7100000000e+01, 2,8093766667e+01, 1,3142526667e+04
 1500576600, 9,7133333333e+01, 5,4133333333e+01, 2,2786666667e+01, 2,8006666667e+01, 1,2710990000e+04
 1500576900, 1,0996666667e+02, 6,4980000000e+01, 2,2993333333e+01, 2,7747466667e+01, 1,2746633333e+04
 1500577200, 1,0920000000e+02, 6,2780000000e+01, 2,4000000000e+01, 2,7355633333e+01, 1,2697816667e+04
 1500577500, 1,0611666667e+02, 5,9280000000e+01, 2,5740000000e+01, 2,6944300000e+01, 1,2603906667e+04
 1500577800, 2,1000000000e+02, 1,4600000000e+02, 4,2000000000e+01, 2,6607166667e+01, 1,2441560000e+04
 1500578100, 9,3866666667e+01, 4,7733333333e+01, 2,4133333333e+01, 2,6067166667e+01, 1,2453470000e+04
 1500578400, 9,3733333333e+01, 4,2866666667e+01, 2,7493333333e+01, 2,5627200000e+01, 1,2395993333e+04
 1500578700, 9,0133333333e+01, 4,2053333333e+01, 2,6053333333e+01, 2,5329733333e+01, 1,2533746667e+04
 1500579000, 8,1433333333e+01, 3,8000000000e+01, 2,2000000000e+01, 2,5145200000e+01, 1,2509483333e+04
 1500579300, 8,5000000000e+01, 3,8000000000e+01, 2,2180000000e+01, 2,4970300000e+01, 1,2538686667e+04
 1500579600, 8,5000000000e+01, 3,8000000000e+01, 2,4000000000e+01, 2,4834900000e+01, 1,2626450000e+04
 1500579900, 8,9500000000e+01, 4,3400000000e+01, 2,4000000000e+01, 2,4764833333e+01, 1,2433576667e+04
 1500580200, 9,6933333333e+01, 5,0933333333e+01, 2,5386666667e+01, 2,4700900000e+01, 1,2078983333e+04
 1500580500, 1,0250000000e+02, 5,6000000000e+01, 2,5000000000e+01, 2,4209866667e+01, 1,1257136667e+04
 1500580800, 1,0796666667e+02, 6,1560000000e+01, 2,4593333333e+01, 2,2682500000e+01, 1,0345520000e+04
 1500581100, 1,2191666667e+02, 7,5533333333e+01, 2,6553333333e+01, 2,1274533333e+01, 1,0552950000e+04
 1500581400, 1,3775000000e+02, 8,8200000000e+01, 2,7640000000e+01, 1,9301233333e+01, 9,6539533333e+03
 1500581700, 1,1500000000e+02, 7,0000000000e+01, 2,4000000000e+01, 1,6755800000e+01, 9,8728800000e+03
 1500582000, 1,0210000000e+02, 5,7960000000e+01, 2,4000000000e+01, 1,4230700000e+01, 2,1520546667e+04
 1500582300, 2,0901666667e+02, 1,4602666667e+02, 4,3693333333e+01, 1,7419666667e+01, 4,0259500000e+04
 1500582600, 2,5500000000e+02, 1,8500000000e+02, 5,2000000000e+01, 2,1655000000e+01, 4,0994800000e+04
 1500582900, 2,5648333333e+02, 1,8600000000e+02, 5,2000000000e+01, 2,4671866667e+01, 4,1035583333e+04
 1500583200, 2,6000000000e+02, 1,8600000000e+02, 5,2000000000e+01, 2,6886766667e+01, 4,1032056667e+04
 1500583500, 2,6000000000e+02, 1,8600000000e+02, 5,2000000000e+01, 2,8466333333e+01, 4,1589866667e+04
 1500583800, 2,5551666667e+02, 1,8420666667e+02, 5,2000000000e+01, 2,9582966667e+01, 4,1418380000e+04
 1500584100, 2,5500000000e+02, 1,8400000000e+02, 5,0600000000e+01, 3,0428000000e+01, 4,1749556667e+04
 1500584400, 2,5500000000e+02, 1,8400000000e+02, 5,0993333333e+01, 3,0992966667e+01, 4,2251116667e+04
 1500584700, 2,5500000000e+02, 1,8400000000e+02, 5,2000000000e+01, 3,1466266667e+01, 4,2471310000e+04
 1500585000, 2,5500000000e+02, 1,8400000000e+02, 5,2000000000e+01, 3,1818833333e+01, 4,2486553333e+04
 1500585300, 2,5500000000e+02, 1,8400000000e+02, 5,2000000000e+01, 3,2082966667e+01, 4,3810746667e+04
 1500585600, 2,5500000000e+02, 1,8400000000e+02, 5,2000000000e+01, 3,2239933333e+01, 4,4434146667e+04
 1500585900, 2,5500000000e+02, 1,8540000000e+02, 5,2000000000e+01, 3,2347966667e+01, 4,4479383333e+04
 1500586200, 2,5500000000e+02, 1,8600000000e+02, 5,2000000000e+01, 3,2474066667e+01, 4,4583970000e+04
 1500586500, 2,5500000000e+02, 1,8540000000e+02, 5,2000000000e+01, 3,2565100000e+01, 4,4957353333e+04
 1500586800, 2,5500000000e+02, 1,8400000000e+02, 5,2000000000e+01, 3,2635866667e+01, 4,4767826667e+04
 1500587100, 2,5500000000e+02, 1,8400000000e+02, 5,2000000000e+01, 3,2591000000e+01, 4,4920360000e+04
 1500587400, 2,5500000000e+02, 1,8580666667e+02, 5,2000000000e+01, 3,2588133333e+01, 4,4914480000e+04
 1500587700, 2,5500000000e+02, 1,8460666667e+02, 5,2000000000e+01, 3,2606933333e+01, 4,5061996667e+04
 1500588000, 2,5500000000e+02, 1,8400000000e+02, 5,1006666667e+01, 3,2646866667e+01, 4,5286090000e+04
 1500588300, 2,5500000000e+02, 1,8339333333e+02, 5,0606666667e+01, 3,2670033333e+01, 4,5613500000e+04
 1500588600, 2,5500000000e+02, 1,8220000000e+02, 5,2000000000e+01, 3,2711033333e+01, 4,5767746667e+04
 1500588900, 2,5500000000e+02, 1,8400000000e+02, 5,2000000000e+01, 3,2748133333e+01, 4,5712890000e+04
 1500589200, 2,5500000000e+02, 1,8400000000e+02, 5,0200000000e+01, 3,2712833333e+01, 4,5448866667e+04
 1500589500, 2,5851666667e+02, 1,8822000000e+02, 4,8593333333e+01, 3,2809866667e+01, 4,5007693333e+04
 1500589800, 2,4993333333e+02, 1,7993333333e+02, 4,8000000000e+01, 3,0232100000e+01, 2,0559170000e+04
 1500590100, 1,9146666667e+02, 1,2996000000e+02, 4,0113333333e+01, 2,3198866667e+01, 7,0631333333e+03
 1500590400, 8,0000000000e+01, 3,8000000000e+01, 2,2206666667e+01, 1,7832400000e+01, 6,9533533333e+03
 1500590700, 8,0000000000e+01, 3,8000000000e+01, 2,4000000000e+01, 1,4456033333e+01, 7,2846733333e+03
 1500591000, 1,3871666667e+02, 9,7620000000e+01, 2,4000000000e+01, 1,2671966667e+01, 3,8197906667e+04
 1500591300, 1,4851666667e+02, 1,0681333333e+02, 2,4000000000e+01, 1,1384400000e+01, 4,1982103333e+04
 1500591600, 1,5000000000e+02, 1,0900666667e+02, 2,4000000000e+01, 1,0458366667e+01, 4,1986930000e+04
 1500591900, 1,5000000000e+02, 1,1000000000e+02, 2,4000000000e+01, 9,7820666667e+00, 4,1991606667e+04
 1500592200, 1,5000000000e+02, 1,0979333333e+02, 2,4000000000e+01, 9,2936333333e+00, 4,1993606667e+04
 1500592500, 1,5000000000e+02, 1,0800000000e+02, 2,4000000000e+01, 8,9410000000e+00, 4,1993703333e+04
 1500592800, 1,4548333333e+02, 1,0077333333e+02, 2,4000000000e+01, 8,6308000000e+00, 4,6133600000e+04
 1500593100, 1,5555000000e+02, 1,0844000000e+02, 2,5406666667e+01, 8,0823666667e+00, 5,2120123333e+04
 1500593400, 1,6000000000e+02, 1,1200000000e+02, 2,6000000000e+01, 7,3820666667e+00, 5,2144103333e+04
 1500593700, 1,6000000000e+02, 1,1260666667e+02, 2,6000000000e+01, 6,8146000000e+00, 5,2144400000e+04
 1500594000, 1,6000000000e+02, 1,1379333333e+02, 2,6000000000e+01, 6,4642333333e+00, 5,2144303333e+04
 1500594300, 1,6000000000e+02, 1,1200000000e+02, 2,6000000000e+01, 6,3370666667e+00, 5,2044696667e+04
 1500594600, 1,5548333333e+02, 1,1200000000e+02, 2,6000000000e+01, 6,0577333333e+00, 5,2145400000e+04
 1500594900, 1,5500000000e+02, 1,1200000000e+02, 2,6000000000e+01, 6,0234666667e+00, 5,2097510000e+04
 1500595200, 1,5500000000e+02, 1,1200000000e+02, 2,6000000000e+01, 5,8074000000e+00, 5,2144703333e+04
 1500595500, 1,5500000000e+02, 1,1200000000e+02, 2,6000000000e+01, 5,7595666667e+00, 4,8098756667e+04
 1500595800, 1,4666666667e+02, 1,0483333333e+02, 2,4666666667e+01, 5,1801333333e+00, 7,4904666667e+03
 1500596100, 5,5000000000e+01, 2,6000000000e+01, 1,0000000000e+01, 3,7929666667e+00, 6,9008000000e+03
 1500596400, 5,0483333333e+01, 2,6000000000e+01, 1,0000000000e+01, 2,7510666667e+00, 6,9014000000e+03
 1500596700, 5,0000000000e+01, 2,6000000000e+01, 1,0000000000e+01, 2,0018666667e+00, 6,9019033333e+03
 1500597000, 5,0000000000e+01, 2,6000000000e+01, 1,0000000000e+01, 1,4695000000e+00, 6,9028066667e+03
 1500597300, 5,0000000000e+01, 2,6000000000e+01, 1,0000000000e+01, 1,0789333333e+00, 6,9036000000e+03
 1500597600, 5,0516666667e+01, 2,6000000000e+01, 1,0000000000e+01, 7,9720000000e-01, 6,9031033333e+03
 1500597900, 5,5000000000e+01, 2,6000000000e+01, 1,0000000000e+01, 6,0043333333e-01, 6,9031033333e+03
 1500598200, 5,9433333333e+01, 2,9546666667e+01, 1,3546666667e+01, 4,4716666667e-01, 6,9022566667e+03
 1500598500, 5,6483333333e+01, 2,7186666667e+01, 1,1186666667e+01, 3,3766666667e-01, 6,9012066667e+03
 1500598800, 5,2483333333e+01, 2,6000000000e+01, 1,0000000000e+01, 2,5173333333e-01, 6,9011933333e+03
 1500599100, 5,0000000000e+01, 2,5393333333e+01, 1,0000000000e+01, 1,8986666667e-01, 6,9011033333e+03
 1500599400, 5,1400000000e+01, 2,4560000000e+01, 1,0000000000e+01, 1,5443333333e-01, 6,9019733333e+03
 1500599700, 5,4483333333e+01, 2,5793333333e+01, 1,0000000000e+01, 1,3610000000e-01, 6,9017500000e+03
 1500600000, 5,0000000000e+01, 2,4000000000e+01, 1,0000000000e+01, 1,3600000000e-01, 6,9026000000e+03
 1500600300, 5,4516666667e+01, 2,5806666667e+01, 1,0000000000e+01, 1,1690000000e-01, 6,9020000000e+03
 1500600600, 5,5000000000e+01, 2,4593333333e+01, 1,1406666667e+01, 9,4966666667e-02, 6,9022933333e+03
 1500600900, 5,2483333333e+01, 2,4000000000e+01, 1,0993333333e+01, 7,3933333333e-02, 6,9030000000e+03
 1500601200, 5,0000000000e+01, 2,4000000000e+01, 1,0000000000e+01, 5,9933333333e-02, 6,9020966667e+03
 1500601500, 5,0000000000e+01, 2,4206666667e+01, 1,0000000000e+01, 5,0000000000e-02, 6,9018000000e+03
 1500601800, 5,0000000000e+01, 2,6000000000e+01, 1,0000000000e+01, 5,6000000000e-02, 6,9025033333e+03
 1500602100, 5,0000000000e+01, 2,6000000000e+01, 1,0000000000e+01, 5,1033333333e-02, 6,9016966667e+03
 1500602400, 5,0000000000e+01, 2,4593333333e+01, 1,0000000000e+01, 5,0966666667e-02, 6,9020000000e+03
 1500602700, 5,2400000000e+01, 2,4960000000e+01, 1,0960000000e+01, 5,0000000000e-02, 6,9019500000e+03
 1500603000, 5,3483333333e+01, 2,6000000000e+01, 1,1393333333e+01, 5,0000000000e-02, 6,9024966667e+03
 1500603300, 5,0000000000e+01, 2,5793333333e+01, 1,0000000000e+01, 5,0000000000e-02, 6,9022066667e+03
 1500603600, 5,0000000000e+01, 2,4000000000e+01, 1,0000000000e+01, 5,4000000000e-02, 6,9023933333e+03
 1500603900, 5,0000000000e+01, 2,5806666667e+01, 1,0000000000e+01, 5,0000000000e-02, 6,9023000000e+03
 1500604200, 5,0000000000e+01, 2,4593333333e+01, 1,0000000000e+01, 5,0000000000e-02, 6,9023033333e+03
 1500604500, 5,0000000000e+01, 2,5006666667e+01, 1,0000000000e+01, 5,0000000000e-02, 6,9027033333e+03
 1500604800, 5,0000000000e+01, 2,5393333333e+01, 1,0000000000e+01, 5,0000000000e-02, 6,9019933333e+03
 1500605100, 5,0000000000e+01, 2,4206666667e+01, 1,0000000000e+01, 5,6000000000e-02, 6,9021033333e+03
 1500605400, 5,0000000000e+01, 2,6000000000e+01, 1,0000000000e+01, 5,2000000000e-02, 6,9025033333e+03
 1500605700, 5,0000000000e+01, 2,4193333333e+01, 1,0000000000e+01, 6,3033333333e-02, 6,9028400000e+03
 1500606000, 5,0000000000e+01, 2,4000000000e+01, 1,0000000000e+01, 6,4000000000e-02, 6,9026966667e+03
 1500606300, 5,0000000000e+01, 2,4000000000e+01, 1,0000000000e+01, 5,2966666667e-02, 6,9024000000e+03
 1500606600, 5,3033333333e+01, 2,5213333333e+01, 1,0606666667e+01, 5,3033333333e-02, 6,9024966667e+03
 1500606900, 5,8966666667e+01, 2,7586666667e+01, 1,1793333333e+01, 5,6833333333e-02, 6,9019033333e+03
 1500607200, 5,0433333333e+01, 2,4173333333e+01, 1,0000000000e+01, 5,3900000000e-02, 6,9023033333e+03
 1500607500, 5,5000000000e+01, 2,6000000000e+01, 1,0000000000e+01, 5,7933333333e-02, 6,9030000000e+03
 1500607800, 5,0483333333e+01, 2,4193333333e+01, 1,0000000000e+01, 5,1033333333e-02, 6,9033033333e+03
 1500608100, 5,0000000000e+01, 2,4000000000e+01, 1,0000000000e+01, 6,4000000000e-02, 6,9032966667e+03
 1500608400, 5,0000000000e+01, 2,4000000000e+01, 1,0000000000e+01, 6,4000000000e-02, 6,9033033333e+03
 1500608700, 5,0000000000e+01, 2,4000000000e+01, 1,0000000000e+01, 5,0966666667e-02, 6,9030966667e+03
 1500609000, 5,0000000000e+01, 2,4206666667e+01, 1,0000000000e+01, 5,4000000000e-02, 6,9035033333e+03
 1500609300, 5,0000000000e+01, 2,6000000000e+01, 1,0000000000e+01, 5,0000000000e-02, 6,9038966667e+03
 1500609600, 5,0000000000e+01, 2,6000000000e+01, 1,0000000000e+01, 5,5033333333e-02, 6,9028966667e+03
 1500609900, 5,0000000000e+01, 2,6000000000e+01, 1,0000000000e+01, 5,0966666667e-02, 6,9024066667e+03
 1500610200, 5,0000000000e+01, 2,6000000000e+01, 1,0000000000e+01, 5,2000000000e-02, 6,9026000000e+03
 1500610500, 5,0000000000e+01, 2,5393333333e+01, 1,0000000000e+01, 5,1033333333e-02, 6,9029033333e+03
 1500610800, 5,0000000000e+01, 2,4000000000e+01, 1,0000000000e+01, 5,8966666667e-02, 6,9022000000e+03
 1500611100, 5,0000000000e+01, 2,4000000000e+01, 1,0000000000e+01, 5,0000000000e-02, 6,9034000000e+03
 1500611400, 5,0000000000e+01, 2,5806666667e+01, 1,0000000000e+01, 5,0000000000e-02, 6,9035033333e+03
 1500611700, 5,0000000000e+01, 2,4593333333e+01, 1,0000000000e+01, 5,1033333333e-02, 6,9026000000e+03
 1500612000, 5,0000000000e+01, 2,5006666667e+01, 1,0000000000e+01, 6,5033333333e-02, 6,9039033333e+03
 1500612300, 5,0000000000e+01, 2,5393333333e+01, 1,0000000000e+01, 6,1933333333e-02, 6,9038000000e+03
 1500612600, 5,0000000000e+01, 2,4206666667e+01, 1,0000000000e+01, 6,8066666667e-02, 6,9023800000e+03
 1500612900, 5,0000000000e+01, 2,6000000000e+01, 1,0000000000e+01, 6,6966666667e-02, 6,9025033333e+03
 1500613200, 5,0000000000e+01, 2,6000000000e+01, 1,0000000000e+01, 5,4966666667e-02, 6,9010900000e+03
 1500613500, 5,0000000000e+01, 2,4593333333e+01, 1,0000000000e+01, 5,0000000000e-02, 6,9020066667e+03
 1500613800, 5,0000000000e+01, 2,4000000000e+01, 1,0000000000e+01, 5,0000000000e-02, 6,9025033333e+03
 1500614100, 5,0000000000e+01, 2,4000000000e+01, 1,0000000000e+01, 6,0133333333e-02, 6,9022000000e+03
 1500614400, 5,0000000000e+01, 2,4000000000e+01, 1,0000000000e+01, 9,9033333333e-02, 6,9026000000e+03
 1500614700, 5,0000000000e+01, 2,4000000000e+01, 1,0000000000e+01, 9,4966666667e-02, 6,9022966667e+03
 1500615000, 5,0000000000e+01, 2,4000000000e+01, 1,0000000000e+01, 7,9933333333e-02, 6,9021033333e+03
 1500615300, 5,0000000000e+01, 2,4000000000e+01, 1,0000000000e+01, 5,7933333333e-02, 6,9035033333e+03
 1500615600, 5,0000000000e+01, 2,5006666667e+01, 1,0000000000e+01, 5,0000000000e-02, 6,9038000000e+03
 1500615900, 5,0000000000e+01, 2,5393333333e+01, 1,0000000000e+01, 5,1033333333e-02, 6,9022966667e+03
 1500616200, 5,0000000000e+01, 2,4000000000e+01, 1,0000000000e+01, 6,3033333333e-02, 6,9027033333e+03
 1500616500, 5,0000000000e+01, 2,4000000000e+01, 1,0000000000e+01, 6,5933333333e-02, 6,9028966667e+03
 1500616800, 5,0000000000e+01, 2,4000000000e+01, 1,0000000000e+01, 5,3033333333e-02, 6,9031166667e+03
 1500617100, 5,0000000000e+01, 2,4000000000e+01, 1,0000000000e+01, 6,8000000000e-02, 6,9040833333e+03
 1500617400, 5,0000000000e+01, 2,5006666667e+01, 1,0000000000e+01, 6,6000000000e-02, 6,9040066667e+03
 1500617700, 5,0000000000e+01, 2,5393333333e+01, 1,0000000000e+01, 5,2966666667e-02, 6,9044000000e+03
 1500618000, 5,0000000000e+01, 2,4206666667e+01, 1,0000000000e+01, 5,0000000000e-02, 6,9046966667e+03
 1500618300, 5,0000000000e+01, 2,6000000000e+01, 1,0000000000e+01, 6,5100000000e-02, 6,9048000000e+03
 1500618600, 5,0000000000e+01, 2,4193333333e+01, 1,0000000000e+01, 8,2966666667e-02, 6,9052066667e+03
 1500618900, 5,0000000000e+01, 2,4000000000e+01, 1,0000000000e+01, 7,0000000000e-02, 6,9040966667e+03
 1500619200, 5,0000000000e+01, 2,4000000000e+01, 1,0000000000e+01, 5,5933333333e-02, 6,9040000000e+03
 1500619500, 5,0000000000e+01, 2,4606666667e+01, 1,0000000000e+01, 5,0000000000e-02, 6,9032966667e+03
 1500619800, 5,0000000000e+01, 2,5793333333e+01, 1,0000000000e+01, 6,3033333333e-02, 6,9041033333e+03
 1500620100, 5,0000000000e+01, 2,4000000000e+01, 1,0000000000e+01, 5,2966666667e-02, 6,9038966667e+03
 1500620400, 5,0000000000e+01, 2,4000000000e+01, 1,0000000000e+01, 5,3033333333e-02, 6,9045100000e+03
 1500620700, 5,0000000000e+01, 2,5406666667e+01, 1,0000000000e+01, 5,2966666667e-02, 6,9048966667e+03
 1500621000, 5,0000000000e+01, 2,4993333333e+01, 1,0000000000e+01, 5,0000000000e-02, 6,9054966667e+03
 1500621300, 5,3033333333e+01, 2,5213333333e+01, 1,0606666667e+01, 5,2000000000e-02, 6,9052000000e+03
 1500621600, 5,8966666667e+01, 2,7586666667e+01, 1,1793333333e+01, 5,0000000000e-02, 6,9047033333e+03
 1500621900, 5,0000000000e+01, 2,4000000000e+01, 1,0000000000e+01, 5,0000000000e-02, 6,9057033333e+03
 1500622200, 5,0000000000e+01, 2,4000000000e+01, 1,0000000000e+01, 5,1033333333e-02, 6,9058000000e+03
 1500622500, 5,0000000000e+01, 2,4000000000e+01, 1,0000000000e+01, 6,5033333333e-02, 6,9067033333e+03
 1500622800, 5,0000000000e+01, 2,4000000000e+01, 1,0000000000e+01, 5,7933333333e-02, -nan
 1500623100, 5,0000000000e+01, 2,4606666667e+01, 1,0000000000e+01, 7,6133333333e-02, -nan
 1500623400, 5,0000000000e+01, 2,5793333333e+01, 1,0000000000e+01, 8,1933333333e-02, -nan
 1500623700, 5,0000000000e+01, 2,4000000000e+01, 1,0000000000e+01, 6,6966666667e-02, -nan
 1500624000, 5,0000000000e+01, 2,4000000000e+01, 1,0000000000e+01, -nan, -nan
 1500624300, -nan, 2,4000000000e+01, 1,0000000000e+01, -nan, -nan
 1500624600, -nan, 2,5006666667e+01, 1,0000000000e+01, -nan, -nan
 1500624900, -nan, 2,6000000000e+01, 1,0000000000e+01, -nan, -nan
 1500625200, -nan, 2,6000000000e+01, 1,0000000000e+01, -nan, -nan
 1500625500, -nan, 2,6000000000e+01, 1,0000000000e+01, -nan, -nan
 1500625800, -nan, 2,6000000000e+01, 1,0000000000e+01, -nan, -nan
 1500626100, -nan, 2,6000000000e+01, 1,0000000000e+01, -nan, -nan
 1500626400, -nan, 2,4993333333e+01, 1,0000000000e+01, -nan, -nan
 1500626700, -nan, -nan, -nan, -nan, -nan
 1500627000, -nan, -nan, -nan, -nan, -nan
 1500627300, -nan, -nan, -nan, -nan, -nan
