 Time, ttl_pwr, cpu_pwr, mem_pwr, cpu_load, mem_load
 1500620520, 5,5000000000e+01, 2,6000000000e+01, 1,2000000000e+01, 6,4666666667e-02, 7,1510000000e+03
 1500620580, 5,5000000000e+01, 2,6000000000e+01, 1,2000000000e+01, 6,0000000000e-02, 7,1504666667e+03
 1500620640, 5,5000000000e+01, 2,6000000000e+01, 1,2000000000e+01, 5,4666666667e-02, 7,1500000000e+03
 1500620700, 5,5000000000e+01, 2,6000000000e+01, 1,2000000000e+01, 5,0000000000e-02, 7,1500000000e+03
 1500620760, 5,5000000000e+01, 2,6000000000e+01, 1,2000000000e+01, 5,0000000000e-02, 7,1521333333e+03
 1500620820, 5,5000000000e+01, 2,6000000000e+01, 1,2000000000e+01, 5,0000000000e-02, 7,1524000000e+03
 1500620880, 5,5000000000e+01, 2,6000000000e+01, 1,2000000000e+01, 5,0000000000e-02, 7,1510000000e+03
 1500620940, 5,5000000000e+01, 2,6000000000e+01, 1,2000000000e+01, 5,0000000000e-02, 7,1510000000e+03
 1500621000, 5,5000000000e+01, 2,6000000000e+01, 1,2000000000e+01, 5,0000000000e-02, 7,1499333333e+03
 1500621060, 5,5000000000e+01, 2,6000000000e+01, 1,2000000000e+01, 5,0000000000e-02, 7,1515833333e+03
 1500621120, 5,5000000000e+01, 2,6000000000e+01, 1,2000000000e+01, 5,0000000000e-02, 7,1524000000e+03
 1500621180, 5,5000000000e+01, 2,6000000000e+01, 1,2000000000e+01, 5,0000000000e-02, 7,1510000000e+03
 1500621240, 5,5000000000e+01, 2,6000000000e+01, 1,2000000000e+01, 5,0000000000e-02, 7,1515333333e+03
 1500621300, 5,5000000000e+01, 2,6000000000e+01, 1,2000000000e+01, 5,0000000000e-02, 7,1520000000e+03
 1500621360, 5,5000000000e+01, 2,6000000000e+01, 1,2000000000e+01, 5,0000000000e-02, 7,1536000000e+03
 1500621420, 5,5000000000e+01, 2,6000000000e+01, 1,2000000000e+01, 5,0000000000e-02, 7,1534000000e+03
 1500621480, 5,5000000000e+01, 2,6000000000e+01, 1,2000000000e+01, 5,0000000000e-02, 7,1520000000e+03
 1500621540, 5,5000000000e+01, 2,6000000000e+01, 1,2000000000e+01, 5,0000000000e-02, 7,1514666667e+03
 1500621600, 5,5000000000e+01, 2,6000000000e+01, 1,2000000000e+01, 5,0000000000e-02, 7,1510000000e+03
 1500621660, 5,5000000000e+01, 2,6000000000e+01, -nan, 5,5333333333e-02, 7,1531333333e+03
 1500621720, 5,5000000000e+01, 2,6000000000e+01, -nan, 6,5333333333e-02, 7,1534000000e+03
 1500621780, 5,5000000000e+01, 2,6000000000e+01, -nan, 6,4666666667e-02, 7,1514666667e+03
 1500621840, 5,5000000000e+01, 2,6000000000e+01, -nan, 6,0000000000e-02, 7,1510000000e+03
 1500621900, 5,5000000000e+01, 2,6000000000e+01, -nan, 7,0666666667e-02, 7,1510000000e+03
 1500621960, 5,5000000000e+01, 2,6000000000e+01, -nan, 8,0000000000e-02, 7,1536666667e+03
 1500622020, 5,5000000000e+01, 2,6000000000e+01, -nan, 8,0000000000e-02, 7,1533333333e+03
 1500622080, 5,5000000000e+01, 2,6000000000e+01, -nan, 7,4666666667e-02, 7,1510000000e+03
 1500622140, 5,5000000000e+01, 2,6000000000e+01, -nan, 7,5333333333e-02, 7,1504666667e+03
 1500622200, 5,5000000000e+01, 2,6000000000e+01, -nan, 7,4666666667e-02, 7,1505333333e+03
 1500622260, 5,5000000000e+01, 2,6000000000e+01, -nan, 7,5333333333e-02, 7,1504666667e+03
 1500622320, 5,5000000000e+01, 2,6000000000e+01, -nan, 8,0000000000e-02, 7,1510666667e+03
 1500622380, 5,5000000000e+01, 2,6000000000e+01, -nan, 8,0000000000e-02, 7,1509333333e+03
 1500622440, 5,5000000000e+01, 2,6000000000e+01, -nan, 8,0000000000e-02, 7,1505333333e+03
 1500622500, 5,5000000000e+01, 2,6000000000e+01, -nan, 8,0000000000e-02, 7,1510000000e+03
 1500622560, 5,5000000000e+01, 2,6000000000e+01, -nan, 7,4666666667e-02, 7,1510000000e+03
 1500622620, 5,5000000000e+01, 2,6000000000e+01, -nan, 7,0000000000e-02, 7,1515333333e+03
 1500622680, 5,5000000000e+01, 2,6000000000e+01, -nan, 6,4666666667e-02, -nan
 1500622740, 5,5000000000e+01, 2,6000000000e+01, -nan, 6,0000000000e-02, -nan
 1500622800, 5,5000000000e+01, 2,6000000000e+01, -nan, 5,4666666667e-02, -nan
 1500622860, 5,5000000000e+01, 2,6000000000e+01, -nan, 5,0000000000e-02, -nan
 1500622920, 5,5000000000e+01, 2,6000000000e+01, -nan, 5,0000000000e-02, -nan
 1500622980, 5,5000000000e+01, 2,6000000000e+01, -nan, 5,0000000000e-02, -nan
 1500623040, 6,0333333333e+01, 2,8133333333e+01, -nan, 5,0000000000e-02, -nan
 1500623100, 6,5000000000e+01, 3,0000000000e+01, -nan, 5,5333333333e-02, -nan
 1500623160, 6,5000000000e+01, -nan, -nan, 5,4666666667e-02, -nan
 1500623220, 6,5000000000e+01, -nan, -nan, 5,0000000000e-02, -nan
 1500623280, 6,5000000000e+01, -nan, -nan, 5,0000000000e-02, -nan
 1500623340, 6,5000000000e+01, -nan, -nan, 5,0000000000e-02, -nan
 1500623400, -nan, -nan, -nan, 5,5333333333e-02, -nan
 1500623460, -nan, -nan, -nan, 5,4666666667e-02, -nan
 1500623520, -nan, -nan, -nan, 5,0000000000e-02, -nan
 1500623580, -nan, -nan, -nan, 5,0000000000e-02, -nan
 1500623640, -nan, -nan, -nan, 5,0000000000e-02, -nan
 1500623700, -nan, -nan, -nan, 5,0000000000e-02, -nan
 1500623760, -nan, -nan, -nan, 5,0000000000e-02, -nan
 1500623820, -nan, -nan, -nan, 5,0000000000e-02, -nan
 1500623880, -nan, -nan, -nan, 5,0000000000e-02, -nan
 1500623940, -nan, -nan, -nan, 5,0000000000e-02, -nan
 1500624000, -nan, -nan, -nan, 5,5333333333e-02, -nan
 1500624060, -nan, -nan, -nan, -nan, -nan
 1500624120, -nan, -nan, -nan, -nan, -nan
