 Time, ttl_pwr, cpu_pwr, mem_pwr, cpu_load, mem_load
 1500620520, 5,0000000000e+01, -nan, 1,0000000000e+01, 5,0000000000e-02, 6,8808833333e+03
 1500620580, 5,0000000000e+01, -nan, 1,0000000000e+01, 5,0000000000e-02, 6,8800000000e+03
 1500620640, 5,0000000000e+01, -nan, 1,0000000000e+01, 5,0000000000e-02, 6,8800000000e+03
 1500620700, 5,0000000000e+01, -nan, 1,0000000000e+01, 5,0000000000e-02, 6,8800000000e+03
 1500620760, 5,0000000000e+01, -nan, 1,0000000000e+01, 5,0000000000e-02, 6,8800000000e+03
 1500620820, 5,0000000000e+01, -nan, 1,0000000000e+01, 5,0000000000e-02, 6,8798833333e+03
 1500620880, 5,0000000000e+01, -nan, 1,0000000000e+01, 5,0000000000e-02, 6,8792333333e+03
 1500620940, 5,0000000000e+01, -nan, 1,0000000000e+01, 5,0000000000e-02, 6,8811166667e+03
 1500621000, 5,0000000000e+01, -nan, 1,0000000000e+01, 5,0000000000e-02, 6,8818833333e+03
 1500621060, 5,0000000000e+01, -nan, 1,0000000000e+01, 5,0000000000e-02, 6,8811166667e+03
 1500621120, 5,0000000000e+01, -nan, 1,0000000000e+01, 5,0000000000e-02, 6,8818833333e+03
 1500621180, 5,0000000000e+01, -nan, 1,0000000000e+01, 5,0000000000e-02, 6,8810000000e+03
 1500621240, 5,0000000000e+01, -nan, 1,0000000000e+01, 5,0000000000e-02, 6,8808833333e+03
 1500621300, 5,0000000000e+01, -nan, 1,0000000000e+01, 5,0000000000e-02, 6,8801166667e+03
 1500621360, 5,0000000000e+01, -nan, 1,0000000000e+01, 5,0000000000e-02, 6,8808833333e+03
 1500621420, 5,0000000000e+01, -nan, 1,0000000000e+01, 5,0000000000e-02, 6,8801166667e+03
 1500621480, 5,0000000000e+01, -nan, 1,0000000000e+01, 5,0000000000e-02, 6,8811166667e+03
 1500621540, 5,0000000000e+01, -nan, 1,0000000000e+01, 5,0000000000e-02, 6,8818833333e+03
 1500621600, 5,0000000000e+01, -nan, 1,0000000000e+01, 5,0000000000e-02, 6,8808833333e+03
 1500621660, 5,0000000000e+01, -nan, 1,0000000000e+01, 5,0000000000e-02, 6,8801166667e+03
 1500621720, 5,0000000000e+01, -nan, 1,0000000000e+01, 5,0000000000e-02, 6,8811166667e+03
 1500621780, 5,0000000000e+01, -nan, 1,0000000000e+01, 5,0000000000e-02, 6,8820000000e+03
 1500621840, 5,0000000000e+01, -nan, 1,0000000000e+01, 5,0000000000e-02, 6,8820000000e+03
 1500621900, 5,0000000000e+01, -nan, 1,0000000000e+01, 5,0000000000e-02, 6,8818833333e+03
 1500621960, 5,0000000000e+01, -nan, 1,0000000000e+01, 5,0000000000e-02, 6,8806500000e+03
 1500622020, 5,0000000000e+01, -nan, 1,0000000000e+01, 5,0000000000e-02, 6,8782333333e+03
 1500622080, 5,0000000000e+01, -nan, 1,0000000000e+01, 5,0000000000e-02, 6,8800000000e+03
 1500622140, 5,0000000000e+01, -nan, 1,0000000000e+01, 5,0000000000e-02, 6,8800000000e+03
 1500622200, 5,0000000000e+01, -nan, -nan, 5,0000000000e-02, 6,8801166667e+03
 1500622260, 5,0000000000e+01, -nan, -nan, 5,0000000000e-02, 6,8808833333e+03
 1500622320, 5,0000000000e+01, -nan, -nan, 5,0000000000e-02, 6,8801166667e+03
 1500622380, 5,0000000000e+01, -nan, -nan, 5,0000000000e-02, 6,8811166667e+03
 1500622440, 5,0000000000e+01, -nan, -nan, 5,0000000000e-02, 6,8817666667e+03
 1500622500, 5,0000000000e+01, -nan, -nan, 5,0000000000e-02, 6,8801166667e+03
 1500622560, 5,0000000000e+01, -nan, -nan, -nan, 6,8811166667e+03
 1500622620, 5,0000000000e+01, -nan, -nan, -nan, 6,8818833333e+03
 1500622680, 5,0000000000e+01, -nan, -nan, -nan, 6,8808833333e+03
 1500622740, 5,0000000000e+01, -nan, -nan, -nan, 6,8801166667e+03
 1500622800, 5,0000000000e+01, -nan, -nan, -nan, 6,8808833333e+03
 1500622860, 5,0000000000e+01, -nan, -nan, -nan, 6,8801166667e+03
 1500622920, 5,0000000000e+01, -nan, -nan, -nan, 6,8810000000e+03
 1500622980, 5,0000000000e+01, -nan, -nan, -nan, 6,8808833333e+03
 1500623040, 5,0000000000e+01, -nan, -nan, -nan, 6,8800000000e+03
 1500623100, 5,0000000000e+01, -nan, -nan, -nan, 6,8800000000e+03
 1500623160, 5,0000000000e+01, -nan, -nan, -nan, 6,8800000000e+03
 1500623220, 5,0000000000e+01, -nan, -nan, -nan, 6,8800000000e+03
 1500623280, 5,0000000000e+01, -nan, -nan, -nan, 6,8802333333e+03
 1500623340, 5,0000000000e+01, -nan, -nan, -nan, 6,8820000000e+03
 1500623400, 5,0000000000e+01, -nan, -nan, -nan, 6,8820000000e+03
 1500623460, 5,0000000000e+01, -nan, -nan, -nan, 6,8818833333e+03
 1500623520, 5,0000000000e+01, -nan, -nan, -nan, -nan
 1500623580, 5,0000000000e+01, -nan, -nan, -nan, -nan
 1500623640, 5,0000000000e+01, -nan, -nan, -nan, -nan
 1500623700, -nan, -nan, -nan, -nan, -nan
 1500623760, -nan, -nan, -nan, -nan, -nan
 1500623820, -nan, -nan, -nan, -nan, -nan
 1500623880, -nan, -nan, -nan, -nan, -nan
 1500623940, -nan, -nan, -nan, -nan, -nan
 1500624000, -nan, -nan, -nan, -nan, -nan
 1500624060, -nan, -nan, -nan, -nan, -nan
 1500624120, -nan, -nan, -nan, -nan, -nan
