 Time, ttl_pwr, cpu_pwr, mem_pwr, cpu_load, mem_load
 1500448500, 5.5000000000e+01, 2.4000000000e+01, 1.2000000000e+01, 5.0000000000e-02, 8.7804200000e+03
 1500448800, 5.5000000000e+01, 2.4000000000e+01, 1.2000000000e+01, 5.0000000000e-02, 8.7805800000e+03
 1500449100, 5.5000000000e+01, 2.5640000000e+01, 1.2000000000e+01, 5.2000000000e-02, 8.7802200000e+03
 1500449400, 5.5000000000e+01, 2.4760000000e+01, 1.2000000000e+01, 6.0400000000e-02, 8.7812200000e+03
 1500449700, 5.5000000000e+01, 2.4000000000e+01, 1.2000000000e+01, 5.9800000000e-02, 8.7812200000e+03
 1500450000, 8.9100000000e+01, 5.5240000000e+01, 1.5080000000e+01, 1.1430000000e+00, 9.5232000000e+03
 1500450300, 2.1010000000e+02, 1.6604000000e+02, 2.6040000000e+01, 4.3596000000e+00, 1.3018880000e+04
 1500450600, 2.1500000000e+02, 1.6800000000e+02, 2.8000000000e+01, 6.9228000000e+00, 1.0958680000e+04
 1500450900, 2.1500000000e+02, 1.6800000000e+02, 2.8000000000e+01, 8.1892000000e+00, 9.3118600000e+03
 1500451200, 1.1580000000e+02, 7.8720000000e+01, 1.8080000000e+01, 6.3086000000e+00, 8.7868200000e+03
 1500451500, 1.3060000000e+02, 8.9520000000e+01, 2.2920000000e+01, 5.6378000000e+00, 1.8794980000e+04
 1500451800, 2.3500000000e+02, 1.8000000000e+02, 3.7560000000e+01, 8.1562000000e+00, 2.0168440000e+04
 1500452100, 2.3460000000e+02, 1.7980000000e+02, 3.5840000000e+01, 1.0330200000e+01, 2.0330380000e+04
 1500452400, 2.1500000000e+02, 1.7000000000e+02, 2.8000000000e+01, 1.1874400000e+01, 1.8842800000e+04
 1500452700, 2.3140000000e+02, 1.8148000000e+02, 3.2920000000e+01, 1.2898600000e+01, 2.5126660000e+04
 1500453000, 2.2260000000e+02, 1.7532000000e+02, 3.0280000000e+01, 1.3716800000e+01, 2.0633500000e+04
 1500453300, 2.2130000000e+02, 1.7336000000e+02, 3.0520000000e+01, 1.4293200000e+01, 2.2191040000e+04
 1500453600, 2.3000000000e+02, 1.7844000000e+02, 3.2680000000e+01, 1.4766200000e+01, 1.9099900000e+04
 1500453900, 2.3010000000e+02, 1.8008000000e+02, 2.8080000000e+01, 1.5074400000e+01, 2.3721960000e+04
 1500454200, 2.3500000000e+02, 1.8400000000e+02, 3.2000000000e+01, 1.5318800000e+01, 2.2265560000e+04
 1500454500, 2.3910000000e+02, 1.8236000000e+02, 3.8560000000e+01, 1.5469900000e+01, 2.6394483333e+04
 1500454800, 2.3380000000e+02, 1.7952000000e+02, 3.6280000000e+01, 1.5630800000e+01, 2.6295920000e+04
 1500455100, 2.2580000000e+02, 1.7464000000e+02, 3.1480000000e+01, 1.5729800000e+01, 2.2274860000e+04
 1500455400, 2.1890000000e+02, 1.6956000000e+02, 2.8000000000e+01, 1.5758000000e+01, 2.2319740000e+04
 1500455700, 2.1500000000e+02, 1.6804000000e+02, 2.8000000000e+01, 1.5817600000e+01, 2.4064820000e+04
 1500456000, 2.1500000000e+02, 1.7000000000e+02, 2.8000000000e+01, 1.5865000000e+01, 2.4137380000e+04
 1500456300, 2.2730000000e+02, 1.7492000000e+02, 3.4560000000e+01, 1.5847200000e+01, 2.4367380000e+04
 1500456600, 2.4240000000e+02, 1.8220000000e+02, 4.0960000000e+01, 1.5856200000e+01, 2.5947640000e+04
 1500456900, 2.4160000000e+02, 1.8516000000e+02, 3.7280000000e+01, 1.5853800000e+01, 2.3121980000e+04
 1500457200, 2.3000000000e+02, 1.8400000000e+02, 2.8000000000e+01, 1.5825600000e+01, 2.6335500000e+04
 1500457500, 2.3010000000e+02, 1.8400000000e+02, 2.8120000000e+01, 1.5695500000e+01, 2.2308526667e+04
 1500457800, 2.3500000000e+02, 1.8400000000e+02, 3.4000000000e+01, 1.5763600000e+01, 2.6364020000e+04
 1500458100, 2.3910000000e+02, 1.8400000000e+02, 3.7280000000e+01, 1.5788000000e+01, 2.6171300000e+04
 1500458400, 2.3691666667e+02, 1.8400000000e+02, 3.3066666667e+01, 1.5843366667e+01, 2.2526380000e+04
 1500458700, 2.3710000000e+02, 1.8484000000e+02, 3.3360000000e+01, 1.5901000000e+01, 2.6713020000e+04
 1500459000, 2.3780000000e+02, 1.8424000000e+02, 3.6240000000e+01, 1.5942400000e+01, 2.5440140000e+04
 1500459300, 2.2970000000e+02, 1.7784000000e+02, 2.9960000000e+01, 1.5947000000e+01, 2.2249320000e+04
 1500459600, 2.1500000000e+02, 1.7000000000e+02, 2.8000000000e+01, 1.5895800000e+01, 2.6243500000e+04
 1500459900, 2.2730000000e+02, 1.7984000000e+02, 2.9640000000e+01, 1.5813866667e+01, 2.6215706667e+04
 1500460200, 2.3310000000e+02, 1.8324000000e+02, 3.1240000000e+01, 1.5795400000e+01, 2.3775220000e+04
 1500460500, 2.3290000000e+02, 1.8400000000e+02, 3.0320000000e+01, 1.5860400000e+01, 2.4256500000e+04
 1500460800, 2.3330000000e+02, 1.8400000000e+02, 3.0640000000e+01, 1.5753200000e+01, 2.5704400000e+04
 1500461100, 2.4470000000e+02, 1.8392000000e+02, 3.9800000000e+01, 1.5758200000e+01, 1.9293340000e+04
 1500461400, 2.3000000000e+02, 1.8000000000e+02, 3.0000000000e+01, 1.5777600000e+01, 2.0457020000e+04
 1500461700, 2.3820000000e+02, 1.8328000000e+02, 3.6560000000e+01, 1.5782000000e+01, 2.2610740000e+04
 1500462000, 2.3380000000e+02, 1.8152000000e+02, 3.3040000000e+01, 1.5626200000e+01, 2.2709200000e+04
 1500462300, 1.7330000000e+02, 1.2540000000e+02, 2.7480000000e+01, 1.2597000000e+01, 8.8652200000e+03
 1500462600, 9.5000000000e+01, 5.0000000000e+01, 2.4000000000e+01, 9.4222000000e+00, 8.9455800000e+03
 1500462900, 9.5000000000e+01, 5.0000000000e+01, 2.4000000000e+01, 7.1302000000e+00, 8.9760400000e+03
 1500463200, 9.5000000000e+01, 5.0000000000e+01, 2.4000000000e+01, 5.4582000000e+00, 8.9860000000e+03
 1500463500, 9.5000000000e+01, 5.0000000000e+01, 2.4000000000e+01, 4.2440000000e+00, 8.9855800000e+03
 1500463800, 9.1900000000e+01, 5.0000000000e+01, 2.4000000000e+01, 3.6444000000e+00, 9.7855733333e+03
 1500464100, 1.3676666667e+02, 9.2293333333e+01, 2.5626666667e+01, 8.0291333333e+00, 1.2167600000e+04
 1500464400, 2.1050000000e+02, 1.6016000000e+02, 2.8000000000e+01, 1.3989000000e+01, 1.2841900000e+04
 1500464700, 2.3000000000e+02, 1.8200000000e+02, 2.8000000000e+01, 1.8154800000e+01, 1.4066820000e+04
 1500465000, 2.3000000000e+02, 1.8200000000e+02, 2.8000000000e+01, 2.1180000000e+01, 1.4557660000e+04
 1500465300, 2.3410000000e+02, 1.8364000000e+02, 2.8000000000e+01, 2.3361800000e+01, 1.5286240000e+04
 1500465600, 2.3190000000e+02, 1.8276000000e+02, 2.8000000000e+01, 2.4925800000e+01, 1.5451780000e+04
 1500465900, 2.3000000000e+02, 1.8200000000e+02, 2.8000000000e+01, 2.6075200000e+01, 1.5458640000e+04
 1500466200, 2.2890000000e+02, 1.8200000000e+02, 2.8000000000e+01, 2.6903800000e+01, 1.5460600000e+04
 1500466500, 2.2505000000e+02, 1.8200000000e+02, 2.8020000000e+01, 2.7510300000e+01, 1.5470080000e+04
 1500466800, 2.3000000000e+02, 1.8200000000e+02, 3.0000000000e+01, 2.7944000000e+01, 1.5381180000e+04
 1500467100, 2.3000000000e+02, 1.8364000000e+02, 2.8360000000e+01, 2.8451000000e+01, 1.5422346667e+04
 1500467400, 2.1483333333e+02, 1.6458666667e+02, 2.9213333333e+01, 2.9155000000e+01, 1.5668060000e+04
 1500467700, 1.8886666667e+02, 1.3586666667e+02, 3.0000000000e+01, 2.9759300000e+01, 1.5749886667e+04
 1500468000, 1.5483333333e+02, 1.0305333333e+02, 2.9186666667e+01, 3.0154850000e+01, 1.5792341667e+04
 1500468300, 1.1500000000e+02, 6.7986666667e+01, 2.6000000000e+01, 3.0496583333e+01, 1.5796271667e+04
 1500468600, 1.1500000000e+02, 6.6000000000e+01, 2.6000000000e+01, 3.0784566667e+01, 1.5640756667e+04
 1500468900, 1.1500000000e+02, 6.7613333333e+01, 2.6000000000e+01, 3.0956633333e+01, 1.5694320000e+04
 1500469200, 1.2103333333e+02, 7.1620000000e+01, 2.6000000000e+01, 3.1112766667e+01, 1.5600596667e+04
 1500469500, 1.3740000000e+02, 8.7226666667e+01, 2.6000000000e+01, 3.1194300000e+01, 1.5157590000e+04
 1500469800, 1.7370000000e+02, 1.2272000000e+02, 2.7320000000e+01, 3.1056000000e+01, 1.4184560000e+04
 1500470100, 2.3970000000e+02, 1.8192000000e+02, 3.1920000000e+01, 3.0282400000e+01, 1.3990460000e+04
 1500470400, 2.2500000000e+02, 1.7800000000e+02, 2.8000000000e+01, 2.9189600000e+01, 1.4196240000e+04
 1500470700, 2.2500000000e+02, 1.7800000000e+02, 2.8000000000e+01, 2.8390466667e+01, 1.4716273333e+04
 1500471000, 2.2500000000e+02, 1.7800000000e+02, 2.8000000000e+01, 2.7749733333e+01, 1.4897060000e+04
 1500471300, 2.2290000000e+02, 1.7716000000e+02, 2.8000000000e+01, 2.7185200000e+01, 1.4729580000e+04
 1500471600, 2.2110000000e+02, 1.7600000000e+02, 2.8000000000e+01, 2.6631000000e+01, 1.4715180000e+04
 1500471900, 2.2500000000e+02, 1.7600000000e+02, 2.8020000000e+01, 2.6195233333e+01, 1.4581153333e+04
 1500472200, 2.2500000000e+02, 1.7600000000e+02, 3.0000000000e+01, 2.5726700000e+01, 1.4290976667e+04
 1500472500, 2.1700000000e+02, 1.6480000000e+02, 3.0000000000e+01, 2.5192500000e+01, 1.4126586667e+04
 1500472800, 1.6620000000e+02, 1.1442000000e+02, 2.8780000000e+01, 2.4898166667e+01, 1.4089516667e+04
 1500473100, 1.1190000000e+02, 6.3840000000e+01, 2.5480000000e+01, 2.4426066667e+01, 1.3797346667e+04
 1500473400, 8.0000000000e+01, 3.6000000000e+01, 2.2406666667e+01, 2.3849433333e+01, 1.3764276667e+04
 1500473700, 8.0000000000e+01, 3.5993333333e+01, 2.4000000000e+01, 2.3319733333e+01, 1.3458843333e+04
 1500474000, 8.0000000000e+01, 3.4000000000e+01, 2.4000000000e+01, 2.2523133333e+01, 1.3077806667e+04
 1500474300, 2.2580000000e+02, 1.5550000000e+02, 4.9920000000e+01, 2.0892400000e+01, 1.0802590000e+04
 1500474600, 1.3290000000e+02, 8.4800000000e+01, 2.8720000000e+01, 1.6157000000e+01, 8.9107000000e+03
 1500474900, 5.5000000000e+01, 2.4000000000e+01, 1.2000000000e+01, 1.1722600000e+01, 8.9088000000e+03
 1500475200, 5.5000000000e+01, 2.4000000000e+01, 1.2000000000e+01, 8.4930000000e+00, 8.9090000000e+03
 1500475500, 5.5000000000e+01, 2.4000000000e+01, 1.2000000000e+01, 6.1802000000e+00, 8.9091800000e+03
 1500475800, 5.5000000000e+01, 2.4000000000e+01, 1.2000000000e+01, 4.5180000000e+00, 8.9112800000e+03
 1500476100, 5.0900000000e+01, 2.4000000000e+01, 1.2000000000e+01, 3.2774000000e+00, 8.9122200000e+03
 1500476400, 5.3100000000e+01, 2.4000000000e+01, 1.2000000000e+01, 2.3854000000e+00, 8.9128200000e+03
 1500476700, 5.5000000000e+01, 2.4840000000e+01, 1.2000000000e+01, 1.7396000000e+00, 8.9140000000e+03
 1500477000, 5.5000000000e+01, 2.6000000000e+01, 1.2000000000e+01, 1.2882000000e+00, 8.9137800000e+03
 1500477300, 5.5000000000e+01, 2.6000000000e+01, 1.2000000000e+01, 9.4860000000e-01, 8.9135800000e+03
 1500477600, 5.5000000000e+01, 2.6000000000e+01, 1.2000000000e+01, 7.0160000000e-01, 8.9118400000e+03
 1500477900, 5.5000000000e+01, 2.4360000000e+01, 1.2000000000e+01, 5.1920000000e-01, 8.9123800000e+03
 1500478200, 5.5000000000e+01, 2.4000000000e+01, 1.2000000000e+01, 3.9380000000e-01, 8.9114000000e+03
 1500478500, 5.5000000000e+01, 2.4000000000e+01, 1.2000000000e+01, 2.9640000000e-01, 8.9114200000e+03
 1500478800, 5.5000000000e+01, 2.4000000000e+01, 1.2000000000e+01, 2.2280000000e-01, 8.9132200000e+03
 1500479100, 5.5000000000e+01, 2.4000000000e+01, 1.2000000000e+01, 1.8880000000e-01, 8.9127800000e+03
 1500479400, 5.5000000000e+01, 2.4000000000e+01, 1.2000000000e+01, 3.3480000000e-01, 8.9311600000e+03
 1500479700, 6.3200000000e+01, 2.8920000000e+01, 1.6920000000e+01, 5.5000000000e-01, 8.9306600000e+03
 1500480000, 6.8100000000e+01, 3.1240000000e+01, 1.9240000000e+01, 7.3680000000e-01, 8.9300600000e+03
 1500480300, 6.5800000000e+01, 3.0320000000e+01, 1.7480000000e+01, 8.4320000000e-01, 8.9324600000e+03
 1500480600, 6.3300000000e+01, 2.9320000000e+01, 1.5760000000e+01, 9.0540000000e-01, 8.9340600000e+03
 1500480900, 7.4800000000e+01, 3.3920000000e+01, 2.1880000000e+01, 9.5260000000e-01, 8.9341800000e+03
 1500481200, 6.5000000000e+01, 3.0000000000e+01, 1.6000000000e+01, 9.7840000000e-01, 8.9338200000e+03
 1500481500, 6.5000000000e+01, 2.8360000000e+01, 1.6000000000e+01, 1.0112000000e+00, 8.9335600000e+03
 1500481800, 5.8800000000e+01, 2.5520000000e+01, 1.3520000000e+01, 1.0500000000e+00, 8.9334200000e+03
 1500482100, 5.9200000000e+01, 2.5680000000e+01, 1.3680000000e+01, 1.0500000000e+00, 8.9343800000e+03
 1500482400, 6.3900000000e+01, 2.8000000000e+01, 1.6000000000e+01, 1.0520000000e+00, 8.9332000000e+03
 1500482700, 6.0000000000e+01, 2.7960000000e+01, 1.5960000000e+01, 1.0500000000e+00, 8.9332200000e+03
 1500483000, 6.0000000000e+01, 2.6000000000e+01, 1.4000000000e+01, 1.0500000000e+00, 8.9348000000e+03
 1500483300, 6.0000000000e+01, 2.7640000000e+01, 1.4000000000e+01, 1.0500000000e+00, 8.9360000000e+03
 1500483600, 6.3100000000e+01, 2.9240000000e+01, 1.6480000000e+01, 1.0522000000e+00, 8.9340600000e+03
 1500483900, 6.5000000000e+01, 3.0000000000e+01, 1.8000000000e+01, 1.0518000000e+00, 8.9355800000e+03
 1500484200, 6.3900000000e+01, 2.9560000000e+01, 1.7120000000e+01, 1.0562000000e+00, 8.9351600000e+03
 1500484500, 5.9900000000e+01, 2.7960000000e+01, 1.3960000000e+01, 1.0646000000e+00, 8.9338200000e+03
 1500484800, 5.5000000000e+01, 2.6000000000e+01, 1.2000000000e+01, 1.0816000000e+00, 8.9337800000e+03
 1500485100, 6.3200000000e+01, 2.9280000000e+01, 1.6920000000e+01, 1.0678000000e+00, 8.9350200000e+03
 1500485400, 5.8800000000e+01, 2.7520000000e+01, 1.4280000000e+01, 1.0578000000e+00, 8.9372400000e+03
 1500485700, 5.9200000000e+01, 2.7680000000e+01, 1.4520000000e+01, 1.0500000000e+00, 8.9372000000e+03
 1500486000, 6.6100000000e+01, 3.0000000000e+01, 1.8000000000e+01, 1.0500000000e+00, 8.9375800000e+03
 1500486300, 6.9900000000e+01, 3.0000000000e+01, 1.7920000000e+01, 1.0500000000e+00, 8.9356200000e+03
 1500486600, 6.5000000000e+01, 3.0000000000e+01, 1.4000000000e+01, 1.0502000000e+00, 8.9368400000e+03
 1500486900, 6.5000000000e+01, 3.0000000000e+01, 1.7280000000e+01, 1.0620000000e+00, 8.9369600000e+03
 1500487200, 6.5000000000e+01, 2.8760000000e+01, 1.8000000000e+01, 1.0600000000e+00, 8.9366400000e+03
 1500487500, 6.7100000000e+01, 2.9680000000e+01, 1.8840000000e+01, 1.0788000000e+00, 8.9375400000e+03
 1500487800, 7.0000000000e+01, 3.2000000000e+01, 2.0000000000e+01, 1.1108000000e+00, 8.9350200000e+03
 1500488100, 7.0000000000e+01, 3.1960000000e+01, 1.9960000000e+01, 1.1380000000e+00, 8.9358000000e+03
 1500488400, 7.0000000000e+01, 3.0000000000e+01, 1.8000000000e+01, 1.1398000000e+00, 8.9368000000e+03
 1500488700, 7.4100000000e+01, 3.3280000000e+01, 1.9640000000e+01, 1.1340000000e+00, 8.9371400000e+03
 1500489000, 7.5000000000e+01, 3.4000000000e+01, 2.2480000000e+01, 1.1282000000e+00, 8.9364400000e+03
 1500489300, 7.5000000000e+01, 3.4000000000e+01, 2.3160000000e+01, 1.1344000000e+00, 8.9330200000e+03
 1500489600, 7.0600000000e+01, 3.1800000000e+01, 1.9800000000e+01, 9.3040000000e-01, 8.9258000000e+03
 1500489900, 5.5200000000e+01, 2.4080000000e+01, 1.2120000000e+01, 6.9200000000e-01, 8.9253600000e+03
 1500490200, 6.5000000000e+01, 2.8000000000e+01, 1.8000000000e+01, 5.1300000000e-01, 8.9247000000e+03
 1500490500, 5.6800000000e+01, 2.4720000000e+01, 1.3080000000e+01, 3.8840000000e-01, 8.9296000000e+03
 1500490800, 5.5000000000e+01, 2.4000000000e+01, 1.2000000000e+01, 3.1640000000e-01, 8.9290000000e+03
 1500491100, 5.5000000000e+01, 2.4840000000e+01, 1.2000000000e+01, 2.4700000000e-01, 8.9294200000e+03
 1500491400, 5.5000000000e+01, 2.5560000000e+01, 1.2000000000e+01, 2.0740000000e-01, 8.9291800000e+03
 1500491700, 5.5100000000e+01, 2.4080000000e+01, 1.2040000000e+01, 1.6900000000e-01, 8.9291600000e+03
 1500492000, 6.0000000000e+01, 2.8000000000e+01, 1.4000000000e+01, 1.3380000000e-01, 8.9272200000e+03
 1500492300, 5.5900000000e+01, 2.4720000000e+01, 1.2360000000e+01, 1.2380000000e-01, 8.9280200000e+03
 1500492600, 5.5000000000e+01, 2.4000000000e+01, 1.2000000000e+01, 1.1180000000e-01, 8.9280000000e+03
 1500492900, 5.5000000000e+01, 2.4000000000e+01, 1.2000000000e+01, 9.9600000000e-02, 8.9280400000e+03
 1500493200, 5.5000000000e+01, 2.4000000000e+01, 1.2000000000e+01, 9.2200000000e-02, 8.9288000000e+03
 1500493500, 5.5000000000e+01, 2.4000000000e+01, 1.2000000000e+01, 9.6000000000e-02, 8.9284200000e+03
 1500493800, 5.5000000000e+01, 2.4000000000e+01, 1.2000000000e+01, 1.0000000000e-01, 8.9287600000e+03
 1500494100, 5.9100000000e+01, 2.7280000000e+01, 1.3640000000e+01, 9.9800000000e-02, 8.9290400000e+03
 1500494400, 5.6900000000e+01, 2.5520000000e+01, 1.2760000000e+01, 7.9400000000e-02, 8.9280200000e+03
 1500494700, 5.5000000000e+01, 2.4000000000e+01, 1.2000000000e+01, 6.0000000000e-02, 8.9296200000e+03
 1500495000, 5.5000000000e+01, 2.4000000000e+01, 1.2000000000e+01, 5.6200000000e-02, 8.9290400000e+03
 1500495300, 5.5000000000e+01, 2.4000000000e+01, 1.2000000000e+01, 7.4400000000e-02, 8.9284200000e+03
 1500495600, 5.5000000000e+01, 2.4000000000e+01, 1.2000000000e+01, 8.1800000000e-02, 8.9286200000e+03
 1500495900, 5.5000000000e+01, 2.4000000000e+01, 1.2000000000e+01, 8.6200000000e-02, 8.9290200000e+03
 1500496200, 5.5000000000e+01, 2.4000000000e+01, 1.2000000000e+01, 9.5800000000e-02, 8.9289800000e+03
 1500496500, 5.5000000000e+01, 2.4000000000e+01, 1.2000000000e+01, 8.2000000000e-02, 8.9290200000e+03
 1500496800, 5.5000000000e+01, 2.4000000000e+01, 1.2000000000e+01, 7.1600000000e-02, 8.9290000000e+03
 1500497100, 5.5000000000e+01, 2.4000000000e+01, 1.2000000000e+01, 5.1800000000e-02, 8.9296000000e+03
 1500497400, 5.5000000000e+01, 2.4000000000e+01, 1.2000000000e+01, 5.0000000000e-02, 8.9297600000e+03
 1500497700, 5.5000000000e+01, 2.4000000000e+01, 1.2000000000e+01, 5.8400000000e-02, 8.9294200000e+03
 1500498000, 5.5000000000e+01, 2.5240000000e+01, 1.2000000000e+01, 7.4000000000e-02, 8.9296000000e+03
 1500498300, 5.5000000000e+01, 2.6000000000e+01, 1.2000000000e+01, 6.3600000000e-02, 8.9280000000e+03
 1500498600, 5.5000000000e+01, 2.6000000000e+01, 1.2000000000e+01, 5.0000000000e-02, 8.9284200000e+03
 1500498900, 5.5000000000e+01, 2.5960000000e+01, 1.2000000000e+01, 5.0000000000e-02, 8.9271800000e+03
 1500499200, 5.5000000000e+01, 2.4000000000e+01, 1.2000000000e+01, 5.0000000000e-02, 8.9284200000e+03
 1500499500, 5.5000000000e+01, 2.4000000000e+01, 1.2000000000e+01, 5.4400000000e-02, 8.9289600000e+03
 1500499800, 5.5000000000e+01, 2.4000000000e+01, 1.2000000000e+01, 8.0000000000e-02, 8.9288200000e+03
 1500500100, 5.5000000000e+01, 2.4000000000e+01, 1.2000000000e+01, 6.5800000000e-02, 8.9289800000e+03
 1500500400, 5.5000000000e+01, 2.4000000000e+01, 1.2000000000e+01, 6.3800000000e-02, 8.9290200000e+03
 1500500700, 5.5000000000e+01, 2.4000000000e+01, 1.2000000000e+01, 5.0000000000e-02, 8.9296200000e+03
 1500501000, 5.5000000000e+01, 2.4000000000e+01, 1.2000000000e+01, 5.0000000000e-02, 8.9287800000e+03
 1500501300, 5.5000000000e+01, 2.4000000000e+01, 1.2000000000e+01, 5.0000000000e-02, 8.9290000000e+03
 1500501600, 5.5000000000e+01, 2.4000000000e+01, 1.2000000000e+01, 5.0000000000e-02, 8.9292400000e+03
 1500501900, 5.5000000000e+01, 2.4000000000e+01, 1.2000000000e+01, 5.0000000000e-02, 8.9295800000e+03
 1500502200, 5.5000000000e+01, 2.4000000000e+01, 1.2000000000e+01, 5.0000000000e-02, 8.9292000000e+03
 1500502500, 5.5000000000e+01, 2.4000000000e+01, 1.2000000000e+01, 5.0000000000e-02, 8.9292000000e+03
 1500502800, 5.5000000000e+01, 2.4000000000e+01, 1.2000000000e+01, 5.0000000000e-02, 8.9291900000e+03
 1500503100, 5.5000000000e+01, 2.4000000000e+01, 1.2000000000e+01, 5.0000000000e-02, 8.9292000000e+03
 1500503400, 5.5000000000e+01, 2.4000000000e+01, 1.2000000000e+01, 5.0000000000e-02, 8.9288200000e+03
 1500503700, 5.5000000000e+01, 2.4000000000e+01, 1.2000000000e+01, 5.0000000000e-02, 8.9293800000e+03
 1500504000, 5.5000000000e+01, 2.4000000000e+01, 1.2000000000e+01, 5.2000000000e-02, 8.9280000000e+03
 1500504300, 5.5000000000e+01, 2.4000000000e+01, 1.2000000000e+01, 5.0000000000e-02, 8.9284200000e+03
 1500504600, 5.5000000000e+01, 2.4000000000e+01, 1.2000000000e+01, 5.0000000000e-02, 8.9290600000e+03
 1500504900, 5.5000000000e+01, 2.4000000000e+01, 1.2000000000e+01, 5.0000000000e-02, 8.9303600000e+03
 1500505200, 5.5000000000e+01, 2.4000000000e+01, 1.2000000000e+01, 5.0000000000e-02, 8.9300200000e+03
 1500505500, 5.5000000000e+01, 2.4000000000e+01, 1.2000000000e+01, 5.0000000000e-02, 8.9305800000e+03
 1500505800, 5.5000000000e+01, 2.4000000000e+01, 1.2000000000e+01, 5.0200000000e-02, 8.9295800000e+03
 1500506100, 5.5000000000e+01, 2.4000000000e+01, 1.2000000000e+01, 5.3800000000e-02, 8.9288000000e+03
 1500506400, 5.5000000000e+01, 2.4000000000e+01, 1.2000000000e+01, 5.0200000000e-02, 8.9290000000e+03
 1500506700, 5.5000000000e+01, 2.4000000000e+01, 1.2000000000e+01, 6.6200000000e-02, 8.9282000000e+03
 1500507000, 5.5000000000e+01, 2.4000000000e+01, 1.2000000000e+01, 6.9800000000e-02, 8.9286000000e+03
 1500507300, 5.5000000000e+01, 2.4000000000e+01, 1.2000000000e+01, 5.3800000000e-02, 8.9290400000e+03
 1500507600, 5.5000000000e+01, 2.4000000000e+01, 1.2000000000e+01, 5.0000000000e-02, 8.9304000000e+03
 1500507900, 5.5000000000e+01, 2.4000000000e+01, 1.2000000000e+01, 5.2200000000e-02, 8.9294200000e+03
 1500508200, 5.5000000000e+01, 2.4000000000e+01, 1.2000000000e+01, 5.3800000000e-02, 8.9295800000e+03
 1500508500, 5.5000000000e+01, 2.4000000000e+01, 1.2000000000e+01, 5.4000000000e-02, 8.9306600000e+03
 1500508800, 5.5000000000e+01, 2.5240000000e+01, 1.2000000000e+01, 5.0000000000e-02, 8.9312000000e+03
 1500509100, 5.5000000000e+01, 2.5160000000e+01, 1.2000000000e+01, 5.0000000000e-02, 8.9329000000e+03
 1500509400, 5.5000000000e+01, 2.4000000000e+01, 1.2000000000e+01, 5.0000000000e-02, 8.9329200000e+03
 1500509700, 5.5000000000e+01, 2.4000000000e+01, 1.2000000000e+01, 5.0000000000e-02, 8.9304800000e+03
 1500510000, 5.5000000000e+01, 2.4000000000e+01, 1.2000000000e+01, 5.0000000000e-02, 8.9298000000e+03
 1500510300, 5.5000000000e+01, 2.4000000000e+01, 1.2000000000e+01, 5.4000000000e-02, 8.9300000000e+03
 1500510600, 5.5000000000e+01, 2.4000000000e+01, 1.2000000000e+01, 5.8000000000e-02, 8.9294400000e+03
 1500510900, 5.5000000000e+01, 2.4000000000e+01, 1.2000000000e+01, 5.0000000000e-02, 8.9303600000e+03
 1500511200, 5.5000000000e+01, 2.4000000000e+01, 1.2000000000e+01, 5.0000000000e-02, 8.9301800000e+03
 1500511500, 5.5000000000e+01, 2.4000000000e+01, 1.2000000000e+01, 5.0000000000e-02, 8.9298400000e+03
 1500511800, 5.5000000000e+01, 2.4000000000e+01, 1.2000000000e+01, 5.0000000000e-02, 8.9299800000e+03
 1500512100, 5.5000000000e+01, 2.4000000000e+01, 1.2000000000e+01, 5.0200000000e-02, 8.9299800000e+03
 1500512400, 5.8100000000e+01, 2.6480000000e+01, 1.2000000000e+01, 5.6000000000e-02, 8.9312000000e+03
 1500512700, 5.7900000000e+01, 2.6320000000e+01, 1.2000000000e+01, 5.3800000000e-02, 8.9310400000e+03
 1500513000, 5.5000000000e+01, 2.4000000000e+01, 1.2000000000e+01, 5.0000000000e-02, 8.9299800000e+03
 1500513300, 5.5000000000e+01, 2.4000000000e+01, 1.2000000000e+01, 5.0000000000e-02, 8.9294200000e+03
 1500513600, 5.5000000000e+01, 2.4000000000e+01, 1.2000000000e+01, 5.0000000000e-02, 8.9301600000e+03
 1500513900, 5.5000000000e+01, 2.4000000000e+01, 1.2000000000e+01, 5.0000000000e-02, 8.9294400000e+03
 1500514200, 5.5000000000e+01, 2.4000000000e+01, 1.2000000000e+01, 5.4200000000e-02, 8.9305800000e+03
 1500514500, 5.5000000000e+01, 2.4000000000e+01, 1.2000000000e+01, 5.1800000000e-02, 8.9300000000e+03
 1500514800, 5.5000000000e+01, 2.4440000000e+01, 1.2000000000e+01, 5.0000000000e-02, 8.9312000000e+03
 1500515100, 5.5000000000e+01, 2.5960000000e+01, 1.2000000000e+01, 5.0200000000e-02, 8.9316400000e+03
 1500515400, 5.5000000000e+01, 2.4000000000e+01, 1.2000000000e+01, 5.1800000000e-02, 8.9311800000e+03
 1500515700, 5.0900000000e+01, 2.4000000000e+01, 1.2000000000e+01, 5.0000000000e-02, 8.9294000000e+03
 1500516000, 5.3100000000e+01, 2.4000000000e+01, 1.2000000000e+01, 5.0000000000e-02, 8.9302200000e+03
 1500516300, 5.5000000000e+01, 2.4000000000e+01, 1.2000000000e+01, 5.0000000000e-02, 8.9310200000e+03
 1500516600, 5.5000000000e+01, 2.4000000000e+01, 1.2000000000e+01, 5.0000000000e-02, 8.9309800000e+03
 1500516900, 5.5000000000e+01, 2.4000000000e+01, 1.2000000000e+01, 5.0000000000e-02, 8.9307800000e+03
 1500517200, 5.5000000000e+01, 2.4000000000e+01, 1.2000000000e+01, 5.0000000000e-02, 8.9315800000e+03
 1500517500, 5.0900000000e+01, 2.4000000000e+01, 1.2000000000e+01, 5.0000000000e-02, 8.9306266667e+03
 1500517800, 5.3100000000e+01, 2.4000000000e+01, 1.2000000000e+01, 5.2000000000e-02, 8.9316200000e+03
 1500518100, 5.5000000000e+01, 2.4000000000e+01, 1.2000000000e+01, 6.0400000000e-02, 8.9316200000e+03
 1500518400, 5.5000000000e+01, 2.4000000000e+01, 1.2000000000e+01, 6.9800000000e-02, 8.9319600000e+03
 1500518700, 5.5000000000e+01, 2.4040000000e+01, 1.2000000000e+01, 5.1800000000e-02, 8.9308000000e+03
 1500519000, 5.5000000000e+01, 2.6000000000e+01, 1.2000000000e+01, 5.8400000000e-02, 8.9302200000e+03
 1500519300, 5.5000000000e+01, 2.4360000000e+01, 1.2000000000e+01, 6.1600000000e-02, 8.9312000000e+03
 1500519600, 5.5000000000e+01, 2.4000000000e+01, 1.2000000000e+01, 5.0000000000e-02, 8.9318200000e+03
 1500519900, 5.5000000000e+01, 2.4000000000e+01, 1.2000000000e+01, 5.0000000000e-02, 8.9312000000e+03
 1500520200, 5.5000000000e+01, 2.4000000000e+01, 1.2000000000e+01, 5.2200000000e-02, 8.9317800000e+03
 1500520500, 5.5000000000e+01, 2.4000000000e+01, 1.2000000000e+01, 5.6000000000e-02, 8.9308000000e+03
 1500520800, 5.5000000000e+01, 2.4000000000e+01, 1.2000000000e+01, 5.1800000000e-02, 8.9316200000e+03
 1500521100, 5.5000000000e+01, 2.4000000000e+01, 1.2000000000e+01, 5.0000000000e-02, 8.9318000000e+03
 1500521400, 5.5000000000e+01, 2.4000000000e+01, 1.2000000000e+01, 5.0000000000e-02, 8.9318200000e+03
 1500521700, 5.5000000000e+01, 2.4000000000e+01, 1.2000000000e+01, 5.0000000000e-02, 8.9313800000e+03
 1500522000, 5.5000000000e+01, 2.4000000000e+01, 1.2000000000e+01, 5.0000000000e-02, 8.9318400000e+03
 1500522300, 5.5000000000e+01, 2.4000000000e+01, 1.2000000000e+01, 5.0000000000e-02, 8.9330000000e+03
 1500522600, 5.5000000000e+01, 2.4000000000e+01, 1.2000000000e+01, 5.0000000000e-02, 8.9328200000e+03
 1500522900, 5.5000000000e+01, 2.4000000000e+01, 1.2000000000e+01, 5.0000000000e-02, 8.9326000000e+03
 1500523200, 5.5000000000e+01, 2.4000000000e+01, 1.2000000000e+01, 5.0200000000e-02, 8.9326000000e+03
 1500523500, 5.5000000000e+01, 2.4000000000e+01, 1.2000000000e+01, 5.5800000000e-02, 8.9340400000e+03
 1500523800, 5.5000000000e+01, 2.4000000000e+01, 1.2000000000e+01, 5.0000000000e-02, 8.9334200000e+03
 1500524100, 5.5000000000e+01, 2.4000000000e+01, 1.2000000000e+01, 5.0000000000e-02, 8.9344000000e+03
 1500524400, 5.5000000000e+01, 2.4000000000e+01, 1.2000000000e+01, 5.0000000000e-02, 8.9343200000e+03
 1500524700, 5.5000000000e+01, 2.4000000000e+01, 1.2000000000e+01, 5.0000000000e-02, 8.9346000000e+03
 1500525000, 5.5000000000e+01, 2.4000000000e+01, 1.2000000000e+01, 5.0000000000e-02, 8.9340000000e+03
 1500525300, 5.5000000000e+01, 2.4000000000e+01, 1.2000000000e+01, 5.4400000000e-02, 8.9339800000e+03
 1500525600, 5.5000000000e+01, 2.4000000000e+01, 1.2000000000e+01, 7.6000000000e-02, 8.9348600000e+03
 1500525900, 5.5000000000e+01, 2.4000000000e+01, 1.2000000000e+01, 5.7600000000e-02, 8.9353800000e+03
 1500526200, 5.5000000000e+01, 2.4000000000e+01, 1.2000000000e+01, 5.0000000000e-02, 8.9337600000e+03
 1500526500, 5.5000000000e+01, 2.4000000000e+01, 1.2000000000e+01, 5.0000000000e-02, 8.9337833333e+03
 1500526800, 5.5000000000e+01, 2.4000000000e+01, 1.2000000000e+01, 5.0000000000e-02, 8.9336200000e+03
 1500527100, 5.5000000000e+01, 2.4000000000e+01, 1.2000000000e+01, 5.2000000000e-02, 8.9342200000e+03
 1500527400, 5.5000000000e+01, 2.4000000000e+01, 1.2000000000e+01, 5.0000000000e-02, 8.9364200000e+03
 1500527700, 5.5000000000e+01, 2.4000000000e+01, 1.2000000000e+01, 5.0000000000e-02, 8.9348200000e+03
 1500528000, 5.5000000000e+01, 2.4000000000e+01, 1.2000000000e+01, 5.0000000000e-02, 8.9347600000e+03
 1500528300, 5.5000000000e+01, 2.4000000000e+01, 1.2000000000e+01, 5.0000000000e-02, 8.9350400000e+03
 1500528600, 5.5000000000e+01, 2.4000000000e+01, 1.2000000000e+01, 5.0000000000e-02, 8.9359600000e+03
 1500528900, 5.5000000000e+01, 2.4000000000e+01, 1.2000000000e+01, 5.0000000000e-02, 8.9358400000e+03
 1500529200, 5.5000000000e+01, 2.4440000000e+01, 1.2000000000e+01, 5.0000000000e-02, 8.9360200000e+03
 1500529500, 5.5000000000e+01, 2.6000000000e+01, 1.2000000000e+01, 5.0000000000e-02, 8.9367600000e+03
 1500529800, 5.5000000000e+01, 2.6000000000e+01, 1.2000000000e+01, 5.0000000000e-02, 8.9370400000e+03
 1500530100, 5.5000000000e+01, 2.4360000000e+01, 1.2000000000e+01, 5.0000000000e-02, 8.9377800000e+03
 1500530400, 5.5000000000e+01, 2.4000000000e+01, 1.3240000000e+01, 5.4000000000e-02, 8.9362000000e+03
 1500530700, 5.5000000000e+01, 2.4000000000e+01, 1.3160000000e+01, 5.4000000000e-02, 8.9368000000e+03
 1500531000, 5.5000000000e+01, 2.4000000000e+01, 1.2000000000e+01, 5.2000000000e-02, 8.9362000000e+03
 1500531300, 5.5000000000e+01, 2.4000000000e+01, 1.2000000000e+01, 5.4400000000e-02, 8.9374600000e+03
 1500531600, 5.5000000000e+01, 2.4000000000e+01, 1.2000000000e+01, 7.8200000000e-02, 8.9390000000e+03
 1500531900, 5.0900000000e+01, 2.4000000000e+01, 1.2000000000e+01, 7.9800000000e-02, 8.9391800000e+03
 1500532200, 5.3100000000e+01, 2.4000000000e+01, 1.2000000000e+01, 7.2000000000e-02, 8.9386200000e+03
 1500532500, 5.5000000000e+01, 2.4000000000e+01, 1.2000000000e+01, 6.5800000000e-02, 8.9392000000e+03
 1500532800, 5.5000000000e+01, 2.4880000000e+01, 1.2000000000e+01, 5.1800000000e-02, 8.9395800000e+03
 1500533100, 5.5000000000e+01, 2.7920000000e+01, 1.2000000000e+01, 5.0000000000e-02, 8.9388400000e+03
 1500533400, 5.5000000000e+01, 2.4000000000e+01, 1.2000000000e+01, 5.4000000000e-02, 8.9383800000e+03
 1500533700, 5.5000000000e+01, 2.4000000000e+01, 1.2000000000e+01, 5.0000000000e-02, 8.9394400000e+03
 1500534000, 5.5000000000e+01, 2.4000000000e+01, 1.2000000000e+01, 5.0000000000e-02, 8.9389600000e+03
 1500534300, 5.5000000000e+01, 2.4000000000e+01, 1.2000000000e+01, 5.0000000000e-02, 8.9398000000e+03
 1500534600, 5.5000000000e+01, 2.4000000000e+01, 1.2000000000e+01, 5.0000000000e-02, 8.9392000000e+03
 1500534900, 5.5000000000e+01, 2.4000000000e+01, 1.2000000000e+01, 5.2000000000e-02, 8.9400000000e+03
 1500535200, 5.5000000000e+01, 2.4000000000e+01, 1.2000000000e+01, 5.0000000000e-02, 8.9398200000e+03
 1500535500, 5.5000000000e+01, 2.4000000000e+01, 1.2000000000e+01, 5.4000000000e-02, 8.9399800000e+03
 1500535800, 5.5000000000e+01, 2.4000000000e+01, 1.2000000000e+01, 5.0000000000e-02, 8.9392000000e+03
 1500536100, 5.5000000000e+01, 2.4000000000e+01, 1.2000000000e+01, 5.0000000000e-02, 8.9392400000e+03
 1500536400, 5.5000000000e+01, 2.4440000000e+01, 1.2000000000e+01, 5.6000000000e-02, 8.9392233333e+03
 1500536700, 5.5000000000e+01, 2.5960000000e+01, 1.2000000000e+01, 5.6000000000e-02, 8.9406000000e+03
 1500537000, 5.5000000000e+01, 2.4000000000e+01, 1.2000000000e+01, 5.0000000000e-02, 8.9398000000e+03
 1500537300, 5.5000000000e+01, 2.4000000000e+01, 1.2000000000e+01, 5.0000000000e-02, 8.9400000000e+03
 1500537600, 5.5000000000e+01, 2.5240000000e+01, 1.2000000000e+01, 5.4200000000e-02, 8.9400200000e+03
 1500537900, 5.5000000000e+01, 2.5160000000e+01, 1.2000000000e+01, 7.2400000000e-02, 8.9410200000e+03
 1500538200, 5.5000000000e+01, 2.4000000000e+01, 1.2000000000e+01, 7.1600000000e-02, 8.9399800000e+03
 1500538500, 5.5000000000e+01, 2.4000000000e+01, 1.2000000000e+01, 8.5000000000e-02, 8.9400400000e+03
 1500538800, 5.5000000000e+01, 2.4000000000e+01, 1.2000000000e+01, 1.0180000000e-01, 8.9409800000e+03
 1500539100, 5.5000000000e+01, 2.4000000000e+01, 1.2000000000e+01, 9.5800000000e-02, 8.9413400000e+03
 1500539400, 5.5000000000e+01, 2.4000000000e+01, 1.2000000000e+01, 9.0000000000e-02, 8.9414200000e+03
 1500539700, 5.5000000000e+01, 2.4000000000e+01, 1.2000000000e+01, 8.2000000000e-02, 8.9407600000e+03
 1500540000, 5.5000000000e+01, 2.4440000000e+01, 1.2000000000e+01, 9.0000000000e-02, 8.9400000000e+03
 1500540300, 5.5000000000e+01, 2.5960000000e+01, 1.2000000000e+01, 7.7600000000e-02, 8.9400000000e+03
 1500540600, 5.5000000000e+01, 2.4000000000e+01, 1.2000000000e+01, 6.3600000000e-02, 8.9410200000e+03
 1500540900, 6.3200000000e+01, 2.8920000000e+01, 1.5280000000e+01, 5.4400000000e-02, 8.9411400000e+03
 1500541200, 5.8800000000e+01, 2.6280000000e+01, 1.3520000000e+01, 6.1600000000e-02, 8.9408400000e+03
 1500541500, 5.5000000000e+01, 2.4000000000e+01, 1.2000000000e+01, 5.2200000000e-02, 8.9420400000e+03
 1500541800, 5.5000000000e+01, 2.4000000000e+01, 1.2000000000e+01, 5.3800000000e-02, 8.9425800000e+03
 1500542100, 5.4900000000e+01, 2.4000000000e+01, 1.2000000000e+01, 5.0000000000e-02, 8.9414000000e+03
 1500542400, 5.0000000000e+01, 2.4000000000e+01, 1.2000000000e+01, 5.0000000000e-02, 8.9414000000e+03
 1500542700, 5.4100000000e+01, 2.4000000000e+01, 1.2000000000e+01, 5.0000000000e-02, 8.9416200000e+03
 1500543000, 5.5000000000e+01, 2.4000000000e+01, 1.2000000000e+01, 5.0200000000e-02, 8.9424000000e+03
 1500543300, 5.5000000000e+01, 2.4000000000e+01, 1.2000000000e+01, 7.8600000000e-02, 8.9426000000e+03
 1500543600, 5.5000000000e+01, 2.4000000000e+01, 1.2000000000e+01, 8.8000000000e-02, 8.9420000000e+03
 1500543900, 5.5000000000e+01, 2.4000000000e+01, 1.2000000000e+01, 9.4200000000e-02, 8.9426000000e+03
 1500544200, 5.5000000000e+01, 2.4000000000e+01, 1.2000000000e+01, 1.0380000000e-01, 8.9430000000e+03
 1500544500, 5.5000000000e+01, 2.4000000000e+01, 1.2000000000e+01, 8.8000000000e-02, 8.9431800000e+03
 1500544800, 5.5000000000e+01, 2.4000000000e+01, 1.2000000000e+01, 9.2200000000e-02, 8.9440200000e+03
 1500545100, 5.5000000000e+01, 2.4000000000e+01, 1.2000000000e+01, 8.3600000000e-02, 8.9426200000e+03
 1500545400, 5.5000000000e+01, 2.4000000000e+01, 1.2000000000e+01, 8.6000000000e-02, 8.9428000000e+03
 1500545700, 5.5000000000e+01, 2.4000000000e+01, 1.2000000000e+01, 9.0400000000e-02, 8.9430000000e+03
 1500546000, 5.5000000000e+01, 2.4000000000e+01, 1.2000000000e+01, 9.1800000000e-02, 8.9436200000e+03
 1500546300, 5.5000000000e+01, 2.4000000000e+01, 1.2000000000e+01, 8.1800000000e-02, 8.9438000000e+03
 1500546600, 5.5000000000e+01, 2.4000000000e+01, 1.2000000000e+01, 7.9800000000e-02, 8.9448233333e+03
 1500546900, 5.5000000000e+01, 2.4000000000e+01, 1.2000000000e+01, 5.9600000000e-02, 8.9457800000e+03
 1500547200, 5.5000000000e+01, 2.4000000000e+01, 1.2000000000e+01, 5.2200000000e-02, 8.9442000000e+03
 1500547500, 5.5000000000e+01, 2.4000000000e+01, 1.2000000000e+01, 5.3800000000e-02, 8.9446200000e+03
 1500547800, 5.5000000000e+01, 2.4000000000e+01, 1.2000000000e+01, 5.0000000000e-02, 8.9449800000e+03
 1500548100, 5.5000000000e+01, 2.4000000000e+01, 1.2000000000e+01, 5.0000000000e-02, 8.9435800000e+03
 1500548400, 5.5000000000e+01, 2.4000000000e+01, 1.2000000000e+01, 5.2000000000e-02, 8.9428000000e+03
 1500548700, 5.5000000000e+01, 2.4000000000e+01, 1.2000000000e+01, 5.0000000000e-02, 8.9430000000e+03
 1500549000, 5.5000000000e+01, 2.4000000000e+01, 1.2000000000e+01, 5.0000000000e-02, 8.9434066667e+03
 1500549300, 5.5000000000e+01, 2.4000000000e+01, 1.2000000000e+01, 5.2200000000e-02, 8.9440000000e+03
 1500549600, 5.5000000000e+01, 2.4000000000e+01, 1.2000000000e+01, 6.2000000000e-02, 8.9434000000e+03
 1500549900, 5.5000000000e+01, 2.5640000000e+01, 1.2000000000e+01, 6.0200000000e-02, 8.9435800000e+03
 1500550200, 5.5000000000e+01, 2.6000000000e+01, 1.2000000000e+01, 6.6000000000e-02, 8.9432400000e+03
 1500550500, 5.5000000000e+01, 2.5160000000e+01, 1.2000000000e+01, 6.1800000000e-02, 8.9446200000e+03
 1500550800, 5.5000000000e+01, 2.4000000000e+01, 1.2000000000e+01, 5.5800000000e-02, 8.9437800000e+03
 1500551100, 5.5000000000e+01, 2.4000000000e+01, 1.2000000000e+01, 5.0000000000e-02, 8.9434000000e+03
 1500551400, 5.5000000000e+01, 2.4000000000e+01, 1.2000000000e+01, 5.0000000000e-02, 8.9436000000e+03
 1500551700, 5.5000000000e+01, 2.4000000000e+01, 1.2000000000e+01, 5.0000000000e-02, 8.9434000000e+03
 1500552000, 5.5000000000e+01, 2.4000000000e+01, 1.2000000000e+01, 5.0000000000e-02, 8.9438400000e+03
 1500552300, 5.5000000000e+01, 2.4000000000e+01, 1.2000000000e+01, 1.0943333333e-01, 9.5040800000e+03
 1500552600, 6.8433333333e+01, 3.3920000000e+01, 1.4893333333e+01, 4.3274333333e+00, 1.3026143333e+04
 1500552900, 1.2001666667e+02, 7.2020000000e+01, 2.6000000000e+01, 1.0731200000e+01, 1.2659293333e+04
 1500553200, 1.2500000000e+02, 7.8000000000e+01, 2.6000000000e+01, 1.5711533333e+01, 1.2228166667e+04
 1500553500, 2.0258333333e+02, 1.5313333333e+02, 2.7633333333e+01, 1.8805600000e+01, 1.7567210000e+04
 1500553800, 2.3533333333e+02, 1.8226666667e+02, 3.1680000000e+01, 2.2373733333e+01, 2.1666100000e+04
 1500554100, 2.4500000000e+02, 1.9000000000e+02, 3.4000000000e+01, 2.5092900000e+01, 2.1832680000e+04
 1500554400, 2.4500000000e+02, 1.9000000000e+02, 3.4000000000e+01, 2.7095200000e+01, 2.2200333333e+04
 1500554700, 2.4493333333e+02, 1.8997333333e+02, 3.4000000000e+01, 2.8576433333e+01, 2.2895943333e+04
 1500555000, 2.4000000000e+02, 1.8800000000e+02, 3.4000000000e+01, 2.9583200000e+01, 2.3147120000e+04
 1500555300, 2.4406666667e+02, 1.8962666667e+02, 3.4000000000e+01, 3.0305733333e+01, 2.3167293333e+04
 1500555600, 2.4193333333e+02, 1.8877333333e+02, 3.4000000000e+01, 3.0837300000e+01, 2.3197203333e+04
 1500555900, 2.4206666667e+02, 1.8882666667e+02, 3.4000000000e+01, 3.1233166667e+01, 2.3224610000e+04
 1500556200, 2.4500000000e+02, 1.9000000000e+02, 3.4000000000e+01, 3.1532000000e+01, 2.3190413333e+04
 1500556500, 2.4500000000e+02, 1.8997333333e+02, 3.4000000000e+01, 3.1767066667e+01, 2.3150140000e+04
 1500556800, 2.4500000000e+02, 1.8800000000e+02, 3.4000000000e+01, 3.1931333333e+01, 2.3191676667e+04
 1500557100, 2.4093333333e+02, 1.8800000000e+02, 3.4000000000e+01, 3.2036533333e+01, 2.3170493333e+04
 1500557400, 2.4308333333e+02, 1.8800000000e+02, 3.4000000000e+01, 3.2192666667e+01, 2.3135196667e+04
 1500557700, 2.4500000000e+02, 1.8883333333e+02, 3.4000000000e+01, 3.2214166667e+01, 2.3141066667e+04
 1500558000, 2.4500000000e+02, 1.9000000000e+02, 3.4000000000e+01, 3.2228400000e+01, 2.3113340000e+04
 1500558300, 2.4500000000e+02, 1.9000000000e+02, 3.4000000000e+01, 3.2268733333e+01, 2.3087036667e+04
 1500558600, 2.4500000000e+02, 1.9000000000e+02, 3.4000000000e+01, 3.2291533333e+01, 2.1025273333e+04
 1500558900, 2.2860000000e+02, 1.8016000000e+02, 2.9080000000e+01, 3.0791066667e+01, 1.3868213333e+04
 1500559200, 2.2190000000e+02, 1.7180000000e+02, 2.8000000000e+01, 2.9546000000e+01, 1.3883100000e+04
 1500559500, 2.0360000000e+02, 1.5160000000e+02, 2.8000000000e+01, 2.8740900000e+01, 1.4019743333e+04
 1500559800, 1.6005000000e+02, 1.0868000000e+02, 2.7160000000e+01, 2.8110466667e+01, 1.4097283333e+04
 1500560100, 8.5116666667e+01, 3.6113333333e+01, 2.4006666667e+01, 2.7595400000e+01, 1.4125006667e+04
 1500560400, 1.2000000000e+02, 7.0000000000e+01, 2.6000000000e+01, 2.7314533333e+01, 1.4123030000e+04
 1500560700, 1.6780000000e+02, 1.1142666667e+02, 3.3966666667e+01, 2.7128600000e+01, 1.4233083333e+04
 1500561000, 1.1900000000e+02, 6.9540000000e+01, 2.8680000000e+01, 2.6931900000e+01, 1.4211520000e+04
 1500561300, 8.2050000000e+01, 3.6000000000e+01, 2.4000000000e+01, 2.6775233333e+01, 1.4263300000e+04
 1500561600, 8.3983333333e+01, 3.6000000000e+01, 2.4000000000e+01, 2.6711233333e+01, 1.4299406667e+04
 1500561900, 8.1550000000e+01, 3.7240000000e+01, 2.4260000000e+01, 2.6660033333e+01, 1.4212413333e+04
 1500562200, 2.3500000000e+02, 1.6000000000e+02, 5.0000000000e+01, 2.6589733333e+01, 1.4222283333e+04
 1500562500, 2.0653333333e+02, 1.3885333333e+02, 4.5120000000e+01, 2.6606066667e+01, 1.4202460000e+04
 1500562800, 1.2600000000e+02, 7.3566666667e+01, 3.1666666667e+01, 2.6602300000e+01, 1.4278480000e+04
 1500563100, 8.1983333333e+01, 3.6000000000e+01, 2.4793333333e+01, 2.6608100000e+01, 1.4310290000e+04
 1500563400, 8.4000000000e+01, 3.6000000000e+01, 2.5600000000e+01, 2.6659933333e+01, 1.4297503333e+04
 1500563700, 8.0250000000e+01, 3.6206666667e+01, 2.4040000000e+01, 2.6696000000e+01, 1.4146293333e+04
 1500564000, 1.5500000000e+02, 9.8000000000e+01, 3.6000000000e+01, 2.6681600000e+01, 1.4186636667e+04
 1500564300, 1.1045000000e+02, 5.9120000000e+01, 2.7900000000e+01, 2.6609400000e+01, 1.4144450000e+04
 1500564600, 1.0000000000e+02, 5.1213333333e+01, 2.6000000000e+01, 2.6543533333e+01, 1.4092690000e+04
 1500564900, 1.5625000000e+02, 9.8666666667e+01, 3.5166666667e+01, 2.6499433333e+01, 1.3943080000e+04
 1500565200, 2.3601666667e+02, 1.6318666667e+02, 4.9220000000e+01, 2.6426466667e+01, 1.3671783333e+04
 1500565500, 2.4000000000e+02, 1.6014666667e+02, 5.3906666667e+01, 2.6179266667e+01, 1.3240836667e+04
 1500565800, 2.4000000000e+02, 1.8200000000e+02, 4.0000000000e+01, 2.5981000000e+01, 1.2938550000e+04
 1500566100, 2.2770000000e+02, 1.7708000000e+02, 3.0160000000e+01, 2.5796400000e+01, 1.3175180000e+04
 1500566400, 2.2500000000e+02, 1.7600000000e+02, 2.8000000000e+01, 2.5631966667e+01, 1.3543040000e+04
 1500566700, 2.2290000000e+02, 1.7516000000e+02, 2.8000000000e+01, 2.5527700000e+01, 1.3832536667e+04
 1500567000, 2.2000000000e+02, 1.7400000000e+02, 2.8000000000e+01, 2.5403800000e+01, 1.3972480000e+04
 1500567300, 2.2000000000e+02, 1.7404000000e+02, 2.8000000000e+01, 2.5302666667e+01, 1.4024146667e+04
 1500567600, 2.2000000000e+02, 1.7600000000e+02, 2.8000000000e+01, 2.5240800000e+01, 1.4037080000e+04
 1500567900, 2.2000000000e+02, 1.7600000000e+02, 2.8000000000e+01, 2.5191400000e+01, 1.4040040000e+04
 1500568200, 2.2000000000e+02, 1.7476000000e+02, 2.6760000000e+01, 2.5167400000e+01, 1.4041620000e+04
 1500568500, 2.2000000000e+02, 1.7400000000e+02, 2.6840000000e+01, 2.5138200000e+01, 1.4044440000e+04
 1500568800, 2.2000000000e+02, 1.7400000000e+02, 2.8000000000e+01, 2.5166200000e+01, 1.4053020000e+04
 1500569100, 2.2010000000e+02, 1.7404000000e+02, 2.8000000000e+01, 2.5199600000e+01, 1.4059680000e+04
 1500569400, 2.2500000000e+02, 1.7600000000e+02, 2.8000000000e+01, 2.5305333333e+01, 1.4088796667e+04
 1500569700, 2.2500000000e+02, 1.7600000000e+02, 3.1240000000e+01, 2.5444733333e+01, 1.4119210000e+04
 1500570000, 2.2500000000e+02, 1.7478666667e+02, 3.0786666667e+01, 2.5691333333e+01, 1.4002470000e+04
 1500570300, 2.2706666667e+02, 1.7400000000e+02, 3.1653333333e+01, 2.5946733333e+01, 1.3965073333e+04
 1500570600, 2.2160000000e+02, 1.6686000000e+02, 3.2740000000e+01, 2.6041766667e+01, 1.3998023333e+04
 1500570900, 1.8380000000e+02, 1.3380000000e+02, 2.7793333333e+01, 2.6166600000e+01, 1.3871276667e+04
 1500571200, 1.3580000000e+02, 8.5800000000e+01, 2.6193333333e+01, 2.6123100000e+01, 1.3760576667e+04
 1500571500, 1.0570000000e+02, 5.7320000000e+01, 2.6000000000e+01, 2.5881400000e+01, 1.3805026667e+04
 1500571800, 9.0900000000e+01, 4.2293333333e+01, 2.4786666667e+01, 2.5608533333e+01, 1.3870453333e+04
 1500572100, 1.0483333333e+02, 5.5040000000e+01, 2.5586666667e+01, 2.5698200000e+01, 1.4550875000e+04
 1500572400, 1.3100000000e+02, 7.9600000000e+01, 2.8000000000e+01, 2.5764600000e+01, 1.4255588333e+04
 1500572700, 1.1500000000e+02, 6.2000000000e+01, 2.8000000000e+01, 2.6014333333e+01, 1.4077560000e+04
 1500573000, 1.0000000000e+02, 5.2000000000e+01, 2.6000000000e+01, 2.6287100000e+01, 1.4017700000e+04
 1500573300, 1.0000000000e+02, 5.2000000000e+01, 2.4006666667e+01, 2.6584533333e+01, 1.4044890000e+04
 1500573600, 1.0400000000e+02, 5.0400000000e+01, 2.8800000000e+01, 2.6517533333e+01, 1.4112303333e+04
 1500573900, 1.1110000000e+02, 5.6100000000e+01, 3.0000000000e+01, 2.6525300000e+01, 1.4384313333e+04
 1500574200, 1.1910000000e+02, 6.6560000000e+01, 2.9180000000e+01, 2.6291233333e+01, 1.4563250000e+04
 1500574500, 1.2075000000e+02, 7.1920000000e+01, 2.7660000000e+01, 2.6022466667e+01, 1.4371613333e+04
 1500574800, 1.0005000000e+02, 5.2046666667e+01, 2.6000000000e+01, 2.5610833333e+01, 1.3962666667e+04
 1500575100, 1.1500000000e+02, 6.6000000000e+01, 2.6000000000e+01, 2.4983133333e+01, 1.3745793333e+04
 1500575400, 1.5055000000e+02, 9.4440000000e+01, 3.2320000000e+01, 2.4119200000e+01, 1.3757033333e+04
 1500575700, 1.3573333333e+02, 8.0160000000e+01, 3.2786666667e+01, 2.3330666667e+01, 1.3171253333e+04
 1500576000, 1.5116666667e+02, 8.9466666667e+01, 4.0066666667e+01, 2.2910500000e+01, 1.3064890000e+04
 1500576300, 1.9730000000e+02, 1.2604000000e+02, 4.9600000000e+01, 2.1548600000e+01, 1.8884820000e+04
 1500576600, 1.6990000000e+02, 1.1196000000e+02, 3.4000000000e+01, 1.8365600000e+01, 1.8312140000e+04
 1500576900, 1.6500000000e+02, 1.1000000000e+02, 3.4000000000e+01, 1.5670400000e+01, 1.8334500000e+04
 1500577200, 1.6090000000e+02, 1.0836000000e+02, 3.4000000000e+01, 1.3797000000e+01, 1.8439060000e+04
 1500577500, 1.6310000000e+02, 1.1048000000e+02, 3.4000000000e+01, 1.2379600000e+01, 1.8655620000e+04
 1500577800, 1.6500000000e+02, 1.1200000000e+02, 3.4000000000e+01, 1.1301000000e+01, 1.8797860000e+04
 1500578100, 1.6500000000e+02, 1.1200000000e+02, 3.4000000000e+01, 1.0599000000e+01, 1.8821480000e+04
 1500578400, 1.6490000000e+02, 1.1212000000e+02, 3.3840000000e+01, 1.0107400000e+01, 1.8925480000e+04
 1500578700, 1.6000000000e+02, 1.1800000000e+02, 2.6000000000e+01, 9.7356000000e+00, 1.9157000000e+04
 1500579000, 1.6410000000e+02, 1.1308000000e+02, 3.2560000000e+01, 9.3808000000e+00, 1.9156480000e+04
 1500579300, 1.6500000000e+02, 1.1076000000e+02, 3.4000000000e+01, 8.9204000000e+00, 1.9185940000e+04
 1500579600, 1.6500000000e+02, 1.1000000000e+02, 3.4000000000e+01, 8.5966000000e+00, 1.9379120000e+04
 1500579900, 1.6390000000e+02, 1.1000000000e+02, 3.4000000000e+01, 8.3418000000e+00, 1.9271540000e+04
 1500580200, 1.6010000000e+02, 1.1004000000e+02, 3.4000000000e+01, 8.1500000000e+00, 1.9206120000e+04
 1500580500, 1.6500000000e+02, 1.1200000000e+02, 3.4000000000e+01, 7.9596000000e+00, 1.7214380000e+04
 1500580800, 7.4800000000e+01, 3.9840000000e+01, 1.5960000000e+01, 6.5262000000e+00, 9.3732000000e+03
 1500581100, 1.0770000000e+02, 6.8640000000e+01, 2.0680000000e+01, 5.7098000000e+00, 9.2893800000e+03
 1500581400, 1.4420000000e+02, 1.0104000000e+02, 2.6000000000e+01, 6.3426000000e+00, 3.7165220000e+04
 1500581700, 1.5110000000e+02, 1.0800000000e+02, 2.6000000000e+01, 6.8156000000e+00, 4.3908820000e+04
 1500582000, 1.5500000000e+02, 1.0800000000e+02, 2.6000000000e+01, 7.1454000000e+00, 4.3908400000e+04
 1500582300, 1.5500000000e+02, 1.0800000000e+02, 2.6000000000e+01, 7.3822000000e+00, 4.3909900000e+04
 1500582600, 1.5500000000e+02, 1.0800000000e+02, 2.6000000000e+01, 7.5690000000e+00, 4.3913980000e+04
 1500582900, 1.5190000000e+02, 1.0800000000e+02, 2.6000000000e+01, 7.6910000000e+00, 4.4009340000e+04
 1500583200, 1.5210000000e+02, 1.0884000000e+02, 2.6840000000e+01, 7.5642000000e+00, 5.3029540000e+04
 1500583500, 1.5500000000e+02, 1.1000000000e+02, 2.8000000000e+01, 7.3362000000e+00, 5.4026240000e+04
 1500583800, 1.5500000000e+02, 1.1000000000e+02, 2.7960000000e+01, 7.0906000000e+00, 5.3993960000e+04
 1500584100, 1.5500000000e+02, 1.1000000000e+02, 2.6000000000e+01, 6.9618000000e+00, 5.3979200000e+04
 1500584400, 1.5500000000e+02, 1.1000000000e+02, 2.7640000000e+01, 6.8638000000e+00, 5.4028000000e+04
 1500584700, 1.5500000000e+02, 1.1000000000e+02, 2.8000000000e+01, 6.7250000000e+00, 5.4027620000e+04
 1500585000, 1.5500000000e+02, 1.1000000000e+02, 2.8000000000e+01, 6.6302000000e+00, 5.4026340000e+04
 1500585300, 1.5500000000e+02, 1.1000000000e+02, 2.7560000000e+01, 6.3194000000e+00, 5.4026520000e+04
 1500585600, 1.5500000000e+02, 1.1000000000e+02, 2.6040000000e+01, 6.2058000000e+00, 5.4022620000e+04
 1500585900, 1.5500000000e+02, 1.1000000000e+02, 2.8000000000e+01, 6.1992000000e+00, 3.5716080000e+04
 1500586200, 1.4680000000e+02, 1.0344000000e+02, 2.6360000000e+01, 6.6048000000e+00, 9.6341800000e+03
 1500586500, 1.5120000000e+02, 1.0572000000e+02, 2.6000000000e+01, 6.9964000000e+00, 4.3888060000e+04
 1500586800, 1.5500000000e+02, 1.0800000000e+02, 2.6000000000e+01, 7.2830000000e+00, 4.3889440000e+04
 1500587100, 1.5500000000e+02, 1.0800000000e+02, 2.6000000000e+01, 7.4894000000e+00, 4.3889820000e+04
 1500587400, 1.5500000000e+02, 1.0800000000e+02, 2.6000000000e+01, 7.6446000000e+00, 4.3890200000e+04
 1500587700, 1.5500000000e+02, 1.0800000000e+02, 2.6000000000e+01, 7.7640000000e+00, 4.3890600000e+04
 1500588000, 1.5500000000e+02, 1.0800000000e+02, 2.6000000000e+01, 7.8490000000e+00, 4.3891820000e+04
 1500588300, 1.5190000000e+02, 1.0428000000e+02, 2.7240000000e+01, 7.8842000000e+00, 4.7959840000e+04
 1500588600, 1.1850000000e+02, 7.2600000000e+01, 2.5480000000e+01, 8.0128000000e+00, 5.3837440000e+04
 1500588900, 9.3700000000e+01, 4.9160000000e+01, 2.3320000000e+01, 7.6508000000e+00, 5.4024820000e+04
 1500589200, 1.6000000000e+02, 1.1004000000e+02, 2.8000000000e+01, 7.1964333333e+00, 5.4025803333e+04
 1500589500, 1.6000000000e+02, 1.1200000000e+02, 2.8000000000e+01, 7.0204000000e+00, 5.4026040000e+04
 1500589800, 1.6000000000e+02, 1.1200000000e+02, 2.8000000000e+01, 6.7356000000e+00, 5.4026780000e+04
 1500590100, 1.6000000000e+02, 1.1200000000e+02, 2.8000000000e+01, 6.6398000000e+00, 5.4027820000e+04
 1500590400, 1.5790000000e+02, 1.1116000000e+02, 2.8000000000e+01, 6.4132000000e+00, 5.4027140000e+04
 1500590700, 1.5500000000e+02, 1.0956000000e+02, 2.8000000000e+01, 6.2274000000e+00, 4.4500620000e+04
 1500591000, 1.5490000000e+02, 1.0796000000e+02, 2.7960000000e+01, 6.5770000000e+00, 9.1595800000e+03
 1500591300, 1.5000000000e+02, 1.0600000000e+02, 2.6000000000e+01, 6.9746000000e+00, 3.7591400000e+04
 1500591600, 1.5410000000e+02, 1.0764000000e+02, 2.6000000000e+01, 7.2626000000e+00, 4.3886220000e+04
 1500591900, 1.5500000000e+02, 1.0800000000e+02, 2.6000000000e+01, 7.4656000000e+00, 4.3886240000e+04
 1500592200, 1.5500000000e+02, 1.0800000000e+02, 2.6000000000e+01, 7.6246000000e+00, 4.3886160000e+04
 1500592500, 1.5500000000e+02, 1.0800000000e+02, 2.6000000000e+01, 7.7418000000e+00, 4.3885620000e+04
 1500592800, 1.5480000000e+02, 1.0784000000e+02, 2.6000000000e+01, 7.8112000000e+00, 4.4952360000e+04
 1500593100, 1.4500000000e+02, 1.0000000000e+02, 2.6000000000e+01, 7.7332000000e+00, 5.2977900000e+04
 1500593400, 1.5730000000e+02, 1.0820000000e+02, 2.7640000000e+01, 7.1920000000e+00, 5.4027420000e+04
 1500593700, 1.6000000000e+02, 1.1124000000e+02, 2.8000000000e+01, 6.6554000000e+00, 5.4028600000e+04
 1500594000, 1.6000000000e+02, 1.1200000000e+02, 2.8000000000e+01, 6.4590000000e+00, 5.4030820000e+04
 1500594300, 1.6000000000e+02, 1.1200000000e+02, 2.8000000000e+01, 6.3506000000e+00, 5.4029840000e+04
 1500594600, 1.6000000000e+02, 1.1200000000e+02, 2.8000000000e+01, 6.0094000000e+00, 5.4030420000e+04
 1500594900, 1.6000000000e+02, 1.1200000000e+02, 2.8000000000e+01, 5.7610000000e+00, 5.4030900000e+04
 1500595200, 1.6000000000e+02, 1.1036000000e+02, 2.8000000000e+01, 5.6748000000e+00, 5.3167620000e+04
 1500595500, 9.4900000000e+01, 5.6680000000e+01, 1.8080000000e+01, 5.2126000000e+00, 9.1637000000e+03
 1500595800, 5.5000000000e+01, 2.4000000000e+01, 1.2000000000e+01, 3.8203000000e+00, 8.8049600000e+03
 1500596100, 5.5000000000e+01, 2.4000000000e+01, 1.2000000000e+01, 2.7947333333e+00, 8.8048400000e+03
 1500596400, 5.5000000000e+01, 2.4000000000e+01, 1.2000000000e+01, 2.0394000000e+00, 8.8070200000e+03
 1500596700, 5.5000000000e+01, 2.4000000000e+01, 1.2000000000e+01, 1.4952000000e+00, 8.8082200000e+03
 1500597000, 5.5000000000e+01, 2.4000000000e+01, 1.2000000000e+01, 1.0974000000e+00, 8.8094000000e+03
 1500597300, 5.5000000000e+01, 2.4000000000e+01, 1.2000000000e+01, 8.1340000000e-01, 8.8104400000e+03
 1500597600, 5.5000000000e+01, 2.4000000000e+01, 1.2000000000e+01, 6.1480000000e-01, 8.8100400000e+03
 1500597900, 5.5000000000e+01, 2.4000000000e+01, 1.2000000000e+01, 4.7770000000e-01, 8.8146500000e+03
 1500598200, 5.5000000000e+01, 2.4000000000e+01, 1.2000000000e+01, 3.6060000000e-01, 8.8134266667e+03
 1500598500, 5.5000000000e+01, 2.4000000000e+01, 1.2000000000e+01, 2.9500000000e-01, 8.8131800000e+03
 1500598800, 5.5000000000e+01, 2.4000000000e+01, 1.2000000000e+01, 2.3300000000e-01, 8.8133600000e+03
 1500599100, 5.5000000000e+01, 2.5640000000e+01, 1.2000000000e+01, 1.9540000000e-01, 8.8133000000e+03
 1500599400, 5.8100000000e+01, 2.6000000000e+01, 1.2000000000e+01, 1.7593333333e-01, 8.8157933333e+03
 1500599700, 5.7900000000e+01, 2.5160000000e+01, 1.2000000000e+01, 1.5903333333e-01, 8.8160233333e+03
 1500600000, 5.5000000000e+01, 2.4000000000e+01, 1.2000000000e+01, 1.3200000000e-01, 8.8165600000e+03
 1500600300, 5.5000000000e+01, 2.4000000000e+01, 1.2000000000e+01, 1.2380000000e-01, 8.8172800000e+03
 1500600600, 5.5000000000e+01, 2.4000000000e+01, 1.2000000000e+01, 1.2470000000e-01, 8.8196200000e+03
 1500600900, 5.5000000000e+01, 2.4000000000e+01, 1.2000000000e+01, 1.4140000000e-01, 8.8191000000e+03
 1500601200, 5.5000000000e+01, 2.4000000000e+01, 1.2000000000e+01, 1.3000000000e-01, 8.8164200000e+03
 1500601500, 5.5000000000e+01, 2.4000000000e+01, 1.2000000000e+01, 1.2180000000e-01, 8.8172200000e+03
 1500601800, 5.5000000000e+01, 2.4000000000e+01, 1.2000000000e+01, 1.2420000000e-01, 8.8161600000e+03
 1500602100, 5.5000000000e+01, 2.4000000000e+01, 1.2000000000e+01, 1.3400000000e-01, 8.8172200000e+03
 1500602400, 5.5000000000e+01, 2.4000000000e+01, 1.2000000000e+01, 1.2580000000e-01, 8.8171800000e+03
 1500602700, 5.5000000000e+01, 2.4000000000e+01, 1.2000000000e+01, 1.1800000000e-01, 8.8155700000e+03
 1500603000, 5.5000000000e+01, 2.4000000000e+01, 1.2000000000e+01, 1.0960000000e-01, 8.8150000000e+03
 1500603300, 5.5000000000e+01, 2.4000000000e+01, 1.2000000000e+01, 9.9800000000e-02, 8.8154200000e+03
 1500603600, 5.5000000000e+01, 2.4000000000e+01, 1.2000000000e+01, 8.3600000000e-02, 8.8147800000e+03
 1500603900, 5.5000000000e+01, 2.4000000000e+01, 1.2000000000e+01, 6.6000000000e-02, 8.8134000000e+03
 1500604200, 5.5000000000e+01, 2.4000000000e+01, 1.2000000000e+01, 6.1800000000e-02, 8.8136200000e+03
 1500604500, 5.5000000000e+01, 2.4000000000e+01, 1.2000000000e+01, 5.1800000000e-02, 8.8150000000e+03
 1500604800, 5.5000000000e+01, 2.4000000000e+01, 1.2000000000e+01, 5.0000000000e-02, 8.8148000000e+03
 1500605100, 5.5000000000e+01, 2.4000000000e+01, 1.2000000000e+01, 5.0000000000e-02, 8.8151200000e+03
 1500605400, 5.5000000000e+01, 2.4000000000e+01, 1.2000000000e+01, 5.0000000000e-02, 8.8181200000e+03
 1500605700, 5.5000000000e+01, 2.4000000000e+01, 1.2000000000e+01, 7.4800000000e-02, 8.8164966667e+03
 1500606000, 5.5000000000e+01, 2.4000000000e+01, 1.2000000000e+01, 9.2000000000e-02, 8.8166000000e+03
 1500606300, 5.5000000000e+01, 2.4000000000e+01, 1.2000000000e+01, 8.8000000000e-02, 8.8170000000e+03
 1500606600, 5.5000000000e+01, 2.4000000000e+01, 1.2000000000e+01, 9.8400000000e-02, 8.8166200000e+03
 1500606900, 5.5000000000e+01, 2.5206666667e+01, 1.2000000000e+01, 1.1400000000e-01, 8.8197366667e+03
 1500607200, 5.5000000000e+01, 2.5160000000e+01, 1.2000000000e+01, 1.1240000000e-01, 8.8191200000e+03
 1500607500, 5.5000000000e+01, 2.4000000000e+01, 1.2000000000e+01, 1.2400000000e-01, 8.8163600000e+03
 1500607800, 5.5000000000e+01, 2.4000000000e+01, 1.2000000000e+01, 1.2580000000e-01, 8.8162200000e+03
 1500608100, 5.5000000000e+01, 2.4000000000e+01, 1.2000000000e+01, 1.2640000000e-01, 8.8162200000e+03
 1500608400, 5.5000000000e+01, 2.4000000000e+01, 1.2000000000e+01, 1.3580000000e-01, 8.8158200000e+03
 1500608700, 5.5000000000e+01, 2.5240000000e+01, 1.2000000000e+01, 1.3220000000e-01, 8.8171800000e+03
 1500609000, 5.5000000000e+01, 2.6000000000e+01, 1.2000000000e+01, 1.2760000000e-01, 8.8174600000e+03
 1500609300, 5.5000000000e+01, 2.5560000000e+01, 1.2000000000e+01, 1.1580000000e-01, 8.8182000000e+03
 1500609600, 5.5000000000e+01, 2.4000000000e+01, 1.2000000000e+01, 9.9600000000e-02, 8.8184600000e+03
 1500609900, 5.5000000000e+01, 2.4000000000e+01, 1.2000000000e+01, 8.7800000000e-02, 8.8186200000e+03
 1500610200, 5.5000000000e+01, 2.4000000000e+01, 1.2000000000e+01, 7.1600000000e-02, 8.8170400000e+03
 1500610500, 5.5000000000e+01, 2.4000000000e+01, 1.2000000000e+01, 5.1800000000e-02, 8.8174000000e+03
 1500610800, 5.5000000000e+01, 2.4840000000e+01, 1.2000000000e+01, 5.0000000000e-02, 8.8175600000e+03
 1500611100, 5.5000000000e+01, 2.5560000000e+01, 1.2000000000e+01, 5.0000000000e-02, 8.8176200000e+03
 1500611400, 5.5000000000e+01, 2.4000000000e+01, 1.2000000000e+01, 5.0200000000e-02, 8.8172000000e+03
 1500611700, 5.5000000000e+01, 2.4000000000e+01, 1.2000000000e+01, 5.3800000000e-02, 8.8173800000e+03
 1500612000, 5.5000000000e+01, 2.4000000000e+01, 1.2000000000e+01, 5.6400000000e-02, 8.8179800000e+03
 1500612300, 5.5000000000e+01, 2.4000000000e+01, 1.2000000000e+01, 7.0000000000e-02, 8.8186600000e+03
 1500612600, 5.5000000000e+01, 2.4000000000e+01, 1.2000000000e+01, 5.5600000000e-02, 8.8196000000e+03
 1500612900, 5.5000000000e+01, 2.4000000000e+01, 1.2000000000e+01, 5.4200000000e-02, 8.8194400000e+03
 1500613200, 5.5000000000e+01, 2.4000000000e+01, 1.2000000000e+01, 7.6600000000e-02, 8.8197800000e+03
 1500613500, 5.5000000000e+01, 2.4000000000e+01, 1.2000000000e+01, 8.6000000000e-02, 8.8193800000e+03
 1500613800, 5.5000000000e+01, 2.4000000000e+01, 1.2000000000e+01, 7.9400000000e-02, 8.8186000000e+03
 1500614100, 5.5000000000e+01, 2.4000000000e+01, 1.2000000000e+01, 6.2000000000e-02, 8.8190000000e+03
 1500614400, 5.5000000000e+01, 2.4000000000e+01, 1.2000000000e+01, 6.6600000000e-02, 8.8194000000e+03
 1500614700, 5.5000000000e+01, 2.4000000000e+01, 1.2000000000e+01, 8.8000000000e-02, 8.8198200000e+03
 1500615000, 5.5000000000e+01, 2.4000000000e+01, 1.2000000000e+01, 7.9400000000e-02, 8.8196000000e+03
 1500615300, 5.5000000000e+01, 2.4000000000e+01, 1.2000000000e+01, 5.9800000000e-02, 8.8205800000e+03
 1500615600, 5.5000000000e+01, 2.4000000000e+01, 1.2000000000e+01, 5.0000000000e-02, 8.8202000000e+03
 1500615900, 5.5000000000e+01, 2.4000000000e+01, 1.2000000000e+01, 5.0000000000e-02, 8.8186000000e+03
 1500616200, 5.5000000000e+01, 2.4000000000e+01, 1.2000000000e+01, 5.6400000000e-02, 8.8182400000e+03
 1500616500, 5.5000000000e+01, 2.4000000000e+01, 1.2000000000e+01, 5.5600000000e-02, 8.8202000000e+03
 1500616800, 5.5000000000e+01, 2.4000000000e+01, 1.2000000000e+01, 5.0000000000e-02, 8.8202000000e+03
 1500617100, 5.5000000000e+01, 2.4000000000e+01, 1.2000000000e+01, 5.0000000000e-02, 8.8213800000e+03
 1500617400, 5.5000000000e+01, 2.4000000000e+01, 1.2000000000e+01, 5.2000000000e-02, 8.8198200000e+03
 1500617700, 5.5000000000e+01, 2.4000000000e+01, 1.2000000000e+01, 5.0000000000e-02, 8.8205800000e+03
 1500618000, 5.5000000000e+01, 2.4000000000e+01, 1.2000000000e+01, 5.0000000000e-02, 8.8212000000e+03
 1500618300, 5.5000000000e+01, 2.4880000000e+01, 1.2000000000e+01, 5.0200000000e-02, 8.8211800000e+03
 1500618600, 5.5000000000e+01, 2.7920000000e+01, 1.2000000000e+01, 5.3800000000e-02, 8.8186400000e+03
 1500618900, 5.5000000000e+01, 2.4000000000e+01, 1.2000000000e+01, 5.4000000000e-02, 8.8194000000e+03
 1500619200, 5.5000000000e+01, 2.4000000000e+01, 1.2000000000e+01, 6.0400000000e-02, 8.8200033333e+03
 1500619500, 5.5000000000e+01, 2.4000000000e+01, 1.2000000000e+01, 7.0000000000e-02, 8.8202400000e+03
 1500619800, 5.5000000000e+01, 2.4000000000e+01, 1.2000000000e+01, 5.9600000000e-02, 8.8215800000e+03
 1500620100, 5.5000000000e+01, 2.4000000000e+01, 1.2000000000e+01, 6.0200000000e-02, 8.8214000000e+03
 1500620400, 5.5000000000e+01, 2.4000000000e+01, 1.2000000000e+01, 6.0200000000e-02, 8.8214200000e+03
 1500620700, 5.5000000000e+01, 2.4000000000e+01, 1.2000000000e+01, 5.9800000000e-02, 8.8220200000e+03
 1500621000, 5.5000000000e+01, 2.4000000000e+01, 1.2000000000e+01, 5.3800000000e-02, 8.8236600000e+03
 1500621300, 5.5000000000e+01, 2.4000000000e+01, 1.2000000000e+01, 5.0200000000e-02, 8.8239400000e+03
 1500621600, 5.5000000000e+01, 2.4000000000e+01, 1.2000000000e+01, 5.5800000000e-02, 8.8222200000e+03
 1500621900, 5.5000000000e+01, 2.4000000000e+01, 1.2000000000e+01, 5.0000000000e-02, 8.8220000000e+03
 1500622200, 5.5000000000e+01, 2.4000000000e+01, 1.2000000000e+01, 5.0000000000e-02, 8.8219600000e+03
 1500622500, 5.5000000000e+01, 2.4000000000e+01, 1.2000000000e+01, 5.0000000000e-02, 8.8218400000e+03
 1500622800, 5.5000000000e+01, 2.4000000000e+01, 1.2000000000e+01, 5.0000000000e-02, 8.8217800000e+03
 1500623100, 5.5000000000e+01, 2.4000000000e+01, 1.2000000000e+01, 5.0200000000e-02, 8.8226600000e+03
 1500623400, 5.5000000000e+01, 2.4000000000e+01, 1.2000000000e+01, 6.1800000000e-02, 8.8232200000e+03
 1500623700, 5.3900000000e+01, 2.4000000000e+01, 1.2000000000e+01, 5.0000000000e-02, 8.8232200000e+03
 1500624000, 5.0100000000e+01, 2.4000000000e+01, 1.2000000000e+01, 5.0000000000e-02, 8.8236200000e+03
 1500624300, 5.5000000000e+01, 2.4000000000e+01, 1.2000000000e+01, 5.2000000000e-02, 8.8254400000e+03
 1500624600, 5.5000000000e+01, 2.4000000000e+01, 1.2000000000e+01, 6.2600000000e-02, 8.8242200000e+03
 1500624900, 5.5000000000e+01, 2.4000000000e+01, 1.2000000000e+01, 8.4000000000e-02, 8.8223800000e+03
 1500625200, 5.5000000000e+01, 2.4000000000e+01, 1.2000000000e+01, 6.7800000000e-02, 8.8220400000e+03
 1500625500, 5.5000000000e+01, 2.4000000000e+01, 1.2000000000e+01, 9.0400000000e-02, 8.8235800000e+03
 1500625800, 5.5000000000e+01, 2.4000000000e+01, 1.2000000000e+01, 9.2000000000e-02, 8.8226200000e+03
 1500626100, 5.5000000000e+01, 2.4000000000e+01, 1.2000000000e+01, 8.1800000000e-02, 8.8239800000e+03
 1500626400, 5.5000000000e+01, 2.4000000000e+01, 1.2000000000e+01, 7.8000000000e-02, 8.8228000000e+03
 1500626700, 5.5000000000e+01, 2.5240000000e+01, 1.2000000000e+01, 7.1800000000e-02, 8.8236400000e+03
 1500627000, 5.5000000000e+01, 2.5160000000e+01, 1.2000000000e+01, 6.7600000000e-02, 8.8264600000e+03
 1500627300, 5.5000000000e+01, 2.4000000000e+01, 1.2000000000e+01, 5.2000000000e-02, 8.8269800000e+03
 1500627600, 5.5000000000e+01, 2.4000000000e+01, 1.2000000000e+01, 5.4400000000e-02, 8.8233400000e+03
 1500627900, 5.5000000000e+01, 2.4000000000e+01, 1.2000000000e+01, 5.9600000000e-02, 8.8235800000e+03
 1500628200, 5.5000000000e+01, 2.4000000000e+01, 1.2000000000e+01, 5.4200000000e-02, 8.8234200000e+03
 1500628500, 5.5000000000e+01, 2.4000000000e+01, 1.2000000000e+01, 6.2000000000e-02, 8.8238000000e+03
 1500628800, 5.5000000000e+01, 2.4840000000e+01, 1.2000000000e+01, 5.3800000000e-02, 8.8240000000e+03
 1500629100, 5.5000000000e+01, 2.6000000000e+01, 1.2000000000e+01, 5.0000000000e-02, 8.8231800000e+03
 1500629400, 5.5000000000e+01, 2.6000000000e+01, 1.2000000000e+01, 5.0000000000e-02, 8.8232400000e+03
 1500629700, 5.5000000000e+01, 2.6000000000e+01, 1.2000000000e+01, -nan, 8.8242200000e+03
 1500630000, 5.5000000000e+01, 2.4360000000e+01, 1.2000000000e+01, -nan, 9.0691800000e+03
 1500630300, 1.8520000000e+02, 1.2568000000e+02, 3.9280000000e+01, -nan, 9.4980600000e+03
 1500630600, 2.6290000000e+02, 1.8800000000e+02, 5.5160000000e+01, -nan, 9.7397400000e+03
 1500630900, 2.5890000000e+02, 1.8668000000e+02, 5.4000000000e+01, -nan, 9.2993600000e+03
 1500631200, 2.5100000000e+02, 1.7884000000e+02, -nan, -nan, 9.0592000000e+03
 1500631500, 5.5000000000e+01, 2.4000000000e+01, -nan, -nan, 9.5366200000e+03
 1500631800, 8.3700000000e+01, 4.3680000000e+01, -nan, -nan, 1.0924740000e+04
 1500632100, 1.2720000000e+02, 8.5200000000e+01, -nan, -nan, 1.2107680000e+04
 1500632400, 1.5210000000e+02, 1.0800000000e+02, -nan, -nan, 1.2205700000e+04
 1500632700, 1.5390000000e+02, 1.0800000000e+02, -nan, -nan, -nan
 1500633000, 1.5010000000e+02, 1.0800000000e+02, -nan, -nan, -nan
 1500633300, 1.5500000000e+02, 1.0800000000e+02, -nan, -nan, -nan
 1500633600, 1.5090000000e+02, 1.0800000000e+02, -nan, -nan, -nan
 1500633900, 1.5000000000e+02, 1.0800000000e+02, -nan, -nan, -nan
 1500634200, -nan, -nan, -nan, -nan, -nan
 1500634500, -nan, -nan, -nan, -nan, -nan
 1500634800, -nan, -nan, -nan, -nan, -nan
