 Time, ttl_pwr, cpu_pwr, mem_pwr, cpu_load, mem_load
 1500448500, 5.0000000000e+01, 2.2000000000e+01, 8.0000000000e+00, 5.0000000000e-02, 6.9736000000e+03
 1500448800, 5.0000000000e+01, 2.3853333333e+01, 9.8533333333e+00, 5.0000000000e-02, 6.9737266667e+03
 1500449100, 5.0000000000e+01, 2.2546666667e+01, 8.5466666667e+00, 5.0000000000e-02, 6.9742000000e+03
 1500449400, 4.7366666667e+01, 2.2000000000e+01, 8.0000000000e+00, 5.0000000000e-02, 6.9749266667e+03
 1500449700, 4.6633333333e+01, 2.2653333333e+01, 8.6533333333e+00, 5.0000000000e-02, 6.9754000000e+03
 1500450000, 6.9633333333e+01, 4.1226666667e+01, 1.2026666667e+01, 9.2753333333e-01, 8.0864733333e+03
 1500450300, 2.0500000000e+02, 1.6000000000e+02, 2.6000000000e+01, 4.3397333333e+00, 9.2140333333e+03
 1500450600, 2.1890000000e+02, 1.7297333333e+02, 2.6000000000e+01, 6.9692666667e+00, 1.1173540000e+04
 1500450900, 2.0546666667e+02, 1.6237333333e+02, 2.4546666667e+01, 8.1526000000e+00, 7.2154066667e+03
 1500451200, 1.2100000000e+02, 8.7426666667e+01, 1.6626666667e+01, 6.3403333333e+00, 6.9758733333e+03
 1500451500, 1.0658333333e+02, 7.3793333333e+01, 1.5820000000e+01, 5.6588000000e+00, 1.7488420000e+04
 1500451800, 2.2436666667e+02, 1.7825333333e+02, 2.7493333333e+01, 8.2136000000e+00, 2.4616586667e+04
 1500452100, 2.2000000000e+02, 1.8000000000e+02, 2.4000000000e+01, 1.0299466667e+01, 2.4302260000e+04
 1500452400, 2.3390000000e+02, 1.8556000000e+02, 3.1413333333e+01, 1.1809266667e+01, 2.3117993333e+04
 1500452700, 2.3136666667e+02, 1.8600000000e+02, 2.6186666667e+01, 1.2906466667e+01, 1.7021853333e+04
 1500453000, 2.3526666667e+02, 1.8600000000e+02, 3.0320000000e+01, 1.3772466667e+01, 2.4150546667e+04
 1500453300, 2.3183333333e+02, 1.8142666667e+02, 3.2733333333e+01, 1.4387866667e+01, 2.4445560000e+04
 1500453600, 2.1753333333e+02, 1.7352000000e+02, 2.6760000000e+01, 1.4829400000e+01, 2.3579646667e+04
 1500453900, 2.3500000000e+02, 1.8400000000e+02, 3.2000000000e+01, 1.5160066667e+01, 2.0959270000e+04
 1500454200, 2.3500000000e+02, 1.8770666667e+02, 2.6440000000e+01, 1.5297600000e+01, 2.4537480000e+04
 1500454500, 2.2410000000e+02, 1.7637333333e+02, 3.0360000000e+01, 1.5385933333e+01, 2.0420520000e+04
 1500454800, 2.1736666667e+02, 1.7094666667e+02, 2.8840000000e+01, 1.5485400000e+01, 2.0150726667e+04
 1500455100, 2.2806666667e+02, 1.7326666667e+02, 3.5146666667e+01, 1.5560866667e+01, 2.4379566667e+04
 1500455400, 2.5183333333e+02, 1.8000000000e+02, 5.0960000000e+01, 1.5602933333e+01, 2.4786066667e+04
 1500455700, 2.3000000000e+02, 1.8000000000e+02, 3.0000000000e+01, 1.5593066667e+01, 2.1145940000e+04
 1500456000, 2.4390000000e+02, 1.8185333333e+02, 4.2973333333e+01, 1.5622933333e+01, 2.1146693333e+04
 1500456300, 2.3046666667e+02, 1.8200000000e+02, 3.2373333333e+01, 1.5636466667e+01, 2.3090646667e+04
 1500456600, 2.2500000000e+02, 1.8094666667e+02, 2.8000000000e+01, 1.5758666667e+01, 2.1531773333e+04
 1500456900, 2.2663333333e+02, 1.8130666667e+02, 2.8653333333e+01, 1.5844666667e+01, 2.2401646667e+04
 1500457200, 2.3063333333e+02, 1.8400000000e+02, 3.0253333333e+01, 1.5930833333e+01, 2.0695580000e+04
 1500457500, 2.3500000000e+02, 1.8400000000e+02, 3.2000000000e+01, 1.5931900000e+01, 2.4522020000e+04
 1500457800, 2.3036666667e+02, 1.8585333333e+02, 2.6440000000e+01, 1.5945800000e+01, 2.0597260000e+04
 1500458100, 2.3363333333e+02, 1.7873333333e+02, 3.4720000000e+01, 1.5957266667e+01, 1.9517786667e+04
 1500458400, 2.3236666667e+02, 1.7916000000e+02, 3.2733333333e+01, 1.5974533333e+01, 2.4606273333e+04
 1500458700, 2.3000000000e+02, 1.8069333333e+02, 2.9960000000e+01, 1.5985266667e+01, 2.2453373333e+04
 1500459000, 2.3063333333e+02, 1.7774666667e+02, 3.4760000000e+01, 1.5993266667e+01, 2.4531093333e+04
 1500459300, 2.3500000000e+02, 1.7600000000e+02, 4.0000000000e+01, 1.5975133333e+01, 2.4491126667e+04
 1500459600, 2.3963333333e+02, 1.8341333333e+02, 3.8146666667e+01, 1.5946533333e+01, 2.1447566667e+04
 1500459900, 2.3273333333e+02, 1.8545333333e+02, 2.9280000000e+01, 1.5957266667e+01, 1.8702993333e+04
 1500460200, 2.3000000000e+02, 1.8494666667e+02, 2.6000000000e+01, 1.5949866667e+01, 2.3297820000e+04
 1500460500, 2.3163333333e+02, 1.8400000000e+02, 2.8613333333e+01, 1.5865400000e+01, 2.2075806667e+04
 1500460800, 2.3436666667e+02, 1.8450666667e+02, 3.2733333333e+01, 1.5653800000e+01, 1.9472513333e+04
 1500461100, 2.3000000000e+02, 1.8800000000e+02, 2.4000000000e+01, 1.5744133333e+01, 2.3490480000e+04
 1500461400, 2.3463333333e+02, 1.8429333333e+02, 2.9560000000e+01, 1.5717866667e+01, 2.4250386667e+04
 1500461700, 2.3136666667e+02, 1.8545333333e+02, 2.5640000000e+01, 1.5715800000e+01, 2.4590833333e+04
 1500462000, 2.3000000000e+02, 1.8494666667e+02, 2.6106666667e+01, 1.5572333333e+01, 1.6839053333e+04
 1500462300, 1.7120000000e+02, 1.3173333333e+02, 2.2120000000e+01, 1.2355533333e+01, 6.9790933333e+03
 1500462600, 5.0000000000e+01, 2.4000000000e+01, 1.0000000000e+01, 8.9506666667e+00, 6.9780000000e+03
 1500462900, 5.0000000000e+01, 2.4000000000e+01, 1.0000000000e+01, 6.5025333333e+00, 6.9773266667e+03
 1500463200, 5.0000000000e+01, 2.4000000000e+01, 1.0000000000e+01, 4.7400000000e+00, 6.9761466667e+03
 1500463500, 5.0000000000e+01, 2.4000000000e+01, 1.0000000000e+01, 3.4759333333e+00, 6.9769266667e+03
 1500463800, 5.0000000000e+01, 2.4000000000e+01, 1.0000000000e+01, 2.5466666667e+00, 6.9767466667e+03
 1500464100, 5.0000000000e+01, 2.4000000000e+01, 1.0000000000e+01, 1.8625333333e+00, 6.9780533333e+03
 1500464400, 5.0000000000e+01, 2.4000000000e+01, 1.0000000000e+01, 1.3628000000e+00, 6.9779266667e+03
 1500464700, 5.0000000000e+01, 2.4000000000e+01, 1.0000000000e+01, 1.0034666667e+00, 6.9788000000e+03
 1500465000, 5.0000000000e+01, 2.4000000000e+01, 8.1466666667e+00, 7.3813333333e-01, 6.9788000000e+03
 1500465300, 5.0000000000e+01, 2.4000000000e+01, 8.0000000000e+00, 5.4646666667e-01, 6.9790000000e+03
 1500465600, 5.0000000000e+01, 2.4000000000e+01, 9.0533333333e+00, 4.1080000000e-01, 6.9788533333e+03
 1500465900, 5.0000000000e+01, 2.4000000000e+01, 1.0000000000e+01, 3.0986666667e-01, 6.9775466667e+03
 1500466200, 7.2800000000e+01, 4.2493333333e+01, 1.3800000000e+01, 5.6960000000e-01, 1.2329340000e+04
 1500466500, 2.3000000000e+02, 1.7000000000e+02, 4.0000000000e+01, 3.9945333333e+00, 2.1897360000e+04
 1500466800, 2.2536666667e+02, 1.8297333333e+02, 2.7026666667e+01, 6.5728666667e+00, 1.5158226667e+04
 1500467100, 1.0146666667e+02, 6.7733333333e+01, 1.5826666667e+01, 5.1977333333e+00, 6.9783466667e+03
 1500467400, 5.2366666667e+01, 2.4000000000e+01, 1.0946666667e+01, 3.7854666667e+00, 6.9776000000e+03
 1500467700, 5.0000000000e+01, 2.4000000000e+01, 1.0000000000e+01, 2.7525333333e+00, 6.9781266667e+03
 1500468000, 5.0000000000e+01, 2.4000000000e+01, 1.0000000000e+01, 1.9976666667e+00, 6.9784000000e+03
 1500468300, 5.0000000000e+01, 2.4000000000e+01, 1.0000000000e+01, 1.4452000000e+00, 6.9799266667e+03
 1500468600, 5.0000000000e+01, 2.4000000000e+01, 8.1466666667e+00, 1.0554666667e+00, 6.9794000000e+03
 1500468900, 5.0000000000e+01, 2.4000000000e+01, 8.0000000000e+00, 7.7033333333e-01, 6.9780733333e+03
 1500469200, 5.0000000000e+01, 2.4000000000e+01, 9.0533333333e+00, 5.7636666667e-01, 6.9780033333e+03
 1500469500, 5.0000000000e+01, 2.4000000000e+01, 1.0000000000e+01, 4.6206666667e-01, 6.9784000000e+03
 1500469800, 5.0000000000e+01, 2.4000000000e+01, 1.0000000000e+01, 3.6586666667e-01, 6.9778000000e+03
 1500470100, 5.0000000000e+01, 2.4000000000e+01, 1.0000000000e+01, 2.9240000000e-01, 6.9776000000e+03
 1500470400, 5.0000000000e+01, 2.4000000000e+01, 1.0000000000e+01, 2.2966666667e-01, 6.9786000000e+03
 1500470700, 5.0000000000e+01, 2.4000000000e+01, 1.0000000000e+01, 1.8440000000e-01, 6.9790733333e+03
 1500471000, 5.0000000000e+01, 2.4000000000e+01, 1.0000000000e+01, 1.3420000000e-01, 6.9795800000e+03
 1500471300, 5.0000000000e+01, 2.4000000000e+01, 9.3466666667e+00, 1.2400000000e-01, 6.9800733333e+03
 1500471600, 5.0000000000e+01, 2.4000000000e+01, 8.2533333333e+00, 1.1020000000e-01, 6.9783266667e+03
 1500471900, 5.0000000000e+01, 2.4000000000e+01, 1.0000000000e+01, 8.7466666667e-02, 6.9789266667e+03
 1500472200, 5.0000000000e+01, 2.4000000000e+01, 1.0000000000e+01, 6.8200000000e-02, 6.9788000000e+03
 1500472500, 5.0000000000e+01, 2.4000000000e+01, 1.0000000000e+01, 5.0000000000e-02, 6.9792000000e+03
 1500472800, 5.0000000000e+01, 2.4000000000e+01, 8.9466666667e+00, 5.0000000000e-02, 6.9795266667e+03
 1500473100, 5.0000000000e+01, 2.4000000000e+01, 8.6533333333e+00, 5.0000000000e-02, 6.9796533333e+03
 1500473400, 5.0000000000e+01, 2.4000000000e+01, 1.0000000000e+01, 5.0000000000e-02, 6.9796233333e+03
 1500473700, 5.0000000000e+01, 2.4000000000e+01, 1.0000000000e+01, 5.0000000000e-02, 6.9792533333e+03
 1500474000, 5.0000000000e+01, 2.4000000000e+01, 1.0000000000e+01, 5.0000000000e-02, 6.9798000000e+03
 1500474300, 5.0000000000e+01, 2.2546666667e+01, 8.5466666667e+00, 5.0000000000e-02, 6.9790000000e+03
 1500474600, 5.0000000000e+01, 2.3053333333e+01, 8.0000000000e+00, 5.0000000000e-02, 6.9790200000e+03
 1500474900, 5.0000000000e+01, 2.4000000000e+01, 8.6533333333e+00, 5.0000000000e-02, 6.9787466667e+03
 1500475200, 5.0000000000e+01, 2.4000000000e+01, 1.0000000000e+01, 5.0000000000e-02, 6.9785266667e+03
 1500475500, 5.0000000000e+01, 2.4000000000e+01, 1.0000000000e+01, 6.3266666667e-02, 6.9790000000e+03
 1500475800, 5.0000000000e+01, 2.4000000000e+01, 1.0000000000e+01, 5.8733333333e-02, 6.9790733333e+03
 1500476100, 5.0000000000e+01, 2.4000000000e+01, 1.0000000000e+01, 5.0000000000e-02, 6.9796000000e+03
 1500476400, 5.0000000000e+01, 2.4000000000e+01, 1.0000000000e+01, 5.0000000000e-02, 6.9797266667e+03
 1500476700, 5.0000000000e+01, 2.4000000000e+01, 1.0000000000e+01, 5.0000000000e-02, 6.9796733333e+03
 1500477000, 5.0000000000e+01, 2.4000000000e+01, 1.0000000000e+01, 5.0000000000e-02, 6.9799266667e+03
 1500477300, 5.0000000000e+01, 2.4000000000e+01, 1.0000000000e+01, 5.0000000000e-02, 6.9803266667e+03
 1500477600, 5.0000000000e+01, 2.4000000000e+01, 1.0000000000e+01, 5.0000000000e-02, 6.9809466667e+03
 1500477900, 5.0000000000e+01, 2.4000000000e+01, 1.0000000000e+01, 5.4000000000e-02, 6.9788000000e+03
 1500478200, 5.0000000000e+01, 2.4000000000e+01, 1.0000000000e+01, 5.2533333333e-02, 6.9808466667e+03
 1500478500, 5.6533333333e+01, 2.7266666667e+01, 1.3266666667e+01, 2.2873333333e-01, 6.9885666667e+03
 1500478800, 6.8733333333e+01, 3.3240000000e+01, 1.9240000000e+01, 4.6733333333e-01, 6.9874000000e+03
 1500479100, 6.0000000000e+01, 2.8000000000e+01, 1.4000000000e+01, 6.4626666667e-01, 6.9868000000e+03
 1500479400, 6.9266666667e+01, 3.3560000000e+01, 1.9560000000e+01, 7.8720000000e-01, 6.9871266667e+03
 1500479700, 5.9100000000e+01, 2.8186666667e+01, 1.4186666667e+01, 8.8486666667e-01, 6.9883266667e+03
 1500480000, 6.2900000000e+01, 3.0213333333e+01, 1.6213333333e+01, 9.4160000000e-01, 6.9895266667e+03
 1500480300, 6.3466666667e+01, 3.0733333333e+01, 1.6733333333e+01, 9.8380000000e-01, 6.9904733333e+03
 1500480600, 5.2533333333e+01, 2.5013333333e+01, 1.1266666667e+01, 1.0110666667e+00, 6.9901266667e+03
 1500480900, 7.0000000000e+01, 3.2000000000e+01, 2.0000000000e+01, 1.0465333333e+00, 6.9906533333e+03
 1500481200, 5.6100000000e+01, 2.6440000000e+01, 1.2586666667e+01, 1.0507333333e+00, 6.9914000000e+03
 1500481500, 5.5000000000e+01, 2.7453333333e+01, 1.2000000000e+01, 1.0565333333e+00, 6.9917266667e+03
 1500481800, 5.5000000000e+01, 2.6946666667e+01, 1.2000000000e+01, 1.0660000000e+00, 6.9931266667e+03
 1500482100, 5.3366666667e+01, 2.5346666667e+01, 1.1346666667e+01, 1.0700000000e+00, 6.9917466667e+03
 1500482400, 5.0633333333e+01, 2.4253333333e+01, 1.0253333333e+01, 1.0858000000e+00, 6.9929800000e+03
 1500482700, 5.5000000000e+01, 2.6000000000e+01, 1.2000000000e+01, 1.1020000000e+00, 6.9948000000e+03
 1500483000, 5.9633333333e+01, 2.7853333333e+01, 1.5706666667e+01, 1.0967333333e+00, 6.9939466667e+03
 1500483300, 6.0000000000e+01, 2.5093333333e+01, 1.6000000000e+01, 1.0867333333e+00, 6.9936000000e+03
 1500483600, 6.0000000000e+01, 2.6106666667e+01, 1.4946666667e+01, 1.0892666667e+00, 6.9927266667e+03
 1500483900, 6.1633333333e+01, 2.8653333333e+01, 1.4653333333e+01, 1.0985333333e+00, 6.9930000000e+03
 1500484200, 6.5000000000e+01, 3.0000000000e+01, 1.6253333333e+01, 1.1100000000e+00, 6.9921466667e+03
 1500484500, 6.5000000000e+01, 3.0000000000e+01, 1.8000000000e+01, 1.0974666667e+00, 6.9921800000e+03
 1500484800, 6.0366666667e+01, 2.8146666667e+01, 1.4293333333e+01, 1.0907333333e+00, 6.9935466667e+03
 1500485100, 6.0000000000e+01, 2.8000000000e+01, 1.5453333333e+01, 1.0898000000e+00, 6.9913466667e+03
 1500485400, 6.2633333333e+01, 2.9053333333e+01, 1.6000000000e+01, 1.1160000000e+00, 6.9912533333e+03
 1500485700, 6.3366666667e+01, 2.9346666667e+01, 1.5346666667e+01, 1.1127333333e+00, 6.9920000000e+03
 1500486000, 6.0000000000e+01, 2.8000000000e+01, 1.4000000000e+01, 1.1040000000e+00, 6.9918733333e+03
 1500486300, 6.0000000000e+01, 2.8000000000e+01, 1.4000000000e+01, 1.0907333333e+00, 6.9934533333e+03
 1500486600, 6.9266666667e+01, 3.1706666667e+01, 1.7706666667e+01, 1.0807333333e+00, 6.9910000000e+03
 1500486900, 6.2733333333e+01, 3.0546666667e+01, 1.5093333333e+01, 1.0727333333e+00, 6.9913466667e+03
 1500487200, 6.2633333333e+01, 3.0000000000e+01, 1.6106666667e+01, 1.0627333333e+00, 6.9907800000e+03
 1500487500, 6.6633333333e+01, 3.0653333333e+01, 1.8653333333e+01, 1.0507333333e+00, 6.9920733333e+03
 1500487800, 6.8733333333e+01, 3.1746666667e+01, 1.9493333333e+01, 1.0698000000e+00, 6.9914533333e+03
 1500488100, 6.0000000000e+01, 3.0000000000e+01, 1.6000000000e+01, 1.0852666667e+00, 6.9939800000e+03
 1500488400, 6.0000000000e+01, 2.8146666667e+01, 1.4146666667e+01, 1.1118000000e+00, 6.9944733333e+03
 1500488700, 6.3633333333e+01, 2.9453333333e+01, 1.6906666667e+01, 1.0374000000e+00, 6.9865866667e+03
 1500489000, 5.7100000000e+01, 2.6840000000e+01, 1.3786666667e+01, 7.7486666667e-01, 6.9846000000e+03
 1500489300, 5.0000000000e+01, 2.4000000000e+01, 1.0000000000e+01, 6.0426666667e-01, 6.9834400000e+03
 1500489600, 5.0000000000e+01, 2.4000000000e+01, 1.0000000000e+01, 4.6753333333e-01, 6.9824000000e+03
 1500489900, 5.0000000000e+01, 2.4000000000e+01, 1.0000000000e+01, 3.5733333333e-01, 6.9830000000e+03
 1500490200, 5.0000000000e+01, 2.4000000000e+01, 1.0000000000e+01, 2.7513333333e-01, 6.9826733333e+03
 1500490500, 5.0000000000e+01, 2.4000000000e+01, 1.0000000000e+01, 2.0766666667e-01, 6.9830733333e+03
 1500490800, 5.0000000000e+01, 2.4000000000e+01, 1.0000000000e+01, 1.6166666667e-01, 6.9832533333e+03
 1500491100, 5.0000000000e+01, 2.4000000000e+01, 1.0000000000e+01, 1.2620000000e-01, 6.9842000000e+03
 1500491400, 5.0000000000e+01, 2.4000000000e+01, 1.0000000000e+01, 9.8200000000e-02, 6.9839266667e+03
 1500491700, 5.0000000000e+01, 2.4000000000e+01, 1.0000000000e+01, 7.3466666667e-02, 6.9843466667e+03
 1500492000, 5.0000000000e+01, 2.4000000000e+01, 1.0000000000e+01, 5.2733333333e-02, 6.9840000000e+03
 1500492300, 5.0000000000e+01, 2.4000000000e+01, 1.0000000000e+01, 5.0000000000e-02, 6.9841266667e+03
 1500492600, 5.0000000000e+01, 2.4000000000e+01, 1.0000000000e+01, 5.0000000000e-02, 6.9826000000e+03
 1500492900, 5.0000000000e+01, 2.4000000000e+01, 1.0000000000e+01, 5.0000000000e-02, 6.9840000000e+03
 1500493200, 5.0000000000e+01, 2.4000000000e+01, 1.0000000000e+01, 5.0000000000e-02, 6.9827466667e+03
 1500493500, 5.0000000000e+01, 2.4000000000e+01, 1.0000000000e+01, 5.0000000000e-02, 6.9828533333e+03
 1500493800, 5.0000000000e+01, 2.4000000000e+01, 1.0000000000e+01, 5.0000000000e-02, 6.9834000000e+03
 1500494100, 5.0000000000e+01, 2.4000000000e+01, 1.0000000000e+01, 5.0000000000e-02, 6.9832000000e+03
 1500494400, 5.0000000000e+01, 2.4000000000e+01, 1.0000000000e+01, 5.0000000000e-02, 6.9834733333e+03
 1500494700, 5.0000000000e+01, 2.4000000000e+01, 1.0000000000e+01, 5.2000000000e-02, 6.9828000000e+03
 1500495000, 5.0000000000e+01, 2.4000000000e+01, 1.0000000000e+01, 5.0000000000e-02, 6.9841266667e+03
 1500495300, 5.0000000000e+01, 2.4000000000e+01, 1.0000000000e+01, 5.0000000000e-02, 6.9839466667e+03
 1500495600, 5.0000000000e+01, 2.4000000000e+01, 1.0000000000e+01, 5.0000000000e-02, 6.9825266667e+03
 1500495900, 5.0000000000e+01, 2.4000000000e+01, 1.0000000000e+01, 5.0000000000e-02, 6.9814733333e+03
 1500496200, 5.0000000000e+01, 2.4000000000e+01, 1.0000000000e+01, 5.0000000000e-02, 6.9814000000e+03
 1500496500, 5.0000000000e+01, 2.4000000000e+01, 1.0000000000e+01, 5.0000000000e-02, 6.9814733333e+03
 1500496800, 5.0000000000e+01, 2.4000000000e+01, 1.0000000000e+01, 5.0000000000e-02, 6.9821066667e+03
 1500497100, 5.0000000000e+01, 2.4000000000e+01, 1.0000000000e+01, 5.0000000000e-02, 6.9823466667e+03
 1500497400, 5.0000000000e+01, 2.4000000000e+01, 1.0000000000e+01, 5.0000000000e-02, 6.9820733333e+03
 1500497700, 5.0000000000e+01, 2.4000000000e+01, 1.0000000000e+01, 5.0000000000e-02, 6.9833266667e+03
 1500498000, 5.0000000000e+01, 2.4000000000e+01, 1.0000000000e+01, 5.0000000000e-02, 6.9832000000e+03
 1500498300, 5.0000000000e+01, 2.4000000000e+01, 1.0000000000e+01, 5.0000000000e-02, 6.9825266667e+03
 1500498600, 5.0000000000e+01, 2.4000000000e+01, 1.0000000000e+01, 5.0000000000e-02, 6.9824000000e+03
 1500498900, 5.0000000000e+01, 2.4000000000e+01, 1.0000000000e+01, 5.0000000000e-02, 6.9822733333e+03
 1500499200, 5.0000000000e+01, 2.4000000000e+01, 8.1466666667e+00, 5.0000000000e-02, 6.9831266667e+03
 1500499500, 5.0000000000e+01, 2.4000000000e+01, 9.4533333333e+00, 5.0000000000e-02, 6.9832000000e+03
 1500499800, 5.0000000000e+01, 2.4000000000e+01, 1.0000000000e+01, 5.0000000000e-02, 6.9833266667e+03
 1500500100, 5.0000000000e+01, 2.4000000000e+01, 9.3466666667e+00, 5.0000000000e-02, 6.9838733333e+03
 1500500400, 5.0000000000e+01, 2.4000000000e+01, 8.2533333333e+00, 5.5266666667e-02, 6.9840000000e+03
 1500500700, 5.0000000000e+01, 2.4000000000e+01, 1.0000000000e+01, 6.2000000000e-02, 6.9838000000e+03
 1500501000, 5.0000000000e+01, 2.4000000000e+01, 1.0000000000e+01, 6.0000000000e-02, 6.9837266667e+03
 1500501300, 5.0000000000e+01, 2.4000000000e+01, 1.0000000000e+01, 7.3800000000e-02, 6.9826733333e+03
 1500501600, 5.0000000000e+01, 2.4000000000e+01, 1.0000000000e+01, 7.9466666667e-02, 6.9833800000e+03
 1500501900, 5.0000000000e+01, 2.4000000000e+01, 1.0000000000e+01, 5.9466666667e-02, 6.9834733333e+03
 1500502200, 5.0000000000e+01, 2.4000000000e+01, 1.0000000000e+01, 5.0000000000e-02, 6.9834733333e+03
 1500502500, 5.0000000000e+01, 2.4000000000e+01, 1.0000000000e+01, 5.0000000000e-02, 6.9834533333e+03
 1500502800, 5.0000000000e+01, 2.4000000000e+01, 1.0000000000e+01, 5.0000000000e-02, 6.9833266667e+03
 1500503100, 5.0000000000e+01, 2.4000000000e+01, 1.0000000000e+01, 5.0000000000e-02, 6.9836733333e+03
 1500503400, 5.0000000000e+01, 2.4000000000e+01, 1.0000000000e+01, 5.0000000000e-02, 6.9835266667e+03
 1500503700, 5.0000000000e+01, 2.4000000000e+01, 1.0000000000e+01, 5.0000000000e-02, 6.9831266667e+03
 1500504000, 5.0000000000e+01, 2.4000000000e+01, 1.0000000000e+01, 5.0000000000e-02, 6.9828400000e+03
 1500504300, 5.0000000000e+01, 2.4000000000e+01, 1.0000000000e+01, 5.0000000000e-02, 6.9833266667e+03
 1500504600, 5.0000000000e+01, 2.4000000000e+01, 8.1466666667e+00, 5.0000000000e-02, 6.9830000000e+03
 1500504900, 5.0000000000e+01, 2.2546666667e+01, 8.0000000000e+00, 5.0000000000e-02, 6.9844466667e+03
 1500505200, 5.0000000000e+01, 2.3053333333e+01, 9.0533333333e+00, 5.0000000000e-02, 6.9847966667e+03
 1500505500, 5.0000000000e+01, 2.4000000000e+01, 1.0000000000e+01, 5.0000000000e-02, 6.9852733333e+03
 1500505800, 5.0000000000e+01, 2.4000000000e+01, 1.0000000000e+01, 5.0000000000e-02, 6.9856000000e+03
 1500506100, 5.0000000000e+01, 2.4000000000e+01, 1.0000000000e+01, 5.0000000000e-02, 6.9848000000e+03
 1500506400, 5.0000000000e+01, 2.4000000000e+01, 1.0000000000e+01, 5.0000000000e-02, 6.9861266667e+03
 1500506700, 5.0000000000e+01, 2.4000000000e+01, 1.0000000000e+01, 5.9266666667e-02, 6.9863266667e+03
 1500507000, 5.0000000000e+01, 2.2946666667e+01, 8.9466666667e+00, 5.4733333333e-02, 6.9862733333e+03
 1500507300, 5.0000000000e+01, 2.2653333333e+01, 8.6533333333e+00, 5.0000000000e-02, 6.9848733333e+03
 1500507600, 5.0000000000e+01, 2.4000000000e+01, 1.0000000000e+01, 5.0000000000e-02, 6.9852000000e+03
 1500507900, 5.0000000000e+01, 2.4000000000e+01, 1.0000000000e+01, 5.0000000000e-02, 6.9846000000e+03
 1500508200, 5.0000000000e+01, 2.4000000000e+01, 1.0000000000e+01, 5.0000000000e-02, 6.9854000000e+03
 1500508500, 5.0000000000e+01, 2.4000000000e+01, 1.0000000000e+01, 5.0000000000e-02, 6.9846000000e+03
 1500508800, 5.0000000000e+01, 2.4000000000e+01, 1.0000000000e+01, 5.0000000000e-02, 6.9850533333e+03
 1500509100, 5.0000000000e+01, 2.4000000000e+01, 1.0000000000e+01, 5.0000000000e-02, 6.9856733333e+03
 1500509400, 5.0000000000e+01, 2.3746666667e+01, 1.0000000000e+01, 5.0000000000e-02, 6.9858066667e+03
 1500509700, 5.0000000000e+01, 2.2000000000e+01, 1.0000000000e+01, 5.0000000000e-02, 6.9860000000e+03
 1500510000, 5.0000000000e+01, 2.3853333333e+01, 1.0000000000e+01, 5.0000000000e-02, 6.9870733333e+03
 1500510300, 5.0000000000e+01, 2.4000000000e+01, 1.0000000000e+01, 5.0000000000e-02, 6.9847266667e+03
 1500510600, 5.0000000000e+01, 2.4000000000e+01, 1.0000000000e+01, 5.0000000000e-02, 6.9852000000e+03
 1500510900, 5.0000000000e+01, 2.4000000000e+01, 1.0000000000e+01, 5.0000000000e-02, 6.9850000000e+03
 1500511200, 5.0000000000e+01, 2.4000000000e+01, 1.0000000000e+01, 5.0000000000e-02, 6.9850733333e+03
 1500511500, 5.0000000000e+01, 2.4000000000e+01, 1.0000000000e+01, 5.0000000000e-02, 6.9862533333e+03
 1500511800, 5.0000000000e+01, 2.4000000000e+01, 1.0000000000e+01, 5.0000000000e-02, 6.9870733333e+03
 1500512100, 5.0000000000e+01, 2.4000000000e+01, 1.0000000000e+01, 5.0000000000e-02, 6.9856000000e+03
 1500512400, 5.0000000000e+01, 2.4000000000e+01, 1.0000000000e+01, 5.0000000000e-02, 6.9858000000e+03
 1500512700, 5.1633333333e+01, 2.5306666667e+01, 1.0653333333e+01, 5.0000000000e-02, 6.9863266667e+03
 1500513000, 5.4366666667e+01, 2.7493333333e+01, 1.1746666667e+01, 5.0000000000e-02, 6.9850000000e+03
 1500513300, 5.0000000000e+01, 2.4000000000e+01, 1.0000000000e+01, 5.8533333333e-02, 6.9850733333e+03
 1500513600, 5.0000000000e+01, 2.4000000000e+01, 1.0000000000e+01, 6.6733333333e-02, 6.9858533333e+03
 1500513900, 5.0000000000e+01, 2.4000000000e+01, 1.0000000000e+01, 6.0000000000e-02, 6.9861466667e+03
 1500514200, 5.0000000000e+01, 2.4000000000e+01, 1.0000000000e+01, 5.0733333333e-02, 6.9853266667e+03
 1500514500, 5.0000000000e+01, 2.4000000000e+01, 1.0000000000e+01, 5.0000000000e-02, 6.9856733333e+03
 1500514800, 5.0000000000e+01, 2.4000000000e+01, 1.0000000000e+01, 5.0000000000e-02, 6.9850000000e+03
 1500515100, 5.0000000000e+01, 2.4000000000e+01, 1.0000000000e+01, 5.0000000000e-02, 6.9850000000e+03
 1500515400, 5.0000000000e+01, 2.4000000000e+01, 1.0000000000e+01, 5.0000000000e-02, 6.9859266667e+03
 1500515700, 5.0000000000e+01, 2.4000000000e+01, 1.0000000000e+01, 5.0000000000e-02, 6.9857466667e+03
 1500516000, 5.0000000000e+01, 2.4000000000e+01, 1.0000000000e+01, 5.0000000000e-02, 6.9840000000e+03
 1500516300, 5.0000000000e+01, 2.4000000000e+01, 1.0000000000e+01, 5.0000000000e-02, 6.9837266667e+03
 1500516600, 5.0000000000e+01, 2.4000000000e+01, 1.0000000000e+01, 5.0000000000e-02, 6.9846533333e+03
 1500516900, 5.0000000000e+01, 2.4000000000e+01, 1.0000000000e+01, 5.0000000000e-02, 6.9852733333e+03
 1500517200, 5.0000000000e+01, 2.2146666667e+01, 1.0000000000e+01, 5.0000000000e-02, 6.9855266667e+03
 1500517500, 5.0000000000e+01, 2.3453333333e+01, 8.5466666667e+00, 5.0000000000e-02, 6.9858000000e+03
 1500517800, 5.0000000000e+01, 2.4000000000e+01, 8.0000000000e+00, 5.0000000000e-02, 6.9851266667e+03
 1500518100, 5.0000000000e+01, 2.4000000000e+01, 8.0000000000e+00, 5.0000000000e-02, 6.9861266667e+03
 1500518400, 5.0000000000e+01, 2.4000000000e+01, 8.2533333333e+00, 5.0000000000e-02, 6.9863266667e+03
 1500518700, 5.0000000000e+01, 2.4000000000e+01, 1.0000000000e+01, 5.0000000000e-02, 6.9862000000e+03
 1500519000, 5.4633333333e+01, 2.7706666667e+01, 1.0000000000e+01, 5.0000000000e-02, 6.9848400000e+03
 1500519300, 5.1366666667e+01, 2.5093333333e+01, 1.0000000000e+01, 7.0533333333e-02, 6.9846000000e+03
 1500519600, 5.0000000000e+01, 2.4000000000e+01, 1.0000000000e+01, 6.0733333333e-02, 6.9845266667e+03
 1500519900, 5.0000000000e+01, 2.4000000000e+01, 1.0000000000e+01, 6.4000000000e-02, 6.9856733333e+03
 1500520200, 5.0000000000e+01, 2.4000000000e+01, 1.0000000000e+01, 6.0000000000e-02, 6.9858533333e+03
 1500520500, 5.0000000000e+01, 2.4000000000e+01, 1.0000000000e+01, 5.0733333333e-02, 6.9868000000e+03
 1500520800, 5.0000000000e+01, 2.4000000000e+01, 1.0000000000e+01, 5.0000000000e-02, 6.9866733333e+03
 1500521100, 5.0000000000e+01, 2.4000000000e+01, 1.0000000000e+01, 5.0000000000e-02, 6.9866000000e+03
 1500521400, 5.0000000000e+01, 2.4000000000e+01, 1.0000000000e+01, 5.0000000000e-02, 6.9875266667e+03
 1500521700, 5.0000000000e+01, 2.4000000000e+01, 1.0000000000e+01, 5.0000000000e-02, 6.9866733333e+03
 1500522000, 5.0000000000e+01, 2.4000000000e+01, 9.7466666667e+00, 5.0000000000e-02, 6.9860000000e+03
 1500522300, 5.0000000000e+01, 2.4000000000e+01, 8.0000000000e+00, 5.0000000000e-02, 6.9850733333e+03
 1500522600, 5.0000000000e+01, 2.4000000000e+01, 9.8533333333e+00, 5.0000000000e-02, 6.9847266667e+03
 1500522900, 5.0000000000e+01, 2.4000000000e+01, 1.0000000000e+01, 5.0000000000e-02, 6.9856733333e+03
 1500523200, 5.0000000000e+01, 2.2946666667e+01, 8.9466666667e+00, 5.0000000000e-02, 6.9855266667e+03
 1500523500, 5.0000000000e+01, 2.2653333333e+01, 8.6533333333e+00, 5.0000000000e-02, 6.9861266667e+03
 1500523800, 5.0000000000e+01, 2.4000000000e+01, 1.0000000000e+01, 5.2000000000e-02, 6.9863466667e+03
 1500524100, 5.0000000000e+01, 2.4000000000e+01, 1.0000000000e+01, 5.0000000000e-02, 6.9855266667e+03
 1500524400, 5.0000000000e+01, 2.4000000000e+01, 1.0000000000e+01, 5.4000000000e-02, 6.9864000000e+03
 1500524700, 5.0000000000e+01, 2.4000000000e+01, 1.0000000000e+01, 5.0000000000e-02, 6.9868000000e+03
 1500525000, 5.0000000000e+01, 2.4000000000e+01, 8.9466666667e+00, 5.0000000000e-02, 6.9855266667e+03
 1500525300, 5.0000000000e+01, 2.4000000000e+01, 8.6533333333e+00, 5.0000000000e-02, 6.9863266667e+03
 1500525600, 5.0000000000e+01, 2.4000000000e+01, 1.0000000000e+01, 5.4000000000e-02, 6.9858733333e+03
 1500525900, 5.0000000000e+01, 2.4000000000e+01, 1.0000000000e+01, 5.2000000000e-02, 6.9871266667e+03
 1500526200, 5.0000000000e+01, 2.4000000000e+01, 1.0000000000e+01, 5.0000000000e-02, 6.9870733333e+03
 1500526500, 5.0000000000e+01, 2.4000000000e+01, 1.0000000000e+01, 5.0000000000e-02, 6.9870000000e+03
 1500526800, 5.0000000000e+01, 2.4000000000e+01, 1.0000000000e+01, 5.0000000000e-02, 6.9879266667e+03
 1500527100, 5.0000000000e+01, 2.4000000000e+01, 1.0000000000e+01, 5.2000000000e-02, 6.9874733333e+03
 1500527400, 5.0000000000e+01, 2.4000000000e+01, 1.0000000000e+01, 5.0000000000e-02, 6.9862000000e+03
 1500527700, 5.0000000000e+01, 2.4000000000e+01, 1.0000000000e+01, 5.0000000000e-02, 6.9870733333e+03
 1500528000, 5.0000000000e+01, 2.4000000000e+01, 1.0000000000e+01, 5.0000000000e-02, 6.9860533333e+03
 1500528300, 5.0000000000e+01, 2.4000000000e+01, 1.0000000000e+01, 5.0000000000e-02, 6.9864000000e+03
 1500528600, 5.0000000000e+01, 2.4000000000e+01, 1.0000000000e+01, 5.0000000000e-02, 6.9863466667e+03
 1500528900, 5.0000000000e+01, 2.4000000000e+01, 1.0000000000e+01, 5.0000000000e-02, 6.9859266667e+03
 1500529200, 5.0000000000e+01, 2.4000000000e+01, 1.0000000000e+01, 5.0000000000e-02, 6.9866000000e+03
 1500529500, 5.0000000000e+01, 2.4000000000e+01, 1.0000000000e+01, 5.0000000000e-02, 6.9865266667e+03
 1500529800, 5.0000000000e+01, 2.4000000000e+01, 1.0000000000e+01, 5.0000000000e-02, 6.9872000000e+03
 1500530100, 5.0000000000e+01, 2.4000000000e+01, 8.5466666667e+00, 5.0000000000e-02, 6.9877266667e+03
 1500530400, 5.0000000000e+01, 2.4000000000e+01, 9.0533333333e+00, 5.0000000000e-02, 6.9884000000e+03
 1500530700, 5.0000000000e+01, 2.4000000000e+01, 1.0000000000e+01, 5.0000000000e-02, 6.9864733333e+03
 1500531000, 5.0000000000e+01, 2.4000000000e+01, 1.0000000000e+01, 5.2166666667e-02, 6.9867433333e+03
 1500531300, 5.0000000000e+01, 2.4000000000e+01, 1.0000000000e+01, 5.0000000000e-02, 6.9882533333e+03
 1500531600, 5.0000000000e+01, 2.4000000000e+01, 8.1466666667e+00, 5.3266666667e-02, 6.9888000000e+03
 1500531900, 5.0000000000e+01, 2.4000000000e+01, 9.4533333333e+00, 6.3266666667e-02, 6.9889266667e+03
 1500532200, 5.0000000000e+01, 2.4000000000e+01, 1.0000000000e+01, 6.1466666667e-02, 6.9891266667e+03
 1500532500, 5.0000000000e+01, 2.4000000000e+01, 1.0000000000e+01, 5.3266666667e-02, 6.9888733333e+03
 1500532800, 5.0000000000e+01, 2.4000000000e+01, 1.0000000000e+01, 5.0733333333e-02, 6.9885933333e+03
 1500533100, 5.0000000000e+01, 2.4000000000e+01, 1.0000000000e+01, 5.1266666667e-02, 6.9895800000e+03
 1500533400, 5.0000000000e+01, 2.4000000000e+01, 1.0000000000e+01, 5.0733333333e-02, 6.9892733333e+03
 1500533700, 5.0000000000e+01, 2.4000000000e+01, 1.0000000000e+01, 5.4000000000e-02, 6.9896933333e+03
 1500534000, 5.0000000000e+01, 2.4000000000e+01, 8.9466666667e+00, 5.0000000000e-02, 6.9882700000e+03
 1500534300, 5.0000000000e+01, 2.4000000000e+01, 8.6533333333e+00, 5.0000000000e-02, 6.9888533333e+03
 1500534600, 5.0000000000e+01, 2.4000000000e+01, 1.0000000000e+01, 5.0000000000e-02, 6.9883466667e+03
 1500534900, 5.0000000000e+01, 2.4000000000e+01, 1.0000000000e+01, 5.0000000000e-02, 6.9881466667e+03
 1500535200, 5.0000000000e+01, 2.4000000000e+01, 1.0000000000e+01, 5.0000000000e-02, 6.9880000000e+03
 1500535500, 5.0000000000e+01, 2.4000000000e+01, 1.0000000000e+01, 5.0000000000e-02, 6.9889800000e+03
 1500535800, 5.0000000000e+01, 2.4000000000e+01, 1.0000000000e+01, 5.0000000000e-02, 6.9896000000e+03
 1500536100, 5.0000000000e+01, 2.4000000000e+01, 1.0000000000e+01, 5.0000000000e-02, 6.9894733333e+03
 1500536400, 5.0000000000e+01, 2.4000000000e+01, 1.0000000000e+01, 5.0000000000e-02, 6.9900533333e+03
 1500536700, 5.0000000000e+01, 2.4000000000e+01, 1.0000000000e+01, 5.0000000000e-02, 6.9904000000e+03
 1500537000, 5.0000000000e+01, 2.2146666667e+01, 8.1466666667e+00, 5.0000000000e-02, 6.9887466667e+03
 1500537300, 5.0000000000e+01, 2.3453333333e+01, 9.4533333333e+00, 5.0000000000e-02, 6.9888000000e+03
 1500537600, 5.0000000000e+01, 2.4000000000e+01, 1.0000000000e+01, 5.0000000000e-02, 6.9892000000e+03
 1500537900, 5.0000000000e+01, 2.4000000000e+01, 1.0000000000e+01, 5.5266666667e-02, 6.9893266667e+03
 1500538200, 5.0000000000e+01, 2.4000000000e+01, 1.0000000000e+01, 6.7266666667e-02, 6.9897266667e+03
 1500538500, 5.0000000000e+01, 2.4000000000e+01, 1.0000000000e+01, 6.8733333333e-02, 6.9900000000e+03
 1500538800, 5.0000000000e+01, 2.4000000000e+01, 1.0000000000e+01, 6.9266666667e-02, 6.9914000000e+03
 1500539100, 5.0000000000e+01, 2.4000000000e+01, 1.0000000000e+01, 5.7466666667e-02, 6.9909266667e+03
 1500539400, 5.2633333333e+01, 2.6106666667e+01, 1.1053333333e+01, 5.1266666667e-02, 6.9904733333e+03
 1500539700, 5.3366666667e+01, 2.6693333333e+01, 1.1346666667e+01, 5.2733333333e-02, 6.9889466667e+03
 1500540000, 5.0000000000e+01, 2.4000000000e+01, 9.7466666667e+00, 5.0000000000e-02, 6.9891233333e+03
 1500540300, 5.0000000000e+01, 2.4000000000e+01, 8.0000000000e+00, 5.0000000000e-02, 6.9894533333e+03
 1500540600, 5.0000000000e+01, 2.2146666667e+01, 8.0000000000e+00, 5.0000000000e-02, 6.9902233333e+03
 1500540900, 5.0000000000e+01, 2.3453333333e+01, 9.4533333333e+00, 5.0000000000e-02, 6.9897966667e+03
 1500541200, 5.0000000000e+01, 2.4000000000e+01, 1.0000000000e+01, 5.0000000000e-02, 6.9905266667e+03
 1500541500, 5.0000000000e+01, 2.4000000000e+01, 1.0000000000e+01, 5.0000000000e-02, 6.9897266667e+03
 1500541800, 5.0000000000e+01, 2.4000000000e+01, 1.0000000000e+01, 5.0000000000e-02, 6.9904000000e+03
 1500542100, 5.0000000000e+01, 2.4000000000e+01, 1.0000000000e+01, 5.0000000000e-02, 6.9904733333e+03
 1500542400, 5.0000000000e+01, 2.4000000000e+01, 8.1466666667e+00, 5.2000000000e-02, 6.9903266667e+03
 1500542700, 5.0000000000e+01, 2.4000000000e+01, 8.0000000000e+00, 5.0000000000e-02, 6.9904000000e+03
 1500543000, 5.0000000000e+01, 2.4000000000e+01, 8.0000000000e+00, 5.0000000000e-02, 6.9902000000e+03
 1500543300, 5.0000000000e+01, 2.4000000000e+01, 8.0000000000e+00, 5.0000000000e-02, 6.9907266667e+03
 1500543600, 5.0000000000e+01, 2.4000000000e+01, 8.2533333333e+00, 5.0000000000e-02, 6.9902733333e+03
 1500543900, 5.0000000000e+01, 2.4000000000e+01, 1.0000000000e+01, 5.0000000000e-02, 6.9895266667e+03
 1500544200, 5.0000000000e+01, 2.2146666667e+01, 8.1466666667e+00, 5.9266666667e-02, 6.9905266667e+03
 1500544500, 5.0000000000e+01, 2.2000000000e+01, 8.0000000000e+00, 5.8000000000e-02, 6.9913466667e+03
 1500544800, 5.0000000000e+01, 2.3053333333e+01, 8.0000000000e+00, 5.8733333333e-02, 6.9908733333e+03
 1500545100, 5.0000000000e+01, 2.4000000000e+01, 8.0000000000e+00, 5.3266666667e-02, 6.9896733333e+03
 1500545400, 5.0000000000e+01, 2.3746666667e+01, 8.2533333333e+00, 6.0000000000e-02, 6.9884533333e+03
 1500545700, 5.0000000000e+01, 2.2000000000e+01, 1.0000000000e+01, 5.8000000000e-02, 6.9897266667e+03
 1500546000, 5.0000000000e+01, 2.3853333333e+01, 1.0000000000e+01, 5.0733333333e-02, 6.9898733333e+03
 1500546300, 5.0000000000e+01, 2.4000000000e+01, 1.0000000000e+01, 5.0000000000e-02, 6.9900533333e+03
 1500546600, 5.0000000000e+01, 2.4000000000e+01, 8.9466666667e+00, 5.0000000000e-02, 6.9902000000e+03
 1500546900, 5.0000000000e+01, 2.3346666667e+01, 8.0000000000e+00, 5.0000000000e-02, 6.9903266667e+03
 1500547200, 5.0000000000e+01, 2.2253333333e+01, 8.2533333333e+00, 5.0000000000e-02, 6.9905266667e+03
 1500547500, 5.0000000000e+01, 2.4000000000e+01, 1.0000000000e+01, 5.0000000000e-02, 6.9914000000e+03
 1500547800, 5.0000000000e+01, 2.4000000000e+01, 1.0000000000e+01, 5.0000000000e-02, 6.9911266667e+03
 1500548100, 5.0000000000e+01, 2.4000000000e+01, 1.0000000000e+01, 5.0000000000e-02, 6.9912733333e+03
 1500548400, 5.0000000000e+01, 2.4000000000e+01, 8.9466666667e+00, 5.0000000000e-02, 6.9904933333e+03
 1500548700, 5.0000000000e+01, 2.4000000000e+01, 8.0000000000e+00, 5.0000000000e-02, 6.9905266667e+03
 1500549000, 5.0000000000e+01, 2.4000000000e+01, 8.0000000000e+00, 5.0000000000e-02, 6.9904733333e+03
 1500549300, 5.0000000000e+01, 2.4000000000e+01, 8.0000000000e+00, 5.0000000000e-02, 6.9904000000e+03
 1500549600, 5.0000000000e+01, 2.4000000000e+01, 8.0000000000e+00, 5.0000000000e-02, 6.9900000000e+03
 1500549900, 5.0000000000e+01, 2.4000000000e+01, 9.4533333333e+00, 5.5266666667e-02, 6.9902766667e+03
 1500550200, 5.0000000000e+01, 2.4000000000e+01, 1.0000000000e+01, 5.4733333333e-02, 6.9905266667e+03
 1500550500, 5.0000000000e+01, 2.4000000000e+01, 1.0000000000e+01, 6.2500000000e-02, 6.9906000000e+03
 1500550800, 5.0000000000e+01, 2.4000000000e+01, 1.0000000000e+01, 7.0000000000e-02, 6.9908000000e+03
 1500551100, 5.0000000000e+01, 2.4000000000e+01, 1.0000000000e+01, 7.6533333333e-02, 6.9907266667e+03
 1500551400, 5.0000000000e+01, 2.4000000000e+01, 8.1466666667e+00, 9.0000000000e-02, 6.9922000000e+03
 1500551700, 5.0000000000e+01, 2.2546666667e+01, 9.4533333333e+00, 8.6733333333e-02, 6.9904733333e+03
 1500552000, 5.0000000000e+01, 2.3053333333e+01, 8.9466666667e+00, 7.0733333333e-02, 6.9912533333e+03
 1500552300, 5.0000000000e+01, 2.3346666667e+01, 8.0000000000e+00, 5.9466666667e-02, 6.9901466667e+03
 1500552600, 5.0000000000e+01, 2.2253333333e+01, 8.2533333333e+00, 5.0000000000e-02, 6.9905266667e+03
 1500552900, 5.0000000000e+01, 2.4000000000e+01, 1.0000000000e+01, 5.0000000000e-02, 6.9910733333e+03
 1500553200, 5.0000000000e+01, 2.4000000000e+01, 8.1466666667e+00, 5.2000000000e-02, 6.9916000000e+03
 1500553500, 5.0000000000e+01, 2.2546666667e+01, 9.4533333333e+00, 9.7600000000e-02, 7.1843866667e+03
 1500553800, 1.1930000000e+02, 7.8466666667e+01, 1.9240000000e+01, 3.2467333333e+00, 1.0489746667e+04
 1500554100, 1.8565000000e+02, 1.3330000000e+02, 2.7740000000e+01, 1.0007800000e+01, 1.1590436667e+04
 1500554400, 1.9220000000e+02, 1.4442000000e+02, 2.5780000000e+01, 1.6772733333e+01, 1.1822466667e+04
 1500554700, 2.1000000000e+02, 1.6400000000e+02, 2.4000000000e+01, 2.1250200000e+01, 1.0256506667e+04
 1500555000, 2.2390000000e+02, 1.8253333333e+02, 2.5853333333e+01, 2.4302966667e+01, 1.2828706667e+04
 1500555300, 2.2860000000e+02, 1.8544000000e+02, 2.6000000000e+01, 2.6466733333e+01, 1.3652116667e+04
 1500555600, 2.3000000000e+02, 1.8600000000e+02, 2.6000000000e+01, 2.8031200000e+01, 1.3713320000e+04
 1500555900, 2.3000000000e+02, 1.8600000000e+02, 2.6000000000e+01, 2.9210333333e+01, 1.4631326667e+04
 1500556200, 2.3000000000e+02, 1.8576000000e+02, 2.6000000000e+01, 3.0019966667e+01, 1.4979520000e+04
 1500556500, 2.3000000000e+02, 1.8400000000e+02, 2.6000000000e+01, 3.0580400000e+01, 1.5027520000e+04
 1500556800, 2.3000000000e+02, 1.8768000000e+02, 2.6000000000e+01, 3.1007366667e+01, 1.5063086667e+04
 1500557100, 2.3000000000e+02, 1.8656666667e+02, 2.6000000000e+01, 3.1333400000e+01, 1.5065193333e+04
 1500557400, 2.3000000000e+02, 1.8496000000e+02, 2.6000000000e+01, 3.1574000000e+01, 1.5066320000e+04
 1500557700, 2.3000000000e+02, 1.8464000000e+02, 2.6000000000e+01, 3.1736800000e+01, 1.5066120000e+04
 1500558000, 2.3000000000e+02, 1.8576000000e+02, 2.6000000000e+01, 3.1854000000e+01, 1.5066400000e+04
 1500558300, 2.3000000000e+02, 1.8400000000e+02, 2.6000000000e+01, 3.1939600000e+01, 1.5071360000e+04
 1500558600, 2.3000000000e+02, 1.8584000000e+02, 2.6000000000e+01, 3.2011200000e+01, 1.5072760000e+04
 1500558900, 2.2640000000e+02, 1.8456000000e+02, 2.6000000000e+01, 3.2061566667e+01, 1.5073600000e+04
 1500559200, 2.2760000000e+02, 1.8400000000e+02, 2.6000000000e+01, 3.2106000000e+01, 1.5073720000e+04
 1500559500, 2.3000000000e+02, 1.8464000000e+02, 2.6000000000e+01, 3.2135600000e+01, 1.5075600000e+04
 1500559800, 2.3000000000e+02, 1.8576000000e+02, 2.6000000000e+01, 3.2178366667e+01, 1.5081703333e+04
 1500560100, 2.3000000000e+02, 1.8400000000e+02, 2.6000000000e+01, 3.2290200000e+01, 1.5111356667e+04
 1500560400, 2.3000000000e+02, 1.8583333333e+02, 2.6000000000e+01, 3.2590166667e+01, 1.5168116667e+04
 1500560700, 2.2283333333e+02, 1.7740000000e+02, 2.6000000000e+01, 3.3074266667e+01, 1.5441870000e+04
 1500561000, 1.9675000000e+02, 1.5023333333e+02, 2.6000000000e+01, 3.3454666667e+01, 1.5616916667e+04
 1500561300, 1.9493333333e+02, 1.4272000000e+02, 3.0293333333e+01, 3.3710866667e+01, 1.5602853333e+04
 1500561600, 2.2075000000e+02, 1.5943333333e+02, 3.7666666667e+01, 3.3930133333e+01, 1.5665730000e+04
 1500561900, 7.5000000000e+01, 3.4000000000e+01, 2.0000000000e+01, 3.4096033333e+01, 1.5687153333e+04
 1500562200, 7.5000000000e+01, 3.4000000000e+01, 2.0000000000e+01, 3.4221366667e+01, 1.5658710000e+04
 1500562500, 7.5000000000e+01, 3.4000000000e+01, 2.1426666667e+01, 3.4349266667e+01, 1.5715883333e+04
 1500562800, 7.7583333333e+01, 3.5033333333e+01, 2.2000000000e+01, 3.4411666667e+01, 1.5672150000e+04
 1500563100, 7.8433333333e+01, 3.5373333333e+01, 2.1373333333e+01, 3.4412333333e+01, 1.5744050000e+04
 1500563400, 9.1033333333e+01, 4.7320000000e+01, 2.2713333333e+01, 3.4488266667e+01, 1.5558430000e+04
 1500563700, 2.0500000000e+02, 1.4200000000e+02, 4.2000000000e+01, 3.4531266667e+01, 1.5567913333e+04
 1500564000, 1.0035000000e+02, 5.8280000000e+01, 2.3800000000e+01, 3.4597133333e+01, 1.5613933333e+04
 1500564300, 9.3566666667e+01, 5.0000000000e+01, 2.2000000000e+01, 3.4635733333e+01, 1.5561766667e+04
 1500564600, 1.7660000000e+02, 1.1426000000e+02, 3.9340000000e+01, 3.4676800000e+01, 1.5541850000e+04
 1500564900, 2.0908333333e+02, 1.4053333333e+02, 4.5233333333e+01, 3.4896033333e+01, 1.5436956667e+04
 1500565200, 1.2188333333e+02, 7.3920000000e+01, 2.4273333333e+01, 3.5079133333e+01, 1.5452926667e+04
 1500565500, 2.2500000000e+02, 1.6000000000e+02, 4.4000000000e+01, 3.5198833333e+01, 1.5556546667e+04
 1500565800, 2.4783333333e+02, 1.7278666667e+02, 4.9480000000e+01, 3.5326266667e+01, 1.5512826667e+04
 1500566100, 1.5415000000e+02, 1.0016000000e+02, 3.1540000000e+01, 3.5358966667e+01, 1.5506540000e+04
 1500566400, 1.5070000000e+02, 9.9580000000e+01, 3.1140000000e+01, 3.5425366667e+01, 1.5346610000e+04
 1500566700, 1.7206666667e+02, 1.1765333333e+02, 3.4120000000e+01, 3.5465066667e+01, 1.5153853333e+04
 1500567000, 1.4873333333e+02, 9.9626666667e+01, 2.6213333333e+01, 3.5456100000e+01, 1.4807683333e+04
 1500567300, 1.8000000000e+02, 1.3000000000e+02, 2.8000000000e+01, 3.5403133333e+01, 1.4610256667e+04
 1500567600, 2.3460000000e+02, 1.7368000000e+02, 4.0740000000e+01, 3.5205266667e+01, 1.3650663333e+04
 1500567900, 2.4000000000e+02, 1.8376000000e+02, 3.4800000000e+01, 3.4881666667e+01, 1.3708606667e+04
 1500568200, 2.3480000000e+02, 1.8600000000e+02, 2.8880000000e+01, 3.4507200000e+01, 1.3702720000e+04
 1500568500, 2.3000000000e+02, 1.8600000000e+02, 2.6000000000e+01, 3.4231600000e+01, 1.4056240000e+04
 1500568800, 2.3061666667e+02, 1.8600000000e+02, 2.6246666667e+01, 3.4026700000e+01, 1.4329666667e+04
 1500569100, 2.3500000000e+02, 1.8600000000e+02, 2.8000000000e+01, 3.3809200000e+01, 1.4463840000e+04
 1500569400, 2.3036666667e+02, 1.8414666667e+02, 2.6146666667e+01, 3.3498266667e+01, 1.4552546667e+04
 1500569700, 2.3000000000e+02, 1.8400000000e+02, 2.6000000000e+01, 3.3134000000e+01, 1.4585906667e+04
 1500570000, 2.3000000000e+02, 1.8400000000e+02, 2.6000000000e+01, 3.2897933333e+01, 1.4608340000e+04
 1500570300, 2.3000000000e+02, 1.8400000000e+02, 2.6653333333e+01, 3.2689400000e+01, 1.4614420000e+04
 1500570600, 2.2936666667e+02, 1.8400000000e+02, 2.7746666667e+01, 3.2522266667e+01, 1.4489820000e+04
 1500570900, 2.2500000000e+02, 1.8400000000e+02, 2.6000000000e+01, 3.2246600000e+01, 1.4364420000e+04
 1500571200, 2.2500000000e+02, 1.8214666667e+02, 2.6000000000e+01, 3.1926333333e+01, 1.4366540000e+04
 1500571500, 2.2863333333e+02, 1.8200000000e+02, 2.6000000000e+01, 3.1745200000e+01, 1.4383630000e+04
 1500571800, 2.3000000000e+02, 1.8200000000e+02, 2.7046666667e+01, 3.1674733333e+01, 1.4401746667e+04
 1500572100, 2.2836666667e+02, 1.8200000000e+02, 2.7346666667e+01, 3.1616400000e+01, 1.4315420000e+04
 1500572400, 2.2556666667e+02, 1.8200000000e+02, 2.6226666667e+01, 3.1472533333e+01, 1.4218900000e+04
 1500572700, 2.3000000000e+02, 1.8200000000e+02, 2.8000000000e+01, 3.1416633333e+01, 1.4309836667e+04
 1500573000, 2.1625000000e+02, 1.7100000000e+02, 2.6166666667e+01, 3.1582233333e+01, 1.4433623333e+04
 1500573300, 2.0430000000e+02, 1.5858666667e+02, 2.6000000000e+01, 3.1782033333e+01, 1.4531550000e+04
 1500573600, 1.8986666667e+02, 1.4386666667e+02, 2.6000000000e+01, 3.1940133333e+01, 1.4625130000e+04
 1500573900, 1.6258333333e+02, 1.1753333333e+02, 2.5366666667e+01, 3.2194566667e+01, 1.4617176667e+04
 1500574200, 1.2325000000e+02, 8.0366666667e+01, 2.4000000000e+01, 3.2339166667e+01, 1.4625866667e+04
 1500574500, 1.1000000000e+02, 6.8000000000e+01, 2.4000000000e+01, 3.2395966667e+01, 1.4823840000e+04
 1500574800, 1.1000000000e+02, 6.6173333333e+01, 2.4000000000e+01, 3.2444233333e+01, 1.4645936667e+04
 1500575100, 1.0283333333e+02, 5.7400000000e+01, 2.4000000000e+01, 3.2501333333e+01, 1.4414470000e+04
 1500575400, 1.5425000000e+02, 9.9466666667e+01, 3.3300000000e+01, 3.2346100000e+01, 1.4342606667e+04
 1500575700, 2.0658333333e+02, 1.4453333333e+02, 4.1366666667e+01, 3.1975400000e+01, 1.4308860000e+04
 1500576000, 2.1056666667e+02, 1.5045333333e+02, 4.0000000000e+01, 3.1623866667e+01, 1.4269463333e+04
 1500576300, 2.1500000000e+02, 1.5400000000e+02, 4.0000000000e+01, 3.1297366667e+01, 1.4035393333e+04
 1500576600, 1.1035000000e+02, 6.6640000000e+01, 2.5440000000e+01, 3.1133100000e+01, 1.4052796667e+04
 1500576900, 1.6808333333e+02, 1.1246666667e+02, 3.6900000000e+01, 3.1060800000e+01, 1.3817533333e+04
 1500577200, 1.3596666667e+02, 8.3693333333e+01, 3.1733333333e+01, 3.0710800000e+01, 1.3902240000e+04
 1500577500, 8.0000000000e+01, 3.6633333333e+01, 2.2000000000e+01, 3.0197366667e+01, 1.3764830000e+04
 1500577800, 8.0000000000e+01, 3.8000000000e+01, 2.2000000000e+01, 2.9761333333e+01, 1.3602686667e+04
 1500578100, 8.0000000000e+01, 3.8000000000e+01, 2.2000000000e+01, 2.9417500000e+01, 1.3502096667e+04
 1500578400, 8.0000000000e+01, 3.6166666667e+01, 2.2000000000e+01, 2.8965666667e+01, 1.3320923333e+04
 1500578700, 1.0893333333e+02, 6.2040000000e+01, 2.4893333333e+01, 2.8471333333e+01, 1.2890563333e+04
 1500579000, 1.3026666667e+02, 7.9186666667e+01, 2.9080000000e+01, 2.7392633333e+01, 1.1957306667e+04
 1500579300, 1.3525000000e+02, 8.2833333333e+01, 3.0733333333e+01, 2.5674800000e+01, 1.1098146667e+04
 1500579600, 1.2196666667e+02, 7.4180000000e+01, 2.6786666667e+01, 2.3915400000e+01, 1.0921576667e+04
 1500579900, 1.1606666667e+02, 7.0853333333e+01, 2.4000000000e+01, 2.2019100000e+01, 1.0176656667e+04
 1500580200, 1.2500000000e+02, 7.8000000000e+01, 2.4000000000e+01, 2.0250300000e+01, 1.0276883333e+04
 1500580500, 1.1130000000e+02, 6.5213333333e+01, 2.4000000000e+01, 1.6645500000e+01, 1.1150286667e+04
 1500580800, 1.0626666667e+02, 6.1013333333e+01, 2.4000000000e+01, 1.5576333333e+01, 2.7890893333e+04
 1500581100, 2.0988333333e+02, 1.4824666667e+02, 4.2806666667e+01, 1.9097400000e+01, 4.1330036667e+04
 1500581400, 2.5000000000e+02, 1.8096000000e+02, 4.8960000000e+01, 2.2812166667e+01, 4.2049376667e+04
 1500581700, 2.5161666667e+02, 1.8194000000e+02, 4.8646666667e+01, 2.5529300000e+01, 4.3153766667e+04
 1500582000, 2.5500000000e+02, 1.8576000000e+02, 5.0000000000e+01, 2.7514666667e+01, 4.3808203333e+04
 1500582300, 2.5500000000e+02, 1.8400000000e+02, 5.0000000000e+01, 2.8982600000e+01, 4.3734473333e+04
 1500582600, 2.5500000000e+02, 1.8400000000e+02, 5.0000000000e+01, 3.0031466667e+01, 4.3592636667e+04
 1500582900, 2.5500000000e+02, 1.8400000000e+02, 5.0000000000e+01, 3.0747566667e+01, 4.4260200000e+04
 1500583200, 2.5240000000e+02, 1.8296000000e+02, 4.8960000000e+01, 3.1286533333e+01, 4.4572413333e+04
 1500583500, 2.5161666667e+02, 1.8264666667e+02, 4.8646666667e+01, 3.1655966667e+01, 4.4633126667e+04
 1500583800, 2.5500000000e+02, 1.8400000000e+02, 5.0000000000e+01, 3.1995866667e+01, 4.4825133333e+04
 1500584100, 2.5500000000e+02, 1.8400000000e+02, 5.0000000000e+01, 3.2223800000e+01, 4.4793153333e+04
 1500584400, 2.5500000000e+02, 1.8585333333e+02, 5.0000000000e+01, 3.2341800000e+01, 4.4878746667e+04
 1500584700, 2.5500000000e+02, 1.8600000000e+02, 5.0000000000e+01, 3.2380933333e+01, 4.4999543333e+04
 1500585000, 2.5500000000e+02, 1.8600000000e+02, 5.0000000000e+01, 3.2459333333e+01, 4.5018886667e+04
 1500585300, 2.5500000000e+02, 1.8535333333e+02, 5.0000000000e+01, 3.2523000000e+01, 4.4749326667e+04
 1500585600, 2.5500000000e+02, 1.8400000000e+02, 5.0000000000e+01, 3.2580266667e+01, 4.4661533333e+04
 1500585900, 2.5500000000e+02, 1.8400000000e+02, 5.0000000000e+01, 3.2606466667e+01, 4.4578336667e+04
 1500586200, 2.5500000000e+02, 1.8584666667e+02, 5.0000000000e+01, 3.2621100000e+01, 4.4800490000e+04
 1500586500, 2.5500000000e+02, 1.8600000000e+02, 5.0000000000e+01, 3.2608733333e+01, 4.5015850000e+04
 1500586800, 2.5500000000e+02, 1.8600000000e+02, 5.1053333333e+01, 3.2574533333e+01, 4.5494723333e+04
 1500587100, 2.5500000000e+02, 1.8534666667e+02, 5.1346666667e+01, 3.2597033333e+01, 4.5419186667e+04
 1500587400, 2.5500000000e+02, 1.8400000000e+02, 5.0000000000e+01, 3.2601966667e+01, 4.5311516667e+04
 1500587700, 2.5500000000e+02, 1.8400000000e+02, 5.0000000000e+01, 3.2177566667e+01, 4.0265696667e+04
 1500588000, 2.4573333333e+02, 1.7844000000e+02, 4.6293333333e+01, 3.0122800000e+01, 3.5565246667e+04
 1500588300, 1.8500000000e+02, 1.2866666667e+02, 3.5333333333e+01, 2.9072633333e+01, 3.6218400000e+04
 1500588600, 1.9713333333e+02, 1.3770666667e+02, 3.7373333333e+01, 2.8103966667e+01, 2.9873216667e+04
 1500588900, 1.9906666667e+02, 1.3925333333e+02, 3.8773333333e+01, 2.3541000000e+01, 1.3939326667e+04
 1500589200, 1.2880000000e+02, 8.3040000000e+01, 2.8253333333e+01, 1.9914266667e+01, 1.4774440000e+04
 1500589500, 1.5500000000e+02, 1.0400000000e+02, 3.0000000000e+01, 1.7350333333e+01, 1.5086760000e+04
 1500589800, 1.3183333333e+02, 8.5466666667e+01, 2.8146666667e+01, 1.5142600000e+01, 1.5085906667e+04
 1500590100, 1.4453333333e+02, 9.7080000000e+01, 2.9453333333e+01, 1.3190466667e+01, 1.5115266667e+04
 1500590400, 1.4473333333e+02, 9.7786666667e+01, 3.0000000000e+01, 1.1789266667e+01, 1.5080020000e+04
 1500590700, 1.4326666667e+02, 9.7266666667e+01, 3.0000000000e+01, 1.0783066667e+01, 1.5166166667e+04
 1500591000, 1.5063333333e+02, 1.0450666667e+02, 3.0000000000e+01, 1.0049466667e+01, 1.5182026667e+04
 1500591300, 1.5500000000e+02, 1.0800000000e+02, 3.0000000000e+01, 9.5104666667e+00, 1.5192220000e+04
 1500591600, 1.5500000000e+02, 1.0800000000e+02, 3.0000000000e+01, 9.1076666667e+00, 1.5219460000e+04
 1500591900, 1.5500000000e+02, 1.0800000000e+02, 3.0000000000e+01, 8.6036000000e+00, 1.2539626667e+04
 1500592200, 1.2340000000e+02, 7.8506666667e+01, 2.6840000000e+01, 6.7135333333e+00, 9.4129200000e+03
 1500592500, 9.1733333333e+01, 5.1346666667e+01, 2.3346666667e+01, 5.1362666667e+00, 1.2929600000e+04
 1500592800, 1.0400000000e+02, 6.6720000000e+01, 2.3266666667e+01, 5.5728666667e+00, 1.3357246667e+04
 1500593100, 2.3500000000e+02, 1.8200000000e+02, 3.2000000000e+01, 7.2708666667e+00, 1.3418040000e+04
 1500593400, 1.3306666667e+02, 8.7480000000e+01, 2.6440000000e+01, 6.2268000000e+00, 1.3388180000e+04
 1500593700, 1.2136666667e+02, 7.7093333333e+01, 2.6000000000e+01, 5.3092666667e+00, 1.3363973333e+04
 1500594000, 1.0208333333e+02, 6.0233333333e+01, 2.3133333333e+01, 4.3375333333e+00, 1.2269273333e+04
 1500594300, 9.2366666667e+01, 5.1893333333e+01, 2.2000000000e+01, 4.2119333333e+00, 1.2438613333e+04
 1500594600, 1.0306666667e+02, 6.1106666667e+01, 2.3960000000e+01, 6.1619333333e+00, 1.2599546667e+04
 1500594900, 1.2873333333e+02, 8.2986666667e+01, 2.7746666667e+01, 5.4604666667e+00, 1.2568526667e+04
 1500595200, 1.2000000000e+02, 7.6000000000e+01, 2.6000000000e+01, 4.7985333333e+00, 1.2562500000e+04
 1500595500, 1.2000000000e+02, 7.4146666667e+01, 2.6000000000e+01, 4.0203000000e+00, 1.1744950000e+04
 1500595800, 2.0356666667e+02, 1.5248000000e+02, 3.1813333333e+01, 5.2608000000e+00, 1.2714606667e+04
 1500596100, 1.7706666667e+02, 1.2722666667e+02, 2.9786666667e+01, 5.9590000000e+00, 1.2654940000e+04
 1500596400, 1.2336666667e+02, 7.7346666667e+01, 2.6000000000e+01, 5.1826000000e+00, 1.2652273333e+04
 1500596700, 1.1620000000e+02, 7.2960000000e+01, 2.5493333333e+01, 4.4948666667e+00, 1.2597733333e+04
 1500597000, 9.0000000000e+01, 5.2000000000e+01, 2.2000000000e+01, 3.5854000000e+00, 1.2255246667e+04
 1500597300, 9.0000000000e+01, 5.0146666667e+01, 2.2000000000e+01, 4.5190000000e+00, 1.2599520000e+04
 1500597600, 1.2633333333e+02, 8.0520000000e+01, 2.6360000000e+01, 5.8229333333e+00, 1.2662046667e+04
 1500597900, 1.2946666667e+02, 8.3573333333e+01, 2.6946666667e+01, 5.0711333333e+00, 1.2651126667e+04
 1500598200, 1.1183333333e+02, 6.8160000000e+01, 2.4693333333e+01, 4.4537666667e+00, 1.2598996667e+04
 1500598500, 9.4366666667e+01, 5.2000000000e+01, 2.2000000000e+01, 3.5848666667e+00, 1.1830540000e+04
 1500598800, 9.0000000000e+01, 5.2000000000e+01, 2.2000000000e+01, 3.8629333333e+00, 1.2478246667e+04
 1500599100, 1.9656666667e+02, 1.4466666667e+02, 3.1266666667e+01, 5.7776666667e+00, 1.2682406667e+04
 1500599400, 1.4323333333e+02, 9.6773333333e+01, 2.7640000000e+01, 5.1492000000e+00, 1.2652540000e+04
 1500599700, 1.2000000000e+02, 7.4946666667e+01, 2.6000000000e+01, 4.5856666667e+00, 1.2653173333e+04
 1500600000, 1.0590000000e+02, 6.2093333333e+01, 2.4120000000e+01, 4.0258000000e+00, 1.0056460000e+04
 1500600300, 7.5633333333e+01, 3.6506666667e+01, 2.0253333333e+01, 3.5433333333e+00, 9.2021766667e+03
 1500600600, 8.0000000000e+01, 4.0000000000e+01, 2.2000000000e+01, 4.0383333333e+00, 1.6231640000e+04
 1500600900, 1.5876666667e+02, 1.0857333333e+02, 3.1266666667e+01, 5.1317333333e+00, 1.8046393333e+04
 1500601200, 1.7226666667e+02, 1.2126666667e+02, 3.2000000000e+01, 6.1392000000e+00, 1.9678253333e+04
 1500601500, 1.7763333333e+02, 1.2610666667e+02, 3.2000000000e+01, 7.3492666667e+00, 2.0860656667e+04
 1500601800, 1.8490000000e+02, 1.3192000000e+02, 3.3306666667e+01, 9.3484666667e+00, 2.7882946667e+04
 1500602100, 2.0133333333e+02, 1.4481333333e+02, 3.7266666667e+01, 1.2132600000e+01, 3.2756153333e+04
 1500602400, 2.4500000000e+02, 1.7800000000e+02, 4.6000000000e+01, 1.5534866667e+01, 3.5658366667e+04
 1500602700, 2.4500000000e+02, 1.7800000000e+02, 4.6000000000e+01, 1.8119466667e+01, 3.5616053333e+04
 1500603000, 2.4500000000e+02, 1.7800000000e+02, 4.6000000000e+01, 1.9986466667e+01, 3.5571593333e+04
 1500603300, 2.4500000000e+02, 1.7800000000e+02, 4.6000000000e+01, 2.1364733333e+01, 3.5910113333e+04
 1500603600, 2.4500000000e+02, 1.7800000000e+02, 4.6000000000e+01, 2.2377666667e+01, 3.5957913333e+04
 1500603900, 2.4500000000e+02, 1.7800000000e+02, 4.6000000000e+01, 2.2998066667e+01, 3.6255663333e+04
 1500604200, 2.4500000000e+02, 1.7800000000e+02, 4.6000000000e+01, 2.3512800000e+01, 3.6621033333e+04
 1500604500, 2.4500000000e+02, 1.7614666667e+02, 4.9706666667e+01, 2.3813933333e+01, 3.3687006667e+04
 1500604800, 2.4500000000e+02, 1.7600000000e+02, 4.7093333333e+01, 2.3822200000e+01, 3.2990833333e+04
 1500605100, 2.4236666667e+02, 1.7600000000e+02, 4.6000000000e+01, 2.3786733333e+01, 3.2924526667e+04
 1500605400, 2.4000000000e+02, 1.7534666667e+02, 4.6000000000e+01, 2.3806333333e+01, 3.2807200000e+04
 1500605700, 2.4063333333e+02, 1.7425333333e+02, 4.6000000000e+01, 2.3872866667e+01, 3.2659946667e+04
 1500606000, 2.4500000000e+02, 1.7600000000e+02, 4.6000000000e+01, 2.3900200000e+01, 3.2886813333e+04
 1500606300, 2.4036666667e+02, 1.7600000000e+02, 4.6000000000e+01, 2.3895933333e+01, 3.2939253333e+04
 1500606600, 2.3273333333e+02, 1.7164000000e+02, 4.3093333333e+01, 2.2882333333e+01, 2.4856540000e+04
 1500606900, 1.3140000000e+02, 8.2960000000e+01, 2.8400000000e+01, 2.1889633333e+01, 2.4622546667e+04
 1500607200, 1.5346666667e+02, 1.0309333333e+02, 3.1480000000e+01, 2.1070866667e+01, 2.4994913333e+04
 1500607500, 2.1663333333e+02, 1.5930666667e+02, 4.0653333333e+01, 2.0882433333e+01, 2.8036963333e+04
 1500607800, 2.2253333333e+02, 1.6377333333e+02, 4.2506666667e+01, 2.2352300000e+01, 3.6844563333e+04
 1500608100, 2.4000000000e+02, 1.7600000000e+02, 4.6000000000e+01, 2.3349933333e+01, 3.0600013333e+04
 1500608400, 2.1220000000e+02, 1.5376000000e+02, 4.0440000000e+01, 2.2115733333e+01, 2.5917826667e+04
 1500608700, 2.2090000000e+02, 1.6072000000e+02, 4.1453333333e+01, 2.0760933333e+01, 2.6755186667e+04
 1500609000, 2.2236666667e+02, 1.6189333333e+02, 4.0946666667e+01, 1.9829866667e+01, 2.7698126667e+04
 1500609300, 2.2163333333e+02, 1.6130666667e+02, 4.0000000000e+01, 1.9178000000e+01, 2.9072000000e+04
 1500609600, 2.2685000000e+02, 1.6597333333e+02, 4.0246666667e+01, 1.9077200000e+01, 3.4302463333e+04
 1500609900, 2.4000000000e+02, 1.8000000000e+02, 4.2000000000e+01, 2.0496266667e+01, 4.2988193333e+04
 1500610200, 2.4463333333e+02, 1.8000000000e+02, 4.2000000000e+01, 2.1685000000e+01, 4.6279060000e+04
 1500610500, 2.4500000000e+02, 1.8145333333e+02, 4.2000000000e+01, 2.2573733333e+01, 4.8697033333e+04
 1500610800, 2.4236666667e+02, 1.8200000000e+02, 4.0946666667e+01, 2.3223466667e+01, 4.9867700000e+04
 1500611100, 2.4163333333e+02, 1.8134666667e+02, 4.0653333333e+01, 2.3675266667e+01, 5.0667180000e+04
 1500611400, 2.4500000000e+02, 1.8025333333e+02, 4.2000000000e+01, 2.3977800000e+01, 5.0856493333e+04
 1500611700, 2.4500000000e+02, 1.8200000000e+02, 4.2000000000e+01, 2.4278733333e+01, 5.1835886667e+04
 1500612000, 2.4500000000e+02, 1.8200000000e+02, 4.3853333333e+01, 2.4479800000e+01, 5.0809813333e+04
 1500612300, 2.4136666667e+02, 1.8490666667e+02, 3.8186666667e+01, 2.4382600000e+01, 4.9502706667e+04
 1500612600, 2.4000000000e+02, 1.8284000000e+02, 3.9160000000e+01, 2.4309333333e+01, 5.0778673333e+04
 1500612900, 2.4000000000e+02, 1.8000000000e+02, 4.2000000000e+01, 2.4159533333e+01, 5.0786446667e+04
 1500613200, 2.4000000000e+02, 1.8000000000e+02, 4.2000000000e+01, 2.4050066667e+01, 5.0751340000e+04
 1500613500, 2.4000000000e+02, 1.8000000000e+02, 4.2000000000e+01, 2.3993266667e+01, 5.1041786667e+04
 1500613800, 2.4000000000e+02, 1.8000000000e+02, 4.2000000000e+01, 2.4057500000e+01, 4.9822513333e+04
 1500614100, 2.2910000000e+02, 1.7273333333e+02, 3.7640000000e+01, 2.2546800000e+01, 4.0479986667e+04
 1500614400, 1.8813333333e+02, 1.3840000000e+02, 2.9680000000e+01, 1.9367733333e+01, 3.4093593333e+04
 1500614700, 1.5336666667e+02, 1.0869333333e+02, 2.4000000000e+01, 1.6379600000e+01, 3.4642013333e+04
 1500615000, 1.5000000000e+02, 1.0600000000e+02, 2.4000000000e+01, 1.4063933333e+01, 3.4966200000e+04
 1500615300, 1.5000000000e+02, 1.0600000000e+02, 2.4000000000e+01, 1.2395400000e+01, 3.4988326667e+04
 1500615600, 1.5000000000e+02, 1.0785333333e+02, 2.4000000000e+01, 1.1179000000e+01, 3.5008626667e+04
 1500615900, 1.5000000000e+02, 1.0800000000e+02, 2.4000000000e+01, 1.0295733333e+01, 3.5441000000e+04
 1500616200, 1.4736666667e+02, 1.0694666667e+02, 2.4000000000e+01, 9.6548666667e+00, 3.5616773333e+04
 1500616500, 1.4663333333e+02, 1.0600000000e+02, 2.4000000000e+01, 9.1968000000e+00, 3.5688486667e+04
 1500616800, 1.5000000000e+02, 1.0600000000e+02, 2.4000000000e+01, 8.8405333333e+00, 3.5774193333e+04
 1500617100, 1.5000000000e+02, 1.0600000000e+02, 2.4000000000e+01, 8.6107333333e+00, 3.3334666667e+04
 1500617400, 1.2683333333e+02, 8.7466666667e+01, 2.4000000000e+01, 7.6308000000e+00, 1.6099600000e+04
 1500617700, 9.5933333333e+01, 5.6933333333e+01, 2.2546666667e+01, 6.0997333333e+00, 9.6357266667e+03
 1500618000, 8.7633333333e+01, 4.7053333333e+01, 2.2000000000e+01, 4.7620000000e+00, 8.6204600000e+03
 1500618300, 7.6933333333e+01, 4.0160000000e+01, 1.8080000000e+01, 3.6499333333e+00, 7.2361600000e+03
 1500618600, 5.0000000000e+01, 2.3746666667e+01, 1.0000000000e+01, 2.6683333333e+00, 6.9590200000e+03
 1500618900, 5.0000000000e+01, 2.2000000000e+01, 1.0000000000e+01, 1.9402000000e+00, 6.9594000000e+03
 1500619200, 5.0000000000e+01, 2.2000000000e+01, 1.0000000000e+01, 1.4250666667e+00, 6.9626166667e+03
 1500619500, 5.0000000000e+01, 2.3453333333e+01, 8.5466666667e+00, 1.0792666667e+00, 6.9675266667e+03
 1500619800, 5.0000000000e+01, 2.2946666667e+01, 9.0533333333e+00, 8.2813333333e-01, 6.9673466667e+03
 1500620100, 5.1633333333e+01, 2.2653333333e+01, 1.0653333333e+01, 6.2593333333e-01, 6.9671266667e+03
 1500620400, 5.4366666667e+01, 2.4000000000e+01, 1.1746666667e+01, 4.6553333333e-01, 6.9658000000e+03
 1500620700, 5.0000000000e+01, 2.4000000000e+01, 1.0000000000e+01, 3.5533333333e-01, 6.9666000000e+03
 1500621000, 5.0000000000e+01, 2.4000000000e+01, 1.0000000000e+01, 2.7713333333e-01, 6.9668000000e+03
 1500621300, 5.0000000000e+01, 2.4000000000e+01, 8.5466666667e+00, 2.0966666667e-01, 6.9665800000e+03
 1500621600, 5.0000000000e+01, 2.4000000000e+01, 8.0000000000e+00, 1.6366666667e-01, 6.9668733333e+03
 1500621900, 5.0000000000e+01, 2.3346666667e+01, 8.6533333333e+00, 1.2946666667e-01, 6.9674733333e+03
 1500622200, 5.0000000000e+01, 2.2000000000e+01, 9.7466666667e+00, 1.0420000000e-01, 6.9668000000e+03
 1500622500, 5.0000000000e+01, 2.2000000000e+01, 8.0000000000e+00, 7.4200000000e-02, 6.9670000000e+03
 1500622800, 5.0000000000e+01, 2.2000000000e+01, 8.0000000000e+00, 5.0733333333e-02, 6.9684533333e+03
 1500623100, 5.0000000000e+01, 2.3453333333e+01, 9.4533333333e+00, 5.0000000000e-02, 6.9682733333e+03
 1500623400, 5.0000000000e+01, 2.4000000000e+01, 1.0000000000e+01, 5.0000000000e-02, 6.9674000000e+03
 1500623700, 5.0000000000e+01, 2.3346666667e+01, 9.3466666667e+00, 5.0000000000e-02, 6.9676000000e+03
 1500624000, 5.0000000000e+01, 2.2000000000e+01, 8.0000000000e+00, 5.0000000000e-02, 6.9673266667e+03
 1500624300, 5.0000000000e+01, 2.2000000000e+01, 8.0000000000e+00, 5.0000000000e-02, 6.9667266667e+03
 1500624600, 5.0000000000e+01, 2.3853333333e+01, 9.8533333333e+00, 5.0000000000e-02, 6.9665500000e+03
 1500624900, 5.0000000000e+01, 2.2546666667e+01, 8.5466666667e+00, 5.1266666667e-02, 6.9667800000e+03
 1500625200, 5.0000000000e+01, 2.2000000000e+01, 8.0000000000e+00, 5.6733333333e-02, 6.9675466667e+03
 1500625500, 5.0000000000e+01, 2.2000000000e+01, 8.0000000000e+00, 5.0000000000e-02, 6.9675266667e+03
 1500625800, 5.0000000000e+01, 2.2000000000e+01, 8.0000000000e+00, 5.4533333333e-02, 6.9674533333e+03
 1500626100, 5.0000000000e+01, 2.2000000000e+01, 8.0000000000e+00, 7.0000000000e-02, 6.9689800000e+03
 1500626400, 5.0000000000e+01, 2.2000000000e+01, 8.0000000000e+00, 5.9466666667e-02, 6.9678600000e+03
 1500626700, 5.0000000000e+01, 2.2000000000e+01, 8.0000000000e+00, 5.0000000000e-02, 6.9676533333e+03
 1500627000, 5.0000000000e+01, 2.2000000000e+01, 8.0000000000e+00, 5.0000000000e-02, 6.9675466667e+03
 1500627300, 5.0000000000e+01, 2.2000000000e+01, 8.0000000000e+00, 5.0000000000e-02, 6.9677266667e+03
 1500627600, 5.0000000000e+01, 2.2000000000e+01, 8.0000000000e+00, 5.0000000000e-02, 6.9681266667e+03
 1500627900, 5.0000000000e+01, 2.2000000000e+01, 8.0000000000e+00, 5.0000000000e-02, 6.9690000000e+03
 1500628200, 4.5366666667e+01, 2.2000000000e+01, 8.0000000000e+00, 5.0000000000e-02, 6.9678733333e+03
 1500628500, 4.8633333333e+01, 2.2000000000e+01, 8.0000000000e+00, 5.0000000000e-02, 6.9680733333e+03
 1500628800, 5.0000000000e+01, 2.3053333333e+01, 9.0533333333e+00, 5.0000000000e-02, 6.9688533333e+03
 1500629100, 5.0000000000e+01, 2.4000000000e+01, 9.3466666667e+00, 5.0000000000e-02, 6.9692000000e+03
 1500629400, 5.0000000000e+01, 2.3746666667e+01, 8.0000000000e+00, 5.0000000000e-02, 6.9682000000e+03
 1500629700, 5.0000000000e+01, 2.2000000000e+01, 8.0000000000e+00, 5.0000000000e-02, 6.9679466667e+03
 1500630000, 5.0000000000e+01, 2.3853333333e+01, 8.0000000000e+00, 5.0000000000e-02, 6.9683266667e+03
 1500630300, 5.0000000000e+01, 2.2546666667e+01, 8.0000000000e+00, 5.0000000000e-02, 6.9681266667e+03
 1500630600, 4.7366666667e+01, 2.2000000000e+01, 8.0000000000e+00, 5.0000000000e-02, 6.9687466667e+03
 1500630900, 4.6633333333e+01, 2.2653333333e+01, -nan, 5.0000000000e-02, 6.9684533333e+03
 1500631200, 4.9366666667e+01, 2.3746666667e+01, -nan, 5.0000000000e-02, 6.9693266667e+03
 1500631500, 4.5000000000e+01, 2.2000000000e+01, -nan, 5.0000000000e-02, -nan
 1500631800, 4.9633333333e+01, 2.2000000000e+01, -nan, 6.0533333333e-02, -nan
 1500632100, 4.6366666667e+01, 2.2000000000e+01, -nan, 7.1266666667e-02, -nan
 1500632400, 4.7633333333e+01, 2.2000000000e+01, -nan, 9.2533333333e-02, -nan
 1500632700, 5.0000000000e+01, 2.2653333333e+01, -nan, 9.8000000000e-02, -nan
 1500633000, 5.0000000000e+01, 2.3746666667e+01, -nan, 1.0000000000e-01, -nan
 1500633300, 5.0000000000e+01, 2.2000000000e+01, -nan, 9.1466666667e-02, -nan
 1500633600, 5.0000000000e+01, 2.2000000000e+01, -nan, 6.8200000000e-02, -nan
 1500633900, -nan, -nan, -nan, 5.2000000000e-02, -nan
 1500634200, -nan, -nan, -nan, -nan, -nan
 1500634500, -nan, -nan, -nan, -nan, -nan
 1500634800, -nan, -nan, -nan, -nan, -nan
