 Time, ttl_pwr, cpu_pwr, mem_pwr, cpu_load, mem_load
 1500441000, 5,0000000000e+01, 2,4000000000e+01, 1,0000000000e+01, 4,5600000000e-01, 7,3072000000e+03
 1500441300, 5,3000000000e+01, 2,5200000000e+01, 1,1200000000e+01, 3,5000000000e-01, 7,3056000000e+03
 1500441600, 5,5000000000e+01, 2,5200000000e+01, 1,2000000000e+01, 2,7200000000e-01, 7,3066000000e+03
 1500441900, 5,4000000000e+01, 2,4000000000e+01, 1,2000000000e+01, 2,1600000000e-01, 7,3068000000e+03
 1500442200, 5,0000000000e+01, 2,4000000000e+01, 1,2000000000e+01, 1,6600000000e-01, 7,3066000000e+03
 1500442500, 5,5000000000e+01, 2,6000000000e+01, 1,2000000000e+01, 1,4200000000e-01, 7,3064000000e+03
 1500442800, 5,1000000000e+01, 2,4400000000e+01, 1,0400000000e+01, 1,2400000000e-01, 7,3078000000e+03
 1500443100, 5,0000000000e+01, 2,4000000000e+01, 1,0000000000e+01, 1,0000000000e-01, 7,3080000000e+03
 1500443400, 5,0000000000e+01, 2,4000000000e+01, 1,0000000000e+01, 7,2000000000e-02, 7,3076000000e+03
 1500443700, 5,0000000000e+01, 2,4000000000e+01, 1,0400000000e+01, 5,2000000000e-02, 7,3078000000e+03
 1500444000, 5,0000000000e+01, 2,4000000000e+01, 1,2000000000e+01, 5,0000000000e-02, 7,3080000000e+03
 1500444300, 5,0000000000e+01, 2,4000000000e+01, 1,2000000000e+01, 5,0000000000e-02, 7,3086000000e+03
 1500444600, 5,0000000000e+01, 2,4000000000e+01, 1,0400000000e+01, 5,0000000000e-02, 7,3074000000e+03
 1500444900, 5,0000000000e+01, 2,4000000000e+01, 1,1200000000e+01, 5,0000000000e-02, 7,3074000000e+03
 1500445200, 5,0000000000e+01, 2,4000000000e+01, 1,2000000000e+01, 5,6000000000e-02, 7,3080000000e+03
 1500445500, 5,1000000000e+01, 2,4400000000e+01, 1,2000000000e+01, 5,2000000000e-02, 7,3088000000e+03
 1500445800, 5,5000000000e+01, 2,6000000000e+01, 1,2000000000e+01, 5,0000000000e-02, 7,3082000000e+03
 1500446100, 5,0000000000e+01, 2,4000000000e+01, 1,2000000000e+01, 5,4000000000e-02, 7,3094000000e+03
 1500446400, 5,0000000000e+01, 2,4000000000e+01, 1,0400000000e+01, 5,4000000000e-02, 7,3094000000e+03
 1500446700, 5,0000000000e+01, 2,4000000000e+01, 1,1200000000e+01, 7,0000000000e-02, 7,3092000000e+03
 1500447000, 5,0000000000e+01, 2,4000000000e+01, 1,2000000000e+01, 8,2000000000e-02, 7,3080000000e+03
 1500447300, 5,0000000000e+01, 2,4000000000e+01, 1,2000000000e+01, 8,2000000000e-02, 7,3082000000e+03
 1500447600, 5,0000000000e+01, 2,4000000000e+01, 1,2000000000e+01, 5,6000000000e-02, 7,3090000000e+03
 1500447900, 5,0000000000e+01, 2,4000000000e+01, 1,2000000000e+01, 5,0000000000e-02, 7,3090000000e+03
 1500448200, 5,0000000000e+01, 2,4000000000e+01, 1,2000000000e+01, 5,0000000000e-02, 7,3096000000e+03
 1500448500, 5,0000000000e+01, 2,4000000000e+01, 1,0800000000e+01, 5,2000000000e-02, 7,3090000000e+03
 1500448800, 5,0000000000e+01, 2,4000000000e+01, 1,0800000000e+01, 5,0000000000e-02, 7,3094000000e+03
 1500449100, 5,1000000000e+01, 2,4400000000e+01, 1,2000000000e+01, 5,0000000000e-02, 7,3100000000e+03
 1500449400, 5,5000000000e+01, 2,6000000000e+01, 1,2000000000e+01, 5,0000000000e-02, 7,3104000000e+03
 1500449700, 5,5000000000e+01, 2,4000000000e+01, 1,4000000000e+01, 5,0000000000e-02, 7,3108000000e+03
 1500450000, 5,1000000000e+01, 2,4000000000e+01, 1,0800000000e+01, 1,0900000000e+00, 1,0910400000e+04
 1500450300, 1,4600000000e+02, 1,1160000000e+02, 1,7200000000e+01, 4,5540000000e+00, 1,3705000000e+04
 1500450600, 2,0800000000e+02, 1,6840000000e+02, 2,2800000000e+01, 7,0560000000e+00, 1,1507400000e+04
 1500450900, 1,7400000000e+02, 1,3760000000e+02, 2,1200000000e+01, 8,2680000000e+00, 1,0532400000e+04
 1500451200, 5,0000000000e+01, 2,4000000000e+01, 1,0000000000e+01, 6,3400000000e+00, 7,2986000000e+03
 1500451500, 5,0000000000e+01, 2,4000000000e+01, 1,0000000000e+01, 5,6540000000e+00, 1,7197600000e+04
 1500451800, 1,8600000000e+02, 1,4400000000e+02, 2,2800000000e+01, 8,3080000000e+00, 1,8887000000e+04
 1500452100, 2,2900000000e+02, 1,8120000000e+02, 2,9600000000e+01, 1,0382000000e+01, 1,8887600000e+04
 1500452400, 1,9900000000e+02, 1,5320000000e+02, 2,8000000000e+01, 1,1860000000e+01, 1,8390800000e+04
 1500452700, 1,6200000000e+02, 1,1960000000e+02, 2,3200000000e+01, 1,3014000000e+01, 2,4206600000e+04
 1500453000, 2,3000000000e+02, 1,8200000000e+02, 2,8000000000e+01, 1,3852000000e+01, 2,0342800000e+04
 1500453300, 2,3500000000e+02, 1,8800000000e+02, 2,8000000000e+01, 1,4452000000e+01, 2,3578200000e+04
 1500453600, 2,3500000000e+02, 1,8160000000e+02, 3,6000000000e+01, 1,4778000000e+01, 2,0393200000e+04
 1500453900, 2,4100000000e+02, 1,8000000000e+02, 4,4000000000e+01, 1,5089800000e+01, 2,4233080000e+04
 1500454200, 2,3900000000e+02, 1,8160000000e+02, 4,0000000000e+01, 1,5394000000e+01, 2,3619000000e+04
 1500454500, 2,3000000000e+02, 1,8480000000e+02, 2,7600000000e+01, 1,5590000000e+01, 1,7382800000e+04
 1500454800, 2,3000000000e+02, 1,8800000000e+02, 2,6000000000e+01, 1,5718000000e+01, 2,4800000000e+04
 1500455100, 2,4000000000e+02, 1,8800000000e+02, 3,0000000000e+01, 1,5874000000e+01, 2,0788400000e+04
 1500455400, 2,2000000000e+02, 1,7680000000e+02, 2,3600000000e+01, 1,5880000000e+01, 2,0833600000e+04
 1500455700, 2,2400000000e+02, 1,8480000000e+02, 2,2000000000e+01, 1,5884000000e+01, 2,3113400000e+04
 1500456000, 2,2800000000e+02, 1,8880000000e+02, 2,2000000000e+01, 1,5888000000e+01, 2,4175800000e+04
 1500456300, 2,2600000000e+02, 1,8240000000e+02, 2,4800000000e+01, 1,5872000000e+01, 2,4462200000e+04
 1500456600, 2,3000000000e+02, 1,7600000000e+02, 3,6000000000e+01, 1,5912000000e+01, 2,4852000000e+04
 1500456900, 2,3000000000e+02, 1,8800000000e+02, 2,4000000000e+01, 1,5864000000e+01, 1,9406800000e+04
 1500457200, 2,4600000000e+02, 1,9120000000e+02, 3,5200000000e+01, 1,5898000000e+01, 2,1161200000e+04
 1500457500, 2,2600000000e+02, 1,8000000000e+02, 2,8400000000e+01, 1,5762000000e+01, 2,1051000000e+04
 1500457800, 2,1800000000e+02, 1,7440000000e+02, 2,6800000000e+01, 1,5778000000e+01, 2,5210400000e+04
 1500458100, 2,3400000000e+02, 1,8000000000e+02, 3,6000000000e+01, 1,5816000000e+01, 2,4837200000e+04
 1500458400, 2,5000000000e+02, 1,8800000000e+02, 4,4000000000e+01, 1,5786000000e+01, 2,4116000000e+04
 1500458700, 2,3500000000e+02, 1,8800000000e+02, 2,6000000000e+01, 1,5796000000e+01, 1,8683400000e+04
 1500459000, 2,3100000000e+02, 1,8960000000e+02, 2,6000000000e+01, 1,5830000000e+01, 2,4291800000e+04
 1500459300, 2,3300000000e+02, 1,9120000000e+02, 2,6000000000e+01, 1,5888000000e+01, 2,0855400000e+04
 1500459600, 2,4300000000e+02, 1,9040000000e+02, 3,4000000000e+01, 1,5948000000e+01, 1,8271400000e+04
 1500459900, 2,5000000000e+02, 1,8800000000e+02, 4,1600000000e+01, 1,5972000000e+01, 2,4904200000e+04
 1500460200, 2,3000000000e+02, 1,8800000000e+02, 2,4000000000e+01, 1,5980000000e+01, 2,2580546667e+04
 1500460500, 2,2500000000e+02, 1,8200000000e+02, 2,4000000000e+01, 1,6000000000e+01, 2,2684200000e+04
 1500460800, 2,3290000000e+02, 1,7726000000e+02, 3,5060000000e+01, 1,5800700000e+01, 2,4709800000e+04
 1500461100, 2,2000000000e+02, 1,7360000000e+02, 2,8400000000e+01, 1,5846000000e+01, 1,9735400000e+04
 1500461400, 2,0600000000e+02, 1,6720000000e+02, 2,2800000000e+01, 1,5888000000e+01, 2,0857600000e+04
 1500461700, 2,0500000000e+02, 1,6480000000e+02, 2,4400000000e+01, 1,5848000000e+01, 2,2790400000e+04
 1500462000, 2,2500000000e+02, 1,8400000000e+02, 2,6000000000e+01, 1,5654000000e+01, 2,1545400000e+04
 1500462300, 5,5000000000e+01, 2,6000000000e+01, 1,0000000000e+01, 1,2424000000e+01, 7,2702000000e+03
 1500462600, 5,1000000000e+01, 2,4400000000e+01, 1,1600000000e+01, 9,0022666667e+00, 7,2674066667e+03
 1500462900, 5,3000000000e+01, 2,5200000000e+01, 1,2000000000e+01, 6,5334666667e+00, 7,2676033333e+03
 1500463200, 5,3000000000e+01, 2,5200000000e+01, 1,2000000000e+01, 4,7440000000e+00, 7,2668000000e+03
 1500463500, 5,0000000000e+01, 2,4000000000e+01, 1,1600000000e+01, 3,4520000000e+00, 7,2674000000e+03
 1500463800, 5,0000000000e+01, 2,4000000000e+01, 1,0000000000e+01, 2,5385000000e+00, 7,2667900000e+03
 1500464100, 5,0000000000e+01, 2,4000000000e+01, 1,2000000000e+01, 1,8520000000e+00, 7,2666000000e+03
 1500464400, 5,0000000000e+01, 2,4000000000e+01, 1,2000000000e+01, 1,3460000000e+00, 7,2680000000e+03
 1500464700, 5,0000000000e+01, 2,4000000000e+01, 1,2000000000e+01, 9,8400000000e-01, 7,2684000000e+03
 1500465000, 5,0000000000e+01, 2,4000000000e+01, 1,1200000000e+01, 7,2800000000e-01, 7,2666000000e+03
 1500465300, 5,0000000000e+01, 2,4000000000e+01, 1,0000000000e+01, 5,5000000000e-01, 7,2664000000e+03
 1500465600, 5,0000000000e+01, 2,4000000000e+01, 1,0000000000e+01, 4,2400000000e-01, 7,2674000000e+03
 1500465900, 5,0000000000e+01, 2,6000000000e+01, 1,0000000000e+01, 3,2800000000e-01, 7,2678000000e+03
 1500466200, 5,0000000000e+01, 2,4400000000e+01, 1,1600000000e+01, 5,4800000000e-01, 1,2339000000e+04
 1500466500, 1,5800000000e+02, 1,2120000000e+02, 2,0400000000e+01, 3,9780000000e+00, 2,4323200000e+04
 1500466800, 1,6000000000e+02, 1,2200000000e+02, 2,0400000000e+01, 6,6200000000e+00, 1,4255600000e+04
 1500467100, 5,5000000000e+01, 2,6000000000e+01, 1,2000000000e+01, 5,2320000000e+00, 7,2688000000e+03
 1500467400, 5,5000000000e+01, 2,6000000000e+01, 1,2000000000e+01, 3,8240000000e+00, 7,2682000000e+03
 1500467700, 5,0000000000e+01, 2,6000000000e+01, 1,2000000000e+01, 2,7900000000e+00, 7,2686000000e+03
 1500468000, 5,0000000000e+01, 2,4400000000e+01, 1,2000000000e+01, 2,0340000000e+00, 7,2670000000e+03
 1500468300, 5,0000000000e+01, 2,4000000000e+01, 1,2000000000e+01, 1,4760000000e+00, 7,2670000000e+03
 1500468600, 5,0000000000e+01, 2,4000000000e+01, 1,2000000000e+01, 1,0880000000e+00, 7,2670000000e+03
 1500468900, 5,0000000000e+01, 2,4000000000e+01, 1,2000000000e+01, 7,9800000000e-01, 7,2676000000e+03
 1500469200, 5,0000000000e+01, 2,4000000000e+01, 1,2000000000e+01, 5,8600000000e-01, 7,2682000000e+03
 1500469500, 5,0000000000e+01, 2,4000000000e+01, 1,0000000000e+01, 4,4000000000e-01, 7,2690000000e+03
 1500469800, 5,4000000000e+01, 2,5600000000e+01, 1,0000000000e+01, 3,4600000000e-01, 7,2694000000e+03
 1500470100, 5,2000000000e+01, 2,4800000000e+01, 1,0000000000e+01, 2,7000000000e-01, 7,2692000000e+03
 1500470400, 5,0000000000e+01, 2,4000000000e+01, 1,0800000000e+01, 2,0600000000e-01, 7,2698000000e+03
 1500470700, 5,0000000000e+01, 2,4000000000e+01, 1,2000000000e+01, 1,5200000000e-01, 7,2704000000e+03
 1500471000, 5,0000000000e+01, 2,4000000000e+01, 1,2000000000e+01, 1,3000000000e-01, 7,2686000000e+03
 1500471300, 5,0000000000e+01, 2,4000000000e+01, 1,0000000000e+01, 1,1800000000e-01, 7,2684000000e+03
 1500471600, 5,0000000000e+01, 2,4000000000e+01, 1,1600000000e+01, 1,3200000000e-01, 7,2694000000e+03
 1500471900, 5,0000000000e+01, 2,4000000000e+01, 1,2000000000e+01, 1,4400000000e-01, 7,2698000000e+03
 1500472200, 5,0000000000e+01, 2,4000000000e+01, 1,2000000000e+01, 1,2800000000e-01, 7,2692000000e+03
 1500472500, 5,0000000000e+01, 2,4000000000e+01, 1,1600000000e+01, 1,1800000000e-01, 7,2690000000e+03
 1500472800, 5,0000000000e+01, 2,4000000000e+01, 1,0000000000e+01, 1,0200000000e-01, 7,2676000000e+03
 1500473100, 5,0000000000e+01, 2,4000000000e+01, 1,2000000000e+01, 7,2000000000e-02, 7,2686000000e+03
 1500473400, 5,0000000000e+01, 2,4000000000e+01, 1,2000000000e+01, 5,4000000000e-02, 7,2698000000e+03
 1500473700, 5,0000000000e+01, 2,4000000000e+01, 1,2000000000e+01, 5,6000000000e-02, 7,2698000000e+03
 1500474000, 5,0000000000e+01, 2,4000000000e+01, 1,1200000000e+01, 5,2000000000e-02, 7,2682000000e+03
 1500474300, 5,0000000000e+01, 2,4000000000e+01, 1,0400000000e+01, 5,0000000000e-02, 7,2680000000e+03
 1500474600, 5,0000000000e+01, 2,4000000000e+01, 1,2000000000e+01, 5,0000000000e-02, 7,2686000000e+03
 1500474900, 5,0000000000e+01, 2,4000000000e+01, 1,0000000000e+01, 5,0000000000e-02, 7,2690000000e+03
 1500475200, 5,0000000000e+01, 2,4000000000e+01, 1,0000000000e+01, 5,0000000000e-02, 7,2688000000e+03
 1500475500, 5,0000000000e+01, 2,4000000000e+01, 1,0000000000e+01, 5,0000000000e-02, 7,2694000000e+03
 1500475800, 5,0000000000e+01, 2,4000000000e+01, 1,0800000000e+01, 5,0000000000e-02, 7,2694000000e+03
 1500476100, 5,0000000000e+01, 2,4000000000e+01, 1,1600000000e+01, 5,0000000000e-02, 7,2698000000e+03
 1500476400, 5,0000000000e+01, 2,4000000000e+01, 1,0000000000e+01, 5,2000000000e-02, 7,2696000000e+03
 1500476700, 5,0000000000e+01, 2,4000000000e+01, 1,0000000000e+01, 5,0000000000e-02, 7,2696000000e+03
 1500477000, 5,0000000000e+01, 2,4000000000e+01, 1,0000000000e+01, 5,0000000000e-02, 7,2684000000e+03
 1500477300, 5,3000000000e+01, 2,5200000000e+01, 1,1200000000e+01, 5,0000000000e-02, 7,2692000000e+03
 1500477600, 5,3000000000e+01, 2,5200000000e+01, 1,2000000000e+01, 5,0000000000e-02, 7,2688000000e+03
 1500477900, 5,0000000000e+01, 2,4000000000e+01, 1,2000000000e+01, 5,2000000000e-02, 7,2688000000e+03
 1500478200, 5,0000000000e+01, 2,4000000000e+01, 1,2000000000e+01, 5,6000000000e-02, 7,2684000000e+03
 1500478500, 5,0000000000e+01, 2,4000000000e+01, 1,0000000000e+01, 5,6000000000e-02, 7,2690000000e+03
 1500478800, 5,0000000000e+01, 2,4000000000e+01, 1,0000000000e+01, 5,0000000000e-02, 7,2690000000e+03
 1500479100, 5,0000000000e+01, 2,4000000000e+01, 1,1200000000e+01, 5,0000000000e-02, 7,2692000000e+03
 1500479400, 5,6000000000e+01, 2,8000000000e+01, 1,3600000000e+01, 2,1400000000e-01, 7,2810000000e+03
 1500479700, 6,7000000000e+01, 3,4400000000e+01, 1,6800000000e+01, 4,6000000000e-01, 7,2788000000e+03
 1500480000, 7,5000000000e+01, 3,6000000000e+01, 2,0000000000e+01, 6,4800000000e-01, 7,2790000000e+03
 1500480300, 6,0000000000e+01, 3,0000000000e+01, 1,4000000000e+01, 7,7600000000e-01, 7,2792000000e+03
 1500480600, 5,6000000000e+01, 2,6800000000e+01, 1,2400000000e+01, 8,6000000000e-01, 7,2800000000e+03
 1500480900, 5,8000000000e+01, 2,8400000000e+01, 1,3200000000e+01, 9,1600000000e-01, 7,2786000000e+03
 1500481200, 6,0000000000e+01, 3,0000000000e+01, 1,4000000000e+01, 9,5600000000e-01, 7,2792000000e+03
 1500481500, 6,0000000000e+01, 2,9600000000e+01, 1,4000000000e+01, 9,7400000000e-01, 7,2788000000e+03
 1500481800, 6,0000000000e+01, 2,8000000000e+01, 1,4000000000e+01, 9,9600000000e-01, 7,2802000000e+03
 1500482100, 6,0000000000e+01, 3,0000000000e+01, 1,4000000000e+01, 1,0180000000e+00, 7,2808000000e+03
 1500482400, 6,0000000000e+01, 2,8400000000e+01, 1,4000000000e+01, 1,0440000000e+00, 7,2812000000e+03
 1500482700, 6,0000000000e+01, 2,9200000000e+01, 1,4000000000e+01, 1,0500000000e+00, 7,2798000000e+03
 1500483000, 5,8000000000e+01, 2,8400000000e+01, 1,3200000000e+01, 1,0500000000e+00, 7,2806000000e+03
 1500483300, 5,5000000000e+01, 2,6000000000e+01, 1,2000000000e+01, 1,0500000000e+00, 7,2810000000e+03
 1500483600, 5,5000000000e+01, 2,6000000000e+01, 1,2000000000e+01, 1,0660000000e+00, 7,2794000000e+03
 1500483900, 5,5000000000e+01, 2,8000000000e+01, 1,2000000000e+01, 1,0640000000e+00, 7,2794000000e+03
 1500484200, 5,9000000000e+01, 2,9600000000e+01, 1,2000000000e+01, 1,0800000000e+00, 7,2800000000e+03
 1500484500, 5,7000000000e+01, 2,7600000000e+01, 1,2000000000e+01, 1,0900000000e+00, 7,2796000000e+03
 1500484800, 5,7000000000e+01, 2,6800000000e+01, 1,2800000000e+01, 1,1320000000e+00, 7,2802000000e+03
 1500485100, 6,0000000000e+01, 2,8400000000e+01, 1,4000000000e+01, 1,1280000000e+00, 7,2806000000e+03
 1500485400, 6,0000000000e+01, 3,0000000000e+01, 1,4000000000e+01, 1,1260000000e+00, 7,2806000000e+03
 1500485700, 5,5000000000e+01, 2,8000000000e+01, 1,4000000000e+01, 1,1300000000e+00, 7,2800000000e+03
 1500486000, 5,9000000000e+01, 2,8000000000e+01, 1,4000000000e+01, 1,1360000000e+00, 7,2798000000e+03
 1500486300, 5,7000000000e+01, 2,6800000000e+01, 1,2800000000e+01, 1,1320000000e+00, 7,2808000000e+03
 1500486600, 5,5000000000e+01, 2,6000000000e+01, 1,2000000000e+01, 1,1120000000e+00, 7,2806000000e+03
 1500486900, 5,6000000000e+01, 2,6400000000e+01, 1,2400000000e+01, 1,1040000000e+00, 7,2822000000e+03
 1500487200, 6,0000000000e+01, 2,8000000000e+01, 1,4000000000e+01, 1,0980000000e+00, 7,2814000000e+03
 1500487500, 6,0000000000e+01, 2,8000000000e+01, 1,4000000000e+01, 1,1000000000e+00, 7,2834000000e+03
 1500487800, 6,0000000000e+01, 2,9600000000e+01, 1,5600000000e+01, 1,1200000000e+00, 7,2836000000e+03
 1500488100, 5,7000000000e+01, 2,8800000000e+01, 1,3600000000e+01, 1,1140000000e+00, 7,2826000000e+03
 1500488400, 5,9000000000e+01, 2,8800000000e+01, 1,3600000000e+01, 1,1020000000e+00, 7,2832000000e+03
 1500488700, 6,5000000000e+01, 3,0000000000e+01, 1,6000000000e+01, 1,1180000000e+00, 7,2830000000e+03
 1500489000, 6,5000000000e+01, 3,0000000000e+01, 1,6000000000e+01, 1,0620000000e+00, 7,2814000000e+03
 1500489300, 5,0000000000e+01, 2,4000000000e+01, 1,0000000000e+01, 7,9600000000e-01, 7,2786000000e+03
 1500489600, 5,0000000000e+01, 2,4000000000e+01, 1,1600000000e+01, 5,8400000000e-01, 7,2788000000e+03
 1500489900, 5,3000000000e+01, 2,5200000000e+01, 1,2000000000e+01, 4,3200000000e-01, 7,2786000000e+03
 1500490200, 5,3000000000e+01, 2,5200000000e+01, 1,1200000000e+01, 3,3200000000e-01, 7,2802000000e+03
 1500490500, 5,0000000000e+01, 2,4000000000e+01, 1,0000000000e+01, 2,8200000000e-01, 7,2784000000e+03
 1500490800, 5,0000000000e+01, 2,4000000000e+01, 1,0000000000e+01, 2,4200000000e-01, 7,2794000000e+03
 1500491100, 5,0000000000e+01, 2,4000000000e+01, 1,0000000000e+01, 2,0600000000e-01, 7,2788000000e+03
 1500491400, 5,0000000000e+01, 2,4000000000e+01, 1,0000000000e+01, 1,7000000000e-01, 7,2786000000e+03
 1500491700, 5,0000000000e+01, 2,4000000000e+01, 1,1200000000e+01, 1,3600000000e-01, 7,2788000000e+03
 1500492000, 5,0000000000e+01, 2,4000000000e+01, 1,1200000000e+01, 1,1600000000e-01, 7,2786000000e+03
 1500492300, 5,0000000000e+01, 2,4000000000e+01, 1,0400000000e+01, 9,4000000000e-02, 7,2798000000e+03
 1500492600, 5,0000000000e+01, 2,4000000000e+01, 1,2000000000e+01, 8,4000000000e-02, 7,2794000000e+03
 1500492900, 5,0000000000e+01, 2,4000000000e+01, 1,0000000000e+01, 6,0000000000e-02, 7,2800000000e+03
 1500493200, 5,0000000000e+01, 2,4000000000e+01, 1,0000000000e+01, 5,0000000000e-02, 7,2784000000e+03
 1500493500, 5,0000000000e+01, 2,4000000000e+01, 1,1200000000e+01, 5,6000000000e-02, 7,2794000000e+03
 1500493800, 5,0000000000e+01, 2,4000000000e+01, 1,1200000000e+01, 5,0000000000e-02, 7,2800000000e+03
 1500494100, 5,0000000000e+01, 2,4000000000e+01, 1,0000000000e+01, 5,0000000000e-02, 7,2806000000e+03
 1500494400, 5,0000000000e+01, 2,4000000000e+01, 1,0000000000e+01, 5,0000000000e-02, 7,2778000000e+03
 1500494700, 5,0000000000e+01, 2,4000000000e+01, 1,0000000000e+01, 5,2000000000e-02, 7,2784000000e+03
 1500495000, 5,0000000000e+01, 2,4000000000e+01, 1,0000000000e+01, 5,0000000000e-02, 7,2788000000e+03
 1500495300, 5,0000000000e+01, 2,5200000000e+01, 1,1200000000e+01, 5,2000000000e-02, 7,2788000000e+03
 1500495600, 5,0000000000e+01, 2,5200000000e+01, 1,2000000000e+01, 5,0000000000e-02, 7,2796000000e+03
 1500495900, 5,0000000000e+01, 2,4000000000e+01, 1,2000000000e+01, 5,0000000000e-02, 7,2798000000e+03
 1500496200, 5,0000000000e+01, 2,4000000000e+01, 1,2000000000e+01, 5,0000000000e-02, 7,2798000000e+03
 1500496500, 5,0000000000e+01, 2,4000000000e+01, 1,2000000000e+01, 5,4000000000e-02, 7,2792000000e+03
 1500496800, 5,0000000000e+01, 2,4000000000e+01, 1,2000000000e+01, 6,4000000000e-02, 7,2792000000e+03
 1500497100, 5,3000000000e+01, 2,5200000000e+01, 1,2000000000e+01, 8,0000000000e-02, 7,2794000000e+03
 1500497400, 5,3000000000e+01, 2,5200000000e+01, 1,2000000000e+01, 7,8000000000e-02, 7,2782000000e+03
 1500497700, 5,0000000000e+01, 2,4000000000e+01, 1,2000000000e+01, 6,8000000000e-02, 7,2782000000e+03
 1500498000, 5,0000000000e+01, 2,4000000000e+01, 1,2000000000e+01, 6,0000000000e-02, 7,2792000000e+03
 1500498300, 5,0000000000e+01, 2,4000000000e+01, 1,2000000000e+01, 5,0000000000e-02, 7,2792000000e+03
 1500498600, 5,0000000000e+01, 2,4000000000e+01, 1,0400000000e+01, 5,6000000000e-02, 7,2788000000e+03
 1500498900, 5,3000000000e+01, 2,4000000000e+01, 1,1200000000e+01, 5,0000000000e-02, 7,2786000000e+03
 1500499200, 5,3000000000e+01, 2,4000000000e+01, 1,1200000000e+01, 5,4000000000e-02, 7,2790000000e+03
 1500499500, 5,0000000000e+01, 2,4000000000e+01, 1,0400000000e+01, 6,6000000000e-02, 7,2792000000e+03
 1500499800, 5,0000000000e+01, 2,4000000000e+01, 1,2000000000e+01, 5,4000000000e-02, 7,2792000000e+03
 1500500100, 5,0000000000e+01, 2,4000000000e+01, 1,0000000000e+01, 5,0000000000e-02, 7,2796000000e+03
 1500500400, 5,0000000000e+01, 2,4000000000e+01, 1,0000000000e+01, 5,0000000000e-02, 7,2786000000e+03
 1500500700, 5,3000000000e+01, 2,4000000000e+01, 1,1200000000e+01, 5,0000000000e-02, 7,2780000000e+03
 1500501000, 5,5000000000e+01, 2,4000000000e+01, 1,2000000000e+01, 5,0000000000e-02, 7,2780000000e+03
 1500501300, 5,5000000000e+01, 2,4000000000e+01, 1,2000000000e+01, 5,0000000000e-02, 7,2782000000e+03
 1500501600, 5,5000000000e+01, 2,4000000000e+01, 1,2000000000e+01, 5,0000000000e-02, 7,2792000000e+03
 1500501900, 5,0000000000e+01, 2,4000000000e+01, 1,0000000000e+01, 5,0000000000e-02, 7,2788000000e+03
 1500502200, 5,0000000000e+01, 2,4000000000e+01, 1,0000000000e+01, 5,0000000000e-02, 7,2790000000e+03
 1500502500, 5,0000000000e+01, 2,4000000000e+01, 1,0000000000e+01, 5,2000000000e-02, 7,2786000000e+03
 1500502800, 5,4000000000e+01, 2,5600000000e+01, 1,0800000000e+01, 6,4000000000e-02, 7,2792000000e+03
 1500503100, 5,8000000000e+01, 2,7200000000e+01, 1,1600000000e+01, 9,6000000000e-02, 7,2788000000e+03
 1500503400, 5,0000000000e+01, 2,4000000000e+01, 1,0000000000e+01, 1,1400000000e-01, 7,2790000000e+03
 1500503700, 5,0000000000e+01, 2,4000000000e+01, 1,0000000000e+01, 1,1000000000e-01, 7,2798000000e+03
 1500504000, 5,0000000000e+01, 2,4000000000e+01, 1,0000000000e+01, 1,1800000000e-01, 7,2784000000e+03
 1500504300, 5,0000000000e+01, 2,4000000000e+01, 1,0000000000e+01, 1,2200000000e-01, 7,2790000000e+03
 1500504600, 5,0000000000e+01, 2,4000000000e+01, 1,0000000000e+01, 1,2600000000e-01, 7,2796000000e+03
 1500504900, 5,0000000000e+01, 2,4000000000e+01, 1,0000000000e+01, 1,1600000000e-01, 7,2794000000e+03
 1500505200, 5,0000000000e+01, 2,4000000000e+01, 1,0000000000e+01, 1,0800000000e-01, 7,2796000000e+03
 1500505500, 5,5000000000e+01, 2,4000000000e+01, 1,2000000000e+01, 9,8000000000e-02, 7,2790000000e+03
 1500505800, 5,1000000000e+01, 2,4000000000e+01, 1,0400000000e+01, 9,4000000000e-02, 7,2800000000e+03
 1500506100, 5,0000000000e+01, 2,4000000000e+01, 1,0000000000e+01, 6,8000000000e-02, 7,2780000000e+03
 1500506400, 5,0000000000e+01, 2,4000000000e+01, 1,0000000000e+01, 5,0000000000e-02, 7,2782000000e+03
 1500506700, 5,0000000000e+01, 2,4000000000e+01, 1,0000000000e+01, 5,0000000000e-02, 7,2792000000e+03
 1500507000, 5,0000000000e+01, 2,4000000000e+01, 1,0000000000e+01, 5,0000000000e-02, 7,2796000000e+03
 1500507300, 5,0000000000e+01, 2,4000000000e+01, 1,0000000000e+01, 5,6000000000e-02, 7,2796000000e+03
 1500507600, 5,0000000000e+01, 2,4000000000e+01, 1,0000000000e+01, 5,0000000000e-02, 7,2796000000e+03
 1500507900, 5,0000000000e+01, 2,4000000000e+01, 1,1200000000e+01, 5,0000000000e-02, 7,2808000000e+03
 1500508200, 5,0000000000e+01, 2,4000000000e+01, 1,1200000000e+01, 5,6000000000e-02, 7,2808000000e+03
 1500508500, 5,1000000000e+01, 2,4000000000e+01, 1,0000000000e+01, 5,0000000000e-02, 7,2810000000e+03
 1500508800, 5,5000000000e+01, 2,4000000000e+01, 1,0000000000e+01, 5,0000000000e-02, 7,2824000000e+03
 1500509100, 5,0000000000e+01, 2,4000000000e+01, 1,0000000000e+01, 5,2000000000e-02, 7,2802000000e+03
 1500509400, 5,0000000000e+01, 2,4000000000e+01, 1,0000000000e+01, 5,0000000000e-02, 7,2796000000e+03
 1500509700, 5,0000000000e+01, 2,4000000000e+01, 1,1200000000e+01, 6,2000000000e-02, 7,2792000000e+03
 1500510000, 5,2000000000e+01, 2,4800000000e+01, 1,2000000000e+01, 6,6000000000e-02, 7,2798000000e+03
 1500510300, 5,4000000000e+01, 2,5600000000e+01, 1,2000000000e+01, 5,0000000000e-02, 7,2794000000e+03
 1500510600, 5,0000000000e+01, 2,4000000000e+01, 1,2000000000e+01, 5,2000000000e-02, 7,2806000000e+03
 1500510900, 5,0000000000e+01, 2,4000000000e+01, 1,2000000000e+01, 6,0000000000e-02, 7,2802000000e+03
 1500511200, 5,0000000000e+01, 2,4000000000e+01, 1,0400000000e+01, 5,0000000000e-02, 7,2794000000e+03
 1500511500, 5,3000000000e+01, 2,4000000000e+01, 1,1200000000e+01, 5,2000000000e-02, 7,2798000000e+03
 1500511800, 5,3000000000e+01, 2,4000000000e+01, 1,2000000000e+01, 5,0000000000e-02, 7,2800000000e+03
 1500512100, 5,1000000000e+01, 2,4000000000e+01, 1,2000000000e+01, 5,0000000000e-02, 7,2790000000e+03
 1500512400, 5,5000000000e+01, 2,4000000000e+01, 1,2000000000e+01, 5,0000000000e-02, 7,2790000000e+03
 1500512700, 5,5000000000e+01, 2,6000000000e+01, 1,0000000000e+01, 5,6000000000e-02, 7,2802000000e+03
 1500513000, 5,5000000000e+01, 2,4400000000e+01, 1,1600000000e+01, 5,4000000000e-02, 7,2802000000e+03
 1500513300, 5,2000000000e+01, 2,4000000000e+01, 1,0800000000e+01, 5,0000000000e-02, 7,2804000000e+03
 1500513600, 5,2000000000e+01, 2,4000000000e+01, 1,0800000000e+01, 5,0000000000e-02, 7,2808000000e+03
 1500513900, 5,5000000000e+01, 2,4000000000e+01, 1,2000000000e+01, 5,0000000000e-02, 7,2802000000e+03
 1500514200, 5,5000000000e+01, 2,4000000000e+01, 1,2000000000e+01, 5,0000000000e-02, 7,2806000000e+03
 1500514500, 5,5000000000e+01, 2,6000000000e+01, 1,2000000000e+01, 5,0000000000e-02, 7,2810000000e+03
 1500514800, 5,5000000000e+01, 2,4400000000e+01, 1,0400000000e+01, 5,2000000000e-02, 7,2812000000e+03
 1500515100, 5,5000000000e+01, 2,4000000000e+01, 1,1200000000e+01, 5,2000000000e-02, 7,2806000000e+03
 1500515400, 5,5000000000e+01, 2,4000000000e+01, 1,1200000000e+01, 5,2000000000e-02, 7,2796000000e+03
 1500515700, 5,5000000000e+01, 2,4000000000e+01, 1,0000000000e+01, 5,6000000000e-02, 7,2794000000e+03
 1500516000, 5,5000000000e+01, 2,4000000000e+01, 1,0000000000e+01, 6,8000000000e-02, 7,2808000000e+03
 1500516300, 5,5000000000e+01, 2,4000000000e+01, 1,0000000000e+01, 6,0000000000e-02, 7,2812000000e+03
 1500516600, 5,5000000000e+01, 2,4000000000e+01, 1,0000000000e+01, 5,0000000000e-02, 7,2814000000e+03
 1500516900, 5,2000000000e+01, 2,4000000000e+01, 1,1200000000e+01, 5,0000000000e-02, 7,2808000000e+03
 1500517200, 5,0000000000e+01, 2,4000000000e+01, 1,1200000000e+01, 5,0000000000e-02, 7,2810000000e+03
 1500517500, 5,0000000000e+01, 2,4000000000e+01, 1,0000000000e+01, 5,0000000000e-02, 7,2812000000e+03
 1500517800, 5,0000000000e+01, 2,4000000000e+01, 1,0000000000e+01, 5,0000000000e-02, 7,2802000000e+03
 1500518100, 6,0000000000e+01, 2,6000000000e+01, 1,8000000000e+01, 5,0000000000e-02, 7,2804000000e+03
 1500518400, 5,2000000000e+01, 2,4400000000e+01, 1,3200000000e+01, 5,2000000000e-02, 7,2800000000e+03
 1500518700, 5,0000000000e+01, 2,4000000000e+01, 1,0800000000e+01, 5,4000000000e-02, 7,2808000000e+03
 1500519000, 5,2000000000e+01, 2,4800000000e+01, 1,0800000000e+01, 5,0000000000e-02, 7,2810000000e+03
 1500519300, 5,5000000000e+01, 2,6000000000e+01, 1,2000000000e+01, 5,0000000000e-02, 7,2812000000e+03
 1500519600, 5,5000000000e+01, 2,6000000000e+01, 1,2000000000e+01, 5,2000000000e-02, 7,2810000000e+03
 1500519900, 5,0000000000e+01, 2,4000000000e+01, 1,0000000000e+01, 5,2000000000e-02, 7,2814000000e+03
 1500520200, 5,0000000000e+01, 2,4000000000e+01, 1,0000000000e+01, 5,0000000000e-02, 7,2816000000e+03
 1500520500, 5,0000000000e+01, 2,4000000000e+01, 1,1200000000e+01, 5,0000000000e-02, 7,2816000000e+03
 1500520800, 5,2000000000e+01, 2,4000000000e+01, 1,2000000000e+01, 5,0000000000e-02, 7,2812000000e+03
 1500521100, 5,5000000000e+01, 2,4000000000e+01, 1,2000000000e+01, 5,2000000000e-02, 7,2812000000e+03
 1500521400, 5,5000000000e+01, 2,4000000000e+01, 1,2000000000e+01, 5,0000000000e-02, 7,2810000000e+03
 1500521700, 5,0000000000e+01, 2,4000000000e+01, 1,0000000000e+01, 6,8000000000e-02, 7,2810000000e+03
 1500522000, 5,0000000000e+01, 2,4000000000e+01, 1,0000000000e+01, 8,0000000000e-02, 7,2818000000e+03
 1500522300, 5,0000000000e+01, 2,4000000000e+01, 1,0000000000e+01, 8,2000000000e-02, 7,2814000000e+03
 1500522600, 5,0000000000e+01, 2,4000000000e+01, 1,0000000000e+01, 6,8000000000e-02, 7,2820000000e+03
 1500522900, 5,0000000000e+01, 2,4000000000e+01, 1,0000000000e+01, 5,6000000000e-02, 7,2812000000e+03
 1500523200, 5,0000000000e+01, 2,4000000000e+01, 1,0000000000e+01, 5,2000000000e-02, 7,2812000000e+03
 1500523500, 5,5000000000e+01, 2,8000000000e+01, 1,2000000000e+01, 5,0000000000e-02, 7,2826000000e+03
 1500523800, 5,1000000000e+01, 2,4800000000e+01, 1,0400000000e+01, 5,2000000000e-02, 7,2802000000e+03
 1500524100, 5,0000000000e+01, 2,4000000000e+01, 1,0000000000e+01, 5,0000000000e-02, 7,2800000000e+03
 1500524400, 5,0000000000e+01, 2,4000000000e+01, 1,0000000000e+01, 6,2000000000e-02, 7,2796000000e+03
 1500524700, 5,0000000000e+01, 2,4000000000e+01, 1,0000000000e+01, 6,2000000000e-02, 7,2806000000e+03
 1500525000, 5,0000000000e+01, 2,4000000000e+01, 1,0000000000e+01, 7,2000000000e-02, 7,2808000000e+03
 1500525300, 5,0000000000e+01, 2,4000000000e+01, 1,0000000000e+01, 5,4000000000e-02, 7,2814000000e+03
 1500525600, 5,4000000000e+01, 2,4000000000e+01, 1,1600000000e+01, 5,2000000000e-02, 7,2818000000e+03
 1500525900, 5,2000000000e+01, 2,4000000000e+01, 1,0800000000e+01, 5,2000000000e-02, 7,2820000000e+03
 1500526200, 5,0000000000e+01, 2,4000000000e+01, 1,0000000000e+01, 5,0000000000e-02, 7,2820000000e+03
 1500526500, 5,0000000000e+01, 2,4000000000e+01, 1,0000000000e+01, 5,0000000000e-02, 7,2812000000e+03
 1500526800, 5,0000000000e+01, 2,4000000000e+01, 1,0000000000e+01, 5,0000000000e-02, 7,2808000000e+03
 1500527100, 5,5000000000e+01, 2,4000000000e+01, 1,2000000000e+01, 5,0000000000e-02, 7,2810000000e+03
 1500527400, 5,1000000000e+01, 2,4000000000e+01, 1,0400000000e+01, 5,0000000000e-02, 7,2806000000e+03
 1500527700, 5,0000000000e+01, 2,4000000000e+01, 1,0000000000e+01, 5,2000000000e-02, 7,2814000000e+03
 1500528000, 5,0000000000e+01, 2,4000000000e+01, 1,0000000000e+01, 5,8000000000e-02, 7,2810000000e+03
 1500528300, 5,1000000000e+01, 2,4000000000e+01, 1,0400000000e+01, 7,4000000000e-02, 7,2812000000e+03
 1500528600, 5,5000000000e+01, 2,4000000000e+01, 1,2000000000e+01, 6,8000000000e-02, 7,2820000000e+03
 1500528900, 5,0000000000e+01, 2,4000000000e+01, 1,2000000000e+01, 8,0000000000e-02, 7,2820000000e+03
 1500529200, 5,4000000000e+01, 2,4000000000e+01, 1,2000000000e+01, 6,2000000000e-02, 7,2820000000e+03
 1500529500, 5,5000000000e+01, 2,5200000000e+01, 1,0800000000e+01, 5,2000000000e-02, 7,2824000000e+03
 1500529800, 5,5000000000e+01, 2,6000000000e+01, 1,0000000000e+01, 5,0000000000e-02, 7,2812000000e+03
 1500530100, 5,4000000000e+01, 2,5600000000e+01, 1,0400000000e+01, 5,0000000000e-02, 7,2816000000e+03
 1500530400, 5,0000000000e+01, 2,4000000000e+01, 1,2000000000e+01, 5,0000000000e-02, 7,2820000000e+03
 1500530700, 5,0000000000e+01, 2,4000000000e+01, 1,0000000000e+01, 5,0000000000e-02, 7,2822000000e+03
 1500531000, 5,0000000000e+01, 2,4000000000e+01, 1,0000000000e+01, 5,0000000000e-02, 7,2818000000e+03
 1500531300, 5,0000000000e+01, 2,4000000000e+01, 1,0000000000e+01, 5,0000000000e-02, 7,2820000000e+03
 1500531600, 5,0000000000e+01, 2,4000000000e+01, 1,0800000000e+01, 5,0000000000e-02, 7,2828000000e+03
 1500531900, 5,0000000000e+01, 2,4000000000e+01, 1,2000000000e+01, 5,0000000000e-02, 7,2838000000e+03
 1500532200, 5,0000000000e+01, 2,4000000000e+01, 1,2000000000e+01, 5,0000000000e-02, 7,2830000000e+03
 1500532500, 5,0000000000e+01, 2,4000000000e+01, 1,2000000000e+01, 5,2000000000e-02, 7,2822000000e+03
 1500532800, 5,0000000000e+01, 2,4000000000e+01, 1,2000000000e+01, 5,0000000000e-02, 7,2824000000e+03
 1500533100, 5,0000000000e+01, 2,4000000000e+01, 1,2000000000e+01, 5,0000000000e-02, 7,2820000000e+03
 1500533400, 5,0000000000e+01, 2,4000000000e+01, 1,1200000000e+01, 5,0000000000e-02, 7,2822000000e+03
 1500533700, 5,0000000000e+01, 2,4000000000e+01, 1,0000000000e+01, 5,0000000000e-02, 7,2826000000e+03
 1500534000, 5,0000000000e+01, 2,4000000000e+01, 1,0000000000e+01, 5,4000000000e-02, 7,2816000000e+03
 1500534300, 5,0000000000e+01, 2,4000000000e+01, 1,0000000000e+01, 6,0000000000e-02, 7,2830000000e+03
 1500534600, 5,0000000000e+01, 2,4000000000e+01, 1,0000000000e+01, 5,2000000000e-02, 7,2826000000e+03
 1500534900, 5,0000000000e+01, 2,4000000000e+01, 1,1200000000e+01, 5,8000000000e-02, 7,2826000000e+03
 1500535200, 5,0000000000e+01, 2,4000000000e+01, 1,2000000000e+01, 6,0000000000e-02, 7,2820000000e+03
 1500535500, 5,0000000000e+01, 2,4000000000e+01, 1,1600000000e+01, 5,2000000000e-02, 7,2806000000e+03
 1500535800, 5,0000000000e+01, 2,4000000000e+01, 1,0000000000e+01, 5,0000000000e-02, 7,2814000000e+03
 1500536100, 5,0000000000e+01, 2,4000000000e+01, 1,0000000000e+01, 5,2000000000e-02, 7,2826000000e+03
 1500536400, 5,0000000000e+01, 2,4000000000e+01, 1,1600000000e+01, 5,0000000000e-02, 7,2830000000e+03
 1500536700, 5,0000000000e+01, 2,4000000000e+01, 1,0800000000e+01, 5,0000000000e-02, 7,2826000000e+03
 1500537000, 5,0000000000e+01, 2,4000000000e+01, 1,0800000000e+01, 5,0000000000e-02, 7,2822000000e+03
 1500537300, 5,0000000000e+01, 2,4000000000e+01, 1,2000000000e+01, 5,0000000000e-02, 7,2824000000e+03
 1500537600, 5,0000000000e+01, 2,4000000000e+01, 1,2000000000e+01, 5,0000000000e-02, 7,2828000000e+03
 1500537900, 5,0000000000e+01, 2,4000000000e+01, 1,0000000000e+01, 5,0000000000e-02, 7,2828000000e+03
 1500538200, 5,0000000000e+01, 2,4000000000e+01, 1,0000000000e+01, 5,2000000000e-02, 7,2816033333e+03
 1500538500, 5,0000000000e+01, 2,4000000000e+01, 1,0000000000e+01, 5,0000000000e-02, 7,2818000000e+03
 1500538800, 5,0000000000e+01, 2,4000000000e+01, 1,0000000000e+01, 5,0000000000e-02, 7,2820000000e+03
 1500539100, 5,0000000000e+01, 2,4000000000e+01, 1,0000000000e+01, 5,0000000000e-02, 7,2824000000e+03
 1500539400, 5,0000000000e+01, 2,4000000000e+01, 1,0000000000e+01, 5,0000000000e-02, 7,2816000000e+03
 1500539700, 5,0000000000e+01, 2,4000000000e+01, 1,0000000000e+01, 5,0000000000e-02, 7,2814000000e+03
 1500540000, 5,0000000000e+01, 2,4000000000e+01, 1,0000000000e+01, 5,0000000000e-02, 7,2820000000e+03
 1500540300, 5,0000000000e+01, 2,4000000000e+01, 1,0000000000e+01, 5,4000000000e-02, 7,2824000000e+03
 1500540600, 5,0000000000e+01, 2,4000000000e+01, 1,0000000000e+01, 5,0000000000e-02, 7,2836000000e+03
 1500540900, 5,0000000000e+01, 2,4000000000e+01, 1,0000000000e+01, 5,2000000000e-02, 7,2826000000e+03
 1500541200, 5,0000000000e+01, 2,4000000000e+01, 1,0000000000e+01, 5,0000000000e-02, 7,2826000000e+03
 1500541500, 5,0000000000e+01, 2,4000000000e+01, 1,0000000000e+01, 5,0000000000e-02, 7,2815933333e+03
 1500541800, 5,0000000000e+01, 2,4000000000e+01, 1,0000000000e+01, 5,0000000000e-02, 7,2826000000e+03
 1500542100, 5,0000000000e+01, 2,4000000000e+01, 1,0000000000e+01, 5,0000000000e-02, 7,2828000000e+03
 1500542400, 5,0000000000e+01, 2,4000000000e+01, 1,0000000000e+01, 5,2000000000e-02, 7,2822000000e+03
 1500542700, 5,0000000000e+01, 2,4000000000e+01, 1,0000000000e+01, 5,0000000000e-02, 7,2824000000e+03
 1500543000, 5,0000000000e+01, 2,4000000000e+01, 1,0000000000e+01, 5,0000000000e-02, 7,2826000000e+03
 1500543300, 5,0000000000e+01, 2,4000000000e+01, 1,2000000000e+01, 5,0000000000e-02, 7,2826000000e+03
 1500543600, 5,0000000000e+01, 2,4000000000e+01, 1,0400000000e+01, 5,0000000000e-02, 7,2830000000e+03
 1500543900, 5,0000000000e+01, 2,4000000000e+01, 1,1200000000e+01, 5,4000000000e-02, 7,2828000000e+03
 1500544200, 5,0000000000e+01, 2,4000000000e+01, 1,2000000000e+01, 5,0000000000e-02, 7,2826066667e+03
 1500544500, 5,0000000000e+01, 2,4000000000e+01, 1,2000000000e+01, 5,4000000000e-02, 7,2812000000e+03
 1500544800, 5,0000000000e+01, 2,4000000000e+01, 1,2000000000e+01, 5,0000000000e-02, 7,2820000000e+03
 1500545100, 5,0000000000e+01, 2,4000000000e+01, 1,2000000000e+01, 5,0000000000e-02, 7,2818000000e+03
 1500545400, 5,0000000000e+01, 2,4000000000e+01, 1,0400000000e+01, 5,0000000000e-02, 7,2818000000e+03
 1500545700, 5,0000000000e+01, 2,4000000000e+01, 1,1200000000e+01, 5,0000000000e-02, 7,2826000000e+03
 1500546000, 5,0000000000e+01, 2,4000000000e+01, 1,2000000000e+01, 5,2000000000e-02, 7,2826000000e+03
 1500546300, 5,0000000000e+01, 2,4000000000e+01, 1,2000000000e+01, 5,0000000000e-02, 7,2830000000e+03
 1500546600, 5,0000000000e+01, 2,4000000000e+01, 1,2000000000e+01, 5,8000000000e-02, 7,2838000000e+03
 1500546900, 5,0000000000e+01, 2,4000000000e+01, 1,2000000000e+01, 7,4000000000e-02, 7,2838000000e+03
 1500547200, 5,0000000000e+01, 2,4000000000e+01, 1,2000000000e+01, 8,2000000000e-02, 7,2826000000e+03
 1500547500, 5,0000000000e+01, 2,4000000000e+01, 1,0806666667e+01, 8,0000000000e-02, 7,2826000000e+03
 1500547800, 5,0000000000e+01, 2,4000000000e+01, 1,0000000000e+01, 7,0000000000e-02, 7,2826000000e+03
 1500548100, 5,0000000000e+01, 2,4000000000e+01, 1,0400000000e+01, 6,0000000000e-02, 7,2828000000e+03
 1500548400, 5,0000000000e+01, 2,4000000000e+01, 1,2000000000e+01, 5,2000000000e-02, 7,2826000000e+03
 1500548700, 5,0000000000e+01, 2,4000000000e+01, 1,0000000000e+01, 5,0000000000e-02, 7,2828000000e+03
 1500549000, 5,0000000000e+01, 2,4000000000e+01, 1,0000000000e+01, 5,0000000000e-02, 7,2834000000e+03
 1500549300, 5,0000000000e+01, 2,4000000000e+01, 1,0000000000e+01, 5,2000000000e-02, 7,2832033333e+03
 1500549600, 5,0000000000e+01, 2,4000000000e+01, 1,0000000000e+01, 5,0000000000e-02, 7,2838000000e+03
 1500549900, 5,1000000000e+01, 2,4800000000e+01, 1,0400000000e+01, 5,0000000000e-02, 7,2838000000e+03
 1500550200, 5,5000000000e+01, 2,8000000000e+01, 1,2000000000e+01, 5,2000000000e-02, 7,2828000000e+03
 1500550500, 5,0000000000e+01, 2,4000000000e+01, 1,0000000000e+01, 5,2000000000e-02, 7,2834000000e+03
 1500550800, 5,0000000000e+01, 2,4000000000e+01, 1,0000000000e+01, 5,0000000000e-02, 7,2830000000e+03
 1500551100, 5,0000000000e+01, 2,4000000000e+01, 1,0000000000e+01, 5,0000000000e-02, 7,2826000000e+03
 1500551400, 5,0000000000e+01, 2,4000000000e+01, 1,0000000000e+01, 5,0000000000e-02, 7,2828000000e+03
 1500551700, 5,0000000000e+01, 2,4000000000e+01, 1,0000000000e+01, 5,0000000000e-02, 7,2834000000e+03
 1500552000, 5,0000000000e+01, 2,4000000000e+01, 1,0000000000e+01, 5,0000000000e-02, 7,2830000000e+03
 1500552300, 5,0000000000e+01, 2,4000000000e+01, 1,2000000000e+01, 5,0000000000e-02, 7,2842000000e+03
 1500552600, 5,0000000000e+01, 2,4000000000e+01, 1,0400000000e+01, 5,0000000000e-02, 7,2836000000e+03
 1500552900, 5,0000000000e+01, 2,4000000000e+01, 1,1200000000e+01, 5,2000000000e-02, 7,2846000000e+03
 1500553200, 5,0000000000e+01, 2,4000000000e+01, 1,1200000000e+01, 6,6000000000e-02, 7,2820000000e+03
 1500553500, 5,0000000000e+01, 2,4000000000e+01, 1,0000000000e+01, 6,8000000000e-02, 7,2826066667e+03
 1500553800, 5,0000000000e+01, 2,4000000000e+01, 1,0000000000e+01, 1,6586666667e-01, 7,8221733333e+03
 1500554100, 1,7783333333e+02, 1,2823333333e+02, 3,1633333333e+01, 4,4537000000e+00, 1,1203263333e+04
 1500554400, 1,5515000000e+02, 1,0870000000e+02, 2,4900000000e+01, 1,0892633333e+01, 1,1544870000e+04
 1500554700, 1,8335000000e+02, 1,4012000000e+02, 2,2000000000e+01, 1,5504600000e+01, 1,0140723333e+04
 1500555000, 2,1400000000e+02, 1,7280000000e+02, 2,2000000000e+01, 1,8228000000e+01, 1,3098000000e+04
 1500555300, 2,2386666667e+02, 1,8270666667e+02, 2,3160000000e+01, 2,1401800000e+01, 1,9821226667e+04
 1500555600, 2,4000000000e+02, 1,9400000000e+02, 2,8000000000e+01, 2,4421800000e+01, 1,9929493333e+04
 1500555900, 2,4000000000e+02, 1,9400000000e+02, 2,8000000000e+01, 2,6654166667e+01, 2,0593533333e+04
 1500556200, 2,4000000000e+02, 1,9241333333e+02, 2,8000000000e+01, 2,8274666667e+01, 2,1332566667e+04
 1500556500, 2,4000000000e+02, 1,9318666667e+02, 2,8000000000e+01, 2,9409333333e+01, 2,1392890000e+04
 1500556800, 2,4000000000e+02, 1,9400000000e+02, 2,8000000000e+01, 3,0180333333e+01, 2,1432066667e+04
 1500557100, 2,4000000000e+02, 1,9361333333e+02, 2,8000000000e+01, 3,0742333333e+01, 2,1485126667e+04
 1500557400, 2,4000000000e+02, 1,9200000000e+02, 2,8000000000e+01, 3,1144033333e+01, 2,1462116667e+04
 1500557700, 2,4000000000e+02, 1,9200000000e+02, 2,8000000000e+01, 3,1448766667e+01, 2,1455683333e+04
 1500558000, 2,4000000000e+02, 1,9200000000e+02, 2,8000000000e+01, 3,1652800000e+01, 2,1463126667e+04
 1500558300, 2,4000000000e+02, 1,9319333333e+02, 2,8000000000e+01, 3,1775366667e+01, 2,1427086667e+04
 1500558600, 2,4000000000e+02, 1,9321333333e+02, 2,8000000000e+01, 3,1883400000e+01, 2,1409733333e+04
 1500558900, 2,4000000000e+02, 1,9200000000e+02, 2,8000000000e+01, 3,1979500000e+01, 2,1428893333e+04
 1500559200, 2,4000000000e+02, 1,9200000000e+02, 2,8000000000e+01, 3,2051733333e+01, 2,1390466667e+04
 1500559500, 2,4000000000e+02, 1,9398666667e+02, 2,8000000000e+01, 3,2174700000e+01, 2,1386080000e+04
 1500559800, 2,4000000000e+02, 1,9241333333e+02, 2,8000000000e+01, 3,2309766667e+01, 2,1379330000e+04
 1500560100, 2,4000000000e+02, 1,9200000000e+02, 2,8000000000e+01, 3,2351500000e+01, 2,1318130000e+04
 1500560400, 2,4200000000e+02, 1,9200000000e+02, 2,8800000000e+01, 3,2497333333e+01, 2,1230466667e+04
 1500560700, 2,3473333333e+02, 1,8304000000e+02, 2,8506666667e+01, 3,1637100000e+01, 2,1622470000e+04
 1500561000, 1,9000000000e+02, 1,4400000000e+02, 2,2000000000e+01, 3,0529966667e+01, 2,1741780000e+04
 1500561300, 1,1106666667e+02, 6,9013333333e+01, 2,0026666667e+01, 2,9768600000e+01, 2,1798006667e+04
 1500561600, 8,2466666667e+01, 4,2826666667e+01, 1,8426666667e+01, 2,9200466667e+01, 2,1393920000e+04
 1500561900, 7,5000000000e+01, 3,6000000000e+01, 1,9166666667e+01, 2,8812866667e+01, 2,0590686667e+04
 1500562200, 7,5000000000e+01, 3,6000000000e+01, 2,0000000000e+01, 2,8546600000e+01, 2,0758756667e+04
 1500562500, 9,9300000000e+01, 5,6160000000e+01, 2,3240000000e+01, 2,8305600000e+01, 2,0938483333e+04
 1500562800, 2,1000000000e+02, 1,4800000000e+02, 3,8000000000e+01, 2,8150866667e+01, 2,0863000000e+04
 1500563100, 7,7250000000e+01, 3,5900000000e+01, 1,8333333333e+01, 2,7961633333e+01, 2,0919763333e+04
 1500563400, 7,5000000000e+01, 3,5540000000e+01, 1,8000000000e+01, 2,7882900000e+01, 2,0911256667e+04
 1500563700, 7,5000000000e+01, 3,6000000000e+01, 1,9166666667e+01, 2,7781366667e+01, 2,0033520000e+04
 1500564000, 7,6933333333e+01, 3,7546666667e+01, 2,0000000000e+01, 2,7726633333e+01, 1,9611166667e+04
 1500564300, 8,2600000000e+01, 4,2426666667e+01, 2,0000000000e+01, 2,7676600000e+01, 1,9850643333e+04
 1500564600, 9,5000000000e+01, 5,4000000000e+01, 2,0000000000e+01, 2,7633333333e+01, 1,9867523333e+04
 1500564900, 8,5166666667e+01, 4,2200000000e+01, 2,0000000000e+01, 2,7573733333e+01, 1,9889450000e+04
 1500565200, 1,0066666667e+02, 5,7666666667e+01, 2,0000000000e+01, 2,7505100000e+01, 1,9476533333e+04
 1500565500, 1,6590000000e+02, 1,1536000000e+02, 2,9280000000e+01, 2,7487833333e+01, 1,8714866667e+04
 1500565800, 2,1000000000e+02, 1,5096000000e+02, 3,7520000000e+01, 2,7621200000e+01, 1,8480440000e+04
 1500566100, 2,0600000000e+02, 1,4520000000e+02, 3,6800000000e+01, 2,7781800000e+01, 1,6973050000e+04
 1500566400, 1,9000000000e+02, 1,4200000000e+02, 2,4000000000e+01, 2,7748766667e+01, 1,3147073333e+04
 1500566700, 2,3000000000e+02, 1,8200000000e+02, 2,6000000000e+01, 2,7438000000e+01, 1,1745400000e+04
 1500567000, 2,2200000000e+02, 1,7880000000e+02, 2,2800000000e+01, 2,7060166667e+01, 1,1985096667e+04
 1500567300, 2,2000000000e+02, 1,7800000000e+02, 2,2000000000e+01, 2,6836000000e+01, 1,2149000000e+04
 1500567600, 2,2000000000e+02, 1,7800000000e+02, 2,2000000000e+01, 2,6630133333e+01, 1,2506453333e+04
 1500567900, 2,2000000000e+02, 1,7840000000e+02, 2,2000000000e+01, 2,6472000000e+01, 1,2638200000e+04
 1500568200, 2,2000000000e+02, 1,8000000000e+02, 2,2000000000e+01, 2,6356000000e+01, 1,2668000000e+04
 1500568500, 2,2000000000e+02, 1,8000000000e+02, 2,2000000000e+01, 2,6172000000e+01, 1,2680000000e+04
 1500568800, 2,2000000000e+02, 1,7840000000e+02, 2,2000000000e+01, 2,5874000000e+01, 1,2683600000e+04
 1500569100, 2,2000000000e+02, 1,7800000000e+02, 2,2000000000e+01, 2,5670000000e+01, 1,2690600000e+04
 1500569400, 2,2000000000e+02, 1,7800000000e+02, 2,2800000000e+01, 2,5550000000e+01, 1,2694000000e+04
 1500569700, 2,2000000000e+02, 1,7800000000e+02, 2,4000000000e+01, 2,5412000000e+01, 1,2687200000e+04
 1500570000, 2,2000000000e+02, 1,7800000000e+02, 2,4000000000e+01, 2,5310000000e+01, 1,2567400000e+04
 1500570300, 2,2000000000e+02, 1,7600000000e+02, 2,2000000000e+01, 2,5223966667e+01, 1,2814886667e+04
 1500570600, 2,2000000000e+02, 1,7760000000e+02, 2,3600000000e+01, 2,5387766667e+01, 1,3542713333e+04
 1500570900, 2,2298333333e+02, 1,7680666667e+02, 2,5193333333e+01, 2,6073766667e+01, 1,7969446667e+04
 1500571200, 2,2120000000e+02, 1,7220000000e+02, 2,5240000000e+01, 2,8115433333e+01, 2,1445556667e+04
 1500571500, 2,0193333333e+02, 1,5368000000e+02, 2,3626666667e+01, 2,9804366667e+01, 2,1605280000e+04
 1500571800, 1,4500000000e+02, 1,0000000000e+02, 2,2000000000e+01, 3,1045766667e+01, 2,1635753333e+04
 1500572100, 1,2025000000e+02, 7,8220000000e+01, 2,0020000000e+01, 3,1914033333e+01, 2,1658350000e+04
 1500572400, 1,2786666667e+02, 8,4293333333e+01, 2,1573333333e+01, 3,2608966667e+01, 2,1795793333e+04
 1500572700, 1,3583333333e+02, 8,9500000000e+01, 2,3166666667e+01, 3,3195866667e+01, 2,1727620000e+04
 1500573000, 1,1873333333e+02, 7,3440000000e+01, 2,2453333333e+01, 3,3613166667e+01, 2,1733450000e+04
 1500573300, 9,0600000000e+01, 4,8480000000e+01, 2,0373333333e+01, 3,3878800000e+01, 2,1717173333e+04
 1500573600, 1,1500000000e+02, 6,8000000000e+01, 2,2000000000e+01, 3,4069666667e+01, 2,1711706667e+04
 1500573900, 2,2243333333e+02, 1,5590000000e+02, 4,3486666667e+01, 3,4311133333e+01, 2,1477030000e+04
 1500574200, 1,8960000000e+02, 1,2496000000e+02, 4,0853333333e+01, 3,4409033333e+01, 2,1383026667e+04
 1500574500, 1,2100000000e+02, 7,1160000000e+01, 2,8200000000e+01, 3,4406966667e+01, 2,1294913333e+04
 1500574800, 8,1966666667e+01, 4,0786666667e+01, 2,0000000000e+01, 3,4185366667e+01, 2,1313520000e+04
 1500575100, 8,7700000000e+01, 4,4520000000e+01, 2,0360000000e+01, 3,3759100000e+01, 2,1289953333e+04
 1500575400, 1,0000000000e+02, 5,6000000000e+01, 2,2000000000e+01, 3,3462000000e+01, 2,1094230000e+04
 1500575700, 1,9341666667e+02, 1,4843333333e+02, 2,3966666667e+01, 3,3225200000e+01, 2,1014620000e+04
 1500576000, 1,8716666667e+02, 1,3903333333e+02, 2,7133333333e+01, 3,2885700000e+01, 2,0857246667e+04
 1500576300, 1,3485000000e+02, 8,8800000000e+01, 2,4460000000e+01, 3,2290000000e+01, 2,0800603333e+04
 1500576600, 1,0380000000e+02, 5,8280000000e+01, 2,3520000000e+01, 3,1782300000e+01, 2,0573696667e+04
 1500576900, 1,1966666667e+02, 7,0893333333e+01, 2,6386666667e+01, 3,1178066667e+01, 1,9912966667e+04
 1500577200, 1,6000000000e+02, 1,0800000000e+02, 2,8000000000e+01, 2,9647500000e+01, 1,9001593333e+04
 1500577500, 2,0500000000e+02, 1,5000000000e+02, 3,4000000000e+01, 2,7042000000e+01, 1,7120800000e+04
 1500577800, 1,5408333333e+02, 1,0456666667e+02, 2,7733333333e+01, 2,3457133333e+01, 1,7367583333e+04
 1500578100, 1,8500000000e+02, 1,3520000000e+02, 2,9600000000e+01, 2,0338000000e+01, 2,3290800000e+04
 1500578400, 2,1900000000e+02, 1,6720000000e+02, 3,4400000000e+01, 1,9248000000e+01, 2,5363000000e+04
 1500578700, 2,2500000000e+02, 1,7160000000e+02, 3,8000000000e+01, 1,8514000000e+01, 2,5678000000e+04
 1500579000, 2,2500000000e+02, 1,7000000000e+02, 3,8000000000e+01, 1,8016000000e+01, 2,5831800000e+04
 1500579300, 2,1500000000e+02, 1,6200000000e+02, 3,6000000000e+01, 1,7714000000e+01, 2,6014400000e+04
 1500579600, 2,2300000000e+02, 1,6840000000e+02, 3,7600000000e+01, 1,7426000000e+01, 2,6213000000e+04
 1500579900, 2,2500000000e+02, 1,6880000000e+02, 3,6800000000e+01, 1,7196000000e+01, 2,6236200000e+04
 1500580200, 1,8930000000e+02, 1,3672000000e+02, 3,1240000000e+01, 1,7681800000e+01, 2,6704590000e+04
 1500580500, 1,4000000000e+02, 9,3600000000e+01, 2,4800000000e+01, 1,8569500000e+01, 2,7177166667e+04
 1500580800, 2,2000000000e+02, 1,6400000000e+02, 3,6000000000e+01, 1,9588866667e+01, 3,8077273333e+04
 1500581100, 2,5488333333e+02, 1,8991333333e+02, 4,3973333333e+01, 2,3091066667e+01, 4,1408640000e+04
 1500581400, 2,5500000000e+02, 1,9000000000e+02, 4,4000000000e+01, 2,5756600000e+01, 4,1556640000e+04
 1500581700, 2,5500000000e+02, 1,9000000000e+02, 4,4000000000e+01, 2,7697266667e+01, 4,2966436667e+04
 1500582000, 2,5500000000e+02, 1,9000000000e+02, 4,4000000000e+01, 2,9071166667e+01, 4,2974226667e+04
 1500582300, 2,5500000000e+02, 1,9000000000e+02, 4,4000000000e+01, 3,0096133333e+01, 4,2374086667e+04
 1500582600, 2,5500000000e+02, 1,9000000000e+02, 4,4000000000e+01, 2,9324000000e+01, 3,3640000000e+04
 1500582900, 2,4000000000e+02, 1,7800000000e+02, 4,0000000000e+01, 2,7924000000e+01, 3,3977200000e+04
 1500583200, 2,4400000000e+02, 1,8760000000e+02, 3,6800000000e+01, 2,6812000000e+01, 3,4509400000e+04
 1500583500, 1,6730000000e+02, 1,2044000000e+02, 2,7120000000e+01, 2,6811133333e+01, 3,5051600000e+04
 1500583800, 2,0300000000e+02, 1,4880000000e+02, 3,4800000000e+01, 2,6548000000e+01, 3,6286400000e+04
 1500584100, 2,4896666667e+02, 1,8638000000e+02, 4,2793333333e+01, 2,7434033333e+01, 4,1643963333e+04
 1500584400, 2,5400000000e+02, 1,8960000000e+02, 4,4000000000e+01, 2,8831633333e+01, 4,2064160000e+04
 1500584700, 2,5000000000e+02, 1,8800000000e+02, 4,4000000000e+01, 2,9906133333e+01, 4,2001460000e+04
 1500585000, 2,4000000000e+02, 1,7600000000e+02, 4,0000000000e+01, 3,0720066667e+01, 4,2133533333e+04
 1500585300, 2,4793333333e+02, 1,8552000000e+02, 4,3173333333e+01, 3,1312200000e+01, 4,2386226667e+04
 1500585600, 2,5000000000e+02, 1,8680000000e+02, 4,2800000000e+01, 3,1506366667e+01, 3,8845646667e+04
 1500585900, 2,4600000000e+02, 1,8360000000e+02, 4,1200000000e+01, 2,9886000000e+01, 3,2707800000e+04
 1500586200, 2,3900000000e+02, 1,7960000000e+02, 3,9600000000e+01, 2,8460800000e+01, 3,2440000000e+04
 1500586500, 2,3500000000e+02, 1,7800000000e+02, 3,8000000000e+01, 2,7228000000e+01, 3,2488600000e+04
 1500586800, 2,4000000000e+02, 1,8200000000e+02, 4,0000000000e+01, 2,6310000000e+01, 3,2449800000e+04
 1500587100, 2,4000000000e+02, 1,8200000000e+02, 4,0000000000e+01, 2,5674000000e+01, 3,2508400000e+04
 1500587400, 2,2800000000e+02, 1,7360000000e+02, 3,6400000000e+01, 2,4446000000e+01, 2,5186200000e+04
 1500587700, 2,2000000000e+02, 1,6640000000e+02, 3,4800000000e+01, 2,2330000000e+01, 2,3249000000e+04
 1500588000, 2,0900000000e+02, 1,5520000000e+02, 3,4400000000e+01, 2,0450000000e+01, 2,0068800000e+04
 1500588300, 1,6500000000e+02, 1,2000000000e+02, 2,8000000000e+01, 1,6572000000e+01, 7,5526000000e+03
 1500588600, 7,0000000000e+01, 3,4000000000e+01, 1,6000000000e+01, 1,2356000000e+01, 7,0636000000e+03
 1500588900, 5,4000000000e+01, 2,6000000000e+01, 1,1200000000e+01, 9,0260000000e+00, 7,0444000000e+03
 1500589200, 5,0000000000e+01, 2,4000000000e+01, 1,0000000000e+01, 6,5640000000e+00, 7,0436000000e+03
 1500589500, 5,2000000000e+01, 2,4800000000e+01, 1,0800000000e+01, 4,7660000000e+00, 7,0438000000e+03
 1500589800, 5,4000000000e+01, 2,5600000000e+01, 1,1600000000e+01, 3,4760000000e+00, 7,0460000000e+03
 1500590100, 5,0000000000e+01, 2,4000000000e+01, 1,0000000000e+01, 2,5300000000e+00, 7,0462000000e+03
 1500590400, 5,0000000000e+01, 2,4000000000e+01, 1,0000000000e+01, 1,8620000000e+00, 7,0508000000e+03
 1500590700, 1,1800000000e+02, 8,3200000000e+01, 1,8000000000e+01, 2,5780000000e+00, 7,6938000000e+03
 1500591000, 1,4400000000e+02, 1,0520000000e+02, 2,0000000000e+01, 4,0880000000e+00, 3,5133800000e+04
 1500591300, 1,5000000000e+02, 1,1000000000e+02, 2,0000000000e+01, 5,1680000000e+00, 4,2126400000e+04
 1500591600, 1,5000000000e+02, 1,1000000000e+02, 2,0000000000e+01, 5,9540000000e+00, 4,2126400000e+04
 1500591900, 1,5000000000e+02, 1,1000000000e+02, 2,0000000000e+01, 6,5300000000e+00, 4,2126800000e+04
 1500592200, 1,5000000000e+02, 1,1000000000e+02, 2,0000000000e+01, 6,9480000000e+00, 4,2126200000e+04
 1500592500, 1,5000000000e+02, 1,1000000000e+02, 2,0000000000e+01, 7,2500000000e+00, 4,2127600000e+04
 1500592800, 1,5300000000e+02, 1,0640000000e+02, 2,7200000000e+01, 7,4500000000e+00, 4,8058600000e+04
 1500593100, 1,5500000000e+02, 1,0800000000e+02, 2,8800000000e+01, 7,4260000000e+00, 5,2191200000e+04
 1500593400, 1,5500000000e+02, 1,1400000000e+02, 2,4000000000e+01, 7,2840000000e+00, 5,2155200000e+04
 1500593700, 1,5500000000e+02, 1,1400000000e+02, 2,4000000000e+01, 7,1000000000e+00, 5,2203200000e+04
 1500594000, 1,5500000000e+02, 1,1400000000e+02, 2,2000000000e+01, 6,9840000000e+00, 5,2251600000e+04
 1500594300, 1,5100000000e+02, 1,1240000000e+02, 2,2000000000e+01, 6,8340000000e+00, 5,2205400000e+04
 1500594600, 1,5300000000e+02, 1,1440000000e+02, 2,2000000000e+01, 6,7320000000e+00, 5,2252600000e+04
 1500594900, 1,5500000000e+02, 1,1520000000e+02, 2,2800000000e+01, 6,5480000000e+00, 5,2157600000e+04
 1500595200, 1,5500000000e+02, 1,1440000000e+02, 2,4000000000e+01, 6,3880000000e+00, 5,2254200000e+04
 1500595500, 1,5500000000e+02, 1,1600000000e+02, 2,4000000000e+01, 6,1940000000e+00, 4,3604400000e+04
 1500595800, 1,4000000000e+02, 1,0200000000e+02, 2,0000000000e+01, 5,4961333333e+00, 7,0312000000e+03
 1500596100, 6,8000000000e+01, 3,9600000000e+01, 1,2000000000e+01, 4,0046000000e+00, 7,0300000000e+03
 1500596400, 5,0000000000e+01, 2,5200000000e+01, 1,1200000000e+01, 2,9220000000e+00, 7,0300000000e+03
 1500596700, 5,0000000000e+01, 2,6000000000e+01, 1,2000000000e+01, 2,1420000000e+00, 7,0292000000e+03
 1500597000, 5,0000000000e+01, 2,5600000000e+01, 1,2000000000e+01, 1,5860000000e+00, 7,0298000000e+03
 1500597300, 5,0000000000e+01, 2,4000000000e+01, 1,2000000000e+01, 1,1720000000e+00, 7,0298000000e+03
 1500597600, 5,0000000000e+01, 2,4000000000e+01, 1,2000000000e+01, 8,8600000000e-01, 7,0312000000e+03
 1500597900, 5,0000000000e+01, 2,4000000000e+01, 1,0400000000e+01, 6,6400000000e-01, 7,0306000000e+03
 1500598200, 5,0000000000e+01, 2,4000000000e+01, 1,1200000000e+01, 5,1420000000e-01, 7,0311933333e+03
 1500598500, 5,0000000000e+01, 2,4000000000e+01, 1,2000000000e+01, 3,9433333333e-01, 7,0315666667e+03
 1500598800, 5,0000000000e+01, 2,4000000000e+01, 1,1600000000e+01, 2,9400000000e-01, 7,0314000000e+03
 1500599100, 5,0000000000e+01, 2,4000000000e+01, 1,0000000000e+01, 2,2600000000e-01, 7,0312000000e+03
 1500599400, 5,0000000000e+01, 2,4000000000e+01, 1,0000000000e+01, 2,0413333333e-01, 7,0314133333e+03
 1500599700, 5,0000000000e+01, 2,4000000000e+01, 1,0000000000e+01, 1,7000000000e-01, 7,0308066667e+03
 1500600000, 5,0000000000e+01, 2,4000000000e+01, 1,0000000000e+01, 1,3400000000e-01, 7,0312000000e+03
 1500600300, 5,0000000000e+01, 2,4000000000e+01, 1,0000000000e+01, 1,3200000000e-01, 7,0304000000e+03
 1500600600, 5,0000000000e+01, 2,4000000000e+01, 1,0000000000e+01, 1,1000000000e-01, 7,0318000000e+03
 1500600900, 5,0000000000e+01, 2,4000000000e+01, 1,0000000000e+01, 8,8000000000e-02, 7,0326000000e+03
 1500601200, 5,0000000000e+01, 2,4000000000e+01, 1,0000000000e+01, 7,0000000000e-02, 7,0326000000e+03
 1500601500, 5,0000000000e+01, 2,4000000000e+01, 1,0000000000e+01, 6,4000000000e-02, 7,0336000000e+03
 1500601800, 5,0000000000e+01, 2,4000000000e+01, 1,0000000000e+01, 5,4000000000e-02, 7,0322000000e+03
 1500602100, 5,0000000000e+01, 2,4000000000e+01, 1,0000000000e+01, 5,0000000000e-02, 7,0326000000e+03
 1500602400, 5,0000000000e+01, 2,4000000000e+01, 1,0000000000e+01, 5,0000000000e-02, 7,0324000000e+03
 1500602700, 5,0000000000e+01, 2,4000000000e+01, 1,0000000000e+01, 5,0000000000e-02, 7,0330000000e+03
 1500603000, 5,0000000000e+01, 2,4000000000e+01, 1,0000000000e+01, 5,4000000000e-02, 7,0326000000e+03
 1500603300, 5,0000000000e+01, 2,4000000000e+01, 1,0000000000e+01, 7,0000000000e-02, 7,0332000000e+03
 1500603600, 5,0000000000e+01, 2,4000000000e+01, 1,0000000000e+01, 7,2000000000e-02, 7,0334000000e+03
 1500603900, 5,0000000000e+01, 2,4000000000e+01, 1,0000000000e+01, 5,8000000000e-02, 7,0330000000e+03
 1500604200, 5,0000000000e+01, 2,4000000000e+01, 1,0000000000e+01, 5,0000000000e-02, 7,0332000000e+03
 1500604500, 5,0000000000e+01, 2,4000000000e+01, 1,0000000000e+01, 5,8000000000e-02, 7,0320000000e+03
 1500604800, 5,0000000000e+01, 2,4000000000e+01, 1,0000000000e+01, 6,0000000000e-02, 7,0312000000e+03
 1500605100, 5,0000000000e+01, 2,4000000000e+01, 1,0000000000e+01, 5,0000000000e-02, 7,0322000000e+03
 1500605400, 5,0000000000e+01, 2,4000000000e+01, 1,0000000000e+01, 5,0000000000e-02, 7,0324000000e+03
 1500605700, 5,2000000000e+01, 2,4000000000e+01, 1,0000000000e+01, 5,6000000000e-02, 7,0327733333e+03
 1500606000, 5,4000000000e+01, 2,4000000000e+01, 1,0000000000e+01, 5,4000000000e-02, 7,0332000000e+03
 1500606300, 5,0000000000e+01, 2,4000000000e+01, 1,0000000000e+01, 5,0000000000e-02, 7,0332000000e+03
 1500606600, 5,5000000000e+01, 2,6000000000e+01, 1,2000000000e+01, 5,0000000000e-02, 7,0328000000e+03
 1500606900, 5,1000000000e+01, 2,4400000000e+01, 1,2000000000e+01, 5,0000000000e-02, 7,0328200000e+03
 1500607200, 5,0000000000e+01, 2,4000000000e+01, 1,0800000000e+01, 5,0000000000e-02, 7,0336000000e+03
 1500607500, 5,0000000000e+01, 2,4000000000e+01, 1,0000000000e+01, 5,0000000000e-02, 7,0332000000e+03
 1500607800, 5,0000000000e+01, 2,4000000000e+01, 1,0000000000e+01, 5,6000000000e-02, 7,0334000000e+03
 1500608100, 5,0000000000e+01, 2,4000000000e+01, 1,0000000000e+01, 5,0000000000e-02, 7,0334000000e+03
 1500608400, 5,5000000000e+01, 2,4000000000e+01, 1,2000000000e+01, 5,0000000000e-02, 7,0328000000e+03
 1500608700, 5,1000000000e+01, 2,4000000000e+01, 1,0400000000e+01, 5,0000000000e-02, 7,0332000000e+03
 1500609000, 5,0000000000e+01, 2,4000000000e+01, 1,1200000000e+01, 5,0000000000e-02, 7,0332000000e+03
 1500609300, 5,0000000000e+01, 2,4000000000e+01, 1,1200000000e+01, 7,0000000000e-02, 7,0330000000e+03
 1500609600, 5,0000000000e+01, 2,4000000000e+01, 1,0000000000e+01, 1,0000000000e-01, 7,0352000000e+03
 1500609900, 5,0000000000e+01, 2,4000000000e+01, 1,0000000000e+01, 9,6000000000e-02, 7,0346000000e+03
 1500610200, 5,0000000000e+01, 2,4000000000e+01, 1,0000000000e+01, 8,0000000000e-02, 7,0346000000e+03
 1500610500, 5,0000000000e+01, 2,4000000000e+01, 1,0000000000e+01, 5,8000000000e-02, 7,0350000000e+03
 1500610800, 5,0000000000e+01, 2,4000000000e+01, 1,0000000000e+01, 5,0000000000e-02, 7,0336000000e+03
 1500611100, 5,0000000000e+01, 2,4000000000e+01, 1,0000000000e+01, 5,0000000000e-02, 7,0326000000e+03
 1500611400, 5,0000000000e+01, 2,4000000000e+01, 1,0400000000e+01, 5,0000000000e-02, 7,0334000000e+03
 1500611700, 5,0000000000e+01, 2,4000000000e+01, 1,2000000000e+01, 5,0000000000e-02, 7,0340000000e+03
 1500612000, 5,0000000000e+01, 2,4000000000e+01, 1,0000000000e+01, 5,2000000000e-02, 7,0338000000e+03
 1500612300, 5,0000000000e+01, 2,4000000000e+01, 1,0000000000e+01, 5,0000000000e-02, 7,0340000000e+03
 1500612600, 5,0000000000e+01, 2,4000000000e+01, 1,0000000000e+01, 5,0000000000e-02, 7,0344000000e+03
 1500612900, 5,0000000000e+01, 2,4000000000e+01, 1,0800000000e+01, 5,0000000000e-02, 7,0342000000e+03
 1500613200, 5,0000000000e+01, 2,4000000000e+01, 1,1600000000e+01, 5,4000000000e-02, 7,0340000000e+03
 1500613500, 5,0000000000e+01, 2,4000000000e+01, 1,0000000000e+01, 5,0000000000e-02, 7,0338000000e+03
 1500613800, 5,0000000000e+01, 2,4000000000e+01, 1,0000000000e+01, 5,4000000000e-02, 7,0334000000e+03
 1500614100, 5,4000000000e+01, 2,4000000000e+01, 1,0000000000e+01, 5,0000000000e-02, 7,0336000000e+03
 1500614400, 5,5000000000e+01, 2,4000000000e+01, 1,1200000000e+01, 5,0000000000e-02, 7,0340000000e+03
 1500614700, 5,5000000000e+01, 2,4000000000e+01, 1,1200000000e+01, 5,0000000000e-02, 7,0346000000e+03
 1500615000, 5,4000000000e+01, 2,4000000000e+01, 1,0000000000e+01, 5,0000000000e-02, 7,0346000000e+03
 1500615300, 5,0000000000e+01, 2,4000000000e+01, 1,0000000000e+01, 5,4000000000e-02, 7,0348000000e+03
 1500615600, 5,5000000000e+01, 2,4000000000e+01, 1,0000000000e+01, 7,0000000000e-02, 7,0340000000e+03
 1500615900, 5,1000000000e+01, 2,4000000000e+01, 1,0000000000e+01, 9,0000000000e-02, 7,0348000000e+03
 1500616200, 5,3000000000e+01, 2,4000000000e+01, 1,1200000000e+01, 7,4000000000e-02, 7,0354000000e+03
 1500616500, 5,3000000000e+01, 2,4000000000e+01, 1,1200000000e+01, 5,2000000000e-02, 7,0344000000e+03
 1500616800, 5,0000000000e+01, 2,4000000000e+01, 1,0400000000e+01, 5,0000000000e-02, 7,0340000000e+03
 1500617100, 5,0000000000e+01, 2,4000000000e+01, 1,2000000000e+01, 6,0000000000e-02, 7,0360000000e+03
 1500617400, 5,0000000000e+01, 2,4000000000e+01, 1,0000000000e+01, 5,0000000000e-02, 7,0348100000e+03
 1500617700, 5,0000000000e+01, 2,4000000000e+01, 1,0000000000e+01, 5,0000000000e-02, 7,0354000000e+03
 1500618000, 5,0000000000e+01, 2,4000000000e+01, 1,0000000000e+01, 5,0000000000e-02, 7,0352000000e+03
 1500618300, 5,2000000000e+01, 2,4000000000e+01, 1,0800000000e+01, 5,0000000000e-02, 7,0354000000e+03
 1500618600, 5,4000000000e+01, 2,4000000000e+01, 1,1600000000e+01, 5,0000000000e-02, 7,0356000000e+03
 1500618900, 5,0000000000e+01, 2,4000000000e+01, 1,0000000000e+01, 5,2000000000e-02, 7,0362000000e+03
 1500619200, 6,0000000000e+01, 2,8000000000e+01, 1,4000000000e+01, 5,0000000000e-02, 7,0348000000e+03
 1500619500, 5,2000000000e+01, 2,4800000000e+01, 1,0800000000e+01, 5,0000000000e-02, 7,0340000000e+03
 1500619800, 5,3000000000e+01, 2,4000000000e+01, 1,0000000000e+01, 5,6000000000e-02, 7,0346000000e+03
 1500620100, 5,5000000000e+01, 2,4000000000e+01, 1,0800000000e+01, 5,0000000000e-02, 7,0352000000e+03
 1500620400, 5,5000000000e+01, 2,4000000000e+01, 1,1600000000e+01, 5,2000000000e-02, 7,0356000000e+03
 1500620700, 5,5000000000e+01, 2,4000000000e+01, 1,0000000000e+01, 5,2000000000e-02, 7,0352000000e+03
 1500621000, 5,5000000000e+01, 2,4000000000e+01, 1,0000000000e+01, 5,0000000000e-02, 7,0362000000e+03
 1500621300, 5,5000000000e+01, 2,4000000000e+01, 1,1600000000e+01, 5,2000000000e-02, 7,0366000000e+03
 1500621600, 5,2000000000e+01, 2,4000000000e+01, 1,2000000000e+01, 5,6000000000e-02, 7,0366000000e+03
 1500621900, 5,0000000000e+01, 2,4000000000e+01, 1,1200000000e+01, 8,4000000000e-02, 7,0370000000e+03
 1500622200, 5,0000000000e+01, 2,4000000000e+01, 1,0000000000e+01, 1,0400000000e-01, 7,0376000000e+03
 1500622500, 5,0000000000e+01, 2,4000000000e+01, 1,0000000000e+01, 9,4000000000e-02, 7,0354000000e+03
 1500622800, 5,0000000000e+01, 2,4000000000e+01, 1,0000000000e+01, 7,4000000000e-02, 7,0352000000e+03
 1500623100, 5,0000000000e+01, 2,4000000000e+01, 1,1600000000e+01, 6,6000000000e-02, 7,0362000000e+03
 1500623400, 5,3000000000e+01, 2,4000000000e+01, -nan, 6,8000000000e-02, 7,0362000000e+03
 1500623700, 5,5000000000e+01, 2,4000000000e+01, -nan, 5,6000000000e-02, 7,0364000000e+03
 1500624000, 5,4000000000e+01, 2,4000000000e+01, -nan, 5,0000000000e-02, 7,0370000000e+03
 1500624300, 5,0000000000e+01, 2,4000000000e+01, -nan, 5,0000000000e-02, 7,0368000000e+03
 1500624600, 5,0000000000e+01, 2,4000000000e+01, -nan, 5,0000000000e-02, 7,0362000000e+03
 1500624900, 5,0000000000e+01, 2,4000000000e+01, -nan, 5,2000000000e-02, 7,0368000000e+03
 1500625200, 5,3000000000e+01, 2,4000000000e+01, -nan, 5,0000000000e-02, 7,0362000000e+03
 1500625500, 5,5000000000e+01, 2,4000000000e+01, -nan, -nan, -nan
 1500625800, 5,4000000000e+01, 2,4000000000e+01, -nan, -nan, -nan
 1500626100, 5,0000000000e+01, 2,4000000000e+01, -nan, -nan, -nan
 1500626400, 5,0000000000e+01, 2,4000000000e+01, -nan, -nan, -nan
 1500626700, 5,4000000000e+01, 2,5600000000e+01, -nan, -nan, -nan
 1500627000, 5,2000000000e+01, -nan, -nan, -nan, -nan
 1500627300, -nan, -nan, -nan, -nan, -nan
