 Time, ttl_pwr, cpu_pwr, mem_pwr, cpu_load, mem_load
 1500448500, 5.0000000000e+01, 2.4000000000e+01, 1.0000000000e+01, 5.1666666667e-02, 7.0059666667e+03
 1500448800, 5.0000000000e+01, 2.4000000000e+01, 1.0000000000e+01, 5.0666666667e-02, 7.0056000000e+03
 1500449100, 5.0000000000e+01, 2.4000000000e+01, 1.0000000000e+01, 6.1333333333e-02, 7.0052666667e+03
 1500449400, 5.0000000000e+01, 2.4000000000e+01, 1.0000000000e+01, 5.2000000000e-02, 7.0057666667e+03
 1500449700, 5.0000000000e+01, 2.4000000000e+01, 1.0000000000e+01, 5.2000000000e-02, 7.0056000000e+03
 1500450000, 5.0000000000e+01, 2.4000000000e+01, 1.0000000000e+01, 9.6700000000e-01, 8.5694333333e+03
 1500450300, 1.1716666667e+02, 8.5533333333e+01, 1.5200000000e+01, 4.1166666667e+00, 8.6356666667e+03
 1500450600, 2.0500000000e+02, 1.6600000000e+02, 2.2000000000e+01, 6.6074666667e+00, 1.2242513333e+04
 1500450900, 1.9983333333e+02, 1.6126666667e+02, 2.1600000000e+01, 7.9926666667e+00, 8.3575000000e+03
 1500451200, 5.0000000000e+01, 2.4000000000e+01, 1.0000000000e+01, 6.2253333333e+00, 7.0006000000e+03
 1500451500, 5.0000000000e+01, 2.4000000000e+01, 1.0000000000e+01, 5.5460000000e+00, 1.7076833333e+04
 1500451800, 1.4816666667e+02, 1.1393333333e+02, 1.7600000000e+01, 8.1193333333e+00, 1.7928400000e+04
 1500452100, 2.1366666667e+02, 1.7380000000e+02, 2.2866666667e+01, 1.0300333333e+01, 1.8306700000e+04
 1500452400, 2.2500000000e+02, 1.8166666667e+02, 2.6333333333e+01, 1.1877666667e+01, 2.4503433333e+04
 1500452700, 2.2500000000e+02, 1.7406666667e+02, 3.3866666667e+01, 1.2982666667e+01, 2.3248566667e+04
 1500453000, 2.2500000000e+02, 1.7600000000e+02, 3.0000000000e+01, 1.3669333333e+01, 1.7131033333e+04
 1500453300, 2.2083333333e+02, 1.8266666667e+02, 2.1666666667e+01, 1.4220666667e+01, 2.0195066667e+04
 1500453600, 2.2633333333e+02, 1.8146666667e+02, 2.6333333333e+01, 1.4719666667e+01, 1.6896600000e+04
 1500453900, 2.2350000000e+02, 1.7740000000e+02, 2.7400000000e+01, 1.5029666667e+01, 2.1771100000e+04
 1500454200, 2.1733333333e+02, 1.7586666667e+02, 2.4466666667e+01, 1.5286000000e+01, 2.0261633333e+04
 1500454500, 2.2500000000e+02, 1.8193333333e+02, 2.6066666667e+01, 1.5489666667e+01, 2.4505700000e+04
 1500454800, 2.2500000000e+02, 1.8000000000e+02, 2.8000000000e+01, 1.5634000000e+01, 2.4380833333e+04
 1500455100, 2.2083333333e+02, 1.8166666667e+02, 2.4666666667e+01, 1.5739000000e+01, 1.9683166667e+04
 1500455400, 2.2000000000e+02, 1.8200000000e+02, 2.4000000000e+01, 1.5770000000e+01, 2.0315133333e+04
 1500455700, 2.2000000000e+02, 1.8200000000e+02, 2.4000000000e+01, 1.5807666667e+01, 2.2036933333e+04
 1500456000, 2.2000000000e+02, 1.8200000000e+02, 2.4000000000e+01, 1.5845333333e+01, 2.1949766667e+04
 1500456300, 2.2000000000e+02, 1.8200000000e+02, 2.4000000000e+01, 1.5844000000e+01, 2.2718733333e+04
 1500456600, 2.2000000000e+02, 1.8200000000e+02, 2.4000000000e+01, 1.5847666667e+01, 2.4423933333e+04
 1500456900, 2.3250000000e+02, 1.8033333333e+02, 3.4000000000e+01, 1.5841000000e+01, 2.4547066667e+04
 1500457200, 2.2550000000e+02, 1.7620000000e+02, 2.9666666667e+01, 1.5770000000e+01, 2.4515333333e+04
 1500457500, 2.1566666667e+02, 1.7140000000e+02, 2.4266666667e+01, 1.5611333333e+01, 2.0375633333e+04
 1500457800, 2.1583333333e+02, 1.7033333333e+02, 2.6666666667e+01, 1.5691666667e+01, 2.4517500000e+04
 1500458100, 2.3466666667e+02, 1.7813333333e+02, 4.1533333333e+01, 1.5778000000e+01, 2.4196966667e+04
 1500458400, 2.2500000000e+02, 1.8200000000e+02, 2.8000000000e+01, 1.5841933333e+01, 2.0596760000e+04
 1500458700, 2.2500000000e+02, 1.8200000000e+02, 2.8000000000e+01, 1.5887333333e+01, 2.4510300000e+04
 1500459000, 2.2816666667e+02, 1.8200000000e+02, 2.9266666667e+01, 1.5931333333e+01, 2.0669333333e+04
 1500459300, 2.3216666667e+02, 1.8113333333e+02, 3.2600000000e+01, 1.5950000000e+01, 2.0373033333e+04
 1500459600, 2.3266666667e+02, 1.8046666667e+02, 3.3200000000e+01, 1.5933666667e+01, 2.4601200000e+04
 1500459900, 2.2516666667e+02, 1.8180000000e+02, 2.4400000000e+01, 1.5876000000e+01, 2.3810366667e+04
 1500460200, 2.3000000000e+02, 1.7600000000e+02, 3.6000000000e+01, 1.5796266667e+01, 2.1771086667e+04
 1500460500, 2.1333333333e+02, 1.6933333333e+02, 2.4333333333e+01, 1.5847000000e+01, 2.2354533333e+04
 1500460800, 2.1950000000e+02, 1.7053333333e+02, 3.2133333333e+01, 1.5659000000e+01, 2.3447366667e+04
 1500461100, 2.2283333333e+02, 1.7546666667e+02, 3.1933333333e+01, 1.5742666667e+01, 2.4532566667e+04
 1500461400, 2.2000000000e+02, 1.7906666667e+02, 2.4933333333e+01, 1.5812000000e+01, 1.7354966667e+04
 1500461700, 2.2000000000e+02, 1.7620000000e+02, 2.7800000000e+01, 1.5817000000e+01, 2.0450166667e+04
 1500462000, 2.2000000000e+02, 1.8200000000e+02, 2.2000000000e+01, 1.5611000000e+01, 2.0666633333e+04
 1500462300, 7.8333333333e+01, 5.0333333333e+01, 1.2000000000e+01, 1.2345000000e+01, 6.9455333333e+03
 1500462600, 5.0000000000e+01, 2.4000000000e+01, 1.0000000000e+01, 8.9963333333e+00, 6.9447666667e+03
 1500462900, 5.0000000000e+01, 2.4000000000e+01, 1.0000000000e+01, 6.5480000000e+00, 6.9442000000e+03
 1500463200, 5.0000000000e+01, 2.4000000000e+01, 1.0000000000e+01, 4.7703333333e+00, 6.9446333333e+03
 1500463500, 5.0000000000e+01, 2.4000000000e+01, 1.0000000000e+01, 3.4873333333e+00, 6.9441333333e+03
 1500463800, 5.0000000000e+01, 2.4000000000e+01, 1.0000000000e+01, 2.5663333333e+00, 6.9438333333e+03
 1500464100, 5.0000000000e+01, 2.4000000000e+01, 1.0000000000e+01, 1.9020000000e+00, 6.9438000000e+03
 1500464400, 5.0000000000e+01, 2.4000000000e+01, 1.0000000000e+01, 1.4226666667e+00, 6.9442333333e+03
 1500464700, 5.0000000000e+01, 2.4000000000e+01, 1.0000000000e+01, 1.0700000000e+00, 6.9448000000e+03
 1500465000, 5.0000000000e+01, 2.4000000000e+01, 1.0000000000e+01, 8.1200000000e-01, 6.9440000000e+03
 1500465300, 5.0000000000e+01, 2.4066666667e+01, 1.0000000000e+01, 6.5000000000e-01, 6.9438000000e+03
 1500465600, 5.0000000000e+01, 2.6000000000e+01, 1.0000000000e+01, 4.7700000000e-01, 6.9443333333e+03
 1500465900, 5.0000000000e+01, 2.4333333333e+01, 1.0000000000e+01, 3.6100000000e-01, 6.9448666667e+03
 1500466200, 5.0000000000e+01, 2.4000000000e+01, 1.0000000000e+01, 6.1733333333e-01, 1.2434600000e+04
 1500466500, 1.2366666667e+02, 9.1600000000e+01, 1.6066666667e+01, 4.0720000000e+00, 2.3911966667e+04
 1500466800, 1.8150000000e+02, 1.4453333333e+02, 2.1200000000e+01, 6.6473333333e+00, 1.3393066667e+04
 1500467100, 5.4833333333e+01, 2.7866666667e+01, 1.1933333333e+01, 5.2240000000e+00, 6.9460000000e+03
 1500467400, 5.0000000000e+01, 2.4000000000e+01, 1.0000000000e+01, 3.8023333333e+00, 6.9449666667e+03
 1500467700, 5.0000000000e+01, 2.4000000000e+01, 1.0000000000e+01, 2.7906666667e+00, 6.9446666667e+03
 1500468000, 5.0000000000e+01, 2.4000000000e+01, 1.0000000000e+01, 2.0466666667e+00, 6.9450000000e+03
 1500468300, 5.0000000000e+01, 2.4000000000e+01, 1.0000000000e+01, 1.5053333333e+00, 6.9456000000e+03
 1500468600, 5.0000000000e+01, 2.4000000000e+01, 1.0000000000e+01, 1.1070000000e+00, 6.9460333333e+03
 1500468900, 5.0000000000e+01, 2.4000000000e+01, 1.0000000000e+01, 8.4366666667e-01, 6.9458000000e+03
 1500469200, 5.0000000000e+01, 2.4000000000e+01, 1.0000000000e+01, 6.6400000000e-01, 6.9462333333e+03
 1500469500, 5.0000000000e+01, 2.4000000000e+01, 1.1666666667e+01, 5.1400000000e-01, 6.9468000000e+03
 1500469800, 5.0000000000e+01, 2.4000000000e+01, 1.0733333333e+01, 4.0966666667e-01, 6.9464666667e+03
 1500470100, 5.0000000000e+01, 2.4000000000e+01, 1.0000000000e+01, 3.3066666667e-01, 6.9475333333e+03
 1500470400, 5.4666666667e+01, 2.6800000000e+01, 1.1866666667e+01, 4.3600000000e-01, 7.0140666667e+03
 1500470700, 7.0000000000e+01, 3.5933333333e+01, 1.8000000000e+01, 6.5800000000e-01, 7.0180333333e+03
 1500471000, 7.0000000000e+01, 3.4000000000e+01, 1.8000000000e+01, 8.0833333333e-01, 7.0181666667e+03
 1500471300, 7.0000000000e+01, 3.4000000000e+01, 1.8000000000e+01, 9.5356666667e-01, 7.0190033333e+03
 1500471600, 7.0000000000e+01, 3.4000000000e+01, 1.8000000000e+01, 1.0676666667e+00, 7.0190333333e+03
 1500471900, 7.0000000000e+01, 3.4866666667e+01, 1.8000000000e+01, 1.1136666667e+00, 7.0190000000e+03
 1500472200, 7.0000000000e+01, 3.6000000000e+01, 1.8000000000e+01, 1.1460000000e+00, 7.0196000000e+03
 1500472500, 6.9666666667e+01, 3.5800000000e+01, 1.7866666667e+01, 1.1420000000e+00, 7.0187666667e+03
 1500472800, 6.0000000000e+01, 3.0000000000e+01, 1.4000000000e+01, 1.1550000000e+00, 7.0188666667e+03
 1500473100, 6.8333333333e+01, 3.5000000000e+01, 1.7333333333e+01, 1.1866666667e+00, 7.0184666667e+03
 1500473400, 7.0000000000e+01, 3.6000000000e+01, 1.9266666667e+01, 1.1900000000e+00, 7.0181333333e+03
 1500473700, 6.7833333333e+01, 3.5133333333e+01, 1.9133333333e+01, 1.1810000000e+00, 7.0174000000e+03
 1500474000, 6.1500000000e+01, 3.1666666667e+01, 1.6133333333e+01, 9.2333333333e-01, 7.0136000000e+03
 1500474300, 5.0000000000e+01, 2.4000000000e+01, 1.0000000000e+01, 6.8866666667e-01, 7.0131666667e+03
 1500474600, 5.0000000000e+01, 2.4000000000e+01, 1.0000000000e+01, 5.0300000000e-01, 7.0138333333e+03
 1500474900, 5.0000000000e+01, 2.4000000000e+01, 1.0000000000e+01, 3.7900000000e-01, 7.0146333333e+03
 1500475200, 5.0000000000e+01, 2.4000000000e+01, 1.0000000000e+01, 3.0466666667e-01, 7.0155333333e+03
 1500475500, 5.2166666667e+01, 2.5733333333e+01, 1.0866666667e+01, 2.7666666667e-01, 7.0144666667e+03
 1500475800, 5.3833333333e+01, 2.7066666667e+01, 1.1533333333e+01, 2.3733333333e-01, 7.0139666667e+03
 1500476100, 5.0000000000e+01, 2.4000000000e+01, 1.0000000000e+01, 2.2166666667e-01, 7.0138333333e+03
 1500476400, 5.0000000000e+01, 2.4000000000e+01, 1.0000000000e+01, 2.1133333333e-01, 7.0140000000e+03
 1500476700, 5.0000000000e+01, 2.4000000000e+01, 1.0000000000e+01, 1.8266666667e-01, 7.0142000000e+03
 1500477000, 5.0000000000e+01, 2.4000000000e+01, 1.0000000000e+01, 1.4100000000e-01, 7.0140333333e+03
 1500477300, 5.0000000000e+01, 2.4000000000e+01, 1.0000000000e+01, 1.2833333333e-01, 7.0149666667e+03
 1500477600, 5.0000000000e+01, 2.4000000000e+01, 1.0000000000e+01, 1.3366666667e-01, 7.0143666667e+03
 1500477900, 5.0000000000e+01, 2.4000000000e+01, 1.0000000000e+01, 1.3000000000e-01, 7.0142000000e+03
 1500478200, 5.0000000000e+01, 2.4000000000e+01, 1.0000000000e+01, 1.3200000000e-01, 7.0142666667e+03
 1500478500, 5.0000000000e+01, 2.4000000000e+01, 1.0000000000e+01, 1.3200000000e-01, 7.0150000000e+03
 1500478800, 5.0000000000e+01, 2.4000000000e+01, 1.0000000000e+01, 1.2966666667e-01, 7.0145666667e+03
 1500479100, 5.2166666667e+01, 2.4866666667e+01, 1.0866666667e+01, 1.1166666667e-01, 7.0132000000e+03
 1500479400, 5.3833333333e+01, 2.5533333333e+01, 1.1533333333e+01, 1.0533333333e-01, 7.0138333333e+03
 1500479700, 5.0000000000e+01, 2.4000000000e+01, 1.0000000000e+01, 8.5666666667e-02, 7.0135333333e+03
 1500480000, 5.0000000000e+01, 2.4000000000e+01, 1.0000000000e+01, 6.7333333333e-02, 7.0134333333e+03
 1500480300, 5.0000000000e+01, 2.4000000000e+01, 1.0000000000e+01, 7.5000000000e-02, 7.0140000000e+03
 1500480600, 5.0000000000e+01, 2.4000000000e+01, 1.0000000000e+01, 9.8333333333e-02, 7.0140333333e+03
 1500480900, 5.0000000000e+01, 2.4000000000e+01, 1.0000000000e+01, 1.1233333333e-01, 7.0149666667e+03
 1500481200, 5.0000000000e+01, 2.4000000000e+01, 1.0000000000e+01, 1.2666666667e-01, 7.0148000000e+03
 1500481500, 5.0000000000e+01, 2.4000000000e+01, 1.0000000000e+01, 1.2800000000e-01, 7.0149666667e+03
 1500481800, 5.0000000000e+01, 2.4000000000e+01, 1.0000000000e+01, 1.1766666667e-01, 7.0130666667e+03
 1500482100, 5.0000000000e+01, 2.4000000000e+01, 1.0000000000e+01, 1.2233333333e-01, 7.0133333333e+03
 1500482400, 5.0000000000e+01, 2.4000000000e+01, 1.0000000000e+01, 1.2566666667e-01, 7.0134666667e+03
 1500482700, 5.0000000000e+01, 2.4000000000e+01, 1.0000000000e+01, 1.1133333333e-01, 7.0138333333e+03
 1500483000, 5.0000000000e+01, 2.4000000000e+01, 1.0000000000e+01, 9.8000000000e-02, 7.0144666667e+03
 1500483300, 5.0000000000e+01, 2.4000000000e+01, 1.0000000000e+01, 9.1333333333e-02, 7.0143333333e+03
 1500483600, 5.0000000000e+01, 2.4000000000e+01, 1.0000000000e+01, 8.2000000000e-02, 7.0146000000e+03
 1500483900, 5.0000000000e+01, 2.4000000000e+01, 1.0000000000e+01, 9.2333333333e-02, 7.0144666667e+03
 1500484200, 5.0000000000e+01, 2.4000000000e+01, 1.0000000000e+01, 8.5666666667e-02, 7.0151666667e+03
 1500484500, 5.0000000000e+01, 2.4000000000e+01, 1.0000000000e+01, 8.8000000000e-02, 7.0152666667e+03
 1500484800, 5.0000000000e+01, 2.4000000000e+01, 1.0000000000e+01, 7.1333333333e-02, 7.0132333333e+03
 1500485100, 5.0000000000e+01, 2.4000000000e+01, 1.0000000000e+01, 5.1666666667e-02, 7.0144000000e+03
 1500485400, 5.0000000000e+01, 2.4000000000e+01, 1.0000000000e+01, 5.0000000000e-02, 7.0138000000e+03
 1500485700, 5.0000000000e+01, 2.4000000000e+01, 1.0000000000e+01, 5.2000000000e-02, 7.0141666667e+03
 1500486000, 5.0000000000e+01, 2.4000000000e+01, 1.1266666667e+01, 7.4666666667e-02, 7.0146000000e+03
 1500486300, 5.0000000000e+01, 2.4000000000e+01, 1.2000000000e+01, 6.5666666667e-02, 7.0145666667e+03
 1500486600, 5.0000000000e+01, 2.4000000000e+01, 1.1533333333e+01, 5.3666666667e-02, 7.0140000000e+03
 1500486900, 5.0166666667e+01, 2.4066666667e+01, 1.0066666667e+01, 5.0333333333e-02, 7.0136000000e+03
 1500487200, 5.5000000000e+01, 2.6000000000e+01, 1.2000000000e+01, 5.8000000000e-02, 7.0148666667e+03
 1500487500, 5.0833333333e+01, 2.4333333333e+01, 1.0333333333e+01, 6.0000000000e-02, 7.0153666667e+03
 1500487800, 5.0000000000e+01, 2.4000000000e+01, 1.0000000000e+01, 6.4333333333e-02, 7.0146666667e+03
 1500488100, 5.0000000000e+01, 2.4000000000e+01, 1.0000000000e+01, 6.3666666667e-02, 7.0143666667e+03
 1500488400, 5.0000000000e+01, 2.4000000000e+01, 1.0000000000e+01, 8.4000000000e-02, 7.0139666667e+03
 1500488700, 5.0000000000e+01, 2.4000000000e+01, 1.0000000000e+01, 1.2000000000e-01, 7.0140333333e+03
 1500489000, 5.0000000000e+01, 2.4000000000e+01, 1.0000000000e+01, 1.3266666667e-01, 7.0146000000e+03
 1500489300, 5.0000000000e+01, 2.4000000000e+01, 1.0000000000e+01, 1.2900000000e-01, 7.0154666667e+03
 1500489600, 5.0000000000e+01, 2.4000000000e+01, 1.0000000000e+01, 1.1266666667e-01, 7.0151000000e+03
 1500489900, 5.0000000000e+01, 2.4000000000e+01, 1.0000000000e+01, 1.4233333333e-01, 7.0146666667e+03
 1500490200, 5.0000000000e+01, 2.4000000000e+01, 1.0000000000e+01, 1.5033333333e-01, 7.0162000000e+03
 1500490500, 5.0000000000e+01, 2.4066666667e+01, 1.0066666667e+01, 1.6000000000e-01, 7.0148333333e+03
 1500490800, 5.0000000000e+01, 2.6000000000e+01, 1.2000000000e+01, 1.5366666667e-01, 7.0145666667e+03
 1500491100, 5.0000000000e+01, 2.4333333333e+01, 1.0333333333e+01, 1.4000000000e-01, 7.0154000000e+03
 1500491400, 5.0000000000e+01, 2.4000000000e+01, 1.0000000000e+01, 1.2700000000e-01, 7.0154333333e+03
 1500491700, 5.0000000000e+01, 2.4000000000e+01, 1.0000000000e+01, 1.1833333333e-01, 7.0163666667e+03
 1500492000, 5.0000000000e+01, 2.4000000000e+01, 1.0000000000e+01, 1.1433333333e-01, 7.0156666667e+03
 1500492300, 5.0000000000e+01, 2.4000000000e+01, 1.0000000000e+01, 1.1733333333e-01, 7.0167666667e+03
 1500492600, 5.0000000000e+01, 2.4000000000e+01, 1.0000000000e+01, 1.2066666667e-01, 7.0174666667e+03
 1500492900, 5.0000000000e+01, 2.4000000000e+01, 1.0000000000e+01, 1.3400000000e-01, 7.0171666667e+03
 1500493200, 5.0000000000e+01, 2.4000000000e+01, 1.0000000000e+01, 1.3200000000e-01, 7.0171666667e+03
 1500493500, 5.0000000000e+01, 2.4000000000e+01, 1.0000000000e+01, 1.3000000000e-01, 7.0162333333e+03
 1500493800, 5.0000000000e+01, 2.4000000000e+01, 1.0000000000e+01, 1.3433333333e-01, 7.0159666667e+03
 1500494100, 5.0000000000e+01, 2.4000000000e+01, 1.0000000000e+01, 1.3000000000e-01, 7.0163666667e+03
 1500494400, 5.0000000000e+01, 2.4000000000e+01, 1.0000000000e+01, 1.2700000000e-01, 7.0154333333e+03
 1500494700, 5.0000000000e+01, 2.4000000000e+01, 1.0000000000e+01, 1.2133333333e-01, 7.0161666667e+03
 1500495000, 5.0000000000e+01, 2.4000000000e+01, 1.0000000000e+01, 1.3533333333e-01, 7.0162333333e+03
 1500495300, 5.0000000000e+01, 2.4000000000e+01, 1.0000000000e+01, 1.3166666667e-01, 7.0158333333e+03
 1500495600, 5.0000000000e+01, 2.4000000000e+01, 1.0000000000e+01, 1.1166666667e-01, 7.0176333333e+03
 1500495900, 5.0166666667e+01, 2.4133333333e+01, 1.0066666667e+01, 1.1200000000e-01, 7.0180000000e+03
 1500496200, 5.5000000000e+01, 2.8000000000e+01, 1.2000000000e+01, 1.1000000000e-01, 7.0186000000e+03
 1500496500, 5.0833333333e+01, 2.4666666667e+01, 1.0333333333e+01, 1.0866666667e-01, 7.0171666667e+03
 1500496800, 5.0000000000e+01, 2.4000000000e+01, 1.0000000000e+01, 1.2633333333e-01, 7.0170000000e+03
 1500497100, 5.0000000000e+01, 2.4000000000e+01, 1.0000000000e+01, 1.3333333333e-01, 7.0170333333e+03
 1500497400, 5.0000000000e+01, 2.4000000000e+01, 1.0000000000e+01, 1.3033333333e-01, 7.0170000000e+03
 1500497700, 5.0000000000e+01, 2.4000000000e+01, 1.0000000000e+01, 1.3400000000e-01, 7.0166000000e+03
 1500498000, 5.0000000000e+01, 2.4000000000e+01, 1.0000000000e+01, 1.3200000000e-01, 7.0166333333e+03
 1500498300, 5.0000000000e+01, 2.4000000000e+01, 1.0000000000e+01, 1.2633333333e-01, 7.0166333333e+03
 1500498600, 5.0000000000e+01, 2.4000000000e+01, 1.0000000000e+01, 1.2766666667e-01, 7.0171666667e+03
 1500498900, 5.0000000000e+01, 2.4000000000e+01, 1.0000000000e+01, 1.3033333333e-01, 7.0174333333e+03
 1500499200, 5.0000000000e+01, 2.4000000000e+01, 1.0000000000e+01, 1.3133333333e-01, 7.0168333333e+03
 1500499500, 5.0000000000e+01, 2.4000000000e+01, 1.0000000000e+01, 1.0733333333e-01, 7.0158666667e+03
 1500499800, 5.0000000000e+01, 2.4000000000e+01, 1.0000000000e+01, 9.6000000000e-02, 7.0171666667e+03
 1500500100, 5.0000000000e+01, 2.4000000000e+01, 1.0000000000e+01, 1.0066666667e-01, 7.0168333333e+03
 1500500400, 5.0000000000e+01, 2.4000000000e+01, 1.0000000000e+01, 1.2233333333e-01, 7.0171666667e+03
 1500500700, 5.0000000000e+01, 2.4000000000e+01, 1.0000000000e+01, 1.2800000000e-01, 7.0165666667e+03
 1500501000, 5.0000000000e+01, 2.4000000000e+01, 1.0000000000e+01, 1.4700000000e-01, 7.0162000000e+03
 1500501300, 5.0000000000e+01, 2.4000000000e+01, 1.0000000000e+01, 1.4133333333e-01, 7.0166333333e+03
 1500501600, 5.0000000000e+01, 2.4000000000e+01, 1.0000000000e+01, 1.3366666667e-01, 7.0162333333e+03
 1500501900, 5.0000000000e+01, 2.4000000000e+01, 1.0000000000e+01, 1.2766666667e-01, 7.0171666667e+03
 1500502200, 5.0000000000e+01, 2.5266666667e+01, 1.0000000000e+01, 1.1600000000e-01, 7.0173333333e+03
 1500502500, 5.0000000000e+01, 2.5133333333e+01, 1.0000000000e+01, 1.0300000000e-01, 7.0157000000e+03
 1500502800, 5.1166666667e+01, 2.4933333333e+01, 1.0933333333e+01, 8.1666666667e-02, 7.0163666667e+03
 1500503100, 5.4833333333e+01, 2.7866666667e+01, 1.3866666667e+01, 7.5666666667e-02, 7.0166666667e+03
 1500503400, 5.0000000000e+01, 2.4000000000e+01, 1.0000000000e+01, 8.4666666667e-02, 7.0171666667e+03
 1500503700, 5.0000000000e+01, 2.4000000000e+01, 1.0000000000e+01, 8.8000000000e-02, 7.0178333333e+03
 1500504000, 5.0000000000e+01, 2.4000000000e+01, 1.0000000000e+01, 9.0333333333e-02, 7.0177333333e+03
 1500504300, 5.0000000000e+01, 2.4000000000e+01, 1.0000000000e+01, 1.0166666667e-01, 7.0178333333e+03
 1500504600, 5.0000000000e+01, 2.4000000000e+01, 1.0000000000e+01, 8.7666666667e-02, 7.0184333333e+03
 1500504900, 5.0000000000e+01, 2.4000000000e+01, 1.0000000000e+01, 8.8333333333e-02, 7.0181666667e+03
 1500505200, 5.0000000000e+01, 2.4000000000e+01, 1.0000000000e+01, 7.5000000000e-02, 7.0174333333e+03
 1500505500, 5.0000000000e+01, 2.4000000000e+01, 1.0000000000e+01, 6.6333333333e-02, 7.0173000000e+03
 1500505800, 5.0000000000e+01, 2.4000000000e+01, 1.0000000000e+01, 5.9333333333e-02, 7.0166666667e+03
 1500506100, 5.0000000000e+01, 2.4000000000e+01, 1.0000000000e+01, 5.8333333333e-02, 7.0167666667e+03
 1500506400, 5.0000000000e+01, 2.4000000000e+01, 1.0000000000e+01, 7.2666666667e-02, 7.0172000000e+03
 1500506700, 5.0000000000e+01, 2.4000000000e+01, 1.0000000000e+01, 9.0666666667e-02, 7.0172333333e+03
 1500507000, 5.0000000000e+01, 2.4000000000e+01, 1.0000000000e+01, 9.5666666667e-02, 7.0178000000e+03
 1500507300, 5.0000000000e+01, 2.4000000000e+01, 1.0000000000e+01, 1.0266666667e-01, 7.0180333333e+03
 1500507600, 5.0000000000e+01, 2.4000000000e+01, 1.0000000000e+01, 1.1466666667e-01, 7.0182000000e+03
 1500507900, 5.0000000000e+01, 2.4000000000e+01, 1.0000000000e+01, 1.3400000000e-01, 7.0184333333e+03
 1500508200, 5.0000000000e+01, 2.4000000000e+01, 1.0000000000e+01, 1.3600000000e-01, 7.0175333333e+03
 1500508500, 5.0000000000e+01, 2.4000000000e+01, 1.0000000000e+01, 1.1700000000e-01, 7.0174666667e+03
 1500508800, 5.0000000000e+01, 2.4000000000e+01, 1.0000000000e+01, 1.0433333333e-01, 7.0189333333e+03
 1500509100, 5.0000000000e+01, 2.4000000000e+01, 1.0000000000e+01, 1.0633333333e-01, 7.0178666667e+03
 1500509400, 5.0000000000e+01, 2.4000000000e+01, 1.0000000000e+01, 1.0303333333e-01, 7.0185900000e+03
 1500509700, 5.0000000000e+01, 2.4866666667e+01, 1.0866666667e+01, 7.9333333333e-02, 7.0181666667e+03
 1500510000, 5.0000000000e+01, 2.5533333333e+01, 1.1533333333e+01, 6.1666666667e-02, 7.0177666667e+03
 1500510300, 5.0000000000e+01, 2.4000000000e+01, 1.0000000000e+01, 5.8000000000e-02, 7.0167666667e+03
 1500510600, 5.0000000000e+01, 2.4000000000e+01, 1.0000000000e+01, 6.4000000000e-02, 7.0176333333e+03
 1500510900, 5.0000000000e+01, 2.4000000000e+01, 1.0000000000e+01, 7.9000000000e-02, 7.0184333333e+03
 1500511200, 5.0000000000e+01, 2.4000000000e+01, 1.0000000000e+01, 7.7666666667e-02, 7.0178000000e+03
 1500511500, 5.0000000000e+01, 2.4000000000e+01, 1.0000000000e+01, 7.6333333333e-02, 7.0169633333e+03
 1500511800, 5.0000000000e+01, 2.4000000000e+01, 1.0000000000e+01, 7.9666666667e-02, 7.0176666667e+03
 1500512100, 5.0000000000e+01, 2.4000000000e+01, 1.0000000000e+01, 7.5666666667e-02, 7.0184333333e+03
 1500512400, 5.0000000000e+01, 2.4000000000e+01, 1.0000000000e+01, 6.3666666667e-02, 7.0180000000e+03
 1500512700, 5.0000000000e+01, 2.4000000000e+01, 1.0000000000e+01, 5.8000000000e-02, 7.0190000000e+03
 1500513000, 5.0000000000e+01, 2.4000000000e+01, 1.0000000000e+01, 5.1666666667e-02, 7.0190333333e+03
 1500513300, 5.0000000000e+01, 2.4000000000e+01, 1.0000000000e+01, 5.0333333333e-02, 7.0192333333e+03
 1500513600, 5.0000000000e+01, 2.4000000000e+01, 1.0000000000e+01, 5.5666666667e-02, 7.0196000000e+03
 1500513900, 5.0000000000e+01, 2.4000000000e+01, 1.0000000000e+01, 6.0333333333e-02, 7.0191666667e+03
 1500514200, 5.0000000000e+01, 2.4000000000e+01, 1.0000000000e+01, 6.8666666667e-02, 7.0193333333e+03
 1500514500, 5.0000000000e+01, 2.4000000000e+01, 1.0000000000e+01, 8.2333333333e-02, 7.0191666667e+03
 1500514800, 5.0000000000e+01, 2.4000000000e+01, 1.0000000000e+01, 9.0666666667e-02, 7.0194000000e+03
 1500515100, 5.0000000000e+01, 2.4000000000e+01, 1.0000000000e+01, 1.1833333333e-01, 7.0186333333e+03
 1500515400, 5.0000000000e+01, 2.4000000000e+01, 1.0000000000e+01, 1.1933333333e-01, 7.0194666667e+03
 1500515700, 5.0000000000e+01, 2.4000000000e+01, 1.0000000000e+01, 9.1333333333e-02, 7.0203000000e+03
 1500516000, 5.0000000000e+01, 2.4000000000e+01, 1.0000000000e+01, 6.3000000000e-02, 7.0196333333e+03
 1500516300, 5.0000000000e+01, 2.4000000000e+01, 1.0000000000e+01, 5.2000000000e-02, 7.0200000000e+03
 1500516600, 5.3166666667e+01, 2.5266666667e+01, 1.1266666667e+01, 5.0000000000e-02, 7.0208000000e+03
 1500516900, 5.2833333333e+01, 2.5133333333e+01, 1.1133333333e+01, 5.0000000000e-02, 7.0208333333e+03
 1500517200, 5.0000000000e+01, 2.4000000000e+01, 1.0000000000e+01, 5.0000000000e-02, 7.0197333333e+03
 1500517500, 5.0000000000e+01, 2.4000000000e+01, 1.0000000000e+01, 5.0000000000e-02, 7.0190333333e+03
 1500517800, 5.0000000000e+01, 2.4000000000e+01, 1.0000000000e+01, 5.4000000000e-02, 7.0190333333e+03
 1500518100, 5.0000000000e+01, 2.4000000000e+01, 1.0000000000e+01, 5.0000000000e-02, 7.0198000000e+03
 1500518400, 5.0000000000e+01, 2.4000000000e+01, 1.0000000000e+01, 5.0000000000e-02, 7.0198000000e+03
 1500518700, 5.0000000000e+01, 2.4000000000e+01, 1.0000000000e+01, 6.1000000000e-02, 7.0200000000e+03
 1500519000, 5.0000000000e+01, 2.4000000000e+01, 1.0000000000e+01, 7.7666666667e-02, 7.0197666667e+03
 1500519300, 5.0000000000e+01, 2.4000000000e+01, 1.0000000000e+01, 5.7333333333e-02, 7.0200333333e+03
 1500519600, 5.0000000000e+01, 2.4000000000e+01, 1.0000000000e+01, 5.2333333333e-02, 7.0206000000e+03
 1500519900, 5.0000000000e+01, 2.4000000000e+01, 1.0000000000e+01, 5.9666666667e-02, 7.0212000000e+03
 1500520200, 5.0000000000e+01, 2.4000000000e+01, 1.0000000000e+01, 5.0000000000e-02, 7.0190000000e+03
 1500520500, 5.2166666667e+01, 2.4866666667e+01, 1.0866666667e+01, 5.0000000000e-02, 7.0197666667e+03
 1500520800, 5.3833333333e+01, 2.5533333333e+01, 1.1533333333e+01, 5.4000000000e-02, 7.0194000000e+03
 1500521100, 5.0000000000e+01, 2.4000000000e+01, 1.0000000000e+01, 5.0000000000e-02, 7.0192333333e+03
 1500521400, 5.0000000000e+01, 2.4000000000e+01, 1.0000000000e+01, 5.0000000000e-02, 7.0202000000e+03
 1500521700, 5.0000000000e+01, 2.4000000000e+01, 1.0000000000e+01, 5.0000000000e-02, 7.0198000000e+03
 1500522000, 5.0000000000e+01, 2.4000000000e+01, 1.0000000000e+01, 5.2000000000e-02, 7.0206000000e+03
 1500522300, 5.0000000000e+01, 2.4000000000e+01, 1.0000000000e+01, 5.2000000000e-02, 7.0204000000e+03
 1500522600, 5.0000000000e+01, 2.4000000000e+01, 1.0466666667e+01, 5.0000000000e-02, 7.0208000000e+03
 1500522900, 5.0000000000e+01, 2.4000000000e+01, 1.1933333333e+01, 5.2000000000e-02, 7.0204333333e+03
 1500523200, 5.0000000000e+01, 2.4000000000e+01, 1.0000000000e+01, 5.0000000000e-02, 7.0211666667e+03
 1500523500, 5.0000000000e+01, 2.4000000000e+01, 1.0000000000e+01, 5.7000000000e-02, 7.0196000000e+03
 1500523800, 5.0000000000e+01, 2.4000000000e+01, 1.0000000000e+01, 8.0666666667e-02, 7.0200000000e+03
 1500524100, 5.0000000000e+01, 2.4000000000e+01, 1.0000000000e+01, 1.1466666667e-01, 7.0210000000e+03
 1500524400, 5.0000000000e+01, 2.4000000000e+01, 1.0000000000e+01, 1.1566666667e-01, 7.0204333333e+03
 1500524700, 5.0000000000e+01, 2.4000000000e+01, 1.0000000000e+01, 1.1000000000e-01, 7.0216000000e+03
 1500525000, 5.0000000000e+01, 2.4000000000e+01, 1.0000000000e+01, 1.1433333333e-01, 7.0210000000e+03
 1500525300, 5.0000000000e+01, 2.4000000000e+01, 1.0000000000e+01, 1.3466666667e-01, 7.0209666667e+03
 1500525600, 5.0000000000e+01, 2.4000000000e+01, 1.0000000000e+01, 1.3566666667e-01, 7.0212333333e+03
 1500525900, 5.2166666667e+01, 2.4000000000e+01, 1.1733333333e+01, 1.3666666667e-01, 7.0210333333e+03
 1500526200, 5.3833333333e+01, 2.4000000000e+01, 1.3066666667e+01, 1.4166666667e-01, 7.0208000000e+03
 1500526500, 5.0000000000e+01, 2.4000000000e+01, 1.0000000000e+01, 1.4463333333e-01, 7.0209966667e+03
 1500526800, 5.0000000000e+01, 2.4000000000e+01, 1.0000000000e+01, 1.4333333333e-01, 7.0206000000e+03
 1500527100, 5.0000000000e+01, 2.4000000000e+01, 1.1666666667e+01, 1.3166666667e-01, 7.0204000000e+03
 1500527400, 5.0000000000e+01, 2.4000000000e+01, 1.0733333333e+01, 1.3400000000e-01, 7.0208333333e+03
 1500527700, 5.0000000000e+01, 2.4000000000e+01, 1.0000000000e+01, 1.3200000000e-01, 7.0217666667e+03
 1500528000, 5.0000000000e+01, 2.4000000000e+01, 1.0000000000e+01, 1.2800000000e-01, 7.0204666667e+03
 1500528300, 5.0000000000e+01, 2.4000000000e+01, 1.0000000000e+01, 1.3400000000e-01, 7.0212000000e+03
 1500528600, 5.0000000000e+01, 2.4000000000e+01, 1.0000000000e+01, 1.1700000000e-01, 7.0210666667e+03
 1500528900, 5.0000000000e+01, 2.4000000000e+01, 1.0000000000e+01, 1.0633333333e-01, 7.0208000000e+03
 1500529200, 5.0000000000e+01, 2.4000000000e+01, 1.0000000000e+01, 1.0600000000e-01, 7.0210333333e+03
 1500529500, 5.0000000000e+01, 2.4000000000e+01, 1.0000000000e+01, 1.1000000000e-01, 7.0208000000e+03
 1500529800, 5.0000000000e+01, 2.4000000000e+01, 1.0000000000e+01, 1.1000000000e-01, 7.0206000000e+03
 1500530100, 5.0000000000e+01, 2.4000000000e+01, 1.0000000000e+01, 1.0966666667e-01, 7.0214000000e+03
 1500530400, 5.0000000000e+01, 2.4000000000e+01, 1.0000000000e+01, 1.0233333333e-01, 7.0236000000e+03
 1500530700, 5.0000000000e+01, 2.4000000000e+01, 1.0000000000e+01, 1.0133333333e-01, 7.0211333333e+03
 1500531000, 5.0000000000e+01, 2.4000000000e+01, 1.0000000000e+01, 8.0000000000e-02, 7.0210666667e+03
 1500531300, 5.0000000000e+01, 2.4000000000e+01, 1.0000000000e+01, 9.4000000000e-02, 7.0214000000e+03
 1500531600, 5.0000000000e+01, 2.4000000000e+01, 1.0000000000e+01, 8.3333333333e-02, 7.0224333333e+03
 1500531900, 5.0000000000e+01, 2.4000000000e+01, 1.0000000000e+01, 6.1333333333e-02, 7.0216000000e+03
 1500532200, 5.0000000000e+01, 2.4000000000e+01, 1.0000000000e+01, 5.0333333333e-02, 7.0214000000e+03
 1500532500, 5.0000000000e+01, 2.4000000000e+01, 1.0000000000e+01, 6.2000000000e-02, 7.0220000000e+03
 1500532800, 5.0000000000e+01, 2.4000000000e+01, 1.0000000000e+01, 6.8666666667e-02, 7.0225333333e+03
 1500533100, 5.0000000000e+01, 2.4000000000e+01, 1.0000000000e+01, 6.9666666667e-02, 7.0218333333e+03
 1500533400, 5.0000000000e+01, 2.4000000000e+01, 1.0000000000e+01, 6.3333333333e-02, 7.0218333333e+03
 1500533700, 5.0000000000e+01, 2.4000000000e+01, 1.0000000000e+01, 5.6333333333e-02, 7.0221666667e+03
 1500534000, 5.0000000000e+01, 2.4000000000e+01, 1.0000000000e+01, 5.3666666667e-02, 7.0220000000e+03
 1500534300, 5.0000000000e+01, 2.4000000000e+01, 1.0000000000e+01, 5.0000000000e-02, 7.0222333333e+03
 1500534600, 5.0000000000e+01, 2.4000000000e+01, 1.0000000000e+01, 5.4366666667e-02, 7.0221666667e+03
 1500534900, 5.0000000000e+01, 2.4000000000e+01, 1.0000000000e+01, 5.2000000000e-02, 7.0209666667e+03
 1500535200, 5.0000000000e+01, 2.4000000000e+01, 1.0000000000e+01, 5.3666666667e-02, 7.0212666667e+03
 1500535500, 5.0000000000e+01, 2.4000000000e+01, 1.0000000000e+01, 5.0000000000e-02, 7.0214333333e+03
 1500535800, 5.0000000000e+01, 2.4000000000e+01, 1.0000000000e+01, 5.0000000000e-02, 7.0218000000e+03
 1500536100, 5.0000000000e+01, 2.4000000000e+01, 1.0000000000e+01, 5.0000000000e-02, 7.0219333333e+03
 1500536400, 5.0000000000e+01, 2.4000000000e+01, 1.0000000000e+01, 5.0333333333e-02, 7.0228333333e+03
 1500536700, 5.0000000000e+01, 2.4000000000e+01, 1.0000000000e+01, 6.4333333333e-02, 7.0222000000e+03
 1500537000, 5.0000000000e+01, 2.4000000000e+01, 1.0000000000e+01, 6.6000000000e-02, 7.0232333333e+03
 1500537300, 5.0000000000e+01, 2.4000000000e+01, 1.0000000000e+01, 7.4000000000e-02, 7.0230000000e+03
 1500537600, 5.0000000000e+01, 2.4000000000e+01, 1.0000000000e+01, 5.7666666667e-02, 7.0215000000e+03
 1500537900, 5.0000000000e+01, 2.4000000000e+01, 1.0000000000e+01, 7.0666666667e-02, 7.0208333333e+03
 1500538200, 5.0000000000e+01, 2.4000000000e+01, 1.0000000000e+01, 8.4666666667e-02, 7.0218000000e+03
 1500538500, 5.0000000000e+01, 2.4000000000e+01, 1.0000000000e+01, 1.0300000000e-01, 7.0218333333e+03
 1500538800, 5.0000000000e+01, 2.4000000000e+01, 1.0000000000e+01, 1.2166666667e-01, 7.0219666667e+03
 1500539100, 5.0000000000e+01, 2.4000000000e+01, 1.0000000000e+01, 1.1133333333e-01, 7.0218666667e+03
 1500539400, 5.0000000000e+01, 2.4000000000e+01, 1.0000000000e+01, 9.1666666667e-02, 7.0230000000e+03
 1500539700, 5.0000000000e+01, 2.4000000000e+01, 1.0000000000e+01, 8.5333333333e-02, 7.0228000000e+03
 1500540000, 5.0000000000e+01, 2.4000000000e+01, 1.0000000000e+01, 7.4000000000e-02, 7.0225666667e+03
 1500540300, 5.0000000000e+01, 2.4000000000e+01, 1.0000000000e+01, 6.2333333333e-02, 7.0229666667e+03
 1500540600, 5.0000000000e+01, 2.4000000000e+01, 1.0000000000e+01, 8.7333333333e-02, 7.0215000000e+03
 1500540900, 5.0000000000e+01, 2.4000000000e+01, 1.0000000000e+01, 1.2066666667e-01, 7.0225333333e+03
 1500541200, 5.0000000000e+01, 2.4000000000e+01, 1.0000000000e+01, 1.3566666667e-01, 7.0220333333e+03
 1500541500, 5.0000000000e+01, 2.4000000000e+01, 1.0000000000e+01, 1.2333333333e-01, 7.0218000000e+03
 1500541800, 5.0000000000e+01, 2.4000000000e+01, 1.0000000000e+01, 1.0600000000e-01, 7.0224000000e+03
 1500542100, 5.0000000000e+01, 2.4000000000e+01, 1.0000000000e+01, 1.1666666667e-01, 7.0218000000e+03
 1500542400, 5.0000000000e+01, 2.4000000000e+01, 1.0000000000e+01, 1.1733333333e-01, 7.0218666667e+03
 1500542700, 5.0000000000e+01, 2.4000000000e+01, 1.0000000000e+01, 1.1266666667e-01, 7.0228000000e+03
 1500543000, 5.0000000000e+01, 2.4000000000e+01, 1.0000000000e+01, 1.3833333333e-01, 7.0218000000e+03
 1500543300, 5.0000000000e+01, 2.4000000000e+01, 1.1666666667e+01, 1.3133333333e-01, 7.0229000000e+03
 1500543600, 5.0000000000e+01, 2.4000000000e+01, 1.0733333333e+01, 1.2833333333e-01, 7.0232000000e+03
 1500543900, 5.0000000000e+01, 2.4000000000e+01, 1.0000000000e+01, 1.3233333333e-01, 7.0226000000e+03
 1500544200, 5.0000000000e+01, 2.4000000000e+01, 1.0000000000e+01, 1.3570000000e-01, 7.0232433333e+03
 1500544500, 5.0000000000e+01, 2.4000000000e+01, 1.0000000000e+01, 1.3900000000e-01, 7.0221333333e+03
 1500544800, 5.0000000000e+01, 2.4000000000e+01, 1.0000000000e+01, 1.5733333333e-01, 7.0217666667e+03
 1500545100, 5.0000000000e+01, 2.4000000000e+01, 1.0000000000e+01, 1.3200000000e-01, 7.0222333333e+03
 1500545400, 5.0000000000e+01, 2.4000000000e+01, 1.0000000000e+01, 1.3766666667e-01, 7.0223666667e+03
 1500545700, 5.0000000000e+01, 2.4000000000e+01, 1.0000000000e+01, 1.1733333333e-01, 7.0228666667e+03
 1500546000, 5.0000000000e+01, 2.4000000000e+01, 1.0000000000e+01, 1.1166666667e-01, 7.0230000000e+03
 1500546300, 5.0000000000e+01, 2.4000000000e+01, 1.0000000000e+01, 1.0466666667e-01, 7.0244666667e+03
 1500546600, 5.0000000000e+01, 2.4000000000e+01, 1.0000000000e+01, 1.1833333333e-01, 7.0248333333e+03
 1500546900, 5.0000000000e+01, 2.4000000000e+01, 1.0000000000e+01, 1.3833333333e-01, 7.0245666667e+03
 1500547200, 5.0000000000e+01, 2.4000000000e+01, 1.0000000000e+01, 1.3566666667e-01, 7.0250666667e+03
 1500547500, 5.0000000000e+01, 2.4000000000e+01, 1.0000000000e+01, 1.2733333333e-01, 7.0256000000e+03
 1500547800, 5.0000000000e+01, 2.4000000000e+01, 1.0000000000e+01, 1.1000000000e-01, 7.0259666667e+03
 1500548100, 5.0000000000e+01, 2.4000000000e+01, 1.0000000000e+01, 1.1433333333e-01, 7.0252000000e+03
 1500548400, 5.0000000000e+01, 2.4000000000e+01, 1.0000000000e+01, 1.2600000000e-01, 7.0253666667e+03
 1500548700, 5.0000000000e+01, 2.4000000000e+01, 1.0000000000e+01, 1.3233333333e-01, 7.0262333333e+03
 1500549000, 5.0000000000e+01, 2.4000000000e+01, 1.1266666667e+01, 1.2533333333e-01, 7.0266000000e+03
 1500549300, 5.0000000000e+01, 2.4000000000e+01, 1.2000000000e+01, 1.2636666667e-01, 7.0264200000e+03
 1500549600, 5.0000000000e+01, 2.4000000000e+01, 1.1533333333e+01, 1.3033333333e-01, 7.0247666667e+03
 1500549900, 5.0000000000e+01, 2.4000000000e+01, 1.0000000000e+01, 1.2400000000e-01, 7.0246333333e+03
 1500550200, 5.0000000000e+01, 2.4000000000e+01, 1.0000000000e+01, 1.3633333333e-01, 7.0248000000e+03
 1500550500, 5.0000000000e+01, 2.4000000000e+01, 1.0000000000e+01, 1.3166666667e-01, 7.0252000000e+03
 1500550800, 6.2666666667e+01, 3.0333333333e+01, 1.5066666667e+01, 1.2366666667e-01, 7.0249333333e+03
 1500551100, 6.1333333333e+01, 2.9666666667e+01, 1.4533333333e+01, 1.3233333333e-01, 7.0248333333e+03
 1500551400, 5.0000000000e+01, 2.4000000000e+01, 1.0000000000e+01, 1.3400000000e-01, 7.0248000000e+03
 1500551700, 5.0000000000e+01, 2.4000000000e+01, 1.0000000000e+01, 1.3633333333e-01, 7.0256333333e+03
 1500552000, 5.0000000000e+01, 2.4000000000e+01, 1.0000000000e+01, 1.3333333333e-01, 7.0257666667e+03
 1500552300, 5.0000000000e+01, 2.4000000000e+01, 1.0000000000e+01, 1.2300000000e-01, 7.0258333333e+03
 1500552600, 5.0000000000e+01, 2.4000000000e+01, 1.0000000000e+01, 1.3300000000e-01, 7.0250000000e+03
 1500552900, 5.0000000000e+01, 2.4000000000e+01, 1.0000000000e+01, 1.0300000000e-01, 7.0258000000e+03
 1500553200, 5.0000000000e+01, 2.4000000000e+01, 1.0000000000e+01, 8.1666666667e-02, 7.0253666667e+03
 1500553500, 5.0000000000e+01, 2.4000000000e+01, 1.0000000000e+01, 7.7666666667e-02, 7.0250000000e+03
 1500553800, 5.0000000000e+01, 2.4000000000e+01, 1.0000000000e+01, 7.1666666667e-02, 7.0252333333e+03
 1500554100, 5.0000000000e+01, 2.4000000000e+01, 1.0000000000e+01, 9.1666666667e-02, 7.0429666667e+03
 1500554400, 1.5450000000e+02, 1.1900000000e+02, 1.7600000000e+01, 3.4023333333e+00, 7.4753000000e+03
 1500554700, 2.0200000000e+02, 1.5926666667e+02, 2.4600000000e+01, 7.3863333333e+00, 7.5045666667e+03
 1500555000, 1.8850000000e+02, 1.4420000000e+02, 2.7533333333e+01, 9.5453333333e+00, 7.3373000000e+03
 1500555300, 1.9816666667e+02, 1.5620000000e+02, 2.5933333333e+01, 1.1141666667e+01, 7.4234333333e+03
 1500555600, 1.4500000000e+02, 1.0400000000e+02, 2.4000000000e+01, 1.2340666667e+01, 7.3468000000e+03
 1500555900, 1.5333333333e+02, 1.1400000000e+02, 2.2333333333e+01, 1.2923000000e+01, 7.3937333333e+03
 1500556200, 1.9616666667e+02, 1.5653333333e+02, 2.2000000000e+01, 1.3452333333e+01, 7.3006333333e+03
 1500556500, 1.9833333333e+02, 1.5920000000e+02, 2.2866666667e+01, 1.3830666667e+01, 7.3762666667e+03
 1500556800, 1.7700000000e+02, 1.3946666667e+02, 2.3533333333e+01, 1.4020000000e+01, 7.3964000000e+03
 1500557100, 1.9883333333e+02, 1.6280000000e+02, 2.2000000000e+01, 1.4449666667e+01, 7.3937666667e+03
 1500557400, 1.6500000000e+02, 1.2800000000e+02, 2.2000000000e+01, 1.4598000000e+01, 7.4474000000e+03
 1500557700, 1.6500000000e+02, 1.2800000000e+02, 2.0333333333e+01, 1.4887333333e+01, 7.4207000000e+03
 1500558000, 1.9983333333e+02, 1.5966666667e+02, 2.3800000000e+01, 1.5360666667e+01, 7.2837000000e+03
 1500558300, 1.9400000000e+02, 1.5373333333e+02, 2.3400000000e+01, 1.5592666667e+01, 7.3725333333e+03
 1500558600, 1.6466666667e+02, 1.2526666667e+02, 2.0933333333e+01, 1.5567333333e+01, 7.4360666667e+03
 1500558900, 1.8000000000e+02, 1.3606666667e+02, 2.4000000000e+01, 1.5382333333e+01, 7.2977000000e+03
 1500559200, 1.8000000000e+02, 1.3800000000e+02, 2.4000000000e+01, 1.5322666667e+01, 7.4859666667e+03
 1500559500, 2.0500000000e+02, 1.6466666667e+02, 2.2333333333e+01, 1.5314466667e+01, 7.3662700000e+03
 1500559800, 2.0683333333e+02, 1.6620000000e+02, 2.2000000000e+01, 1.5068666667e+01, 7.4742000000e+03
 1500560100, 1.3783333333e+02, 1.0333333333e+02, 1.6800000000e+01, 1.2520666667e+01, 7.2651333333e+03
 1500560400, 5.0000000000e+01, 2.4000000000e+01, 1.0000000000e+01, 9.0836666667e+00, 7.2638666667e+03
 1500560700, 5.0000000000e+01, 2.4000000000e+01, 1.0000000000e+01, 6.5983333333e+00, 7.2651666667e+03
 1500561000, 5.0000000000e+01, 2.4000000000e+01, 1.0000000000e+01, 4.8216666667e+00, 7.2652000000e+03
 1500561300, 6.2500000000e+01, 3.0666666667e+01, 1.3333333333e+01, 3.5240000000e+00, 7.2641666667e+03
 1500561600, 5.5500000000e+01, 2.6933333333e+01, 1.1466666667e+01, 2.5865333333e+00, 7.2627733333e+03
 1500561900, 5.0000000000e+01, 2.4000000000e+01, 1.0000000000e+01, 1.8883333333e+00, 7.2636333333e+03
 1500562200, 5.0000000000e+01, 2.4000000000e+01, 1.0000000000e+01, 1.3740000000e+00, 7.2636333333e+03
 1500562500, 5.0000000000e+01, 2.4000000000e+01, 1.0000000000e+01, 1.0313333333e+00, 7.2638000000e+03
 1500562800, 5.0000000000e+01, 2.4000000000e+01, 1.0000000000e+01, 7.9766666667e-01, 7.2635666667e+03
 1500563100, 5.0000000000e+01, 2.4000000000e+01, 1.0000000000e+01, 6.2433333333e-01, 7.2648333333e+03
 1500563400, 5.0000000000e+01, 2.4000000000e+01, 1.0000000000e+01, 4.9343333333e-01, 7.2648000000e+03
 1500563700, 5.0000000000e+01, 2.4000000000e+01, 1.0000000000e+01, 4.2100000000e-01, 7.2649666667e+03
 1500564000, 5.0000000000e+01, 2.4000000000e+01, 1.0000000000e+01, 3.4000000000e-01, 7.2652000000e+03
 1500564300, 5.0000000000e+01, 2.4000000000e+01, 1.0000000000e+01, 2.6366666667e-01, 7.2646666667e+03
 1500564600, 5.0000000000e+01, 2.4000000000e+01, 1.0000000000e+01, 2.0866666667e-01, 7.2647333333e+03
 1500564900, 5.0000000000e+01, 2.4000000000e+01, 1.0000000000e+01, 1.8533333333e-01, 7.2643666667e+03
 1500565200, 5.0000000000e+01, 2.4000000000e+01, 1.0000000000e+01, 1.5266666667e-01, 7.2640333333e+03
 1500565500, 5.0000000000e+01, 2.4000000000e+01, 1.0000000000e+01, 1.3400000000e-01, 7.2640000000e+03
 1500565800, 5.0000000000e+01, 2.4000000000e+01, 1.0000000000e+01, 1.3266666667e-01, 7.2640333333e+03
 1500566100, 5.0000000000e+01, 2.4000000000e+01, 1.0000000000e+01, 1.4566666667e-01, 7.2646000000e+03
 1500566400, 5.0000000000e+01, 2.4000000000e+01, 1.0000000000e+01, 9.1266666667e-01, 7.2789333333e+03
 1500566700, 1.8333333333e+02, 1.4900000000e+02, 2.0000000000e+01, 4.1043333333e+00, 7.3936333333e+03
 1500567000, 2.1633333333e+02, 1.7780000000e+02, 2.3266666667e+01, 6.1953333333e+00, 7.3533000000e+03
 1500567300, 1.4633333333e+02, 1.1240000000e+02, 1.7933333333e+01, 4.9041666667e+00, 7.2858633333e+03
 1500567600, 5.0000000000e+01, 2.4466666667e+01, 1.0466666667e+01, 3.5920000000e+00, 7.2866666667e+03
 1500567900, 5.0000000000e+01, 2.5933333333e+01, 1.1933333333e+01, 2.6355000000e+00, 7.2871866667e+03
 1500568200, 5.0000000000e+01, 2.4000000000e+01, 1.0000000000e+01, 1.9200000000e+00, 7.2878000000e+03
 1500568500, 5.0000000000e+01, 2.4000000000e+01, 1.0000000000e+01, 1.4070000000e+00, 7.2878333333e+03
 1500568800, 5.0000000000e+01, 2.4000000000e+01, 1.0000000000e+01, 1.0723333333e+00, 7.2881666667e+03
 1500569100, 5.0000000000e+01, 2.4000000000e+01, 1.0000000000e+01, 8.2533333333e-01, 7.2883666667e+03
 1500569400, 5.0000000000e+01, 2.4000000000e+01, 1.0000000000e+01, 6.1966666667e-01, 7.2884333333e+03
 1500569700, 5.0000000000e+01, 2.4000000000e+01, 1.0066666667e+01, 4.8500000000e-01, 7.2882000000e+03
 1500570000, 5.0000000000e+01, 2.4000000000e+01, 1.2000000000e+01, 3.8866666667e-01, 7.2882000000e+03
 1500570300, 5.0000000000e+01, 2.4000000000e+01, 1.0333333333e+01, 3.1666666667e-01, 7.2884000000e+03
 1500570600, 5.0000000000e+01, 2.4000000000e+01, 1.0000000000e+01, 2.6836666667e-01, 7.2876400000e+03
 1500570900, 5.0000000000e+01, 2.4000000000e+01, 1.0000000000e+01, 2.3133333333e-01, 7.2882333333e+03
 1500571200, 5.0000000000e+01, 2.4000000000e+01, 1.0000000000e+01, 2.1766666667e-01, 7.2889666667e+03
 1500571500, 5.0000000000e+01, 2.4000000000e+01, 1.0000000000e+01, 1.9733333333e-01, 7.2884666667e+03
 1500571800, 5.0000000000e+01, 2.4000000000e+01, 1.0000000000e+01, 1.7066666667e-01, 7.2879666667e+03
 1500572100, 5.0000000000e+01, 2.4000000000e+01, 1.0000000000e+01, 1.3533333333e-01, 7.2878000000e+03
 1500572400, 5.0000000000e+01, 2.4000000000e+01, 1.0000000000e+01, 1.3433333333e-01, 7.2885000000e+03
 1500572700, 5.0000000000e+01, 2.4000000000e+01, 1.0000000000e+01, 1.2766666667e-01, 7.2901666667e+03
 1500573000, 5.0000000000e+01, 2.4000000000e+01, 1.0000000000e+01, 1.3800000000e-01, 7.2894666667e+03
 1500573300, 5.0000000000e+01, 2.4000000000e+01, 1.0000000000e+01, 1.2133333333e-01, 7.2890333333e+03
 1500573600, 5.0000000000e+01, 2.4000000000e+01, 1.0000000000e+01, 1.0800000000e-01, 7.2891666667e+03
 1500573900, 5.0000000000e+01, 2.4000000000e+01, 1.0000000000e+01, 1.1400000000e-01, 7.2890333333e+03
 1500574200, 5.0000000000e+01, 2.4000000000e+01, 1.0000000000e+01, 1.2033333333e-01, 7.2896000000e+03
 1500574500, 5.0000000000e+01, 2.4000000000e+01, 1.0000000000e+01, 1.1800000000e-01, 7.2893333333e+03
 1500574800, 5.0000000000e+01, 2.4000000000e+01, 1.0466666667e+01, 1.2633333333e-01, 7.2890333333e+03
 1500575100, 5.0000000000e+01, 2.4000000000e+01, 1.1933333333e+01, 1.3233333333e-01, 7.2890333333e+03
 1500575400, 5.0000000000e+01, 2.4000000000e+01, 1.0000000000e+01, 1.4833333333e-01, 7.2891000000e+03
 1500575700, 5.0000000000e+01, 2.4000000000e+01, 1.0000000000e+01, 1.4766666667e-01, 7.2886333333e+03
 1500576000, 5.3166666667e+01, 2.6533333333e+01, 1.0000000000e+01, 1.4400000000e-01, 7.2898666667e+03
 1500576300, 5.2833333333e+01, 2.6266666667e+01, 1.0000000000e+01, 1.8033333333e-01, 7.2888000000e+03
 1500576600, 5.0000000000e+01, 2.4000000000e+01, 1.0000000000e+01, 2.0500000000e-01, 7.2894000000e+03
 1500576900, 5.0000000000e+01, 2.4000000000e+01, 1.0000000000e+01, 1.6866666667e-01, 7.2892000000e+03
 1500577200, 5.0000000000e+01, 2.4000000000e+01, 1.0000000000e+01, 1.3800000000e-01, 7.2891666667e+03
 1500577500, 5.0000000000e+01, 2.4000000000e+01, 1.0000000000e+01, 1.4400000000e-01, 7.2890333333e+03
 1500577800, 5.6333333333e+01, 2.9066666667e+01, 1.3800000000e+01, 1.4166666667e-01, 7.2887333333e+03
 1500578100, 5.5666666667e+01, 2.8533333333e+01, 1.3400000000e+01, 1.2333333333e-01, 7.2888333333e+03
 1500578400, 5.0000000000e+01, 2.4000000000e+01, 1.0000000000e+01, 1.2300000000e-01, 7.2893666667e+03
 1500578700, 5.0000000000e+01, 2.4000000000e+01, 1.0000000000e+01, 1.2500000000e-01, 7.2888333333e+03
 1500579000, 5.0000000000e+01, 2.4000000000e+01, 1.0000000000e+01, 1.0566666667e-01, 7.2904000000e+03
 1500579300, 5.0000000000e+01, 2.4000000000e+01, 1.0000000000e+01, 9.7666666667e-02, 7.2888000000e+03
 1500579600, 5.0000000000e+01, 2.4000000000e+01, 1.0000000000e+01, 8.1666666667e-02, 7.2876333333e+03
 1500579900, 5.0000000000e+01, 2.4000000000e+01, 1.0000000000e+01, 8.0000000000e-02, 7.2882000000e+03
 1500580200, 5.0000000000e+01, 2.4000000000e+01, 1.0000000000e+01, 8.4333333333e-02, 7.2890000000e+03
 1500580500, 5.0000000000e+01, 2.4000000000e+01, 1.0000000000e+01, 8.8000000000e-02, 7.2893666667e+03
 1500580800, 5.0000000000e+01, 2.4000000000e+01, 1.0000000000e+01, 8.9666666667e-02, 7.2890333333e+03
 1500581100, 5.0000000000e+01, 2.4000000000e+01, 1.0000000000e+01, 8.8333333333e-02, 7.2896000000e+03
 1500581400, 5.0000000000e+01, 2.4000000000e+01, 1.0000000000e+01, 1.1400000000e-01, 7.2899666667e+03
 1500581700, 5.0000000000e+01, 2.4000000000e+01, 1.0000000000e+01, 1.4133333333e-01, 7.2894333333e+03
 1500582000, 5.0000000000e+01, 2.4000000000e+01, 1.0000000000e+01, 1.3200000000e-01, 7.2883666667e+03
 1500582300, 5.0000000000e+01, 2.4000000000e+01, 1.0000000000e+01, 1.3200000000e-01, 7.2890333333e+03
 1500582600, 5.0000000000e+01, 2.4000000000e+01, 1.0000000000e+01, 1.1966666667e-01, 7.2892000000e+03
 1500582900, 5.0000000000e+01, 2.4000000000e+01, 1.0000000000e+01, 1.1800000000e-01, 7.2900333333e+03
 1500583200, 5.0000000000e+01, 2.4000000000e+01, 1.0000000000e+01, 1.2600000000e-01, 7.2894000000e+03
 1500583500, 5.2166666667e+01, 2.4000000000e+01, 1.1733333333e+01, 1.1400000000e-01, 7.2899666667e+03
 1500583800, 5.3833333333e+01, 2.4000000000e+01, 1.3066666667e+01, 1.2666666667e-01, 7.2895666667e+03
 1500584100, 5.0000000000e+01, 2.4000000000e+01, 1.0000000000e+01, 1.4400000000e-01, 7.2895000000e+03
 1500584400, 5.0000000000e+01, 2.4000000000e+01, 1.0000000000e+01, 1.4566666667e-01, 7.2909666667e+03
 1500584700, 5.0000000000e+01, 2.4000000000e+01, 1.0000000000e+01, 1.4033333333e-01, 7.2902000000e+03
 1500585000, 5.0000000000e+01, 2.4000000000e+01, 1.0000000000e+01, 1.4400000000e-01, 7.2892333333e+03
 1500585300, 5.0000000000e+01, 2.4000000000e+01, 1.0000000000e+01, 1.5433333333e-01, 7.2895666667e+03
 1500585600, 5.0000000000e+01, 2.4000000000e+01, 1.0000000000e+01, 1.5733333333e-01, 7.2892333333e+03
 1500585900, 5.0000000000e+01, 2.4000000000e+01, 1.0000000000e+01, 1.3400000000e-01, 7.2894333333e+03
 1500586200, 5.0000000000e+01, 2.4000000000e+01, 1.0000000000e+01, 1.2166666667e-01, 7.2889333333e+03
 1500586500, 5.0000000000e+01, 2.4000000000e+01, 1.0000000000e+01, 1.1933333333e-01, 7.2890666667e+03
 1500586800, 5.0000000000e+01, 2.4000000000e+01, 1.0000000000e+01, 1.0400000000e-01, 7.2896666667e+03
 1500587100, 5.0000000000e+01, 2.4000000000e+01, 1.0000000000e+01, 1.1866666667e-01, 7.2906000000e+03
 1500587400, 5.0000000000e+01, 2.4000000000e+01, 1.0000000000e+01, 1.2200000000e-01, 7.2893666667e+03
 1500587700, 5.0000000000e+01, 2.4000000000e+01, 1.0000000000e+01, 1.3333333333e-01, 7.2890333333e+03
 1500588000, 5.0000000000e+01, 2.4000000000e+01, 1.0000000000e+01, 1.4900000000e-01, 7.2881666667e+03
 1500588300, 5.0000000000e+01, 2.4000000000e+01, 1.0000000000e+01, 1.3433333333e-01, 7.2884000000e+03
 1500588600, 5.0000000000e+01, 2.4000000000e+01, 1.0000000000e+01, 1.4666666667e-01, 7.2888666667e+03
 1500588900, 5.0000000000e+01, 2.4000000000e+01, 1.0000000000e+01, 1.5133333333e-01, 7.2891666667e+03
 1500589200, 5.0000000000e+01, 2.4466666667e+01, 1.0000000000e+01, 1.3800000000e-01, 7.2890666667e+03
 1500589500, 5.0000000000e+01, 2.5933333333e+01, 1.0000000000e+01, 1.3566666667e-01, 7.2903666667e+03
 1500589800, 5.0000000000e+01, 2.4000000000e+01, 1.0000000000e+01, 1.3600000000e-01, 7.2891666667e+03
 1500590100, 5.0000000000e+01, 2.4000000000e+01, 1.0000000000e+01, 1.2566666667e-01, 7.2900333333e+03
 1500590400, 5.0000000000e+01, 2.4000000000e+01, 1.0000000000e+01, 1.1133333333e-01, 7.2904000000e+03
 1500590700, 5.0000000000e+01, 2.4000000000e+01, 1.0000000000e+01, 8.7333333333e-02, 7.2906333333e+03
 1500591000, 5.0000000000e+01, 2.4000000000e+01, 1.0000000000e+01, 1.0300000000e-01, 7.2893666667e+03
 1500591300, 5.0000000000e+01, 2.4000000000e+01, 1.0000000000e+01, 1.1233333333e-01, 7.2897666667e+03
 1500591600, 5.0000000000e+01, 2.4000000000e+01, 1.0000000000e+01, 1.1566666667e-01, 7.2890666667e+03
 1500591900, 5.0000000000e+01, 2.4000000000e+01, 1.0000000000e+01, 1.1000000000e-01, 7.2903333333e+03
 1500592200, 5.0000000000e+01, 2.4000000000e+01, 1.0000000000e+01, 1.0600000000e-01, 7.2894333333e+03
 1500592500, 5.0000000000e+01, 2.4000000000e+01, 1.0000000000e+01, 1.0566666667e-01, 7.2902000000e+03
 1500592800, 5.0000000000e+01, 2.4000000000e+01, 1.0000000000e+01, 9.5333333333e-02, 7.2900333333e+03
 1500593100, 5.0000000000e+01, 2.4000000000e+01, 1.0000000000e+01, 9.0666666667e-02, 7.2900000000e+03
 1500593400, 5.0000000000e+01, 2.4000000000e+01, 1.0000000000e+01, 1.2333333333e-01, 7.2913666667e+03
 1500593700, 5.0000000000e+01, 2.4000000000e+01, 1.0000000000e+01, 1.3533333333e-01, 7.2912333333e+03
 1500594000, 5.0000000000e+01, 2.4000000000e+01, 1.0000000000e+01, 1.2833333333e-01, 7.2901666667e+03
 1500594300, 5.0000000000e+01, 2.4000000000e+01, 1.0000000000e+01, 1.3266666667e-01, 7.2896000000e+03
 1500594600, 5.0000000000e+01, 2.4000000000e+01, 1.0000000000e+01, 1.3966666667e-01, 7.2887666667e+03
 1500594900, 5.0000000000e+01, 2.4000000000e+01, 1.0000000000e+01, 1.5233333333e-01, 7.2898666667e+03
 1500595200, 5.0000000000e+01, 2.4000000000e+01, 1.0000000000e+01, 1.4166666667e-01, 7.2904333333e+03
 1500595500, 5.0000000000e+01, 2.4000000000e+01, 1.0000000000e+01, 1.3966666667e-01, 7.2909666667e+03
 1500595800, 5.0000000000e+01, 2.4000000000e+01, 1.0000000000e+01, 1.2833333333e-01, 7.2906000000e+03
 1500596100, 5.0000000000e+01, 2.4820000000e+01, 1.0820000000e+01, 1.3790000000e-01, 7.2900500000e+03
 1500596400, 5.1166666667e+01, 2.6466666667e+01, 1.2000000000e+01, 1.2366666667e-01, 7.2904666667e+03
 1500596700, 5.4833333333e+01, 2.7866666667e+01, 1.1933333333e+01, 1.2633333333e-01, 7.2897333333e+03
 1500597000, 5.0000000000e+01, 2.4000000000e+01, 1.0000000000e+01, 1.2600000000e-01, 7.2894333333e+03
 1500597300, 5.0000000000e+01, 2.4000000000e+01, 1.0000000000e+01, 1.1966666667e-01, 7.2900333333e+03
 1500597600, 5.0000000000e+01, 2.4000000000e+01, 1.0000000000e+01, 1.1766666667e-01, 7.2895666667e+03
 1500597900, 5.0000000000e+01, 2.4000000000e+01, 1.0000000000e+01, 1.0600000000e-01, 7.2903733333e+03
 1500598200, 5.0000000000e+01, 2.4000000000e+01, 1.0000000000e+01, 1.0653333333e-01, 7.2896466667e+03
 1500598500, 5.0000000000e+01, 2.4000000000e+01, 1.0000000000e+01, 1.2966666667e-01, 7.2906333333e+03
 1500598800, 5.0000000000e+01, 2.4000000000e+01, 1.0000000000e+01, 1.1600000000e-01, 7.2899333333e+03
 1500599100, 5.0000000000e+01, 2.4000000000e+01, 1.0000000000e+01, 1.1400000000e-01, 7.2898000000e+03
 1500599400, 5.0000000000e+01, 2.5633333333e+01, 1.0000000000e+01, 1.1600000000e-01, 7.2900333333e+03
 1500599700, 5.0000000000e+01, 2.4733333333e+01, 1.0000000000e+01, 1.1566666667e-01, 7.2882333333e+03
 1500600000, 5.0000000000e+01, 2.4000000000e+01, 1.0000000000e+01, 1.1200000000e-01, 7.2885666667e+03
 1500600300, 5.0000000000e+01, 2.4466666667e+01, 1.0466666667e+01, 1.1466666667e-01, 7.2882000000e+03
 1500600600, 5.0000000000e+01, 2.5946666667e+01, 1.1946666667e+01, 1.3006666667e-01, 7.2882800000e+03
 1500600900, 5.0000000000e+01, 2.4000000000e+01, 1.0000000000e+01, 1.3266666667e-01, 7.2893666667e+03
 1500601200, 5.0000000000e+01, 2.4000000000e+01, 1.0000000000e+01, 1.5200000000e-01, 7.2888333333e+03
 1500601500, 5.0000000000e+01, 2.4000000000e+01, 1.0000000000e+01, 1.3966666667e-01, 7.2898000000e+03
 1500601800, 5.0000000000e+01, 2.4000000000e+01, 1.0000000000e+01, 1.5233333333e-01, 7.2902666667e+03
 1500602100, 5.0000000000e+01, 2.4000000000e+01, 1.0000000000e+01, 1.3500000000e-01, 7.2906333333e+03
 1500602400, 5.0000000000e+01, 2.4000000000e+01, 1.0000000000e+01, 1.2000000000e-01, 7.2898666667e+03
 1500602700, 5.0000000000e+01, 2.4000000000e+01, 1.0000000000e+01, 1.2400000000e-01, 7.2899400000e+03
 1500603000, 5.0000000000e+01, 2.4000000000e+01, 1.0000000000e+01, 1.1333333333e-01, 7.2896000000e+03
 1500603300, 5.0000000000e+01, 2.4000000000e+01, 1.0000000000e+01, 9.8000000000e-02, 7.2893333333e+03
 1500603600, 5.0000000000e+01, 2.4000000000e+01, 1.0000000000e+01, 9.6000000000e-02, 7.2894666667e+03
 1500603900, 5.0000000000e+01, 2.4000000000e+01, 1.0000000000e+01, 8.9000000000e-02, 7.2894333333e+03
 1500604200, 5.0000000000e+01, 2.4000000000e+01, 1.0000000000e+01, 7.6333333333e-02, 7.2899333333e+03
 1500604500, 5.0000000000e+01, 2.4000000000e+01, 1.0000000000e+01, 6.9333333333e-02, 7.2896000000e+03
 1500604800, 5.0000000000e+01, 2.4000000000e+01, 1.0000000000e+01, 6.2333333333e-02, 7.2904666667e+03
 1500605100, 5.0000000000e+01, 2.4000000000e+01, 1.0000000000e+01, 6.8000000000e-02, 7.2908000000e+03
 1500605400, 5.0000000000e+01, 2.4000000000e+01, 1.0000000000e+01, 6.6333333333e-02, 7.2908000000e+03
 1500605700, 5.0000000000e+01, 2.4433333333e+01, 1.0433333333e+01, 7.4000000000e-02, 7.2901333333e+03
 1500606000, 5.0000000000e+01, 2.5933333333e+01, 1.1933333333e+01, 7.1666666667e-02, 7.2892000000e+03
 1500606300, 5.0000000000e+01, 2.4000000000e+01, 1.0000000000e+01, 7.6333333333e-02, 7.2892000000e+03
 1500606600, 5.0000000000e+01, 2.4000000000e+01, 1.0000000000e+01, 8.6333333333e-02, 7.2894000000e+03
 1500606900, 5.0000000000e+01, 2.4000000000e+01, 1.0000000000e+01, 9.0000000000e-02, 7.2889800000e+03
 1500607200, 5.0000000000e+01, 2.4000000000e+01, 1.0000000000e+01, 9.2666666667e-02, 7.2896000000e+03
 1500607500, 5.0000000000e+01, 2.4000000000e+01, 1.0000000000e+01, 1.2266666667e-01, 7.2904000000e+03
 1500607800, 5.0000000000e+01, 2.4000000000e+01, 1.0000000000e+01, 1.3600000000e-01, 7.2906000000e+03
 1500608100, 5.0000000000e+01, 2.4000000000e+01, 1.0000000000e+01, 1.2966666667e-01, 7.2910333333e+03
 1500608400, 5.0000000000e+01, 2.4000000000e+01, 1.0000000000e+01, 1.2633333333e-01, 7.2916000000e+03
 1500608700, 5.0000000000e+01, 2.4000000000e+01, 1.0000000000e+01, 1.3800000000e-01, 7.2904333333e+03
 1500609000, 5.2166666667e+01, 2.4000000000e+01, 1.1733333333e+01, 1.3200000000e-01, 7.2910333333e+03
 1500609300, 5.3833333333e+01, 2.4000000000e+01, 1.3066666667e+01, 1.3000000000e-01, 7.2911333333e+03
 1500609600, 5.0000000000e+01, 2.4000000000e+01, 1.0000000000e+01, 1.2800000000e-01, 7.2908333333e+03
 1500609900, 5.0000000000e+01, 2.4000000000e+01, 1.0000000000e+01, 1.2400000000e-01, 7.2908000000e+03
 1500610200, 5.0000000000e+01, 2.4000000000e+01, 1.0000000000e+01, 1.3200000000e-01, 7.2903333333e+03
 1500610500, 5.0000000000e+01, 2.4000000000e+01, 1.0000000000e+01, 1.3200000000e-01, 7.2904000000e+03
 1500610800, 5.0000000000e+01, 2.4000000000e+01, 1.0000000000e+01, 1.2866666667e-01, 7.2910333333e+03
 1500611100, 5.0000000000e+01, 2.4466666667e+01, 1.0000000000e+01, 1.4766666667e-01, 7.2914333333e+03
 1500611400, 5.0000000000e+01, 2.5933333333e+01, 1.0000000000e+01, 1.3400000000e-01, 7.2907666667e+03
 1500611700, 5.0000000000e+01, 2.4000000000e+01, 1.0000000000e+01, 1.4206666667e-01, 7.2898000000e+03
 1500612000, 5.0000000000e+01, 2.4000000000e+01, 1.0000000000e+01, 1.3166666667e-01, 7.2904333333e+03
 1500612300, 5.0000000000e+01, 2.4000000000e+01, 1.0000000000e+01, 1.1533333333e-01, 7.2897666667e+03
 1500612600, 5.0000000000e+01, 2.4000000000e+01, 1.0000000000e+01, 1.1066666667e-01, 7.2896333333e+03
 1500612900, 5.0000000000e+01, 2.4000000000e+01, 1.0000000000e+01, 1.3833333333e-01, 7.2908000000e+03
 1500613200, 5.0000000000e+01, 2.4000000000e+01, 1.0000000000e+01, 1.4033333333e-01, 7.2910333333e+03
 1500613500, 5.0000000000e+01, 2.4000000000e+01, 1.0000000000e+01, 1.4836666667e-01, 7.2917900000e+03
 1500613800, 5.0000000000e+01, 2.4000000000e+01, 1.0000000000e+01, 1.5566666667e-01, 7.2922000000e+03
 1500614100, 5.0000000000e+01, 2.4000000000e+01, 1.0000000000e+01, 1.4566666667e-01, 7.2922000000e+03
 1500614400, 5.0000000000e+01, 2.4000000000e+01, 1.0000000000e+01, 1.2733333333e-01, 7.2907666667e+03
 1500614700, 5.0000000000e+01, 2.4000000000e+01, 1.0000000000e+01, 1.2000000000e-01, 7.2914333333e+03
 1500615000, 5.0000000000e+01, 2.4000000000e+01, 1.0000000000e+01, 1.0700000000e-01, 7.2912333333e+03
 1500615300, 5.0000000000e+01, 2.4000000000e+01, 1.0000000000e+01, 7.9666666667e-02, 7.2910000000e+03
 1500615600, 5.0000000000e+01, 2.4000000000e+01, 1.0000000000e+01, 6.7333333333e-02, 7.2915666667e+03
 1500615900, 5.0000000000e+01, 2.4000000000e+01, 1.0000000000e+01, 5.6000000000e-02, 7.2926666667e+03
 1500616200, 5.0000000000e+01, 2.4000000000e+01, 1.0000000000e+01, 5.6666666667e-02, 7.2916333333e+03
 1500616500, 5.0000000000e+01, 2.4000000000e+01, 1.0000000000e+01, 6.9333333333e-02, 7.2918000000e+03
 1500616800, 5.0000000000e+01, 2.4000000000e+01, 1.0000000000e+01, 7.7000000000e-02, 7.2920333333e+03
 1500617100, 5.0000000000e+01, 2.4000000000e+01, 1.0000000000e+01, 8.9666666667e-02, 7.2929333333e+03
 1500617400, 5.0000000000e+01, 2.4000000000e+01, 1.0000000000e+01, 8.0333333333e-02, 7.2937000000e+03
 1500617700, 5.0000000000e+01, 2.4000000000e+01, 1.0000000000e+01, 1.0266666667e-01, 7.2920333333e+03
 1500618000, 5.0000000000e+01, 2.4000000000e+01, 1.0000000000e+01, 1.1633333333e-01, 7.2921666667e+03
 1500618300, 5.0000000000e+01, 2.4000000000e+01, 1.0000000000e+01, 1.1333333333e-01, 7.2918333333e+03
 1500618600, 5.0000000000e+01, 2.4000000000e+01, 1.0000000000e+01, 9.3333333333e-02, 7.2921666667e+03
 1500618900, 5.0000000000e+01, 2.4000000000e+01, 1.0000000000e+01, 8.7666666667e-02, 7.2922000000e+03
 1500619200, 5.0000000000e+01, 2.4000000000e+01, 1.0000000000e+01, 1.3633333333e-01, 7.2917666667e+03
 1500619500, 5.0000000000e+01, 2.4000000000e+01, 1.0000000000e+01, 1.3566666667e-01, 7.2916333333e+03
 1500619800, 5.0000000000e+01, 2.4000000000e+01, 1.0000000000e+01, 1.3000000000e-01, 7.2920000000e+03
 1500620100, 5.0000000000e+01, 2.4000000000e+01, 1.0000000000e+01, 1.3033333333e-01, 7.0849333333e+03
 1500620400, 5.0000000000e+01, 2.4000000000e+01, 1.0000000000e+01, 1.3366666667e-01, 7.0375666667e+03
 1500620700, 5.0000000000e+01, 2.4000000000e+01, 1.0000000000e+01, 1.2533333333e-01, 7.0372333333e+03
 1500621000, 5.0000000000e+01, 2.4000000000e+01, 1.0000000000e+01, 1.0333333333e-01, 7.0369333333e+03
 1500621300, 5.0000000000e+01, 2.4000000000e+01, 1.0000000000e+01, 9.4333333333e-02, 7.0368666667e+03
 1500621600, 5.0000000000e+01, 2.4000000000e+01, 1.0000000000e+01, 1.0433333333e-01, 7.0369666667e+03
 1500621900, 5.0000000000e+01, 2.4000000000e+01, 1.0000000000e+01, 1.0800000000e-01, 7.0374333333e+03
 1500622200, 5.0000000000e+01, 2.4000000000e+01, 1.0000000000e+01, 9.7000000000e-02, 7.0384000000e+03
 1500622500, 5.0000000000e+01, 2.4000000000e+01, 1.0000000000e+01, 8.4333333333e-02, 7.0380000000e+03
 1500622800, 5.0000000000e+01, 2.4000000000e+01, 1.0000000000e+01, 9.2000000000e-02, 7.0384000000e+03
 1500623100, 5.0000000000e+01, 2.4000000000e+01, 1.0000000000e+01, 9.8000000000e-02, 7.0381666667e+03
 1500623400, 5.0000000000e+01, 2.4000000000e+01, 1.0000000000e+01, 8.8000000000e-02, 7.0378666667e+03
 1500623700, 5.0000000000e+01, 2.4000000000e+01, 1.0000000000e+01, 8.3666666667e-02, 7.0377666667e+03
 1500624000, 5.0000000000e+01, 2.4000000000e+01, 1.0000000000e+01, 8.4000000000e-02, 7.0376333333e+03
 1500624300, 5.0000000000e+01, 2.4000000000e+01, 1.0000000000e+01, 7.3333333333e-02, 7.0375666667e+03
 1500624600, 5.0000000000e+01, 2.4000000000e+01, 1.0000000000e+01, 5.4333333333e-02, 7.0377666667e+03
 1500624900, 5.0000000000e+01, 2.4000000000e+01, 1.0000000000e+01, 6.6333333333e-02, 7.0374333333e+03
 1500625200, 5.0000000000e+01, 2.4000000000e+01, 1.0000000000e+01, 8.8333333333e-02, 7.0370000000e+03
 1500625500, 5.0000000000e+01, 2.4000000000e+01, 1.0000000000e+01, 8.5666666667e-02, 7.0382000000e+03
 1500625800, 5.0000000000e+01, 2.4000000000e+01, 1.0000000000e+01, 8.0000000000e-02, 7.0384000000e+03
 1500626100, 5.0000000000e+01, 2.4000000000e+01, 1.0000000000e+01, 9.1000000000e-02, 7.0375666667e+03
 1500626400, 5.0000000000e+01, 2.4000000000e+01, 1.0000000000e+01, 1.1633333333e-01, 7.0355666667e+03
 1500626700, 5.0000000000e+01, 2.4000000000e+01, 1.0000000000e+01, 1.2400000000e-01, 7.0362333333e+03
 1500627000, 5.0000000000e+01, 2.4000000000e+01, 1.0000000000e+01, 1.2200000000e-01, 7.0362333333e+03
 1500627300, 5.0000000000e+01, 2.4000000000e+01, 1.0000000000e+01, 1.0766666667e-01, 7.0366333333e+03
 1500627600, 5.0000000000e+01, 2.4000000000e+01, 1.0000000000e+01, 1.1200000000e-01, 7.0371333333e+03
 1500627900, 5.0000000000e+01, 2.4000000000e+01, 1.0000000000e+01, 1.1800000000e-01, 7.0376333333e+03
 1500628200, 5.0000000000e+01, 2.4000000000e+01, 1.0000000000e+01, 1.2100000000e-01, 7.0374000000e+03
 1500628500, 5.0000000000e+01, 2.4000000000e+01, 1.0000000000e+01, 1.3800000000e-01, 7.0378000000e+03
 1500628800, 5.0000000000e+01, 2.4000000000e+01, 1.0000000000e+01, 1.3133333333e-01, 7.0384000000e+03
 1500629100, 5.0000000000e+01, 2.4000000000e+01, 1.0000000000e+01, 1.1833333333e-01, 7.0376000000e+03
 1500629400, 5.0000000000e+01, 2.4000000000e+01, 1.0000000000e+01, 1.3666666667e-01, 7.0374333333e+03
 1500629700, 5.0000000000e+01, 2.4000000000e+01, 1.0000000000e+01, 1.4733333333e-01, 7.0371666667e+03
 1500630000, 5.0000000000e+01, 2.4000000000e+01, 1.0000000000e+01, 1.2800000000e-01, 7.0366333333e+03
 1500630300, 5.0000000000e+01, 2.4000000000e+01, 1.0000000000e+01, 1.1933333333e-01, 7.0374000000e+03
 1500630600, 5.0000000000e+01, 2.4000000000e+01, 1.0000000000e+01, 1.1666666667e-01, 7.0372666667e+03
 1500630900, 5.0000000000e+01, -nan, 1.0000000000e+01, -nan, 7.0378000000e+03
 1500631200, 5.0000000000e+01, -nan, -nan, -nan, 7.0379000000e+03
 1500631500, 5.0000000000e+01, -nan, -nan, -nan, 7.0379333333e+03
 1500631800, 5.4166666667e+01, -nan, -nan, -nan, 7.0377666667e+03
 1500632100, 5.1833333333e+01, -nan, -nan, -nan, 7.0374666667e+03
 1500632400, 5.0000000000e+01, -nan, -nan, -nan, 7.0357666667e+03
 1500632700, 5.0000000000e+01, -nan, -nan, -nan, 7.0366566667e+03
 1500633000, 5.0000000000e+01, -nan, -nan, -nan, 7.0376000000e+03
 1500633300, 5.0000000000e+01, -nan, -nan, -nan, 7.0375666667e+03
 1500633600, 5.0000000000e+01, -nan, -nan, -nan, 7.0371666667e+03
 1500633900, 5.0000000000e+01, -nan, -nan, -nan, 7.0372000000e+03
 1500634200, 5.0000000000e+01, -nan, -nan, -nan, 7.0372000000e+03
 1500634500, -nan, -nan, -nan, -nan, 7.0371000000e+03
 1500634800, -nan, -nan, -nan, -nan, -nan
