 Time, ttl_pwr, cpu_pwr, mem_pwr, cpu_load, mem_load
 1500441000, 5,0000000000e+01, 2,4000000000e+01, 1,0000000000e+01, 5,0000000000e-02, 6,5470000000e+03
 1500441300, 5,0000000000e+01, 2,4000000000e+01, 1,0000000000e+01, 5,0000000000e-02, 6,5474000000e+03
 1500441600, 5,3133333333e+01, 2,4000000000e+01, 1,0000000000e+01, 5,0000000000e-02, 6,5472000000e+03
 1500441900, 5,2866666667e+01, 2,4000000000e+01, 1,0000000000e+01, 5,0000000000e-02, 6,5470266667e+03
 1500442200, 5,0000000000e+01, 2,4000000000e+01, 1,0000000000e+01, 5,0000000000e-02, 6,5467733333e+03
 1500442500, 5,0000000000e+01, 2,4000000000e+01, 1,0000000000e+01, 5,0000000000e-02, 6,5476266667e+03
 1500442800, 5,0000000000e+01, 2,4000000000e+01, 1,0000000000e+01, 5,0000000000e-02, 6,5465466667e+03
 1500443100, 5,4133333333e+01, 2,4000000000e+01, 1,0000000000e+01, 5,0000000000e-02, 6,5464266667e+03
 1500443400, 5,1866666667e+01, 2,4000000000e+01, 1,0000000000e+01, 5,0000000000e-02, 6,5457733333e+03
 1500443700, 5,0000000000e+01, 2,4000000000e+01, 1,0000000000e+01, 5,0000000000e-02, 6,5462533333e+03
 1500444000, 5,1133333333e+01, 2,4000000000e+01, 1,0000000000e+01, 5,4000000000e-02, 6,5476000000e+03
 1500444300, 5,4866666667e+01, 2,4000000000e+01, 1,0000000000e+01, 5,0000000000e-02, 6,5476000000e+03
 1500444600, 5,0000000000e+01, 2,4000000000e+01, 1,0000000000e+01, 6,4800000000e-02, 6,5487733333e+03
 1500444900, 5,4133333333e+01, 2,4000000000e+01, 1,0000000000e+01, 8,2266666667e-02, 6,5478266667e+03
 1500445200, 5,5000000000e+01, 2,4000000000e+01, 1,0000000000e+01, 8,8000000000e-02, 6,5475466667e+03
 1500445500, 5,5000000000e+01, 2,4000000000e+01, 1,0000000000e+01, 8,3466666667e-02, 6,5472266667e+03
 1500445800, 5,3866666667e+01, 2,4000000000e+01, 1,0000000000e+01, 6,3466666667e-02, 6,5478533333e+03
 1500446100, 5,0000000000e+01, 2,4000000000e+01, 1,0000000000e+01, 5,0000000000e-02, 6,5486266667e+03
 1500446400, 5,0000000000e+01, 2,4000000000e+01, 1,0000000000e+01, 5,0000000000e-02, 6,5487733333e+03
 1500446700, 5,0000000000e+01, 2,4000000000e+01, 1,0000000000e+01, 5,0000000000e-02, 6,5494000000e+03
 1500447000, 5,0000000000e+01, 2,4000000000e+01, 1,0000000000e+01, 5,2000000000e-02, 6,5490000000e+03
 1500447300, 5,0000000000e+01, 2,4000000000e+01, 1,0000000000e+01, 5,0000000000e-02, 6,5485733333e+03
 1500447600, 5,1133333333e+01, 2,4000000000e+01, 1,0000000000e+01, 5,0000000000e-02, 6,5478000000e+03
 1500447900, 5,4866666667e+01, 2,4000000000e+01, 1,0000000000e+01, 5,0000000000e-02, 6,5476000000e+03
 1500448200, 5,0000000000e+01, 2,4000000000e+01, 1,0000000000e+01, 5,0000000000e-02, 6,5488000000e+03
 1500448500, 5,4133333333e+01, 2,4000000000e+01, 1,0000000000e+01, 5,0000000000e-02, 6,5486266667e+03
 1500448800, 5,1866666667e+01, 2,4000000000e+01, 1,0000000000e+01, 5,0000000000e-02, 6,5485466667e+03
 1500449100, 5,2133333333e+01, 2,4000000000e+01, 1,0000000000e+01, 5,0000000000e-02, 6,5476266667e+03
 1500449400, 5,5000000000e+01, 2,4453333333e+01, 1,0453333333e+01, 5,0000000000e-02, 6,5488533333e+03
 1500449700, 5,5000000000e+01, 2,5946666667e+01, 1,1946666667e+01, 5,2000000000e-02, 6,5486000000e+03
 1500450000, 5,5000000000e+01, 2,4000000000e+01, 1,0000000000e+01, 9,8226666667e-01, 6,7783733333e+03
 1500450300, 1,7900000000e+02, 1,4138666667e+02, 1,6613333333e+01, 4,4214666667e+00, 9,5725100000e+03
 1500450600, 2,0500000000e+02, 1,6725333333e+02, 1,8000000000e+01, 6,9684000000e+00, 1,0831866667e+04
 1500450900, 1,8153333333e+02, 1,4410666667e+02, 1,8853333333e+01, 8,0062666667e+00, 6,6969200000e+03
 1500451200, 1,2733333333e+02, 9,2053333333e+01, 1,7733333333e+01, 6,1408000000e+00, 6,5502933333e+03
 1500451500, 5,4666666667e+01, 2,8213333333e+01, 1,0373333333e+01, 5,5228000000e+00, 1,6599786667e+04
 1500451800, 2,2500000000e+02, 1,8200000000e+02, 2,4000000000e+01, 8,1981333333e+00, 1,7731266667e+04
 1500452100, 2,1260000000e+02, 1,7373333333e+02, 2,2346666667e+01, 1,0324533333e+01, 1,8148146667e+04
 1500452400, 2,2253333333e+02, 1,8202666667e+02, 2,3253333333e+01, 1,1803333333e+01, 2,4067266667e+04
 1500452700, 2,3000000000e+02, 1,8202666667e+02, 2,9120000000e+01, 1,2924666667e+01, 2,2889173333e+04
 1500453000, 2,2886666667e+02, 1,7626666667e+02, 3,2373333333e+01, 1,3788666667e+01, 1,7076013333e+04
 1500453300, 2,2513333333e+02, 1,8389333333e+02, 2,0373333333e+01, 1,4407866667e+01, 1,9858746667e+04
 1500453600, 2,3000000000e+02, 1,8000000000e+02, 3,4000000000e+01, 1,4735866667e+01, 1,6722973333e+04
 1500453900, 2,2586666667e+02, 1,8330666667e+02, 2,2426666667e+01, 1,5035733333e+01, 2,1417946667e+04
 1500454200, 2,1873333333e+02, 1,7898666667e+02, 2,0000000000e+01, 1,5206933333e+01, 2,0033146667e+04
 1500454500, 2,1500000000e+02, 1,7514666667e+02, 2,0000000000e+01, 1,5399333333e+01, 2,4157533333e+04
 1500454800, 2,2066666667e+02, 1,7581333333e+02, 2,4080000000e+01, 1,5523200000e+01, 2,4056173333e+04
 1500455100, 2,3973333333e+02, 1,8210666667e+02, 3,7626666667e+01, 1,5753066667e+01, 1,8317720000e+04
 1500455400, 2,3000000000e+02, 1,8600000000e+02, 2,4000000000e+01, 1,6026800000e+01, 2,0100026667e+04
 1500455700, 2,3000000000e+02, 1,8434666667e+02, 2,5653333333e+01, 1,6268933333e+01, 2,1703040000e+04
 1500456000, 2,3000000000e+02, 1,8400000000e+02, 2,6000000000e+01, 1,6463066667e+01, 2,1875266667e+04
 1500456300, 2,3000000000e+02, 1,8485333333e+02, 2,6000000000e+01, 1,6537600000e+01, 2,2382333333e+04
 1500456600, 2,3000000000e+02, 1,8645333333e+02, 2,5093333333e+01, 1,6730000000e+01, 2,4182586667e+04
 1500456900, 2,3000000000e+02, 1,8800000000e+02, 2,1946666667e+01, 1,6791333333e+01, 2,4243133333e+04
 1500457200, 2,3000000000e+02, 1,8800000000e+02, 2,0000000000e+01, 1,6896400000e+01, 2,4205546667e+04
 1500457500, 2,2586666667e+02, 1,8469333333e+02, 2,1653333333e+01, 1,6798000000e+01, 2,0065466667e+04
 1500457800, 2,2500000000e+02, 1,8400000000e+02, 2,2000000000e+01, 1,6836400000e+01, 2,4213173333e+04
 1500458100, 2,2926666667e+02, 1,8229333333e+02, 2,7973333333e+01, 1,6874000000e+01, 2,4021386667e+04
 1500458400, 2,3160000000e+02, 1,7864000000e+02, 3,3733333333e+01, 1,6903266667e+01, 2,0428903333e+04
 1500458700, 2,2013333333e+02, 1,7426666667e+02, 2,5893333333e+01, 1,6965600000e+01, 2,4219400000e+04
 1500459000, 2,2500000000e+02, 1,8400000000e+02, 2,2000000000e+01, 1,6963733333e+01, 2,1614280000e+04
 1500459300, 2,2500000000e+02, 1,8400000000e+02, 2,3653333333e+01, 1,6728133333e+01, 2,0153160000e+04
 1500459600, 2,2500000000e+02, 1,8525333333e+02, 2,2746666667e+01, 1,6533733333e+01, 2,4193333333e+04
 1500459900, 2,2713333333e+02, 1,8600000000e+02, 2,2000000000e+01, 1,6392800000e+01, 2,3672666667e+04
 1500460200, 2,2886666667e+02, 1,8554666667e+02, 2,2000000000e+01, 1,6314666667e+01, 2,1686693333e+04
 1500460500, 2,2500000000e+02, 1,8400000000e+02, 2,2000000000e+01, 1,6235533333e+01, 2,2072183333e+04
 1500460800, 2,2500000000e+02, 1,8400000000e+02, 2,2000000000e+01, 1,5910933333e+01, 2,3275186667e+04
 1500461100, 2,3326666667e+02, 1,8730666667e+02, 2,6960000000e+01, 1,5936800000e+01, 2,0174026667e+04
 1500461400, 1,6293333333e+02, 1,1656000000e+02, 2,8000000000e+01, 1,5958533333e+01, 1,7295160000e+04
 1500461700, 1,5840000000e+02, 1,1581333333e+02, 2,4586666667e+01, 1,5876533333e+01, 2,0044000000e+04
 1500462000, 2,1566666667e+02, 1,7245333333e+02, 2,4986666667e+01, 1,5667733333e+01, 2,0405493333e+04
 1500462300, 2,3020000000e+02, 1,7000000000e+02, 4,1146666667e+01, 1,2449866667e+01, 6,6164933333e+03
 1500462600, 5,5000000000e+01, 2,4000000000e+01, 1,0000000000e+01, 9,0808000000e+00, 6,6154000000e+03
 1500462900, 5,5000000000e+01, 2,4000000000e+01, 1,0000000000e+01, 6,5948000000e+00, 6,6150533333e+03
 1500463200, 5,1866666667e+01, 2,4000000000e+01, 1,0000000000e+01, 4,7845333333e+00, 6,6164000000e+03
 1500463500, 5,2133333333e+01, 2,4000000000e+01, 1,0000000000e+01, 3,5000000000e+00, 6,6161733333e+03
 1500463800, 5,3866666667e+01, 2,4000000000e+01, 1,0000000000e+01, 2,5772000000e+00, 6,6160000000e+03
 1500464100, 5,0000000000e+01, 2,4000000000e+01, 1,0000000000e+01, 1,8928000000e+00, 6,6156000000e+03
 1500464400, 5,0000000000e+01, 2,4000000000e+01, 1,0000000000e+01, 1,3928000000e+00, 6,6159733333e+03
 1500464700, 5,0000000000e+01, 2,4000000000e+01, 1,0000000000e+01, 1,0217333333e+00, 6,6154000000e+03
 1500465000, 5,0000000000e+01, 2,4000000000e+01, 1,0000000000e+01, 7,5240000000e-01, 6,6154000000e+03
 1500465300, 5,0000000000e+01, 2,4000000000e+01, 1,0000000000e+01, 5,6346666667e-01, 6,6159733333e+03
 1500465600, 5,0000000000e+01, 2,4000000000e+01, 1,0000000000e+01, 4,1253333333e-01, 6,6154533333e+03
 1500465900, 5,0000000000e+01, 2,4000000000e+01, 1,0000000000e+01, 3,0413333333e-01, 6,6157733333e+03
 1500466200, 5,0000000000e+01, 2,4000000000e+01, 1,0000000000e+01, 5,5786666667e-01, 1,1981280000e+04
 1500466500, 1,9053333333e+02, 1,5130666667e+02, 1,9920000000e+01, 3,9970666667e+00, 2,3624693333e+04
 1500466800, 2,3253333333e+02, 1,8050666667e+02, 3,4533333333e+01, 6,6020000000e+00, 1,3188706667e+04
 1500467100, 1,5893333333e+02, 1,1458666667e+02, 2,8346666667e+01, 5,1928000000e+00, 6,6178000000e+03
 1500467400, 5,0000000000e+01, 2,4000000000e+01, 1,0000000000e+01, 3,7785333333e+00, 6,6171733333e+03
 1500467700, 5,0000000000e+01, 2,4000000000e+01, 1,0000000000e+01, 2,7430666667e+00, 6,6163733333e+03
 1500468000, 5,0000000000e+01, 2,4000000000e+01, 1,0000000000e+01, 1,9894666667e+00, 6,6160533333e+03
 1500468300, 5,4133333333e+01, 2,4000000000e+01, 1,0000000000e+01, 1,4460000000e+00, 6,6167466667e+03
 1500468600, 5,1866666667e+01, 2,4000000000e+01, 1,0000000000e+01, 1,0560000000e+00, 6,6164000000e+03
 1500468900, 5,2133333333e+01, 2,4000000000e+01, 1,0000000000e+01, 8,0840000000e-01, 6,6158000000e+03
 1500469200, 5,3866666667e+01, 2,4000000000e+01, 1,0000000000e+01, 6,0293333333e-01, 6,6152266667e+03
 1500469500, 5,0000000000e+01, 2,4000000000e+01, 1,0000000000e+01, 4,4706666667e-01, 6,6166000000e+03
 1500469800, 5,0000000000e+01, 2,4000000000e+01, 1,0000000000e+01, 3,4786666667e-01, 6,6174000000e+03
 1500470100, 5,0000000000e+01, 2,4000000000e+01, 1,0000000000e+01, 2,9040000000e-01, 6,6170000000e+03
 1500470400, 5,0000000000e+01, 2,4000000000e+01, 1,0000000000e+01, 2,3293333333e-01, 6,6165466667e+03
 1500470700, 5,2133333333e+01, 2,4000000000e+01, 1,0000000000e+01, 1,8693333333e-01, 6,6160266667e+03
 1500471000, 5,5000000000e+01, 2,4000000000e+01, 1,0000000000e+01, 1,4893333333e-01, 6,6162000000e+03
 1500471300, 5,4866666667e+01, 2,4000000000e+01, 1,0000000000e+01, 1,1520000000e-01, 6,6152000000e+03
 1500471600, 5,0000000000e+01, 2,4000000000e+01, 1,0000000000e+01, 8,9200000000e-02, 6,6160000000e+03
 1500471900, 5,0000000000e+01, 2,4000000000e+01, 1,0000000000e+01, 6,5466666667e-02, 6,6158000000e+03
 1500472200, 5,3133333333e+01, 2,4000000000e+01, 1,0000000000e+01, 5,0000000000e-02, 6,6166266667e+03
 1500472500, 5,2866666667e+01, 2,4000000000e+01, 1,0000000000e+01, 5,0000000000e-02, 6,6163733333e+03
 1500472800, 5,0000000000e+01, 2,4000000000e+01, 1,0000000000e+01, 5,0000000000e-02, 6,6159733333e+03
 1500473100, 5,0133333333e+01, 2,4000000000e+01, 1,0000000000e+01, 5,0000000000e-02, 6,6154266667e+03
 1500473400, 5,5000000000e+01, 2,4000000000e+01, 1,0000000000e+01, 5,0000000000e-02, 6,6162266667e+03
 1500473700, 5,5000000000e+01, 2,4000000000e+01, 1,0000000000e+01, 5,0000000000e-02, 6,6157733333e+03
 1500474000, 5,1866666667e+01, 2,4000000000e+01, 1,0000000000e+01, 5,0000000000e-02, 6,6164000000e+03
 1500474300, 5,0000000000e+01, 2,4000000000e+01, 1,0000000000e+01, 5,0000000000e-02, 6,6158000000e+03
 1500474600, 5,0000000000e+01, 2,4000000000e+01, 1,0000000000e+01, 5,0000000000e-02, 6,6164266667e+03
 1500474900, 5,0133333333e+01, 2,4000000000e+01, 1,0000000000e+01, 5,0000000000e-02, 6,6164000000e+03
 1500475200, 5,5000000000e+01, 2,4000000000e+01, 1,0000000000e+01, 5,0000000000e-02, 6,6165733333e+03
 1500475500, 5,5000000000e+01, 2,4000000000e+01, 1,0000000000e+01, 5,0000000000e-02, 6,6164266667e+03
 1500475800, 5,5000000000e+01, 2,4000000000e+01, 1,0000000000e+01, 5,4266666667e-02, 6,6176000000e+03
 1500476100, 5,2866666667e+01, 2,4000000000e+01, 1,0000000000e+01, 6,0000000000e-02, 6,6168000000e+03
 1500476400, 5,0000000000e+01, 2,4000000000e+01, 1,0000000000e+01, 5,5733333333e-02, 6,6168266667e+03
 1500476700, 5,0000000000e+01, 2,4000000000e+01, 1,0000000000e+01, 5,0000000000e-02, 6,6167733333e+03
 1500477000, 5,0000000000e+01, 2,4000000000e+01, 1,0000000000e+01, 5,4000000000e-02, 6,6174000000e+03
 1500477300, 5,0000000000e+01, 2,4000000000e+01, 1,0000000000e+01, 5,0000000000e-02, 6,6169766667e+03
 1500477600, 5,3133333333e+01, 2,4000000000e+01, 1,0000000000e+01, 5,0000000000e-02, 6,6151733333e+03
 1500477900, 5,5000000000e+01, 2,4000000000e+01, 1,0000000000e+01, 5,0000000000e-02, 6,6158266667e+03
 1500478200, 5,5000000000e+01, 2,4000000000e+01, 1,0453333333e+01, 5,0000000000e-02, 6,6164266667e+03
 1500478500, 5,5000000000e+01, 2,4000000000e+01, 1,1946666667e+01, 5,0000000000e-02, 6,6161733333e+03
 1500478800, 5,5000000000e+01, 2,4000000000e+01, 1,0000000000e+01, 5,0000000000e-02, 6,6159733333e+03
 1500479100, 5,0866666667e+01, 2,4000000000e+01, 1,0000000000e+01, 5,0000000000e-02, 6,6163066667e+03
 1500479400, 5,0000000000e+01, 2,4000000000e+01, 1,0000000000e+01, 5,0000000000e-02, 6,6177466667e+03
 1500479700, 5,2133333333e+01, 2,4000000000e+01, 1,0000000000e+01, 5,0000000000e-02, 6,6174000000e+03
 1500480000, 5,5000000000e+01, 2,4000000000e+01, 1,0000000000e+01, 5,0000000000e-02, 6,6180533333e+03
 1500480300, 5,4866666667e+01, 2,4000000000e+01, 1,0000000000e+01, 5,0000000000e-02, 6,6182000000e+03
 1500480600, 5,0000000000e+01, 2,4000000000e+01, 1,0000000000e+01, 5,0000000000e-02, 6,6179466667e+03
 1500480900, 5,8266666667e+01, 2,7306666667e+01, 1,3306666667e+01, 5,0000000000e-02, 6,6176000000e+03
 1500481200, 5,6866666667e+01, 2,5493333333e+01, 1,1493333333e+01, 5,0000000000e-02, 6,6170266667e+03
 1500481500, 5,5000000000e+01, 2,4000000000e+01, 1,0000000000e+01, 5,0000000000e-02, 6,6181733333e+03
 1500481800, 5,5000000000e+01, 2,4453333333e+01, 1,0453333333e+01, 5,2000000000e-02, 6,6172000000e+03
 1500482100, 5,4866666667e+01, 2,5946666667e+01, 1,1946666667e+01, 5,2000000000e-02, 6,6170266667e+03
 1500482400, 5,0000000000e+01, 2,4000000000e+01, 1,0000000000e+01, 5,0000000000e-02, 6,6174000000e+03
 1500482700, 5,4133333333e+01, 2,4000000000e+01, 1,0000000000e+01, 5,0000000000e-02, 6,6169733333e+03
 1500483000, 5,1866666667e+01, 2,4000000000e+01, 1,0000000000e+01, 5,0000000000e-02, 6,6163733333e+03
 1500483300, 5,0000000000e+01, 2,4000000000e+01, 1,0000000000e+01, 5,0000000000e-02, 6,6165733333e+03
 1500483600, 5,1133333333e+01, 2,4000000000e+01, 1,0000000000e+01, 5,0000000000e-02, 6,6166800000e+03
 1500483900, 5,4866666667e+01, 2,4000000000e+01, 1,0000000000e+01, 5,0000000000e-02, 6,6169733333e+03
 1500484200, 5,0000000000e+01, 2,4000000000e+01, 1,0000000000e+01, 5,0000000000e-02, 6,6166000000e+03
 1500484500, 5,0000000000e+01, 2,4000000000e+01, 1,0000000000e+01, 5,0000000000e-02, 6,6174000000e+03
 1500484800, 5,0000000000e+01, 2,4000000000e+01, 1,0000000000e+01, 5,0000000000e-02, 6,6165733333e+03
 1500485100, 5,2133333333e+01, 2,4000000000e+01, 1,0000000000e+01, 5,0000000000e-02, 6,6158000000e+03
 1500485400, 5,3866666667e+01, 2,4000000000e+01, 1,0000000000e+01, 5,0000000000e-02, 6,6164266667e+03
 1500485700, 5,0000000000e+01, 2,4000000000e+01, 1,0000000000e+01, 5,0000000000e-02, 6,6174000000e+03
 1500486000, 5,0000000000e+01, 2,4000000000e+01, 1,0000000000e+01, 5,0000000000e-02, 6,6165733333e+03
 1500486300, 5,4133333333e+01, 2,4000000000e+01, 1,0000000000e+01, 5,0000000000e-02, 6,6164266667e+03
 1500486600, 5,5000000000e+01, 2,4000000000e+01, 1,1253333333e+01, 5,0000000000e-02, 6,6174000000e+03
 1500486900, 5,2866666667e+01, 2,4000000000e+01, 1,1146666667e+01, 5,0000000000e-02, 6,6170000000e+03
 1500487200, 5,1133333333e+01, 2,4000000000e+01, 1,0000000000e+01, 5,0000000000e-02, 6,6170000000e+03
 1500487500, 5,5000000000e+01, 2,4000000000e+01, 1,0000000000e+01, 5,0000000000e-02, 6,6171733333e+03
 1500487800, 5,5000000000e+01, 2,4000000000e+01, 1,0000000000e+01, 5,0000000000e-02, 6,6164000000e+03
 1500488100, 5,0866666667e+01, 2,4000000000e+01, 1,0000000000e+01, 5,0000000000e-02, 6,6168266667e+03
 1500488400, 5,0000000000e+01, 2,4000000000e+01, 1,0000000000e+01, 5,2000000000e-02, 6,6172266667e+03
 1500488700, 5,0000000000e+01, 2,4000000000e+01, 1,0000000000e+01, 5,0000000000e-02, 6,6176000000e+03
 1500489000, 5,0000000000e+01, 2,4000000000e+01, 1,0000000000e+01, 5,2000000000e-02, 6,6180000000e+03
 1500489300, 5,0133333333e+01, 2,4000000000e+01, 1,0000000000e+01, 5,0000000000e-02, 6,6174000000e+03
 1500489600, 5,5000000000e+01, 2,4000000000e+01, 1,0000000000e+01, 5,0000000000e-02, 6,6174000000e+03
 1500489900, 5,5000000000e+01, 2,4000000000e+01, 1,0000000000e+01, 5,0000000000e-02, 6,6178266667e+03
 1500490200, 5,5000000000e+01, 2,4000000000e+01, 1,0000000000e+01, 5,0000000000e-02, 6,6179733333e+03
 1500490500, 5,2866666667e+01, 2,4000000000e+01, 1,0000000000e+01, 5,0000000000e-02, 6,6181733333e+03
 1500490800, 5,0000000000e+01, 2,4000000000e+01, 1,0000000000e+01, 5,0000000000e-02, 6,6180533333e+03
 1500491100, 5,0000000000e+01, 2,4000000000e+01, 1,0000000000e+01, 5,0000000000e-02, 6,6190000000e+03
 1500491400, 5,0000000000e+01, 2,4000000000e+01, 1,0000000000e+01, 5,0000000000e-02, 6,6175466667e+03
 1500491700, 5,0000000000e+01, 2,4000000000e+01, 1,0000000000e+01, 5,0000000000e-02, 6,6170000000e+03
 1500492000, 5,0000000000e+01, 2,4000000000e+01, 1,0000000000e+01, 5,0000000000e-02, 6,6170000000e+03
 1500492300, 5,0000000000e+01, 2,4000000000e+01, 1,0000000000e+01, 5,0000000000e-02, 6,6176000000e+03
 1500492600, 5,0000000000e+01, 2,4000000000e+01, 1,0000000000e+01, 5,0000000000e-02, 6,6170000000e+03
 1500492900, 5,0000000000e+01, 2,4000000000e+01, 1,0000000000e+01, 5,0000000000e-02, 6,6170000000e+03
 1500493200, 5,0000000000e+01, 2,4000000000e+01, 1,0000000000e+01, 5,0000000000e-02, 6,6182266667e+03
 1500493500, 5,0000000000e+01, 2,4000000000e+01, 1,0000000000e+01, 5,0266666667e-02, 6,6186266667e+03
 1500493800, 5,3133333333e+01, 2,5253333333e+01, 1,0000000000e+01, 5,1733333333e-02, 6,6177733333e+03
 1500494100, 5,5000000000e+01, 2,5146666667e+01, 1,0000000000e+01, 5,0000000000e-02, 6,6182000000e+03
 1500494400, 5,3866666667e+01, 2,4000000000e+01, 1,0000000000e+01, 5,0266666667e-02, 6,6184266667e+03
 1500494700, 5,0133333333e+01, 2,4000000000e+01, 1,0000000000e+01, 6,6533333333e-02, 6,6185733333e+03
 1500495000, 5,5000000000e+01, 2,4000000000e+01, 1,0000000000e+01, 7,8000000000e-02, 6,6186266667e+03
 1500495300, 5,5000000000e+01, 2,4000000000e+01, 1,0000000000e+01, 6,7466666667e-02, 6,6187733333e+03
 1500495600, 5,5000000000e+01, 2,4000000000e+01, 1,0000000000e+01, 5,1733333333e-02, 6,6186266667e+03
 1500495900, 5,5000000000e+01, 2,4000000000e+01, 1,0000000000e+01, 5,0000000000e-02, 6,6198000000e+03
 1500496200, 5,3866666667e+01, 2,4000000000e+01, 1,0000000000e+01, 5,0000000000e-02, 6,6196266667e+03
 1500496500, 5,0000000000e+01, 2,4000000000e+01, 1,0000000000e+01, 5,0000000000e-02, 6,6196000000e+03
 1500496800, 5,0000000000e+01, 2,4000000000e+01, 1,0000000000e+01, 5,0000000000e-02, 6,6193733333e+03
 1500497100, 5,4133333333e+01, 2,4000000000e+01, 1,0000000000e+01, 5,0000000000e-02, 6,6190000000e+03
 1500497400, 5,1866666667e+01, 2,4000000000e+01, 1,0000000000e+01, 5,0000000000e-02, 6,6198533333e+03
 1500497700, 5,2133333333e+01, 2,4000000000e+01, 1,0000000000e+01, 5,0000000000e-02, 6,6199466667e+03
 1500498000, 5,3866666667e+01, 2,4000000000e+01, 1,0000000000e+01, 5,0000000000e-02, 6,6200000000e+03
 1500498300, 5,0133333333e+01, 2,4000000000e+01, 1,0000000000e+01, 5,0000000000e-02, 6,6192266667e+03
 1500498600, 5,5000000000e+01, 2,4000000000e+01, 1,0000000000e+01, 5,0000000000e-02, 6,6197733333e+03
 1500498900, 5,0866666667e+01, 2,4000000000e+01, 1,0000000000e+01, 5,0000000000e-02, 6,6198266667e+03
 1500499200, 5,0000000000e+01, 2,4000000000e+01, 1,0000000000e+01, 5,0000000000e-02, 6,6197733333e+03
 1500499500, 5,0000000000e+01, 2,4000000000e+01, 1,0000000000e+01, 5,0000000000e-02, 6,6198266667e+03
 1500499800, 5,0000000000e+01, 2,4000000000e+01, 1,0000000000e+01, 5,0000000000e-02, 6,6198000000e+03
 1500500100, 5,0000000000e+01, 2,4000000000e+01, 1,0000000000e+01, 5,0000000000e-02, 6,6198533333e+03
 1500500400, 5,0000000000e+01, 2,4000000000e+01, 1,0000000000e+01, 5,0000000000e-02, 6,6205466667e+03
 1500500700, 5,4133333333e+01, 2,4000000000e+01, 1,0000000000e+01, 5,0533333333e-02, 6,6206533333e+03
 1500501000, 5,5000000000e+01, 2,4000000000e+01, 1,0000000000e+01, 6,5733333333e-02, 6,6211733333e+03
 1500501300, 5,2866666667e+01, 2,4000000000e+01, 1,0000000000e+01, 5,2000000000e-02, 6,6207733333e+03
 1500501600, 5,0000000000e+01, 2,4000000000e+01, 1,0000000000e+01, 5,1733333333e-02, 6,6208533333e+03
 1500501900, 5,0000000000e+01, 2,4000000000e+01, 1,0000000000e+01, 5,0000000000e-02, 6,6215733333e+03
 1500502200, 5,0000000000e+01, 2,4000000000e+01, 1,0000000000e+01, 5,0000000000e-02, 6,6208000000e+03
 1500502500, 5,0000000000e+01, 2,4000000000e+01, 1,0000000000e+01, 5,8266666667e-02, 6,6209733333e+03
 1500502800, 5,0000000000e+01, 2,4000000000e+01, 1,0000000000e+01, 5,3733333333e-02, 6,6200800000e+03
 1500503100, 5,2133333333e+01, 2,4000000000e+01, 1,0000000000e+01, 5,0000000000e-02, 6,6227733333e+03
 1500503400, 5,3866666667e+01, 2,4000000000e+01, 1,0000000000e+01, 5,0000000000e-02, 6,6214000000e+03
 1500503700, 5,0000000000e+01, 2,4000000000e+01, 1,0000000000e+01, 5,0000000000e-02, 6,6212000000e+03
 1500504000, 5,0000000000e+01, 2,4000000000e+01, 1,0000000000e+01, 5,0000000000e-02, 6,6222000000e+03
 1500504300, 5,4133333333e+01, 2,4000000000e+01, 1,0000000000e+01, 5,0000000000e-02, 6,6224266667e+03
 1500504600, 5,1866666667e+01, 2,4000000000e+01, 1,0000000000e+01, 5,0000000000e-02, 6,6221733333e+03
 1500504900, 5,2133333333e+01, 2,4000000000e+01, 1,0000000000e+01, 5,0000000000e-02, 6,6217733333e+03
 1500505200, 5,5000000000e+01, 2,4000000000e+01, 1,0000000000e+01, 5,0000000000e-02, 6,6212000000e+03
 1500505500, 5,5000000000e+01, 2,4000000000e+01, 1,0000000000e+01, 5,0000000000e-02, 6,6222533333e+03
 1500505800, 5,5000000000e+01, 2,4000000000e+01, 1,0000000000e+01, 5,0000000000e-02, 6,6228000000e+03
 1500506100, 5,5000000000e+01, 2,4000000000e+01, 1,0000000000e+01, 5,0000000000e-02, 6,6226266667e+03
 1500506400, 5,5000000000e+01, 2,4000000000e+01, 1,0000000000e+01, 5,2000000000e-02, 6,6234000000e+03
 1500506700, 5,5000000000e+01, 2,4000000000e+01, 1,0000000000e+01, 5,2000000000e-02, 6,6229466667e+03
 1500507000, 5,5000000000e+01, 2,4000000000e+01, 1,0000000000e+01, 5,2266666667e-02, 6,6226266667e+03
 1500507300, 5,4866666667e+01, 2,4000000000e+01, 1,0000000000e+01, 5,1733333333e-02, 6,6230266667e+03
 1500507600, 5,0000000000e+01, 2,4000000000e+01, 1,0000000000e+01, 5,0000000000e-02, 6,6225466667e+03
 1500507900, 5,0000000000e+01, 2,4000000000e+01, 1,0000000000e+01, 5,0000000000e-02, 6,6222266667e+03
 1500508200, 5,0000000000e+01, 2,4000000000e+01, 1,0000000000e+01, 5,0000000000e-02, 6,6230000000e+03
 1500508500, 5,2133333333e+01, 2,4000000000e+01, 1,0000000000e+01, 5,0000000000e-02, 6,6221733333e+03
 1500508800, 5,5000000000e+01, 2,4000000000e+01, 1,0000000000e+01, 5,0000000000e-02, 6,6215733333e+03
 1500509100, 5,5000000000e+01, 2,4000000000e+01, 1,0000000000e+01, 5,0000000000e-02, 6,6218266667e+03
 1500509400, 5,5000000000e+01, 2,4000000000e+01, 1,0000000000e+01, 5,0000000000e-02, 6,6226000000e+03
 1500509700, 5,5000000000e+01, 2,4000000000e+01, 1,0000000000e+01, 5,0000000000e-02, 6,6225733333e+03
 1500510000, 5,1866666667e+01, 2,4000000000e+01, 1,0000000000e+01, 5,2266666667e-02, 6,6228533333e+03
 1500510300, 5,0000000000e+01, 2,4000000000e+01, 1,0000000000e+01, 5,3733333333e-02, 6,6227733333e+03
 1500510600, 5,0000000000e+01, 2,4000000000e+01, 1,0000000000e+01, 5,0000000000e-02, 6,6224266667e+03
 1500510900, 5,0133333333e+01, 2,4000000000e+01, 1,0000000000e+01, 5,0000000000e-02, 6,6224000000e+03
 1500511200, 5,5000000000e+01, 2,4000000000e+01, 1,0000000000e+01, 5,0000000000e-02, 6,6223733333e+03
 1500511500, 5,0866666667e+01, 2,4000000000e+01, 1,0000000000e+01, 5,0000000000e-02, 6,6217733333e+03
 1500511800, 5,3133333333e+01, 2,5253333333e+01, 1,0000000000e+01, 5,0000000000e-02, 6,6222266667e+03
 1500512100, 5,2866666667e+01, 2,5146666667e+01, 1,0000000000e+01, 5,0000000000e-02, 6,6222000000e+03
 1500512400, 5,1133333333e+01, 2,4000000000e+01, 1,0000000000e+01, 5,6000000000e-02, 6,6220000000e+03
 1500512700, 5,5000000000e+01, 2,4000000000e+01, 1,0000000000e+01, 5,2000000000e-02, 6,6228533333e+03
 1500513000, 5,5000000000e+01, 2,4000000000e+01, 1,0000000000e+01, 5,4000000000e-02, 6,6233733333e+03
 1500513300, 5,5000000000e+01, 2,4000000000e+01, 1,0000000000e+01, 5,0000000000e-02, 6,6226000000e+03
 1500513600, 5,5000000000e+01, 2,4000000000e+01, 1,0000000000e+01, 6,6800000000e-02, 6,6227733333e+03
 1500513900, 5,2866666667e+01, 2,4000000000e+01, 1,0000000000e+01, 6,9466666667e-02, 6,6224000000e+03
 1500514200, 5,1133333333e+01, 2,4000000000e+01, 1,0000000000e+01, 5,1733333333e-02, 6,6222000000e+03
 1500514500, 5,4866666667e+01, 2,4000000000e+01, 1,0000000000e+01, 5,0000000000e-02, 6,6220533333e+03
 1500514800, 5,0000000000e+01, 2,4000000000e+01, 1,0000000000e+01, 5,0000000000e-02, 6,6232000000e+03
 1500515100, 5,4133333333e+01, 2,4000000000e+01, 1,0000000000e+01, 5,0000000000e-02, 6,6234000000e+03
 1500515400, 5,5000000000e+01, 2,4000000000e+01, 1,0000000000e+01, 5,0000000000e-02, 6,6233466667e+03
 1500515700, 5,5000000000e+01, 2,4000000000e+01, 1,0000000000e+01, 5,0000000000e-02, 6,6218000000e+03
 1500516000, 5,5000000000e+01, 2,4000000000e+01, 1,0000000000e+01, 5,0000000000e-02, 6,6218000000e+03
 1500516300, 5,5000000000e+01, 2,4000000000e+01, 1,0000000000e+01, 5,0000000000e-02, 6,6230533333e+03
 1500516600, 5,5000000000e+01, 2,4000000000e+01, 1,0000000000e+01, 5,0000000000e-02, 6,6238000000e+03
 1500516900, 5,5000000000e+01, 2,4000000000e+01, 1,0000000000e+01, 5,0000000000e-02, 6,6239466667e+03
 1500517200, 5,5000000000e+01, 2,4000000000e+01, 1,0000000000e+01, 5,0000000000e-02, 6,6236800000e+03
 1500517500, 5,5000000000e+01, 2,4000000000e+01, 1,0000000000e+01, 5,0000000000e-02, 6,6243733333e+03
 1500517800, 5,5000000000e+01, 2,4000000000e+01, 1,0000000000e+01, 5,0000000000e-02, 6,6241733333e+03
 1500518100, 5,5000000000e+01, 2,4000000000e+01, 1,0000000000e+01, 5,0000000000e-02, 6,6238533333e+03
 1500518400, 5,5000000000e+01, 2,4000000000e+01, 1,0000000000e+01, 5,2000000000e-02, 6,6243733333e+03
 1500518700, 5,5000000000e+01, 2,4000000000e+01, 1,0000000000e+01, 6,0266666667e-02, 6,6244266667e+03
 1500519000, 5,5000000000e+01, 2,4000000000e+01, 1,0000000000e+01, 6,2266666667e-02, 6,6248266667e+03
 1500519300, 5,5000000000e+01, 2,4000000000e+01, 1,0000000000e+01, 5,7466666667e-02, 6,6251733333e+03
 1500519600, 5,5000000000e+01, 2,4000000000e+01, 1,0000000000e+01, 5,2533333333e-02, 6,6254000000e+03
 1500519900, 5,5000000000e+01, 2,4000000000e+01, 1,0000000000e+01, 7,4000000000e-02, 6,6254266667e+03
 1500520200, 5,5000000000e+01, 2,4000000000e+01, 1,0000000000e+01, 8,0000000000e-02, 6,6251733333e+03
 1500520500, 5,5000000000e+01, 2,4000000000e+01, 1,0000000000e+01, 6,3466666667e-02, 6,6243733333e+03
 1500520800, 5,5000000000e+01, 2,4000000000e+01, 1,0000000000e+01, 5,0000000000e-02, 6,6248000000e+03
 1500521100, 5,5000000000e+01, 2,4000000000e+01, 1,0000000000e+01, 5,0000000000e-02, 6,6235733333e+03
 1500521400, 5,5000000000e+01, 2,4000000000e+01, 1,0000000000e+01, 5,0000000000e-02, 6,6238266667e+03
 1500521700, 5,5000000000e+01, 2,4000000000e+01, 1,0000000000e+01, 5,0000000000e-02, 6,6240000000e+03
 1500522000, 5,5000000000e+01, 2,4000000000e+01, 1,0000000000e+01, 5,0000000000e-02, 6,6246266667e+03
 1500522300, 5,5000000000e+01, 2,4000000000e+01, 1,0000000000e+01, 5,0000000000e-02, 6,6248800000e+03
 1500522600, 5,5000000000e+01, 2,4000000000e+01, 1,0000000000e+01, 5,0000000000e-02, 6,6261466667e+03
 1500522900, 5,5000000000e+01, 2,4000000000e+01, 1,0000000000e+01, 5,0000000000e-02, 6,6249466667e+03
 1500523200, 5,5000000000e+01, 2,4000000000e+01, 1,0000000000e+01, 5,0000000000e-02, 6,6244266667e+03
 1500523500, 5,5000000000e+01, 2,4000000000e+01, 1,0000000000e+01, 5,0000000000e-02, 6,6252266667e+03
 1500523800, 5,5000000000e+01, 2,4000000000e+01, 1,0000000000e+01, 5,0000000000e-02, 6,6253733333e+03
 1500524100, 5,5000000000e+01, 2,4000000000e+01, 1,0000000000e+01, 5,0000000000e-02, 6,6251733333e+03
 1500524400, 5,5000000000e+01, 2,4000000000e+01, 1,0000000000e+01, 5,0266666667e-02, 6,6244000000e+03
 1500524700, 5,5000000000e+01, 2,4000000000e+01, 1,0000000000e+01, 5,1733333333e-02, 6,6250533333e+03
 1500525000, 5,5000000000e+01, 2,4453333333e+01, 1,0000000000e+01, 5,4266666667e-02, 6,6260000000e+03
 1500525300, 5,5000000000e+01, 2,5946666667e+01, 1,0000000000e+01, 5,1733333333e-02, 6,6254000000e+03
 1500525600, 5,5000000000e+01, 2,4000000000e+01, 1,0000000000e+01, 5,0000000000e-02, 6,6263733333e+03
 1500525900, 5,5000000000e+01, 2,4000000000e+01, 1,0000000000e+01, 5,4266666667e-02, 6,6264800000e+03
 1500526200, 5,5000000000e+01, 2,4000000000e+01, 1,0000000000e+01, 7,0000000000e-02, 6,6277733333e+03
 1500526500, 5,5000000000e+01, 2,4000000000e+01, 1,0000000000e+01, 6,0000000000e-02, 6,6273466667e+03
 1500526800, 5,5000000000e+01, 2,4000000000e+01, 1,0000000000e+01, 5,1733333333e-02, 6,6268533333e+03
 1500527100, 5,5000000000e+01, 2,4000000000e+01, 1,0000000000e+01, 5,0000000000e-02, 6,6261466667e+03
 1500527400, 5,5000000000e+01, 2,4000000000e+01, 1,0000000000e+01, 5,0000000000e-02, 6,6256000000e+03
 1500527700, 5,5000000000e+01, 2,4000000000e+01, 1,0000000000e+01, 5,0266666667e-02, 6,6250000000e+03
 1500528000, 5,5000000000e+01, 2,4000000000e+01, 1,0000000000e+01, 5,1733333333e-02, 6,6254000000e+03
 1500528300, 5,5000000000e+01, 2,4000000000e+01, 1,0000000000e+01, 5,0000000000e-02, 6,6256266667e+03
 1500528600, 5,5000000000e+01, 2,4000000000e+01, 1,0000000000e+01, 5,0000000000e-02, 6,6264266667e+03
 1500528900, 5,5000000000e+01, 2,4000000000e+01, 1,0000000000e+01, 5,0000000000e-02, 6,6261733333e+03
 1500529200, 5,5000000000e+01, 2,4000000000e+01, 1,0000000000e+01, 5,0000000000e-02, 6,6257466667e+03
 1500529500, 5,5000000000e+01, 2,4000000000e+01, 1,0000000000e+01, 5,0000000000e-02, 6,6256800000e+03
 1500529800, 5,5000000000e+01, 2,4000000000e+01, 1,0000000000e+01, 5,0000000000e-02, 6,6265466667e+03
 1500530100, 5,5000000000e+01, 2,4000000000e+01, 1,0000000000e+01, 5,0000000000e-02, 6,6260000000e+03
 1500530400, 5,5000000000e+01, 2,4453333333e+01, 1,0000000000e+01, 5,0000000000e-02, 6,6260000000e+03
 1500530700, 5,5000000000e+01, 2,5946666667e+01, 1,0000000000e+01, 5,0000000000e-02, 6,6254266667e+03
 1500531000, 5,5000000000e+01, 2,4000000000e+01, 1,0000000000e+01, 5,0000000000e-02, 6,6255733333e+03
 1500531300, 5,0866666667e+01, 2,4000000000e+01, 1,0000000000e+01, 5,0000000000e-02, 6,6258533333e+03
 1500531600, 5,3133333333e+01, 2,4000000000e+01, 1,0000000000e+01, 5,8000000000e-02, 6,6261466667e+03
 1500531900, 5,5000000000e+01, 2,4000000000e+01, 1,0000000000e+01, 5,0000000000e-02, 6,6253733333e+03
 1500532200, 5,5000000000e+01, 2,4000000000e+01, 1,0000000000e+01, 6,0266666667e-02, 6,6248000000e+03
 1500532500, 5,5000000000e+01, 2,4000000000e+01, 1,0000000000e+01, 5,9733333333e-02, 6,6252533333e+03
 1500532800, 5,5000000000e+01, 2,4000000000e+01, 1,0000000000e+01, 5,0000000000e-02, 6,6260533333e+03
 1500533100, 5,5000000000e+01, 2,4000000000e+01, 1,0000000000e+01, 5,0266666667e-02, 6,6263466667e+03
 1500533400, 5,5000000000e+01, 2,4000000000e+01, 1,0000000000e+01, 5,3733333333e-02, 6,6260266667e+03
 1500533700, 5,5000000000e+01, 2,4000000000e+01, 1,0000000000e+01, 5,0000000000e-02, 6,6264000000e+03
 1500534000, 5,3866666667e+01, 2,4000000000e+01, 1,0000000000e+01, 5,0000000000e-02, 6,6267733333e+03
 1500534300, 5,0000000000e+01, 2,4000000000e+01, 1,0000000000e+01, 5,0000000000e-02, 6,6258266667e+03
 1500534600, 5,0000000000e+01, 2,4000000000e+01, 1,0000000000e+01, 5,0000000000e-02, 6,6261733333e+03
 1500534900, 5,0000000000e+01, 2,4000000000e+01, 1,0000000000e+01, 5,0000000000e-02, 6,6252000000e+03
 1500535200, 5,0000000000e+01, 2,4000000000e+01, 1,0000000000e+01, 5,0000000000e-02, 6,6253733333e+03
 1500535500, 5,0000000000e+01, 2,4000000000e+01, 1,0000000000e+01, 5,0000000000e-02, 6,6247733333e+03
 1500535800, 5,1133333333e+01, 2,4000000000e+01, 1,0000000000e+01, 5,0000000000e-02, 6,6256533333e+03
 1500536100, 5,5000000000e+01, 2,4000000000e+01, 1,0000000000e+01, 5,0000000000e-02, 6,6260266667e+03
 1500536400, 5,5000000000e+01, 2,4000000000e+01, 1,0000000000e+01, 5,0000000000e-02, 6,6259466667e+03
 1500536700, 5,0866666667e+01, 2,4000000000e+01, 1,0000000000e+01, 5,0000000000e-02, 6,6258000000e+03
 1500537000, 5,3133333333e+01, 2,4000000000e+01, 1,0000000000e+01, 5,0000000000e-02, 6,6250000000e+03
 1500537300, 5,5000000000e+01, 2,4000000000e+01, 1,0000000000e+01, 5,2000000000e-02, 6,6258266667e+03
 1500537600, 5,3866666667e+01, 2,4000000000e+01, 1,0000000000e+01, 5,2266666667e-02, 6,6256266667e+03
 1500537900, 5,0000000000e+01, 2,4000000000e+01, 1,0000000000e+01, 5,3733333333e-02, 6,6265733333e+03
 1500538200, 5,0000000000e+01, 2,4000000000e+01, 1,0000000000e+01, 5,0000000000e-02, 6,6262000000e+03
 1500538500, 5,4133333333e+01, 2,4000000000e+01, 1,0000000000e+01, 5,0533333333e-02, 6,6255733333e+03
 1500538800, 5,1866666667e+01, 2,4000000000e+01, 1,0000000000e+01, 7,0000000000e-02, 6,6258266667e+03
 1500539100, 5,2133333333e+01, 2,4000000000e+01, 1,0000000000e+01, 5,5466666667e-02, 6,6262266667e+03
 1500539400, 5,3866666667e+01, 2,4000000000e+01, 1,0000000000e+01, 5,2000000000e-02, 6,6272000000e+03
 1500539700, 5,0000000000e+01, 2,4000000000e+01, 1,0000000000e+01, 5,0000000000e-02, 6,6272000000e+03
 1500540000, 5,0000000000e+01, 2,4000000000e+01, 1,0000000000e+01, 5,0000000000e-02, 6,6269733333e+03
 1500540300, 5,0000000000e+01, 2,4000000000e+01, 1,0000000000e+01, 5,0000000000e-02, 6,6268533333e+03
 1500540600, 5,0000000000e+01, 2,4000000000e+01, 1,0000000000e+01, 5,0000000000e-02, 6,6269466667e+03
 1500540900, 5,0000000000e+01, 2,4000000000e+01, 1,0000000000e+01, 5,0000000000e-02, 6,6262000000e+03
 1500541200, 5,0000000000e+01, 2,4000000000e+01, 1,0000000000e+01, 5,1600000000e-02, 6,6266933333e+03
 1500541500, 5,0533333333e+01, 2,4320000000e+01, 1,0213333333e+01, 2,4626666667e-01, 6,6367200000e+03
 1500541800, 7,0000000000e+01, 3,6000000000e+01, 1,8000000000e+01, 5,0906666667e-01, 6,6363066667e+03
 1500542100, 7,0000000000e+01, 3,6000000000e+01, 1,8000000000e+01, 6,8680000000e-01, 6,6363200000e+03
 1500542400, 7,0000000000e+01, 3,6000000000e+01, 1,8000000000e+01, 8,5146666667e-01, 6,6341733333e+03
 1500542700, 7,0000000000e+01, 3,6000000000e+01, 1,8000000000e+01, 9,5186666667e-01, 6,6341466667e+03
 1500543000, 7,0000000000e+01, 3,6000000000e+01, 1,8000000000e+01, 1,0116000000e+00, 6,6324266667e+03
 1500543300, 7,0000000000e+01, 3,6000000000e+01, 1,7946666667e+01, 1,0738666667e+00, 6,6354800000e+03
 1500543600, 7,0000000000e+01, 3,6000000000e+01, 1,6000000000e+01, 1,1308000000e+00, 6,6353733333e+03
 1500543900, 7,4133333333e+01, 3,7653333333e+01, 1,7653333333e+01, 1,1650666667e+00, 6,6356800000e+03
 1500544200, 7,5000000000e+01, 3,8000000000e+01, 1,8000000000e+01, 1,1962666667e+00, 6,6364933333e+03
 1500544500, 7,2866666667e+01, 3,6293333333e+01, 1,7146666667e+01, 1,2232000000e+00, 6,6345333333e+03
 1500544800, 6,5466666667e+01, 3,1733333333e+01, 1,4640000000e+01, 1,0450666667e+00, 6,6256533333e+03
 1500545100, 5,0133333333e+01, 2,4000000000e+01, 1,0000000000e+01, 8,1466666667e-01, 6,6259733333e+03
 1500545400, 5,5000000000e+01, 2,4000000000e+01, 1,0000000000e+01, 6,3520000000e-01, 6,6256000000e+03
 1500545700, 5,0866666667e+01, 2,4000000000e+01, 1,0000000000e+01, 4,6853333333e-01, 6,6261333333e+03
 1500546000, 5,0000000000e+01, 2,4000000000e+01, 1,0000000000e+01, 3,6143333333e-01, 6,6303733333e+03
 1500546300, 5,2133333333e+01, 2,4000000000e+01, 1,0000000000e+01, 2,7613333333e-01, 6,6302533333e+03
 1500546600, 5,3866666667e+01, 2,4000000000e+01, 1,0000000000e+01, 2,1293333333e-01, 6,6308000000e+03
 1500546900, 5,0000000000e+01, 2,4000000000e+01, 1,0000000000e+01, 1,7093333333e-01, 6,6300266667e+03
 1500547200, 5,0000000000e+01, 2,4000000000e+01, 1,0000000000e+01, 1,3093333333e-01, 6,6307466667e+03
 1500547500, 5,0000000000e+01, 2,4000000000e+01, 1,0000000000e+01, 9,9200000000e-02, 6,6300000000e+03
 1500547800, 5,0000000000e+01, 2,4000000000e+01, 1,0000000000e+01, 7,1466666667e-02, 6,6306000000e+03
 1500548100, 5,2133333333e+01, 2,4000000000e+01, 1,0000000000e+01, 5,1733333333e-02, 6,6296000000e+03
 1500548400, 5,5000000000e+01, 2,4000000000e+01, 1,0000000000e+01, 5,0000000000e-02, 6,6302000000e+03
 1500548700, 5,5000000000e+01, 2,4000000000e+01, 1,0000000000e+01, 5,0000000000e-02, 6,6293466667e+03
 1500549000, 5,5000000000e+01, 2,4000000000e+01, 1,0000000000e+01, 5,0000000000e-02, 6,6282266667e+03
 1500549300, 5,5000000000e+01, 2,4000000000e+01, 1,0000000000e+01, 5,0000000000e-02, 6,6294266667e+03
 1500549600, 5,5000000000e+01, 2,4000000000e+01, 1,0000000000e+01, 5,0000000000e-02, 6,6300000000e+03
 1500549900, 5,5000000000e+01, 2,4853333333e+01, 1,0853333333e+01, 5,0266666667e-02, 6,6308266667e+03
 1500550200, 5,5000000000e+01, 2,5546666667e+01, 1,1546666667e+01, 7,0266666667e-02, 6,6308000000e+03
 1500550500, 5,5000000000e+01, 2,4000000000e+01, 1,0000000000e+01, 6,8000000000e-02, 6,6307733333e+03
 1500550800, 5,5000000000e+01, 2,4000000000e+01, 1,0000000000e+01, 6,8266666667e-02, 6,6300533333e+03
 1500551100, 5,5000000000e+01, 2,4000000000e+01, 1,0000000000e+01, 8,4000000000e-02, 6,6319733333e+03
 1500551400, 5,1866666667e+01, 2,4000000000e+01, 1,0000000000e+01, 8,8266666667e-02, 6,6314000000e+03
 1500551700, 5,2133333333e+01, 2,4000000000e+01, 1,0000000000e+01, 7,7200000000e-02, 6,6307733333e+03
 1500552000, 5,3866666667e+01, 2,4000000000e+01, 1,0000000000e+01, 5,9733333333e-02, 6,6306800000e+03
 1500552300, 5,0133333333e+01, 2,4000000000e+01, 1,0000000000e+01, 5,6533333333e-02, 6,6313466667e+03
 1500552600, 5,5000000000e+01, 2,4000000000e+01, 1,0000000000e+01, 6,3733333333e-02, 6,6311733333e+03
 1500552900, 5,5000000000e+01, 2,4000000000e+01, 1,0000000000e+01, 5,1733333333e-02, 6,6308000000e+03
 1500553200, 5,1866666667e+01, 2,4000000000e+01, 1,0000000000e+01, 5,0000000000e-02, 6,6308533333e+03
 1500553500, 5,2133333333e+01, 2,4000000000e+01, 1,0000000000e+01, 5,0000000000e-02, 6,6315466667e+03
 1500553800, 5,3866666667e+01, 2,4000000000e+01, 1,0000000000e+01, 5,0000000000e-02, 6,6320800000e+03
 1500554100, 5,0000000000e+01, 2,4000000000e+01, 1,0000000000e+01, 8,0133333333e-02, 6,6400933333e+03
 1500554400, 5,0000000000e+01, 2,4000000000e+01, 1,0000000000e+01, 3,5826666667e+00, 7,0647466667e+03
 1500554700, 1,8226666667e+02, 1,3973333333e+02, 2,3226666667e+01, 8,3820000000e+00, 6,9727733333e+03
 1500555000, 2,2253333333e+02, 1,7778666667e+02, 2,6000000000e+01, 1,1850266667e+01, 6,9825466667e+03
 1500555300, 2,1933333333e+02, 1,7576000000e+02, 2,4293333333e+01, 1,4197466667e+01, 7,0167866667e+03
 1500555600, 2,1066666667e+02, 1,6653333333e+02, 2,2906666667e+01, 1,6008400000e+01, 6,9954533333e+03
 1500555900, 2,3013333333e+02, 1,8216000000e+02, 2,6000000000e+01, 1,6941600000e+01, 6,9445333333e+03
 1500556200, 2,3500000000e+02, 1,8800000000e+02, 2,6000000000e+01, 1,7687866667e+01, 6,9520666667e+03
 1500556500, 2,3086666667e+02, 1,8800000000e+02, 2,4346666667e+01, 1,8232800000e+01, 6,9682266667e+03
 1500556800, 2,3000000000e+02, 1,8800000000e+02, 2,1493333333e+01, 1,8476533333e+01, 7,0333066667e+03
 1500557100, 2,2786666667e+02, 1,8800000000e+02, 2,0000000000e+01, 1,8730533333e+01, 6,9533466667e+03
 1500557400, 2,2613333333e+02, 1,8845333333e+02, 2,0453333333e+01, 1,8890266667e+01, 7,0714266667e+03
 1500557700, 2,3000000000e+02, 1,8994666667e+02, 2,2053333333e+01, 1,9263333333e+01, 6,9796800000e+03
 1500558000, 2,3000000000e+02, 1,8800000000e+02, 2,4000000000e+01, 1,9246933333e+01, 7,0107466667e+03
 1500558300, 2,0520000000e+02, 1,6154666667e+02, 2,4000000000e+01, 1,9242800000e+01, 6,9534666667e+03
 1500558600, 1,9686666667e+02, 1,5600000000e+02, 2,1493333333e+01, 1,9278800000e+01, 7,0089466667e+03
 1500558900, 1,9713333333e+02, 1,5600000000e+02, 2,2560000000e+01, 1,9466133333e+01, 6,9502266667e+03
 1500559200, 2,0566666667e+02, 1,6234666667e+02, 2,5093333333e+01, 1,9442400000e+01, 6,9772000000e+03
 1500559500, 2,2513333333e+02, 1,8416000000e+02, 2,1946666667e+01, 1,9359733333e+01, 6,9948000000e+03
 1500559800, 2,3000000000e+02, 1,9000000000e+02, 2,0000000000e+01, 1,9306533333e+01, 6,9545600000e+03
 1500560100, 2,0520000000e+02, 1,6354666667e+02, 2,0000000000e+01, 1,9370666667e+01, 6,9890266667e+03
 1500560400, 2,1253333333e+02, 1,6677333333e+02, 2,3760000000e+01, 1,9239066667e+01, 7,0248666667e+03
 1500560700, 2,2426666667e+02, 1,7712000000e+02, 2,6000000000e+01, 1,9327200000e+01, 6,9401733333e+03
 1500561000, 2,1980000000e+02, 1,7493333333e+02, 2,5546666667e+01, 1,9326666667e+01, 6,9481600000e+03
 1500561300, 1,8553333333e+02, 1,4453333333e+02, 2,3893333333e+01, 1,9267600000e+01, 7,0324933333e+03
 1500561600, 2,0500000000e+02, 1,6400000000e+02, 2,0000000000e+01, 1,9313466667e+01, 6,9752533333e+03
 1500561900, 2,1326666667e+02, 1,7061333333e+02, 2,4960000000e+01, 1,9387200000e+01, 7,0924933333e+03
 1500562200, 2,0873333333e+02, 1,6573333333e+02, 2,6000000000e+01, 1,9329066667e+01, 7,0470800000e+03
 1500562500, 2,0926666667e+02, 1,6797333333e+02, 2,4293333333e+01, 1,9340666667e+01, 7,0136000000e+03
 1500562800, 2,1726666667e+02, 1,7826666667e+02, 2,1546666667e+01, 1,9271200000e+01, 7,0038400000e+03
 1500563100, 2,2473333333e+02, 1,8562666667e+02, 2,0106666667e+01, 1,9401066667e+01, 6,9743066667e+03
 1500563400, 2,1500000000e+02, 1,7200000000e+02, 2,4000000000e+01, 1,9442800000e+01, 6,9790400000e+03
 1500563700, 2,2740000000e+02, 1,8357333333e+02, 2,5653333333e+01, 1,9314400000e+01, 7,0596933333e+03
 1500564000, 2,3313333333e+02, 1,8850666667e+02, 2,6000000000e+01, 1,9443733333e+01, 6,9705866667e+03
 1500564300, 2,1580000000e+02, 1,7122666667e+02, 2,5146666667e+01, 1,9503600000e+01, 6,9703066667e+03
 1500564600, 1,9453333333e+02, 1,5098666667e+02, 2,4000000000e+01, 1,9220400000e+01, 6,9781466667e+03
 1500564900, 2,1040000000e+02, 1,6842666667e+02, 2,3893333333e+01, 1,8998400000e+01, 6,9686533333e+03
 1500565200, 2,2500000000e+02, 1,8400000000e+02, 2,0000000000e+01, 1,8851466667e+01, 6,9972400000e+03
 1500565500, 2,2500000000e+02, 1,8234666667e+02, 2,1653333333e+01, 1,8809600000e+01, 7,0414666667e+03
 1500565800, 2,0933333333e+02, 1,6821333333e+02, 2,2000000000e+01, 1,8953200000e+01, 7,0017466667e+03
 1500566100, 2,0853333333e+02, 1,6512000000e+02, 2,3706666667e+01, 1,9237333333e+01, 6,9466666667e+03
 1500566400, 2,2113333333e+02, 1,7472000000e+02, 2,5546666667e+01, 1,9288666667e+01, 6,9775600000e+03
 1500566700, 2,2366666667e+02, 1,8256000000e+02, 2,4053333333e+01, 1,9352133333e+01, 6,9564800000e+03
 1500567000, 1,7500000000e+02, 1,3000000000e+02, 2,6000000000e+01, 1,9508400000e+01, 7,0694800000e+03
 1500567300, 1,9550000000e+02, 1,5460000000e+02, 2,2720000000e+01, 1,9526666667e+01, 6,9979666667e+03
 1500567600, 1,9060000000e+02, 1,4621333333e+02, 2,4506666667e+01, 1,9478933333e+01, 6,9862933333e+03
 1500567900, 1,9353333333e+02, 1,4738666667e+02, 2,4293333333e+01, 1,9365600000e+01, 6,9997733333e+03
 1500568200, 1,9933333333e+02, 1,5501333333e+02, 2,2000000000e+01, 1,9508133333e+01, 7,0040666667e+03
 1500568500, 1,8093333333e+02, 1,3922666667e+02, 2,2106666667e+01, 1,9535200000e+01, 6,9924266667e+03
 1500568800, 2,1500000000e+02, 1,8400000000e+02, 2,6000000000e+01, 1,9513600000e+01, 6,9858933333e+03
 1500569100, 1,9846666667e+02, 1,5920000000e+02, 2,1040000000e+01, 1,9624666667e+01, 7,0180933333e+03
 1500569400, 2,1380000000e+02, 1,7405333333e+02, 2,0000000000e+01, 1,9558133333e+01, 6,9673733333e+03
 1500569700, 2,1433333333e+02, 1,7490666667e+02, 2,0853333333e+01, 1,9361600000e+01, 7,0095333333e+03
 1500570000, 1,9660000000e+02, 1,5637333333e+02, 2,1546666667e+01, 1,9603200000e+01, 7,0128133333e+03
 1500570300, 1,8513333333e+02, 1,4517333333e+02, 2,0160000000e+01, 1,9584666667e+01, 6,9769866667e+03
 1500570600, 1,9000000000e+02, 1,8800000000e+02, 2,6000000000e+01, 1,9744266667e+01, 7,0064666667e+03
 1500570900, 2,2306666667e+02, 1,8800000000e+02, 2,2693333333e+01, 1,9838000000e+01, 6,9615333333e+03
 1500571200, 2,2686666667e+02, 1,8800000000e+02, 2,0746666667e+01, 1,9751733333e+01, 6,9479466667e+03
 1500571500, 2,1860000000e+02, 1,7776000000e+02, 2,1706666667e+01, 1,9611333333e+01, 7,0073733333e+03
 1500571800, 2,1000000000e+02, 1,6490666667e+02, 2,3546666667e+01, 1,9551200000e+01, 7,0943066667e+03
 1500572100, 2,1053333333e+02, 1,6736000000e+02, 2,1946666667e+01, 1,9583600000e+01, 6,9843866667e+03
 1500572400, 2,3000000000e+02, 1,4400000000e+02, 2,0000000000e+01, 1,9451600000e+01, 6,9942800000e+03
 1500572700, 2,2173333333e+02, 1,6714666667e+02, 2,4960000000e+01, 1,9377866667e+01, 6,9877200000e+03
 1500573000, 2,0433333333e+02, 1,5946666667e+02, 2,4746666667e+01, 1,9372400000e+01, 7,0381066667e+03
 1500573300, 2,0993333333e+02, 1,6650666667e+02, 2,4853333333e+01, 1,9324800000e+01, 6,9772533333e+03
 1500573600, 2,2093333333e+02, 1,7693333333e+02, 2,6000000000e+01, 1,9377466667e+01, 7,0200933333e+03
 1500573900, 1,9066666667e+02, 1,4664000000e+02, 2,6000000000e+01, 1,9167733333e+01, 7,0610000000e+03
 1500574200, 2,1500000000e+02, 1,7000000000e+02, 2,6000000000e+01, 1,9031466667e+01, 6,9837733333e+03
 1500574500, 2,1086666667e+02, 1,6669333333e+02, 2,2693333333e+01, 1,8722266667e+01, 7,0683733333e+03
 1500574800, 2,2253333333e+02, 1,7853333333e+02, 2,3253333333e+01, 1,8787333333e+01, 7,0784266667e+03
 1500575100, 2,0653333333e+02, 1,6552000000e+02, 2,2293333333e+01, 1,8920933333e+01, 7,0123066667e+03
 1500575400, 1,8633333333e+02, 1,4842666667e+02, 2,0000000000e+01, 1,9001466667e+01, 6,9918133333e+03
 1500575700, 2,2433333333e+02, 1,8330666667e+02, 2,0053333333e+01, 1,8970800000e+01, 6,9944533333e+03
 1500576000, 2,0000000000e+02, 1,5800000000e+02, 2,2000000000e+01, 1,9013600000e+01, 7,0252000000e+03
 1500576300, 2,2066666667e+02, 1,7784000000e+02, 2,2000000000e+01, 1,8984266667e+01, 6,9957466667e+03
 1500576600, 2,0306666667e+02, 1,6194666667e+02, 2,0746666667e+01, 1,9112933333e+01, 6,9612133333e+03
 1500576900, 2,0493333333e+02, 1,6536000000e+02, 2,0853333333e+01, 1,9174266667e+01, 6,9674666667e+03
 1500577200, 2,2613333333e+02, 1,8645333333e+02, 2,1546666667e+01, 1,9297333333e+01, 7,0051866667e+03
 1500577500, 2,2973333333e+02, 1,8773333333e+02, 2,0106666667e+01, 1,9601733333e+01, 6,9573600000e+03
 1500577800, 2,2000000000e+02, 1,7800000000e+02, 2,4000000000e+01, 1,9726533333e+01, 6,9975733333e+03
 1500578100, 2,3240000000e+02, 1,8626666667e+02, 2,5653333333e+01, 1,9726266667e+01, 6,9860266667e+03
 1500578400, 2,1620000000e+02, 1,7170666667e+02, 2,6000000000e+01, 1,9694000000e+01, 6,9958666667e+03
 1500578700, 2,1566666667e+02, 1,7394666667e+02, 2,4293333333e+01, 1,9744133333e+01, 7,0394666667e+03
 1500579000, 2,3113333333e+02, 1,8954666667e+02, 2,2906666667e+01, 1,9611866667e+01, 6,9470000000e+03
 1500579300, 2,3486666667e+02, 1,8789333333e+02, 2,6000000000e+01, 1,9506400000e+01, 7,0390400000e+03
 1500579600, 2,3000000000e+02, 1,8400000000e+02, 2,6000000000e+01, 1,9538533333e+01, 6,9720133333e+03
 1500579900, 1,9280000000e+02, 1,7738666667e+02, 2,6000000000e+01, 1,9465466667e+01, 6,9876133333e+03
 1500580200, 1,9126666667e+02, 1,6346666667e+02, 2,3493333333e+01, 1,9494000000e+01, 6,9853333333e+03
 1500580500, 1,9073333333e+02, 1,5088000000e+02, 2,1146666667e+01, 1,9380000000e+01, 7,0687200000e+03
 1500580800, 1,9520000000e+02, 1,5397333333e+02, 2,0453333333e+01, 1,9294533333e+01, 7,0361333333e+03
 1500581100, 2,2946666667e+02, 1,8757333333e+02, 2,2000000000e+01, 1,9219600000e+01, 7,0117466667e+03
 1500581400, 2,1000000000e+02, 1,7200000000e+02, 2,2000000000e+01, 1,9225333333e+01, 6,9754800000e+03
 1500581700, 1,9346666667e+02, 1,5216000000e+02, 2,2000000000e+01, 1,9147866667e+01, 7,0806133333e+03
 1500582000, 2,1506666667e+02, 1,7056000000e+02, 2,4506666667e+01, 1,9318400000e+01, 7,0141600000e+03
 1500582300, 2,2360000000e+02, 1,7888000000e+02, 2,6000000000e+01, 1,9214000000e+01, 7,0016533333e+03
 1500582600, 2,1953333333e+02, 1,7608000000e+02, 2,6453333333e+01, 1,9277733333e+01, 7,0242133333e+03
 1500582900, 2,3353333333e+02, 1,8872000000e+02, 2,7786666667e+01, 1,9438133333e+01, 6,9943600000e+03
 1500583200, 1,8000000000e+02, 1,4200000000e+02, 2,0000000000e+01, 1,9599066667e+01, 6,9770400000e+03
 1500583500, 2,2133333333e+02, 1,7837333333e+02, 2,1653333333e+01, 1,9530400000e+01, 7,0397733333e+03
 1500583800, 2,1433333333e+02, 1,7221333333e+02, 2,0746666667e+01, 1,9676000000e+01, 6,9763066667e+03
 1500584100, 2,0286666667e+02, 1,6144000000e+02, 2,0853333333e+01, 1,9644000000e+01, 7,0115200000e+03
 1500584400, 2,0113333333e+02, 1,5936000000e+02, 2,1546666667e+01, 1,9639066667e+01, 7,0099333333e+03
 1500584700, 2,0486666667e+02, 1,6394666667e+02, 2,0053333333e+01, 1,9555333333e+01, 7,0043466667e+03
 1500585000, 2,0000000000e+02, 1,6200000000e+02, 2,2000000000e+01, 1,9526666667e+01, 6,9983466667e+03
 1500585300, 2,2066666667e+02, 1,8018666667e+02, 2,3653333333e+01, 1,9518800000e+01, 7,0030266667e+03
 1500585600, 2,3126666667e+02, 1,8776000000e+02, 2,5253333333e+01, 1,9469333333e+01, 7,0193066667e+03
 1500585900, 2,3073333333e+02, 1,8744000000e+02, 2,5146666667e+01, 1,9234666667e+01, 6,9450933333e+03
 1500586200, 2,1820000000e+02, 1,7629333333e+02, 2,4000000000e+01, 1,9218800000e+01, 6,9596133333e+03
 1500586500, 1,9460000000e+02, 1,4957333333e+02, 2,4000000000e+01, 1,9283066667e+01, 7,0310266667e+03
 1500586800, 1,8000000000e+02, 1,3400000000e+02, 2,4000000000e+01, 1,9195466667e+01, 6,9985866667e+03
 1500587100, 2,2133333333e+02, 1,7698666667e+02, 2,5653333333e+01, 1,9092666667e+01, 6,9348800000e+03
 1500587400, 2,1746666667e+02, 1,7346666667e+02, 2,4746666667e+01, 1,8947866667e+01, 6,9834533333e+03
 1500587700, 2,0573333333e+02, 1,6258666667e+02, 2,3146666667e+01, 1,8881866667e+01, 6,9795600000e+03
 1500588000, 2,0566666667e+02, 1,6298666667e+02, 2,2906666667e+01, 1,8925866667e+01, 7,0401866667e+03
 1500588300, 2,2460000000e+02, 1,7973333333e+02, 2,5840000000e+01, 1,8988533333e+01, 7,0448666667e+03
 1500588600, 2,1000000000e+02, 1,7000000000e+02, 2,0000000000e+01, 1,9235333333e+01, 6,9766400000e+03
 1500588900, 2,0173333333e+02, 1,5842666667e+02, 2,3306666667e+01, 1,9259100000e+01, 7,0237400000e+03
 1500589200, 2,2193333333e+02, 1,7730666667e+02, 2,4000000000e+01, 1,9374666667e+01, 7,0281866667e+03
 1500589500, 2,2860000000e+02, 1,8402666667e+02, 2,4000000000e+01, 1,9449200000e+01, 7,0069333333e+03
 1500589800, 2,1773333333e+02, 1,7373333333e+02, 2,4000000000e+01, 1,9412000000e+01, 6,9457733333e+03
 1500590100, 2,1040000000e+02, 1,6637333333e+02, 2,4053333333e+01, 1,9439866667e+01, 7,0044400000e+03
 1500590400, 2,2500000000e+02, 1,8000000000e+02, 2,6000000000e+01, 1,9382533333e+01, 6,9661866667e+03
 1500590700, 2,2500000000e+02, 1,8330666667e+02, 2,4346666667e+01, 1,9460133333e+01, 6,9454133333e+03
 1500591000, 2,2500000000e+02, 1,8525333333e+02, 2,2746666667e+01, 1,9468533333e+01, 6,9825333333e+03
 1500591300, 2,1433333333e+02, 1,7405333333e+02, 2,1146666667e+01, 1,9474133333e+01, 6,9877466667e+03
 1500591600, 2,0680000000e+02, 1,6480000000e+02, 2,0906666667e+01, 1,9439600000e+01, 7,0065600000e+03
 1500591900, 2,3000000000e+02, 1,8784000000e+02, 2,4053333333e+01, 1,9431600000e+01, 6,9447733333e+03
 1500592200, 2,3000000000e+02, 1,8200000000e+02, 2,6000000000e+01, 1,9326266667e+01, 6,9994000000e+03
 1500592500, 1,8866666667e+02, 1,4893333333e+02, 2,2693333333e+01, 1,9278933333e+01, 7,0204666667e+03
 1500592800, 2,1446666667e+02, 1,7082666667e+02, 2,4506666667e+01, 1,9116533333e+01, 7,0338933333e+03
 1500593100, 2,2860000000e+02, 1,8458666667e+02, 2,4293333333e+01, 1,9244933333e+01, 6,9916933333e+03
 1500593400, 2,2226666667e+02, 1,8181333333e+02, 2,2000000000e+01, 1,9442000000e+01, 7,0164666667e+03
 1500593700, 2,2973333333e+02, 1,8768000000e+02, 2,2106666667e+01, 1,9540800000e+01, 7,0007200000e+03
 1500594000, 2,2000000000e+02, 1,7600000000e+02, 2,6000000000e+01, 1,9440033333e+01, 7,0288800000e+03
 1500594300, 2,0760000000e+02, 1,6277333333e+02, 2,4346666667e+01, 1,9415466667e+01, 7,0275733333e+03
 1500594600, 2,2380000000e+02, 1,7754666667e+02, 2,4000000000e+01, 1,9298400000e+01, 7,0027066667e+03
 1500594900, 2,3286666667e+02, 1,8800000000e+02, 2,4853333333e+01, 1,9284133333e+01, 6,9710400000e+03
 1500595200, 2,2886666667e+02, 1,8573333333e+02, 2,6000000000e+01, 1,9127466667e+01, 7,0370133333e+03
 1500595500, 2,2473333333e+02, 1,7789333333e+02, 2,5946666667e+01, 1,8961466667e+01, 6,9443600000e+03
 1500595800, 2,1500000000e+02, 1,7400000000e+02, 2,4000000000e+01, 1,8984133333e+01, 6,9691333333e+03
 1500596100, 2,1913333333e+02, 1,7400000000e+02, 2,5653333333e+01, 1,8986766667e+01, 7,0112833333e+03
 1500596400, 2,2626666667e+02, 1,8277333333e+02, 2,4746666667e+01, 1,9130933333e+01, 7,0008533333e+03
 1500596700, 2,2786666667e+02, 1,8373333333e+02, 2,4853333333e+01, 1,9112533333e+01, 7,0018800000e+03
 1500597000, 2,2726666667e+02, 1,8072000000e+02, 2,6000000000e+01, 1,9195600000e+01, 7,0449866667e+03
 1500597300, 2,3420000000e+02, 1,8936000000e+02, 2,5893333333e+01, 1,9193333333e+01, 7,0245066667e+03
 1500597600, 2,0500000000e+02, 1,6600000000e+02, 2,2000000000e+01, 1,9328933333e+01, 7,0091733333e+03
 1500597900, 2,0500000000e+02, 1,6104000000e+02, 2,5306666667e+01, 1,9441733333e+01, 6,9626266667e+03
 1500598200, 2,1753333333e+02, 1,7504000000e+02, 2,4746666667e+01, 1,9543666667e+01, 7,0380833333e+03
 1500598500, 2,2713333333e+02, 1,8570666667e+02, 2,4000000000e+01, 1,9610133333e+01, 6,9849333333e+03
 1500598800, 2,3000000000e+02, 1,8754666667e+02, 2,4000000000e+01, 1,9782000000e+01, 6,9459466667e+03
 1500599100, 2,3000000000e+02, 1,8600000000e+02, 2,4000000000e+01, 1,9706133333e+01, 7,0372133333e+03
 1500599400, 2,2940000000e+02, 1,8544000000e+02, 2,3920000000e+01, 1,9802266667e+01, 7,0285633333e+03
 1500599700, 2,0000000000e+02, 1,5800000000e+02, 2,0000000000e+01, 1,9568400000e+01, 7,0371066667e+03
 1500600000, 2,2480000000e+02, 1,8114666667e+02, 2,4960000000e+01, 1,9382800000e+01, 6,9950000000e+03
 1500600300, 2,2060000000e+02, 1,8098666667e+02, 2,2240000000e+01, 1,9125466667e+01, 6,9557733333e+03
 1500600600, 2,0646666667e+02, 1,6776000000e+02, 2,0853333333e+01, 1,9089233333e+01, 6,9699766667e+03
 1500600900, 1,9613333333e+02, 1,5490666667e+02, 2,2453333333e+01, 1,8968000000e+01, 6,9374266667e+03
 1500601200, 2,0066666667e+02, 1,5874666667e+02, 2,3893333333e+01, 1,9054133333e+01, 7,0958533333e+03
 1500601500, 2,2500000000e+02, 1,8600000000e+02, 2,0000000000e+01, 1,9114266667e+01, 7,0162933333e+03
 1500601800, 2,2500000000e+02, 1,8269333333e+02, 2,3306666667e+01, 1,9188533333e+01, 7,0209200000e+03
 1500602100, 2,2186666667e+02, 1,7949333333e+02, 2,2746666667e+01, 1,9300933333e+01, 7,0048133333e+03
 1500602400, 2,2000000000e+02, 1,7970666667e+02, 2,2000000000e+01, 1,9365200000e+01, 6,9920533333e+03
 1500602700, 2,1433333333e+02, 1,7610666667e+02, 2,1546666667e+01, 1,9295000000e+01, 6,9073933333e+03
 1500603000, 1,9406666667e+02, 1,5504000000e+02, 2,0000000000e+01, 1,9363333333e+01, 7,0036133333e+03
 1500603300, 1,6000000000e+02, 1,2000000000e+02, 2,0000000000e+01, 1,9216800000e+01, 6,9997733333e+03
 1500603600, 2,0960000000e+02, 1,6794666667e+02, 2,3306666667e+01, 1,9109600000e+01, 6,9866933333e+03
 1500603900, 2,2626666667e+02, 1,8176000000e+02, 2,5253333333e+01, 1,9062266667e+01, 7,0398533333e+03
 1500604200, 2,3000000000e+02, 1,8485333333e+02, 2,5146666667e+01, 1,8976400000e+01, 6,9837600000e+03
 1500604500, 2,3000000000e+02, 1,8554666667e+02, 2,4453333333e+01, 1,8967733333e+01, 7,0295333333e+03
 1500604800, 2,2826666667e+02, 1,8234666667e+02, 2,5946666667e+01, 1,9137733333e+01, 6,9709333333e+03
 1500605100, 1,6500000000e+02, 1,2200000000e+02, 2,4000000000e+01, 1,9371866667e+01, 7,0057466667e+03
 1500605400, 2,2286666667e+02, 1,7821333333e+02, 2,5653333333e+01, 1,9256933333e+01, 7,0079866667e+03
 1500605700, 2,2246666667e+02, 1,7746666667e+02, 2,6000000000e+01, 1,9218400000e+01, 6,9984166667e+03
 1500606000, 2,0646666667e+02, 1,6488000000e+02, 2,3440000000e+01, 1,9313600000e+01, 7,0363333333e+03
 1500606300, 1,9273333333e+02, 1,5528000000e+02, 2,0000000000e+01, 1,9220800000e+01, 7,0102266667e+03
 1500606600, 1,8606666667e+02, 1,4706666667e+02, 2,0000000000e+01, 1,9394666667e+01, 7,0184800000e+03
 1500606900, 2,2500000000e+02, 1,8600000000e+02, 2,0000000000e+01, 1,9356000000e+01, 7,0145666667e+03
 1500607200, 2,0433333333e+02, 1,6616000000e+02, 2,0000000000e+01, 1,9560266667e+01, 7,0300933333e+03
 1500607500, 1,8433333333e+02, 1,4445333333e+02, 2,0000000000e+01, 1,9305733333e+01, 7,0034800000e+03
 1500607800, 1,8140000000e+02, 1,4168000000e+02, 2,0000000000e+01, 1,9209466667e+01, 7,0326266667e+03
 1500608100, 1,9226666667e+02, 1,5336000000e+02, 2,0453333333e+01, 1,9221866667e+01, 6,9370133333e+03
 1500608400, 1,9973333333e+02, 1,5784000000e+02, 2,2000000000e+01, 1,9397600000e+01, 7,0090400000e+03
 1500608700, 1,9000000000e+02, 1,5200000000e+02, 2,2000000000e+01, 1,9321200000e+01, 6,9836533333e+03
 1500609000, 2,2306666667e+02, 1,7845333333e+02, 2,6960000000e+01, 1,9368800000e+01, 6,9469200000e+03
 1500609300, 2,3313333333e+02, 1,8650666667e+02, 2,6746666667e+01, 1,9433866667e+01, 7,0440533333e+03
 1500609600, 2,2220000000e+02, 1,7861333333e+02, 2,3440000000e+01, 1,9483733333e+01, 7,0450666667e+03
 1500609900, 2,0953333333e+02, 1,6872000000e+02, 2,1360000000e+01, 1,9529733333e+01, 6,9991333333e+03
 1500610200, 2,2460000000e+02, 1,7768000000e+02, 2,5893333333e+01, 1,9516533333e+01, 6,9642733333e+03
 1500610500, 2,1000000000e+02, 1,6600000000e+02, 2,2000000000e+01, 1,9383600000e+01, 7,0031733333e+03
 1500610800, 2,1000000000e+02, 1,6434666667e+02, 2,5306666667e+01, 1,9329733333e+01, 6,9787333333e+03
 1500611100, 2,0373333333e+02, 1,5898666667e+02, 2,4746666667e+01, 1,9538000000e+01, 7,0175466667e+03
 1500611400, 1,9146666667e+02, 1,4917333333e+02, 2,2293333333e+01, 1,9356666667e+01, 7,0290133333e+03
 1500611700, 1,9020000000e+02, 1,4861333333e+02, 2,1360000000e+01, 1,9278800000e+01, 6,9892933333e+03
 1500612000, 2,2433333333e+02, 1,7757333333e+02, 2,5893333333e+01, 1,9154266667e+01, 7,0132266667e+03
 1500612300, 2,0000000000e+02, 1,6200000000e+02, 2,2000000000e+01, 1,9320800000e+01, 6,9839200000e+03
 1500612600, 2,1653333333e+02, 1,7522666667e+02, 2,2000000000e+01, 1,9271066667e+01, 6,9941600000e+03
 1500612900, 2,1373333333e+02, 1,7424000000e+02, 2,2000000000e+01, 1,8996800000e+01, 6,9740933333e+03
 1500613200, 2,0360000000e+02, 1,6346666667e+02, 2,3706666667e+01, 1,8948800000e+01, 6,9782933333e+03
 1500613500, 1,9953333333e+02, 1,5744000000e+02, 2,4640000000e+01, 1,8959600000e+01, 7,0172400000e+03
 1500613800, 2,1540000000e+02, 1,7626666667e+02, 2,0053333333e+01, 1,9084133333e+01, 7,0517066667e+03
 1500614100, 2,3000000000e+02, 1,8600000000e+02, 2,2000000000e+01, 1,9208133333e+01, 6,9516000000e+03
 1500614400, 2,3000000000e+02, 1,8765333333e+02, 2,3653333333e+01, 1,9278400000e+01, 7,0275333333e+03
 1500614700, 2,0806666667e+02, 1,6293333333e+02, 2,5253333333e+01, 1,9172400000e+01, 6,9846933333e+03
 1500615000, 1,9713333333e+02, 1,4970666667e+02, 2,6000000000e+01, 1,9053200000e+01, 6,9698533333e+03
 1500615300, 1,9660000000e+02, 1,5018666667e+02, 2,5093333333e+01, 1,8950666667e+01, 7,0503466667e+03
 1500615600, 1,8513333333e+02, 1,4410666667e+02, 2,2000000000e+01, 1,8942933333e+01, 6,9774800000e+03
 1500615900, 1,9000000000e+02, 1,4800000000e+02, 2,2000000000e+01, 1,9167866667e+01, 6,9742800000e+03
 1500616200, 2,0240000000e+02, 1,5792000000e+02, 2,5306666667e+01, 1,9213066667e+01, 7,0012666667e+03
 1500616500, 1,9246666667e+02, 1,5122666667e+02, 2,3493333333e+01, 1,9203600000e+01, 6,9449600000e+03
 1500616800, 1,9353333333e+02, 1,5112000000e+02, 2,3706666667e+01, 1,9163066667e+01, 7,0061066667e+03
 1500617100, 2,0046666667e+02, 1,5392000000e+02, 2,6000000000e+01, 1,9158666667e+01, 7,0301333333e+03
 1500617400, 1,8580000000e+02, 1,4080000000e+02, 2,5946666667e+01, 1,9161200000e+01, 6,9907466667e+03
 1500617700, 2,1500000000e+02, 1,7000000000e+02, 2,4000000000e+01, 1,9125066667e+01, 6,9613866667e+03
 1500618000, 1,9433333333e+02, 1,5181333333e+02, 2,4000000000e+01, 1,9185200000e+01, 7,0172266667e+03
 1500618300, 2,1820000000e+02, 1,7432000000e+02, 2,5253333333e+01, 1,9098666667e+01, 7,0188400000e+03
 1500618600, 2,1793333333e+02, 1,7378666667e+02, 2,5146666667e+01, 1,9178666667e+01, 6,9499200000e+03
 1500618900, 1,9953333333e+02, 1,5789333333e+02, 2,3093333333e+01, 1,9193600000e+01, 7,0455866667e+03
 1500619200, 2,1526666667e+02, 1,7821333333e+02, 2,0053333333e+01, 1,9237466667e+01, 7,0036933333e+03
 1500619500, 2,2500000000e+02, 1,8600000000e+02, 2,2000000000e+01, 1,9263866667e+01, 6,9546000000e+03
 1500619800, 8,4466666667e+01, 5,3733333333e+01, 1,2080000000e+01, 1,6782000000e+01, 6,6429466667e+03
 1500620100, 5,5000000000e+01, 2,4746666667e+01, 1,0000000000e+01, 1,2160400000e+01, 6,6370000000e+03
 1500620400, 5,5000000000e+01, 2,4000000000e+01, 1,0000000000e+01, 8,8278666667e+00, 6,6368266667e+03
 1500620700, 5,5000000000e+01, 2,4000000000e+01, 1,0000000000e+01, 6,3966666667e+00, 6,6376266667e+03
 1500621000, 5,5000000000e+01, 2,4000000000e+01, 1,0000000000e+01, 4,6413333333e+00, 6,6382000000e+03
 1500621300, 5,5000000000e+01, 2,4000000000e+01, 1,0000000000e+01, 3,3677333333e+00, 6,6386266667e+03
 1500621600, 5,5000000000e+01, 2,4000000000e+01, 1,0000000000e+01, 2,4434666667e+00, 6,6393200000e+03
 1500621900, 5,5000000000e+01, 2,4000000000e+01, 1,0000000000e+01, 1,7733333333e+00, 6,6374533333e+03
 1500622200, -nan, 2,4000000000e+01, 1,0000000000e+01, 1,2976000000e+00, 6,6385466667e+03
 1500622500, -nan, 2,4000000000e+01, 1,0000000000e+01, 9,5226666667e-01, 6,6376533333e+03
 1500622800, -nan, 2,4000000000e+01, 1,0000000000e+01, 6,9440000000e-01, 6,6384000000e+03
 1500623100, -nan, 2,4000000000e+01, 1,0000000000e+01, 5,0773333333e-01, 6,6391733333e+03
 1500623400, -nan, 2,4000000000e+01, 1,0000000000e+01, 3,7106666667e-01, 6,6386533333e+03
 1500623700, -nan, 2,4000000000e+01, 1,0000000000e+01, 2,7586666667e-01, 6,6387733333e+03
 1500624000, -nan, 2,4000000000e+01, 1,0000000000e+01, 2,0866666667e-01, 6,6390000000e+03
 1500624300, -nan, -nan, 1,0000000000e+01, 1,5893333333e-01, 6,6386000000e+03
 1500624600, -nan, -nan, 1,0000000000e+01, 1,2546666667e-01, 6,6387733333e+03
 1500624900, -nan, -nan, 1,0000000000e+01, 1,2000000000e-01, 6,6388000000e+03
 1500625200, -nan, -nan, 1,0000000000e+01, 1,2400000000e-01, 6,6392266667e+03
 1500625500, -nan, -nan, 1,0000000000e+01, 1,2000000000e-01, 6,6383733333e+03
 1500625800, -nan, -nan, 1,0000000000e+01, 1,1000000000e-01, 6,6384000000e+03
 1500626100, -nan, -nan, -nan, 1,1973333333e-01, 6,6396266667e+03
 1500626400, -nan, -nan, -nan, -nan, -nan
 1500626700, -nan, -nan, -nan, -nan, -nan
 1500627000, -nan, -nan, -nan, -nan, -nan
 1500627300, -nan, -nan, -nan, -nan, -nan
