 Time, ttl_pwr, cpu_pwr, mem_pwr, cpu_load, mem_load
 1500441000, 5,5000000000e+01, 2,4280000000e+01, 1,0000000000e+01, 5,0000000000e-02, 7,6684000000e+03
 1500441300, 5,5000000000e+01, 2,6000000000e+01, 1,0000000000e+01, 5,0000000000e-02, 7,6684600000e+03
 1500441600, 5,5000000000e+01, 2,4120000000e+01, 1,0000000000e+01, 5,4000000000e-02, 7,6678000000e+03
 1500441900, 5,5000000000e+01, 2,4000000000e+01, 1,0000000000e+01, 5,0000000000e-02, 7,6677400000e+03
 1500442200, 5,5000000000e+01, 2,4000000000e+01, 1,0000000000e+01, 5,0000000000e-02, 7,6679400000e+03
 1500442500, 5,5000000000e+01, 2,4000000000e+01, 1,0000000000e+01, 5,0000000000e-02, 7,6687200000e+03
 1500442800, 5,5000000000e+01, 2,4000000000e+01, 1,0280000000e+01, 5,0000000000e-02, 7,6683400000e+03
 1500443100, 5,5000000000e+01, 2,4000000000e+01, 1,2000000000e+01, 5,0000000000e-02, 7,6690000000e+03
 1500443400, 5,5000000000e+01, 2,4000000000e+01, 1,0120000000e+01, 5,0000000000e-02, 7,6696000000e+03
 1500443700, 5,5000000000e+01, 2,4000000000e+01, 1,0000000000e+01, 5,0000000000e-02, 7,6682000000e+03
 1500444000, 5,5000000000e+01, 2,5080000000e+01, 1,1080000000e+01, 5,0000000000e-02, 7,6678800000e+03
 1500444300, 5,5000000000e+01, 2,5320000000e+01, 1,1320000000e+01, 5,0000000000e-02, 7,6692600000e+03
 1500444600, 5,5000000000e+01, 2,4000000000e+01, 1,0000000000e+01, 5,0000000000e-02, 7,6690000000e+03
 1500444900, 5,5000000000e+01, 2,4000000000e+01, 1,0000000000e+01, 5,0000000000e-02, 7,6686633333e+03
 1500445200, 5,5000000000e+01, 2,4000000000e+01, 1,0000000000e+01, 5,0000000000e-02, 7,6690000000e+03
 1500445500, 5,5000000000e+01, 2,5480000000e+01, 1,0000000000e+01, 5,0000000000e-02, 7,6690000000e+03
 1500445800, 5,5000000000e+01, 2,6000000000e+01, 1,1080000000e+01, 5,0000000000e-02, 7,6693400000e+03
 1500446100, 5,6700000000e+01, 2,6680000000e+01, 1,2000000000e+01, 5,0000000000e-02, 7,6700000000e+03
 1500446400, 5,9300000000e+01, 2,7440000000e+01, 1,2000000000e+01, 5,0000000000e-02, 7,6694000000e+03
 1500446700, 5,5000000000e+01, 2,4000000000e+01, 1,2000000000e+01, 5,0000000000e-02, 7,6682000000e+03
 1500447000, 5,5000000000e+01, 2,4000000000e+01, 1,0120000000e+01, 5,0000000000e-02, 7,6684600000e+03
 1500447300, 5,5000000000e+01, 2,4000000000e+01, 1,0000000000e+01, 5,0000000000e-02, 7,6688000000e+03
 1500447600, 5,5000000000e+01, 2,4000000000e+01, 1,0000000000e+01, 5,0000000000e-02, 7,6691400000e+03
 1500447900, 5,5000000000e+01, 2,4680000000e+01, 1,0680000000e+01, 5,2000000000e-02, 7,6688600000e+03
 1500448200, 5,5000000000e+01, 2,6000000000e+01, 1,1340000000e+01, 5,9400000000e-02, 7,6691100000e+03
 1500448500, 5,5000000000e+01, 2,6000000000e+01, 1,0000000000e+01, 5,2600000000e-02, 7,6690000000e+03
 1500448800, 5,5000000000e+01, 2,6000000000e+01, 1,0000000000e+01, 5,0000000000e-02, 7,6699400000e+03
 1500449100, 5,5000000000e+01, 2,6000000000e+01, 1,1880000000e+01, 5,5400000000e-02, 7,6699200000e+03
 1500449400, 5,5000000000e+01, 2,4520000000e+01, 1,2000000000e+01, 5,0600000000e-02, 7,6680800000e+03
 1500449700, 5,5000000000e+01, 2,4000000000e+01, 1,0920000000e+01, 5,0000000000e-02, 7,6680600000e+03
 1500450000, 9,5800000000e+01, 6,2080000000e+01, 1,3400000000e+01, 1,1862000000e+00, 1,1484540000e+04
 1500450300, 1,8130000000e+02, 1,4160000000e+02, 2,0280000000e+01, 4,4008000000e+00, 1,0639780000e+04
 1500450600, 2,2000000000e+02, 1,7600000000e+02, 2,2000000000e+01, 6,8804000000e+00, 1,2184280000e+04
 1500450900, 2,2000000000e+02, 1,7600000000e+02, 2,3880000000e+01, 8,1618000000e+00, 9,7713600000e+03
 1500451200, 9,7900000000e+01, 6,5000000000e+01, 1,3640000000e+01, 6,2798000000e+00, 7,6714000000e+03
 1500451500, 9,0100000000e+01, 5,4080000000e+01, 1,5400000000e+01, 5,6074000000e+00, 1,7803420000e+04
 1500451800, 1,5910000000e+02, 1,1676000000e+02, 2,1360000000e+01, 8,1854000000e+00, 2,5198380000e+04
 1500452100, 2,3710000000e+02, 1,9116000000e+02, 2,6800000000e+01, 1,0292600000e+01, 2,4847800000e+04
 1500452400, 2,5000000000e+02, 1,8600000000e+02, 4,4000000000e+01, 1,1888400000e+01, 2,1032000000e+04
 1500452700, 2,4060000000e+02, 1,9164000000e+02, 2,8960000000e+01, 1,2963600000e+01, 2,5224040000e+04
 1500453000, 2,4000000000e+02, 1,8756000000e+02, 3,2440000000e+01, 1,3736400000e+01, 2,4009000000e+04
 1500453300, 2,3730000000e+02, 1,8492000000e+02, 3,2920000000e+01, 1,4315800000e+01, 2,5221580000e+04
 1500453600, 2,3500000000e+02, 1,8536000000e+02, 3,1320000000e+01, 1,4778800000e+01, 2,3100140000e+04
 1500453900, 2,3570000000e+02, 1,8884000000e+02, 2,9720000000e+01, 1,5080800000e+01, 2,5253980000e+04
 1500454200, 2,4000000000e+02, 1,9400000000e+02, 2,8000000000e+01, 1,5343800000e+01, 2,5145820000e+04
 1500454500, 2,3530000000e+02, 1,9212000000e+02, 2,2360000000e+01, 1,5515000000e+01, 2,0823860000e+04
 1500454800, 2,2760000000e+02, 1,8460000000e+02, 2,3480000000e+01, 1,5602400000e+01, 2,0705780000e+04
 1500455100, 2,3040000000e+02, 1,8416000000e+02, 2,7240000000e+01, 1,5621800000e+01, 2,4867880000e+04
 1500455400, 2,4010000000e+02, 1,8600000000e+02, 3,4760000000e+01, 1,5649000000e+01, 2,5346100000e+04
 1500455700, 2,4860000000e+02, 1,8768000000e+02, 4,0920000000e+01, 1,5730000000e+01, 2,5579180000e+04
 1500456000, 2,4000000000e+02, 1,9800000000e+02, 2,2000000000e+01, 1,5806600000e+01, 2,1785960000e+04
 1500456300, 2,4000000000e+02, 1,8672000000e+02, 3,1400000000e+01, 1,5760800000e+01, 2,3731660000e+04
 1500456600, 2,2520000000e+02, 1,7860000000e+02, 2,6080000000e+01, 1,5760000000e+01, 2,2158480000e+04
 1500456900, 2,2270000000e+02, 1,7816000000e+02, 2,2920000000e+01, 1,5764600000e+01, 2,1422900000e+04
 1500457200, 2,3010000000e+02, 1,8476000000e+02, 2,3360000000e+01, 1,5742000000e+01, 2,1104540000e+04
 1500457500, 2,4070000000e+02, 1,9372000000e+02, 2,7120000000e+01, 1,5659200000e+01, 2,5184780000e+04
 1500457800, 2,4500000000e+02, 1,9200000000e+02, 3,4000000000e+01, 1,5721400000e+01, 2,1236680000e+04
 1500458100, 2,4030000000e+02, 1,9388000000e+02, 2,8360000000e+01, 1,5748000000e+01, 1,8421460000e+04
 1500458400, 2,3260000000e+02, 1,8808000000e+02, 2,3560000000e+01, 1,5803800000e+01, 2,5278240000e+04
 1500458700, 2,3270000000e+02, 1,8924000000e+02, 2,3080000000e+01, 1,5865600000e+01, 2,1529360000e+04
 1500459000, 2,3500000000e+02, 1,9200000000e+02, 2,4000000000e+01, 1,5908200000e+01, 2,5272480000e+04
 1500459300, 2,3780000000e+02, 1,9200000000e+02, 2,6520000000e+01, 1,5933600000e+01, 2,5022640000e+04
 1500459600, 2,5500000000e+02, 1,9200000000e+02, 4,2000000000e+01, 1,5924200000e+01, 2,1876400000e+04
 1500459900, 2,3620000000e+02, 1,8636000000e+02, 2,8840000000e+01, 1,5874200000e+01, 1,8539380000e+04
 1500460200, 2,3870000000e+02, 1,8896000000e+02, 2,8000000000e+01, 1,5845800000e+01, 2,4077220000e+04
 1500460500, 2,4000000000e+02, 1,9216000000e+02, 2,6920000000e+01, 1,5880200000e+01, 2,2623080000e+04
 1500460800, 2,4000000000e+02, 1,9128000000e+02, 2,8040000000e+01, 1,5757066667e+01, 2,0163403333e+04
 1500461100, 2,4000000000e+02, 1,8712000000e+02, 3,0880000000e+01, 1,5761400000e+01, 2,1176220000e+04
 1500461400, 2,4000000000e+02, 1,9400000000e+02, 2,4000000000e+01, 1,5774600000e+01, 2,4359120000e+04
 1500461700, 2,4000000000e+02, 1,9400000000e+02, 2,7760000000e+01, 1,5794000000e+01, 2,5214420000e+04
 1500462000, 2,4370000000e+02, 1,8956000000e+02, 3,3920000000e+01, 1,5593400000e+01, 1,7111660000e+04
 1500462300, 1,6130000000e+02, 1,1456000000e+02, 2,7360000000e+01, 1,2577000000e+01, 7,7564000000e+03
 1500462600, 9,0000000000e+01, 5,2000000000e+01, 2,0000000000e+01, 9,4226000000e+00, 7,8419800000e+03
 1500462900, 9,0000000000e+01, 5,2000000000e+01, 2,0000000000e+01, 7,1350000000e+00, 7,8618800000e+03
 1500463200, 9,0000000000e+01, 5,2000000000e+01, 2,0000000000e+01, 5,4832000000e+00, 7,8835400000e+03
 1500463500, 9,0000000000e+01, 5,2000000000e+01, 2,0000000000e+01, 4,4562000000e+00, 8,5484200000e+03
 1500463800, 1,6993333333e+02, 1,2030666667e+02, 2,8720000000e+01, 8,3131666667e+00, 1,1520883333e+04
 1500464100, 2,1350000000e+02, 1,6652000000e+02, 2,6600000000e+01, 1,3497800000e+01, 1,3313580000e+04
 1500464400, 2,3166666667e+02, 1,8866666667e+02, 2,4000000000e+01, 1,7874433333e+01, 2,0637923333e+04
 1500464700, 2,4500000000e+02, 1,9772666667e+02, 2,8000000000e+01, 2,1844033333e+01, 2,1005756667e+04
 1500465000, 2,4500000000e+02, 1,9600000000e+02, 2,8000000000e+01, 2,4727233333e+01, 2,1485463333e+04
 1500465300, 2,4500000000e+02, 1,9787333333e+02, 2,9873333333e+01, 2,6817866667e+01, 2,1856320000e+04
 1500465600, 2,4500000000e+02, 1,9800000000e+02, 2,8533333333e+01, 2,8317133333e+01, 2,1883823333e+04
 1500465900, 2,4500000000e+02, 1,9800000000e+02, 2,8000000000e+01, 2,9400400000e+01, 2,1878136667e+04
 1500466200, 2,4500000000e+02, 1,9733333333e+02, 2,8000000000e+01, 3,0251766667e+01, 2,1914616667e+04
 1500466500, 2,4500000000e+02, 1,9600000000e+02, 2,8000000000e+01, 3,0877933333e+01, 2,1917093333e+04
 1500466800, 2,4500000000e+02, 1,9600000000e+02, 2,8000000000e+01, 3,1330733333e+01, 2,1946916667e+04
 1500467100, 2,1700000000e+02, 1,7173333333e+02, 2,4266666667e+01, 3,1998266667e+01, 2,2081973333e+04
 1500467400, 2,0066666667e+02, 1,5280000000e+02, 2,6866666667e+01, 3,2677900000e+01, 2,2132296667e+04
 1500467700, 1,4266666667e+02, 9,6806666667e+01, 2,3813333333e+01, 3,3209933333e+01, 2,2065416667e+04
 1500468000, 1,0005000000e+02, 5,6040000000e+01, 2,0000000000e+01, 3,3563400000e+01, 2,2090783333e+04
 1500468300, 1,2440000000e+02, 7,5280000000e+01, 2,3360000000e+01, 3,3818866667e+01, 2,2079506667e+04
 1500468600, 2,3000000000e+02, 1,5800000000e+02, 4,8000000000e+01, 3,4003300000e+01, 2,1896690000e+04
 1500468900, 1,3235000000e+02, 8,9180000000e+01, 2,1960000000e+01, 3,4121566667e+01, 2,1860270000e+04
 1500469200, 1,7680000000e+02, 1,2988000000e+02, 2,4440000000e+01, 3,4089800000e+01, 2,1374383333e+04
 1500469500, 2,2433333333e+02, 1,7480000000e+02, 2,8133333333e+01, 3,3744833333e+01, 2,0784093333e+04
 1500469800, 2,4833333333e+02, 1,9866666667e+02, 2,9333333333e+01, 3,3170833333e+01, 2,1089200000e+04
 1500470100, 2,4500000000e+02, 1,9600000000e+02, 2,8000000000e+01, 3,2612033333e+01, 2,1267483333e+04
 1500470400, 2,4500000000e+02, 1,9600000000e+02, 2,8000000000e+01, 3,2150900000e+01, 1,9590500000e+04
 1500470700, 2,2626666667e+02, 1,8101333333e+02, 2,4253333333e+01, 3,0285133333e+01, 1,2492396667e+04
 1500471000, 2,2131666667e+02, 1,7852666667e+02, 2,2526666667e+01, 2,8178033333e+01, 1,2307430000e+04
 1500471300, 2,2268333333e+02, 1,7907333333e+02, 2,3073333333e+01, 2,6507733333e+01, 1,2154663333e+04
 1500471600, 2,2500000000e+02, 1,7932666667e+02, 2,4000000000e+01, 2,5062200000e+01, 1,1844393333e+04
 1500471900, 2,2440000000e+02, 1,7752000000e+02, 2,4240000000e+01, 2,3618733333e+01, 1,1469630000e+04
 1500472200, 2,2000000000e+02, 1,7400000000e+02, 2,6000000000e+01, 2,2293933333e+01, 1,1183953333e+04
 1500472500, 9,1200000000e+01, 4,8880000000e+01, 2,0480000000e+01, 2,1193966667e+01, 1,1260970000e+04
 1500472800, 7,6333333333e+01, 3,6533333333e+01, 1,8533333333e+01, 2,0384500000e+01, 1,1132493333e+04
 1500473100, 9,3550000000e+01, 5,1900000000e+01, 1,9060000000e+01, 1,9303766667e+01, 9,9155166667e+03
 1500473400, 9,1483333333e+01, 5,2533333333e+01, 1,6633333333e+01, 1,5768866667e+01, 7,6993933333e+03
 1500473700, 5,5000000000e+01, 2,6000000000e+01, 1,0000000000e+01, 1,1447600000e+01, 7,6439266667e+03
 1500474000, 5,5000000000e+01, 2,6000000000e+01, 1,0000000000e+01, 8,3056333333e+00, 7,6440000000e+03
 1500474300, 5,5000000000e+01, 2,4126666667e+01, 1,1873333333e+01, 6,0161333333e+00, 7,6445366667e+03
 1500474600, 5,5000000000e+01, 2,4000000000e+01, 1,0526666667e+01, 4,3880333333e+00, 7,6454733333e+03
 1500474900, 5,5000000000e+01, 2,4000000000e+01, 1,0000000000e+01, 3,1892333333e+00, 7,6471366667e+03
 1500475200, 5,5000000000e+01, 2,4673333333e+01, 1,0000000000e+01, 2,3175000000e+00, 7,6489366667e+03
 1500475500, 5,5000000000e+01, 2,5726666667e+01, 1,0000000000e+01, 1,6955666667e+00, 7,6477366667e+03
 1500475800, 5,5000000000e+01, 2,4000000000e+01, 1,0000000000e+01, 1,2347000000e+00, 7,6475900000e+03
 1500476100, 5,5000000000e+01, 2,4000000000e+01, 1,0000000000e+01, 9,1173333333e-01, 7,6469366667e+03
 1500476400, 5,5000000000e+01, 2,4000000000e+01, 1,0000000000e+01, 6,7130000000e-01, 7,6479366667e+03
 1500476700, 5,5000000000e+01, 2,4000000000e+01, 1,0000000000e+01, 4,9486666667e-01, 7,6478000000e+03
 1500477000, 5,5000000000e+01, 2,4000000000e+01, 1,0000000000e+01, 3,8096666667e-01, 7,6486000000e+03
 1500477300, 5,5000000000e+01, 2,4000000000e+01, 1,0000000000e+01, 2,8506666667e-01, 7,6476633333e+03
 1500477600, 5,5000000000e+01, 2,4000000000e+01, 1,0000000000e+01, 2,1243333333e-01, 7,6483366667e+03
 1500477900, 5,5000000000e+01, 2,4000000000e+01, 1,0000000000e+01, 1,6453333333e-01, 7,6486633333e+03
 1500478200, 5,5000000000e+01, 2,4000000000e+01, 1,0000000000e+01, 1,3200000000e-01, 7,6485766667e+03
 1500478500, 6,0366666667e+01, 2,8293333333e+01, 1,3220000000e+01, 2,8890000000e-01, 7,6548533333e+03
 1500478800, 6,5000000000e+01, 3,2000000000e+01, 1,6000000000e+01, 5,2333333333e-01, 7,6546633333e+03
 1500479100, 6,5683333333e+01, 3,2273333333e+01, 1,6273333333e+01, 6,9250000000e-01, 7,6534000000e+03
 1500479400, 7,0000000000e+01, 3,4000000000e+01, 1,8000000000e+01, 8,3240000000e-01, 7,6528633333e+03
 1500479700, 6,5316666667e+01, 3,2126666667e+01, 1,6126666667e+01, 9,1556666667e-01, 7,6533366667e+03
 1500480000, 6,8683333333e+01, 3,4946666667e+01, 1,7473333333e+01, 9,9020000000e-01, 7,6533266667e+03
 1500480300, 6,4633333333e+01, 3,2780000000e+01, 1,5853333333e+01, 1,0281000000e+00, 7,6540733333e+03
 1500480600, 6,1683333333e+01, 3,0000000000e+01, 1,4000000000e+01, 1,0521000000e+00, 7,6535366667e+03
 1500480900, 6,5000000000e+01, 3,0273333333e+01, 1,4273333333e+01, 1,0801000000e+00, 7,6548733333e+03
 1500481200, 6,5000000000e+01, 3,2000000000e+01, 1,6000000000e+01, 1,1073666667e+00, 7,6533066667e+03
 1500481500, 6,5000000000e+01, 3,0126666667e+01, 1,6000000000e+01, 1,1046333333e+00, 7,6521266667e+03
 1500481800, 6,5000000000e+01, 3,1473333333e+01, 1,6000000000e+01, 1,0926333333e+00, 7,6522000000e+03
 1500482100, 5,9633333333e+01, 2,8780000000e+01, 1,3853333333e+01, 1,0940000000e+00, 7,6524000000e+03
 1500482400, 5,8366666667e+01, 2,7346666667e+01, 1,2673333333e+01, 1,0886333333e+00, 7,6538100000e+03
 1500482700, 6,5000000000e+01, 3,0000000000e+01, 1,4000000000e+01, 1,0786333333e+00, 7,6548733333e+03
 1500483000, 6,5000000000e+01, 3,0000000000e+01, 1,4000000000e+01, 1,0760000000e+00, 7,6564633333e+03
 1500483300, 6,5000000000e+01, 3,0000000000e+01, 1,4000000000e+01, 1,0813666667e+00, 7,6558633333e+03
 1500483600, 6,5000000000e+01, 3,1473333333e+01, 1,5473333333e+01, 1,0893666667e+00, 7,6554633333e+03
 1500483900, 5,9633333333e+01, 2,8780000000e+01, 1,3853333333e+01, 1,0973666667e+00, 7,6557366667e+03
 1500484200, 5,8366666667e+01, 2,8020000000e+01, 1,3346666667e+01, 1,0986333333e+00, 7,6540633333e+03
 1500484500, 6,5683333333e+01, 3,2000000000e+01, 1,6000000000e+01, 1,0960000000e+00, 7,6541366667e+03
 1500484800, 7,0000000000e+01, 3,2000000000e+01, 1,6000000000e+01, 1,1067333333e+00, 7,6546000000e+03
 1500485100, 6,5316666667e+01, 3,3873333333e+01, 1,4126666667e+01, 1,1173666667e+00, 7,6550000000e+03
 1500485400, 6,8683333333e+01, 3,5473333333e+01, 1,6946666667e+01, 1,1341000000e+00, 7,6554100000e+03
 1500485700, 6,4633333333e+01, 3,1706666667e+01, 1,4780000000e+01, 1,1319000000e+00, 7,6564633333e+03
 1500486000, 5,8316666667e+01, 2,7326666667e+01, 1,1326666667e+01, 1,0514000000e+00, 7,6600000000e+03
 1500486300, 5,5000000000e+01, 2,5726666667e+01, 1,0000000000e+01, 7,9783333333e-01, 7,6569366667e+03
 1500486600, 5,5000000000e+01, 2,4000000000e+01, 1,0000000000e+01, 5,9140000000e-01, 7,6565266667e+03
 1500486900, 5,5000000000e+01, 2,5873333333e+01, 1,0000000000e+01, 4,5496666667e-01, 7,6584100000e+03
 1500487200, 5,5000000000e+01, 2,4526666667e+01, 1,0000000000e+01, 3,4833333333e-01, 7,6586100000e+03
 1500487500, 5,5000000000e+01, 2,5073333333e+01, 1,1073333333e+01, 2,6243333333e-01, 7,6591266667e+03
 1500487800, 5,5000000000e+01, 2,6000000000e+01, 1,2000000000e+01, 2,0653333333e-01, 7,6590033333e+03
 1500488100, 5,5000000000e+01, 2,5733333333e+01, 1,1733333333e+01, 1,6990000000e-01, 7,6599333333e+03
 1500488400, 5,5000000000e+01, 2,4000000000e+01, 1,0000000000e+01, 1,3990000000e-01, 7,6595266667e+03
 1500488700, 5,5000000000e+01, 2,5873333333e+01, 1,1873333333e+01, 1,1526666667e-01, 7,6596733333e+03
 1500489000, 5,5000000000e+01, 2,4526666667e+01, 1,0526666667e+01, 1,0126666667e-01, 7,6598000000e+03
 1500489300, 5,5000000000e+01, 2,4000000000e+01, 1,0000000000e+01, 8,9366666667e-02, 7,6596633333e+03
 1500489600, 5,6683333333e+01, 2,5346666667e+01, 1,1346666667e+01, 8,3266666667e-02, 7,6598000000e+03
 1500489900, 5,9316666667e+01, 2,7453333333e+01, 1,3453333333e+01, 7,5266666667e-02, 7,6608000000e+03
 1500490200, 5,5000000000e+01, 2,4000000000e+01, 1,0000000000e+01, 5,4633333333e-02, 7,6602733333e+03
 1500490500, 5,5000000000e+01, 2,4000000000e+01, 1,0000000000e+01, 5,0000000000e-02, 7,6586533333e+03
 1500490800, 5,5000000000e+01, 2,4000000000e+01, 1,0000000000e+01, 5,0000000000e-02, 7,6591466667e+03
 1500491100, 5,5000000000e+01, 2,5073333333e+01, 1,0000000000e+01, 5,0000000000e-02, 7,6593266667e+03
 1500491400, 5,5000000000e+01, 2,5326666667e+01, 1,0000000000e+01, 5,0000000000e-02, 7,6588000000e+03
 1500491700, 5,5000000000e+01, 2,4000000000e+01, 1,0000000000e+01, 6,0700000000e-02, 7,6595300000e+03
 1500492000, 5,5000000000e+01, 2,4000000000e+01, 1,0000000000e+01, 6,1266666667e-02, 7,6594000000e+03
 1500492300, 5,5000000000e+01, 2,4000000000e+01, 1,0000000000e+01, 5,0000000000e-02, 7,6600633333e+03
 1500492600, 5,5000000000e+01, 2,4000000000e+01, 1,0000000000e+01, 5,0000000000e-02, 7,6599366667e+03
 1500492900, 5,5000000000e+01, 2,4000000000e+01, 1,1073333333e+01, 5,0000000000e-02, 7,6592000000e+03
 1500493200, 5,5000000000e+01, 2,4000000000e+01, 1,2000000000e+01, 5,2000000000e-02, 7,6595366667e+03
 1500493500, 5,5000000000e+01, 2,4000000000e+01, 1,1726666667e+01, 5,1366666667e-02, 7,6592633333e+03
 1500493800, 5,5000000000e+01, 2,4000000000e+01, 1,0000000000e+01, 5,0633333333e-02, 7,6590000000e+03
 1500494100, 5,5000000000e+01, 2,4000000000e+01, 1,0000000000e+01, 5,0000000000e-02, 7,6584000000e+03
 1500494400, 5,5000000000e+01, 2,5473333333e+01, 1,1473333333e+01, 5,0000000000e-02, 7,6588733333e+03
 1500494700, 5,5000000000e+01, 2,4926666667e+01, 1,2000000000e+01, 5,3366666667e-02, 7,6595366667e+03
 1500495000, 5,5000000000e+01, 2,4673333333e+01, 1,1326666667e+01, 5,0633333333e-02, 7,6595366667e+03
 1500495300, 5,5000000000e+01, 2,6000000000e+01, 1,0000000000e+01, 5,0000000000e-02, 7,6600633333e+03
 1500495600, 5,5000000000e+01, 2,6000000000e+01, 1,0000000000e+01, 5,0000000000e-02, 7,6598733333e+03
 1500495900, 5,5000000000e+01, 2,6000000000e+01, 1,0000000000e+01, 5,0000000000e-02, 7,6586433333e+03
 1500496200, 5,5000000000e+01, 2,4533333333e+01, 1,0000000000e+01, 5,0000000000e-02, 7,6584066667e+03
 1500496500, 5,5000000000e+01, 2,4000000000e+01, 1,0000000000e+01, 5,0000000000e-02, 7,6571266667e+03
 1500496800, 5,5000000000e+01, 2,4000000000e+01, 1,0673333333e+01, 5,0000000000e-02, 7,6576733333e+03
 1500497100, 5,5000000000e+01, 2,4000000000e+01, 1,1726666667e+01, 5,0000000000e-02, 7,6589366667e+03
 1500497400, 5,5000000000e+01, 2,4000000000e+01, 1,0000000000e+01, 5,0000000000e-02, 7,6586633333e+03
 1500497700, 5,5000000000e+01, 2,4000000000e+01, 1,0000000000e+01, 5,0000000000e-02, 7,6588000000e+03
 1500498000, 5,5000000000e+01, 2,4000000000e+01, 1,0000000000e+01, 6,2733333333e-02, 7,6592733333e+03
 1500498300, 5,5000000000e+01, 2,4000000000e+01, 1,0000000000e+01, 6,2633333333e-02, 7,6593266667e+03
 1500498600, 5,5000000000e+01, 2,4673333333e+01, 1,0000000000e+01, 5,4633333333e-02, 7,6597366667e+03
 1500498900, 5,5000000000e+01, 2,5726666667e+01, 1,0000000000e+01, 5,1366666667e-02, 7,6586633333e+03
 1500499200, 5,5000000000e+01, 2,4000000000e+01, 1,0000000000e+01, 5,8633333333e-02, 7,6591366667e+03
 1500499500, 5,5000000000e+01, 2,4000000000e+01, 1,0000000000e+01, 5,0000000000e-02, 7,6595366667e+03
 1500499800, 5,5000000000e+01, 2,4000000000e+01, 1,0000000000e+01, 5,4000000000e-02, 7,6592633333e+03
 1500500100, 5,5000000000e+01, 2,4000000000e+01, 1,0000000000e+01, 5,0000000000e-02, 7,6599366667e+03
 1500500400, 5,5000000000e+01, 2,4000000000e+01, 1,0000000000e+01, 5,0000000000e-02, 7,6605366667e+03
 1500500700, 5,5000000000e+01, 2,4000000000e+01, 1,0000000000e+01, 5,0000000000e-02, 7,6601266667e+03
 1500501000, 5,5000000000e+01, 2,4000000000e+01, 1,0000000000e+01, 5,1366666667e-02, 7,6592633333e+03
 1500501300, 5,5000000000e+01, 2,4000000000e+01, 1,0000000000e+01, 5,2633333333e-02, 7,6596000000e+03
 1500501600, 5,5000000000e+01, 2,4000000000e+01, 1,0000000000e+01, 5,0000000000e-02, 7,6600733333e+03
 1500501900, 5,5000000000e+01, 2,4000000000e+01, 1,0000000000e+01, 5,0000000000e-02, 7,6585266667e+03
 1500502200, 5,5000000000e+01, 2,4000000000e+01, 1,0000000000e+01, 5,0000000000e-02, 7,6596100000e+03
 1500502500, 5,5000000000e+01, 2,4000000000e+01, 1,0000000000e+01, 5,2000000000e-02, 7,6602633333e+03
 1500502800, 5,5000000000e+01, 2,4000000000e+01, 1,0000000000e+01, 5,2000000000e-02, 7,6598733333e+03
 1500503100, 5,5000000000e+01, 2,4000000000e+01, 1,0000000000e+01, 5,0000000000e-02, 7,6609900000e+03
 1500503400, 5,5000000000e+01, 2,5473333333e+01, 1,1473333333e+01, 5,0000000000e-02, 7,6606000000e+03
 1500503700, 5,5000000000e+01, 2,4933333333e+01, 1,0933333333e+01, 5,0000000000e-02, 7,6604633333e+03
 1500504000, 5,5000000000e+01, 2,4000000000e+01, 1,0673333333e+01, 5,1366666667e-02, 7,6602633333e+03
 1500504300, 5,5000000000e+01, 2,4000000000e+01, 1,1726666667e+01, 6,0000000000e-02, 7,6611133333e+03
 1500504600, 5,5000000000e+01, 2,4000000000e+01, 1,0000000000e+01, 6,0000000000e-02, 7,6605900000e+03
 1500504900, 5,5000000000e+01, 2,4000000000e+01, 1,0000000000e+01, 5,2633333333e-02, 7,6586000000e+03
 1500505200, 5,8683333333e+01, 2,8420000000e+01, 1,2946666667e+01, 5,0000000000e-02, 7,6592733333e+03
 1500505500, 5,7316666667e+01, 2,6780000000e+01, 1,1853333333e+01, 5,0000000000e-02, 7,6596633333e+03
 1500505800, 5,6683333333e+01, 2,6693333333e+01, 1,0673333333e+01, 5,8733333333e-02, 7,6592633333e+03
 1500506100, 5,9316666667e+01, 3,0906666667e+01, 1,1726666667e+01, 6,8633333333e-02, 7,6602100000e+03
 1500506400, 5,5000000000e+01, 2,4000000000e+01, 1,0000000000e+01, 5,2633333333e-02, 7,6605266667e+03
 1500506700, 5,5000000000e+01, 2,5873333333e+01, 1,1873333333e+01, 5,0000000000e-02, 7,6599366667e+03
 1500507000, 5,5000000000e+01, 2,6000000000e+01, 1,2000000000e+01, 5,4000000000e-02, 7,6607933333e+03
 1500507300, 5,5000000000e+01, 2,6000000000e+01, 1,0926666667e+01, 5,0000000000e-02, 7,6607366667e+03
 1500507600, 6,0050000000e+01, 2,9366666667e+01, 1,1346666667e+01, 5,4000000000e-02, 7,6598633333e+03
 1500507900, 6,7950000000e+01, 3,4360000000e+01, 1,3453333333e+01, 5,0000000000e-02, 7,6601366667e+03
 1500508200, 5,5000000000e+01, 2,4000000000e+01, 1,0000000000e+01, 5,0000000000e-02, 7,6605366667e+03
 1500508500, 6,9050000000e+01, 3,3366666667e+01, 1,7493333333e+01, 5,0000000000e-02, 7,6604000000e+03
 1500508800, 5,8950000000e+01, 2,6633333333e+01, 1,2106666667e+01, 5,0000000000e-02, 7,6594633333e+03
 1500509100, 5,5000000000e+01, 2,4000000000e+01, 1,1073333333e+01, 5,0000000000e-02, 7,6600733333e+03
 1500509400, 5,5000000000e+01, 2,4000000000e+01, 1,1333333333e+01, 5,0000000000e-02, 7,6599933333e+03
 1500509700, 5,5000000000e+01, 2,4000000000e+01, 1,0000000000e+01, 5,0000000000e-02, 7,6601366667e+03
 1500510000, 5,5000000000e+01, 2,4000000000e+01, 1,0000000000e+01, 5,0000000000e-02, 7,6607366667e+03
 1500510300, 5,5000000000e+01, 2,9620000000e+01, 1,1873333333e+01, 5,3366666667e-02, 7,6615366667e+03
 1500510600, 5,5000000000e+01, 2,5580000000e+01, 1,0526666667e+01, 5,0633333333e-02, 7,6609133333e+03
 1500510900, 5,5000000000e+01, 2,4000000000e+01, 1,1073333333e+01, 5,0000000000e-02, 7,6599266667e+03
 1500511200, 5,5000000000e+01, 2,4000000000e+01, 1,2000000000e+01, 5,0000000000e-02, 7,6590633333e+03
 1500511500, 5,5000000000e+01, 2,4273333333e+01, 1,1726666667e+01, 5,0000000000e-02, 7,6586733333e+03
 1500511800, 5,5000000000e+01, 2,6000000000e+01, 1,0000000000e+01, 5,2733333333e-02, 7,6588633333e+03
 1500512100, 5,5000000000e+01, 2,4126666667e+01, 1,0000000000e+01, 6,1266666667e-02, 7,6598000000e+03
 1500512400, 5,5000000000e+01, 2,4000000000e+01, 1,1473333333e+01, 5,2000000000e-02, 7,6592000000e+03
 1500512700, 5,5000000000e+01, 2,4000000000e+01, 1,0926666667e+01, 5,0000000000e-02, 7,6603366667e+03
 1500513000, 5,5000000000e+01, 2,4000000000e+01, 1,0000000000e+01, 5,0000000000e-02, 7,6604633333e+03
 1500513300, 5,5000000000e+01, 2,4000000000e+01, 1,0000000000e+01, 5,0000000000e-02, 7,6609366667e+03
 1500513600, 5,5000000000e+01, 2,4000000000e+01, 1,0000000000e+01, 5,4000000000e-02, 7,6596000000e+03
 1500513900, 5,5000000000e+01, 2,4000000000e+01, 1,0000000000e+01, 5,0000000000e-02, 7,6598633333e+03
 1500514200, 5,5000000000e+01, 2,5473333333e+01, 1,1473333333e+01, 5,0000000000e-02, 7,6602733333e+03
 1500514500, 5,5000000000e+01, 2,4926666667e+01, 1,0926666667e+01, 5,2000000000e-02, 7,6604633333e+03
 1500514800, 5,5000000000e+01, 2,4000000000e+01, 1,0000000000e+01, 5,0000000000e-02, 7,6602000000e+03
 1500515100, 5,5000000000e+01, 2,4000000000e+01, 1,0000000000e+01, 5,0000000000e-02, 7,6604000000e+03
 1500515400, 5,5000000000e+01, 2,4000000000e+01, 1,0000000000e+01, 5,2000000000e-02, 7,6608000000e+03
 1500515700, 5,5000000000e+01, 2,4000000000e+01, 1,1873333333e+01, 5,0000000000e-02, 7,6616000000e+03
 1500516000, 5,5000000000e+01, 2,5473333333e+01, 1,0526666667e+01, 5,0000000000e-02, 7,6610633333e+03
 1500516300, 5,5000000000e+01, 2,4926666667e+01, 1,0000000000e+01, 5,0000000000e-02, 7,6609366667e+03
 1500516600, 5,5000000000e+01, 2,4000000000e+01, 1,0000000000e+01, 5,3366666667e-02, 7,6594666667e+03
 1500516900, 5,5000000000e+01, 2,4000000000e+01, 1,0000000000e+01, 6,6000000000e-02, 7,6588633333e+03
 1500517200, 5,5000000000e+01, 2,4000000000e+01, 1,0000000000e+01, 5,4633333333e-02, 7,6588733333e+03
 1500517500, 5,5000000000e+01, 2,4000000000e+01, 1,0000000000e+01, 5,0000000000e-02, 7,6596633333e+03
 1500517800, 5,5000000000e+01, 2,4000000000e+01, 1,0000000000e+01, 5,1366666667e-02, 7,6595366667e+03
 1500518100, 5,5000000000e+01, 2,4000000000e+01, 1,0000000000e+01, 5,0633333333e-02, 7,6600633333e+03
 1500518400, 5,5000000000e+01, 2,4000000000e+01, 1,0000000000e+01, 5,0000000000e-02, 7,6594000000e+03
 1500518700, 5,5000000000e+01, 2,4000000000e+01, 1,0000000000e+01, 5,2000000000e-02, 7,6602100000e+03
 1500519000, 5,5000000000e+01, 2,4000000000e+01, 1,0000000000e+01, 5,2000000000e-02, 7,6607266667e+03
 1500519300, 5,5000000000e+01, 2,4000000000e+01, 1,1873333333e+01, 5,0000000000e-02, 7,6594000000e+03
 1500519600, 5,5000000000e+01, 2,4000000000e+01, 1,0526666667e+01, 5,0000000000e-02, 7,6590633333e+03
 1500519900, 5,5000000000e+01, 2,5073333333e+01, 1,0000000000e+01, 5,0000000000e-02, 7,6590000000e+03
 1500520200, 5,5000000000e+01, 2,5326666667e+01, 1,0000000000e+01, 5,0000000000e-02, 7,6604733333e+03
 1500520500, 5,5000000000e+01, 2,4000000000e+01, 1,0000000000e+01, 5,0000000000e-02, 7,6604000000e+03
 1500520800, 5,5000000000e+01, 2,4000000000e+01, 1,0000000000e+01, 5,0000000000e-02, 7,6599266667e+03
 1500521100, 5,5000000000e+01, 2,5873333333e+01, 1,0000000000e+01, 5,0000000000e-02, 7,6602733333e+03
 1500521400, 5,5000000000e+01, 2,4526666667e+01, 1,0000000000e+01, 5,0000000000e-02, 7,6608000000e+03
 1500521700, 5,5000000000e+01, 2,5073333333e+01, 1,0000000000e+01, 5,0000000000e-02, 7,6614000000e+03
 1500522000, 5,5000000000e+01, 2,6000000000e+01, 1,0000000000e+01, 5,0000000000e-02, 7,6606000000e+03
 1500522300, 5,5000000000e+01, 2,6000000000e+01, 1,0273333333e+01, 5,0000000000e-02, 7,6596000000e+03
 1500522600, 5,5000000000e+01, 2,6000000000e+01, 1,2000000000e+01, 5,0000000000e-02, 7,6602733333e+03
 1500522900, 5,5000000000e+01, 2,6000000000e+01, 1,0126666667e+01, 5,0000000000e-02, 7,6607266667e+03
 1500523200, 5,5000000000e+01, 2,4526666667e+01, 1,0000000000e+01, 5,0000000000e-02, 7,6602733333e+03
 1500523500, 5,5000000000e+01, 2,5073333333e+01, 1,1073333333e+01, 5,0000000000e-02, 7,6614000000e+03
 1500523800, 5,5000000000e+01, 2,5326666667e+01, 1,1326666667e+01, 5,0000000000e-02, 7,6611366667e+03
 1500524100, 5,5000000000e+01, 2,4273333333e+01, 1,0000000000e+01, 5,0000000000e-02, 7,6614000000e+03
 1500524400, 5,5000000000e+01, 2,6000000000e+01, 1,0000000000e+01, 5,0000000000e-02, 7,6616000000e+03
 1500524700, 5,5000000000e+01, 2,6000000000e+01, 1,1873333333e+01, 5,3366666667e-02, 7,6605433333e+03
 1500525000, 5,5000000000e+01, 2,4526666667e+01, 1,0526666667e+01, 5,0633333333e-02, 7,6610733333e+03
 1500525300, 5,5000000000e+01, 2,5073333333e+01, 1,0000000000e+01, 5,0000000000e-02, 7,6605800000e+03
 1500525600, 5,6683333333e+01, 2,8020000000e+01, 1,0000000000e+01, 5,0000000000e-02, 7,6606633333e+03
 1500525900, 5,9316666667e+01, 3,0906666667e+01, 1,0000000000e+01, 5,0000000000e-02, 7,6612733333e+03
 1500526200, 5,5000000000e+01, 2,4000000000e+01, 1,0000000000e+01, 5,0000000000e-02, 7,6610633333e+03
 1500526500, 5,5000000000e+01, 2,4000000000e+01, 1,0000000000e+01, 5,0000000000e-02, 7,6601900000e+03
 1500526800, 5,5000000000e+01, 2,4000000000e+01, 1,0000000000e+01, 5,0000000000e-02, 7,6604100000e+03
 1500527100, 5,5000000000e+01, 2,4000000000e+01, 1,0000000000e+01, 5,0000000000e-02, 7,6606633333e+03
 1500527400, 5,6683333333e+01, 2,5346666667e+01, 1,1346666667e+01, 5,0000000000e-02, 7,6607333333e+03
 1500527700, 5,9316666667e+01, 2,7726666667e+01, 1,3453333333e+01, 5,0000000000e-02, 7,6612633333e+03
 1500528000, 5,5000000000e+01, 2,6000000000e+01, 1,0000000000e+01, 5,0000000000e-02, 7,6618000000e+03
 1500528300, 5,5000000000e+01, 2,4126666667e+01, 1,0000000000e+01, 5,0000000000e-02, 7,6596000000e+03
 1500528600, 5,1316666667e+01, 2,4000000000e+01, 1,0000000000e+01, 5,0000000000e-02, 7,6593266667e+03
 1500528900, 5,2683333333e+01, 2,4000000000e+01, 1,1073333333e+01, 5,0000000000e-02, 7,6598100000e+03
 1500529200, 5,5000000000e+01, 2,4000000000e+01, 1,1326666667e+01, 5,0000000000e-02, 7,6605266667e+03
 1500529500, 5,5000000000e+01, 2,4000000000e+01, 1,0000000000e+01, 5,0000000000e-02, 7,6599366667e+03
 1500529800, 5,5000000000e+01, 2,4000000000e+01, 1,0000000000e+01, 5,0000000000e-02, 7,6600000000e+03
 1500530100, 5,5000000000e+01, 2,5873333333e+01, 1,0000000000e+01, 5,0000000000e-02, 7,6608633333e+03
 1500530400, 5,5000000000e+01, 2,4526666667e+01, 1,0000000000e+01, 5,0000000000e-02, 7,6615466667e+03
 1500530700, 5,5000000000e+01, 2,4000000000e+01, 1,1073333333e+01, 5,2000000000e-02, 7,6619900000e+03
 1500531000, 5,5000000000e+01, 2,4673333333e+01, 1,1326666667e+01, 5,0000000000e-02, 7,6614000000e+03
 1500531300, 5,5000000000e+01, 2,5726666667e+01, 1,0273333333e+01, 5,4000000000e-02, 7,6614100000e+03
 1500531600, 5,5000000000e+01, 2,4000000000e+01, 1,2000000000e+01, 5,0000000000e-02, 7,6628000000e+03
 1500531900, 5,5000000000e+01, 2,4000000000e+01, 1,0126666667e+01, 5,0000000000e-02, 7,6628000000e+03
 1500532200, 5,5000000000e+01, 2,4000000000e+01, 1,0000000000e+01, 5,0000000000e-02, 7,6630000000e+03
 1500532500, 5,5000000000e+01, 2,4000000000e+01, 1,0000000000e+01, 5,0000000000e-02, 7,6632000000e+03
 1500532800, 5,5000000000e+01, 2,4000000000e+01, 1,0000000000e+01, 5,0000000000e-02, 7,6622633333e+03
 1500533100, 5,5000000000e+01, 2,4000000000e+01, 1,0000000000e+01, 5,0000000000e-02, 7,6635366667e+03
 1500533400, 5,5000000000e+01, 2,4000000000e+01, 1,0000000000e+01, 5,0000000000e-02, 7,6632633333e+03
 1500533700, 5,5000000000e+01, 2,4000000000e+01, 1,0000000000e+01, 5,0000000000e-02, 7,6639366667e+03
 1500534000, 5,5000000000e+01, 2,4000000000e+01, 1,0000000000e+01, 5,0000000000e-02, 7,6634000000e+03
 1500534300, 5,5000000000e+01, 2,4000000000e+01, 1,1073333333e+01, 5,0000000000e-02, 7,6620633333e+03
 1500534600, 5,5000000000e+01, 2,4000000000e+01, 1,1326666667e+01, 5,0000000000e-02, 7,6619366667e+03
 1500534900, 5,5000000000e+01, 2,4000000000e+01, 1,0000000000e+01, 5,0000000000e-02, 7,6626000000e+03
 1500535200, 5,5000000000e+01, 2,4000000000e+01, 1,0000000000e+01, 5,0000000000e-02, 7,6628000000e+03
 1500535500, 5,5000000000e+01, 2,4000000000e+01, 1,1873333333e+01, 6,1366666667e-02, 7,6630000000e+03
 1500535800, 5,5000000000e+01, 2,4000000000e+01, 1,0526666667e+01, 5,0633333333e-02, 7,6642100000e+03
 1500536100, 5,5000000000e+01, 2,4000000000e+01, 1,0000000000e+01, 5,0000000000e-02, 7,6647266667e+03
 1500536400, 5,5000000000e+01, 2,4673333333e+01, 1,0673333333e+01, 5,0000000000e-02, 7,6643366667e+03
 1500536700, 5,5683333333e+01, 2,6273333333e+01, 1,2000000000e+01, 5,0000000000e-02, 7,6648633333e+03
 1500537000, 6,0000000000e+01, 2,8000000000e+01, 1,2000000000e+01, 5,4000000000e-02, 7,6630633333e+03
 1500537300, 5,5316666667e+01, 2,4253333333e+01, 1,0126666667e+01, 5,0000000000e-02, 7,6635366667e+03
 1500537600, 5,5000000000e+01, 2,5473333333e+01, 1,1473333333e+01, 5,0000000000e-02, 7,6636100000e+03
 1500537900, 5,5000000000e+01, 2,6000000000e+01, 1,0926666667e+01, 5,0000000000e-02, 7,6639266667e+03
 1500538200, 5,5000000000e+01, 2,6000000000e+01, 1,0000000000e+01, 5,1366666667e-02, 7,6629366667e+03
 1500538500, 5,5000000000e+01, 2,5726666667e+01, 1,0000000000e+01, 5,0633333333e-02, 7,6632000000e+03
 1500538800, 5,5000000000e+01, 2,4000000000e+01, 1,0000000000e+01, 5,0000000000e-02, 7,6628633333e+03
 1500539100, 5,5000000000e+01, 2,5873333333e+01, 1,1873333333e+01, 5,0000000000e-02, 7,6636733333e+03
 1500539400, 5,5000000000e+01, 2,4526666667e+01, 1,0526666667e+01, 5,0000000000e-02, 7,6643366667e+03
 1500539700, 6,0366666667e+01, 2,8293333333e+01, 1,2146666667e+01, 5,0000000000e-02, 7,6647466667e+03
 1500540000, 6,1633333333e+01, 2,9306666667e+01, 1,2653333333e+01, 5,0000000000e-02, 7,6632433333e+03
 1500540300, 5,5000000000e+01, 2,4000000000e+01, 1,0000000000e+01, 5,0000000000e-02, 7,6634733333e+03
 1500540600, 5,5000000000e+01, 2,4000000000e+01, 1,0000000000e+01, 5,0000000000e-02, 7,6637200000e+03
 1500540900, 5,5000000000e+01, 2,4000000000e+01, 1,0000000000e+01, 5,2033333333e-02, 7,6626000000e+03
 1500541200, 5,5000000000e+01, 2,4000000000e+01, 1,0000000000e+01, 5,0000000000e-02, 7,6640600000e+03
 1500541500, 5,5000000000e+01, 2,4000000000e+01, 1,0000000000e+01, 5,0000000000e-02, 7,6644000000e+03
 1500541800, 5,5000000000e+01, 2,4000000000e+01, 1,0000000000e+01, 5,8733333333e-02, 7,6623900000e+03
 1500542100, 5,5000000000e+01, 2,4000000000e+01, 1,0000000000e+01, 8,1366666667e-02, 7,6638733333e+03
 1500542400, 5,5000000000e+01, 2,4000000000e+01, 1,0000000000e+01, 8,9366666667e-02, 7,6645366667e+03
 1500542700, 5,5000000000e+01, 2,4000000000e+01, 1,0000000000e+01, 8,8633333333e-02, 7,6655266667e+03
 1500543000, 5,5000000000e+01, 2,4000000000e+01, 1,0000000000e+01, 7,6633333333e-02, 7,6640733333e+03
 1500543300, 5,5000000000e+01, 2,4000000000e+01, 1,0000000000e+01, 8,0733333333e-02, 7,6644000000e+03
 1500543600, 5,5000000000e+01, 2,4000000000e+01, 1,0000000000e+01, 7,9266666667e-02, 7,6645366667e+03
 1500543900, 5,5000000000e+01, 2,4000000000e+01, 1,0000000000e+01, 7,0633333333e-02, 7,6648633333e+03
 1500544200, 5,5000000000e+01, 2,4000000000e+01, 1,0000000000e+01, 5,6000000000e-02, 7,6647366667e+03
 1500544500, 5,9683333333e+01, 2,4000000000e+01, 1,5620000000e+01, 5,0633333333e-02, 7,6650000000e+03
 1500544800, 5,6316666667e+01, 2,4000000000e+01, 1,1580000000e+01, 5,0000000000e-02, 7,6650633333e+03
 1500545100, 5,5000000000e+01, 2,4000000000e+01, 1,0000000000e+01, 5,0000000000e-02, 7,6647366667e+03
 1500545400, 5,5000000000e+01, 2,4000000000e+01, 1,0000000000e+01, 5,0000000000e-02, 7,6652633333e+03
 1500545700, 5,5000000000e+01, 2,4000000000e+01, 1,0000000000e+01, 5,0000000000e-02, 7,6656733333e+03
 1500546000, 5,5000000000e+01, 2,4000000000e+01, 1,0000000000e+01, 5,0000000000e-02, 7,6647266667e+03
 1500546300, 5,5000000000e+01, 2,4000000000e+01, 1,0000000000e+01, 5,0000000000e-02, 7,6640000000e+03
 1500546600, 5,5000000000e+01, 2,4000000000e+01, 1,0000000000e+01, 5,0000000000e-02, 7,6648000000e+03
 1500546900, 5,5000000000e+01, 2,5073333333e+01, 1,0000000000e+01, 5,0000000000e-02, 7,6642000000e+03
 1500547200, 5,5000000000e+01, 2,5326666667e+01, 1,0000000000e+01, 5,0000000000e-02, 7,6640000000e+03
 1500547500, 5,5000000000e+01, 2,4000000000e+01, 1,0273333333e+01, 5,0000000000e-02, 7,6644000000e+03
 1500547800, 5,5000000000e+01, 2,4000000000e+01, 1,2000000000e+01, 5,1366666667e-02, 7,6644633333e+03
 1500548100, 5,5000000000e+01, 2,4000000000e+01, 1,0126666667e+01, 5,4633333333e-02, 7,6647366667e+03
 1500548400, 5,5000000000e+01, 2,4000000000e+01, 1,0000000000e+01, 5,4000000000e-02, 7,6656000000e+03
 1500548700, 5,5000000000e+01, 2,5073333333e+01, 1,0000000000e+01, 5,0000000000e-02, 7,6642000000e+03
 1500549000, 5,5000000000e+01, 2,5326666667e+01, 1,0000000000e+01, 5,0000000000e-02, 7,6648000000e+03
 1500549300, 5,5000000000e+01, 2,4266666667e+01, 1,0000000000e+01, 5,0000000000e-02, 7,6648066667e+03
 1500549600, 5,5000000000e+01, 2,6000000000e+01, 1,0000000000e+01, 5,9366666667e-02, 7,6649266667e+03
 1500549900, 5,5000000000e+01, 2,4126666667e+01, 1,0000000000e+01, 6,9366666667e-02, 7,6645366667e+03
 1500550200, 5,5000000000e+01, 2,4000000000e+01, 1,0000000000e+01, 6,8633333333e-02, 7,6646733333e+03
 1500550500, 5,5000000000e+01, 2,4000000000e+01, 1,0000000000e+01, 5,4633333333e-02, 7,6654633333e+03
 1500550800, 5,5000000000e+01, 2,4000000000e+01, 1,0000000000e+01, 5,0000000000e-02, 7,6655366667e+03
 1500551100, 5,5000000000e+01, 2,4000000000e+01, 1,0273333333e+01, 5,0000000000e-02, 7,6655366667e+03
 1500551400, 5,5000000000e+01, 2,4000000000e+01, 1,2000000000e+01, 5,0000000000e-02, 7,6655266667e+03
 1500551700, 5,5000000000e+01, 2,4000000000e+01, 1,0126666667e+01, 5,0000000000e-02, 7,6643366667e+03
 1500552000, 5,5000000000e+01, 2,4000000000e+01, 1,0000000000e+01, 5,0000000000e-02, 7,6643366667e+03
 1500552300, 5,5000000000e+01, 2,4000000000e+01, 1,0000000000e+01, 5,0000000000e-02, 7,6650000000e+03
 1500552600, 5,5000000000e+01, 2,4000000000e+01, 1,0000000000e+01, 5,0000000000e-02, 7,6648633333e+03
 1500552900, 5,5000000000e+01, 2,4000000000e+01, 1,0000000000e+01, 5,0000000000e-02, 7,6646100000e+03
 1500553200, 5,5000000000e+01, 2,4000000000e+01, 1,0000000000e+01, 5,0000000000e-02, 7,6652633333e+03
 1500553500, 5,5000000000e+01, 2,5873333333e+01, 1,0000000000e+01, 5,0000000000e-02, 7,6648000000e+03
 1500553800, 5,5000000000e+01, 2,4526666667e+01, 1,0000000000e+01, 5,0000000000e-02, 7,6652733333e+03
 1500554100, 5,5000000000e+01, 2,5073333333e+01, 1,1073333333e+01, 1,1213333333e-01, 7,7141066667e+03
 1500554400, 1,1560000000e+02, 8,1213333333e+01, 1,6040000000e+01, 3,8067666667e+00, 8,0197600000e+03
 1500554700, 2,3158333333e+02, 1,8644666667e+02, 2,4273333333e+01, 8,5711000000e+00, 8,0870166667e+03
 1500555000, 2,1000000000e+02, 1,6400000000e+02, 2,6000000000e+01, 1,1858566667e+01, 8,0712100000e+03
 1500555300, 2,3810000000e+02, 1,8648000000e+02, 2,9746666667e+01, 1,4145866667e+01, 8,1032766667e+03
 1500555600, 2,4368333333e+02, 1,9389333333e+02, 3,0000000000e+01, 1,5797433333e+01, 8,0225400000e+03
 1500555900, 2,4500000000e+02, 1,9600000000e+02, 2,8926666667e+01, 1,6994566667e+01, 8,0128833333e+03
 1500556200, 2,3321666667e+02, 1,8522666667e+02, 2,7326666667e+01, 1,7737133333e+01, 8,0419366667e+03
 1500556500, 2,1136666667e+02, 1,6564000000e+02, 2,5726666667e+01, 1,8258500000e+01, 8,0083033333e+03
 1500556800, 2,2000000000e+02, 1,7600000000e+02, 2,4000000000e+01, 1,8529300000e+01, 8,0202400000e+03
 1500557100, 2,2936666667e+02, 1,8162000000e+02, 2,7746666667e+01, 1,8892166667e+01, 8,1022166667e+03
 1500557400, 2,3368333333e+02, 1,8642000000e+02, 2,6526666667e+01, 1,8965366667e+01, 8,0046833333e+03
 1500557700, 2,4036666667e+02, 1,9229333333e+02, 2,6000000000e+01, 1,8882333333e+01, 8,0686966667e+03
 1500558000, 2,3490000000e+02, 1,8792000000e+02, 2,4653333333e+01, 1,8733800000e+01, 8,0621000000e+03
 1500558300, 2,0885000000e+02, 1,6626000000e+02, 2,2000000000e+01, 1,8871533333e+01, 8,0652033333e+03
 1500558600, 1,7000000000e+02, 1,3000000000e+02, 2,2000000000e+01, 1,9038433333e+01, 8,0398833333e+03
 1500558900, 2,3556666667e+02, 1,8807333333e+02, 2,7620000000e+01, 1,8984733333e+01, 8,0634200000e+03
 1500559200, 2,2895000000e+02, 1,8316000000e+02, 2,5053333333e+01, 1,8876133333e+01, 8,0234100000e+03
 1500559500, 2,3036666667e+02, 1,8536666667e+02, 2,5073333333e+01, 1,8931666667e+01, 8,0333833333e+03
 1500559800, 2,3163333333e+02, 1,8596000000e+02, 2,6000000000e+01, 1,8961766667e+01, 8,0835233333e+03
 1500560100, 2,2158333333e+02, 1,7526666667e+02, 2,5453333333e+01, 1,8899933333e+01, 8,0218000000e+03
 1500560400, 2,0000000000e+02, 1,5800000000e+02, 2,2000000000e+01, 1,8901966667e+01, 8,0581000000e+03
 1500560700, 2,0936666667e+02, 1,6362000000e+02, 2,7620000000e+01, 1,9083666667e+01, 8,0215533333e+03
 1500561000, 1,9895000000e+02, 1,5516000000e+02, 2,6526666667e+01, 1,9143266667e+01, 8,0639966667e+03
 1500561300, 1,9231666667e+02, 1,4985333333e+02, 2,3853333333e+01, 1,9107900000e+01, 8,0010733333e+03
 1500561600, 2,0851666667e+02, 1,6416000000e+02, 2,4020000000e+01, 1,8969600000e+01, 8,0160766667e+03
 1500561900, 2,4500000000e+02, 1,9600000000e+02, 2,8000000000e+01, 1,8991666667e+01, 8,0812400000e+03
 1500562200, 2,4500000000e+02, 1,9600000000e+02, 2,8000000000e+01, 1,9080000000e+01, 8,0258533333e+03
 1500562500, 2,4031666667e+02, 1,9412666667e+02, 2,6126666667e+01, 1,9074200000e+01, 8,0166166667e+03
 1500562800, 2,3631666667e+02, 1,8958000000e+02, 2,7473333333e+01, 1,9060833333e+01, 8,0041533333e+03
 1500563100, 2,4036666667e+02, 1,9122000000e+02, 2,8000000000e+01, 1,9248300000e+01, 8,0488133333e+03
 1500563400, 2,2666666667e+02, 1,7666666667e+02, 2,8000000000e+01, 1,9359433333e+01, 8,0284500000e+03
 1500563700, 1,9546666667e+02, 1,4746666667e+02, 2,7726666667e+01, 1,9195500000e+01, 8,0120600000e+03
 1500564000, 2,3000000000e+02, 1,8200000000e+02, 2,6000000000e+01, 1,9305666667e+01, 8,0625533333e+03
 1500564300, 2,1126666667e+02, 1,6514000000e+02, 2,6000000000e+01, 1,9209900000e+01, 8,0099900000e+03
 1500564600, 2,3210000000e+02, 1,8757333333e+02, 2,6000000000e+01, 1,9088766667e+01, 8,0314166667e+03
 1500564900, 2,3463333333e+02, 1,8956000000e+02, 2,7073333333e+01, 1,9229200000e+01, 8,0392000000e+03
 1500565200, 2,2831666667e+02, 1,8265333333e+02, 2,7326666667e+01, 1,9322366667e+01, 8,0512100000e+03
 1500565500, 2,2636666667e+02, 1,8164000000e+02, 2,5726666667e+01, 1,9286266667e+01, 8,0149666667e+03
 1500565800, 2,3500000000e+02, 1,9200000000e+02, 2,4000000000e+01, 1,9630666667e+01, 8,0717533333e+03
 1500566100, 2,0221666667e+02, 1,6015333333e+02, 2,4000000000e+01, 1,9903333333e+01, 8,0557700000e+03
 1500566400, 2,1841666667e+02, 1,7126000000e+02, 2,6946666667e+01, 2,0222900000e+01, 8,0375066667e+03
 1500566700, 2,2768333333e+02, 1,8136666667e+02, 2,5853333333e+01, 2,0229900000e+01, 8,0743033333e+03
 1500567000, 2,3336666667e+02, 1,8936666667e+02, 2,4000000000e+01, 2,0304200000e+01, 8,0214366667e+03
 1500567300, 2,3521666667e+02, 1,9135333333e+02, 2,3726666667e+01, 2,0284966667e+01, 8,0323900000e+03
 1500567600, 2,0500000000e+02, 1,6200000000e+02, 2,2000000000e+01, 2,0321233333e+01, 8,0741466667e+03
 1500567900, 2,1436666667e+02, 1,6949333333e+02, 2,2000000000e+01, 2,0296666667e+01, 8,0372100000e+03
 1500568200, 2,0763333333e+02, 1,6263333333e+02, 2,3473333333e+01, 2,0303433333e+01, 8,0782233333e+03
 1500568500, 2,2110000000e+02, 1,7502666667e+02, 2,6146666667e+01, 2,0338533333e+01, 8,0736233333e+03
 1500568800, 2,3668333333e+02, 1,9002000000e+02, 2,7326666667e+01, 2,0294666667e+01, 8,0542233333e+03
 1500569100, 2,3658333333e+02, 1,9044666667e+02, 2,6273333333e+01, 2,0107166667e+01, 8,0891800000e+03
 1500569400, 2,1500000000e+02, 1,6800000000e+02, 2,8000000000e+01, 1,9910466667e+01, 8,0285166667e+03
 1500569700, 1,8221666667e+02, 1,4177333333e+02, 2,2380000000e+01, 1,9798966667e+01, 8,0083633333e+03
 1500570000, 1,9105000000e+02, 1,4736666667e+02, 2,4946666667e+01, 1,9865666667e+01, 8,0404533333e+03
 1500570300, 1,9768333333e+02, 1,5214666667e+02, 2,4926666667e+01, 1,9742033333e+01, 7,9869433333e+03
 1500570600, 2,0505000000e+02, 1,5871333333e+02, 2,5346666667e+01, 1,9702833333e+01, 8,0609266667e+03
 1500570900, 2,1363333333e+02, 1,6745333333e+02, 2,7180000000e+01, 1,9696000000e+01, 8,0434833333e+03
 1500571200, 2,0500000000e+02, 1,6400000000e+02, 2,2000000000e+01, 1,9744200000e+01, 8,0435800000e+03
 1500571500, 2,3778333333e+02, 1,9022666667e+02, 2,7620000000e+01, 1,9748333333e+01, 8,0397700000e+03
 1500571800, 2,1790000000e+02, 1,8316000000e+02, 2,5053333333e+01, 1,9850366667e+01, 8,0881766667e+03
 1500572100, 2,1268333333e+02, 1,7570666667e+02, 2,4000000000e+01, 2,0065866667e+01, 8,0257266667e+03
 1500572400, 2,1836666667e+02, 1,7536666667e+02, 2,4000000000e+01, 2,0113400000e+01, 8,0740633333e+03
 1500572700, 2,2021666667e+02, 1,7680666667e+02, 2,4546666667e+01, 1,9903066667e+01, 8,0218066667e+03
 1500573000, 1,9000000000e+02, 1,4400000000e+02, 2,8000000000e+01, 1,9970300000e+01, 8,0642033333e+03
 1500573300, 2,2746666667e+02, 1,8146666667e+02, 2,6126666667e+01, 1,9829300000e+01, 8,0563133333e+03
 1500573600, 2,1158333333e+02, 1,6632000000e+02, 2,3053333333e+01, 1,9690733333e+01, 8,0427200000e+03
 1500573900, 2,2378333333e+02, 1,7717333333e+02, 2,5220000000e+01, 1,9491633333e+01, 8,0269966667e+03
 1500574200, 2,2485000000e+02, 1,7786000000e+02, 2,6653333333e+01, 1,9363800000e+01, 8,0190466667e+03
 1500574500, 2,0046666667e+02, 1,5492000000e+02, 2,4546666667e+01, 1,9299166667e+01, 8,0582866667e+03
 1500574800, 2,3500000000e+02, 1,8600000000e+02, 2,8000000000e+01, 1,9395866667e+01, 8,0796600000e+03
 1500575100, 2,3031666667e+02, 1,8412666667e+02, 2,6126666667e+01, 1,9271633333e+01, 8,0865266667e+03
 1500575400, 2,3736666667e+02, 1,9284000000e+02, 2,6000000000e+01, 1,9154866667e+01, 8,0133000000e+03
 1500575700, 2,3731666667e+02, 1,9170666667e+02, 2,7073333333e+01, 1,8977166667e+01, 8,0327933333e+03
 1500576000, 2,2321666667e+02, 1,7655333333e+02, 2,7326666667e+01, 1,8820733333e+01, 8,0033900000e+03
 1500576300, 2,0273333333e+02, 1,5673333333e+02, 2,6000000000e+01, 1,9068200000e+01, 8,0178300000e+03
 1500576600, 2,2000000000e+02, 1,7400000000e+02, 2,6000000000e+01, 1,9028833333e+01, 8,0642866667e+03
 1500576900, 2,0595000000e+02, 1,5901333333e+02, 2,6000000000e+01, 1,9089766667e+01, 8,0247166667e+03
 1500577200, 2,1973333333e+02, 1,7273333333e+02, 2,7473333333e+01, 1,9053633333e+01, 7,9984800000e+03
 1500577500, 2,1963333333e+02, 1,7478000000e+02, 2,4780000000e+01, 1,8922300000e+01, 8,0151166667e+03
 1500577800, 2,0995000000e+02, 1,6594000000e+02, 2,3346666667e+01, 1,8819400000e+01, 8,0481800000e+03
 1500578100, 2,0546666667e+02, 1,5919333333e+02, 2,6000000000e+01, 1,8600700000e+01, 8,0044700000e+03
 1500578400, 2,4000000000e+02, 1,9200000000e+02, 2,6000000000e+01, 1,8469766667e+01, 8,0474766667e+03
 1500578700, 2,2595000000e+02, 1,8263333333e+02, 2,2253333333e+01, 1,8561033333e+01, 8,0659400000e+03
 1500579000, 2,2131666667e+02, 1,7905333333e+02, 2,4946666667e+01, 1,8652633333e+01, 8,0128900000e+03
 1500579300, 2,2000000000e+02, 1,7692666667e+02, 2,4926666667e+01, 1,8544233333e+01, 7,9927533333e+03
 1500579600, 2,2505000000e+02, 1,8004000000e+02, 2,5346666667e+01, 1,8526000000e+01, 7,9939133333e+03
 1500579900, 2,2953333333e+02, 1,8280666667e+02, 2,8000000000e+01, 1,8557233333e+01, 8,0415633333e+03
 1500580200, 1,9500000000e+02, 1,5000000000e+02, 2,8000000000e+01, 1,8668100000e+01, 8,0407033333e+03
 1500580500, 2,1373333333e+02, 1,7248000000e+02, 2,4253333333e+01, 1,8606866667e+01, 7,9959900000e+03
 1500580800, 2,0395000000e+02, 1,6221333333e+02, 2,2526666667e+01, 1,8447400000e+01, 8,0634933333e+03
 1500581100, 2,2146666667e+02, 1,7732000000e+02, 2,4146666667e+01, 1,8389566667e+01, 7,9827000000e+03
 1500581400, 2,3831666667e+02, 1,9332666667e+02, 2,4653333333e+01, 1,8466300000e+01, 8,0214766667e+03
 1500581700, 2,2953333333e+02, 1,8708000000e+02, 2,2000000000e+01, 1,8585366667e+01, 8,0342466667e+03
 1500582000, 1,9500000000e+02, 1,5600000000e+02, 2,2000000000e+01, 1,8639033333e+01, 8,0623000000e+03
 1500582300, 1,9968333333e+02, 1,5600000000e+02, 2,9493333333e+01, 1,8638966667e+01, 7,9764500000e+03
 1500582600, 2,0368333333e+02, 1,6042000000e+02, 2,7053333333e+01, 1,8725100000e+01, 8,0402200000e+03
 1500582900, 2,0768333333e+02, 1,6414666667e+02, 2,6000000000e+01, 1,8943966667e+01, 8,0025633333e+03
 1500583200, 2,1505000000e+02, 1,7071333333e+02, 2,6673333333e+01, 1,9110533333e+01, 8,0598766667e+03
 1500583500, 2,2090000000e+02, 1,7590000000e+02, 2,7453333333e+01, 1,8923066667e+01, 8,0118133333e+03
 1500583800, 1,9500000000e+02, 1,5000000000e+02, 2,4000000000e+01, 1,8976433333e+01, 7,9965000000e+03
 1500584100, 2,1373333333e+02, 1,6873333333e+02, 2,5873333333e+01, 1,8877166667e+01, 8,0155100000e+03
 1500584400, 2,0395000000e+02, 1,6116000000e+02, 2,4526666667e+01, 1,8872166667e+01, 8,0378500000e+03
 1500584700, 2,0536666667e+02, 1,6122000000e+02, 2,4000000000e+01, 1,8844333333e+01, 7,9991300000e+03
 1500585000, 2,1841666667e+02, 1,7275333333e+02, 2,4000000000e+01, 1,8766433333e+01, 8,0778933333e+03
 1500585300, 2,3568333333e+02, 1,9054666667e+02, 2,4546666667e+01, 1,8774200000e+01, 8,0305333333e+03
 1500585600, 2,4000000000e+02, 1,9400000000e+02, 2,8000000000e+01, 1,8863233333e+01, 8,0322200000e+03
 1500585900, 1,9316666667e+02, 1,5278666667e+02, 2,2380000000e+01, 1,8860366667e+01, 8,0191866667e+03
 1500586200, 1,2370000000e+02, 9,2540000000e+01, 1,4633333333e+01, 1,6579933333e+01, 7,8465266667e+03
 1500586500, 7,5850000000e+01, 4,6240000000e+01, 1,0926666667e+01, 1,2057533333e+01, 7,8466633333e+03
 1500586800, 5,5000000000e+01, 2,4000000000e+01, 1,0000000000e+01, 8,7386000000e+00, 7,8472000000e+03
 1500587100, 5,5000000000e+01, 2,4000000000e+01, 1,0000000000e+01, 6,3746666667e+00, 7,8477366667e+03
 1500587400, 5,5000000000e+01, 2,4000000000e+01, 1,0000000000e+01, 4,6636333333e+00, 7,8476633333e+03
 1500587700, 5,5000000000e+01, 2,4000000000e+01, 1,0000000000e+01, 3,3930333333e+00, 7,8487366667e+03
 1500588000, 5,5000000000e+01, 2,4000000000e+01, 1,1473333333e+01, 2,4714000000e+00, 7,8480633333e+03
 1500588300, 5,5000000000e+01, 2,4000000000e+01, 1,0926666667e+01, 1,8041000000e+00, 7,8469366667e+03
 1500588600, 5,5000000000e+01, 2,4000000000e+01, 1,0000000000e+01, 1,3299666667e+00, 7,8466000000e+03
 1500588900, 5,5000000000e+01, 2,4000000000e+01, 1,0000000000e+01, 9,7383333333e-01, 7,8472700000e+03
 1500589200, 5,5000000000e+01, 2,4000000000e+01, 1,0000000000e+01, 7,1593333333e-01, 7,8474100000e+03
 1500589500, 5,5000000000e+01, 2,4000000000e+01, 1,0000000000e+01, 5,3550000000e-01, 7,8481266667e+03
 1500589800, 5,5000000000e+01, 2,4000000000e+01, 1,1473333333e+01, 4,1370000000e-01, 7,8470000000e+03
 1500590100, 5,5000000000e+01, 2,4000000000e+01, 1,2000000000e+01, 3,2570000000e-01, 7,8480000000e+03
 1500590400, 5,5000000000e+01, 2,4673333333e+01, 1,1326666667e+01, 2,4706666667e-01, 7,8482000000e+03
 1500590700, 5,5000000000e+01, 2,5726666667e+01, 1,0000000000e+01, 1,9053333333e-01, 7,8478000000e+03
 1500591000, 5,5000000000e+01, 2,4000000000e+01, 1,0000000000e+01, 1,5863333333e-01, 7,8468000000e+03
 1500591300, 5,5000000000e+01, 2,4000000000e+01, 1,0000000000e+01, 1,3726666667e-01, 7,8475366667e+03
 1500591600, 5,5000000000e+01, 2,4000000000e+01, 1,0000000000e+01, 1,3200000000e-01, 7,8472633333e+03
 1500591900, 5,7683333333e+01, 2,5073333333e+01, 1,2146666667e+01, 1,3463333333e-01, 7,8470633333e+03
 1500592200, 5,8316666667e+01, 2,5326666667e+01, 1,2653333333e+01, 1,3200000000e-01, 7,8468000000e+03
 1500592500, 5,7733333333e+01, 2,5640000000e+01, 1,1366666667e+01, 1,3736666667e-01, 7,8469366667e+03
 1500592800, 7,5000000000e+01, 3,6000000000e+01, 2,0000000000e+01, 1,3263333333e-01, 7,8476000000e+03
 1500593100, 5,6266666667e+01, 2,4760000000e+01, 1,0633333333e+01, 1,3000000000e-01, 7,8476000000e+03
 1500593400, 5,5000000000e+01, 2,4000000000e+01, 1,0000000000e+01, 1,2063333333e-01, 7,8474000000e+03
 1500593700, 5,5000000000e+01, 2,4000000000e+01, 1,0000000000e+01, 1,1863333333e-01, 7,8483366667e+03
 1500594000, 5,5000000000e+01, 2,4000000000e+01, 1,0673333333e+01, 1,0266666667e-01, 7,8473333333e+03
 1500594300, 5,5000000000e+01, 2,4000000000e+01, 1,1726666667e+01, 8,1900000000e-02, 7,8482633333e+03
 1500594600, 5,5000000000e+01, 2,4000000000e+01, 1,0000000000e+01, 6,2633333333e-02, 7,8476633333e+03
 1500594900, 6,4366666667e+01, 2,9620000000e+01, 1,5620000000e+01, 5,4633333333e-02, 7,8476000000e+03
 1500595200, 5,7633333333e+01, 2,5580000000e+01, 1,1580000000e+01, 5,0000000000e-02, 7,8485466667e+03
 1500595500, 5,5000000000e+01, 2,4000000000e+01, 1,0000000000e+01, 5,0000000000e-02, 7,8481266667e+03
 1500595800, 5,5000000000e+01, 2,4000000000e+01, 1,0673333333e+01, 5,5366666667e-02, 7,8477566667e+03
 1500596100, 5,3350000000e+01, 2,4000000000e+01, 1,1340000000e+01, 6,1366666667e-02, 7,8479100000e+03
 1500596400, 5,1366666667e+01, 2,4546666667e+01, 1,0273333333e+01, 5,5266666667e-02, 7,8487366667e+03
 1500596700, 6,0000000000e+01, 2,8000000000e+01, 1,2000000000e+01, 5,0000000000e-02, 7,8489266667e+03
 1500597000, 5,5316666667e+01, 2,4253333333e+01, 1,0126666667e+01, 5,0000000000e-02, 7,8468733333e+03
 1500597300, 5,5000000000e+01, 2,4000000000e+01, 1,0000000000e+01, 5,0000000000e-02, 7,8468633333e+03
 1500597600, 5,5000000000e+01, 2,4000000000e+01, 1,0000000000e+01, 5,1366666667e-02, 7,8479366667e+03
 1500597900, 5,5000000000e+01, 2,4000000000e+01, 1,0000000000e+01, 5,0633333333e-02, 7,8470633333e+03
 1500598200, 5,5000000000e+01, 2,4000000000e+01, 1,0260000000e+01, 5,6566666667e-02, 7,8466666667e+03
 1500598500, 5,5000000000e+01, 2,4000000000e+01, 1,2000000000e+01, 7,0000000000e-02, 7,8470000000e+03
 1500598800, 5,5000000000e+01, 2,4000000000e+01, 1,0126666667e+01, 6,4633333333e-02, 7,8477366667e+03
 1500599100, 5,5000000000e+01, 2,4000000000e+01, 1,0000000000e+01, 5,2000000000e-02, 7,8477366667e+03
 1500599400, 5,5000000000e+01, 2,4000000000e+01, 1,0000000000e+01, 5,6733333333e-02, 7,8480266667e+03
 1500599700, 5,5000000000e+01, 2,4000000000e+01, 1,0000000000e+01, 5,8733333333e-02, 7,8486866667e+03
 1500600000, 5,5000000000e+01, 2,4000000000e+01, 1,0273333333e+01, 6,1266666667e-02, 7,8474633333e+03
 1500600300, 5,5000000000e+01, 2,4000000000e+01, 1,2000000000e+01, 5,0000000000e-02, 7,8476633333e+03
 1500600600, 5,5000000000e+01, 2,5873333333e+01, 1,0126666667e+01, 5,6000000000e-02, 7,8465366667e+03
 1500600900, 5,5000000000e+01, 2,4526666667e+01, 1,0000000000e+01, 5,0000000000e-02, 7,8476633333e+03
 1500601200, 5,7683333333e+01, 2,5073333333e+01, 1,2146666667e+01, 5,4733333333e-02, 7,8470000000e+03
 1500601500, 5,8316666667e+01, 2,5326666667e+01, 1,2653333333e+01, 5,5266666667e-02, 7,8473366667e+03
 1500601800, 5,5000000000e+01, 2,4000000000e+01, 1,0000000000e+01, 5,0000000000e-02, 7,8471366667e+03
 1500602100, 5,5000000000e+01, 2,4000000000e+01, 1,0000000000e+01, 5,2000000000e-02, 7,8483266667e+03
 1500602400, 6,4366666667e+01, 2,9620000000e+01, 1,5620000000e+01, 5,0000000000e-02, 7,8487366667e+03
 1500602700, 5,7633333333e+01, 2,5580000000e+01, 1,3053333333e+01, 5,4166666667e-02, 7,8480166667e+03
 1500603000, 5,5000000000e+01, 2,4000000000e+01, 1,0926666667e+01, 5,0000000000e-02, 7,8470000000e+03
 1500603300, 5,5000000000e+01, 2,4673333333e+01, 1,0000000000e+01, 5,0000000000e-02, 7,8472000000e+03
 1500603600, 5,5000000000e+01, 2,5726666667e+01, 1,0273333333e+01, 5,2000000000e-02, 7,8472000000e+03
 1500603900, 5,5000000000e+01, 2,4000000000e+01, 1,2000000000e+01, 5,2000000000e-02, 7,8472566667e+03
 1500604200, 5,0316666667e+01, 2,4000000000e+01, 1,0126666667e+01, 5,8733333333e-02, 7,8476733333e+03
 1500604500, 5,3683333333e+01, 2,4000000000e+01, 1,0000000000e+01, 7,3366666667e-02, 7,8476000000e+03
 1500604800, 6,3050000000e+01, 2,9366666667e+01, 1,5366666667e+01, 8,0000000000e-02, 7,8477266667e+03
 1500605100, 6,4950000000e+01, 3,0633333333e+01, 1,6633333333e+01, 6,7266666667e-02, 7,8474733333e+03
 1500605400, 5,4316666667e+01, 2,4000000000e+01, 1,0000000000e+01, 6,2733333333e-02, 7,8476633333e+03
 1500605700, 5,0000000000e+01, 2,4000000000e+01, 1,0000000000e+01, 7,6000000000e-02, 7,8472000000e+03
 1500606000, 5,4683333333e+01, 2,4000000000e+01, 1,0000000000e+01, 8,0000000000e-02, 7,8468000000e+03
 1500606300, 5,5000000000e+01, 2,4000000000e+01, 1,0000000000e+01, 8,0000000000e-02, 7,8476633333e+03
 1500606600, 5,5000000000e+01, 2,4000000000e+01, 1,0000000000e+01, 6,5266666667e-02, 7,8471366667e+03
 1500606900, 5,5000000000e+01, 2,4000000000e+01, 1,0000000000e+01, 5,0633333333e-02, 7,8470000000e+03
 1500607200, 5,5000000000e+01, 2,4000000000e+01, 1,0246666667e+01, 5,0000000000e-02, 7,8468766667e+03
 1500607500, 5,5000000000e+01, 2,4000000000e+01, 1,2000000000e+01, 5,0000000000e-02, 7,8474733333e+03
 1500607800, 5,5000000000e+01, 2,4000000000e+01, 1,0126666667e+01, 5,0000000000e-02, 7,8482000000e+03
 1500608100, 5,5000000000e+01, 2,4000000000e+01, 1,0000000000e+01, 5,2000000000e-02, 7,8484633333e+03
 1500608400, 5,5000000000e+01, 2,4000000000e+01, 1,0000000000e+01, 5,0000000000e-02, 7,8492733333e+03
 1500608700, 5,5000000000e+01, 2,4000000000e+01, 1,0000000000e+01, 5,0000000000e-02, 7,8483366667e+03
 1500609000, 5,5000000000e+01, 2,4000000000e+01, 1,0000000000e+01, 5,0000000000e-02, 7,8483900000e+03
 1500609300, 5,5000000000e+01, 2,4000000000e+01, 1,0000000000e+01, 5,0000000000e-02, 7,8480000000e+03
 1500609600, 5,5000000000e+01, 2,4000000000e+01, 1,0000000000e+01, 5,4000000000e-02, 7,8481366667e+03
 1500609900, 5,5000000000e+01, 2,4000000000e+01, 1,0000000000e+01, 5,2000000000e-02, 7,8474000000e+03
 1500610200, 5,5000000000e+01, 2,4000000000e+01, 1,0000000000e+01, 5,0000000000e-02, 7,8481366667e+03
 1500610500, 5,5000000000e+01, 2,4000000000e+01, 1,0673333333e+01, 5,2000000000e-02, 7,8480633333e+03
 1500610800, 5,5000000000e+01, 2,4000000000e+01, 1,1726666667e+01, 5,0000000000e-02, 7,8476633333e+03
 1500611100, 5,5000000000e+01, 2,4000000000e+01, 1,0000000000e+01, 5,0000000000e-02, 7,8481366667e+03
 1500611400, 6,9050000000e+01, 3,5240000000e+01, 1,7493333333e+01, 5,0000000000e-02, 7,8491366667e+03
 1500611700, 6,6316666667e+01, 3,3053333333e+01, 1,5053333333e+01, 5,0000000000e-02, 7,8469266667e+03
 1500612000, 5,9633333333e+01, 2,7706666667e+01, 1,1853333333e+01, 5,0000000000e-02, 7,8476733333e+03
 1500612300, 5,3316666667e+01, 2,4000000000e+01, 1,0000000000e+01, 6,6100000000e-02, 7,8480000000e+03
 1500612600, 5,0683333333e+01, 2,4000000000e+01, 1,0000000000e+01, 6,6633333333e-02, 7,8473366667e+03
 1500612900, 5,5000000000e+01, 2,4000000000e+01, 1,0000000000e+01, 5,8633333333e-02, 7,8476633333e+03
 1500613200, 5,5000000000e+01, 2,4000000000e+01, 1,0000000000e+01, 5,2633333333e-02, 7,8473366667e+03
 1500613500, 5,5000000000e+01, 2,4000000000e+01, 1,0000000000e+01, 5,0000000000e-02, 7,8482000000e+03
 1500613800, 5,5000000000e+01, 2,4000000000e+01, 1,0000000000e+01, 5,2000000000e-02, 7,8479366667e+03
 1500614100, 5,5000000000e+01, 2,4000000000e+01, 1,0000000000e+01, 5,1366666667e-02, 7,8490733333e+03
 1500614400, 5,5000000000e+01, 2,4000000000e+01, 1,0000000000e+01, 5,0633333333e-02, 7,8483166667e+03
 1500614700, 5,5000000000e+01, 2,4000000000e+01, 1,0000000000e+01, 5,0000000000e-02, 7,8477366667e+03
 1500615000, 5,5000000000e+01, 2,4000000000e+01, 1,0000000000e+01, 5,0000000000e-02, 7,8482000000e+03
 1500615300, 5,5000000000e+01, 2,4000000000e+01, 1,0000000000e+01, 5,0000000000e-02, 7,8482633333e+03
 1500615600, 5,5000000000e+01, 2,4000000000e+01, 1,0000000000e+01, 5,0000000000e-02, 7,8477266667e+03
 1500615900, 5,5000000000e+01, 2,4000000000e+01, 1,0000000000e+01, 5,0000000000e-02, 7,8482100000e+03
 1500616200, 5,5000000000e+01, 2,4000000000e+01, 1,0000000000e+01, 5,0000000000e-02, 7,8492000000e+03
 1500616500, 5,5000000000e+01, 2,4000000000e+01, 1,0000000000e+01, 5,0000000000e-02, 7,8489266667e+03
 1500616800, 5,5000000000e+01, 2,5873333333e+01, 1,0000000000e+01, 6,1366666667e-02, 7,8493466667e+03
 1500617100, 5,5000000000e+01, 2,4526666667e+01, 1,0000000000e+01, 7,6100000000e-02, 7,8501266667e+03
 1500617400, 5,5000000000e+01, 2,5073333333e+01, 1,1073333333e+01, 1,0546666667e-01, 7,8495366667e+03
 1500617700, 5,5000000000e+01, 2,5326666667e+01, 1,1326666667e+01, 1,2063333333e-01, 7,8487266667e+03
 1500618000, 5,5000000000e+01, 2,4273333333e+01, 1,0273333333e+01, 1,0863333333e-01, 7,8481366667e+03
 1500618300, 5,5000000000e+01, 2,6000000000e+01, 1,2000000000e+01, 1,0600000000e-01, 7,8490000000e+03
 1500618600, 5,5000000000e+01, 2,4126666667e+01, 1,2000000000e+01, 1,1000000000e-01, 7,8492633333e+03
 1500618900, 5,5000000000e+01, 2,4000000000e+01, 1,2000000000e+01, 1,0463333333e-01, 7,8480000000e+03
 1500619200, 5,5000000000e+01, 2,4000000000e+01, 1,0926666667e+01, 1,0000000000e-01, 7,8486633333e+03
 1500619500, 5,5000000000e+01, 2,4000000000e+01, 1,0000000000e+01, 7,9900000000e-02, 7,8487366667e+03
 1500619800, 5,5000000000e+01, 2,4000000000e+01, 1,0273333333e+01, 5,7266666667e-02, 7,8492000000e+03
 1500620100, 5,5000000000e+01, 2,4000000000e+01, 1,2000000000e+01, 5,0000000000e-02, 7,6777066667e+03
 1500620400, 5,5000000000e+01, 2,5873333333e+01, 1,0126666667e+01, 5,0000000000e-02, 7,6606000000e+03
 1500620700, 5,5000000000e+01, 2,4526666667e+01, 1,0000000000e+01, 5,0000000000e-02, 7,6602000000e+03
 1500621000, 5,5000000000e+01, 2,4000000000e+01, 1,0000000000e+01, 5,0000000000e-02, 7,6596633333e+03
 1500621300, 5,6683333333e+01, 2,4673333333e+01, 1,1346666667e+01, 5,0000000000e-02, 7,6599366667e+03
 1500621600, 5,9316666667e+01, 2,5726666667e+01, 1,3453333333e+01, 5,0000000000e-02, 7,6596633333e+03
 1500621900, 5,5000000000e+01, 2,4000000000e+01, 1,0000000000e+01, 5,0000000000e-02, 7,6600000000e+03
 1500622200, 5,5000000000e+01, 2,4000000000e+01, 1,0000000000e+01, 5,0000000000e-02, 7,6594633333e+03
 1500622500, 5,5000000000e+01, 2,6946666667e+01, 1,0000000000e+01, 5,0000000000e-02, 7,6596000000e+03
 1500622800, 5,5000000000e+01, 2,5853333333e+01, 1,0000000000e+01, 5,0000000000e-02, -nan
 1500623100, 5,5000000000e+01, 2,4000000000e+01, 1,0000000000e+01, 5,5366666667e-02, -nan
 1500623400, 5,5000000000e+01, 2,4273333333e+01, 1,0000000000e+01, 5,4633333333e-02, -nan
 1500623700, -nan, 2,6000000000e+01, 1,0000000000e+01, 5,9366666667e-02, -nan
 1500624000, -nan, 2,4126666667e+01, 1,0000000000e+01, 5,0633333333e-02, -nan
 1500624300, -nan, 2,4000000000e+01, 1,0000000000e+01, 5,0000000000e-02, -nan
 1500624600, -nan, 2,5446666667e+01, 1,1446666667e+01, 5,0000000000e-02, -nan
 1500624900, -nan, 2,6000000000e+01, 1,0926666667e+01, 5,0000000000e-02, -nan
 1500625200, -nan, 2,5326666667e+01, 1,0000000000e+01, 5,0000000000e-02, -nan
 1500625500, -nan, 2,4000000000e+01, 1,0000000000e+01, 5,0000000000e-02, -nan
 1500625800, -nan, 2,4000000000e+01, 1,0000000000e+01, 5,0000000000e-02, -nan
 1500626100, -nan, -nan, 1,0000000000e+01, -nan, -nan
 1500626400, -nan, -nan, 1,0000000000e+01, -nan, -nan
 1500626700, -nan, -nan, 1,0000000000e+01, -nan, -nan
 1500627000, -nan, -nan, -nan, -nan, -nan
 1500627300, -nan, -nan, -nan, -nan, -nan
