 Time, ttl_pwr, cpu_pwr, mem_pwr, cpu_load, mem_load
 1500448500, 5.0000000000e+01, 2.4000000000e+01, 1.0000000000e+01, 6.1466666667e-02, 7.7424266667e+03
 1500448800, 5.0000000000e+01, 2.4000000000e+01, 1.0000000000e+01, 5.0000000000e-02, 7.7421466667e+03
 1500449100, 5.0000000000e+01, 2.4000000000e+01, 1.0000000000e+01, 5.2000000000e-02, 7.7420266667e+03
 1500449400, 5.0000000000e+01, 2.4000000000e+01, 1.0000000000e+01, 5.2266666667e-02, 7.7432533333e+03
 1500449700, 5.0000000000e+01, 2.4000000000e+01, 1.0000000000e+01, 6.6533333333e-02, 7.7446000000e+03
 1500450000, 5.4000000000e+01, 2.7573333333e+01, 1.0320000000e+01, 9.0133333333e-01, 7.9745466667e+03
 1500450300, 2.0000000000e+02, 1.5800000000e+02, 2.2000000000e+01, 4.2882666667e+00, 1.0675080000e+04
 1500450600, 2.0413333333e+02, 1.5965333333e+02, 2.5306666667e+01, 6.8313333333e+00, 1.1973373333e+04
 1500450900, 1.6426666667e+02, 1.2114666667e+02, 2.6000000000e+01, 8.2042666667e+00, 7.8904266667e+03
 1500451200, 1.0160000000e+02, 6.6426666667e+01, 1.9173333333e+01, 6.3574666667e+00, 7.7442000000e+03
 1500451500, 8.8533333333e+01, 5.7546666667e+01, 1.3626666667e+01, 5.6834666667e+00, 1.7796360000e+04
 1500451800, 2.1973333333e+02, 1.7184000000e+02, 2.6000000000e+01, 8.3088000000e+00, 1.9141813333e+04
 1500452100, 2.1000000000e+02, 1.6600000000e+02, 2.6000000000e+01, 1.0389200000e+01, 1.9278306667e+04
 1500452400, 2.2653333333e+02, 1.7592000000e+02, 3.0960000000e+01, 1.1837066667e+01, 2.5275973333e+04
 1500452700, 2.2060000000e+02, 1.7549333333e+02, 2.8240000000e+01, 1.2937866667e+01, 2.4052880000e+04
 1500453000, 1.8940000000e+02, 1.4754666667e+02, 2.5146666667e+01, 1.3794933333e+01, 1.8464306667e+04
 1500453300, 1.7086666667e+02, 1.2696000000e+02, 2.5360000000e+01, 1.4407600000e+01, 2.1027600000e+04
 1500453600, 2.2513333333e+02, 1.7805333333e+02, 3.0000000000e+01, 1.4736133333e+01, 1.7912146667e+04
 1500453900, 2.3000000000e+02, 1.8000000000e+02, 3.0000000000e+01, 1.5000466667e+01, 2.2616373333e+04
 1500454200, 2.2173333333e+02, 1.7504000000e+02, 2.6693333333e+01, 1.5247333333e+01, 2.1183400000e+04
 1500454500, 2.2313333333e+02, 1.7149333333e+02, 3.3520000000e+01, 1.5448800000e+01, 2.5246066667e+04
 1500454800, 2.2926666667e+02, 1.7000000000e+02, 4.1413333333e+01, 1.5578666667e+01, 2.5204986667e+04
 1500455100, 2.3273333333e+02, 1.7181333333e+02, 4.1920000000e+01, 1.5630800000e+01, 2.0914773333e+04
 1500455400, 2.2500000000e+02, 1.7800000000e+02, 2.7946666667e+01, 1.5634666667e+01, 2.1232786667e+04
 1500455700, 2.2500000000e+02, 1.7800000000e+02, 2.6000000000e+01, 1.5687600000e+01, 2.2914030000e+04
 1500456000, 2.2500000000e+02, 1.7800000000e+02, 2.7653333333e+01, 1.5779733333e+01, 2.3106120000e+04
 1500456300, 2.2500000000e+02, 1.7800000000e+02, 2.6746666667e+01, 1.5799200000e+01, 2.3434893333e+04
 1500456600, 2.2713333333e+02, 1.7800000000e+02, 2.8560000000e+01, 1.5895066667e+01, 2.5240053333e+04
 1500456900, 2.3000000000e+02, 1.7845333333e+02, 3.1093333333e+01, 1.5875200000e+01, 2.5299853333e+04
 1500457200, 2.3000000000e+02, 1.8000000000e+02, 2.8160000000e+01, 1.5903066667e+01, 2.5314640000e+04
 1500457500, 2.3000000000e+02, 1.8000000000e+02, 3.4000000000e+01, 1.5769966667e+01, 2.1172870000e+04
 1500457800, 2.3000000000e+02, 1.8330666667e+02, 2.7386666667e+01, 1.5803866667e+01, 2.5383333333e+04
 1500458100, 2.2686666667e+02, 1.8149333333e+02, 2.7253333333e+01, 1.5819466667e+01, 2.5172066667e+04
 1500458400, 2.2073333333e+02, 1.7573333333e+02, 2.7146666667e+01, 1.5810533333e+01, 2.1545653333e+04
 1500458700, 2.1840000000e+02, 1.7000000000e+02, 2.9626666667e+01, 1.5859333333e+01, 2.5335213333e+04
 1500459000, 2.2973333333e+02, 1.7005333333e+02, 4.1626666667e+01, 1.5903333333e+01, 2.2840280000e+04
 1500459300, 2.2000000000e+02, 1.7200000000e+02, 2.8000000000e+01, 1.5952800000e+01, 2.1032826667e+04
 1500459600, 2.2413333333e+02, 1.7861333333e+02, 2.6346666667e+01, 1.5978266667e+01, 2.5249573333e+04
 1500459900, 2.2500000000e+02, 1.7874666667e+02, 2.7253333333e+01, 1.5980000000e+01, 2.4682933333e+04
 1500460200, 2.2711666667e+02, 1.7461333333e+02, 3.3926666667e+01, 1.5980000000e+01, 2.2672460000e+04
 1500460500, 2.2773333333e+02, 1.7181333333e+02, 3.8373333333e+01, 1.5982066667e+01, 2.3191603333e+04
 1500460800, 2.1986666667e+02, 1.7784000000e+02, 2.6000000000e+01, 1.5732766667e+01, 2.4426426667e+04
 1500461100, 2.1500000000e+02, 1.7200000000e+02, 2.6000000000e+01, 1.5820400000e+01, 2.1418520000e+04
 1500461400, 2.2740000000e+02, 1.7365333333e+02, 3.7573333333e+01, 1.5886800000e+01, 1.8717946667e+04
 1500461700, 2.2373333333e+02, 1.7400000000e+02, 3.2480000000e+01, 1.5827600000e+01, 2.1375946667e+04
 1500462000, 2.2000000000e+02, 1.7400000000e+02, 2.8000000000e+01, 1.5650933333e+01, 2.1678106667e+04
 1500462300, 1.9053333333e+02, 1.4544000000e+02, 2.7093333333e+01, 1.2642000000e+01, 7.8487333333e+03
 1500462600, 9.0000000000e+01, 4.8000000000e+01, 2.4000000000e+01, 9.4753333333e+00, 7.9177733333e+03
 1500462900, 9.0000000000e+01, 4.8000000000e+01, 2.4000000000e+01, 7.1824000000e+00, 7.9338933333e+03
 1500463200, 9.0000000000e+01, 4.8000000000e+01, 2.4000000000e+01, 7.0814000000e+00, 1.0282996667e+04
 1500463500, 1.5106666667e+02, 1.0448666667e+02, 2.4000000000e+01, 1.1899733333e+01, 1.1460333333e+04
 1500463800, 1.9820000000e+02, 1.5208000000e+02, 2.5253333333e+01, 1.6045600000e+01, 1.6786156667e+04
 1500464100, 2.2130000000e+02, 1.7420000000e+02, 2.8520000000e+01, 2.0332400000e+01, 2.1191500000e+04
 1500464400, 2.3000000000e+02, 1.8000000000e+02, 3.2000000000e+01, 2.3660800000e+01, 2.1660340000e+04
 1500464700, 2.3000000000e+02, 1.7996000000e+02, 3.2000000000e+01, 2.6042900000e+01, 2.2131710000e+04
 1500465000, 2.3000000000e+02, 1.7800000000e+02, 3.2000000000e+01, 2.7766200000e+01, 2.2222020000e+04
 1500465300, 2.3000000000e+02, 1.7800000000e+02, 3.3640000000e+01, 2.8995766667e+01, 2.2212893333e+04
 1500465600, 2.3000000000e+02, 1.7800000000e+02, 3.2760000000e+01, 2.9885766667e+01, 2.2262663333e+04
 1500465900, 2.3000000000e+02, 1.7884000000e+02, 3.2000000000e+01, 3.0503166667e+01, 2.2397120000e+04
 1500466200, 2.3111666667e+02, 1.7910666667e+02, 3.2893333333e+01, 3.1041266667e+01, 2.2388326667e+04
 1500466500, 2.3400000000e+02, 1.7516000000e+02, 3.5840000000e+01, 3.1637566667e+01, 2.2433893333e+04
 1500466800, 1.8500000000e+02, 1.3400000000e+02, 2.8000000000e+01, 3.2320966667e+01, 2.2525956667e+04
 1500467100, 1.3620000000e+02, 8.8453333333e+01, 2.4746666667e+01, 3.2866266667e+01, 2.2601193333e+04
 1500467400, 1.1886666667e+02, 7.4320000000e+01, 2.4000000000e+01, 3.3251933333e+01, 2.2577646667e+04
 1500467700, 1.1913333333e+02, 7.4480000000e+01, 2.4000000000e+01, 3.3539233333e+01, 2.2599613333e+04
 1500468000, 1.3313333333e+02, 8.4100000000e+01, 2.6033333333e+01, 3.3733400000e+01, 2.2519956667e+04
 1500468300, 1.6825000000e+02, 1.1168333333e+02, 3.3783333333e+01, 3.3865750000e+01, 2.2392076667e+04
 1500468600, 1.9225000000e+02, 1.3888333333e+02, 3.2183333333e+01, 3.3833316667e+01, 2.1663123333e+04
 1500468900, 2.0735000000e+02, 1.6176000000e+02, 2.7060000000e+01, 3.3548700000e+01, 2.1380130000e+04
 1500469200, 2.1940000000e+02, 1.7101333333e+02, 3.1013333333e+01, 3.2900800000e+01, 2.1341746667e+04
 1500469500, 2.2500000000e+02, 1.7485333333e+02, 3.3146666667e+01, 3.2017200000e+01, 2.1524266667e+04
 1500469800, 2.2500000000e+02, 1.7554666667e+02, 3.2000000000e+01, 3.1200533333e+01, 2.1626773333e+04
 1500470100, 2.2460000000e+02, 1.7378666667e+02, 3.1840000000e+01, 2.9692666667e+01, 1.4044960000e+04
 1500470400, 2.1000000000e+02, 1.6600000000e+02, 2.6000000000e+01, 2.7375333333e+01, 1.2225066667e+04
 1500470700, 2.1000000000e+02, 1.6434666667e+02, 2.6000000000e+01, 2.5377400000e+01, 1.2211783333e+04
 1500471000, 2.1000000000e+02, 1.6400000000e+02, 2.7253333333e+01, 2.4038533333e+01, 1.2228180000e+04
 1500471300, 2.0173333333e+02, 1.5325333333e+02, 2.8826666667e+01, 2.3270933333e+01, 1.2149863333e+04
 1500471600, 1.7170000000e+02, 1.2051333333e+02, 2.8780000000e+01, 2.2667933333e+01, 1.1936403333e+04
 1500471900, 9.9666666667e+01, 5.1733333333e+01, 2.4000000000e+01, 2.1957333333e+01, 1.1727900000e+04
 1500472200, 8.0000000000e+01, 3.6000000000e+01, 2.4000000000e+01, 2.1055200000e+01, 1.1366720000e+04
 1500472500, 8.8133333333e+01, 4.2506666667e+01, 2.4000000000e+01, 1.9974966667e+01, 1.0941860000e+04
 1500472800, 1.4326666667e+02, 9.0373333333e+01, 3.1520000000e+01, 1.7894800000e+01, 8.9272133333e+03
 1500473100, 1.2166666667e+02, 7.7893333333e+01, 2.4906666667e+01, 1.3487466667e+01, 7.8523466667e+03
 1500473400, 5.0000000000e+01, 2.4000000000e+01, 1.0000000000e+01, 9.8069333333e+00, 7.8518533333e+03
 1500473700, 5.0000000000e+01, 2.4000000000e+01, 1.0000000000e+01, 7.1278333333e+00, 7.8534033333e+03
 1500474000, 5.0000000000e+01, 2.4000000000e+01, 1.0000000000e+01, 5.1750666667e+00, 7.8532266667e+03
 1500474300, 5.0000000000e+01, 2.4000000000e+01, 1.0000000000e+01, 3.7633333333e+00, 7.8546266667e+03
 1500474600, 5.0000000000e+01, 2.4000000000e+01, 1.0000000000e+01, 2.7681333333e+00, 7.8567466667e+03
 1500474900, 6.0666666667e+01, 2.8266666667e+01, 1.5120000000e+01, 2.0420000000e+00, 7.8564000000e+03
 1500475200, 6.9333333333e+01, 3.1733333333e+01, 1.9280000000e+01, 1.5245333333e+00, 7.8570266667e+03
 1500475500, 5.0000000000e+01, 2.4000000000e+01, 1.0000000000e+01, 1.1369333333e+00, 7.8563733333e+03
 1500475800, 5.0000000000e+01, 2.4000000000e+01, 1.0000000000e+01, 8.4413333333e-01, 7.8566266667e+03
 1500476100, 5.0000000000e+01, 2.4000000000e+01, 1.0000000000e+01, 6.4293333333e-01, 7.8569733333e+03
 1500476400, 5.0000000000e+01, 2.4000000000e+01, 1.0000000000e+01, 4.9933333333e-01, 7.8574266667e+03
 1500476700, 5.0000000000e+01, 2.4000000000e+01, 1.0000000000e+01, 3.9760000000e-01, 7.8574266667e+03
 1500477000, 5.0000000000e+01, 2.4000000000e+01, 1.0000000000e+01, 3.2213333333e-01, 7.8581466667e+03
 1500477300, 5.0000000000e+01, 2.4000000000e+01, 1.0000000000e+01, 2.5446666667e-01, 7.8582333333e+03
 1500477600, 5.0000000000e+01, 2.4000000000e+01, 1.0000000000e+01, 2.0693333333e-01, 7.8586000000e+03
 1500477900, 5.0000000000e+01, 2.4000000000e+01, 1.0000000000e+01, 1.6266666667e-01, 7.8567733333e+03
 1500478200, 5.0000000000e+01, 2.4000000000e+01, 1.0000000000e+01, 1.3000000000e-01, 7.8566533333e+03
 1500478500, 5.0000000000e+01, 2.4000000000e+01, 1.0000000000e+01, 1.3600000000e-01, 7.8577733333e+03
 1500478800, 5.0000000000e+01, 2.4000000000e+01, 1.0000000000e+01, 1.1320000000e-01, 7.8574800000e+03
 1500479100, 5.0000000000e+01, 2.4000000000e+01, 1.0000000000e+01, 1.1026666667e-01, 7.8608533333e+03
 1500479400, 5.0000000000e+01, 2.4000000000e+01, 1.0000000000e+01, 1.0546666667e-01, 7.8611200000e+03
 1500479700, 5.0000000000e+01, 2.4000000000e+01, 1.0000000000e+01, 9.8266666667e-02, 7.8597466667e+03
 1500480000, 5.0000000000e+01, 2.4000000000e+01, 1.0000000000e+01, 9.5333333333e-02, 7.8604933333e+03
 1500480300, 5.4266666667e+01, 2.5706666667e+01, 1.2560000000e+01, 2.6066666667e-01, 7.8806933333e+03
 1500480600, 6.0000000000e+01, 2.8453333333e+01, 1.5546666667e+01, 4.8533333333e-01, 7.8808266667e+03
 1500480900, 5.9866666667e+01, 2.9893333333e+01, 1.4000000000e+01, 6.8280000000e-01, 7.8800533333e+03
 1500481200, 5.5000000000e+01, 2.6000000000e+01, 1.4000000000e+01, 8.2693333333e-01, 7.8809200000e+03
 1500481500, 5.5000000000e+01, 2.6000000000e+01, 1.4000000000e+01, 9.2613333333e-01, 7.8798000000e+03
 1500481800, 5.1866666667e+01, 2.4746666667e+01, 1.2746666667e+01, 9.8280000000e-01, 7.8791733333e+03
 1500482100, 5.8533333333e+01, 2.7413333333e+01, 1.5413333333e+01, 1.0130666667e+00, 7.8789733333e+03
 1500482400, 6.6600000000e+01, 3.0640000000e+01, 1.8186666667e+01, 1.0548000000e+00, 7.8790800000e+03
 1500482700, 5.5133333333e+01, 2.6053333333e+01, 1.2053333333e+01, 1.0805333333e+00, 7.8804000000e+03
 1500483000, 6.0000000000e+01, 2.8000000000e+01, 1.4000000000e+01, 1.0908000000e+00, 7.8811733333e+03
 1500483300, 7.2400000000e+01, 3.2960000000e+01, 2.0613333333e+01, 1.1262666667e+00, 7.8814000000e+03
 1500483600, 6.2466666667e+01, 2.8986666667e+01, 1.6986666667e+01, 1.1317333333e+00, 7.8792266667e+03
 1500483900, 5.9266666667e+01, 2.7706666667e+01, 1.5706666667e+01, 1.1137333333e+00, 7.8793733333e+03
 1500484200, 6.3866666667e+01, 2.8640000000e+01, 1.7546666667e+01, 1.1040000000e+00, 7.8786000000e+03
 1500484500, 6.0000000000e+01, 2.4106666667e+01, 1.5946666667e+01, 1.0974666667e+00, 7.8782266667e+03
 1500484800, 6.0000000000e+01, 2.8000000000e+01, 1.4000000000e+01, 1.0860000000e+00, 7.8797733333e+03
 1500485100, 6.0000000000e+01, 2.9653333333e+01, 1.4000000000e+01, 1.0940000000e+00, 7.8792266667e+03
 1500485400, 5.6866666667e+01, 2.7493333333e+01, 1.2746666667e+01, 1.0920000000e+00, 7.8804000000e+03
 1500485700, 5.7133333333e+01, 2.6000000000e+01, 1.2853333333e+01, 1.0968000000e+00, 7.8812266667e+03
 1500486000, 6.0000000000e+01, 2.6453333333e+01, 1.4000000000e+01, 1.1260000000e+00, 7.8806000000e+03
 1500486300, 5.9866666667e+01, 2.7946666667e+01, 1.3946666667e+01, 1.1302666667e+00, 7.8814000000e+03
 1500486600, 5.5000000000e+01, 2.6000000000e+01, 1.2000000000e+01, 1.1340000000e+00, 7.8804266667e+03
 1500486900, 6.7400000000e+01, 2.9306666667e+01, 1.8613333333e+01, 1.1320000000e+00, 7.8804000000e+03
 1500487200, 6.6866666667e+01, 3.0000000000e+01, 1.8746666667e+01, 1.1340000000e+00, 7.8804000000e+03
 1500487500, 6.5000000000e+01, 3.0000000000e+01, 1.8000000000e+01, 1.1368000000e+00, 7.8822266667e+03
 1500487800, 6.3866666667e+01, 2.9546666667e+01, 1.7546666667e+01, 1.1472000000e+00, 7.8824533333e+03
 1500488100, 6.0000000000e+01, 2.8000000000e+01, 1.5946666667e+01, 1.1257333333e+00, 7.8824000000e+03
 1500488400, 6.0000000000e+01, 2.8000000000e+01, 1.4000000000e+01, 1.1180000000e+00, 7.8820000000e+03
 1500488700, 6.0000000000e+01, 2.8000000000e+01, 1.4000000000e+01, 1.1305333333e+00, 7.8822000000e+03
 1500489000, 6.0000000000e+01, 2.8000000000e+01, 1.5253333333e+01, 1.1337333333e+00, 7.8814533333e+03
 1500489300, 6.4266666667e+01, 2.9706666667e+01, 1.7706666667e+01, 1.1320000000e+00, 7.8826400000e+03
 1500489600, 7.0000000000e+01, 3.2000000000e+01, 2.0000000000e+01, 1.1405333333e+00, 7.8820000000e+03
 1500489900, 7.0000000000e+01, 3.2053333333e+01, 2.0000000000e+01, 1.1497333333e+00, 7.8806000000e+03
 1500490200, 7.0000000000e+01, 3.4000000000e+01, 2.0000000000e+01, 1.0205333333e+00, 7.8743866667e+03
 1500490500, 5.7600000000e+01, 2.9040000000e+01, 1.1733333333e+01, 7.5986666667e-01, 7.8738000000e+03
 1500490800, 5.1866666667e+01, 2.5493333333e+01, 1.0000000000e+01, 5.5346666667e-01, 7.8725733333e+03
 1500491100, 5.0000000000e+01, 2.4000000000e+01, 1.0000000000e+01, 4.1760000000e-01, 7.8735733333e+03
 1500491400, 5.0000000000e+01, 2.4000000000e+01, 1.0000000000e+01, 3.3813333333e-01, 7.8728800000e+03
 1500491700, 5.0133333333e+01, 2.4000000000e+01, 1.0000000000e+01, 2.7840000000e-01, 7.8745733333e+03
 1500492000, 5.5000000000e+01, 2.4000000000e+01, 1.0000000000e+01, 2.2346666667e-01, 7.8744000000e+03
 1500492300, 5.5000000000e+01, 2.4000000000e+01, 1.0000000000e+01, 1.9440000000e-01, 7.8744266667e+03
 1500492600, 5.5000000000e+01, 2.4000000000e+01, 1.1253333333e+01, 1.4720000000e-01, 7.8728000000e+03
 1500492900, 5.2866666667e+01, 2.4000000000e+01, 1.1146666667e+01, 1.2546666667e-01, 7.8741733333e+03
 1500493200, 5.1133333333e+01, 2.4000000000e+01, 1.0000000000e+01, 1.1080000000e-01, 7.8738266667e+03
 1500493500, 5.5000000000e+01, 2.4000000000e+01, 1.0000000000e+01, 1.4253333333e-01, 7.8737733333e+03
 1500493800, 5.5000000000e+01, 2.4000000000e+01, 1.0000000000e+01, 1.5346666667e-01, 7.8736000000e+03
 1500494100, 5.5000000000e+01, 2.4000000000e+01, 1.1653333333e+01, 1.3373333333e-01, 7.8734000000e+03
 1500494400, 5.1866666667e+01, 2.4000000000e+01, 1.0746666667e+01, 1.2400000000e-01, 7.8748533333e+03
 1500494700, 5.0000000000e+01, 2.4000000000e+01, 1.0000000000e+01, 1.3200000000e-01, 7.8748266667e+03
 1500495000, 5.0000000000e+01, 2.4000000000e+01, 1.0000000000e+01, 1.2573333333e-01, 7.8759200000e+03
 1500495300, 5.0000000000e+01, 2.4000000000e+01, 1.0000000000e+01, 1.2453333333e-01, 7.8758266667e+03
 1500495600, 5.0000000000e+01, 2.4000000000e+01, 1.0000000000e+01, 1.2746666667e-01, 7.8746000000e+03
 1500495900, 5.0000000000e+01, 2.4000000000e+01, 1.0000000000e+01, 1.3053333333e-01, 7.8736000000e+03
 1500496200, 5.0000000000e+01, 2.4000000000e+01, 1.0000000000e+01, 1.4773333333e-01, 7.8750266667e+03
 1500496500, 5.0000000000e+01, 2.4000000000e+01, 1.0000000000e+01, 1.4000000000e-01, 7.8747733333e+03
 1500496800, 5.0000000000e+01, 2.4000000000e+01, 1.0000000000e+01, 1.3000000000e-01, 7.8744000000e+03
 1500497100, 5.0000000000e+01, 2.4000000000e+01, 1.0000000000e+01, 1.2373333333e-01, 7.8748266667e+03
 1500497400, 5.0000000000e+01, 2.4000000000e+01, 1.0000000000e+01, 1.1373333333e-01, 7.8758266667e+03
 1500497700, 5.0000000000e+01, 2.4000000000e+01, 1.0000000000e+01, 1.1826666667e-01, 7.8764000000e+03
 1500498000, 5.0000000000e+01, 2.4000000000e+01, 1.0000000000e+01, 1.2053333333e-01, 7.8768000000e+03
 1500498300, 5.2133333333e+01, 2.4000000000e+01, 1.0000000000e+01, 1.2546666667e-01, 7.8756000000e+03
 1500498600, 5.3866666667e+01, 2.4000000000e+01, 1.0000000000e+01, 1.0946666667e-01, 7.8760266667e+03
 1500498900, 5.0000000000e+01, 2.4053333333e+01, 1.0000000000e+01, 1.0200000000e-01, 7.8766266667e+03
 1500499200, 5.0000000000e+01, 2.6000000000e+01, 1.0000000000e+01, 8.9200000000e-02, 7.8768000000e+03
 1500499500, 5.0000000000e+01, 2.4346666667e+01, 1.0000000000e+01, 8.4533333333e-02, 7.8763200000e+03
 1500499800, 5.3133333333e+01, 2.4000000000e+01, 1.1253333333e+01, 9.2533333333e-02, 7.8760266667e+03
 1500500100, 5.5000000000e+01, 2.4000000000e+01, 1.2000000000e+01, 1.2880000000e-01, 7.8768533333e+03
 1500500400, 5.3866666667e+01, 2.4000000000e+01, 1.1546666667e+01, 1.3800000000e-01, 7.8765466667e+03
 1500500700, 5.0133333333e+01, 2.4053333333e+01, 1.0053333333e+01, 1.3800000000e-01, 7.8766000000e+03
 1500501000, 5.5000000000e+01, 2.6000000000e+01, 1.2000000000e+01, 1.3573333333e-01, 7.8766000000e+03
 1500501300, 5.0866666667e+01, 2.4346666667e+01, 1.0346666667e+01, 1.2973333333e-01, 7.8754000000e+03
 1500501600, 5.0000000000e+01, 2.4000000000e+01, 1.0000000000e+01, 1.2626666667e-01, 7.8756266667e+03
 1500501900, 5.0000000000e+01, 2.4000000000e+01, 1.0000000000e+01, 1.1746666667e-01, 7.8760266667e+03
 1500502200, 5.0000000000e+01, 2.4000000000e+01, 1.0000000000e+01, 9.7733333333e-02, 7.8762000000e+03
 1500502500, 5.0000000000e+01, 2.4000000000e+01, 1.0000000000e+01, 1.1026666667e-01, 7.8762266667e+03
 1500502800, 5.0000000000e+01, 2.4000000000e+01, 1.0000000000e+01, 1.2253333333e-01, 7.8766533333e+03
 1500503100, 5.0000000000e+01, 2.4000000000e+01, 1.0000000000e+01, 1.3026666667e-01, 7.8777466667e+03
 1500503400, 5.0000000000e+01, 2.4000000000e+01, 1.0000000000e+01, 1.3000000000e-01, 7.8770266667e+03
 1500503700, 5.0000000000e+01, 2.4000000000e+01, 1.0000000000e+01, 1.2546666667e-01, 7.8772266667e+03
 1500504000, 5.0000000000e+01, 2.4000000000e+01, 1.0000000000e+01, 1.2600000000e-01, 7.8762400000e+03
 1500504300, 5.0000000000e+01, 2.4000000000e+01, 1.0000000000e+01, 1.3226666667e-01, 7.8758266667e+03
 1500504600, 5.0000000000e+01, 2.4000000000e+01, 1.0000000000e+01, 1.3173333333e-01, 7.8760000000e+03
 1500504900, 5.0000000000e+01, 2.4000000000e+01, 1.0000000000e+01, 1.2026666667e-01, 7.8765733333e+03
 1500505200, 5.0000000000e+01, 2.4000000000e+01, 1.1253333333e+01, 1.2373333333e-01, 7.8770266667e+03
 1500505500, 5.0000000000e+01, 2.4000000000e+01, 1.1146666667e+01, 1.0946666667e-01, 7.8766000000e+03
 1500505800, 5.0000000000e+01, 2.4000000000e+01, 1.0000000000e+01, 1.0226666667e-01, 7.8770266667e+03
 1500506100, 5.0000000000e+01, 2.4000000000e+01, 1.0000000000e+01, 1.1226666667e-01, 7.8780000000e+03
 1500506400, 5.0000000000e+01, 2.4000000000e+01, 1.0000000000e+01, 1.1773333333e-01, 7.8777733333e+03
 1500506700, 5.0000000000e+01, 2.4000000000e+01, 1.0000000000e+01, 1.0826666667e-01, 7.8774000000e+03
 1500507000, 5.3133333333e+01, 2.6506666667e+01, 1.2506666667e+01, 1.0973333333e-01, 7.8773733333e+03
 1500507300, 5.2866666667e+01, 2.6293333333e+01, 1.2293333333e+01, 9.5733333333e-02, 7.8768800000e+03
 1500507600, 5.0000000000e+01, 2.4000000000e+01, 1.0000000000e+01, 9.4000000000e-02, 7.8767733333e+03
 1500507900, 5.0000000000e+01, 2.4000000000e+01, 1.0000000000e+01, 8.7466666667e-02, 7.8761733333e+03
 1500508200, 5.0000000000e+01, 2.4000000000e+01, 1.0000000000e+01, 7.6000000000e-02, 7.8770533333e+03
 1500508500, 5.0000000000e+01, 2.4000000000e+01, 1.0000000000e+01, 7.5733333333e-02, 7.8775733333e+03
 1500508800, 5.0000000000e+01, 2.4000000000e+01, 1.0000000000e+01, 6.5466666667e-02, 7.8773733333e+03
 1500509100, 5.0000000000e+01, 2.4000000000e+01, 1.0000000000e+01, 5.0000000000e-02, 7.8769466667e+03
 1500509400, 5.0000000000e+01, 2.4000000000e+01, 1.0000000000e+01, 5.0000000000e-02, 7.8766533333e+03
 1500509700, 5.0000000000e+01, 2.4000000000e+01, 1.0000000000e+01, 5.2266666667e-02, 7.8770000000e+03
 1500510000, 5.0000000000e+01, 2.4000000000e+01, 1.0000000000e+01, 7.4533333333e-02, 7.8767733333e+03
 1500510300, 5.0000000000e+01, 2.4000000000e+01, 1.0000000000e+01, 9.4266666667e-02, 7.8750000000e+03
 1500510600, 5.0000000000e+01, 2.4000000000e+01, 1.0000000000e+01, 8.8266666667e-02, 7.8750000000e+03
 1500510900, 5.0000000000e+01, 2.4000000000e+01, 1.0000000000e+01, 1.1026666667e-01, 7.8760000000e+03
 1500511200, 5.0000000000e+01, 2.4000000000e+01, 1.0453333333e+01, 9.5733333333e-02, 7.8758533333e+03
 1500511500, 5.0000000000e+01, 2.4000000000e+01, 1.1946666667e+01, 9.7733333333e-02, 7.8766000000e+03
 1500511800, 5.0000000000e+01, 2.4000000000e+01, 1.0000000000e+01, 8.8000000000e-02, 7.8767733333e+03
 1500512100, 5.0000000000e+01, 2.4000000000e+01, 1.0000000000e+01, 1.0733333333e-01, 7.8770000000e+03
 1500512400, 5.0000000000e+01, 2.4000000000e+01, 1.0000000000e+01, 1.3773333333e-01, 7.8774533333e+03
 1500512700, 5.0000000000e+01, 2.4000000000e+01, 1.0000000000e+01, 1.3826666667e-01, 7.8771466667e+03
 1500513000, 5.0000000000e+01, 2.4000000000e+01, 1.0000000000e+01, 1.3373333333e-01, 7.8762266667e+03
 1500513300, 5.0000000000e+01, 2.4000000000e+01, 1.0000000000e+01, 1.3226666667e-01, 7.8761733333e+03
 1500513600, 5.0000000000e+01, 2.4000000000e+01, 1.0000000000e+01, 1.3146666667e-01, 7.8760266667e+03
 1500513900, 5.0000000000e+01, 2.4000000000e+01, 1.0000000000e+01, 1.1400000000e-01, 7.8770266667e+03
 1500514200, 5.0000000000e+01, 2.4000000000e+01, 1.0000000000e+01, 1.2226666667e-01, 7.8770000000e+03
 1500514500, 5.2133333333e+01, 2.4853333333e+01, 1.0853333333e+01, 1.2173333333e-01, 7.8788533333e+03
 1500514800, 5.5000000000e+01, 2.6000000000e+01, 1.2000000000e+01, 1.2400000000e-01, 7.8795733333e+03
 1500515100, 5.4866666667e+01, 2.5946666667e+01, 1.1946666667e+01, 1.2453333333e-01, 7.8773466667e+03
 1500515400, 5.0000000000e+01, 2.4000000000e+01, 1.0000000000e+01, 1.4173333333e-01, 7.8774533333e+03
 1500515700, 5.0000000000e+01, 2.4000000000e+01, 1.0000000000e+01, 1.3453333333e-01, 7.8786000000e+03
 1500516000, 5.0000000000e+01, 2.4000000000e+01, 1.0000000000e+01, 1.4453333333e-01, 7.8784266667e+03
 1500516300, 5.0000000000e+01, 2.4000000000e+01, 1.0000000000e+01, 1.5120000000e-01, 7.8781733333e+03
 1500516600, 5.0000000000e+01, 2.4000000000e+01, 1.0000000000e+01, 1.3373333333e-01, 7.8771733333e+03
 1500516900, 5.0000000000e+01, 2.4000000000e+01, 1.0000000000e+01, 1.2973333333e-01, 7.8774266667e+03
 1500517200, 5.0000000000e+01, 2.4000000000e+01, 1.0000000000e+01, 1.0773333333e-01, 7.8774000000e+03
 1500517500, 5.0000000000e+01, 2.4000000000e+01, 1.0000000000e+01, 1.0800000000e-01, 7.8776266667e+03
 1500517800, 5.0000000000e+01, 2.4000000000e+01, 1.0000000000e+01, 1.1173333333e-01, 7.8780266667e+03
 1500518100, 5.0000000000e+01, 2.4000000000e+01, 1.0000000000e+01, 9.3733333333e-02, 7.8790266667e+03
 1500518400, 5.0000000000e+01, 2.4000000000e+01, 1.0000000000e+01, 1.2506666667e-01, 7.8784000000e+03
 1500518700, 5.0000000000e+01, 2.4000000000e+01, 1.0000000000e+01, 1.2973333333e-01, 7.8780666667e+03
 1500519000, 5.0000000000e+01, 2.4000000000e+01, 1.0000000000e+01, 1.2453333333e-01, 7.8781733333e+03
 1500519300, 5.0000000000e+01, 2.4000000000e+01, 1.0000000000e+01, 1.4200000000e-01, 7.8776533333e+03
 1500519600, 5.0000000000e+01, 2.4000000000e+01, 1.0000000000e+01, 1.3400000000e-01, 7.8786000000e+03
 1500519900, 5.0000000000e+01, 2.4000000000e+01, 1.0000000000e+01, 1.3946666667e-01, 7.8786000000e+03
 1500520200, 5.0000000000e+01, 2.4000000000e+01, 1.0000000000e+01, 1.2853333333e-01, 7.8789733333e+03
 1500520500, 5.0000000000e+01, 2.4000000000e+01, 1.0000000000e+01, 1.4173333333e-01, 7.8784266667e+03
 1500520800, 5.0000000000e+01, 2.4000000000e+01, 1.0000000000e+01, 1.2773333333e-01, 7.8787733333e+03
 1500521100, 5.0000000000e+01, 2.4000000000e+01, 1.0000000000e+01, 1.2173333333e-01, 7.8792000000e+03
 1500521400, 5.0000000000e+01, 2.4000000000e+01, 1.0000000000e+01, 1.2280000000e-01, 7.8786000000e+03
 1500521700, 5.0000000000e+01, 2.4000000000e+01, 1.0000000000e+01, 1.3346666667e-01, 7.8792533333e+03
 1500522000, 5.0000000000e+01, 2.4000000000e+01, 1.0000000000e+01, 1.2026666667e-01, 7.8787466667e+03
 1500522300, 5.0000000000e+01, 2.4000000000e+01, 1.0000000000e+01, 1.4000000000e-01, 7.8778000000e+03
 1500522600, 5.0000000000e+01, 2.4000000000e+01, 1.0000000000e+01, 1.3626666667e-01, 7.8782266667e+03
 1500522900, 5.0000000000e+01, 2.4000000000e+01, 1.1653333333e+01, 1.3746666667e-01, 7.8788000000e+03
 1500523200, 5.0000000000e+01, 2.4000000000e+01, 1.0746666667e+01, 1.3026666667e-01, 7.8783466667e+03
 1500523500, 5.0000000000e+01, 2.4000000000e+01, 1.0000000000e+01, 1.2400000000e-01, 7.8774533333e+03
 1500523800, 5.0000000000e+01, 2.4000000000e+01, 1.0000000000e+01, 1.2120000000e-01, 7.8800266667e+03
 1500524100, 5.0000000000e+01, 2.4000000000e+01, 1.0000000000e+01, 1.1053333333e-01, 7.8810266667e+03
 1500524400, 5.0000000000e+01, 2.4000000000e+01, 1.0000000000e+01, 1.1146666667e-01, 7.8807466667e+03
 1500524700, 5.0000000000e+01, 2.4000000000e+01, 1.0000000000e+01, 1.0626666667e-01, 7.8802266667e+03
 1500525000, 5.0000000000e+01, 2.4000000000e+01, 1.0000000000e+01, 1.0973333333e-01, 7.8798000000e+03
 1500525300, 5.0000000000e+01, 2.4000000000e+01, 1.0000000000e+01, 1.1626666667e-01, 7.8796266667e+03
 1500525600, 5.0000000000e+01, 2.4000000000e+01, 1.0000000000e+01, 1.1200000000e-01, 7.8800000000e+03
 1500525900, 5.0000000000e+01, 2.4000000000e+01, 1.0000000000e+01, 9.8000000000e-02, 7.8798000000e+03
 1500526200, 5.0000000000e+01, 2.4000000000e+01, 1.0000000000e+01, 1.1200000000e-01, 7.8799466667e+03
 1500526500, 5.0000000000e+01, 2.4000000000e+01, 1.0000000000e+01, 1.1826666667e-01, 7.8798266667e+03
 1500526800, 5.0000000000e+01, 2.4000000000e+01, 1.0000000000e+01, 1.2026666667e-01, 7.8796000000e+03
 1500527100, 5.0000000000e+01, 2.4000000000e+01, 1.0000000000e+01, 1.2800000000e-01, 7.8798266667e+03
 1500527400, 5.1133333333e+01, 2.4906666667e+01, 1.0453333333e+01, 1.1720000000e-01, 7.8805466667e+03
 1500527700, 5.4866666667e+01, 2.7893333333e+01, 1.1946666667e+01, 1.0426666667e-01, 7.8786533333e+03
 1500528000, 5.0000000000e+01, 2.4000000000e+01, 1.0000000000e+01, 9.9733333333e-02, 7.8792000000e+03
 1500528300, 5.0000000000e+01, 2.4000000000e+01, 1.1653333333e+01, 1.0600000000e-01, 7.8793733333e+03
 1500528600, 5.3133333333e+01, 2.5253333333e+01, 1.2000000000e+01, 9.3733333333e-02, 7.8794533333e+03
 1500528900, 5.5000000000e+01, 2.6000000000e+01, 1.2000000000e+01, 8.8000000000e-02, 7.8799733333e+03
 1500529200, 5.3866666667e+01, 2.5546666667e+01, 1.2000000000e+01, 1.0853333333e-01, 7.8798266667e+03
 1500529500, 5.0000000000e+01, 2.4000000000e+01, 1.1946666667e+01, 1.0800000000e-01, 7.8803466667e+03
 1500529800, 5.0000000000e+01, 2.4000000000e+01, 1.0000000000e+01, 1.0573333333e-01, 7.8806000000e+03
 1500530100, 5.0000000000e+01, 2.4000000000e+01, 1.0000000000e+01, 1.0573333333e-01, 7.8795733333e+03
 1500530400, 5.0000000000e+01, 2.4000000000e+01, 1.0000000000e+01, 8.1200000000e-02, 7.8786266667e+03
 1500530700, 5.0000000000e+01, 2.4000000000e+01, 1.0000000000e+01, 5.8533333333e-02, 7.8786000000e+03
 1500531000, 5.0000000000e+01, 2.4000000000e+01, 1.0000000000e+01, 6.8266666667e-02, 7.8786266667e+03
 1500531300, 5.0000000000e+01, 2.4000000000e+01, 1.0000000000e+01, 8.3733333333e-02, 7.8790533333e+03
 1500531600, 5.0000000000e+01, 2.4000000000e+01, 1.0000000000e+01, 8.4533333333e-02, 7.8802000000e+03
 1500531900, 5.0000000000e+01, 2.4000000000e+01, 1.0000000000e+01, 8.9466666667e-02, 7.8794000000e+03
 1500532200, 5.0000000000e+01, 2.4000000000e+01, 1.0000000000e+01, 7.3733333333e-02, 7.8783733333e+03
 1500532500, 5.0000000000e+01, 2.4000000000e+01, 1.0000000000e+01, 7.6266666667e-02, 7.8786000000e+03
 1500532800, 5.0000000000e+01, 2.4000000000e+01, 1.0000000000e+01, 8.2266666667e-02, 7.8786266667e+03
 1500533100, 5.0000000000e+01, 2.4000000000e+01, 1.0000000000e+01, 8.3733333333e-02, 7.8796266667e+03
 1500533400, 5.0000000000e+01, 2.4000000000e+01, 1.0000000000e+01, 7.4266666667e-02, 7.8793733333e+03
 1500533700, 5.4133333333e+01, 2.5653333333e+01, 1.0000000000e+01, 1.0026666667e-01, 7.8788933333e+03
 1500534000, 5.1866666667e+01, 2.4746666667e+01, 1.0000000000e+01, 1.0400000000e-01, 7.8792533333e+03
 1500534300, 5.0000000000e+01, 2.4000000000e+01, 1.0000000000e+01, 9.8000000000e-02, 7.8793733333e+03
 1500534600, 5.0000000000e+01, 2.4000000000e+01, 1.0000000000e+01, 1.1026666667e-01, 7.8787733333e+03
 1500534900, 5.0000000000e+01, 2.4000000000e+01, 1.0000000000e+01, 1.0800000000e-01, 7.8788266667e+03
 1500535200, 5.0000000000e+01, 2.4000000000e+01, 1.0000000000e+01, 1.0346666667e-01, 7.8793733333e+03
 1500535500, 5.0000000000e+01, 2.4000000000e+01, 1.0000000000e+01, 8.6000000000e-02, 7.8786000000e+03
 1500535800, 5.0000000000e+01, 2.4000000000e+01, 1.0000000000e+01, 8.1733333333e-02, 7.8788266667e+03
 1500536100, 5.0000000000e+01, 2.4000000000e+01, 1.0000000000e+01, 8.8800000000e-02, 7.8810533333e+03
 1500536400, 5.0000000000e+01, 2.4000000000e+01, 1.0000000000e+01, 1.0400000000e-01, 7.8817200000e+03
 1500536700, 5.0000000000e+01, 2.4000000000e+01, 1.0000000000e+01, 1.2000000000e-01, 7.8804800000e+03
 1500537000, 5.0000000000e+01, 2.4000000000e+01, 1.0000000000e+01, 1.3280000000e-01, 7.8797733333e+03
 1500537300, 5.0000000000e+01, 2.4000000000e+01, 1.0000000000e+01, 1.3600000000e-01, 7.8797466667e+03
 1500537600, 5.0000000000e+01, 2.4000000000e+01, 1.0000000000e+01, 1.3400000000e-01, 7.8790000000e+03
 1500537900, 5.0000000000e+01, 2.4000000000e+01, 1.0000000000e+01, 1.3373333333e-01, 7.8792000000e+03
 1500538200, 5.0000000000e+01, 2.4000000000e+01, 1.0000000000e+01, 1.1720000000e-01, 7.8794533333e+03
 1500538500, 5.0000000000e+01, 2.4000000000e+01, 1.0000000000e+01, 1.0173333333e-01, 7.8804266667e+03
 1500538800, 5.0000000000e+01, 2.4000000000e+01, 1.0000000000e+01, 9.8533333333e-02, 7.8815466667e+03
 1500539100, 5.0000000000e+01, 2.4000000000e+01, 1.0000000000e+01, 1.2253333333e-01, 7.8806000000e+03
 1500539400, 5.0000000000e+01, 2.4000000000e+01, 1.0000000000e+01, 1.3226666667e-01, 7.8800000000e+03
 1500539700, 5.0000000000e+01, 2.4000000000e+01, 1.0000000000e+01, 1.3600000000e-01, 7.8798000000e+03
 1500540000, 5.0000000000e+01, 2.4000000000e+01, 1.0000000000e+01, 1.4826666667e-01, 7.8800000000e+03
 1500540300, 5.0000000000e+01, 2.4000000000e+01, 1.0000000000e+01, 1.4853333333e-01, 7.8796000000e+03
 1500540600, 5.0000000000e+01, 2.4000000000e+01, 1.0000000000e+01, 1.5946666667e-01, 7.8798000000e+03
 1500540900, 5.0000000000e+01, 2.4000000000e+01, 1.0000000000e+01, 1.3973333333e-01, 7.8800000000e+03
 1500541200, 5.0000000000e+01, 2.4000000000e+01, 1.0000000000e+01, 1.3746666667e-01, 7.8802000000e+03
 1500541500, 5.0000000000e+01, 2.4000000000e+01, 1.0000000000e+01, 1.2226666667e-01, 7.8796000000e+03
 1500541800, 5.0000000000e+01, 2.4000000000e+01, 1.0000000000e+01, 1.2600000000e-01, 7.8802000000e+03
 1500542100, 5.0000000000e+01, 2.4000000000e+01, 1.0053333333e+01, 1.2146666667e-01, 7.8812533333e+03
 1500542400, 5.0000000000e+01, 2.4000000000e+01, 1.2000000000e+01, 1.0400000000e-01, 7.8815733333e+03
 1500542700, 5.0000000000e+01, 2.4000000000e+01, 1.0346666667e+01, 9.5200000000e-02, 7.8793733333e+03
 1500543000, 5.0000000000e+01, 2.4000000000e+01, 1.1253333333e+01, 8.4000000000e-02, 7.8800266667e+03
 1500543300, 5.2133333333e+01, 2.4853333333e+01, 1.2000000000e+01, 9.1066666667e-02, 7.8804000000e+03
 1500543600, 5.3866666667e+01, 2.5546666667e+01, 1.2000000000e+01, 1.0973333333e-01, 7.8806000000e+03
 1500543900, 5.0000000000e+01, 2.4000000000e+01, 1.1946666667e+01, 1.2053333333e-01, 7.8800266667e+03
 1500544200, 5.0000000000e+01, 2.4000000000e+01, 1.0000000000e+01, 1.3000000000e-01, 7.8807733333e+03
 1500544500, 5.0000000000e+01, 2.4000000000e+01, 1.0000000000e+01, 1.2600000000e-01, 7.8818533333e+03
 1500544800, 5.0000000000e+01, 2.4000000000e+01, 1.0000000000e+01, 1.2800000000e-01, 7.8821733333e+03
 1500545100, 5.0000000000e+01, 2.4000000000e+01, 1.0000000000e+01, 1.2546666667e-01, 7.8810000000e+03
 1500545400, 5.0000000000e+01, 2.4000000000e+01, 1.0000000000e+01, 1.1200000000e-01, 7.8802000000e+03
 1500545700, 5.0000000000e+01, 2.4000000000e+01, 1.0000000000e+01, 1.0000000000e-01, 7.8802800000e+03
 1500546000, 5.0000000000e+01, 2.4000000000e+01, 1.0000000000e+01, 1.2276666667e-01, 7.8822000000e+03
 1500546300, 5.0000000000e+01, 2.4000000000e+01, 1.0000000000e+01, 1.3400000000e-01, 7.8830000000e+03
 1500546600, 5.0000000000e+01, 2.4000000000e+01, 1.0000000000e+01, 1.3373333333e-01, 7.8818000000e+03
 1500546900, 5.0000000000e+01, 2.4000000000e+01, 1.0000000000e+01, 1.1746666667e-01, 7.8819733333e+03
 1500547200, 5.0000000000e+01, 2.4000000000e+01, 1.0000000000e+01, 1.1480000000e-01, 7.8814800000e+03
 1500547500, 5.0000000000e+01, 2.4000000000e+01, 1.0000000000e+01, 1.2746666667e-01, 7.8828266667e+03
 1500547800, 5.0000000000e+01, 2.4000000000e+01, 1.0000000000e+01, 1.1346666667e-01, 7.8829733333e+03
 1500548100, 5.4133333333e+01, 2.7306666667e+01, 1.0000000000e+01, 1.0853333333e-01, 7.8829733333e+03
 1500548400, 5.1866666667e+01, 2.5493333333e+01, 1.0000000000e+01, 1.2826666667e-01, 7.8820666667e+03
 1500548700, 5.0000000000e+01, 2.4000000000e+01, 1.0000000000e+01, 1.2573333333e-01, 7.8804000000e+03
 1500549000, 5.0000000000e+01, 2.4000000000e+01, 1.0000000000e+01, 1.2600000000e-01, 7.8816266667e+03
 1500549300, 5.0000000000e+01, 2.4000000000e+01, 1.0000000000e+01, 1.0320000000e-01, 7.8822266667e+03
 1500549600, 5.0000000000e+01, 2.4000000000e+01, 1.0000000000e+01, 1.1533333333e-01, 7.8815466667e+03
 1500549900, 5.0000000000e+01, 2.4000000000e+01, 1.0000000000e+01, 1.4200000000e-01, 7.8826533333e+03
 1500550200, 5.0000000000e+01, 2.4000000000e+01, 1.0000000000e+01, 1.3146666667e-01, 7.8826000000e+03
 1500550500, 5.0000000000e+01, 2.4000000000e+01, 1.0000000000e+01, 1.2426666667e-01, 7.8830000000e+03
 1500550800, 5.0000000000e+01, 2.4000000000e+01, 1.0000000000e+01, 1.2173333333e-01, 7.8829600000e+03
 1500551100, 5.0000000000e+01, 2.4000000000e+01, 1.0000000000e+01, 1.2226666667e-01, 7.8820000000e+03
 1500551400, 5.0000000000e+01, 2.4000000000e+01, 1.0000000000e+01, 1.3426666667e-01, 7.8830000000e+03
 1500551700, 5.0000000000e+01, 2.4000000000e+01, 1.0000000000e+01, 1.3573333333e-01, 7.8822000000e+03
 1500552000, 5.0000000000e+01, 2.4000000000e+01, 1.0000000000e+01, 1.2600000000e-01, 7.8814266667e+03
 1500552300, 5.0000000000e+01, 2.4000000000e+01, 1.0000000000e+01, 1.3253333333e-01, 7.8825733333e+03
 1500552600, 5.0000000000e+01, 2.4000000000e+01, 1.0000000000e+01, 1.3093333333e-01, 7.8824000000e+03
 1500552900, 5.0000000000e+01, 2.4000000000e+01, 1.0000000000e+01, 1.1626666667e-01, 7.8820266667e+03
 1500553200, 5.0000000000e+01, 2.4000000000e+01, 1.0000000000e+01, 1.2400000000e-01, 7.8823733333e+03
 1500553500, 5.0000000000e+01, 2.4000000000e+01, 1.0000000000e+01, 1.1173333333e-01, 7.8826000000e+03
 1500553800, 5.0000000000e+01, 2.4000000000e+01, 1.0000000000e+01, 1.0800000000e-01, 7.8822266667e+03
 1500554100, 5.2133333333e+01, 2.5706666667e+01, 1.1706666667e+01, 1.3333333333e-01, 7.8900266667e+03
 1500554400, 9.2400000000e+01, 5.9733333333e+01, 1.8080000000e+01, 3.7037333333e+00, 8.2242933333e+03
 1500554700, 2.1986666667e+02, 1.6794666667e+02, 3.1946666667e+01, 8.6102666667e+00, 8.2429066667e+03
 1500555000, 2.1500000000e+02, 1.6600000000e+02, 3.0000000000e+01, 1.2062266667e+01, 8.1807866667e+03
 1500555300, 2.1086666667e+02, 1.6434666667e+02, 2.8346666667e+01, 1.4583200000e+01, 8.2467866667e+03
 1500555600, 2.1626666667e+02, 1.6650666667e+02, 3.0506666667e+01, 1.6363866667e+01, 8.2321066667e+03
 1500555900, 2.2640000000e+02, 1.7397333333e+02, 3.2853333333e+01, 1.7595200000e+01, 8.2449200000e+03
 1500556200, 2.3160000000e+02, 1.7882666667e+02, 3.3093333333e+01, 1.8454400000e+01, 8.2570000000e+03
 1500556500, 2.2000000000e+02, 1.6810666667e+02, 3.0053333333e+01, 1.9071733333e+01, 8.2901733333e+03
 1500556800, 2.2000000000e+02, 1.7200000000e+02, 3.2000000000e+01, 1.9590133333e+01, 8.3024533333e+03
 1500557100, 2.3240000000e+02, 1.8192000000e+02, 3.2000000000e+01, 1.9944533333e+01, 8.2030000000e+03
 1500557400, 2.3500000000e+02, 1.8400000000e+02, 3.2000000000e+01, 2.0272533333e+01, 8.2340133333e+03
 1500557700, 2.2646666667e+02, 1.7717333333e+02, 2.9440000000e+01, 2.0503200000e+01, 8.2267600000e+03
 1500558000, 2.1840000000e+02, 1.7117333333e+02, 2.6906666667e+01, 2.0467200000e+01, 8.2803866667e+03
 1500558300, 2.2920000000e+02, 1.8130666667e+02, 2.9893333333e+01, 2.0543200000e+01, 8.2419866667e+03
 1500558600, 2.0000000000e+02, 1.5600000000e+02, 2.6000000000e+01, 2.0732133333e+01, 8.2136266667e+03
 1500558900, 2.2066666667e+02, 1.7253333333e+02, 2.9306666667e+01, 2.0806366667e+01, 8.2203833333e+03
 1500559200, 2.1246666667e+02, 1.6597333333e+02, 2.8746666667e+01, 2.0968800000e+01, 8.2382666667e+03
 1500559500, 2.0713333333e+02, 1.6085333333e+02, 2.8853333333e+01, 2.1037200000e+01, 8.1666266667e+03
 1500559800, 2.1453333333e+02, 1.6653333333e+02, 2.9546666667e+01, 2.1014533333e+01, 8.2465466667e+03
 1500560100, 2.2920000000e+02, 1.8136000000e+02, 2.7946666667e+01, 2.1150266667e+01, 8.2413066667e+03
 1500560400, 2.0000000000e+02, 1.5800000000e+02, 2.6000000000e+01, 2.1158666667e+01, 8.2347733333e+03
 1500560700, 1.9586666667e+02, 1.5138666667e+02, 2.6000000000e+01, 2.1176133333e+01, 8.2477066667e+03
 1500561000, 1.9500000000e+02, 1.4749333333e+02, 2.9760000000e+01, 2.1229866667e+01, 8.2123866667e+03
 1500561300, 2.0993333333e+02, 1.6136000000e+02, 3.1146666667e+01, 2.1148000000e+01, 8.2589466667e+03
 1500561600, 2.2546666667e+02, 1.7792000000e+02, 2.9546666667e+01, 2.1193200000e+01, 8.2650533333e+03
 1500561900, 2.1000000000e+02, 1.6394666667e+02, 2.8053333333e+01, 2.1214266667e+01, 8.2433200000e+03
 1500562200, 2.1000000000e+02, 1.6200000000e+02, 3.0000000000e+01, 2.1090133333e+01, 8.1998666667e+03
 1500562500, 2.0173333333e+02, 1.5538666667e+02, 2.6693333333e+01, 2.0923066667e+01, 8.2282266667e+03
 1500562800, 2.2193333333e+02, 1.7154666667e+02, 3.1013333333e+01, 2.0880800000e+01, 8.2611066667e+03
 1500563100, 2.3286666667e+02, 1.8114666667e+02, 3.2293333333e+01, 2.1034133333e+01, 8.2452533333e+03
 1500563400, 2.2660000000e+02, 1.7682666667e+02, 3.0453333333e+01, 2.1066933333e+01, 8.2518800000e+03
 1500563700, 2.1433333333e+02, 1.6541333333e+02, 3.1840000000e+01, 2.1019733333e+01, 8.2411733333e+03
 1500564000, 1.9000000000e+02, 1.4400000000e+02, 2.6000000000e+01, 2.1014933333e+01, 8.1956800000e+03
 1500564300, 2.2306666667e+02, 1.7541333333e+02, 2.9306666667e+01, 2.0997333333e+01, 8.2430933333e+03
 1500564600, 2.0180000000e+02, 1.5317333333e+02, 3.0000000000e+01, 2.1062666667e+01, 8.2117866667e+03
 1500564900, 2.0420000000e+02, 1.5562666667e+02, 2.9146666667e+01, 2.1109600000e+01, 8.2617200000e+03
 1500565200, 2.2546666667e+02, 1.7701333333e+02, 2.8453333333e+01, 2.1229200000e+01, 8.2822266667e+03
 1500565500, 2.1053333333e+02, 1.6053333333e+02, 3.0053333333e+01, 2.1165066667e+01, 8.2228800000e+03
 1500565800, 2.3000000000e+02, 1.8000000000e+02, 3.2000000000e+01, 2.1178133333e+01, 8.2311600000e+03
 1500566100, 2.0933333333e+02, 1.6016000000e+02, 2.8693333333e+01, 2.1141733333e+01, 8.2214000000e+03
 1500566400, 2.2380000000e+02, 1.7229333333e+02, 3.1760000000e+01, 2.1166133333e+01, 8.2049333333e+03
 1500566700, 2.3286666667e+02, 1.8114666667e+02, 3.2293333333e+01, 2.1415066667e+01, 8.2100533333e+03
 1500567000, 2.3000000000e+02, 1.8045333333e+02, 3.0000000000e+01, 2.1562266667e+01, 8.2102266667e+03
 1500567300, 2.2933333333e+02, 1.8130666667e+02, 3.0000000000e+01, 2.1732200000e+01, 8.2402933333e+03
 1500567600, 2.0500000000e+02, 1.5600000000e+02, 3.0000000000e+01, 2.1896366667e+01, 8.1704000000e+03
 1500567900, 1.9673333333e+02, 1.5269333333e+02, 2.6693333333e+01, 2.1967466667e+01, 8.2201200000e+03
 1500568200, 2.0753333333e+02, 1.6202666667e+02, 2.6000000000e+01, 2.2004133333e+01, 8.1862666667e+03
 1500568500, 2.1926666667e+02, 1.7397333333e+02, 2.6000000000e+01, 2.2210533333e+01, 8.2540800000e+03
 1500568800, 2.2613333333e+02, 1.8154666667e+02, 2.7360000000e+01, 2.2320133333e+01, 8.2690000000e+03
 1500569100, 2.2973333333e+02, 1.7978666667e+02, 3.2000000000e+01, 2.2307733333e+01, 8.2523866667e+03
 1500569400, 2.2000000000e+02, 1.7200000000e+02, 3.2000000000e+01, 2.2262133333e+01, 8.1922533333e+03
 1500569700, 2.1586666667e+02, 1.7034666667e+02, 2.7040000000e+01, 2.2284533333e+01, 8.3055600000e+03
 1500570000, 2.2753333333e+02, 1.7752000000e+02, 2.9760000000e+01, 2.2292533333e+01, 8.3090133333e+03
 1500570300, 2.2860000000e+02, 1.7688000000e+02, 3.2853333333e+01, 2.2330133333e+01, 8.2462400000e+03
 1500570600, 2.1886666667e+02, 1.7000000000e+02, 3.2186666667e+01, 2.2330666667e+01, 8.2141466667e+03
 1500570900, 2.1446666667e+02, 1.6941333333e+02, 2.6053333333e+01, 2.2432400000e+01, 8.2099733333e+03
 1500571200, 1.9500000000e+02, 1.4800000000e+02, 2.8000000000e+01, 2.2326266667e+01, 8.2245200000e+03
 1500571500, 2.0326666667e+02, 1.5626666667e+02, 3.1306666667e+01, 2.2404666667e+01, 8.2879200000e+03
 1500571800, 2.2066666667e+02, 1.7053333333e+02, 3.3253333333e+01, 2.2224800000e+01, 8.2211200000e+03
 1500572100, 2.2360000000e+02, 1.7288000000e+02, 3.2293333333e+01, 2.2098133333e+01, 8.2229466667e+03
 1500572400, 2.1726666667e+02, 1.6962666667e+02, 2.9093333333e+01, 2.2123600000e+01, 8.1816533333e+03
 1500572700, 2.2473333333e+02, 1.8162666667e+02, 2.6053333333e+01, 2.2194666667e+01, 8.2502133333e+03
 1500573000, 2.1500000000e+02, 1.6800000000e+02, 2.8000000000e+01, 2.2148666667e+01, 8.3263866667e+03
 1500573300, 2.0673333333e+02, 1.6138666667e+02, 2.8000000000e+01, 2.2101733333e+01, 8.2339200000e+03
 1500573600, 2.2066666667e+02, 1.7253333333e+02, 2.9253333333e+01, 2.2194133333e+01, 8.2815333333e+03
 1500573900, 2.3213333333e+02, 1.8000000000e+02, 3.1706666667e+01, 2.2261466667e+01, 8.2076000000e+03
 1500574200, 2.2820000000e+02, 1.7456000000e+02, 3.3093333333e+01, 2.2304800000e+01, 8.2207466667e+03
 1500574500, 2.0486666667e+02, 1.5589333333e+02, 3.0053333333e+01, 2.2386400000e+01, 8.2266666667e+03
 1500574800, 2.0000000000e+02, 1.5200000000e+02, 3.2000000000e+01, 2.2268666667e+01, 8.3097466667e+03
 1500575100, 2.0413333333e+02, 1.5365333333e+02, 3.3653333333e+01, 2.2106800000e+01, 8.2729333333e+03
 1500575400, 2.1753333333e+02, 1.6904000000e+02, 3.2746666667e+01, 2.2106400000e+01, 8.2761466667e+03
 1500575700, 2.2713333333e+02, 1.7970666667e+02, 3.1146666667e+01, 2.2057733333e+01, 8.1706800000e+03
 1500576000, 2.2773333333e+02, 1.7928000000e+02, 3.0453333333e+01, 2.2123733333e+01, 8.2599733333e+03
 1500576300, 2.1946666667e+02, 1.6962666667e+02, 3.1893333333e+01, 2.2028133333e+01, 8.2937733333e+03
 1500576600, 2.0000000000e+02, 1.5600000000e+02, 2.8000000000e+01, 2.2077600000e+01, 8.2289066667e+03
 1500576900, 2.0413333333e+02, 1.5765333333e+02, 2.6346666667e+01, 2.2264266667e+01, 8.2264800000e+03
 1500577200, 2.0500000000e+02, 1.5925333333e+02, 2.7253333333e+01, 2.2284666667e+01, 8.2367066667e+03
 1500577500, 2.1566666667e+02, 1.6768000000e+02, 3.0560000000e+01, 2.2348000000e+01, 8.2797466667e+03
 1500577800, 2.2546666667e+02, 1.7482666667e+02, 3.2640000000e+01, 2.2251466667e+01, 8.2227466667e+03
 1500578100, 2.1053333333e+02, 1.6442666667e+02, 2.8000000000e+01, 2.2242133333e+01, 8.2740400000e+03
 1500578400, 2.3000000000e+02, 1.8000000000e+02, 2.8000000000e+01, 2.2241066667e+01, 8.2306266667e+03
 1500578700, 2.3000000000e+02, 1.8000000000e+02, 3.2960000000e+01, 2.2208800000e+01, 8.2962666667e+03
 1500579000, 2.3000000000e+02, 1.8250666667e+02, 3.0240000000e+01, 2.2207866667e+01, 8.1928133333e+03
 1500579300, 2.1720000000e+02, 1.6778666667e+02, 3.0560000000e+01, 2.1948266667e+01, 8.1826266667e+03
 1500579600, 2.0226666667e+02, 1.4872000000e+02, 3.3546666667e+01, 2.1636800000e+01, 8.2632266667e+03
 1500579900, 2.0960000000e+02, 1.5778666667e+02, 3.1840000000e+01, 2.1437733333e+01, 8.2267733333e+03
 1500580200, 1.9500000000e+02, 1.5000000000e+02, 2.6000000000e+01, 2.1310133333e+01, 8.2333200000e+03
 1500580500, 2.1980000000e+02, 1.6984000000e+02, 3.2613333333e+01, 2.1153333333e+01, 8.2493733333e+03
 1500580800, 2.1873333333e+02, 1.7149333333e+02, 3.0240000000e+01, 2.1168133333e+01, 8.1860800000e+03
 1500581100, 2.1926666667e+02, 1.7341333333e+02, 2.8000000000e+01, 2.1210000000e+01, 8.2530533333e+03
 1500581400, 2.1933333333e+02, 1.7256000000e+02, 2.7546666667e+01, 2.1124400000e+01, 8.2212933333e+03
 1500581700, 2.0080000000e+02, 1.5474666667e+02, 2.6053333333e+01, 2.1157066667e+01, 8.2101066667e+03
 1500582000, 2.3000000000e+02, 1.8200000000e+02, 2.8000000000e+01, 2.1136133333e+01, 8.2561466667e+03
 1500582300, 2.2586666667e+02, 1.8034666667e+02, 2.6346666667e+01, 2.1196400000e+01, 8.3065600000e+03
 1500582600, 1.9680000000e+02, 1.4992000000e+02, 2.9760000000e+01, 2.0917466667e+01, 8.1947600000e+03
 1500582900, 1.9920000000e+02, 1.5077333333e+02, 3.2000000000e+01, 2.0933866667e+01, 8.2447200000e+03
 1500583200, 2.2386666667e+02, 1.7509333333e+02, 3.1546666667e+01, 2.0897600000e+01, 8.2262933333e+03
 1500583500, 2.2040000000e+02, 1.7226666667e+02, 3.0053333333e+01, 2.1019600000e+01, 8.2274666667e+03
 1500583800, 2.3500000000e+02, 1.8200000000e+02, 3.2000000000e+01, 2.1032533333e+01, 8.2762800000e+03
 1500584100, 2.3086666667e+02, 1.8034666667e+02, 3.0346666667e+01, 2.1057733333e+01, 8.1652533333e+03
 1500584400, 2.2686666667e+02, 1.7498666667e+02, 3.1253333333e+01, 2.1033466667e+01, 8.2466133333e+03
 1500584700, 2.2923333333e+02, 1.7623333333e+02, 3.2000000000e+01, 2.0964100000e+01, 8.1957533333e+03
 1500585000, 2.3273333333e+02, 1.8200000000e+02, 3.0640000000e+01, 2.1027066667e+01, 8.2134266667e+03
 1500585300, 2.2513333333e+02, 1.8194666667e+02, 2.6213333333e+01, 2.0941200000e+01, 8.2485066667e+03
 1500585600, 2.3000000000e+02, 1.8000000000e+02, 3.4000000000e+01, 2.1020666667e+01, 8.2124666667e+03
 1500585900, 2.2173333333e+02, 1.7504000000e+02, 2.9040000000e+01, 2.1122666667e+01, 8.2104800000e+03
 1500586200, 2.2626666667e+02, 1.7901333333e+02, 2.6746666667e+01, 2.1103200000e+01, 8.2833200000e+03
 1500586500, 2.2786666667e+02, 1.8114666667e+02, 2.6853333333e+01, 2.1082533333e+01, 8.2214533333e+03
 1500586800, 2.2613333333e+02, 1.8000000000e+02, 2.8906666667e+01, 2.1157333333e+01, 8.2474666667e+03
 1500587100, 2.3000000000e+02, 1.7994666667e+02, 3.2000000000e+01, 2.1215066667e+01, 8.1958933333e+03
 1500587400, 2.3000000000e+02, 1.7800000000e+02, 3.2000000000e+01, 2.1355066667e+01, 8.2507866667e+03
 1500587700, 2.3000000000e+02, 1.7965333333e+02, 3.0346666667e+01, 2.1406400000e+01, 8.2091733333e+03
 1500588000, 2.3000000000e+02, 1.8000000000e+02, 2.8746666667e+01, 2.1308933333e+01, 8.2113333333e+03
 1500588300, 2.2146666667e+02, 1.7061333333e+02, 2.8853333333e+01, 2.1368266667e+01, 8.2737066667e+03
 1500588600, 2.1453333333e+02, 1.6344000000e+02, 3.0000000000e+01, 2.1252533333e+01, 8.2359333333e+03
 1500588900, 2.2965000000e+02, 1.8176666667e+02, 2.9906666667e+01, 2.1157866667e+01, 8.2429100000e+03
 1500589200, 2.1500000000e+02, 1.7200000000e+02, 2.6000000000e+01, 2.1183333333e+01, 8.1646533333e+03
 1500589500, 1.9846666667e+02, 1.5381333333e+02, 2.6000000000e+01, 2.1038133333e+01, 8.2870933333e+03
 1500589800, 2.1693333333e+02, 1.7005333333e+02, 2.7253333333e+01, 2.1064400000e+01, 8.2572933333e+03
 1500590100, 2.3213333333e+02, 1.8200000000e+02, 3.0560000000e+01, 2.0991866667e+01, 8.2607466667e+03
 1500590400, 2.2480000000e+02, 1.7338666667e+02, 3.2640000000e+01, 2.1041333333e+01, 8.2556266667e+03
 1500590700, 1.9093333333e+02, 1.4496000000e+02, 2.8000000000e+01, 2.0905466667e+01, 8.2098133333e+03
 1500591000, 2.2500000000e+02, 1.8000000000e+02, 2.8000000000e+01, 2.1136400000e+01, 8.1926800000e+03
 1500591300, 2.2500000000e+02, 1.7338666667e+02, 3.2960000000e+01, 2.1222933333e+01, 8.2305466667e+03
 1500591600, 2.2500000000e+02, 1.7701333333e+02, 2.8986666667e+01, 2.1140400000e+01, 8.2512800000e+03
 1500591900, 2.1433333333e+02, 1.6634666667e+02, 2.8560000000e+01, 2.1063466667e+01, 8.2424800000e+03
 1500592200, 2.0340000000e+02, 1.5162666667e+02, 3.2000000000e+01, 2.1155866667e+01, 8.2144400000e+03
 1500592500, 2.1473333333e+02, 1.6384000000e+02, 3.1893333333e+01, 2.1255733333e+01, 8.2155600000e+03
 1500592800, 2.0500000000e+02, 1.5800000000e+02, 2.8000000000e+01, 2.1211733333e+01, 8.2524266667e+03
 1500593100, 2.2566666667e+02, 1.7618666667e+02, 2.9653333333e+01, 2.1186266667e+01, 8.2198133333e+03
 1500593400, 2.3000000000e+02, 1.8000000000e+02, 3.0000000000e+01, 2.1082000000e+01, 8.2039466667e+03
 1500593700, 2.1506666667e+02, 1.6720000000e+02, 2.8293333333e+01, 2.1094266667e+01, 8.2394933333e+03
 1500594000, 2.0293333333e+02, 1.5725333333e+02, 2.6453333333e+01, 2.1026166667e+01, 8.2041900000e+03
 1500594300, 2.2933333333e+02, 1.8136000000e+02, 2.8000000000e+01, 2.1046000000e+01, 8.2510400000e+03
 1500594600, 2.0500000000e+02, 1.5800000000e+02, 2.8000000000e+01, 2.1089466667e+01, 8.2649733333e+03
 1500594900, 2.2980000000e+02, 1.7784000000e+02, 3.1306666667e+01, 2.1033333333e+01, 8.2586266667e+03
 1500595200, 2.1306666667e+02, 1.6320000000e+02, 2.9493333333e+01, 2.0941733333e+01, 8.2424400000e+03
 1500595500, 2.0426666667e+02, 1.5456000000e+02, 3.0560000000e+01, 2.0940133333e+01, 8.2442533333e+03
 1500595800, 2.1335000000e+02, 1.6291333333e+02, 3.2213333333e+01, 2.1028800000e+01, 8.1704000000e+03
 1500596100, 2.2526666667e+02, 1.8005333333e+02, 2.6213333333e+01, 2.1186233333e+01, 8.2576166667e+03
 1500596400, 2.3500000000e+02, 1.8200000000e+02, 3.4000000000e+01, 2.1166133333e+01, 8.2847466667e+03
 1500596700, 2.0606666667e+02, 1.5885333333e+02, 2.7386666667e+01, 2.1066800000e+01, 8.2497733333e+03
 1500597000, 2.1880000000e+02, 1.7029333333e+02, 2.9760000000e+01, 2.0971866667e+01, 8.2469733333e+03
 1500597300, 2.1506666667e+02, 1.6805333333e+02, 2.9440000000e+01, 2.0955066667e+01, 8.2259333333e+03
 1500597600, 1.9840000000e+02, 1.5336000000e+02, 2.7360000000e+01, 2.0885733333e+01, 8.2194933333e+03
 1500597900, 2.1046666667e+02, 1.5856000000e+02, 3.2000000000e+01, 2.0899433333e+01, 8.1750200000e+03
 1500598200, 2.2993333333e+02, 1.8197333333e+02, 3.1946666667e+01, 2.0909000000e+01, 8.2111366667e+03
 1500598500, 2.2500000000e+02, 1.8000000000e+02, 2.8000000000e+01, 2.0882933333e+01, 8.2320000000e+03
 1500598800, 2.2913333333e+02, 1.7834666667e+02, 3.1306666667e+01, 2.0873866667e+01, 8.2326933333e+03
 1500599100, 2.3000000000e+02, 1.7800000000e+02, 3.2000000000e+01, 2.0828266667e+01, 8.2750400000e+03
 1500599400, 2.2146666667e+02, 1.7117333333e+02, 3.0293333333e+01, 2.0805933333e+01, 8.2073733333e+03
 1500599700, 2.1113333333e+02, 1.6381333333e+02, 2.8000000000e+01, 2.0884933333e+01, 8.2066800000e+03
 1500600000, 2.1540000000e+02, 1.7026666667e+02, 2.8106666667e+01, 2.0876133333e+01, 8.2153600000e+03
 1500600300, 2.3000000000e+02, 1.8000000000e+02, 3.2000000000e+01, 2.0764266667e+01, 8.2671200000e+03
 1500600600, 2.2586666667e+02, 1.7504000000e+02, 3.0346666667e+01, 2.0952833333e+01, 8.1684800000e+03
 1500600900, 2.2186666667e+02, 1.7024000000e+02, 3.1253333333e+01, 2.0945200000e+01, 8.3171866667e+03
 1500601200, 2.1360000000e+02, 1.6373333333e+02, 2.9440000000e+01, 2.1020533333e+01, 8.2441733333e+03
 1500601500, 2.0840000000e+02, 1.5981333333e+02, 2.7360000000e+01, 2.1006800000e+01, 8.2183333333e+03
 1500601800, 2.2026666667e+02, 1.6626666667e+02, 3.2053333333e+01, 2.1124666667e+01, 8.2011466667e+03
 1500602100, 2.3000000000e+02, 1.7600000000e+02, 3.4000000000e+01, 2.1237066667e+01, 8.2175466667e+03
 1500602400, 2.3000000000e+02, 1.7930666667e+02, 3.4000000000e+01, 2.1270400000e+01, 8.2081600000e+03
 1500602700, 2.3000000000e+02, 1.8124666667e+02, 3.2753333333e+01, 2.1247433333e+01, 8.2547500000e+03
 1500603000, 2.2786666667e+02, 1.8200000000e+02, 2.9440000000e+01, 2.1186266667e+01, 8.2486133333e+03
 1500603300, 2.2613333333e+02, 1.8154666667e+02, 2.7360000000e+01, 2.1148533333e+01, 8.2287733333e+03
 1500603600, 2.2946666667e+02, 1.7941333333e+02, 3.2000000000e+01, 2.0931600000e+01, 8.2487733333e+03
 1500603900, 2.1000000000e+02, 1.5800000000e+02, 3.2000000000e+01, 2.0940400000e+01, 8.2559200000e+03
 1500604200, 2.1000000000e+02, 1.6461333333e+02, 2.8693333333e+01, 2.0850400000e+01, 8.2201200000e+03
 1500604500, 2.1940000000e+02, 1.7477333333e+02, 2.6746666667e+01, 2.0835466667e+01, 8.2447600000e+03
 1500604800, 2.2926666667e+02, 1.8085333333e+02, 2.8560000000e+01, 2.0693733333e+01, 8.2066933333e+03
 1500605100, 2.3500000000e+02, 1.8200000000e+02, 3.2000000000e+01, 2.0687600000e+01, 8.2770400000e+03
 1500605400, 2.3486666667e+02, 1.8200000000e+02, 3.1946666667e+01, 2.0960533333e+01, 8.2330666667e+03
 1500605700, 2.3000000000e+02, 1.8200000000e+02, 3.0000000000e+01, 2.1049200000e+01, 8.1187866667e+03
 1500606000, 2.0106666667e+02, 1.5554666667e+02, 2.8346666667e+01, 2.1177200000e+01, 8.2457600000e+03
 1500606300, 2.2006666667e+02, 1.6880000000e+02, 3.1760000000e+01, 2.1256400000e+01, 8.2455866667e+03
 1500606600, 2.2646666667e+02, 1.7488000000e+02, 3.3146666667e+01, 2.1214266667e+01, 8.2254000000e+03
 1500606900, 2.1386666667e+02, 1.6664000000e+02, 3.1093333333e+01, 2.1236733333e+01, 8.1885766667e+03
 1500607200, 2.0960000000e+02, 1.6173333333e+02, 2.7946666667e+01, 2.1152933333e+01, 8.2365866667e+03
 1500607500, 1.9500000000e+02, 1.5200000000e+02, 2.6000000000e+01, 2.1237333333e+01, 8.2202133333e+03
 1500607800, 2.1980000000e+02, 1.7184000000e+02, 2.9306666667e+01, 2.1314300000e+01, 8.2418100000e+03
 1500608100, 2.1560000000e+02, 1.6848000000e+02, 3.0000000000e+01, 2.1317600000e+01, 8.2469600000e+03
 1500608400, 2.1640000000e+02, 1.6912000000e+02, 3.0853333333e+01, 2.1175466667e+01, 8.2053466667e+03
 1500608700, 2.2500000000e+02, 1.7690666667e+02, 3.1093333333e+01, 2.1200933333e+01, 8.2532533333e+03
 1500609000, 2.2446666667e+02, 1.7946666667e+02, 2.8000000000e+01, 2.1210800000e+01, 8.2704133333e+03
 1500609300, 2.0500000000e+02, 1.6000000000e+02, 2.8000000000e+01, 2.1048533333e+01, 8.2612266667e+03
 1500609600, 2.1326666667e+02, 1.6330666667e+02, 3.2960000000e+01, 2.1119200000e+01, 8.1963200000e+03
 1500609900, 2.0560000000e+02, 1.5773333333e+02, 3.1493333333e+01, 2.1170800000e+01, 8.1752533333e+03
 1500610200, 2.0426666667e+02, 1.5826666667e+02, 2.9146666667e+01, 2.1177466667e+01, 8.2384933333e+03
 1500610500, 2.1000000000e+02, 1.6400000000e+02, 2.7546666667e+01, 2.1287066667e+01, 8.2573600000e+03
 1500610800, 2.1040000000e+02, 1.6437333333e+02, 2.6106666667e+01, 2.1109733333e+01, 8.2579600000e+03
 1500611100, 2.2500000000e+02, 1.7800000000e+02, 3.0000000000e+01, 2.1108933333e+01, 8.3040000000e+03
 1500611400, 2.2500000000e+02, 1.8130666667e+02, 2.8346666667e+01, 2.1066800000e+01, 8.2022266667e+03
 1500611700, 2.1873333333e+02, 1.7322666667e+02, 2.8000000000e+01, 2.1002933333e+01, 8.2427333333e+03
 1500612000, 2.0860000000e+02, 1.6202666667e+02, 2.7146666667e+01, 2.0943866667e+01, 8.2218533333e+03
 1500612300, 2.0226666667e+02, 1.5626666667e+02, 2.6453333333e+01, 2.0871200000e+01, 8.2049200000e+03
 1500612600, 2.0986666667e+02, 1.6373333333e+02, 2.8053333333e+01, 2.0876266667e+01, 8.2666933333e+03
 1500612900, 2.0500000000e+02, 1.5400000000e+02, 3.0000000000e+01, 2.0927733333e+01, 8.2548133333e+03
 1500613200, 2.1740000000e+02, 1.6722666667e+02, 3.1653333333e+01, 2.0926266667e+01, 8.2878666667e+03
 1500613500, 2.1686666667e+02, 1.6874666667e+02, 3.0746666667e+01, 2.0987200000e+01, 8.2696666667e+03
 1500613800, 2.0860000000e+02, 1.6288000000e+02, 2.8293333333e+01, 2.1149466667e+01, 8.2698266667e+03
 1500614100, 2.0226666667e+02, 1.5736000000e+02, 2.6453333333e+01, 2.1114000000e+01, 8.2732666667e+03
 1500614400, 2.1040000000e+02, 1.6253333333e+02, 2.8000000000e+01, 2.1101600000e+01, 8.2286000000e+03
 1500614700, 2.2500000000e+02, 1.8200000000e+02, 2.8000000000e+01, 2.1040000000e+01, 8.2326800000e+03
 1500615000, 2.3326666667e+02, 1.8200000000e+02, 3.2960000000e+01, 2.0890533333e+01, 8.1956533333e+03
 1500615300, 2.1933333333e+02, 1.7072000000e+02, 3.0240000000e+01, 2.1012666667e+01, 8.2993866667e+03
 1500615600, 2.1000000000e+02, 1.6400000000e+02, 2.8000000000e+01, 2.1010133333e+01, 8.2282933333e+03
 1500615900, 2.1340000000e+02, 1.6581333333e+02, 2.9360000000e+01, 2.1025333333e+01, 8.2007600000e+03
 1500616200, 2.2500000000e+02, 1.7200000000e+02, 3.4000000000e+01, 2.1093066667e+01, 8.1647733333e+03
 1500616500, 2.2500000000e+02, 1.7200000000e+02, 3.4000000000e+01, 2.1033200000e+01, 8.2578533333e+03
 1500616800, 2.2500000000e+02, 1.7861333333e+02, 2.7386666667e+01, 2.1016933333e+01, 8.2678933333e+03
 1500617100, 2.0933333333e+02, 1.6370666667e+02, 2.6000000000e+01, 2.1135466667e+01, 8.2726933333e+03
 1500617400, 2.0853333333e+02, 1.6253333333e+02, 2.6853333333e+01, 2.1082400000e+01, 8.2162533333e+03
 1500617700, 2.2000000000e+02, 1.7400000000e+02, 2.8453333333e+01, 2.1065333333e+01, 8.2644000000e+03
 1500618000, 2.2026666667e+02, 1.7416000000e+02, 3.0053333333e+01, 2.1003200000e+01, 8.1883333333e+03
 1500618300, 2.3000000000e+02, 1.8000000000e+02, 3.2000000000e+01, 2.1008266667e+01, 8.2556800000e+03
 1500618600, 2.0106666667e+02, 1.5520000000e+02, 2.7040000000e+01, 2.1046533333e+01, 8.2124133333e+03
 1500618900, 1.9500000000e+02, 1.4874666667e+02, 2.7253333333e+01, 2.1020933333e+01, 8.2056000000e+03
 1500619200, 1.9713333333e+02, 1.4970666667e+02, 2.9706666667e+01, 2.1048266667e+01, 8.2655333333e+03
 1500619500, 2.0566666667e+02, 1.5698666667e+02, 3.2453333333e+01, 2.1191066667e+01, 8.2807466667e+03
 1500619800, 2.2033333333e+02, 1.7000000000e+02, 3.3360000000e+01, 1.9114133333e+01, 7.9238266667e+03
 1500620100, 5.0000000000e+01, 2.4000000000e+01, 1.0000000000e+01, 1.3943733333e+01, 7.8935466667e+03
 1500620400, 5.0000000000e+01, 2.4000000000e+01, 1.0000000000e+01, 1.0145733333e+01, 7.8932266667e+03
 1500620700, 5.0000000000e+01, 2.4000000000e+01, 1.0000000000e+01, 7.3666666667e+00, 7.8942000000e+03
 1500621000, 5.0000000000e+01, 2.4000000000e+01, 1.0000000000e+01, 5.3597333333e+00, 7.8940000000e+03
 1500621300, 5.0000000000e+01, 2.4000000000e+01, 1.0000000000e+01, 3.9017333333e+00, 7.8937733333e+03
 1500621600, 5.0000000000e+01, 2.4000000000e+01, 1.0000000000e+01, 2.8450666667e+00, 7.8928533333e+03
 1500621900, 5.0000000000e+01, 2.4000000000e+01, 1.0000000000e+01, 2.0952000000e+00, 7.8935733333e+03
 1500622200, 5.0000000000e+01, 2.4000000000e+01, 1.0000000000e+01, 1.5397333333e+00, 7.8940000000e+03
 1500622500, 5.0000000000e+01, 2.4000000000e+01, 1.0000000000e+01, 1.1372000000e+00, 7.8940266667e+03
 1500622800, 5.0000000000e+01, 2.4000000000e+01, 1.0000000000e+01, 8.4106666667e-01, 7.8938266667e+03
 1500623100, 5.0000000000e+01, 2.4000000000e+01, 1.0000000000e+01, 6.2946666667e-01, 7.8950266667e+03
 1500623400, 5.0000000000e+01, 2.4000000000e+01, 1.0053333333e+01, 4.7933333333e-01, 7.8952000000e+03
 1500623700, 5.0000000000e+01, 2.4000000000e+01, 1.2000000000e+01, 3.8840000000e-01, 7.8941733333e+03
 1500624000, 5.0000000000e+01, 2.4000000000e+01, 1.2000000000e+01, 3.3986666667e-01, 7.8940533333e+03
 1500624300, 5.0000000000e+01, 2.4000000000e+01, 1.0746666667e+01, 2.6040000000e-01, 7.8952266667e+03
 1500624600, 5.0000000000e+01, 2.4853333333e+01, 1.0000000000e+01, 2.2773333333e-01, 7.8948133333e+03
 1500624900, 5.0000000000e+01, 2.5546666667e+01, 1.0000000000e+01, 1.9693333333e-01, 7.8940533333e+03
 1500625200, 5.0000000000e+01, 2.4000000000e+01, 1.0000000000e+01, 1.7093333333e-01, 7.8933733333e+03
 1500625500, 5.0000000000e+01, 2.4000000000e+01, 1.0000000000e+01, 1.3146666667e-01, 7.8935733333e+03
 1500625800, 5.0000000000e+01, 2.4000000000e+01, 1.0000000000e+01, 1.2026666667e-01, 7.8936266667e+03
 1500626100, 5.0000000000e+01, 2.4000000000e+01, 1.0000000000e+01, 1.2800000000e-01, 7.8950266667e+03
 1500626400, 5.0000000000e+01, 2.4000000000e+01, 1.0000000000e+01, 1.3000000000e-01, 7.8952000000e+03
 1500626700, 5.0000000000e+01, 2.4000000000e+01, 1.0000000000e+01, 1.2973333333e-01, 7.8941733333e+03
 1500627000, 5.0000000000e+01, 2.4000000000e+01, 1.0000000000e+01, 1.1453333333e-01, 7.8947733333e+03
 1500627300, 5.0000000000e+01, 2.4000000000e+01, 1.0000000000e+01, 1.2946666667e-01, 7.8942266667e+03
 1500627600, 5.0000000000e+01, 2.4000000000e+01, 1.0000000000e+01, 1.2626666667e-01, 7.8950266667e+03
 1500627900, 5.0000000000e+01, 2.4000000000e+01, 1.0000000000e+01, 1.2403333333e-01, 7.8945666667e+03
 1500628200, 5.0000000000e+01, 2.4000000000e+01, 1.0000000000e+01, 1.2346666667e-01, 7.8949066667e+03
 1500628500, 5.0000000000e+01, 2.4000000000e+01, 1.0000000000e+01, 1.0400000000e-01, 7.8943200000e+03
 1500628800, 5.0000000000e+01, 2.4000000000e+01, 1.0000000000e+01, 9.7466666667e-02, 7.8943733333e+03
 1500629100, 5.0000000000e+01, 2.4000000000e+01, 1.0000000000e+01, 8.1733333333e-02, 7.8938000000e+03
 1500629400, 5.0000000000e+01, 2.4000000000e+01, 1.0000000000e+01, 6.7466666667e-02, 7.8940266667e+03
 1500629700, 5.0000000000e+01, 2.4000000000e+01, 1.0000000000e+01, 6.4266666667e-02, 7.8948000000e+03
 1500630000, 5.0000000000e+01, 2.4000000000e+01, 1.0000000000e+01, 6.9733333333e-02, 7.8954000000e+03
 1500630300, 5.0000000000e+01, 2.4000000000e+01, 1.0453333333e+01, 5.8000000000e-02, 7.8960266667e+03
 1500630600, 5.0000000000e+01, 2.4000000000e+01, 1.1946666667e+01, 6.8000000000e-02, 7.8949733333e+03
 1500630900, 5.0000000000e+01, 2.4000000000e+01, 1.0000000000e+01, 7.0533333333e-02, 7.8936000000e+03
 1500631200, 5.0000000000e+01, 2.4000000000e+01, 1.0000000000e+01, 7.4266666667e-02, -nan
 1500631500, 5.0000000000e+01, 2.4000000000e+01, 1.0000000000e+01, 9.2000000000e-02, -nan
 1500631800, 5.0000000000e+01, -nan, -nan, 8.3733333333e-02, -nan
 1500632100, 5.0000000000e+01, -nan, -nan, 7.8000000000e-02, -nan
 1500632400, 5.0000000000e+01, -nan, -nan, 8.0266666667e-02, -nan
 1500632700, 5.0000000000e+01, -nan, -nan, 9.4000000000e-02, -nan
 1500633000, -nan, -nan, -nan, -nan, -nan
 1500633300, -nan, -nan, -nan, -nan, -nan
 1500633600, -nan, -nan, -nan, -nan, -nan
 1500633900, -nan, -nan, -nan, -nan, -nan
 1500634200, -nan, -nan, -nan, -nan, -nan
 1500634500, -nan, -nan, -nan, -nan, -nan
 1500634800, -nan, -nan, -nan, -nan, -nan
