 Time, ttl_pwr, cpu_pwr, mem_pwr, cpu_load, mem_load
 1500441000, 5,5000000000e+01, 2,4000000000e+01, 1,2000000000e+01, 5,2000000000e-02, 9,1786000000e+03
 1500441300, 5,5000000000e+01, 2,4000000000e+01, 1,2000000000e+01, 5,0000000000e-02, 9,1795166667e+03
 1500441600, 5,5000000000e+01, 2,4000000000e+01, 1,2000000000e+01, 5,0000000000e-02, 9,1794000000e+03
 1500441900, 5,5000000000e+01, 2,4000000000e+01, 1,2000000000e+01, 5,2000000000e-02, 9,1794000000e+03
 1500442200, 5,5000000000e+01, 2,4000000000e+01, 1,2000000000e+01, 5,0000000000e-02, 9,1794000000e+03
 1500442500, 5,5000000000e+01, 2,4000000000e+01, 1,2000000000e+01, 5,0000000000e-02, 9,1796000000e+03
 1500442800, 5,5000000000e+01, 2,4000000000e+01, 1,2000000000e+01, 5,5166666667e-02, 9,1800000000e+03
 1500443100, 5,5000000000e+01, 2,4000000000e+01, 1,2000000000e+01, 5,4833333333e-02, 9,1793166667e+03
 1500443400, 5,5000000000e+01, 2,4000000000e+01, 1,2000000000e+01, 5,0000000000e-02, 9,1791666667e+03
 1500443700, 5,5000000000e+01, 2,4000000000e+01, 1,2000000000e+01, 5,9166666667e-02, 9,1791166667e+03
 1500444000, 5,5000000000e+01, 2,4000000000e+01, 1,2000000000e+01, 5,0833333333e-02, 9,1804666667e+03
 1500444300, 5,5000000000e+01, 2,4000000000e+01, 1,2000000000e+01, 5,0000000000e-02, 9,1798166667e+03
 1500444600, 5,5000000000e+01, 2,4000000000e+01, 1,2000000000e+01, 5,3166666667e-02, 9,1794000000e+03
 1500444900, 5,5000000000e+01, 2,4000000000e+01, 1,2000000000e+01, 5,0833333333e-02, 9,1797166667e+03
 1500445200, 5,2416666667e+01, 2,4000000000e+01, 1,2000000000e+01, 5,0000000000e-02, 9,1802333333e+03
 1500445500, 5,3166666667e+01, 2,5266666667e+01, 1,2633333333e+01, 5,0000000000e-02, 9,1812000000e+03
 1500445800, 5,8833333333e+01, 2,7533333333e+01, 1,3766666667e+01, 5,2000000000e-02, 9,1808000000e+03
 1500446100, 5,0000000000e+01, 2,4000000000e+01, 1,2000000000e+01, 5,0000000000e-02, 9,1795666667e+03
 1500446400, 5,4583333333e+01, 2,4000000000e+01, 1,2000000000e+01, 5,0000000000e-02, 9,1807166667e+03
 1500446700, 5,5000000000e+01, 2,4000000000e+01, 1,2000000000e+01, 5,0000000000e-02, 9,1809166667e+03
 1500447000, 5,5000000000e+01, 2,4000000000e+01, 1,2000000000e+01, 5,0000000000e-02, 9,1812333333e+03
 1500447300, 5,5000000000e+01, 2,4000000000e+01, 1,2000000000e+01, 5,0000000000e-02, 9,1816833333e+03
 1500447600, 5,5000000000e+01, 2,4000000000e+01, 1,2000000000e+01, 5,0000000000e-02, 9,1820000000e+03
 1500447900, 5,5000000000e+01, 2,4000000000e+01, 1,2000000000e+01, 5,0000000000e-02, 9,1813666667e+03
 1500448200, 5,5000000000e+01, 2,4000000000e+01, 1,2000000000e+01, 5,0000000000e-02, 9,1814500000e+03
 1500448500, 5,5000000000e+01, 2,4000000000e+01, 1,2000000000e+01, 5,0000000000e-02, 9,1816333333e+03
 1500448800, 5,5000000000e+01, 2,4000000000e+01, 1,2000000000e+01, 5,0000000000e-02, 9,1812000000e+03
 1500449100, 5,5000000000e+01, 2,4000000000e+01, 1,2000000000e+01, 5,8333333333e-02, 9,1808000000e+03
 1500449400, 5,5000000000e+01, 2,4000000000e+01, 1,2000000000e+01, 5,8833333333e-02, 9,1819500000e+03
 1500449700, 5,5000000000e+01, 2,4000000000e+01, 1,2000000000e+01, 5,2833333333e-02, 9,1815766667e+03
 1500450000, 5,5000000000e+01, 2,4000000000e+01, 1,2000000000e+01, 5,0000000000e-02, 9,1822000000e+03
 1500450300, 5,5000000000e+01, 2,4000000000e+01, 1,2000000000e+01, 5,3166666667e-02, 9,1829166667e+03
 1500450600, 5,2416666667e+01, 2,4000000000e+01, 1,2000000000e+01, 5,4000000000e-02, 9,1834333333e+03
 1500450900, 5,1583333333e+01, 2,4000000000e+01, 1,2000000000e+01, 5,6833333333e-02, 9,1839166667e+03
 1500451200, 5,4416666667e+01, 2,4000000000e+01, 1,1766666667e+01, 5,0000000000e-02, 9,1842000000e+03
 1500451500, 5,0000000000e+01, 2,4000000000e+01, 1,0000000000e+01, 5,0000000000e-02, 9,1847000000e+03
 1500451800, 5,4583333333e+01, 2,4000000000e+01, 1,1833333333e+01, 5,2000000000e-02, 9,1843166667e+03
 1500452100, 5,1416666667e+01, 2,4000000000e+01, 1,2000000000e+01, 5,0000000000e-02, 9,1839166667e+03
 1500452400, 5,0000000000e+01, 2,4000000000e+01, 1,2000000000e+01, 5,0000000000e-02, 9,1832000000e+03
 1500452700, 5,1583333333e+01, 2,4000000000e+01, 1,2000000000e+01, 5,0000000000e-02, 8,9657333333e+03
 1500453000, 5,4416666667e+01, 2,4000000000e+01, 1,2000000000e+01, 5,0000000000e-02, 7,3170500000e+03
 1500453300, 5,0000000000e+01, 2,4000000000e+01, 1,2000000000e+01, 5,0000000000e-02, 7,3164833333e+03
 1500453600, 5,0000000000e+01, 2,4000000000e+01, 1,2000000000e+01, 5,0000000000e-02, 7,3172000000e+03
 1500453900, 5,0000000000e+01, 2,4000000000e+01, 1,2000000000e+01, 5,0000000000e-02, 7,3174333333e+03
 1500454200, 5,2583333333e+01, 2,4000000000e+01, 1,2000000000e+01, 5,0000000000e-02, 7,3176000000e+03
 1500454500, 5,5000000000e+01, 2,4000000000e+01, 1,2000000000e+01, 5,0000000000e-02, 7,3170000000e+03
 1500454800, 5,5000000000e+01, 2,4000000000e+01, 1,2000000000e+01, 5,5166666667e-02, 7,3175166667e+03
 1500455100, 5,5000000000e+01, 2,4000000000e+01, 1,2000000000e+01, 6,4833333333e-02, 7,3172833333e+03
 1500455400, 5,5000000000e+01, 2,4000000000e+01, 1,2000000000e+01, 6,9500000000e-02, 7,3166833333e+03
 1500455700, 5,5000000000e+01, 2,4000000000e+01, 1,2000000000e+01, 8,2000000000e-02, 7,3169166667e+03
 1500456000, 5,5000000000e+01, 2,4000000000e+01, 1,2000000000e+01, 6,3666666667e-02, 7,3174000000e+03
 1500456300, 5,5000000000e+01, 2,4000000000e+01, 1,2000000000e+01, 5,2833333333e-02, 7,3176000000e+03
 1500456600, 5,5000000000e+01, 2,4000000000e+01, 1,2000000000e+01, 5,3166666667e-02, 7,3185166667e+03
 1500456900, 5,5000000000e+01, 2,4000000000e+01, 1,2000000000e+01, 5,0833333333e-02, 7,3188833333e+03
 1500457200, 5,5000000000e+01, 2,4000000000e+01, 1,2000000000e+01, 5,1166666667e-02, 7,3185100000e+03
 1500457500, 5,5000000000e+01, 2,4000000000e+01, 1,2000000000e+01, 5,2900000000e-02, 7,3184633333e+03
 1500457800, 5,5000000000e+01, 2,4000000000e+01, 1,2000000000e+01, 5,0000000000e-02, 7,3169166667e+03
 1500458100, 5,5000000000e+01, 2,4000000000e+01, 1,2000000000e+01, 5,0000000000e-02, 7,3172833333e+03
 1500458400, 5,4416666667e+01, 2,4000000000e+01, 1,2000000000e+01, 5,2000000000e-02, 7,3172333333e+03
 1500458700, 5,0000000000e+01, 2,4000000000e+01, 1,2000000000e+01, 5,0000000000e-02, 7,3183666667e+03
 1500459000, 5,4583333333e+01, 2,4000000000e+01, 1,2000000000e+01, 5,8000000000e-02, 7,3172200000e+03
 1500459300, 5,5000000000e+01, 2,4000000000e+01, 1,2000000000e+01, 7,4500000000e-02, 7,4604666667e+03
 1500459600, 1,2895000000e+02, 8,8260000000e+01, 2,1180000000e+01, 3,1084333333e+00, 1,0314660000e+04
 1500459900, 2,0766666667e+02, 1,5920000000e+02, 2,8773333333e+01, 1,0951533333e+01, 1,0616913333e+04
 1500460200, 2,2555000000e+02, 1,8044000000e+02, 2,6000000000e+01, 1,6853400000e+01, 1,2677240000e+04
 1500460500, 2,3000000000e+02, 1,8400000000e+02, 2,6000000000e+01, 2,1094100000e+01, 1,3340280000e+04
 1500460800, 2,3453333333e+02, 1,8581333333e+02, 2,7813333333e+01, 2,4202900000e+01, 1,3986573333e+04
 1500461100, 2,3145000000e+02, 1,8458000000e+02, 2,6580000000e+01, 2,6398600000e+01, 1,4626450000e+04
 1500461400, 2,3000000000e+02, 1,8400000000e+02, 2,7020000000e+01, 2,7987600000e+01, 1,4670680000e+04
 1500461700, 2,3000000000e+02, 1,8400000000e+02, 2,7380000000e+01, 2,9144900000e+01, 1,4672380000e+04
 1500462000, 2,3000000000e+02, 1,8400000000e+02, 2,6220000000e+01, 2,9978100000e+01, 1,4672000000e+04
 1500462300, 2,3000000000e+02, 1,8400000000e+02, 2,8000000000e+01, 3,0589200000e+01, 1,4673520000e+04
 1500462600, 2,3455000000e+02, 1,8400000000e+02, 2,8000000000e+01, 3,1130900000e+01, 1,4695410000e+04
 1500462900, 2,2793333333e+02, 1,7834666667e+02, 2,8000000000e+01, 3,1800266667e+01, 1,4755026667e+04
 1500463200, 2,3513333333e+02, 1,7701333333e+02, 3,6106666667e+01, 3,2507666667e+01, 1,4868696667e+04
 1500463500, 2,4500000000e+02, 1,7616000000e+02, 4,6453333333e+01, 3,3052300000e+01, 1,5032290000e+04
 1500463800, 2,2900000000e+02, 1,5898666667e+02, 4,9013333333e+01, 3,3496566667e+01, 1,4996890000e+04
 1500464100, 9,5000000000e+01, 5,0000000000e+01, 2,4000000000e+01, 3,3765666667e+01, 1,4957030000e+04
 1500464400, 1,1326666667e+02, 6,6440000000e+01, 2,4000000000e+01, 3,3908933333e+01, 1,4773873333e+04
 1500464700, 1,2555000000e+02, 7,9253333333e+01, 2,5406666667e+01, 3,4043300000e+01, 1,4711563333e+04
 1500465000, 1,4000000000e+02, 9,3000000000e+01, 2,6000000000e+01, 3,4131100000e+01, 1,4634170000e+04
 1500465300, 1,7663333333e+02, 1,2456000000e+02, 2,9133333333e+01, 3,4160433333e+01, 1,4335796667e+04
 1500465600, 2,3445000000e+02, 1,7510000000e+02, 3,4900000000e+01, 3,3880366667e+01, 1,3349403333e+04
 1500465900, 2,3000000000e+02, 1,8400000000e+02, 2,6000000000e+01, 3,3313566667e+01, 1,3629870000e+04
 1500466200, 2,3000000000e+02, 1,8400000000e+02, 2,7833333333e+01, 3,2681000000e+01, 1,3887750000e+04
 1500466500, 2,3358333333e+02, 1,8543333333e+02, 2,9433333333e+01, 3,2239500000e+01, 1,4358833333e+04
 1500466800, 2,3241666667e+02, 1,8496666667e+02, 2,8966666667e+01, 3,1982166667e+01, 1,4565983333e+04
 1500467100, 2,3000000000e+02, 1,8273333333e+02, 2,8000000000e+01, 3,1701000000e+01, 1,4406016667e+04
 1500467400, 2,2941666667e+02, 1,7953333333e+02, 2,8000000000e+01, 3,1222500000e+01, 1,3876200000e+04
 1500467700, 2,2500000000e+02, 1,7600000000e+02, 2,8000000000e+01, 3,0189000000e+01, 1,3521583333e+04
 1500468000, 2,2500000000e+02, 1,7600000000e+02, 2,8000000000e+01, 2,9184333333e+01, 1,3341233333e+04
 1500468300, 2,2151666667e+02, 1,7042666667e+02, 2,6606666667e+01, 2,8462566667e+01, 1,3276360000e+04
 1500468600, 2,0750000000e+02, 1,5600000000e+02, 2,8000000000e+01, 2,7923600000e+01, 1,3176336667e+04
 1500468900, 1,6200000000e+02, 1,1220000000e+02, 2,8200000000e+01, 2,7422933333e+01, 1,2914636667e+04
 1500469200, 9,1283333333e+01, 4,2446666667e+01, 2,5740000000e+01, 2,6648700000e+01, 1,2740480000e+04
 1500469500, 1,5000000000e+02, 8,4000000000e+01, 4,2000000000e+01, 2,5781900000e+01, 1,2033906667e+04
 1500469800, 8,6533333333e+01, 3,8666666667e+01, 2,3866666667e+01, 2,4365800000e+01, 1,1756743333e+04
 1500470100, 1,7846666667e+02, 1,1136666667e+02, 4,5913333333e+01, 2,2572400000e+01, 9,9138233333e+03
 1500470400, 1,3733333333e+02, 8,4066666667e+01, 3,4300000000e+01, 1,7989500000e+01, 7,4884166667e+03
 1500470700, 5,8416666667e+01, 2,6733333333e+01, 1,3366666667e+01, 1,3044500000e+01, 7,4484000000e+03
 1500471000, 5,5000000000e+01, 2,4000000000e+01, 1,2000000000e+01, 9,4521666667e+00, 7,4456000000e+03
 1500471300, 5,5000000000e+01, 2,4000000000e+01, 1,2000000000e+01, 6,8590000000e+00, 7,4456000000e+03
 1500471600, 5,0416666667e+01, 2,4000000000e+01, 1,0166666667e+01, 4,9765000000e+00, 7,4462833333e+03
 1500471900, 5,3583333333e+01, 2,4000000000e+01, 1,1433333333e+01, 3,6258333333e+00, 7,4457166667e+03
 1500472200, 5,5000000000e+01, 2,4000000000e+01, 1,2000000000e+01, 2,6394000000e+00, 7,4458833333e+03
 1500472500, 5,3416666667e+01, 2,4000000000e+01, 1,2000000000e+01, 1,9096666667e+00, 7,4468333333e+03
 1500472800, 5,0000000000e+01, 2,4000000000e+01, 1,2000000000e+01, 1,3855000000e+00, 7,4467666667e+03
 1500473100, 5,0000000000e+01, 2,4000000000e+01, 1,2000000000e+01, 1,0086666667e+00, 7,4469166667e+03
 1500473400, 5,4583333333e+01, 2,4000000000e+01, 1,2000000000e+01, 7,4633333333e-01, 7,4468000000e+03
 1500473700, 5,1416666667e+01, 2,4000000000e+01, 1,2000000000e+01, 5,5366666667e-01, 7,4452833333e+03
 1500474000, 5,2583333333e+01, 2,4000000000e+01, 1,2000000000e+01, 4,3000000000e-01, 7,4459166667e+03
 1500474300, 5,5000000000e+01, 2,4000000000e+01, 1,2000000000e+01, 3,4183333333e-01, 7,4462000000e+03
 1500474600, 5,5000000000e+01, 2,4000000000e+01, 1,2000000000e+01, 2,7500000000e-01, 7,4471166667e+03
 1500474900, 5,5000000000e+01, 2,4000000000e+01, 1,2000000000e+01, 2,1900000000e-01, 7,4466833333e+03
 1500475200, 5,5000000000e+01, 2,5833333333e+01, 1,2000000000e+01, 1,6816666667e-01, 7,4472333333e+03
 1500475500, 5,5000000000e+01, 2,4566666667e+01, 1,2000000000e+01, 1,2650000000e-01, 7,4470833333e+03
 1500475800, 5,5000000000e+01, 2,4000000000e+01, 1,2000000000e+01, 1,1916666667e-01, 7,4474000000e+03
 1500476100, 5,5000000000e+01, 2,4000000000e+01, 1,2000000000e+01, 1,1083333333e-01, 7,4470833333e+03
 1500476400, 5,5000000000e+01, 2,4000000000e+01, 1,2000000000e+01, 9,4500000000e-02, 7,4473166667e+03
 1500476700, 5,5000000000e+01, 2,4000000000e+01, 1,2000000000e+01, 7,2833333333e-02, 7,4463166667e+03
 1500477000, 5,5000000000e+01, 2,4000000000e+01, 1,2000000000e+01, 5,7666666667e-02, 7,4474000000e+03
 1500477300, 5,1416666667e+01, 2,4000000000e+01, 1,2000000000e+01, 5,0000000000e-02, 7,4468000000e+03
 1500477600, 5,0000000000e+01, 2,4000000000e+01, 1,2000000000e+01, 5,4000000000e-02, 7,4471166667e+03
 1500477900, 5,1583333333e+01, 2,4000000000e+01, 1,2000000000e+01, 5,0000000000e-02, 7,4475166667e+03
 1500478200, 5,5000000000e+01, 2,4233333333e+01, 1,2000000000e+01, 5,0000000000e-02, 7,4478000000e+03
 1500478500, 5,5000000000e+01, 2,6000000000e+01, 1,2000000000e+01, 5,7166666667e-02, 7,4468000000e+03
 1500478800, 5,9583333333e+01, 2,6000000000e+01, 1,7500000000e+01, 5,4833333333e-02, 7,4483166667e+03
 1500479100, 5,6416666667e+01, 2,4566666667e+01, 1,3700000000e+01, 5,3500000000e-02, 7,4525333333e+03
 1500479400, 6,0166666667e+01, 2,7100000000e+01, 1,5100000000e+01, 2,3066666667e-01, 7,4915166667e+03
 1500479700, 6,5000000000e+01, 3,0000000000e+01, 1,8000000000e+01, 4,7250000000e-01, 7,4922500000e+03
 1500480000, 6,4416666667e+01, 2,9533333333e+01, 1,7766666667e+01, 6,4633333333e-01, 7,4916833333e+03
 1500480300, 6,0000000000e+01, 2,6000000000e+01, 1,6000000000e+01, 7,6566666667e-01, 7,4914833333e+03
 1500480600, 6,4583333333e+01, 2,9666666667e+01, 1,7833333333e+01, 8,7566666667e-01, 7,4919166667e+03
 1500480900, 6,1416666667e+01, 2,7133333333e+01, 1,5133333333e+01, 9,2866666667e-01, 7,4915666667e+03
 1500481200, 6,2583333333e+01, 2,8066666667e+01, 1,6066666667e+01, 9,5633333333e-01, 7,4916000000e+03
 1500481500, 6,3416666667e+01, 2,9366666667e+01, 1,6733333333e+01, 9,7716666667e-01, 7,4914000000e+03
 1500481800, 6,0000000000e+01, 2,8000000000e+01, 1,3766666667e+01, 9,8516666667e-01, 7,4906000000e+03
 1500482100, 6,0000000000e+01, 2,8000000000e+01, 1,2000000000e+01, 9,9316666667e-01, 7,4925500000e+03
 1500482400, 6,0000000000e+01, 2,8000000000e+01, 1,3833333333e+01, 1,0143333333e+00, 7,4942000000e+03
 1500482700, 6,0000000000e+01, 2,8000000000e+01, 1,5433333333e+01, 1,0315000000e+00, 7,4930000000e+03
 1500483000, 6,0000000000e+01, 2,8000000000e+01, 1,4966666667e+01, 1,0500000000e+00, 7,4934000000e+03
 1500483300, 5,8416666667e+01, 2,6733333333e+01, 1,4000000000e+01, 1,0520000000e+00, 7,4925666667e+03
 1500483600, 5,5583333333e+01, 2,4700000000e+01, 1,4000000000e+01, 1,0500000000e+00, 7,4916000000e+03
 1500483900, 6,0000000000e+01, 3,0000000000e+01, 1,4000000000e+01, 1,0500000000e+00, 7,4916000000e+03
 1500484200, 6,4583333333e+01, 2,8166666667e+01, 1,7666666667e+01, 1,0611666667e+00, 7,4918000000e+03
 1500484500, 6,1416666667e+01, 2,8000000000e+01, 1,5133333333e+01, 1,0508333333e+00, 7,4923166667e+03
 1500484800, 6,5166666667e+01, 3,0066666667e+01, 1,6066666667e+01, 1,0551666667e+00, 7,4927166667e+03
 1500485100, 7,0000000000e+01, 3,2000000000e+01, 1,9266666667e+01, 1,0651666667e+00, 7,4933666667e+03
 1500485400, 6,8250000000e+01, 3,1300000000e+01, 2,1066666667e+01, 1,0751666667e+00, 7,4930333333e+03
 1500485700, 5,5000000000e+01, 2,6000000000e+01, 1,4000000000e+01, 1,0851666667e+00, 7,4906500000e+03
 1500486000, 6,8750000000e+01, 3,1500000000e+01, 1,9500000000e+01, 1,0951666667e+00, 7,4918333333e+03
 1500486300, 5,9250000000e+01, 2,7700000000e+01, 1,5700000000e+01, 1,1100000000e+00, 7,4918000000e+03
 1500486600, 6,2750000000e+01, 2,9100000000e+01, 1,6066666667e+01, 1,1103333333e+00, 7,4921166667e+03
 1500486900, 6,8416666667e+01, 3,0733333333e+01, 1,8000000000e+01, 1,1188333333e+00, 7,4922833333e+03
 1500487200, 6,3833333333e+01, 2,7533333333e+01, 1,7300000000e+01, 1,1200000000e+00, 7,4938166667e+03
 1500487500, 5,5000000000e+01, 2,4000000000e+01, 1,2000000000e+01, 1,1151666667e+00, 7,4945000000e+03
 1500487800, 7,3333333333e+01, 3,3166666667e+01, 2,1166666667e+01, 1,1168333333e+00, 7,4932833333e+03
 1500488100, 7,1416666667e+01, 3,2566666667e+01, 2,0566666667e+01, 1,1111666667e+00, 7,4938000000e+03
 1500488400, 7,0000000000e+01, 3,2000000000e+01, 2,0000000000e+01, 1,1168333333e+00, 7,4920000000e+03
 1500488700, 7,0000000000e+01, 3,2000000000e+01, 1,9366666667e+01, 1,1203333333e+00, 7,4928000000e+03
 1500489000, 7,0583333333e+01, 3,2466666667e+01, 1,8700000000e+01, 1,1331666667e+00, 7,4923166667e+03
 1500489300, 7,5000000000e+01, 3,6000000000e+01, 2,4000000000e+01, 1,1400000000e+00, 7,4938000000e+03
 1500489600, 7,5000000000e+01, 3,4166666667e+01, 2,2166666667e+01, 1,1348333333e+00, 7,4943166667e+03
 1500489900, 7,5000000000e+01, 3,4000000000e+01, 2,2000000000e+01, 1,1325000000e+00, 7,4938666667e+03
 1500490200, 6,4666666667e+01, 2,8833333333e+01, 1,6833333333e+01, 9,3500000000e-01, 7,4856000000e+03
 1500490500, 5,5000000000e+01, 2,4000000000e+01, 1,2000000000e+01, 6,8033333333e-01, 7,4861166667e+03
 1500490800, 5,5000000000e+01, 2,4000000000e+01, 1,2000000000e+01, 4,9650000000e-01, 7,4864833333e+03
 1500491100, 5,5000000000e+01, 2,4000000000e+01, 1,2000000000e+01, 3,6400000000e-01, 7,4864000000e+03
 1500491400, 5,0416666667e+01, 2,4000000000e+01, 1,2000000000e+01, 2,6666666667e-01, 7,4841666667e+03
 1500491700, 5,3583333333e+01, 2,4000000000e+01, 1,2000000000e+01, 2,0416666667e-01, 7,4845500000e+03
 1500492000, 5,5000000000e+01, 2,5033333333e+01, 1,2000000000e+01, 1,6133333333e-01, 7,4851666667e+03
 1500492300, 5,5000000000e+01, 2,5366666667e+01, 1,2000000000e+01, 1,3283333333e-01, 7,4847166667e+03
 1500492600, 5,5000000000e+01, 2,4000000000e+01, 1,2000000000e+01, 1,4000000000e-01, 7,4835166667e+03
 1500492900, 5,5000000000e+01, 2,4000000000e+01, 1,2000000000e+01, 1,3600000000e-01, 7,4842000000e+03
 1500493200, 5,0416666667e+01, 2,4000000000e+01, 1,2000000000e+01, 1,2683333333e-01, 7,4851166667e+03
 1500493500, 5,3583333333e+01, 2,4000000000e+01, 1,3433333333e+01, 1,2283333333e-01, 7,4852000000e+03
 1500493800, 5,2416666667e+01, 2,4000000000e+01, 1,2966666667e+01, 1,1400000000e-01, 7,4851166667e+03
 1500494100, 5,1583333333e+01, 2,4633333333e+01, 1,2000000000e+01, 9,7666666667e-02, 7,4849000000e+03
 1500494400, 5,5000000000e+01, 2,5766666667e+01, 1,2000000000e+01, 7,9666666667e-02, 7,4847500000e+03
 1500494700, 5,5000000000e+01, 2,4000000000e+01, 1,2000000000e+01, 6,8833333333e-02, 7,4862833333e+03
 1500495000, 5,5000000000e+01, 2,4000000000e+01, 1,2000000000e+01, 5,0833333333e-02, 7,4860000000e+03
 1500495300, 5,5000000000e+01, 2,4000000000e+01, 1,2000000000e+01, 5,0000000000e-02, 7,4861166667e+03
 1500495600, 5,5000000000e+01, 2,4000000000e+01, 1,2000000000e+01, 5,2000000000e-02, 7,4854833333e+03
 1500495900, 5,5000000000e+01, 2,4000000000e+01, 1,2000000000e+01, 5,0000000000e-02, 7,4860000000e+03
 1500496200, 5,4416666667e+01, 2,4000000000e+01, 1,2000000000e+01, 5,0000000000e-02, 7,4868833333e+03
 1500496500, 5,0000000000e+01, 2,4000000000e+01, 1,2000000000e+01, 5,0000000000e-02, 7,4865166667e+03
 1500496800, 5,4583333333e+01, 2,4000000000e+01, 1,2000000000e+01, 5,0000000000e-02, 7,4864000000e+03
 1500497100, 5,5000000000e+01, 2,4000000000e+01, 1,2000000000e+01, 5,0000000000e-02, 7,4868000000e+03
 1500497400, 5,5000000000e+01, 2,4000000000e+01, 1,2000000000e+01, 5,0000000000e-02, 7,4862333333e+03
 1500497700, 5,5000000000e+01, 2,4000000000e+01, 1,2000000000e+01, 5,0000000000e-02, 7,4859666667e+03
 1500498000, 5,4416666667e+01, 2,4000000000e+01, 1,2000000000e+01, 5,0000000000e-02, 7,4855166667e+03
 1500498300, 5,0000000000e+01, 2,4000000000e+01, 1,2000000000e+01, 5,0000000000e-02, 7,4867166667e+03
 1500498600, 5,4583333333e+01, 2,4000000000e+01, 1,2000000000e+01, 5,2333333333e-02, 7,4864833333e+03
 1500498900, 5,5000000000e+01, 2,4000000000e+01, 1,2000000000e+01, 6,1666666667e-02, 7,4868000000e+03
 1500499200, 5,5000000000e+01, 2,4000000000e+01, 1,2000000000e+01, 5,0000000000e-02, 7,4862833333e+03
 1500499500, 5,5000000000e+01, 2,4000000000e+01, 1,2000000000e+01, 5,2000000000e-02, 7,4868000000e+03
 1500499800, 5,5000000000e+01, 2,4000000000e+01, 1,2000000000e+01, 5,1166666667e-02, 7,4871166667e+03
 1500500100, 5,5000000000e+01, 2,4000000000e+01, 1,2000000000e+01, 6,2000000000e-02, 7,4856833333e+03
 1500500400, 5,0416666667e+01, 2,4000000000e+01, 1,2000000000e+01, 5,2833333333e-02, 7,4858000000e+03
 1500500700, 5,3583333333e+01, 2,4000000000e+01, 1,2000000000e+01, 5,0000000000e-02, 7,4856000000e+03
 1500501000, 5,5000000000e+01, 2,4000000000e+01, 1,2000000000e+01, 5,0000000000e-02, 7,4861166667e+03
 1500501300, 5,5000000000e+01, 2,4000000000e+01, 1,2000000000e+01, 5,0000000000e-02, 7,4860000000e+03
 1500501600, 5,5000000000e+01, 2,4000000000e+01, 1,2000000000e+01, 5,2000000000e-02, 7,4871166667e+03
 1500501900, 5,5000000000e+01, 2,4000000000e+01, 1,2000000000e+01, 5,0000000000e-02, 7,4877166667e+03
 1500502200, 5,0416666667e+01, 2,4000000000e+01, 1,2000000000e+01, 5,2000000000e-02, 7,4871666667e+03
 1500502500, 5,3583333333e+01, 2,4000000000e+01, 1,2000000000e+01, 5,0000000000e-02, 7,4862000000e+03
 1500502800, 5,5000000000e+01, 2,4000000000e+01, 1,2000000000e+01, 5,0000000000e-02, 7,4856000000e+03
 1500503100, 5,5000000000e+01, 2,4000000000e+01, 1,2000000000e+01, 5,0000000000e-02, 7,4852833333e+03
 1500503400, 5,5000000000e+01, 2,4000000000e+01, 1,2000000000e+01, 5,0000000000e-02, 7,4842000000e+03
 1500503700, 5,5000000000e+01, 2,4000000000e+01, 1,2000000000e+01, 5,0000000000e-02, 7,4840833333e+03
 1500504000, 5,5000000000e+01, 2,4000000000e+01, 1,2000000000e+01, 5,0000000000e-02, 7,4849166667e+03
 1500504300, 5,5000000000e+01, 2,4000000000e+01, 1,2000000000e+01, 5,6333333333e-02, 7,4856666667e+03
 1500504600, 5,5000000000e+01, 2,4000000000e+01, 1,2000000000e+01, 6,5166666667e-02, 7,4864500000e+03
 1500504900, 5,3416666667e+01, 2,4000000000e+01, 1,2000000000e+01, 7,8000000000e-02, 7,4867166667e+03
 1500505200, 5,0583333333e+01, 2,4000000000e+01, 1,2000000000e+01, 6,8833333333e-02, 7,4872000000e+03
 1500505500, 5,5000000000e+01, 2,4000000000e+01, 1,2000000000e+01, 8,3166666667e-02, 7,4874833333e+03
 1500505800, 5,0416666667e+01, 2,4000000000e+01, 1,2000000000e+01, 7,4833333333e-02, 7,4877166667e+03
 1500506100, 5,3583333333e+01, 2,4000000000e+01, 1,2000000000e+01, 7,3166666667e-02, 7,4868000000e+03
 1500506400, 5,5000000000e+01, 2,4000000000e+01, 1,2000000000e+01, 6,8500000000e-02, 7,4861166667e+03
 1500506700, 5,5000000000e+01, 2,4000000000e+01, 1,2000000000e+01, 5,3166666667e-02, 7,4864833333e+03
 1500507000, 5,5000000000e+01, 2,4000000000e+01, 1,2000000000e+01, 5,0833333333e-02, 7,4859166667e+03
 1500507300, 5,5000000000e+01, 2,4000000000e+01, 1,2000000000e+01, 5,0000000000e-02, 7,4858000000e+03
 1500507600, 5,5000000000e+01, 2,4000000000e+01, 1,2000000000e+01, 5,0000000000e-02, 7,4868333333e+03
 1500507900, 5,5000000000e+01, 2,4000000000e+01, 1,2000000000e+01, 5,0000000000e-02, 7,4872000000e+03
 1500508200, 5,5000000000e+01, 2,4000000000e+01, 1,2000000000e+01, 5,0000000000e-02, 7,4873166667e+03
 1500508500, 5,5000000000e+01, 2,4000000000e+01, 1,2000000000e+01, 5,0000000000e-02, 7,4872833333e+03
 1500508800, 5,5000000000e+01, 2,4000000000e+01, 1,2000000000e+01, 5,0000000000e-02, 7,4867166667e+03
 1500509100, 5,5000000000e+01, 2,4000000000e+01, 1,2000000000e+01, 5,0000000000e-02, 7,4857000000e+03
 1500509400, 5,5000000000e+01, 2,4000000000e+01, 1,2000000000e+01, 5,0000000000e-02, 7,4852000000e+03
 1500509700, 5,5000000000e+01, 2,4000000000e+01, 1,2000000000e+01, 5,0000000000e-02, 7,4856000000e+03
 1500510000, 5,2416666667e+01, 2,4000000000e+01, 1,2000000000e+01, 5,0000000000e-02, 7,4863166667e+03
 1500510300, 5,1583333333e+01, 2,4000000000e+01, 1,2000000000e+01, 5,4000000000e-02, 7,4868000000e+03
 1500510600, 5,5000000000e+01, 2,4000000000e+01, 1,2000000000e+01, 5,0000000000e-02, 7,4862000000e+03
 1500510900, 5,5000000000e+01, 2,4000000000e+01, 1,2000000000e+01, 5,6000000000e-02, 7,4862000000e+03
 1500511200, 5,5000000000e+01, 2,4000000000e+01, 1,3833333333e+01, 5,3166666667e-02, 7,4872833333e+03
 1500511500, 5,8583333333e+01, 2,6866666667e+01, 1,4000000000e+01, 5,4833333333e-02, 7,4876333333e+03
 1500511800, 5,4833333333e+01, 2,5933333333e+01, 1,1933333333e+01, 6,3166666667e-02, 7,4882000000e+03
 1500512100, 5,1583333333e+01, 2,4000000000e+01, 1,0633333333e+01, 5,0833333333e-02, 7,4866000000e+03
 1500512400, 5,5000000000e+01, 2,4000000000e+01, 1,2000000000e+01, 5,1166666667e-02, 7,4876000000e+03
 1500512700, 5,5000000000e+01, 2,4000000000e+01, 1,2000000000e+01, 5,4833333333e-02, 7,4865666667e+03
 1500513000, 5,0416666667e+01, 2,4000000000e+01, 1,2000000000e+01, 5,0000000000e-02, 7,4866200000e+03
 1500513300, 5,0000000000e+01, 2,4000000000e+01, 1,2000000000e+01, 5,0000000000e-02, 7,4867666667e+03
 1500513600, 5,2583333333e+01, 2,4000000000e+01, 1,2000000000e+01, 5,2000000000e-02, 7,4862333333e+03
 1500513900, 5,5000000000e+01, 2,4000000000e+01, 1,2000000000e+01, 5,0000000000e-02, 7,4870000000e+03
 1500514200, 5,5000000000e+01, 2,4000000000e+01, 1,2000000000e+01, 5,0000000000e-02, 7,4870833333e+03
 1500514500, 5,5000000000e+01, 2,4000000000e+01, 1,2000000000e+01, 5,0000000000e-02, 7,4878333333e+03
 1500514800, 5,5000000000e+01, 2,4000000000e+01, 1,2000000000e+01, 5,1166666667e-02, 7,4868500000e+03
 1500515100, 5,5000000000e+01, 2,4000000000e+01, 1,2000000000e+01, 5,6833333333e-02, 7,4857133333e+03
 1500515400, 5,5000000000e+01, 2,4000000000e+01, 1,2000000000e+01, 5,0000000000e-02, 7,4861166667e+03
 1500515700, 5,5000000000e+01, 2,4000000000e+01, 1,2000000000e+01, 5,0000000000e-02, 7,4866000000e+03
 1500516000, 5,5000000000e+01, 2,4000000000e+01, 1,2000000000e+01, 5,0000000000e-02, 7,4870833333e+03
 1500516300, 5,5000000000e+01, 2,4000000000e+01, 1,2000000000e+01, 5,0000000000e-02, 7,4868000000e+03
 1500516600, 5,5000000000e+01, 2,4000000000e+01, 1,2000000000e+01, 5,0000000000e-02, 7,4874833333e+03
 1500516900, 5,5000000000e+01, 2,4000000000e+01, 1,2000000000e+01, 5,0000000000e-02, 7,4873166667e+03
 1500517200, 5,5000000000e+01, 2,4000000000e+01, 1,0966666667e+01, 5,0000000000e-02, 7,4870000000e+03
 1500517500, 5,6583333333e+01, 2,5266666667e+01, 1,1266666667e+01, 6,0266666667e-02, 7,4882200000e+03
 1500517800, 5,9416666667e+01, 2,7533333333e+01, 1,3766666667e+01, 6,2833333333e-02, 7,4868833333e+03
 1500518100, 5,5000000000e+01, 2,4000000000e+01, 1,2000000000e+01, 5,4833333333e-02, 7,4869166667e+03
 1500518400, 5,5000000000e+01, 2,4000000000e+01, 1,2000000000e+01, 5,0000000000e-02, 7,4872833333e+03
 1500518700, 5,5000000000e+01, 2,4000000000e+01, 1,2000000000e+01, 5,4000000000e-02, 7,4880000000e+03
 1500519000, 5,5000000000e+01, 2,4000000000e+01, 1,2000000000e+01, 5,0000000000e-02, 7,4879166667e+03
 1500519300, 5,5000000000e+01, 2,4000000000e+01, 1,2000000000e+01, 5,0000000000e-02, 7,4882000000e+03
 1500519600, 5,5000000000e+01, 2,4000000000e+01, 1,2000000000e+01, 5,0000000000e-02, 7,4885166667e+03
 1500519900, 5,5000000000e+01, 2,4000000000e+01, 1,2000000000e+01, 5,0000000000e-02, 7,4877666667e+03
 1500520200, 5,5000000000e+01, 2,4000000000e+01, 1,2000000000e+01, 5,0000000000e-02, 7,4877166667e+03
 1500520500, 5,5000000000e+01, 2,4000000000e+01, 1,2000000000e+01, 5,1166666667e-02, 7,4882000000e+03
 1500520800, 5,5000000000e+01, 2,4000000000e+01, 1,2000000000e+01, 5,1966666667e-02, 7,4877933333e+03
 1500521100, 5,5000000000e+01, 2,4000000000e+01, 1,2000000000e+01, 5,0833333333e-02, 7,4871166667e+03
 1500521400, 5,5000000000e+01, 2,4000000000e+01, 1,2000000000e+01, 5,0000000000e-02, 7,4883500000e+03
 1500521700, 5,5000000000e+01, 2,4000000000e+01, 1,2000000000e+01, 5,0000000000e-02, 7,4880833333e+03
 1500522000, 5,5000000000e+01, 2,4000000000e+01, 1,2000000000e+01, 5,0000000000e-02, 7,4886833333e+03
 1500522300, 5,5000000000e+01, 2,4000000000e+01, 1,2000000000e+01, 5,0000000000e-02, 7,4896333333e+03
 1500522600, 5,5000000000e+01, 2,4000000000e+01, 1,2000000000e+01, 5,0000000000e-02, 7,4896000000e+03
 1500522900, 5,5000000000e+01, 2,4000000000e+01, 1,2000000000e+01, 5,0000000000e-02, 7,4888000000e+03
 1500523200, 5,5000000000e+01, 2,4000000000e+01, 1,2000000000e+01, 5,0000000000e-02, 7,4887166667e+03
 1500523500, 5,5000000000e+01, 2,4000000000e+01, 1,2000000000e+01, 5,0000000000e-02, 7,4883000000e+03
 1500523800, 5,5000000000e+01, 2,4000000000e+01, 1,2000000000e+01, 5,4000000000e-02, 7,4877166667e+03
 1500524100, 5,5000000000e+01, 2,4000000000e+01, 1,2000000000e+01, 5,0000000000e-02, 7,4882000000e+03
 1500524400, 5,5000000000e+01, 2,4000000000e+01, 1,2000000000e+01, 5,0000000000e-02, 7,4888000000e+03
 1500524700, 5,5000000000e+01, 2,4000000000e+01, 1,2000000000e+01, 5,1166666667e-02, 7,4891166667e+03
 1500525000, 5,5000000000e+01, 2,4000000000e+01, 1,2000000000e+01, 5,0833333333e-02, 7,4886000000e+03
 1500525300, 5,5000000000e+01, 2,4000000000e+01, 1,2000000000e+01, 5,0000000000e-02, 7,4892833333e+03
 1500525600, 5,5000000000e+01, 2,4000000000e+01, 1,2000000000e+01, 5,4000000000e-02, 7,4905166667e+03
 1500525900, 5,5000000000e+01, 2,4000000000e+01, 1,2000000000e+01, 5,0000000000e-02, 7,4909166667e+03
 1500526200, 5,5000000000e+01, 2,4000000000e+01, 1,2000000000e+01, 5,0000000000e-02, 7,4914000000e+03
 1500526500, 5,5000000000e+01, 2,4000000000e+01, 1,2000000000e+01, 5,2000000000e-02, 7,4910833333e+03
 1500526800, 5,5000000000e+01, 2,4000000000e+01, 1,2000000000e+01, 6,8333333333e-02, 7,4889166667e+03
 1500527100, 5,5000000000e+01, 2,4000000000e+01, 1,2000000000e+01, 7,2000000000e-02, 7,4890833333e+03
 1500527400, 5,5000000000e+01, 2,4000000000e+01, 1,2000000000e+01, 6,1666666667e-02, 7,4898000000e+03
 1500527700, 5,5000000000e+01, 2,4000000000e+01, 1,2000000000e+01, 5,0000000000e-02, 7,4896000000e+03
 1500528000, 5,5000000000e+01, 2,4000000000e+01, 1,0966666667e+01, 5,0000000000e-02, 7,4899166667e+03
 1500528300, 5,5000000000e+01, 2,4000000000e+01, 1,0633333333e+01, 5,0000000000e-02, 7,4908000000e+03
 1500528600, 5,5000000000e+01, 2,4000000000e+01, 1,2000000000e+01, 5,0000000000e-02, 7,4914333333e+03
 1500528900, 5,5000000000e+01, 2,4000000000e+01, 1,2000000000e+01, 5,0000000000e-02, 7,4914500000e+03
 1500529200, 5,5000000000e+01, 2,4000000000e+01, 1,2000000000e+01, 5,0000000000e-02, 7,4912000000e+03
 1500529500, 5,5000000000e+01, 2,4000000000e+01, 1,2000000000e+01, 5,0000000000e-02, 7,4924333333e+03
 1500529800, 5,5000000000e+01, 2,4000000000e+01, 1,2000000000e+01, 5,0000000000e-02, 7,4916000000e+03
 1500530100, 5,5000000000e+01, 2,4000000000e+01, 1,2000000000e+01, 5,9166666667e-02, 7,4911166667e+03
 1500530400, 5,5000000000e+01, 2,4000000000e+01, 1,2000000000e+01, 6,7166666667e-02, 7,4920666667e+03
 1500530700, 5,5000000000e+01, 2,4000000000e+01, 1,2000000000e+01, 6,6833333333e-02, 7,4919333333e+03
 1500531000, 5,5000000000e+01, 2,4000000000e+01, 1,2000000000e+01, 6,4066666667e-02, 7,4928133333e+03
 1500531300, 5,5000000000e+01, 2,4000000000e+01, 1,2000000000e+01, 5,2833333333e-02, 7,4934333333e+03
 1500531600, 5,5000000000e+01, 2,4000000000e+01, 1,2000000000e+01, 5,0000000000e-02, 7,4940000000e+03
 1500531900, 5,5000000000e+01, 2,4000000000e+01, 1,2000000000e+01, 5,0000000000e-02, 7,4938833333e+03
 1500532200, 5,5000000000e+01, 2,4000000000e+01, 1,2000000000e+01, 5,0000000000e-02, 7,4941166667e+03
 1500532500, 5,5000000000e+01, 2,4000000000e+01, 1,2000000000e+01, 5,0000000000e-02, 7,4935166667e+03
 1500532800, 5,5000000000e+01, 2,5833333333e+01, 1,2000000000e+01, 5,0000000000e-02, 7,4940833333e+03
 1500533100, 5,5000000000e+01, 2,4566666667e+01, 1,2000000000e+01, 5,0000000000e-02, 7,4942000000e+03
 1500533400, 5,5000000000e+01, 2,5033333333e+01, 1,2000000000e+01, 5,0000000000e-02, 7,4943166667e+03
 1500533700, 5,5000000000e+01, 2,5366666667e+01, 1,2000000000e+01, 5,0000000000e-02, 7,4944000000e+03
 1500534000, 5,5000000000e+01, 2,4000000000e+01, 1,2000000000e+01, 5,1166666667e-02, 7,4954000000e+03
 1500534300, 5,5000000000e+01, 2,4000000000e+01, 1,2000000000e+01, 5,0833333333e-02, 7,4957166667e+03
 1500534600, 5,5000000000e+01, 2,4000000000e+01, 1,2000000000e+01, 5,0000000000e-02, 7,4950833333e+03
 1500534900, 5,5000000000e+01, 2,4000000000e+01, 1,2000000000e+01, 5,0000000000e-02, 7,4948000000e+03
 1500535200, 5,5000000000e+01, 2,4000000000e+01, 1,2000000000e+01, 5,0000000000e-02, 7,4957166667e+03
 1500535500, 5,5000000000e+01, 2,4000000000e+01, 1,2000000000e+01, 5,0000000000e-02, 7,4954833333e+03
 1500535800, 5,5000000000e+01, 2,4000000000e+01, 1,2000000000e+01, 5,0000000000e-02, 7,4946333333e+03
 1500536100, 5,5000000000e+01, 2,4000000000e+01, 1,2000000000e+01, 5,0000000000e-02, 7,4948833333e+03
 1500536400, 5,5000000000e+01, 2,4000000000e+01, 1,2000000000e+01, 5,9166666667e-02, 7,4949166667e+03
 1500536700, 5,5000000000e+01, 2,4000000000e+01, 1,0566666667e+01, 6,0000000000e-02, 7,4952000000e+03
 1500537000, 5,5000000000e+01, 2,4000000000e+01, 1,1033333333e+01, 6,6000000000e-02, 7,4945166667e+03
 1500537300, 5,5000000000e+01, 2,4000000000e+01, 1,1366666667e+01, 5,0833333333e-02, 7,4954000000e+03
 1500537600, 5,5000000000e+01, 2,4000000000e+01, 1,0233333333e+01, 5,0000000000e-02, 7,4952000000e+03
 1500537900, 5,5000000000e+01, 2,4000000000e+01, 1,2000000000e+01, 5,0000000000e-02, 7,4962333333e+03
 1500538200, 5,9583333333e+01, 2,7666666667e+01, 1,3833333333e+01, 5,0000000000e-02, 7,4957000000e+03
 1500538500, 5,6416666667e+01, 2,5133333333e+01, 1,2566666667e+01, 5,6000000000e-02, 7,4944000000e+03
 1500538800, 5,5000000000e+01, 2,4000000000e+01, 1,2000000000e+01, 5,0000000000e-02, 7,4946000000e+03
 1500539100, 5,5000000000e+01, 2,4000000000e+01, 1,2000000000e+01, 5,0000000000e-02, 7,4951166667e+03
 1500539400, 5,5000000000e+01, 2,4000000000e+01, 1,2000000000e+01, 5,0000000000e-02, 7,4958000000e+03
 1500539700, 5,5000000000e+01, 2,4000000000e+01, 1,2000000000e+01, 5,0000000000e-02, 7,4960000000e+03
 1500540000, 5,5000000000e+01, 2,4000000000e+01, 1,2000000000e+01, 5,0000000000e-02, 7,4956833333e+03
 1500540300, 5,5000000000e+01, 2,4000000000e+01, 1,2000000000e+01, 5,0000000000e-02, 7,4967500000e+03
 1500540600, 5,5000000000e+01, 2,4000000000e+01, 1,2000000000e+01, 5,4000000000e-02, 7,4975666667e+03
 1500540900, 5,5000000000e+01, 2,4000000000e+01, 1,2000000000e+01, 5,0000000000e-02, 7,4971166667e+03
 1500541200, 5,5000000000e+01, 2,4000000000e+01, 1,2000000000e+01, 5,0000000000e-02, 7,4972000000e+03
 1500541500, 5,5000000000e+01, 2,4000000000e+01, 1,2000000000e+01, 5,0000000000e-02, 7,4964333333e+03
 1500541800, 5,5000000000e+01, 2,4000000000e+01, 1,2000000000e+01, 5,0000000000e-02, 7,4976000000e+03
 1500542100, 5,5000000000e+01, 2,4000000000e+01, 1,0566666667e+01, 5,0000000000e-02, 7,4974000000e+03
 1500542400, 5,5000000000e+01, 2,4000000000e+01, 1,1033333333e+01, 5,1166666667e-02, 7,4972833333e+03
 1500542700, 5,5000000000e+01, 2,4000000000e+01, 1,2000000000e+01, 5,6000000000e-02, 7,4972000000e+03
 1500543000, 5,5000000000e+01, 2,4000000000e+01, 1,2000000000e+01, 7,4333333333e-02, 7,4968833333e+03
 1500543300, 5,5000000000e+01, 2,4000000000e+01, 1,2000000000e+01, 6,9666666667e-02, 7,4973166667e+03
 1500543600, 5,5000000000e+01, 2,4000000000e+01, 1,0166666667e+01, 7,2333333333e-02, 7,4978000000e+03
 1500543900, 5,5000000000e+01, 2,4000000000e+01, 1,1433333333e+01, 7,8833333333e-02, 7,4982833333e+03
 1500544200, 5,5000000000e+01, 2,4000000000e+01, 1,2000000000e+01, 5,5666666667e-02, 7,4989166667e+03
 1500544500, 5,5000000000e+01, 2,4000000000e+01, 1,2000000000e+01, 5,0000000000e-02, 7,4973166667e+03
 1500544800, 5,5000000000e+01, 2,4000000000e+01, 1,2000000000e+01, 5,1166666667e-02, 7,4976833333e+03
 1500545100, 5,5000000000e+01, 2,4000000000e+01, 1,2000000000e+01, 5,0833333333e-02, 7,4974333333e+03
 1500545400, 5,5000000000e+01, 2,4000000000e+01, 1,2000000000e+01, 5,0000000000e-02, 7,4980833333e+03
 1500545700, 5,5000000000e+01, 2,4000000000e+01, 1,2000000000e+01, 5,0000000000e-02, 7,4991166667e+03
 1500546000, 5,2416666667e+01, 2,4000000000e+01, 1,0966666667e+01, 5,0000000000e-02, 7,4993666667e+03
 1500546300, 5,0000000000e+01, 2,4000000000e+01, 1,0633333333e+01, 5,0000000000e-02, 7,4991166667e+03
 1500546600, 5,0583333333e+01, 2,4000000000e+01, 1,2000000000e+01, 5,0000000000e-02, 7,4993166667e+03
 1500546900, 5,5000000000e+01, 2,4000000000e+01, 1,2000000000e+01, 5,0000000000e-02, 7,4997666667e+03
 1500547200, 5,0416666667e+01, 2,4000000000e+01, 1,0166666667e+01, 5,0000000000e-02, 7,4980333333e+03
 1500547500, 5,0000000000e+01, 2,4000000000e+01, 1,1433333333e+01, 5,0000000000e-02, 7,4984000000e+03
 1500547800, 5,2583333333e+01, 2,4000000000e+01, 1,2000000000e+01, 5,0000000000e-02, 7,4986833333e+03
 1500548100, 5,5000000000e+01, 2,4000000000e+01, 1,2000000000e+01, 5,0000000000e-02, 7,4982333333e+03
 1500548400, 5,4416666667e+01, 2,4000000000e+01, 1,1766666667e+01, 5,0000000000e-02, 7,4988000000e+03
 1500548700, 5,0000000000e+01, 2,4000000000e+01, 1,0000000000e+01, 5,6333333333e-02, 7,4988833333e+03
 1500549000, 5,0000000000e+01, 2,4000000000e+01, 1,1833333333e+01, 6,2833333333e-02, 7,4998000000e+03
 1500549300, 5,3583333333e+01, 2,4000000000e+01, 1,2000000000e+01, 8,2333333333e-02, 7,5004333333e+03
 1500549600, 5,2416666667e+01, 2,4000000000e+01, 1,2000000000e+01, 7,0833333333e-02, 7,5002000000e+03
 1500549900, 5,1583333333e+01, 2,4000000000e+01, 1,2000000000e+01, 6,0833333333e-02, 7,5010000000e+03
 1500550200, 5,5000000000e+01, 2,4000000000e+01, 1,2000000000e+01, 5,0833333333e-02, 7,4998000000e+03
 1500550500, 5,5000000000e+01, 2,4000000000e+01, 1,2000000000e+01, 5,0000000000e-02, 7,5003166667e+03
 1500550800, 5,5000000000e+01, 2,4000000000e+01, 1,2000000000e+01, 5,0000000000e-02, 7,5000000000e+03
 1500551100, 5,5000000000e+01, 2,4000000000e+01, 1,2000000000e+01, 5,0000000000e-02, 7,5009166667e+03
 1500551400, 5,5000000000e+01, 2,4000000000e+01, 1,2000000000e+01, 5,0000000000e-02, 7,5006833333e+03
 1500551700, 5,5000000000e+01, 2,4000000000e+01, 1,2000000000e+01, 5,0000000000e-02, 7,5003166667e+03
 1500552000, 5,5000000000e+01, 2,4000000000e+01, 1,2000000000e+01, 5,0000000000e-02, 7,5016666667e+03
 1500552300, 5,5000000000e+01, 2,4000000000e+01, 1,2000000000e+01, 5,0000000000e-02, 7,5024000000e+03
 1500552600, 5,0416666667e+01, 2,4000000000e+01, 1,0166666667e+01, 5,0000000000e-02, 7,5024833333e+03
 1500552900, 5,3583333333e+01, 2,4000000000e+01, 1,1433333333e+01, 5,0000000000e-02, 7,5015333333e+03
 1500553200, 5,2416666667e+01, 2,4000000000e+01, 1,2000000000e+01, 5,0000000000e-02, 7,5011666667e+03
 1500553500, 5,0000000000e+01, 2,4000000000e+01, 1,1366666667e+01, 5,0000000000e-02, 7,5011166667e+03
 1500553800, 5,0583333333e+01, 2,4000000000e+01, 1,0233333333e+01, 5,0000000000e-02, 7,5015166667e+03
 1500554100, 5,5000000000e+01, 2,4000000000e+01, 1,2000000000e+01, 1,1533333333e-01, 7,5190166667e+03
 1500554400, 1,8333333333e+02, 1,3400000000e+02, 2,8500000000e+01, 3,6280000000e+00, 7,8809333333e+03
 1500554700, 2,1291666667e+02, 1,6263333333e+02, 3,1433333333e+01, 8,3251666667e+00, 7,8929833333e+03
 1500555000, 2,2516666667e+02, 1,7930000000e+02, 2,6833333333e+01, 1,1891833333e+01, 7,8265833333e+03
 1500555300, 2,3158333333e+02, 1,8800000000e+02, 2,4533333333e+01, 1,4353666667e+01, 7,8195333333e+03
 1500555600, 2,3383333333e+02, 1,8613333333e+02, 3,0466666667e+01, 1,5948833333e+01, 7,8425166667e+03
 1500555900, 2,2500000000e+02, 1,7200000000e+02, 3,4000000000e+01, 1,7248666667e+01, 7,8504166667e+03
 1500556200, 2,0666666667e+02, 1,5916666667e+02, 2,6666666667e+01, 1,8274833333e+01, 7,8605666667e+03
 1500556500, 2,1216666667e+02, 1,6086666667e+02, 3,1733333333e+01, 1,9014000000e+01, 7,8383166667e+03
 1500556800, 2,2016666667e+02, 1,7130000000e+02, 3,0900000000e+01, 1,9569833333e+01, 7,8891666667e+03
 1500557100, 2,2816666667e+02, 1,8253333333e+02, 2,8000000000e+01, 2,0044333333e+01, 7,8534333333e+03
 1500557400, 2,3558333333e+02, 1,8823333333e+02, 2,8700000000e+01, 2,0260800000e+01, 7,8100933333e+03
 1500557700, 2,4000000000e+02, 1,9000000000e+02, 3,4000000000e+01, 2,0487000000e+01, 7,8774500000e+03
 1500558000, 2,2166666667e+02, 1,6616666667e+02, 3,4000000000e+01, 2,0599833333e+01, 7,8071500000e+03
 1500558300, 2,1641666667e+02, 1,6543333333e+02, 2,9700000000e+01, 2,0747666667e+01, 7,8719166667e+03
 1500558600, 2,2533333333e+02, 1,7840000000e+02, 2,8000000000e+01, 2,0890166667e+01, 7,8615166667e+03
 1500558900, 2,2866666667e+02, 1,8303333333e+02, 2,8000000000e+01, 2,1003500000e+01, 7,8532333333e+03
 1500559200, 2,1791666667e+02, 1,7056666667e+02, 2,8233333333e+01, 2,1018166667e+01, 7,8134833333e+03
 1500559500, 2,4000000000e+02, 1,9000000000e+02, 3,0000000000e+01, 2,1069000000e+01, 7,8283666667e+03
 1500559800, 1,9875000000e+02, 1,4966666667e+02, 3,1833333333e+01, 2,0992666667e+01, 7,8518000000e+03
 1500560100, 2,2725000000e+02, 1,7753333333e+02, 3,3433333333e+01, 2,0769500000e+01, 7,8705166667e+03
 1500560400, 2,4000000000e+02, 1,8896666667e+02, 3,4000000000e+01, 2,0844500000e+01, 7,8154500000e+03
 1500560700, 2,3366666667e+02, 1,8040000000e+02, 3,4000000000e+01, 2,0877833333e+01, 7,8887666667e+03
 1500561000, 2,1883333333e+02, 1,6330000000e+02, 3,3766666667e+01, 2,0842333333e+01, 7,9034500000e+03
 1500561300, 2,1000000000e+02, 1,5800000000e+02, 3,2000000000e+01, 2,0862166667e+01, 7,8676166667e+03
 1500561600, 2,3750000000e+02, 1,8733333333e+02, 3,3833333333e+01, 2,0855666667e+01, 7,8404166667e+03
 1500561900, 2,2925000000e+02, 1,8140000000e+02, 3,1133333333e+01, 2,0803500000e+01, 7,8174333333e+03
 1500562200, 2,1466666667e+02, 1,6560000000e+02, 3,1033333333e+01, 2,0968666667e+01, 7,8463500000e+03
 1500562500, 2,0658333333e+02, 1,5590000000e+02, 3,1366666667e+01, 2,1019166667e+01, 7,8707666667e+03
 1500562800, 2,1350000000e+02, 1,6326666667e+02, 3,0466666667e+01, 2,1020000000e+01, 7,8605333333e+03
 1500563100, 2,4000000000e+02, 1,8800000000e+02, 3,4000000000e+01, 2,0988166667e+01, 7,8795000000e+03
 1500563400, 2,4000000000e+02, 1,8800000000e+02, 3,2166666667e+01, 2,0929500000e+01, 7,8289666667e+03
 1500563700, 2,1491666667e+02, 1,6793333333e+02, 2,9133333333e+01, 2,1057166667e+01, 7,8985333333e+03
 1500564000, 1,9725000000e+02, 1,5070000000e+02, 2,9033333333e+01, 2,1129833333e+01, 7,8571500000e+03
 1500564300, 2,0425000000e+02, 1,5656666667e+02, 2,8733333333e+01, 2,1072333333e+01, 7,8840166667e+03
 1500564600, 2,3558333333e+02, 1,8800000000e+02, 2,6700000000e+01, 2,1008166667e+01, 7,8250833333e+03
 1500564900, 2,4000000000e+02, 1,8800000000e+02, 3,2000000000e+01, 2,1034833333e+01, 7,8803333333e+03
 1500565200, 2,2625000000e+02, 1,8066666667e+02, 2,6500000000e+01, 2,0963000000e+01, 7,8560000000e+03
 1500565500, 2,2141666667e+02, 1,8286666667e+02, 2,8866666667e+01, 2,0913500000e+01, 7,8856666667e+03
 1500565800, 2,2000000000e+02, 1,7366666667e+02, 3,2066666667e+01, 2,1090000000e+01, 7,8642000000e+03
 1500566100, 2,2633333333e+02, 1,7160000000e+02, 3,4000000000e+01, 2,1360166667e+01, 7,8688500000e+03
 1500566400, 2,3941666667e+02, 1,8800000000e+02, 3,3533333333e+01, 2,1579000000e+01, 7,8764000000e+03
 1500566700, 2,3500000000e+02, 1,8800000000e+02, 3,0000000000e+01, 2,1891166667e+01, 7,8726000000e+03
 1500567000, 2,3958333333e+02, 1,8800000000e+02, 3,1833333333e+01, 2,2183000000e+01, 7,8455166667e+03
 1500567300, 2,1850000000e+02, 1,7080000000e+02, 2,7700000000e+01, 2,2277500000e+01, 7,8763500000e+03
 1500567600, 2,1000000000e+02, 1,6503333333e+02, 2,6000000000e+01, 2,2267166667e+01, 7,8630333333e+03
 1500567900, 2,1000000000e+02, 1,6473333333e+02, 2,6633333333e+01, 2,2245166667e+01, 7,8663000000e+03
 1500568200, 2,0941666667e+02, 1,6176666667e+02, 2,7766666667e+01, 2,2325500000e+01, 7,8481500000e+03
 1500568500, 2,0500000000e+02, 1,6000000000e+02, 2,6000000000e+01, 2,2300500000e+01, 7,8243666667e+03
 1500568800, 2,1875000000e+02, 1,7283333333e+02, 2,9666666667e+01, 2,2411833333e+01, 7,8548666667e+03
 1500569100, 2,1283333333e+02, 1,6540000000e+02, 3,0000000000e+01, 2,2440833333e+01, 7,8663833333e+03
 1500569400, 2,2550000000e+02, 1,7646666667e+02, 3,1033333333e+01, 2,2283000000e+01, 7,8379333333e+03
 1500569700, 2,3050000000e+02, 1,8176666667e+02, 3,0100000000e+01, 2,2312333333e+01, 7,8477666667e+03
 1500570000, 2,1116666667e+02, 1,6516666667e+02, 2,6466666667e+01, 2,2450333333e+01, 7,8566833333e+03
 1500570300, 2,2000000000e+02, 1,7400000000e+02, 3,0000000000e+01, 2,2512000000e+01, 7,8414166667e+03
 1500570600, 2,0625000000e+02, 1,5750000000e+02, 3,0000000000e+01, 2,2414500000e+01, 7,8435500000e+03
 1500570900, 2,3008333333e+02, 1,8036666667e+02, 3,2866666667e+01, 2,2252666667e+01, 7,8984166667e+03
 1500571200, 2,2966666667e+02, 1,8070000000e+02, 3,1933333333e+01, 2,2137833333e+01, 7,9230000000e+03
 1500571500, 2,2475000000e+02, 1,7706666667e+02, 2,8733333333e+01, 2,2139166667e+01, 7,8848166667e+03
 1500571800, 2,3325000000e+02, 1,8543333333e+02, 2,6933333333e+01, 2,2283500000e+01, 7,8756000000e+03
 1500572100, 2,2000000000e+02, 1,6600000000e+02, 3,4000000000e+01, 2,2240000000e+01, 7,8700166667e+03
 1500572400, 2,2458333333e+02, 1,7700000000e+02, 2,8500000000e+01, 2,2191833333e+01, 7,8896666667e+03
 1500572700, 2,3933333333e+02, 1,8660000000e+02, 3,3733333333e+01, 2,2079500000e+01, 7,8423500000e+03
 1500573000, 2,4241666667e+02, 1,8896666667e+02, 3,3933333333e+01, 2,2044000000e+01, 7,8691000000e+03
 1500573300, 2,2733333333e+02, 1,7660000000e+02, 3,2000000000e+01, 2,2024833333e+01, 7,9032333333e+03
 1500573600, 1,9941666667e+02, 1,5176666667e+02, 3,1533333333e+01, 2,2032666667e+01, 7,9001333333e+03
 1500573900, 1,9500000000e+02, 1,5000000000e+02, 2,8000000000e+01, 2,1870833333e+01, 7,8827500000e+03
 1500574200, 2,4083333333e+02, 1,8666666667e+02, 3,5333333333e+01, 2,1846000000e+01, 7,8322333333e+03
 1500574500, 2,4141666667e+02, 1,8856666667e+02, 3,4566666667e+01, 2,1913000000e+01, 7,8673666667e+03
 1500574800, 2,2708333333e+02, 1,7973333333e+02, 3,0900000000e+01, 2,1946666667e+01, 7,8066166667e+03
 1500575100, 2,1341666667e+02, 1,6820000000e+02, 2,8000000000e+01, 2,2004500000e+01, 7,8731000000e+03
 1500575400, 2,1000000000e+02, 1,6023333333e+02, 2,8000000000e+01, 2,1958000000e+01, 7,8399000000e+03
 1500575700, 2,1000000000e+02, 1,6200000000e+02, 2,8000000000e+01, 2,1973166667e+01, 7,8604833333e+03
 1500576000, 2,0541666667e+02, 1,5833333333e+02, 3,1666666667e+01, 2,2026500000e+01, 7,9410833333e+03
 1500576300, 2,3008333333e+02, 1,7806666667e+02, 3,3433333333e+01, 2,2042000000e+01, 7,8389333333e+03
 1500576600, 2,2708333333e+02, 1,7566666667e+02, 3,1933333333e+01, 2,2093333333e+01, 7,8671833333e+03
 1500576900, 2,1816666667e+02, 1,7043333333e+02, 2,9366666667e+01, 2,2148000000e+01, 7,8790833333e+03
 1500577200, 2,2383333333e+02, 1,7813333333e+02, 2,8466666667e+01, 2,2005000000e+01, 7,8853833333e+03
 1500577500, 2,1500000000e+02, 1,6400000000e+02, 3,2000000000e+01, 2,2009500000e+01, 7,8449333333e+03
 1500577800, 2,3333333333e+02, 1,8233333333e+02, 3,3833333333e+01, 2,1986833333e+01, 7,8571000000e+03
 1500578100, 2,2783333333e+02, 1,7826666667e+02, 3,1133333333e+01, 2,2055500000e+01, 7,8792166667e+03
 1500578400, 2,3016666667e+02, 1,7910000000e+02, 3,2066666667e+01, 2,2205000000e+01, 7,8480500000e+03
 1500578700, 2,3658333333e+02, 1,8390000000e+02, 3,3366666667e+01, 2,2080500000e+01, 7,8681500000e+03
 1500579000, 2,3943333333e+02, 1,8822666667e+02, 3,1546666667e+01, 2,1919100000e+01, 7,8781433333e+03
 1500579300, 2,3500000000e+02, 1,9000000000e+02, 2,8000000000e+01, 2,1532666667e+01, 7,8608000000e+03
 1500579600, 2,3041666667e+02, 1,8083333333e+02, 3,1666666667e+01, 2,1253333333e+01, 7,8938333333e+03
 1500579900, 2,3000000000e+02, 1,7713333333e+02, 3,3433333333e+01, 2,1059333333e+01, 7,8187666667e+03
 1500580200, 2,3516666667e+02, 1,8323333333e+02, 3,2966666667e+01, 2,1053833333e+01, 7,8749666667e+03
 1500580500, 2,4158333333e+02, 1,9000000000e+02, 3,2633333333e+01, 2,0953333333e+01, 7,8779500000e+03
 1500580800, 2,4150000000e+02, 1,8766666667e+02, 3,3300000000e+01, 2,0968333333e+01, 7,8623333333e+03
 1500581100, 2,1500000000e+02, 1,7000000000e+02, 2,8000000000e+01, 2,0945833333e+01, 7,8419000000e+03
 1500581400, 2,3791666667e+02, 1,8833333333e+02, 2,9833333333e+01, 2,1019000000e+01, 7,8577666667e+03
 1500581700, 2,1850000000e+02, 1,7423333333e+02, 2,7133333333e+01, 2,1069333333e+01, 7,8146833333e+03
 1500582000, 2,2550000000e+02, 1,7833333333e+02, 3,0133333333e+01, 2,1150333333e+01, 7,8603666667e+03
 1500582300, 2,3841666667e+02, 1,8800000000e+02, 3,1466666667e+01, 2,1034166667e+01, 7,8478500000e+03
 1500582600, 2,3441666667e+02, 1,8660000000e+02, 2,6933333333e+01, 2,1031000000e+01, 7,8835666667e+03
 1500582900, 2,3000000000e+02, 1,7600000000e+02, 3,4000000000e+01, 2,0992166667e+01, 7,8829666667e+03
 1500583200, 2,2083333333e+02, 1,7416666667e+02, 2,8500000000e+01, 2,0917333333e+01, 7,8648166667e+03
 1500583500, 2,3433333333e+02, 1,8403333333e+02, 3,2300000000e+01, 2,0884500000e+01, 7,8313833333e+03
 1500583800, 2,3225000000e+02, 1,8283333333e+02, 3,1933333333e+01, 2,0840500000e+01, 7,8687000000e+03
 1500584100, 2,1866666667e+02, 1,8116666667e+02, 3,1266666667e+01, 2,0878000000e+01, 7,8553833333e+03
 1500584400, 2,0616666667e+02, 1,8613333333e+02, 3,3300000000e+01, 2,0962333333e+01, 7,8633166667e+03
 1500584700, 2,1500000000e+02, 1,7200000000e+02, 2,8000000000e+01, 2,0990733333e+01, 7,8502600000e+03
 1500585000, 2,3791666667e+02, 1,8666666667e+02, 3,3500000000e+01, 2,1138500000e+01, 7,8670666667e+03
 1500585300, 2,1850000000e+02, 1,6793333333e+02, 3,4000000000e+01, 2,0999166667e+01, 7,8513500000e+03
 1500585600, 2,1516666667e+02, 1,6723333333e+02, 3,1933333333e+01, 2,0877166667e+01, 7,8959666667e+03
 1500585900, 2,2316666667e+02, 1,7526666667e+02, 3,1266666667e+01, 2,0849833333e+01, 7,8909166667e+03
 1500586200, 2,2650000000e+02, 1,7520000000e+02, 3,3300000000e+01, 2,0934500000e+01, 7,8355333333e+03
 1500586500, 2,0000000000e+02, 1,5400000000e+02, 2,8000000000e+01, 2,0860000000e+01, 7,8455000000e+03
 1500586800, 2,3208333333e+02, 1,8516666667e+02, 2,8000000000e+01, 2,0918500000e+01, 7,8692500000e+03
 1500587100, 2,3500000000e+02, 1,8800000000e+02, 2,9433333333e+01, 2,1028166667e+01, 7,8847666667e+03
 1500587400, 2,2208333333e+02, 1,7456666667e+02, 3,0000000000e+01, 2,1137833333e+01, 7,8653166667e+03
 1500587700, 2,1316666667e+02, 1,6643333333e+02, 2,9366666667e+01, 2,1064833333e+01, 7,8381500000e+03
 1500588000, 2,2233333333e+02, 1,7763333333e+02, 2,8233333333e+01, 2,1036833333e+01, 7,8594666667e+03
 1500588300, 2,4000000000e+02, 1,9000000000e+02, 3,0000000000e+01, 2,0961666667e+01, 7,8350166667e+03
 1500588600, 2,4000000000e+02, 1,8450000000e+02, 3,3666666667e+01, 2,1045166667e+01, 7,8671500000e+03
 1500588900, 2,3641666667e+02, 1,8830000000e+02, 2,8266666667e+01, 2,1117000000e+01, 7,8037666667e+03
 1500589200, 2,2725000000e+02, 1,8070000000e+02, 2,9100000000e+01, 2,1121666667e+01, 7,8881666667e+03
 1500589500, 2,1841666667e+02, 1,6820000000e+02, 3,2633333333e+01, 2,1086333333e+01, 7,8248333333e+03
 1500589800, 2,1441666667e+02, 1,6070000000e+02, 3,3066666667e+01, 2,1037166667e+01, 7,7921166667e+03
 1500590100, 2,1000000000e+02, 1,6600000000e+02, 2,6000000000e+01, 2,1051666667e+01, 7,8722833333e+03
 1500590400, 1,9166666667e+02, 1,4033333333e+02, 3,3333333333e+01, 2,1261166667e+01, 7,8485666667e+03
 1500590700, 2,0075000000e+02, 1,5376666667e+02, 2,9700000000e+01, 2,1335166667e+01, 7,8498000000e+03
 1500591000, 2,2308333333e+02, 1,7550000000e+02, 3,0066666667e+01, 2,1341000000e+01, 7,8298333333e+03
 1500591300, 2,3841666667e+02, 1,8810000000e+02, 3,2000000000e+01, 2,1201000000e+01, 7,8256833333e+03
 1500591600, 2,3500000000e+02, 1,8470000000e+02, 3,1533333333e+01, 2,1091666667e+01, 7,8975166667e+03
 1500591900, 2,3500000000e+02, 1,9000000000e+02, 2,8000000000e+01, 2,0960666667e+01, 7,8996500000e+03
 1500592200, 2,2125000000e+02, 1,6616666667e+02, 3,3500000000e+01, 2,0894166667e+01, 7,8463333333e+03
 1500592500, 2,3075000000e+02, 1,8120000000e+02, 3,1133333333e+01, 2,0924500000e+01, 7,8550166667e+03
 1500592800, 2,3758333333e+02, 1,8800000000e+02, 3,3100000000e+01, 2,0959333333e+01, 7,8705166667e+03
 1500593100, 2,2575000000e+02, 1,7343333333e+02, 3,5366666667e+01, 2,1107500000e+01, 7,8152000000e+03
 1500593400, 1,9850000000e+02, 1,4620000000e+02, 3,3066666667e+01, 2,1224333333e+01, 7,8190666667e+03
 1500593700, 2,2500000000e+02, 1,7800000000e+02, 2,6000000000e+01, 2,1249166667e+01, 7,8265333333e+03
 1500594000, 1,9291666667e+02, 1,4500000000e+02, 2,9666666667e+01, 2,1159600000e+01, 7,8562966667e+03
 1500594300, 2,0433333333e+02, 1,5776666667e+02, 2,8566666667e+01, 2,1173000000e+01, 7,8197166667e+03
 1500594600, 2,1258333333e+02, 1,6296666667e+02, 3,1100000000e+01, 2,1128666667e+01, 7,8515500000e+03
 1500594900, 2,1183333333e+02, 1,6010000000e+02, 3,3366666667e+01, 2,1015000000e+01, 7,8452500000e+03
 1500595200, 2,0850000000e+02, 1,5926666667e+02, 3,2233333333e+01, 2,0893333333e+01, 7,8876000000e+03
 1500595500, 2,3500000000e+02, 1,8400000000e+02, 3,4000000000e+01, 2,1053666667e+01, 7,8902666667e+03
 1500595800, 2,3958333333e+02, 1,8766666667e+02, 3,4000000000e+01, 2,1168133333e+01, 7,8146933333e+03
 1500596100, 2,1133333333e+02, 1,6076666667e+02, 3,1133333333e+01, 2,1034333333e+01, 7,8464133333e+03
 1500596400, 2,0516666667e+02, 1,5826666667e+02, 2,8966666667e+01, 2,1046666667e+01, 7,8368833333e+03
 1500596700, 2,0683333333e+02, 1,6093333333e+02, 2,8633333333e+01, 2,0979000000e+01, 7,8412833333e+03
 1500597000, 2,0058333333e+02, 1,5093333333e+02, 2,9533333333e+01, 2,1036833333e+01, 7,8801333333e+03
 1500597300, 2,0500000000e+02, 1,5800000000e+02, 2,6000000000e+01, 2,1048833333e+01, 7,8728833333e+03
 1500597600, 2,1416666667e+02, 1,6900000000e+02, 2,7833333333e+01, 2,1061500000e+01, 7,8132833333e+03
 1500597900, 2,3291666667e+02, 1,8433333333e+02, 3,0866666667e+01, 2,1015166667e+01, 7,8160000000e+03
 1500598200, 2,2708333333e+02, 1,8690000000e+02, 3,3033333333e+01, 2,0853366667e+01, 7,8681733333e+03
 1500598500, 2,2291666667e+02, 1,8526666667e+02, 3,4000000000e+01, 2,0840333333e+01, 7,8440500000e+03
 1500598800, 2,3300000000e+02, 1,8146666667e+02, 3,3766666667e+01, 2,0756166667e+01, 7,8571833333e+03
 1500599100, 1,8000000000e+02, 1,3200000000e+02, 3,2000000000e+01, 2,0814333333e+01, 7,8737166667e+03
 1500599400, 2,1185000000e+02, 1,6294000000e+02, 2,6540000000e+01, 2,0794233333e+01, 7,8397433333e+03
 1500599700, 2,4200000000e+02, 1,8760000000e+02, 3,3200000000e+01, 2,0813166667e+01, 7,8440166667e+03
 1500600000, 2,1275000000e+02, 1,5846666667e+02, 3,4000000000e+01, 2,0821166667e+01, 7,8783000000e+03
 1500600300, 2,0775000000e+02, 1,5736666667e+02, 3,1933333333e+01, 2,0821833333e+01, 7,8826000000e+03
 1500600600, 2,2450000000e+02, 1,7496666667e+02, 3,1266666667e+01, 2,0920666667e+01, 7,8491733333e+03
 1500600900, 2,4441666667e+02, 1,8953333333e+02, 3,3766666667e+01, 2,1022000000e+01, 7,8679666667e+03
 1500601200, 2,4000000000e+02, 1,8600000000e+02, 3,2000000000e+01, 2,0896833333e+01, 7,8662333333e+03
 1500601500, 2,1708333333e+02, 1,6216666667e+02, 3,3833333333e+01, 2,0852833333e+01, 7,8533000000e+03
 1500601800, 1,8991666667e+02, 1,3850000000e+02, 3,2566666667e+01, 2,0970166667e+01, 7,8256000000e+03
 1500602100, 2,0841666667e+02, 1,5996666667e+02, 3,0966666667e+01, 2,0996166667e+01, 7,8699666667e+03
 1500602400, 2,3658333333e+02, 1,8736666667e+02, 3,1266666667e+01, 2,0870333333e+01, 7,8612500000e+03
 1500602700, 2,3650000000e+02, 1,8343333333e+02, 3,3300000000e+01, 2,0859833333e+01, 7,7912166667e+03
 1500603000, 2,1000000000e+02, 1,6400000000e+02, 2,8000000000e+01, 2,0811000000e+01, 7,8538833333e+03
 1500603300, 2,1000000000e+02, 1,6583333333e+02, 2,6166666667e+01, 2,0805500000e+01, 7,8636333333e+03
 1500603600, 2,2075000000e+02, 1,7173333333e+02, 2,8866666667e+01, 2,0792166667e+01, 7,8718166667e+03
 1500603900, 2,2500000000e+02, 1,7503333333e+02, 3,0000000000e+01, 2,0790833333e+01, 7,8333000000e+03
 1500604200, 2,2658333333e+02, 1,7916666667e+02, 2,9366666667e+01, 2,0811000000e+01, 7,8692833333e+03
 1500604500, 2,2825000000e+02, 1,8390000000e+02, 2,7766666667e+01, 2,0794666667e+01, 7,8632000000e+03
 1500604800, 2,1500000000e+02, 1,6800000000e+02, 2,6000000000e+01, 2,0792000000e+01, 7,8450166667e+03
 1500605100, 2,3333333333e+02, 1,8450000000e+02, 2,7833333333e+01, 2,0904166667e+01, 7,8226833333e+03
 1500605400, 2,2425000000e+02, 1,7023333333e+02, 3,2300000000e+01, 2,0942166667e+01, 7,8772333333e+03
 1500605700, 2,2000000000e+02, 1,6503333333e+02, 3,0900000000e+01, 2,0938833333e+01, 7,9118500000e+03
 1500606000, 2,2633333333e+02, 1,7170000000e+02, 2,9900000000e+01, 2,0978666667e+01, 7,8539666667e+03
 1500606300, 2,3766666667e+02, 1,8260000000e+02, 3,3533333333e+01, 2,0965500000e+01, 7,8698000000e+03
 1500606600, 2,2000000000e+02, 1,7200000000e+02, 3,0000000000e+01, 2,0791333333e+01, 7,8815500000e+03
 1500606900, 2,3375000000e+02, 1,8850000000e+02, 2,8166666667e+01, 2,0793566667e+01, 7,8780800000e+03
 1500607200, 2,3141666667e+02, 1,8283333333e+02, 3,2300000000e+01, 2,0921433333e+01, 7,8599266667e+03
 1500607500, 2,3258333333e+02, 1,8310000000e+02, 3,1933333333e+01, 2,1025500000e+01, 7,8683333333e+03
 1500607800, 2,3025000000e+02, 1,8030000000e+02, 3,1266666667e+01, 2,1041833333e+01, 7,8526166667e+03
 1500608100, 2,2058333333e+02, 1,6846666667e+02, 3,4000000000e+01, 2,1046833333e+01, 7,8796166667e+03
 1500608400, 2,2500000000e+02, 1,7200000000e+02, 3,4000000000e+01, 2,1155166667e+01, 7,8441833333e+03
 1500608700, 1,9750000000e+02, 1,5183333333e+02, 2,8500000000e+01, 2,1264333333e+01, 7,8304000000e+03
 1500609000, 2,3083333333e+02, 1,7866666667e+02, 3,2300000000e+01, 2,1070833333e+01, 7,8413833333e+03
 1500609300, 2,3208333333e+02, 1,8173333333e+02, 3,1933333333e+01, 2,1043500000e+01, 7,8840833333e+03
 1500609600, 2,2316666667e+02, 1,7780000000e+02, 2,8733333333e+01, 2,0899000000e+01, 7,8202833333e+03
 1500609900, 2,3116666667e+02, 1,8646666667e+02, 2,6700000000e+01, 2,0919166667e+01, 7,8698000000e+03
 1500610200, 2,4000000000e+02, 1,9000000000e+02, 3,2000000000e+01, 2,1060833333e+01, 7,8897333333e+03
 1500610500, 2,3541666667e+02, 1,8633333333e+02, 3,2000000000e+01, 2,1082000000e+01, 7,8747833333e+03
 1500610800, 2,3858333333e+02, 1,8743333333e+02, 3,3433333333e+01, 2,1113000000e+01, 7,8690500000e+03
 1500611100, 2,2966666667e+02, 1,7663333333e+02, 3,4000000000e+01, 2,0999500000e+01, 7,8839833333e+03
 1500611400, 2,1525000000e+02, 1,6283333333e+02, 3,3366666667e+01, 2,1031333333e+01, 7,8757166667e+03
 1500611700, 2,0850000000e+02, 1,5973333333e+02, 3,1300000000e+01, 2,1102833333e+01, 7,8525333333e+03
 1500612000, 2,3500000000e+02, 1,8800000000e+02, 2,6000000000e+01, 2,1214666667e+01, 7,8520833333e+03
 1500612300, 2,3500000000e+02, 1,8800000000e+02, 2,7833333333e+01, 2,1183333333e+01, 7,8308500000e+03
 1500612600, 2,3858333333e+02, 1,8943333333e+02, 3,0866666667e+01, 2,1109333333e+01, 7,8809166667e+03
 1500612900, 2,4000000000e+02, 1,8896666667e+02, 3,2000000000e+01, 2,1159500000e+01, 7,8947666667e+03
 1500613200, 2,4000000000e+02, 1,8800000000e+02, 3,2633333333e+01, 2,1111833333e+01, 7,8728000000e+03
 1500613500, 2,3766666667e+02, 1,8543333333e+02, 3,4000000000e+01, 2,1147833333e+01, 7,8972166667e+03
 1500613800, 2,2000000000e+02, 1,6600000000e+02, 3,4000000000e+01, 2,1131833333e+01, 7,8578500000e+03
 1500614100, 2,2000000000e+02, 1,6783333333e+02, 3,4000000000e+01, 2,1072666667e+01, 7,8280833333e+03
 1500614400, 2,1641666667e+02, 1,6656666667e+02, 3,2566666667e+01, 2,0981333333e+01, 7,8786000000e+03
 1500614700, 2,1758333333e+02, 1,6910000000e+02, 2,9933333333e+01, 2,0811833333e+01, 7,8708666667e+03
 1500615000, 2,2475000000e+02, 1,7580000000e+02, 2,9266666667e+01, 2,0801833333e+01, 7,8559000000e+03
 1500615300, 2,3500000000e+02, 1,8446666667e+02, 3,1533333333e+01, 2,0858666667e+01, 7,8988333333e+03
 1500615600, 2,3500000000e+02, 1,8800000000e+02, 2,8000000000e+01, 2,0728666667e+01, 7,8575000000e+03
 1500615900, 2,1666666667e+02, 1,6966666667e+02, 2,8000000000e+01, 2,0820000000e+01, 7,8062666667e+03
 1500616200, 2,3650000000e+02, 1,8376666667e+02, 3,2300000000e+01, 2,0838500000e+01, 7,8836000000e+03
 1500616500, 2,3208333333e+02, 1,8173333333e+02, 3,1933333333e+01, 2,0855833333e+01, 7,8642666667e+03
 1500616800, 2,2000000000e+02, 1,7463333333e+02, 2,9366666667e+01, 2,0929666667e+01, 7,8589333333e+03
 1500617100, 2,1941666667e+02, 1,7460000000e+02, 2,8466666667e+01, 2,0887166667e+01, 7,8264000000e+03
 1500617400, 2,1500000000e+02, 1,6400000000e+02, 3,2000000000e+01, 2,0924666667e+01, 7,8819000000e+03
 1500617700, 2,3791666667e+02, 1,8600000000e+02, 3,3833333333e+01, 2,0999333333e+01, 7,9031166667e+03
 1500618000, 2,2208333333e+02, 1,7366666667e+02, 2,9700000000e+01, 2,1003666667e+01, 7,8238333333e+03
 1500618300, 2,2791666667e+02, 1,7936666667e+02, 3,0066666667e+01, 2,1032500000e+01, 7,8612833333e+03
 1500618600, 2,3050000000e+02, 1,8113333333e+02, 3,0733333333e+01, 2,1091500000e+01, 7,8904500000e+03
 1500618900, 2,1350000000e+02, 1,6503333333e+02, 2,8700000000e+01, 2,1036500000e+01, 7,8273000000e+03
 1500619200, 2,4000000000e+02, 1,8800000000e+02, 3,4000000000e+01, 2,0893333333e+01, 7,8018500000e+03
 1500619500, 2,4000000000e+02, 1,8800000000e+02, 3,2166666667e+01, 2,0991333333e+01, 7,8571666667e+03
 1500619800, 2,4000000000e+02, 1,8800000000e+02, 3,2000000000e+01, 2,0979000000e+01, 7,8944666667e+03
 1500620100, 1,4700000000e+02, 1,0533333333e+02, 2,1666666667e+01, 1,8207166667e+01, 7,5618833333e+03
 1500620400, 5,8416666667e+01, 2,6733333333e+01, 1,2000000000e+01, 1,3218666667e+01, 7,5156333333e+03
 1500620700, 5,5000000000e+01, 2,4000000000e+01, 1,2000000000e+01, 9,5815000000e+00, 7,5140833333e+03
 1500621000, 5,5000000000e+01, 2,4000000000e+01, 1,2000000000e+01, 6,9535000000e+00, 7,5138000000e+03
 1500621300, 5,5000000000e+01, 2,4000000000e+01, 1,2000000000e+01, 5,0441666667e+00, 7,5143166667e+03
 1500621600, 5,5000000000e+01, 2,4000000000e+01, 1,2000000000e+01, 3,6703333333e+00, 7,5146833333e+03
 1500621900, 5,5000000000e+01, 2,4000000000e+01, 1,0966666667e+01, 2,6688333333e+00, 7,5144833333e+03
 1500622200, 5,5000000000e+01, 2,4000000000e+01, 1,0633333333e+01, 1,9456666667e+00, 7,5138000000e+03
 1500622500, 5,5000000000e+01, -nan, 1,2000000000e+01, 1,4123333333e+00, 7,5139166667e+03
 1500622800, 5,5000000000e+01, -nan, 1,2000000000e+01, 1,0286666667e+00, 7,5142833333e+03
 1500623100, 5,5000000000e+01, -nan, 1,2000000000e+01, 7,5316666667e-01, 7,5147166667e+03
 1500623400, 5,5000000000e+01, -nan, 1,2000000000e+01, 5,5616666667e-01, 7,5157166667e+03
 1500623700, 5,5000000000e+01, -nan, 1,2000000000e+01, 4,1633333333e-01, 7,5146000000e+03
 1500624000, 5,5000000000e+01, -nan, 1,2000000000e+01, 3,2866666667e-01, 7,5148000000e+03
 1500624300, 5,5000000000e+01, -nan, 1,2000000000e+01, 2,8416666667e-01, 7,5146000000e+03
 1500624600, 5,5000000000e+01, -nan, 1,2000000000e+01, 2,2533333333e-01, 7,5146833333e+03
 1500624900, 5,5000000000e+01, -nan, 1,2000000000e+01, 1,8733333333e-01, 7,5150333333e+03
 1500625200, 5,5000000000e+01, -nan, 1,2000000000e+01, 1,4733333333e-01, 7,5154000000e+03
 1500625500, -nan, -nan, 1,2000000000e+01, 1,2600000000e-01, -nan
 1500625800, -nan, -nan, 1,2000000000e+01, 1,1966666667e-01, -nan
 1500626100, -nan, -nan, -nan, 1,0483333333e-01, -nan
 1500626400, -nan, -nan, -nan, -nan, -nan
 1500626700, -nan, -nan, -nan, -nan, -nan
 1500627000, -nan, -nan, -nan, -nan, -nan
 1500627300, -nan, -nan, -nan, -nan, -nan
