 Time, ttl_pwr, cpu_pwr, mem_pwr, cpu_load, mem_load
 1500620520, 2,7000000000e+02, 1,9400000000e+02, -nan, 3,2600000000e+01, 4,6120800000e+04
 1500620580, 2,7000000000e+02, 1,9400000000e+02, -nan, 3,2608666667e+01, 4,6130400000e+04
 1500620640, 2,7000000000e+02, 1,9400000000e+02, -nan, 3,2610000000e+01, 4,6120100000e+04
 1500620700, 2,7000000000e+02, 1,9400000000e+02, -nan, 3,2635500000e+01, 4,6101850000e+04
 1500620760, 2,7000000000e+02, 1,9400000000e+02, -nan, 3,2640000000e+01, 4,6096450000e+04
 1500620820, 2,7000000000e+02, 1,9400000000e+02, -nan, 3,2656666667e+01, 4,6061000000e+04
 1500620880, 2,7000000000e+02, 1,9400000000e+02, -nan, 3,2676666667e+01, 4,6056500000e+04
 1500620940, 2,7000000000e+02, 1,9226666667e+02, -nan, 3,2688666667e+01, 4,6018000000e+04
 1500621000, 2,7000000000e+02, 1,9200000000e+02, -nan, 3,2690000000e+01, 4,6233000000e+04
 1500621060, 2,7000000000e+02, 1,9200000000e+02, -nan, -nan, 4,6252000000e+04
 1500621120, 2,7000000000e+02, 1,9200000000e+02, -nan, -nan, 4,6323800000e+04
 1500621180, 2,7000000000e+02, 1,9200000000e+02, -nan, -nan, 4,6293650000e+04
 1500621240, 2,7000000000e+02, 1,9200000000e+02, -nan, -nan, 4,6286850000e+04
 1500621300, 2,7000000000e+02, 1,9200000000e+02, -nan, -nan, 4,6212200000e+04
 1500621360, 2,7000000000e+02, 1,9200000000e+02, -nan, -nan, 4,6153950000e+04
 1500621420, 2,7000000000e+02, 1,9200000000e+02, -nan, -nan, 4,6457950000e+04
 1500621480, 2,7000000000e+02, 1,9200000000e+02, -nan, -nan, 4,6482666667e+04
 1500621540, 2,7000000000e+02, 1,9200000000e+02, -nan, -nan, 4,6478000000e+04
 1500621600, 2,7000000000e+02, 1,9200000000e+02, -nan, -nan, 4,6421050000e+04
 1500621660, 2,7000000000e+02, 1,9370000000e+02, -nan, -nan, 4,6406750000e+04
 1500621720, 2,7000000000e+02, 1,9400000000e+02, -nan, -nan, 4,6755350000e+04
 1500621780, 2,7000000000e+02, 1,9400000000e+02, -nan, -nan, 4,6769400000e+04
 1500621840, 2,7000000000e+02, 1,9400000000e+02, -nan, -nan, 4,6656450000e+04
 1500621900, 2,7000000000e+02, 1,9400000000e+02, -nan, -nan, 4,6623550000e+04
 1500621960, 2,7000000000e+02, 1,9400000000e+02, -nan, -nan, 4,6652450000e+04
 1500622020, 2,7000000000e+02, 1,9233333333e+02, -nan, -nan, 4,6634666667e+04
 1500622080, 2,7000000000e+02, 1,9200000000e+02, -nan, -nan, 4,6592500000e+04
 1500622140, 2,7000000000e+02, 1,9200000000e+02, -nan, -nan, 4,6547600000e+04
 1500622200, 2,7000000000e+02, 1,9200000000e+02, -nan, -nan, 4,6515500000e+04
 1500622260, 2,7000000000e+02, 1,9200000000e+02, -nan, -nan, 4,6468533333e+04
 1500622320, 2,7000000000e+02, 1,9200000000e+02, -nan, -nan, 4,6477300000e+04
 1500622380, 2,7000000000e+02, 1,9200000000e+02, -nan, -nan, 4,6443450000e+04
 1500622440, 2,7000000000e+02, 1,9200000000e+02, -nan, -nan, 4,6318266667e+04
 1500622500, 2,7000000000e+02, 1,9200000000e+02, -nan, -nan, 4,6273650000e+04
 1500622560, 2,7000000000e+02, 1,9200000000e+02, -nan, -nan, 4,6260666667e+04
 1500622620, 2,7000000000e+02, 1,9200000000e+02, -nan, -nan, 4,6250500000e+04
 1500622680, 2,7000000000e+02, 1,9200000000e+02, -nan, -nan, 4,6251600000e+04
 1500622740, 2,7000000000e+02, 1,9370000000e+02, -nan, -nan, 4,6248600000e+04
 1500622800, 2,7000000000e+02, 1,9400000000e+02, -nan, -nan, 4,6237800000e+04
 1500622860, 2,7000000000e+02, 1,9400000000e+02, -nan, -nan, 4,6049000000e+04
 1500622920, 2,7000000000e+02, 1,9400000000e+02, -nan, -nan, 4,6014300000e+04
 1500622980, 2,7000000000e+02, 1,9400000000e+02, -nan, -nan, 3,9305800000e+04
 1500623040, 2,7000000000e+02, 1,9400000000e+02, -nan, -nan, 3,7959066667e+04
 1500623100, 2,6133333333e+02, 1,8880000000e+02, -nan, -nan, 3,7886333333e+04
 1500623160, 2,6000000000e+02, 1,8800000000e+02, -nan, -nan, 3,7711733333e+04
 1500623220, 2,6000000000e+02, 1,8800000000e+02, -nan, -nan, 3,7598466667e+04
 1500623280, 2,6000000000e+02, 1,8800000000e+02, -nan, -nan, 3,7468000000e+04
 1500623340, 2,6000000000e+02, 1,8800000000e+02, -nan, -nan, 3,0068600000e+04
 1500623400, 2,6000000000e+02, 1,8800000000e+02, -nan, -nan, 2,4604000000e+04
 1500623460, -nan, 1,1346666667e+02, -nan, -nan, 2,1238333333e+04
 1500623520, -nan, 1,0200000000e+02, -nan, -nan, 2,1135866667e+04
 1500623580, -nan, 1,0200000000e+02, -nan, -nan, 2,1450250000e+04
 1500623640, -nan, 1,0200000000e+02, -nan, -nan, 2,1495800000e+04
 1500623700, -nan, 1,0200000000e+02, -nan, -nan, -nan
 1500623760, -nan, 1,0200000000e+02, -nan, -nan, -nan
 1500623820, -nan, 6,2133333333e+01, -nan, -nan, -nan
 1500623880, -nan, -nan, -nan, -nan, -nan
 1500623940, -nan, -nan, -nan, -nan, -nan
 1500624000, -nan, -nan, -nan, -nan, -nan
 1500624060, -nan, -nan, -nan, -nan, -nan
 1500624120, -nan, -nan, -nan, -nan, -nan
