 Time, ttl_pwr, cpu_pwr, mem_pwr, cpu_load, mem_load
 1500448500, 8.6000000000e+01, 4.1200000000e+01, 2.2800000000e+01, 1.2470800000e+01, 1.1549220000e+04
 1500448800, 8.9916666667e+01, 4.5140000000e+01, 2.3586666667e+01, 1.0454800000e+01, 1.6391413333e+04
 1500449100, 1.3646666667e+02, 8.2746666667e+01, 3.1506666667e+01, 1.3369666667e+01, 4.1006206667e+04
 1500449400, 2.6500000000e+02, 1.9200000000e+02, 5.4000000000e+01, 1.8739466667e+01, 4.2609206667e+04
 1500449700, 2.6998333333e+02, 1.9399333333e+02, 5.4000000000e+01, 2.2634700000e+01, 4.3094593333e+04
 1500450000, 2.7000000000e+02, 1.9400000000e+02, 5.4000000000e+01, 2.5505166667e+01, 4.3638570000e+04
 1500450300, 2.7000000000e+02, 1.9758000000e+02, 5.0420000000e+01, 2.7650500000e+01, 4.4092576667e+04
 1500450600, 2.7000000000e+02, 1.9762000000e+02, 4.9586666667e+01, 2.9013133333e+01, 4.4155993333e+04
 1500450900, 2.6806666667e+02, 1.9284000000e+02, 5.1613333333e+01, 3.0077133333e+01, 4.4136183333e+04
 1500451200, 2.6000000000e+02, 1.8800000000e+02, 5.0000000000e+01, 3.0895500000e+01, 4.4293556667e+04
 1500451500, 2.6993333333e+02, 1.9396000000e+02, 5.3973333333e+01, 3.1517700000e+01, 4.4516630000e+04
 1500451800, 2.7000000000e+02, 1.9400000000e+02, 5.4000000000e+01, 3.1968866667e+01, 4.4525393333e+04
 1500452100, 2.7000000000e+02, 1.9400000000e+02, 5.2806666667e+01, 3.2325633333e+01, 4.4568883333e+04
 1500452400, 2.7000000000e+02, 1.9400000000e+02, 5.2800000000e+01, 3.2497400000e+01, 4.4710266667e+04
 1500452700, 2.7000000000e+02, 1.9400000000e+02, 5.4000000000e+01, 3.2611400000e+01, 4.4751620000e+04
 1500453000, 2.7000000000e+02, 1.9400000000e+02, 5.4000000000e+01, 3.2751466667e+01, 4.4719613333e+04
 1500453300, 2.7000000000e+02, 1.9400000000e+02, 5.4000000000e+01, 3.2835766667e+01, 4.4800890000e+04
 1500453600, 2.6603333333e+02, 1.9241333333e+02, 5.4000000000e+01, 3.2822133333e+01, 4.5040543333e+04
 1500453900, 2.6800000000e+02, 1.9320000000e+02, 5.2800000000e+01, 3.2810433333e+01, 4.5152173333e+04
 1500454200, 2.4421666667e+02, 1.7258000000e+02, 4.8033333333e+01, 3.2682633333e+01, 4.5110636667e+04
 1500454500, 2.1800000000e+02, 1.5080000000e+02, 4.4400000000e+01, 3.2731733333e+01, 4.2548090000e+04
 1500454800, 2.7000000000e+02, 1.9400000000e+02, 5.4000000000e+01, 2.9692000000e+01, 2.7302800000e+04
 1500455100, 2.4000000000e+02, 1.7400000000e+02, 4.4000000000e+01, 2.6234000000e+01, 2.7033800000e+04
 1500455400, 2.3600000000e+02, 1.7080000000e+02, 4.4000000000e+01, 2.3876000000e+01, 2.7118000000e+04
 1500455700, 2.3800000000e+02, 1.7240000000e+02, 4.4000000000e+01, 2.1932000000e+01, 2.7229800000e+04
 1500456000, 1.9523333333e+02, 1.3502666667e+02, 3.7680000000e+01, 2.0819866667e+01, 2.8187153333e+04
 1500456300, 1.3500000000e+02, 8.2666666667e+01, 3.0000000000e+01, 2.0966400000e+01, 2.7630006667e+04
 1500456600, 1.2300000000e+02, 7.2400000000e+01, 2.9600000000e+01, 1.8216000000e+01, 1.9300800000e+04
 1500456900, 2.3500000000e+02, 1.7000000000e+02, 4.4000000000e+01, 1.7363400000e+01, 2.7727660000e+04
 1500457200, 1.9500000000e+02, 1.3200000000e+02, 3.8000000000e+01, 1.7478000000e+01, 2.7881800000e+04
 1500457500, 1.5191666667e+02, 9.2833333333e+01, 3.3300000000e+01, 1.7964766667e+01, 2.8674983333e+04
 1500457800, 1.4600000000e+02, 8.5600000000e+01, 3.8000000000e+01, 1.8498633333e+01, 3.2133773333e+04
 1500458100, 1.9760000000e+02, 1.3004666667e+02, 4.5966666667e+01, 2.0855300000e+01, 4.3275266667e+04
 1500458400, 2.7000000000e+02, 1.9438666667e+02, 5.2386666667e+01, 2.4101266667e+01, 4.4022000000e+04
 1500458700, 2.7000000000e+02, 1.9600000000e+02, 5.4000000000e+01, 2.6454266667e+01, 4.4020870000e+04
 1500459000, 2.7000000000e+02, 1.9600000000e+02, 5.2006666667e+01, 2.8215300000e+01, 4.4424550000e+04
 1500459300, 2.7000000000e+02, 1.9600000000e+02, 5.2000000000e+01, 2.9443500000e+01, 4.4716630000e+04
 1500459600, 2.7000000000e+02, 1.9600000000e+02, 5.3193333333e+01, 3.0423566667e+01, 4.4561093333e+04
 1500459900, 2.7000000000e+02, 1.9520666667e+02, 5.3206666667e+01, 3.1045400000e+01, 4.4684226667e+04
 1500460200, 2.7000000000e+02, 1.9480000000e+02, 5.2400000000e+01, 3.1483733333e+01, 4.5116450000e+04
 1500460500, 2.7000000000e+02, 1.9800000000e+02, 5.4000000000e+01, 3.1833200000e+01, 4.5193773333e+04
 1500460800, 2.7000000000e+02, 1.9800000000e+02, 5.2000000000e+01, 3.2094966667e+01, 4.5312193333e+04
 1500461100, 2.7000000000e+02, 1.9480000000e+02, 5.3600000000e+01, 3.2271800000e+01, 4.5501416667e+04
 1500461400, 2.7298333333e+02, 1.9519333333e+02, 5.4000000000e+01, 3.2393233333e+01, 4.5613530000e+04
 1500461700, 2.7303333333e+02, 1.9600000000e+02, 5.3213333333e+01, 3.2484033333e+01, 4.5598790000e+04
 1500462000, 2.7000000000e+02, 1.9716000000e+02, 5.1226666667e+01, 3.2507633333e+01, 4.5665676667e+04
 1500462300, 2.7000000000e+02, 2.0200000000e+02, 4.8000000000e+01, 3.2597566667e+01, 4.5735406667e+04
 1500462600, 2.7496666667e+02, 1.9604000000e+02, 5.3960000000e+01, 3.2623833333e+01, 4.5767223333e+04
 1500462900, 2.7103333333e+02, 1.9600000000e+02, 5.4000000000e+01, 3.2609233333e+01, 4.3176130000e+04
 1500463200, 2.5200000000e+02, 1.8160000000e+02, 4.8000000000e+01, 3.0054000000e+01, 3.0068800000e+04
 1500463500, 2.2611666667e+02, 1.5930666667e+02, 4.3206666667e+01, 2.7052000000e+01, 2.8864886667e+04
 1500463800, 2.0433333333e+02, 1.4080000000e+02, 4.0400000000e+01, 2.6433333333e+01, 2.9456666667e+04
 1500464100, 2.0000000000e+02, 1.4600000000e+02, 3.0000000000e+01, 2.6481300000e+01, 3.0422306667e+04
 1500464400, 2.4500000000e+02, 1.8200000000e+02, 4.2000000000e+01, 2.4435333333e+01, 1.8225523333e+04
 1500464700, 2.1700000000e+02, 1.6120000000e+02, 3.4000000000e+01, 2.2372000000e+01, 2.0452000000e+04
 1500465000, 2.1000000000e+02, 1.5360000000e+02, 3.4400000000e+01, 2.1208000000e+01, 2.0948100000e+04
 1500465300, 2.1000000000e+02, 1.5426000000e+02, 3.2986666667e+01, 2.1046166667e+01, 2.1771000000e+04
 1500465600, 2.1700000000e+02, 1.6400000000e+02, 3.0000000000e+01, 2.0598000000e+01, 2.6345600000e+04
 1500465900, 2.4500000000e+02, 1.8800000000e+02, 3.8000000000e+01, 2.3028200000e+01, 3.7992206667e+04
 1500466200, 2.3520000000e+02, 1.6448000000e+02, 4.7800000000e+01, 2.5850200000e+01, 3.7998270000e+04
 1500466500, 2.1906666667e+02, 1.5444000000e+02, 4.1626666667e+01, 2.8083333333e+01, 3.7849690000e+04
 1500466800, 2.2096666667e+02, 1.5677333333e+02, 4.1193333333e+01, 2.9615633333e+01, 3.7441830000e+04
 1500467100, 2.4073333333e+02, 1.7494666667e+02, 4.4360000000e+01, 3.0504700000e+01, 3.7720703333e+04
 1500467400, 2.6401666667e+02, 1.9682000000e+02, 4.7213333333e+01, 3.1101066667e+01, 3.7857306667e+04
 1500467700, 2.6000000000e+02, 1.9200000000e+02, 4.4000000000e+01, 3.1514133333e+01, 3.8152400000e+04
 1500468000, 2.6000000000e+02, 1.9398666667e+02, 4.4000000000e+01, 3.1782866667e+01, 3.8385533333e+04
 1500468300, 2.6396666667e+02, 1.9558666667e+02, 4.5586666667e+01, 3.2001133333e+01, 3.8523063333e+04
 1500468600, 2.6500000000e+02, 1.9719333333e+02, 4.7193333333e+01, 3.2163600000e+01, 3.8542313333e+04
 1500468900, 2.6500000000e+02, 1.9642666667e+02, 4.7213333333e+01, 3.2258900000e+01, 3.8610330000e+04
 1500469200, 2.6401666667e+02, 1.9360666667e+02, 4.6393333333e+01, 3.2399633333e+01, 3.8568950000e+04
 1500469500, 2.6000000000e+02, 1.9200000000e+02, 4.8000000000e+01, 3.2467900000e+01, 3.8521066667e+04
 1500469800, 2.4510000000e+02, 1.7809333333e+02, 4.2040000000e+01, 3.2543166667e+01, 3.8324990000e+04
 1500470100, 2.5290000000e+02, 1.8748000000e+02, 4.2000000000e+01, 3.2235833333e+01, 3.8285556667e+04
 1500470400, 2.5800000000e+02, 1.8880000000e+02, 4.6800000000e+01, 3.1548400000e+01, 3.8002786667e+04
 1500470700, 2.6000000000e+02, 1.8800000000e+02, 4.9200000000e+01, 3.0210000000e+01, 3.7570000000e+04
 1500471000, 2.5900000000e+02, 1.8760000000e+02, 4.8000000000e+01, 2.8682000000e+01, 3.5617600000e+04
 1500471300, 2.5500000000e+02, 1.8600000000e+02, 4.8000000000e+01, 2.5958000000e+01, 2.8055600000e+04
 1500471600, 2.3000000000e+02, 1.6400000000e+02, 4.2000000000e+01, 2.3380000000e+01, 2.7922200000e+04
 1500471900, 1.8600000000e+02, 1.2880000000e+02, 3.5600000000e+01, 2.0252000000e+01, 1.8953800000e+04
 1500472200, 1.0300000000e+02, 6.3600000000e+01, 2.0800000000e+01, 1.5918000000e+01, 9.7320000000e+03
 1500472500, 6.5000000000e+01, 3.2400000000e+01, 1.5200000000e+01, 1.1716000000e+01, 9.4006000000e+03
 1500472800, 7.5000000000e+01, 3.8800000000e+01, 1.8400000000e+01, 8.5320000000e+00, 9.3870000000e+03
 1500473100, 5.5000000000e+01, 2.6000000000e+01, 1.2000000000e+01, 6.2080000000e+00, 9.3866000000e+03
 1500473400, 5.5000000000e+01, 2.6000000000e+01, 1.2000000000e+01, 4.5220000000e+00, 9.3870000000e+03
 1500473700, 5.5000000000e+01, 2.6000000000e+01, 1.2000000000e+01, 3.3040000000e+00, 9.3870000000e+03
 1500474000, 5.5000000000e+01, 2.6000000000e+01, 1.2000000000e+01, 2.4160000000e+00, 9.3880000000e+03
 1500474300, 5.5000000000e+01, 2.6000000000e+01, 1.2000000000e+01, 1.7700000000e+00, 9.3882000000e+03
 1500474600, 5.6000000000e+01, 2.6800000000e+01, 1.2400000000e+01, 1.3000000000e+00, 9.3906000000e+03
 1500474900, 6.0000000000e+01, 3.0000000000e+01, 1.4000000000e+01, 9.6400000000e-01, 9.3930000000e+03
 1500475200, 5.5000000000e+01, 2.6000000000e+01, 1.2000000000e+01, 7.2200000000e-01, 9.3928000000e+03
 1500475500, 5.5000000000e+01, 2.6000000000e+01, 1.2000000000e+01, 5.4600000000e-01, 9.3936000000e+03
 1500475800, 5.5000000000e+01, 2.6000000000e+01, 1.2000000000e+01, 4.2600000000e-01, 9.3940000000e+03
 1500476100, 5.5000000000e+01, 2.6000000000e+01, 1.2000000000e+01, 3.2800000000e-01, 9.3936000000e+03
 1500476400, 5.5000000000e+01, 2.6000000000e+01, 1.2000000000e+01, 2.6200000000e-01, 9.3944000000e+03
 1500476700, 5.5000000000e+01, 2.6000000000e+01, 1.2000000000e+01, 2.0000000000e-01, 9.3952000000e+03
 1500477000, 5.5000000000e+01, 2.4000000000e+01, 1.2000000000e+01, 1.5200000000e-01, 9.3970000000e+03
 1500477300, 5.5000000000e+01, 2.5600000000e+01, 1.2000000000e+01, 1.3800000000e-01, 9.3952000000e+03
 1500477600, 5.5000000000e+01, 2.4800000000e+01, 1.2000000000e+01, 1.4200000000e-01, 9.3958000000e+03
 1500477900, 5.7000000000e+01, 2.4800000000e+01, 1.2800000000e+01, 1.3800000000e-01, 9.3958000000e+03
 1500478200, 5.9000000000e+01, 2.6000000000e+01, 1.3600000000e+01, 1.4600000000e-01, 9.3968000000e+03
 1500478500, 5.5000000000e+01, 2.6000000000e+01, 1.2000000000e+01, 1.3800000000e-01, 9.3962000000e+03
 1500478800, 5.5000000000e+01, 2.6000000000e+01, 1.2000000000e+01, 1.3400000000e-01, 9.4036000000e+03
 1500479100, 5.9000000000e+01, 2.9200000000e+01, 1.3600000000e+01, 1.3800000000e-01, 9.3984000000e+03
 1500479400, 6.0000000000e+01, 2.8800000000e+01, 1.4000000000e+01, 2.9600000000e-01, 9.4378000000e+03
 1500479700, 6.0000000000e+01, 2.8000000000e+01, 1.4000000000e+01, 5.2000000000e-01, 9.4406000000e+03
 1500480000, 6.1000000000e+01, 2.8400000000e+01, 1.4400000000e+01, 6.7800000000e-01, 9.4402000000e+03
 1500480300, 6.5000000000e+01, 3.0000000000e+01, 1.6000000000e+01, 7.9800000000e-01, 9.4402000000e+03
 1500480600, 6.5000000000e+01, 3.0000000000e+01, 1.8000000000e+01, 8.8400000000e-01, 9.4412000000e+03
 1500480900, 6.9000000000e+01, 3.1600000000e+01, 1.9600000000e+01, 9.5000000000e-01, 9.4418000000e+03
 1500481200, 7.0000000000e+01, 3.3200000000e+01, 2.0000000000e+01, 1.0020000000e+00, 9.4414000000e+03
 1500481500, 6.8000000000e+01, 3.1600000000e+01, 1.8400000000e+01, 1.0280000000e+00, 9.4418000000e+03
 1500481800, 6.3000000000e+01, 2.7600000000e+01, 1.5200000000e+01, 1.0500000000e+00, 9.4418000000e+03
 1500482100, 5.5000000000e+01, 2.6000000000e+01, 1.2000000000e+01, 1.0540000000e+00, 9.4434000000e+03
 1500482400, 6.5000000000e+01, 3.0000000000e+01, 1.6000000000e+01, 1.0520000000e+00, 9.4430000000e+03
 1500482700, 6.9000000000e+01, 3.1600000000e+01, 1.7600000000e+01, 1.0520000000e+00, 9.4438000000e+03
 1500483000, 7.0000000000e+01, 3.3200000000e+01, 1.9200000000e+01, 1.0860000000e+00, 9.4446000000e+03
 1500483300, 7.2000000000e+01, 3.4800000000e+01, 2.0000000000e+01, 1.1100000000e+00, 9.4446000000e+03
 1500483600, 7.3000000000e+01, 3.4800000000e+01, 1.9200000000e+01, 1.0960000000e+00, 9.4468000000e+03
 1500483900, 6.5000000000e+01, 3.0000000000e+01, 1.6000000000e+01, 1.1080000000e+00, 9.4448000000e+03
 1500484200, 6.0000000000e+01, 2.8000000000e+01, 1.4000000000e+01, 1.1240000000e+00, 9.4446000000e+03
 1500484500, 6.4000000000e+01, 2.9600000000e+01, 1.5600000000e+01, 1.1240000000e+00, 9.4436000000e+03
 1500484800, 6.2000000000e+01, 2.8800000000e+01, 1.6000000000e+01, 1.1320000000e+00, 9.4448000000e+03
 1500485100, 6.0000000000e+01, 2.8000000000e+01, 1.5200000000e+01, 1.1360000000e+00, 9.4472000000e+03
 1500485400, 6.0000000000e+01, 2.8000000000e+01, 1.4000000000e+01, 1.1300000000e+00, 9.4448000000e+03
 1500485700, 6.0000000000e+01, 2.8000000000e+01, 1.4000000000e+01, 1.1320000000e+00, 9.4434000000e+03
 1500486000, 8.0000000000e+01, 3.8000000000e+01, 2.4000000000e+01, 1.1380000000e+00, 9.4438000000e+03
 1500486300, 6.4000000000e+01, 3.0000000000e+01, 1.6000000000e+01, 1.1340000000e+00, 9.4454000000e+03
 1500486600, 6.3000000000e+01, 2.9200000000e+01, 1.5200000000e+01, 1.1280000000e+00, 9.4462000000e+03
 1500486900, 6.7000000000e+01, 3.1600000000e+01, 1.7600000000e+01, 1.1220000000e+00, 9.4444000000e+03
 1500487200, 6.8000000000e+01, 3.2400000000e+01, 1.9200000000e+01, 1.1220000000e+00, 9.4446000000e+03
 1500487500, 6.0000000000e+01, 2.6000000000e+01, 1.6000000000e+01, 1.1300000000e+00, 9.4488000000e+03
 1500487800, 7.0000000000e+01, 3.4000000000e+01, 1.6000000000e+01, 1.1440000000e+00, 9.4484000000e+03
 1500488100, 7.4000000000e+01, 3.4000000000e+01, 1.9200000000e+01, 1.1420000000e+00, 9.4482000000e+03
 1500488400, 7.8000000000e+01, 3.5200000000e+01, 2.2400000000e+01, 1.1400000000e+00, 9.4482000000e+03
 1500488700, 7.4000000000e+01, 3.3600000000e+01, 2.1600000000e+01, 1.1260000000e+00, 9.4488000000e+03
 1500489000, 6.3000000000e+01, 2.9200000000e+01, 1.6800000000e+01, 1.0720000000e+00, 9.4454000000e+03
 1500489300, 5.5000000000e+01, 2.6000000000e+01, 1.2000000000e+01, 8.1400000000e-01, 9.4408000000e+03
 1500489600, 5.5000000000e+01, 2.6000000000e+01, 1.2000000000e+01, 6.0000000000e-01, 9.4446000000e+03
 1500489900, 5.5000000000e+01, 2.6000000000e+01, 1.2000000000e+01, 4.4800000000e-01, 9.4412000000e+03
 1500490200, 5.5000000000e+01, 2.6000000000e+01, 1.2000000000e+01, 3.7200000000e-01, 9.4400000000e+03
 1500490500, 5.5000000000e+01, 2.6000000000e+01, 1.2000000000e+01, 3.0400000000e-01, 9.4412000000e+03
 1500490800, 5.5000000000e+01, 2.6000000000e+01, 1.2000000000e+01, 2.5200000000e-01, 9.4444000000e+03
 1500491100, 5.5000000000e+01, 2.6000000000e+01, 1.2000000000e+01, 2.1400000000e-01, 9.4422000000e+03
 1500491400, 5.5000000000e+01, 2.6000000000e+01, 1.2000000000e+01, 1.8600000000e-01, 9.4418000000e+03
 1500491700, 5.5000000000e+01, 2.6000000000e+01, 1.2000000000e+01, 1.4400000000e-01, 9.4426000000e+03
 1500492000, 5.5000000000e+01, 2.6000000000e+01, 1.3200000000e+01, 1.2800000000e-01, 9.4422000000e+03
 1500492300, 5.7000000000e+01, 2.7600000000e+01, 1.3200000000e+01, 1.2200000000e-01, 9.4430000000e+03
 1500492600, 5.9000000000e+01, 2.9200000000e+01, 1.2000000000e+01, 1.3000000000e-01, 9.4412000000e+03
 1500492900, 5.5000000000e+01, 2.6000000000e+01, 1.2000000000e+01, 1.1600000000e-01, 9.4418000000e+03
 1500493200, 5.5000000000e+01, 2.4000000000e+01, 1.2000000000e+01, 1.2600000000e-01, 9.4418000000e+03
 1500493500, 5.5000000000e+01, 2.5600000000e+01, 1.2000000000e+01, 1.2400000000e-01, 9.4416000000e+03
 1500493800, 5.5000000000e+01, 2.4800000000e+01, 1.2000000000e+01, 1.2200000000e-01, 9.4414000000e+03
 1500494100, 5.5000000000e+01, 2.4800000000e+01, 1.2000000000e+01, 1.2600000000e-01, 9.4406000000e+03
 1500494400, 5.5000000000e+01, 2.6000000000e+01, 1.2000000000e+01, 1.2800000000e-01, 9.4408000000e+03
 1500494700, 5.5000000000e+01, 2.6000000000e+01, 1.2000000000e+01, 1.1400000000e-01, 9.4404000000e+03
 1500495000, 5.5000000000e+01, 2.6000000000e+01, 1.2000000000e+01, 1.0000000000e-01, 9.4426000000e+03
 1500495300, 5.5000000000e+01, 2.6000000000e+01, 1.2000000000e+01, 8.8000000000e-02, 9.4418000000e+03
 1500495600, 5.5000000000e+01, 2.6000000000e+01, 1.2000000000e+01, 8.2000000000e-02, 9.4478000000e+03
 1500495900, 5.5000000000e+01, 2.6000000000e+01, 1.2000000000e+01, 7.6000000000e-02, 9.4420000000e+03
 1500496200, 5.6000000000e+01, 2.6000000000e+01, 1.2400000000e+01, 6.2000000000e-02, 9.4432000000e+03
 1500496500, 6.0000000000e+01, 2.6000000000e+01, 1.4000000000e+01, 8.0000000000e-02, 9.4434000000e+03
 1500496800, 5.5000000000e+01, 2.6000000000e+01, 1.2000000000e+01, 8.2000000000e-02, 9.4422000000e+03
 1500497100, 5.5000000000e+01, 2.6000000000e+01, 1.2000000000e+01, 1.0600000000e-01, 9.4424000000e+03
 1500497400, 5.5000000000e+01, 2.6000000000e+01, 1.2000000000e+01, 1.0600000000e-01, 9.4442000000e+03
 1500497700, 5.5000000000e+01, 2.6000000000e+01, 1.2000000000e+01, 1.0400000000e-01, 9.4452000000e+03
 1500498000, 5.5000000000e+01, 2.5600000000e+01, 1.2000000000e+01, 9.8000000000e-02, 9.4442000000e+03
 1500498300, 5.5000000000e+01, 2.4000000000e+01, 1.2000000000e+01, 1.0800000000e-01, 9.4442000000e+03
 1500498600, 5.5000000000e+01, 2.6000000000e+01, 1.2000000000e+01, 9.6000000000e-02, 9.4472000000e+03
 1500498900, 5.5000000000e+01, 2.6000000000e+01, 1.2000000000e+01, 7.6000000000e-02, 9.4446000000e+03
 1500499200, 5.5000000000e+01, 2.6000000000e+01, 1.2000000000e+01, 6.2000000000e-02, 9.4430000000e+03
 1500499500, 5.5000000000e+01, 2.6000000000e+01, 1.2000000000e+01, 5.2000000000e-02, 9.4436000000e+03
 1500499800, 5.5000000000e+01, 2.6000000000e+01, 1.2000000000e+01, 5.8000000000e-02, 9.4448000000e+03
 1500500100, 5.5000000000e+01, 2.6000000000e+01, 1.2000000000e+01, 5.2000000000e-02, 9.4440000000e+03
 1500500400, 5.5000000000e+01, 2.6000000000e+01, 1.2000000000e+01, 5.0000000000e-02, 9.4448000000e+03
 1500500700, 6.3000000000e+01, 2.9200000000e+01, 1.3600000000e+01, 5.0000000000e-02, 9.4490000000e+03
 1500501000, 5.9000000000e+01, 2.7600000000e+01, 1.2800000000e+01, 5.0000000000e-02, 9.4474000000e+03
 1500501300, 5.5000000000e+01, 2.6000000000e+01, 1.2000000000e+01, 5.2000000000e-02, 9.4466000000e+03
 1500501600, 5.5000000000e+01, 2.5600000000e+01, 1.2000000000e+01, 5.0000000000e-02, 9.4450000000e+03
 1500501900, 5.5000000000e+01, 2.4000000000e+01, 1.2000000000e+01, 5.0000000000e-02, 9.4452000000e+03
 1500502200, 5.5000000000e+01, 2.4000000000e+01, 1.2000000000e+01, 5.2000000000e-02, 9.4474000000e+03
 1500502500, 5.5000000000e+01, 2.5600000000e+01, 1.2000000000e+01, 5.0000000000e-02, 9.4462000000e+03
 1500502800, 5.5000000000e+01, 2.4800000000e+01, 1.2000000000e+01, 5.0000000000e-02, 9.4462000000e+03
 1500503100, 5.5000000000e+01, 2.4800000000e+01, 1.2000000000e+01, 5.0000000000e-02, 9.4470000000e+03
 1500503400, 5.5000000000e+01, 2.5600000000e+01, 1.2000000000e+01, 5.4000000000e-02, 9.4508000000e+03
 1500503700, 5.5000000000e+01, 2.4000000000e+01, 1.2000000000e+01, 7.2000000000e-02, 9.4476000000e+03
 1500504000, 5.5000000000e+01, 2.4000000000e+01, 1.2000000000e+01, 7.8000000000e-02, 9.4478000000e+03
 1500504300, 5.5000000000e+01, 2.4000000000e+01, 1.2000000000e+01, 7.0000000000e-02, 9.4482000000e+03
 1500504600, 5.5000000000e+01, 2.5200000000e+01, 1.2000000000e+01, 5.6000000000e-02, 9.4484000000e+03
 1500504900, 5.7000000000e+01, 2.7600000000e+01, 1.2800000000e+01, 5.0000000000e-02, 9.4472000000e+03
 1500505200, 5.9000000000e+01, 2.9200000000e+01, 1.3600000000e+01, 5.0000000000e-02, 9.4490000000e+03
 1500505500, 5.5000000000e+01, 2.6000000000e+01, 1.2000000000e+01, 5.0000000000e-02, 9.4474000000e+03
 1500505800, 5.5000000000e+01, 2.6000000000e+01, 1.2000000000e+01, 5.0000000000e-02, 9.4470000000e+03
 1500506100, 5.5000000000e+01, 2.6000000000e+01, 1.2000000000e+01, 5.0000000000e-02, 9.4478000000e+03
 1500506400, 5.5000000000e+01, 2.6000000000e+01, 1.2000000000e+01, 5.0000000000e-02, 9.4468000000e+03
 1500506700, 5.7000000000e+01, 2.6800000000e+01, 1.3600000000e+01, 5.0000000000e-02, 9.4468000000e+03
 1500507000, 5.9000000000e+01, 2.7600000000e+01, 1.5200000000e+01, 5.0000000000e-02, 9.4484000000e+03
 1500507300, 5.5000000000e+01, 2.6000000000e+01, 1.2000000000e+01, 5.0000000000e-02, 9.4484000000e+03
 1500507600, 5.5000000000e+01, 2.6000000000e+01, 1.2000000000e+01, 5.0000000000e-02, 9.4480000000e+03
 1500507900, 5.9000000000e+01, 2.7600000000e+01, 1.2000000000e+01, 5.0000000000e-02, 9.4474000000e+03
 1500508200, 5.7000000000e+01, 2.6800000000e+01, 1.2000000000e+01, 5.0000000000e-02, 9.4476000000e+03
 1500508500, 5.5000000000e+01, 2.5200000000e+01, 1.2000000000e+01, 5.0000000000e-02, 9.4482000000e+03
 1500508800, 5.5000000000e+01, 2.4400000000e+01, 1.2000000000e+01, 5.0000000000e-02, 9.4508000000e+03
 1500509100, 5.5000000000e+01, 2.6000000000e+01, 1.2000000000e+01, 6.2000000000e-02, 9.4490000000e+03
 1500509400, 6.0000000000e+01, 3.0000000000e+01, 1.4000000000e+01, 6.0000000000e-02, 9.4550000000e+03
 1500509700, 5.6000000000e+01, 2.6800000000e+01, 1.2400000000e+01, 5.2000000000e-02, 9.4552000000e+03
 1500510000, 5.5000000000e+01, 2.6000000000e+01, 1.2000000000e+01, 5.6000000000e-02, 9.4548000000e+03
 1500510300, 5.5000000000e+01, 2.6000000000e+01, 1.2000000000e+01, 5.2000000000e-02, 9.4538000000e+03
 1500510600, 5.5000000000e+01, 2.5600000000e+01, 1.2000000000e+01, 6.0000000000e-02, 9.4534000000e+03
 1500510900, 5.5000000000e+01, 2.4000000000e+01, 1.2000000000e+01, 5.0000000000e-02, 9.4542000000e+03
 1500511200, 5.5000000000e+01, 2.4000000000e+01, 1.2000000000e+01, 5.0000000000e-02, 9.4536000000e+03
 1500511500, 5.5000000000e+01, 2.5600000000e+01, 1.2000000000e+01, 5.0000000000e-02, 9.4550000000e+03
 1500511800, 5.5000000000e+01, 2.6000000000e+01, 1.2000000000e+01, 5.4000000000e-02, 9.4530000000e+03
 1500512100, 5.7000000000e+01, 2.6800000000e+01, 1.2000000000e+01, 5.4000000000e-02, 9.4532000000e+03
 1500512400, 5.9000000000e+01, 2.7200000000e+01, 1.2000000000e+01, 5.0000000000e-02, 9.4540000000e+03
 1500512700, 5.5000000000e+01, 2.4000000000e+01, 1.2000000000e+01, 5.0000000000e-02, 9.4528000000e+03
 1500513000, 6.0000000000e+01, 2.8000000000e+01, 1.6000000000e+01, 5.0000000000e-02, 9.4546000000e+03
 1500513300, 5.6000000000e+01, 2.6400000000e+01, 1.2800000000e+01, 5.0000000000e-02, 9.4538000000e+03
 1500513600, 6.1000000000e+01, 2.9600000000e+01, 1.3200000000e+01, 5.0000000000e-02, 9.4532000000e+03
 1500513900, 6.1000000000e+01, 2.9600000000e+01, 1.3200000000e+01, 5.0000000000e-02, 9.4538000000e+03
 1500514200, 5.5000000000e+01, 2.6000000000e+01, 1.2000000000e+01, 5.0000000000e-02, 9.4526000000e+03
 1500514500, 5.5000000000e+01, 2.6000000000e+01, 1.2000000000e+01, 5.0000000000e-02, 9.4522000000e+03
 1500514800, 5.5000000000e+01, 2.6000000000e+01, 1.2000000000e+01, 5.0000000000e-02, 9.4536000000e+03
 1500515100, 5.5000000000e+01, 2.6000000000e+01, 1.2000000000e+01, 5.6000000000e-02, 9.4542000000e+03
 1500515400, 5.5000000000e+01, 2.6000000000e+01, 1.2000000000e+01, 5.2000000000e-02, 9.4536000000e+03
 1500515700, 5.5000000000e+01, 2.6000000000e+01, 1.2000000000e+01, 6.6000000000e-02, 9.4542000000e+03
 1500516000, 5.5000000000e+01, 2.5600000000e+01, 1.2000000000e+01, 7.0000000000e-02, 9.4628000000e+03
 1500516300, 5.5000000000e+01, 2.4000000000e+01, 1.2000000000e+01, 6.4000000000e-02, 9.4568000000e+03
 1500516600, 5.5000000000e+01, 2.4000000000e+01, 1.2000000000e+01, 5.4000000000e-02, 9.4558000000e+03
 1500516900, 5.5000000000e+01, 2.5600000000e+01, 1.2000000000e+01, 5.2000000000e-02, 9.4578000000e+03
 1500517200, 5.5000000000e+01, 2.6000000000e+01, 1.2000000000e+01, 5.0000000000e-02, 9.4560000000e+03
 1500517500, 5.9000000000e+01, 2.7600000000e+01, 1.3600000000e+01, 5.0000000000e-02, 9.4560000000e+03
 1500517800, 6.4000000000e+01, 2.9200000000e+01, 1.5600000000e+01, 5.0000000000e-02, 9.4562000000e+03
 1500518100, 6.0000000000e+01, 2.6000000000e+01, 1.4000000000e+01, 5.0000000000e-02, 9.4566000000e+03
 1500518400, 5.5000000000e+01, 2.6000000000e+01, 1.2000000000e+01, 5.0000000000e-02, 9.4556000000e+03
 1500518700, 5.5000000000e+01, 2.6000000000e+01, 1.2000000000e+01, 5.0000000000e-02, 9.4552000000e+03
 1500519000, 5.5000000000e+01, 2.6000000000e+01, 1.2000000000e+01, 5.0000000000e-02, 9.4566000000e+03
 1500519300, 5.5000000000e+01, 2.6000000000e+01, 1.2000000000e+01, 5.0000000000e-02, 9.4566000000e+03
 1500519600, 5.5000000000e+01, 2.6000000000e+01, 1.2000000000e+01, 5.0000000000e-02, 9.4556000000e+03
 1500519900, 5.5000000000e+01, 2.6000000000e+01, 1.2000000000e+01, 5.2000000000e-02, 9.4564000000e+03
 1500520200, 5.5000000000e+01, 2.6000000000e+01, 1.2000000000e+01, 5.0000000000e-02, 9.4589933333e+03
 1500520500, 6.7000000000e+01, 2.7600000000e+01, 2.0000000000e+01, 5.0000000000e-02, 9.4570000000e+03
 1500520800, 6.1000000000e+01, 2.6800000000e+01, 1.6000000000e+01, 5.0000000000e-02, 9.4566000000e+03
 1500521100, 5.5000000000e+01, 2.6000000000e+01, 1.2000000000e+01, 5.0000000000e-02, 9.4568000000e+03
 1500521400, 5.5000000000e+01, 2.5600000000e+01, 1.2000000000e+01, 5.6000000000e-02, 9.4566000000e+03
 1500521700, 5.5000000000e+01, 2.4000000000e+01, 1.2000000000e+01, 5.4000000000e-02, 9.4572000000e+03
 1500522000, 5.5000000000e+01, 2.6000000000e+01, 1.2000000000e+01, 7.0000000000e-02, 9.4572000000e+03
 1500522300, 5.9000000000e+01, 3.0800000000e+01, 1.2000000000e+01, 8.8000000000e-02, 9.4588000000e+03
 1500522600, 5.7000000000e+01, 2.8400000000e+01, 1.2000000000e+01, 9.6000000000e-02, 9.4610000000e+03
 1500522900, 5.7000000000e+01, 2.6800000000e+01, 1.2800000000e+01, 7.0000000000e-02, 9.4566000000e+03
 1500523200, 5.9000000000e+01, 2.7600000000e+01, 1.3600000000e+01, 5.4000000000e-02, 9.4570000000e+03
 1500523500, 5.5000000000e+01, 2.6000000000e+01, 1.2000000000e+01, 5.0000000000e-02, 9.4574000000e+03
 1500523800, 6.0000000000e+01, 3.0000000000e+01, 1.2000000000e+01, 5.0000000000e-02, 9.4572000000e+03
 1500524100, 5.6000000000e+01, 2.6800000000e+01, 1.2000000000e+01, 5.0000000000e-02, 9.4582000000e+03
 1500524400, 5.5000000000e+01, 2.6000000000e+01, 1.2000000000e+01, 5.4000000000e-02, 9.4602000000e+03
 1500524700, 5.5000000000e+01, 2.5200000000e+01, 1.2000000000e+01, 6.0000000000e-02, 9.4594000000e+03
 1500525000, 5.6000000000e+01, 2.4400000000e+01, 1.2400000000e+01, 5.0000000000e-02, 9.4590000000e+03
 1500525300, 6.0000000000e+01, 2.6000000000e+01, 1.4000000000e+01, 5.0000000000e-02, 9.4576000000e+03
 1500525600, 5.5000000000e+01, 2.6000000000e+01, 1.2000000000e+01, 5.0000000000e-02, 9.4582000000e+03
 1500525900, 5.5000000000e+01, 2.6000000000e+01, 1.2000000000e+01, 5.0000000000e-02, 9.4570000000e+03
 1500526200, 5.5000000000e+01, 2.6000000000e+01, 1.2000000000e+01, 5.0000000000e-02, 9.4580000000e+03
 1500526500, 5.5000000000e+01, 2.5200000000e+01, 1.2000000000e+01, 5.0000000000e-02, 9.4586000000e+03
 1500526800, 5.5000000000e+01, 2.4800000000e+01, 1.2000000000e+01, 5.2000000000e-02, 9.4624000000e+03
 1500527100, 5.5000000000e+01, 2.8000000000e+01, 1.2000000000e+01, 5.0000000000e-02, 9.4624000000e+03
 1500527400, 5.5000000000e+01, 2.6000000000e+01, 1.2000000000e+01, 5.0000000000e-02, 9.4630000000e+03
 1500527700, 5.5000000000e+01, 2.4400000000e+01, 1.2000000000e+01, 6.8000000000e-02, 9.4632000000e+03
 1500528000, 5.5000000000e+01, 2.5200000000e+01, 1.2000000000e+01, 7.0000000000e-02, 9.4636000000e+03
 1500528300, 5.5000000000e+01, 2.6000000000e+01, 1.2000000000e+01, 6.6000000000e-02, 9.4620000000e+03
 1500528600, 5.5000000000e+01, 2.6000000000e+01, 1.2000000000e+01, 6.2000000000e-02, 9.4624000000e+03
 1500528900, 5.5000000000e+01, 2.6000000000e+01, 1.2000000000e+01, 5.0000000000e-02, 9.4628000000e+03
 1500529200, 5.5000000000e+01, 2.4000000000e+01, 1.2000000000e+01, 5.0000000000e-02, 9.4636000000e+03
 1500529500, 5.9000000000e+01, 2.8800000000e+01, 1.3600000000e+01, 5.0000000000e-02, 9.4644000000e+03
 1500529800, 5.7000000000e+01, 2.6400000000e+01, 1.2800000000e+01, 5.0000000000e-02, 9.4630000000e+03
 1500530100, 5.7000000000e+01, 2.4800000000e+01, 1.4400000000e+01, 5.0000000000e-02, 9.4636000000e+03
 1500530400, 5.9000000000e+01, 2.6000000000e+01, 1.6800000000e+01, 5.0000000000e-02, 9.4634000000e+03
 1500530700, 5.5000000000e+01, 2.6000000000e+01, 1.2000000000e+01, 5.0000000000e-02, 9.4632000000e+03
 1500531000, 5.5000000000e+01, 2.6000000000e+01, 1.2000000000e+01, 5.2000000000e-02, 9.4648000000e+03
 1500531300, 5.9000000000e+01, 2.9200000000e+01, 1.3600000000e+01, 5.0000000000e-02, 9.4638000000e+03
 1500531600, 6.6000000000e+01, 3.1200000000e+01, 1.6400000000e+01, 5.0000000000e-02, 9.4682000000e+03
 1500531900, 7.2000000000e+01, 3.3600000000e+01, 1.9600000000e+01, 5.0000000000e-02, 9.4640000000e+03
 1500532200, 7.1000000000e+01, 3.4000000000e+01, 2.0000000000e+01, 5.0000000000e-02, 9.4646000000e+03
 1500532500, 5.5000000000e+01, 2.6000000000e+01, 1.2000000000e+01, 5.0000000000e-02, 9.4644000000e+03
 1500532800, 5.5000000000e+01, 2.6000000000e+01, 1.2000000000e+01, 5.0000000000e-02, 9.4646000000e+03
 1500533100, 5.5000000000e+01, 2.6000000000e+01, 1.2000000000e+01, 5.8000000000e-02, 9.4646000000e+03
 1500533400, 5.5000000000e+01, 2.6000000000e+01, 1.2000000000e+01, 5.8000000000e-02, 9.4646000000e+03
 1500533700, 5.5000000000e+01, 2.6000000000e+01, 1.2000000000e+01, 5.4000000000e-02, 9.4660000000e+03
 1500534000, 5.5000000000e+01, 2.6000000000e+01, 1.2000000000e+01, 5.2000000000e-02, 9.4666000000e+03
 1500534300, 5.5000000000e+01, 2.6000000000e+01, 1.2000000000e+01, 5.6000000000e-02, 9.4674000000e+03
 1500534600, 5.5000000000e+01, 2.6000000000e+01, 1.2000000000e+01, 7.0000000000e-02, 9.4676000000e+03
 1500534900, 5.5000000000e+01, 2.4400000000e+01, 1.2000000000e+01, 7.6000000000e-02, 9.4672000000e+03
 1500535200, 5.5000000000e+01, 2.5200000000e+01, 1.2000000000e+01, 8.0000000000e-02, 9.4656000000e+03
 1500535500, 5.7000000000e+01, 2.6800000000e+01, 1.2000000000e+01, 7.0000000000e-02, 9.4682000000e+03
 1500535800, 5.9000000000e+01, 2.7600000000e+01, 1.2000000000e+01, 6.8000000000e-02, 9.4685966667e+03
 1500536100, 5.5000000000e+01, 2.6000000000e+01, 1.2000000000e+01, 7.2000000000e-02, 9.4666000000e+03
 1500536400, 6.0000000000e+01, 2.6000000000e+01, 1.4000000000e+01, 6.0000000000e-02, 9.4688000000e+03
 1500536700, 5.6000000000e+01, 2.6000000000e+01, 1.2400000000e+01, 5.0000000000e-02, 9.4666000000e+03
 1500537000, 5.5000000000e+01, 2.6000000000e+01, 1.2000000000e+01, 5.0000000000e-02, 9.4662000000e+03
 1500537300, 5.5000000000e+01, 2.6000000000e+01, 1.2000000000e+01, 5.0000000000e-02, 9.4660000000e+03
 1500537600, 5.5000000000e+01, 2.5600000000e+01, 1.2000000000e+01, 5.0000000000e-02, 9.4658000000e+03
 1500537900, 5.5000000000e+01, 2.4000000000e+01, 1.2000000000e+01, 5.0000000000e-02, 9.4672000000e+03
 1500538200, 5.5000000000e+01, 2.6000000000e+01, 1.2000000000e+01, 5.2000000000e-02, 9.4665933333e+03
 1500538500, 5.5000000000e+01, 2.6000000000e+01, 1.2000000000e+01, 5.0000000000e-02, 9.4670000000e+03
 1500538800, 5.5000000000e+01, 2.6000000000e+01, 1.2000000000e+01, 5.0000000000e-02, 9.4660000000e+03
 1500539100, 5.5000000000e+01, 2.6000000000e+01, 1.2000000000e+01, 5.4000000000e-02, 9.4672000000e+03
 1500539400, 5.5000000000e+01, 2.6000000000e+01, 1.2000000000e+01, 5.8000000000e-02, 9.4680000000e+03
 1500539700, 5.5000000000e+01, 2.6000000000e+01, 1.2000000000e+01, 5.4000000000e-02, 9.4698000000e+03
 1500540000, 5.5000000000e+01, 2.6000000000e+01, 1.2000000000e+01, 5.6000000000e-02, 9.4686000000e+03
 1500540300, 5.9000000000e+01, 2.9200000000e+01, 1.2000000000e+01, 8.6000000000e-02, 9.4686000000e+03
 1500540600, 5.7000000000e+01, 2.7600000000e+01, 1.2000000000e+01, 7.8000000000e-02, 9.4678000000e+03
 1500540900, 5.5000000000e+01, 2.5200000000e+01, 1.2000000000e+01, 8.6000000000e-02, 9.4690000000e+03
 1500541200, 5.5000000000e+01, 2.4400000000e+01, 1.2000000000e+01, 8.6000000000e-02, 9.4690000000e+03
 1500541500, 5.5000000000e+01, 2.6000000000e+01, 1.2000000000e+01, 7.4000000000e-02, 9.4690000000e+03
 1500541800, 5.5000000000e+01, 2.6000000000e+01, 1.2000000000e+01, 6.0000000000e-02, 9.4696000000e+03
 1500542100, 5.5000000000e+01, 2.6000000000e+01, 1.2000000000e+01, 6.2000000000e-02, 9.4696000000e+03
 1500542400, 5.5000000000e+01, 2.6000000000e+01, 1.2000000000e+01, 6.0000000000e-02, 9.4694000000e+03
 1500542700, 5.5000000000e+01, 2.6000000000e+01, 1.2000000000e+01, 5.2000000000e-02, 9.4700000000e+03
 1500543000, 5.5000000000e+01, 2.6000000000e+01, 1.2000000000e+01, 5.0000000000e-02, 9.4698000000e+03
 1500543300, 5.5000000000e+01, 2.6000000000e+01, 1.2000000000e+01, 5.4000000000e-02, 9.4704000000e+03
 1500543600, 5.5000000000e+01, 2.6000000000e+01, 1.2000000000e+01, 5.0000000000e-02, 9.4706000000e+03
 1500543900, 5.5000000000e+01, 2.6000000000e+01, 1.2000000000e+01, 5.2000000000e-02, 9.4690000000e+03
 1500544200, 5.5000000000e+01, 2.4800000000e+01, 1.2000000000e+01, 5.2000000000e-02, 9.4700000000e+03
 1500544500, 5.9000000000e+01, 2.6400000000e+01, 1.2800000000e+01, 5.2000000000e-02, 9.4700000000e+03
 1500544800, 6.3000000000e+01, 2.9200000000e+01, 1.3600000000e+01, 5.2000000000e-02, 9.4722000000e+03
 1500545100, 5.5000000000e+01, 2.6000000000e+01, 1.2000000000e+01, 5.0000000000e-02, 9.4722000000e+03
 1500545400, 5.5000000000e+01, 2.4000000000e+01, 1.2000000000e+01, 5.0000000000e-02, 9.4710000000e+03
 1500545700, 5.9000000000e+01, 2.7200000000e+01, 1.3600000000e+01, 5.4000000000e-02, 9.4716000000e+03
 1500546000, 5.7000000000e+01, 2.5600000000e+01, 1.2800000000e+01, 5.0000000000e-02, 9.4702000000e+03
 1500546300, 5.5000000000e+01, 2.4800000000e+01, 1.2000000000e+01, 6.2000000000e-02, 9.4702000000e+03
 1500546600, 5.5000000000e+01, 2.6000000000e+01, 1.2000000000e+01, 8.2000000000e-02, 9.4760000000e+03
 1500546900, 5.5000000000e+01, 2.6000000000e+01, 1.2000000000e+01, 1.1200000000e-01, 9.4722000000e+03
 1500547200, 5.5000000000e+01, 2.6000000000e+01, 1.2000000000e+01, 1.3200000000e-01, 9.4732000000e+03
 1500547500, 5.5000000000e+01, 2.6000000000e+01, 1.2000000000e+01, 1.5000000000e-01, 9.4728066667e+03
 1500547800, 5.5000000000e+01, 2.6000000000e+01, 1.2000000000e+01, 1.2200000000e-01, 9.4720000000e+03
 1500548100, 5.5000000000e+01, 2.6000000000e+01, 1.2000000000e+01, 1.0000000000e-01, 9.4742000000e+03
 1500548400, 5.5000000000e+01, 2.6000000000e+01, 1.2000000000e+01, 8.8000000000e-02, 9.4730000000e+03
 1500548700, 5.5000000000e+01, 2.6000000000e+01, 1.2000000000e+01, 7.6000000000e-02, 9.4759966667e+03
 1500549000, 6.0000000000e+01, 3.0000000000e+01, 1.4000000000e+01, 6.0000000000e-02, 9.4718000000e+03
 1500549300, 5.6000000000e+01, 2.6800000000e+01, 1.2400000000e+01, 5.0000000000e-02, 9.4732000000e+03
 1500549600, 5.5000000000e+01, 2.6000000000e+01, 1.2000000000e+01, 5.0000000000e-02, 9.4726000000e+03
 1500549900, 5.5000000000e+01, 2.6000000000e+01, 1.2000000000e+01, 5.0000000000e-02, 9.4715900000e+03
 1500550200, 5.5000000000e+01, 2.6000000000e+01, 1.2000000000e+01, 5.0000000000e-02, 9.4724000000e+03
 1500550500, 5.5000000000e+01, 2.6000000000e+01, 1.2000000000e+01, 5.0000000000e-02, 9.4720000000e+03
 1500550800, 5.5000000000e+01, 2.4000000000e+01, 1.2000000000e+01, 5.0000000000e-02, 9.4744000000e+03
 1500551100, 5.5000000000e+01, 2.5600000000e+01, 1.2000000000e+01, 5.8000000000e-02, 9.4732000000e+03
 1500551400, 5.5000000000e+01, 2.6000000000e+01, 1.2000000000e+01, 5.0000000000e-02, 9.4730000000e+03
 1500551700, 5.5000000000e+01, 2.5200000000e+01, 1.2000000000e+01, 5.0000000000e-02, 9.4732000000e+03
 1500552000, 5.5000000000e+01, 2.4000000000e+01, 1.2000000000e+01, 5.0000000000e-02, 9.4726000000e+03
 1500552300, 5.5000000000e+01, 2.4000000000e+01, 1.2000000000e+01, 5.0000000000e-02, 9.4722000000e+03
 1500552600, 5.5000000000e+01, 2.6000000000e+01, 1.2000000000e+01, 5.6000000000e-02, 9.4718000000e+03
 1500552900, 5.5000000000e+01, 2.6000000000e+01, 1.2000000000e+01, 5.6000000000e-02, 9.4742000000e+03
 1500553200, 5.8000000000e+01, 2.8400000000e+01, 1.3200000000e+01, 6.2000000000e-02, 9.4734000000e+03
 1500553500, 5.8016666667e+01, 2.8413333333e+01, 1.3206666667e+01, 6.6000000000e-02, 9.4721833333e+03
 1500553800, 5.5000000000e+01, 2.6000000000e+01, 1.2000000000e+01, 7.0000000000e-02, 9.4738000000e+03
 1500554100, 5.5000000000e+01, 2.6000000000e+01, 1.2000000000e+01, 5.4000000000e-02, 9.4730000000e+03
 1500554400, 5.5000000000e+01, 2.6000000000e+01, 1.2000000000e+01, 5.4000000000e-02, 9.4740000000e+03
 1500554700, 5.5000000000e+01, 2.6000000000e+01, 1.2000000000e+01, 5.0000000000e-02, 9.4774000000e+03
 1500555000, 5.5000000000e+01, 2.6000000000e+01, 1.2000000000e+01, 5.0000000000e-02, 9.4730000000e+03
 1500555300, 5.5000000000e+01, 2.6000000000e+01, 1.2000000000e+01, 2.5070000000e-01, 9.9343766667e+03
 1500555600, 8.2500000000e+01, 4.8366666667e+01, 1.6033333333e+01, 4.5926000000e+00, 1.3554943333e+04
 1500555900, 2.0500000000e+02, 1.4800000000e+02, 3.4000000000e+01, 1.0993333333e+01, 1.2809330000e+04
 1500556200, 2.1483333333e+02, 1.6176666667e+02, 2.8100000000e+01, 1.5577000000e+01, 1.2436173333e+04
 1500556500, 2.2700000000e+02, 1.7960000000e+02, 2.8000000000e+01, 1.8484300000e+01, 1.7475956667e+04
 1500556800, 2.4586666667e+02, 1.9510666667e+02, 3.2760000000e+01, 2.1999200000e+01, 2.2140160000e+04
 1500557100, 2.5298333333e+02, 1.9800000000e+02, 3.4000000000e+01, 2.4851300000e+01, 2.2301803333e+04
 1500557400, 2.5500000000e+02, 1.9800000000e+02, 3.4786666667e+01, 2.6963800000e+01, 2.3245186667e+04
 1500557700, 2.5400000000e+02, 1.9760000000e+02, 3.5600000000e+01, 2.8462333333e+01, 2.3449680000e+04
 1500558000, 2.5000000000e+02, 1.9600000000e+02, 3.4000000000e+01, 2.9524833333e+01, 2.3514803333e+04
 1500558300, 2.5000000000e+02, 1.9798666667e+02, 3.4000000000e+01, 3.0274066667e+01, 2.3574603333e+04
 1500558600, 2.5000000000e+02, 1.9800000000e+02, 3.4000000000e+01, 3.0814866667e+01, 2.3557906667e+04
 1500558900, 2.5300000000e+02, 1.9800000000e+02, 3.4000000000e+01, 3.1190200000e+01, 2.3558120000e+04
 1500559200, 2.5300000000e+02, 1.9800000000e+02, 3.4000000000e+01, 3.1494833333e+01, 2.3557900000e+04
 1500559500, 2.5000000000e+02, 1.9760000000e+02, 3.4000000000e+01, 3.1747000000e+01, 2.3518546667e+04
 1500559800, 2.5000000000e+02, 1.9600000000e+02, 3.4000000000e+01, 3.1929200000e+01, 2.3510646667e+04
 1500560100, 2.5496666667e+02, 1.9798666667e+02, 3.4000000000e+01, 3.2041600000e+01, 2.3480373333e+04
 1500560400, 2.5105000000e+02, 1.9800000000e+02, 3.4000000000e+01, 3.2127866667e+01, 2.3443050000e+04
 1500560700, 2.5000000000e+02, 1.9800000000e+02, 3.4000000000e+01, 3.2199433333e+01, 2.3448103333e+04
 1500561000, 2.5000000000e+02, 1.9721333333e+02, 3.4000000000e+01, 3.2239866667e+01, 2.3441883333e+04
 1500561300, 2.5000000000e+02, 1.9561333333e+02, 3.3613333333e+01, 3.2287266667e+01, 2.3454246667e+04
 1500561600, 2.5000000000e+02, 1.9400000000e+02, 3.2000000000e+01, 3.1914200000e+01, 1.8104306667e+04
 1500561900, 2.3500000000e+02, 1.8400000000e+02, 2.8000000000e+01, 3.0177466667e+01, 1.4350213333e+04
 1500562200, 2.3500000000e+02, 1.8085333333e+02, 2.9573333333e+01, 2.9082933333e+01, 1.4510113333e+04
 1500562500, 2.3208333333e+02, 1.7416666667e+02, 3.2333333333e+01, 2.8392433333e+01, 1.4661833333e+04
 1500562800, 1.7200000000e+02, 1.1640000000e+02, 3.0000000000e+01, 2.7902766667e+01, 1.4608310000e+04
 1500563100, 9.8500000000e+01, 4.9320000000e+01, 2.4720000000e+01, 2.7545200000e+01, 1.4771280000e+04
 1500563400, 1.6000000000e+02, 1.1000000000e+02, 2.8000000000e+01, 2.7256033333e+01, 1.4736610000e+04
 1500563700, 8.6000000000e+01, 3.8960000000e+01, 2.4053333333e+01, 2.7045933333e+01, 1.4651233333e+04
 1500564000, 8.5000000000e+01, 3.8000000000e+01, 2.4000000000e+01, 2.6923433333e+01, 1.4750290000e+04
 1500564300, 8.5000000000e+01, 3.8000000000e+01, 2.4000000000e+01, 2.6850766667e+01, 1.4710880000e+04
 1500564600, 8.5000000000e+01, 3.8000000000e+01, 2.4000000000e+01, 2.6814333333e+01, 1.4726776667e+04
 1500564900, 8.5000000000e+01, 3.8000000000e+01, 2.4000000000e+01, 2.6750500000e+01, 1.4728536667e+04
 1500565200, 8.5000000000e+01, 3.8000000000e+01, 2.4000000000e+01, 2.6726333333e+01, 1.4729640000e+04
 1500565500, 8.5000000000e+01, 3.6020000000e+01, 2.4000000000e+01, 2.6680366667e+01, 1.4771353333e+04
 1500565800, 8.5000000000e+01, 3.7566666667e+01, 2.4000000000e+01, 2.6865033333e+01, 1.4785866667e+04
 1500566100, 8.7933333333e+01, 4.0346666667e+01, 2.4000000000e+01, 2.7126933333e+01, 1.4830320000e+04
 1500566400, 8.8066666667e+01, 4.0453333333e+01, 2.4000000000e+01, 2.7306266667e+01, 1.4786896667e+04
 1500566700, 8.5000000000e+01, 3.8000000000e+01, 2.4000000000e+01, 2.7386666667e+01, 1.4824880000e+04
 1500567000, 8.5000000000e+01, 3.8000000000e+01, 2.4000000000e+01, 2.7484533333e+01, 1.4860726667e+04
 1500567300, 9.4833333333e+01, 4.5866666667e+01, 2.5966666667e+01, 2.7508166667e+01, 1.4677186667e+04
 1500567600, 9.8933333333e+01, 5.2293333333e+01, 2.6000000000e+01, 2.7546133333e+01, 1.4601286667e+04
 1500567900, 1.1173333333e+02, 6.3386666667e+01, 2.6000000000e+01, 2.7508433333e+01, 1.4736420000e+04
 1500568200, 1.2193333333e+02, 7.0773333333e+01, 2.7546666667e+01, 2.7470700000e+01, 1.4656906667e+04
 1500568500, 1.4600000000e+02, 9.0800000000e+01, 3.1600000000e+01, 2.7363366667e+01, 1.4021490000e+04
 1500568800, 2.3000000000e+02, 1.6600000000e+02, 3.8000000000e+01, 2.7020200000e+01, 1.3577323333e+04
 1500569100, 2.3500000000e+02, 1.8600000000e+02, 3.0000000000e+01, 2.6530000000e+01, 1.3725400000e+04
 1500569400, 2.3100000000e+02, 1.8440000000e+02, 2.8400000000e+01, 2.6138000000e+01, 1.3971800000e+04
 1500569700, 2.3000000000e+02, 1.8400000000e+02, 2.8000000000e+01, 2.5874000000e+01, 1.4317000000e+04
 1500570000, 2.3000000000e+02, 1.8320000000e+02, 2.8000000000e+01, 2.5666000000e+01, 1.4471400000e+04
 1500570300, 2.3000000000e+02, 1.8200000000e+02, 2.8000000000e+01, 2.5510000000e+01, 1.4605400000e+04
 1500570600, 2.3000000000e+02, 1.8200000000e+02, 2.8000000000e+01, 2.5384000000e+01, 1.4636200000e+04
 1500570900, 2.3000000000e+02, 1.8200000000e+02, 2.8000000000e+01, 2.5458833333e+01, 1.4980116667e+04
 1500571200, 2.3473333333e+02, 1.8200000000e+02, 2.8000000000e+01, 2.5981466667e+01, 1.5549053333e+04
 1500571500, 2.3100000000e+02, 1.8360000000e+02, 2.8000000000e+01, 2.6636666667e+01, 2.1003206667e+04
 1500571800, 2.4186666667e+02, 1.9112000000e+02, 3.1560000000e+01, 2.8414100000e+01, 2.2791680000e+04
 1500572100, 2.5000000000e+02, 1.9678666667e+02, 3.4000000000e+01, 2.9808300000e+01, 2.2806323333e+04
 1500572400, 2.5000000000e+02, 1.9761333333e+02, 3.4000000000e+01, 3.0879000000e+01, 2.2812936667e+04
 1500572700, 2.5000000000e+02, 1.9600000000e+02, 3.4000000000e+01, 3.1653633333e+01, 2.2812486667e+04
 1500573000, 2.5000000000e+02, 1.9401333333e+02, 3.4000000000e+01, 3.2233200000e+01, 2.2876873333e+04
 1500573300, 2.5000000000e+02, 1.9720000000e+02, 3.4000000000e+01, 3.2593266667e+01, 2.2956390000e+04
 1500573600, 2.3826666667e+02, 1.8744000000e+02, 3.1653333333e+01, 3.2848600000e+01, 2.3084083333e+04
 1500573900, 2.3193333333e+02, 1.8000000000e+02, 3.0773333333e+01, 3.3266400000e+01, 2.3179196667e+04
 1500574200, 2.2075000000e+02, 1.6632000000e+02, 3.0860000000e+01, 3.3618466667e+01, 2.3297616667e+04
 1500574500, 1.6000000000e+02, 1.0800000000e+02, 2.6000000000e+01, 3.3855600000e+01, 2.3326180000e+04
 1500574800, 1.2053333333e+02, 7.2480000000e+01, 2.6000000000e+01, 3.4085533333e+01, 2.3350803333e+04
 1500575100, 1.0440000000e+02, 5.0160000000e+01, 3.0680000000e+01, 3.4296133333e+01, 2.3391453333e+04
 1500575400, 1.3540000000e+02, 4.2820000000e+01, 2.8460000000e+01, 3.4397066667e+01, 2.3351846667e+04
 1500575700, 1.6390000000e+02, 6.9300000000e+01, 2.9120000000e+01, 3.4455333333e+01, 2.3262160000e+04
 1500576000, 1.5470000000e+02, 9.8680000000e+01, 3.2560000000e+01, 3.4487233333e+01, 2.3435490000e+04
 1500576300, 8.5000000000e+01, 3.8000000000e+01, 2.6000000000e+01, 3.4523866667e+01, 2.3357596667e+04
 1500576600, 8.9933333333e+01, 4.3920000000e+01, 2.4026666667e+01, 3.4565566667e+01, 2.3132326667e+04
 1500576900, 8.6066666667e+01, 4.0853333333e+01, 2.4000000000e+01, 3.4653400000e+01, 2.3158586667e+04
 1500577200, 8.7950000000e+01, 4.2360000000e+01, 2.4000000000e+01, 3.4602900000e+01, 2.3174086667e+04
 1500577500, 8.8066666667e+01, 4.2453333333e+01, 2.4000000000e+01, 3.4326200000e+01, 2.3214623333e+04
 1500577800, 8.5900000000e+01, 4.0720000000e+01, 2.4360000000e+01, 3.4138766667e+01, 2.3142673333e+04
 1500578100, 9.0000000000e+01, 4.4000000000e+01, 2.6000000000e+01, 3.3989066667e+01, 2.3155390000e+04
 1500578400, 8.5066666667e+01, 4.0053333333e+01, 2.4026666667e+01, 3.3922600000e+01, 2.3023610000e+04
 1500578700, 1.0053333333e+02, 5.0873333333e+01, 2.5553333333e+01, 3.3884066667e+01, 2.2809003333e+04
 1500579000, 1.0500000000e+02, 5.6346666667e+01, 2.6000000000e+01, 3.3773500000e+01, 2.2561120000e+04
 1500579300, 1.0500000000e+02, 5.7233333333e+01, 2.6000000000e+01, 3.3350166667e+01, 2.2056943333e+04
 1500579600, 1.1355000000e+02, 6.3220000000e+01, 2.7140000000e+01, 3.2518066667e+01, 2.1785950000e+04
 1500579900, 1.5000000000e+02, 9.4000000000e+01, 3.2000000000e+01, 3.1121633333e+01, 2.1272683333e+04
 1500580200, 1.4500000000e+02, 9.2000000000e+01, 2.8000000000e+01, 2.9365466667e+01, 2.1098686667e+04
 1500580500, 1.6458333333e+02, 1.1080000000e+02, 3.1133333333e+01, 2.8246600000e+01, 2.0258570000e+04
 1500580800, 1.7000000000e+02, 1.1600000000e+02, 3.2000000000e+01, 2.5237266667e+01, 2.0544306667e+04
 1500581100, 1.5201666667e+02, 9.8293333333e+01, 3.0893333333e+01, 2.2667633333e+01, 2.8500926667e+04
 1500581400, 1.3500000000e+02, 7.8400000000e+01, 3.2400000000e+01, 2.2862000000e+01, 3.5683800000e+04
 1500581700, 2.5500000000e+02, 1.8400000000e+02, 5.0000000000e+01, 2.4672433333e+01, 4.2380136667e+04
 1500582000, 2.6496666667e+02, 1.8798666667e+02, 5.3986666667e+01, 2.6816533333e+01, 4.2401690000e+04
 1500582300, 2.6896666667e+02, 1.9117333333e+02, 5.4000000000e+01, 2.8311066667e+01, 4.2348663333e+04
 1500582600, 2.7000000000e+02, 1.9438666667e+02, 5.4000000000e+01, 2.9517766667e+01, 4.2317593333e+04
 1500582900, 2.7000000000e+02, 1.9600000000e+02, 5.4000000000e+01, 3.0376433333e+01, 4.2355533333e+04
 1500583200, 2.6900000000e+02, 1.9480000000e+02, 5.3600000000e+01, 3.0994233333e+01, 4.2700090000e+04
 1500583500, 2.6500000000e+02, 1.9000000000e+02, 5.2000000000e+01, 3.1432900000e+01, 4.3052293333e+04
 1500583800, 2.6996666667e+02, 1.9596000000e+02, 5.3986666667e+01, 3.1784566667e+01, 4.3739690000e+04
 1500584100, 2.7000000000e+02, 1.9440666667e+02, 5.4000000000e+01, 3.2027566667e+01, 4.3820930000e+04
 1500584400, 2.6700000000e+02, 1.9280000000e+02, 5.4000000000e+01, 3.2245533333e+01, 4.3686040000e+04
 1500584700, 2.6698333333e+02, 1.9279333333e+02, 5.3206666667e+01, 3.2395566667e+01, 4.3611766667e+04
 1500585000, 2.6700000000e+02, 1.9200000000e+02, 5.1600000000e+01, 3.2551800000e+01, 4.0651716667e+04
 1500585300, 2.5500000000e+02, 1.8400000000e+02, 5.0000000000e+01, 3.0678000000e+01, 3.5187600000e+04
 1500585600, 2.4000000000e+02, 1.7200000000e+02, 4.6000000000e+01, 2.9163600000e+01, 3.5454480000e+04
 1500585900, 1.3695000000e+02, 8.1926666667e+01, 3.2260000000e+01, 2.8606666667e+01, 3.6125103333e+04
 1500586200, 1.9500000000e+02, 1.3320000000e+02, 4.1200000000e+01, 2.7834900000e+01, 3.8648586667e+04
 1500586500, 2.6100000000e+02, 1.8920000000e+02, 5.0800000000e+01, 2.8823400000e+01, 4.2637933333e+04
 1500586800, 2.7000000000e+02, 1.9439333333e+02, 5.2000000000e+01, 2.9910900000e+01, 4.2852516667e+04
 1500587100, 2.7000000000e+02, 1.9600000000e+02, 5.2000000000e+01, 3.0678333333e+01, 4.2892036667e+04
 1500587400, 2.7000000000e+02, 1.9600000000e+02, 5.3993333333e+01, 3.1247066667e+01, 4.3225176667e+04
 1500587700, 2.7000000000e+02, 1.9600000000e+02, 5.4000000000e+01, 3.1666600000e+01, 4.3211440000e+04
 1500588000, 2.7000000000e+02, 1.9600000000e+02, 5.4000000000e+01, 3.1927566667e+01, 4.3158356667e+04
 1500588300, 2.6400000000e+02, 1.9200000000e+02, 5.2400000000e+01, 3.1481833333e+01, 3.7160703333e+04
 1500588600, 2.5300000000e+02, 1.8440000000e+02, 4.8800000000e+01, 2.9606000000e+01, 3.4614400000e+04
 1500588900, 2.4500000000e+02, 1.7800000000e+02, 4.4000000000e+01, 2.8156000000e+01, 3.3294000000e+04
 1500589200, 2.2000000000e+02, 1.5800000000e+02, 4.0000000000e+01, 2.5218000000e+01, 2.1359000000e+04
 1500589500, 1.6800000000e+02, 1.1480000000e+02, 3.3600000000e+01, 2.1048000000e+01, 1.6954600000e+04
 1500589800, 1.3700000000e+02, 8.7200000000e+01, 2.9600000000e+01, 1.8020000000e+01, 1.6954000000e+04
 1500590100, 1.3900000000e+02, 8.8800000000e+01, 2.9600000000e+01, 1.5490000000e+01, 1.6983000000e+04
 1500590400, 1.4700000000e+02, 9.6800000000e+01, 3.0400000000e+01, 1.3392000000e+01, 1.5184800000e+04
 1500590700, 9.5000000000e+01, 5.2000000000e+01, 2.4000000000e+01, 1.0312000000e+01, 9.4578000000e+03
 1500591000, 5.5000000000e+01, 2.6000000000e+01, 1.2000000000e+01, 7.5660000000e+00, 9.3882000000e+03
 1500591300, 7.5000000000e+01, 3.5600000000e+01, 2.1600000000e+01, 5.6400000000e+00, 1.3506400000e+04
 1500591600, 8.9000000000e+01, 4.7600000000e+01, 2.4000000000e+01, 5.6400000000e+00, 1.5620200000e+04
 1500591900, 1.1100000000e+02, 6.7600000000e+01, 2.5600000000e+01, 7.4600000000e+00, 1.5750400000e+04
 1500592200, 1.3400000000e+02, 8.6800000000e+01, 2.8000000000e+01, 6.3560000000e+00, 1.5724200000e+04
 1500592500, 1.3000000000e+02, 8.2000000000e+01, 2.8000000000e+01, 5.4620000000e+00, 1.5718000000e+04
 1500592800, 1.2000000000e+02, 7.4000000000e+01, 2.6000000000e+01, 4.4920000000e+00, 1.4517000000e+04
 1500593100, 8.0000000000e+01, 4.8400000000e+01, 1.4800000000e+01, 3.7180000000e+00, 1.4591800000e+04
 1500593400, 1.6300000000e+02, 1.1880000000e+02, 2.7600000000e+01, 5.9940000000e+00, 1.4975000000e+04
 1500593700, 1.8700000000e+02, 1.3400000000e+02, 3.4800000000e+01, 5.6480000000e+00, 1.4908600000e+04
 1500594000, 1.2700000000e+02, 7.8400000000e+01, 2.9200000000e+01, 4.9340000000e+00, 1.4889200000e+04
 1500594300, 1.1500000000e+02, 7.2000000000e+01, 2.6000000000e+01, 4.1340000000e+00, 1.4737600000e+04
 1500594600, 9.5000000000e+01, 5.4000000000e+01, 2.4000000000e+01, 3.8460000000e+00, 1.4710600000e+04
 1500594900, 1.9900000000e+02, 1.4680000000e+02, 3.5200000000e+01, 6.0300000000e+00, 1.4953600000e+04
 1500595200, 1.6500000000e+02, 1.1480000000e+02, 3.2000000000e+01, 5.4060000000e+00, 1.4910200000e+04
 1500595500, 1.2500000000e+02, 7.8000000000e+01, 2.8000000000e+01, 4.7760000000e+00, 1.4901400000e+04
 1500595800, 1.1920000000e+02, 7.3360000000e+01, 2.7613333333e+01, 4.0131333333e+00, 1.4697613333e+04
 1500596100, 9.5000000000e+01, 5.4000000000e+01, 2.6000000000e+01, 3.7739333333e+00, 1.4688160000e+04
 1500596400, 2.5000000000e+02, 1.9400000000e+02, 3.8000000000e+01, 6.0880000000e+00, 1.4959400000e+04
 1500596700, 1.5400000000e+02, 1.0280000000e+02, 3.0000000000e+01, 5.4980000000e+00, 1.4912200000e+04
 1500597000, 1.2700000000e+02, 7.8800000000e+01, 2.8000000000e+01, 4.8340000000e+00, 1.4894800000e+04
 1500597300, 1.1300000000e+02, 6.8400000000e+01, 2.6400000000e+01, 3.9620000000e+00, 1.4063200000e+04
 1500597600, 1.1500000000e+02, 7.0800000000e+01, 2.6400000000e+01, 5.5920000000e+00, 1.5016800000e+04
 1500597900, 1.9500000000e+02, 1.3800000000e+02, 3.6000000000e+01, 5.9740000000e+00, 1.4918600000e+04
 1500598200, 1.3130000000e+02, 8.3120000000e+01, 3.0120000000e+01, 5.1770000000e+00, 1.4914800000e+04
 1500598500, 1.1800000000e+02, 7.4000000000e+01, 2.6800000000e+01, 4.2810666667e+00, 1.1586753333e+04
 1500598800, 8.5000000000e+01, 4.8000000000e+01, 2.0000000000e+01, 3.1380000000e+00, 9.4160000000e+03
 1500599100, 6.1000000000e+01, 2.9600000000e+01, 1.4400000000e+01, 2.2900000000e+00, 9.4130000000e+03
 1500599400, 5.5000000000e+01, 2.6000000000e+01, 1.2000000000e+01, 1.6843000000e+00, 9.4139866667e+03
 1500599700, 5.5000000000e+01, 2.6000000000e+01, 1.2000000000e+01, 1.2525333333e+00, 9.4143533333e+03
 1500600000, 5.5000000000e+01, 2.6000000000e+01, 1.2000000000e+01, 9.3000000000e-01, 9.4112000000e+03
 1500600300, 5.5000000000e+01, 2.6000000000e+01, 1.2000000000e+01, 6.9400000000e-01, 9.4110000000e+03
 1500600600, 5.5000000000e+01, 2.4800000000e+01, 1.2000000000e+01, 5.2200000000e-01, 9.4122000000e+03
 1500600900, 5.5000000000e+01, 2.4000000000e+01, 1.2000000000e+01, 3.9440000000e-01, 9.4170800000e+03
 1500601200, 5.5000000000e+01, 2.4400000000e+01, 1.2000000000e+01, 3.0200000000e-01, 9.4110000000e+03
 1500601500, 5.5000000000e+01, 2.6000000000e+01, 1.2000000000e+01, 2.3400000000e-01, 9.4106000000e+03
 1500601800, 6.0000000000e+01, 3.0000000000e+01, 1.4000000000e+01, 1.9000000000e-01, 9.4112000000e+03
 1500602100, 5.6000000000e+01, 2.5200000000e+01, 1.2400000000e+01, 1.6203333333e-01, 9.4110066667e+03
 1500602400, 5.5000000000e+01, 2.4000000000e+01, 1.2000000000e+01, 1.3200000000e-01, 9.4110000000e+03
 1500602700, 5.5000000000e+01, 2.5173333333e+01, 1.2000000000e+01, 1.3586666667e-01, 9.4119600000e+03
 1500603000, 5.5000000000e+01, 2.6000000000e+01, 1.2000000000e+01, 1.3000000000e-01, 9.4126000000e+03
 1500603300, 5.5000000000e+01, 2.6000000000e+01, 1.2000000000e+01, 1.3400000000e-01, 9.4116000000e+03
 1500603600, 5.5000000000e+01, 2.6000000000e+01, 1.2000000000e+01, 1.1600000000e-01, 9.4120000000e+03
 1500603900, 5.5000000000e+01, 2.6000000000e+01, 1.2000000000e+01, 1.1800000000e-01, 9.4152000000e+03
 1500604200, 5.5000000000e+01, 2.6000000000e+01, 1.2000000000e+01, 1.0800000000e-01, 9.4134000000e+03
 1500604500, 5.5000000000e+01, 2.6000000000e+01, 1.2000000000e+01, 1.0000000000e-01, 9.4134000000e+03
 1500604800, 5.5000000000e+01, 2.6000000000e+01, 1.2000000000e+01, 9.4000000000e-02, 9.4138000000e+03
 1500605100, 5.5000000000e+01, 2.6000000000e+01, 1.2000000000e+01, 8.2000000000e-02, 9.4120000000e+03
 1500605400, 5.5000000000e+01, 2.6000000000e+01, 1.2000000000e+01, 7.8000000000e-02, 9.4118000000e+03
 1500605700, 5.5000000000e+01, 2.6000000000e+01, 1.2000000000e+01, 8.4000000000e-02, 9.4146533333e+03
 1500606000, 5.5000000000e+01, 2.6000000000e+01, 1.2000000000e+01, 9.2000000000e-02, 9.4144000000e+03
 1500606300, 5.5000000000e+01, 2.6000000000e+01, 1.2000000000e+01, 7.8000000000e-02, 9.4098000000e+03
 1500606600, 5.5000000000e+01, 2.6000000000e+01, 1.2000000000e+01, 5.6000000000e-02, 9.4078000000e+03
 1500606900, 5.5000000000e+01, 2.6000000000e+01, 1.2000000000e+01, 5.8000000000e-02, 9.4086333333e+03
 1500607200, 5.5000000000e+01, 2.6000000000e+01, 1.2000000000e+01, 5.0000000000e-02, 9.4100000000e+03
 1500607500, 5.5000000000e+01, 2.6000000000e+01, 1.2000000000e+01, 5.0000000000e-02, 9.4112000000e+03
 1500607800, 5.5000000000e+01, 2.6000000000e+01, 1.2000000000e+01, 5.0000000000e-02, 9.4082000000e+03
 1500608100, 5.5000000000e+01, 2.6000000000e+01, 1.2000000000e+01, 5.0000000000e-02, 9.4092000000e+03
 1500608400, 5.5000000000e+01, 2.6000000000e+01, 1.2000000000e+01, 5.0000000000e-02, 9.4078000000e+03
 1500608700, 5.5000000000e+01, 2.5600000000e+01, 1.2000000000e+01, 5.0000000000e-02, 9.4078000000e+03
 1500609000, 5.5000000000e+01, 2.4000000000e+01, 1.2000000000e+01, 6.4000000000e-02, 9.4076000000e+03
 1500609300, 5.5000000000e+01, 2.6000000000e+01, 1.2000000000e+01, 6.8000000000e-02, 9.4066000000e+03
 1500609600, 5.5000000000e+01, 2.6000000000e+01, 1.2000000000e+01, 8.0000000000e-02, 9.4078000000e+03
 1500609900, 5.8000000000e+01, 2.8400000000e+01, 1.2000000000e+01, 7.2000000000e-02, 9.4080000000e+03
 1500610200, 5.8000000000e+01, 2.7600000000e+01, 1.2000000000e+01, 7.2000000000e-02, 9.4084000000e+03
 1500610500, 5.5000000000e+01, 2.4400000000e+01, 1.2000000000e+01, 6.0000000000e-02, 9.4074000000e+03
 1500610800, 5.5000000000e+01, 2.6000000000e+01, 1.2000000000e+01, 6.4000000000e-02, 9.4078000000e+03
 1500611100, 5.5000000000e+01, 2.4000000000e+01, 1.2000000000e+01, 8.6000000000e-02, 9.4070000000e+03
 1500611400, 5.5000000000e+01, 2.5600000000e+01, 1.2000000000e+01, 7.6000000000e-02, 9.4066000000e+03
 1500611700, 5.5000000000e+01, 2.6000000000e+01, 1.2000000000e+01, 7.2000000000e-02, 9.4080000000e+03
 1500612000, 5.5000000000e+01, 2.6000000000e+01, 1.2000000000e+01, 5.4000000000e-02, 9.4072000000e+03
 1500612300, 5.5000000000e+01, 2.5600000000e+01, 1.2000000000e+01, 5.2000000000e-02, 9.4090000000e+03
 1500612600, 5.5000000000e+01, 2.4000000000e+01, 1.2000000000e+01, 5.0000000000e-02, 9.4070000000e+03
 1500612900, 5.5000000000e+01, 2.6000000000e+01, 1.2000000000e+01, 5.2000000000e-02, 9.4132000000e+03
 1500613200, 5.5000000000e+01, 2.4400000000e+01, 1.2000000000e+01, 5.4000000000e-02, 9.4086000000e+03
 1500613500, 5.8000000000e+01, 2.6400000000e+01, 1.3200000000e+01, 5.0000000000e-02, 9.4086000000e+03
 1500613800, 5.8000000000e+01, 2.7200000000e+01, 1.3200000000e+01, 5.0000000000e-02, 9.4096000000e+03
 1500614100, 5.5000000000e+01, 2.6000000000e+01, 1.2000000000e+01, 5.0000000000e-02, 9.4092000000e+03
 1500614400, 5.5000000000e+01, 2.6000000000e+01, 1.2000000000e+01, 5.4000000000e-02, 9.4098000000e+03
 1500614700, 6.0000000000e+01, 2.8000000000e+01, 1.4000000000e+01, 5.2000000000e-02, 9.4108000000e+03
 1500615000, 5.6000000000e+01, 2.6400000000e+01, 1.2400000000e+01, 5.2000000000e-02, 9.4080000000e+03
 1500615300, 5.5000000000e+01, 2.6000000000e+01, 1.2000000000e+01, 5.8000000000e-02, 9.4076000000e+03
 1500615600, 5.5000000000e+01, 2.6000000000e+01, 1.2000000000e+01, 5.2000000000e-02, 9.4084000000e+03
 1500615900, 5.5000000000e+01, 2.6000000000e+01, 1.2000000000e+01, 5.2000000000e-02, 9.4100000000e+03
 1500616200, 5.5000000000e+01, 2.6000000000e+01, 1.2000000000e+01, 5.0000000000e-02, 9.4114000000e+03
 1500616500, 5.5000000000e+01, 2.6000000000e+01, 1.2000000000e+01, 5.0000000000e-02, 9.4110000000e+03
 1500616800, 5.5000000000e+01, 2.6000000000e+01, 1.2000000000e+01, 5.0000000000e-02, 9.4094000000e+03
 1500617100, 5.5000000000e+01, 2.6000000000e+01, 1.2000000000e+01, 5.2000000000e-02, 9.4102000000e+03
 1500617400, 5.5000000000e+01, 2.6000000000e+01, 1.2000000000e+01, 6.0000000000e-02, 9.4104000000e+03
 1500617700, 5.5000000000e+01, 2.6000000000e+01, 1.2000000000e+01, 5.4000000000e-02, 9.4098000000e+03
 1500618000, 5.5000000000e+01, 2.6000000000e+01, 1.2000000000e+01, 5.8000000000e-02, 9.4098000000e+03
 1500618300, 5.5000000000e+01, 2.6000000000e+01, 1.2000000000e+01, 6.4000000000e-02, 9.4102000000e+03
 1500618600, 5.5000000000e+01, 2.6000000000e+01, 1.2000000000e+01, 6.8000000000e-02, 9.4102000000e+03
 1500618900, 6.1000000000e+01, 2.9600000000e+01, 1.3200000000e+01, 6.8000000000e-02, 9.4102000000e+03
 1500619200, 6.1000000000e+01, 2.9600000000e+01, 1.3200000000e+01, 6.8000000000e-02, 9.4098000000e+03
 1500619500, 5.5000000000e+01, 2.5600000000e+01, 1.2000000000e+01, 6.2000000000e-02, 9.4106000000e+03
 1500619800, 5.5000000000e+01, 2.4000000000e+01, 1.2000000000e+01, 5.8000000000e-02, 9.4100000000e+03
 1500620100, 5.5000000000e+01, 2.4000000000e+01, 1.2000000000e+01, 5.0000000000e-02, 9.4112000000e+03
 1500620400, 5.5000000000e+01, 2.4000000000e+01, 1.2000000000e+01, 5.0000000000e-02, 9.4110000000e+03
 1500620700, 5.5000000000e+01, 2.4000000000e+01, 1.2000000000e+01, 5.0000000000e-02, 9.4108000000e+03
 1500621000, 5.5000000000e+01, 2.4800000000e+01, 1.2000000000e+01, 6.0000000000e-02, 9.4112000000e+03
 1500621300, 5.5000000000e+01, 2.6000000000e+01, 1.2000000000e+01, 5.8000000000e-02, 9.4110000000e+03
 1500621600, 5.5000000000e+01, 2.6000000000e+01, 1.2000000000e+01, 7.4000000000e-02, 9.4112000000e+03
 1500621900, 5.5000000000e+01, 2.4000000000e+01, 1.2000000000e+01, 1.0800000000e-01, 9.4122000000e+03
 1500622200, 5.5000000000e+01, 2.5600000000e+01, 1.2000000000e+01, 1.2000000000e-01, 9.4124000000e+03
 1500622500, 5.5000000000e+01, 2.4800000000e+01, 1.2000000000e+01, 1.2400000000e-01, 9.4134000000e+03
 1500622800, 5.5000000000e+01, 2.4800000000e+01, 1.2000000000e+01, 1.2400000000e-01, 9.4112000000e+03
 1500623100, 5.6000000000e+01, 2.6800000000e+01, 1.2000000000e+01, 1.2000000000e-01, 9.4140000000e+03
 1500623400, 6.0000000000e+01, 3.0000000000e+01, 1.2000000000e+01, 1.1400000000e-01, 9.4128000000e+03
 1500623700, 5.5000000000e+01, 2.4000000000e+01, 1.2000000000e+01, 1.2400000000e-01, 9.4116000000e+03
 1500624000, 5.5000000000e+01, 2.5600000000e+01, 1.2000000000e+01, 1.1600000000e-01, 9.4130000000e+03
 1500624300, 5.5000000000e+01, 2.6000000000e+01, 1.2000000000e+01, 1.0400000000e-01, 9.4144000000e+03
 1500624600, 5.5000000000e+01, 2.5200000000e+01, 1.2000000000e+01, 1.0000000000e-01, 9.4124000000e+03
 1500624900, 5.5000000000e+01, 2.4400000000e+01, 1.2000000000e+01, 9.8000000000e-02, 9.4124000000e+03
 1500625200, 5.5000000000e+01, 2.6000000000e+01, 1.2000000000e+01, 8.4000000000e-02, 9.4120000000e+03
 1500625500, 5.5000000000e+01, 2.6000000000e+01, 1.2000000000e+01, 7.0000000000e-02, 9.4116000000e+03
 1500625800, 5.5000000000e+01, 2.6000000000e+01, 1.2000000000e+01, 6.8000000000e-02, 9.4118000000e+03
 1500626100, 5.5000000000e+01, 2.6000000000e+01, 1.2000000000e+01, 5.8000000000e-02, 9.4148000000e+03
 1500626400, 5.5000000000e+01, 2.5200000000e+01, 1.2000000000e+01, 5.0000000000e-02, 9.4114000000e+03
 1500626700, 5.5000000000e+01, 2.4000000000e+01, 1.1600000000e+01, 5.0000000000e-02, 9.4126000000e+03
 1500627000, 5.5000000000e+01, 2.4000000000e+01, 1.0000000000e+01, 5.0000000000e-02, 9.4120000000e+03
 1500627300, 5.5000000000e+01, 2.6000000000e+01, 1.2000000000e+01, 5.0000000000e-02, 9.4132000000e+03
 1500627600, 5.9000000000e+01, 2.9200000000e+01, 1.2000000000e+01, 6.6000000000e-02, 9.4134000000e+03
 1500627900, 5.7000000000e+01, 2.7600000000e+01, 1.2000000000e+01, 7.2000000000e-02, 9.4134000000e+03
 1500628200, 5.5000000000e+01, 2.5200000000e+01, 1.2000000000e+01, 7.8000000000e-02, 9.4164000000e+03
 1500628500, 5.5000000000e+01, 2.4000000000e+01, 1.2000000000e+01, 8.0000000000e-02, 9.4146000000e+03
 1500628800, 5.5000000000e+01, 2.4000000000e+01, 1.2000000000e+01, 6.8000000000e-02, 9.4134000000e+03
 1500629100, 6.0000000000e+01, 3.2000000000e+01, 1.2000000000e+01, 5.0000000000e-02, 9.4138000000e+03
 1500629400, 5.6000000000e+01, 2.5600000000e+01, 1.2000000000e+01, 5.0000000000e-02, 9.4130000000e+03
 1500629700, 5.5000000000e+01, 2.4000000000e+01, 1.2000000000e+01, 5.0000000000e-02, 9.4126000000e+03
 1500630000, 5.5000000000e+01, 2.4800000000e+01, 1.2000000000e+01, 5.0000000000e-02, 9.4180000000e+03
 1500630300, 5.5000000000e+01, 2.5600000000e+01, 1.2000000000e+01, 5.2000000000e-02, 9.4148000000e+03
 1500630600, 5.5000000000e+01, -nan, 1.2000000000e+01, 5.2000000000e-02, 9.4134000000e+03
 1500630900, 5.5000000000e+01, -nan, 1.2000000000e+01, -nan, 9.4140000000e+03
 1500631200, 5.5000000000e+01, -nan, 1.2000000000e+01, -nan, 9.4138000000e+03
 1500631500, 5.5000000000e+01, -nan, 1.2000000000e+01, -nan, -nan
 1500631800, 5.7000000000e+01, -nan, -nan, -nan, -nan
 1500632100, 5.9000000000e+01, -nan, -nan, -nan, -nan
 1500632400, 5.5000000000e+01, -nan, -nan, -nan, -nan
 1500632700, 5.5000000000e+01, -nan, -nan, -nan, -nan
 1500633000, -nan, -nan, -nan, -nan, -nan
 1500633300, -nan, -nan, -nan, -nan, -nan
 1500633600, -nan, -nan, -nan, -nan, -nan
 1500633900, -nan, -nan, -nan, -nan, -nan
 1500634200, -nan, -nan, -nan, -nan, -nan
 1500634500, -nan, -nan, -nan, -nan, -nan
 1500634800, -nan, -nan, -nan, -nan, -nan
