 Time, ttl_pwr, cpu_pwr, mem_pwr, cpu_load, mem_load
 1500620520, 5,5000000000e+01, 2,4000000000e+01, 1,2000000000e+01, 5,0000000000e-02, 7,2663666667e+03
 1500620580, 5,5000000000e+01, 2,4000000000e+01, 1,2000000000e+01, 5,0000000000e-02, 7,2670000000e+03
 1500620640, 5,5000000000e+01, 2,4000000000e+01, 1,2000000000e+01, 5,0000000000e-02, 7,2662666667e+03
 1500620700, 5,5000000000e+01, 2,4000000000e+01, 1,2000000000e+01, 5,0000000000e-02, 7,2650000000e+03
 1500620760, 5,3166666667e+01, 2,4000000000e+01, 1,2000000000e+01, 5,0000000000e-02, 7,2653666667e+03
 1500620820, 5,0000000000e+01, 2,4000000000e+01, 1,2000000000e+01, 5,0000000000e-02, 7,2660000000e+03
 1500620880, 5,0000000000e+01, 2,4000000000e+01, 1,2000000000e+01, 5,0000000000e-02, 7,2667333333e+03
 1500620940, 5,0000000000e+01, 2,4000000000e+01, 1,2000000000e+01, 5,0000000000e-02, 7,2669000000e+03
 1500621000, 5,0000000000e+01, 2,4000000000e+01, 1,2000000000e+01, 5,0000000000e-02, 7,2650000000e+03
 1500621060, 5,0000000000e+01, 2,4000000000e+01, 1,2000000000e+01, 5,0000000000e-02, 7,2653666667e+03
 1500621120, 5,0000000000e+01, 2,4000000000e+01, 1,2000000000e+01, 5,0000000000e-02, 7,2656333333e+03
 1500621180, 5,0000000000e+01, 2,4000000000e+01, 1,2000000000e+01, 5,0000000000e-02, 7,2664666667e+03
 1500621240, 5,0000000000e+01, 2,4000000000e+01, 1,2000000000e+01, 5,0000000000e-02, 7,2682666667e+03
 1500621300, 5,0000000000e+01, 2,4000000000e+01, 1,2000000000e+01, 5,0000000000e-02, 7,2670000000e+03
 1500621360, 5,0000000000e+01, 2,4000000000e+01, 1,2000000000e+01, 5,0000000000e-02, 7,2662666667e+03
 1500621420, 5,0000000000e+01, 2,4000000000e+01, 1,2000000000e+01, 5,0000000000e-02, 7,2646333333e+03
 1500621480, 5,1833333333e+01, 2,4000000000e+01, 1,2000000000e+01, 5,3666666667e-02, 7,2662000000e+03
 1500621540, 5,5000000000e+01, 2,4000000000e+01, 1,2000000000e+01, 5,6333333333e-02, 7,2685333333e+03
 1500621600, 5,5000000000e+01, 2,4000000000e+01, 1,2000000000e+01, 5,0000000000e-02, 7,2660000000e+03
 1500621660, 5,5000000000e+01, 2,4000000000e+01, 1,2000000000e+01, 5,0000000000e-02, 7,2660000000e+03
 1500621720, 5,5000000000e+01, 2,4000000000e+01, 1,2000000000e+01, 5,0000000000e-02, 7,2652666667e+03
 1500621780, 5,5000000000e+01, 2,4000000000e+01, 1,2000000000e+01, 5,0000000000e-02, 7,2662000000e+03
 1500621840, 5,5000000000e+01, 2,4000000000e+01, 1,2000000000e+01, 5,0000000000e-02, 7,2689000000e+03
 1500621900, 5,5000000000e+01, 2,4000000000e+01, 1,2000000000e+01, 5,0000000000e-02, 7,2666333333e+03
 1500621960, 5,5000000000e+01, 2,4000000000e+01, 1,2000000000e+01, 5,0000000000e-02, 7,2656333333e+03
 1500622020, 5,5000000000e+01, 2,4000000000e+01, 1,2000000000e+01, 5,0000000000e-02, 7,2653666667e+03
 1500622080, 5,5000000000e+01, 2,4000000000e+01, 1,2000000000e+01, 5,0000000000e-02, 7,2660000000e+03
 1500622140, 5,5000000000e+01, 2,4000000000e+01, 1,2000000000e+01, 5,0000000000e-02, 7,2660000000e+03
 1500622200, 5,5000000000e+01, 2,4000000000e+01, 1,2000000000e+01, 5,0000000000e-02, 7,2663666667e+03
 1500622260, 5,5000000000e+01, 2,4000000000e+01, 1,2000000000e+01, 5,0000000000e-02, 7,2666333333e+03
 1500622320, 5,5000000000e+01, 2,4000000000e+01, 1,2000000000e+01, 5,0000000000e-02, 7,2660000000e+03
 1500622380, 5,5000000000e+01, 2,4000000000e+01, 1,2000000000e+01, 5,0000000000e-02, 7,2652666667e+03
 1500622440, 5,5000000000e+01, 2,4000000000e+01, 1,2000000000e+01, 5,0000000000e-02, 7,2647333333e+03
 1500622500, 5,5000000000e+01, 2,4000000000e+01, 1,2000000000e+01, 5,0000000000e-02, -nan
 1500622560, 5,3166666667e+01, 2,4000000000e+01, -nan, 5,0000000000e-02, -nan
 1500622620, 5,0000000000e+01, 2,4000000000e+01, -nan, 5,0000000000e-02, -nan
 1500622680, 5,0000000000e+01, 2,4000000000e+01, -nan, 5,0000000000e-02, -nan
 1500622740, 5,0000000000e+01, 2,4000000000e+01, -nan, 5,0000000000e-02, -nan
 1500622800, 5,0000000000e+01, 2,4000000000e+01, -nan, 5,0000000000e-02, -nan
 1500622860, 5,0000000000e+01, 2,4000000000e+01, -nan, 5,0000000000e-02, -nan
 1500622920, 5,0000000000e+01, 2,4000000000e+01, -nan, 5,0000000000e-02, -nan
 1500622980, 5,0000000000e+01, 2,4000000000e+01, -nan, 5,0000000000e-02, -nan
 1500623040, 5,0000000000e+01, 2,4000000000e+01, -nan, -nan, -nan
 1500623100, 5,0000000000e+01, 2,4000000000e+01, -nan, -nan, -nan
 1500623160, 5,0000000000e+01, 2,4000000000e+01, -nan, -nan, -nan
 1500623220, 5,0000000000e+01, 2,4000000000e+01, -nan, -nan, -nan
 1500623280, -nan, -nan, -nan, -nan, -nan
 1500623340, -nan, -nan, -nan, -nan, -nan
 1500623400, -nan, -nan, -nan, -nan, -nan
 1500623460, -nan, -nan, -nan, -nan, -nan
 1500623520, -nan, -nan, -nan, -nan, -nan
 1500623580, -nan, -nan, -nan, -nan, -nan
 1500623640, -nan, -nan, -nan, -nan, -nan
 1500623700, -nan, -nan, -nan, -nan, -nan
 1500623760, -nan, -nan, -nan, -nan, -nan
 1500623820, -nan, -nan, -nan, -nan, -nan
 1500623880, -nan, -nan, -nan, -nan, -nan
 1500623940, -nan, -nan, -nan, -nan, -nan
 1500624000, -nan, -nan, -nan, -nan, -nan
 1500624060, -nan, -nan, -nan, -nan, -nan
 1500624120, -nan, -nan, -nan, -nan, -nan
