 Time, ttl_pwr, cpu_pwr, mem_pwr, cpu_load, mem_load
 1500448500, 5.0000000000e+01, 2.4000000000e+01, 1.0000000000e+01, 5.4166666667e-02, 7.7366166667e+03
 1500448800, 5.0000000000e+01, 2.4000000000e+01, 1.0000000000e+01, 5.3833333333e-02, 7.7367833333e+03
 1500449100, 5.4083333333e+01, 2.4000000000e+01, 1.0000000000e+01, 5.6000000000e-02, 7.7365666667e+03
 1500449400, 5.1916666667e+01, 2.4000000000e+01, 1.0000000000e+01, 5.0000000000e-02, 7.7362166667e+03
 1500449700, 5.0000000000e+01, 2.4000000000e+01, 1.0000000000e+01, 5.0000000000e-02, 7.7366166667e+03
 1500450000, 6.3000000000e+01, 3.4400000000e+01, 1.2166666667e+01, 1.2345000000e+00, 8.7603666667e+03
 1500450300, 1.1175000000e+02, 7.3633333333e+01, 2.0100000000e+01, 4.5766666667e+00, 1.3321883333e+04
 1500450600, 2.1500000000e+02, 1.7000000000e+02, 2.6000000000e+01, 7.0678333333e+00, 1.0276583333e+04
 1500450900, 1.5783333333e+02, 1.1283333333e+02, 2.6000000000e+01, 8.3366666667e+00, 9.1855833333e+03
 1500451200, 8.6416666667e+01, 5.3133333333e+01, 1.6133333333e+01, 6.3488333333e+00, 7.7483833333e+03
 1500451500, 5.0000000000e+01, 2.4000000000e+01, 1.0000000000e+01, 4.6041666667e+00, 7.7492000000e+03
 1500451800, 5.0000000000e+01, 2.3566666667e+01, 1.0000000000e+01, 3.3611666667e+00, 7.7480500000e+03
 1500452100, 5.0000000000e+01, 2.2000000000e+01, 1.0000000000e+01, 2.4658333333e+00, 7.7490000000e+03
 1500452400, 5.0000000000e+01, 2.2000000000e+01, 1.0000000000e+01, 1.8206666667e+00, 7.7492000000e+03
 1500452700, 5.0000000000e+01, 2.3633333333e+01, 1.0000000000e+01, 1.3231666667e+00, 7.7500333333e+03
 1500453000, 5.0000000000e+01, 2.4000000000e+01, 1.0000000000e+01, 9.7316666667e-01, 7.7499666667e+03
 1500453300, 5.0000000000e+01, 2.3166666667e+01, 9.1666666667e+00, 7.1050000000e-01, 7.7504833333e+03
 1500453600, 5.0000000000e+01, 2.2433333333e+01, 8.4333333333e+00, 5.3800000000e-01, 7.7508666667e+03
 1500453900, 5.0000000000e+01, 2.4000000000e+01, 1.0000000000e+01, 4.2216666667e-01, 7.7502200000e+03
 1500454200, 5.0000000000e+01, 2.4000000000e+01, 1.0000000000e+01, 3.2650000000e-01, 7.7502000000e+03
 1500454500, 5.0000000000e+01, 2.4000000000e+01, 1.0000000000e+01, 2.4283333333e-01, 7.7502166667e+03
 1500454800, 5.0000000000e+01, 2.4000000000e+01, 1.0000000000e+01, 1.7933333333e-01, 7.7515666667e+03
 1500455100, 5.0000000000e+01, 2.4000000000e+01, 1.0000000000e+01, 1.4166666667e-01, 7.7512333333e+03
 1500455400, 5.0000000000e+01, 2.4000000000e+01, 1.0000000000e+01, 1.3000000000e-01, 7.7513833333e+03
 1500455700, 5.0000000000e+01, 2.4000000000e+01, 1.0000000000e+01, 1.3583333333e-01, 7.7514166667e+03
 1500456000, 5.0000000000e+01, 2.4000000000e+01, 1.0000000000e+01, 1.1966666667e-01, 7.7520000000e+03
 1500456300, 5.0000000000e+01, 2.4000000000e+01, 1.0000000000e+01, 1.0183333333e-01, 7.7522166667e+03
 1500456600, 5.0000000000e+01, 2.4000000000e+01, 1.0000000000e+01, 8.7500000000e-02, 7.7522000000e+03
 1500456900, 5.0000000000e+01, 2.4000000000e+01, 1.0000000000e+01, 6.7833333333e-02, 7.7517833333e+03
 1500457200, 5.0000000000e+01, 2.4000000000e+01, 1.0000000000e+01, 5.5833333333e-02, 7.7524166667e+03
 1500457500, 5.0000000000e+01, 2.4000000000e+01, 1.0000000000e+01, 5.0000000000e-02, 7.7524000000e+03
 1500457800, 5.0000000000e+01, 2.4000000000e+01, 1.0000000000e+01, 5.0000000000e-02, 7.7519833333e+03
 1500458100, 5.0000000000e+01, 2.4000000000e+01, 1.0000000000e+01, 6.4500000000e-02, 7.7522166667e+03
 1500458400, 5.0000000000e+01, 2.4000000000e+01, 1.0000000000e+01, 7.5900000000e-02, 7.7529900000e+03
 1500458700, 5.0000000000e+01, 2.4000000000e+01, 1.0000000000e+01, 6.8000000000e-02, 7.7527833333e+03
 1500459000, 5.0000000000e+01, 2.3566666667e+01, 1.0000000000e+01, 7.4166666667e-02, 7.7530000000e+03
 1500459300, 5.0000000000e+01, 2.2033333333e+01, 1.0000000000e+01, 8.4500000000e-02, 7.7536166667e+03
 1500459600, 5.0000000000e+01, 2.4000000000e+01, 1.0000000000e+01, 1.8930000000e+00, 4.4148366667e+04
 1500459900, 1.9700000000e+02, 1.5303333333e+02, 2.3066666667e+01, 5.8169000000e+00, 5.2321653333e+04
 1500460200, 2.3000000000e+02, 1.8323333333e+02, 2.6000000000e+01, 8.7077333333e+00, 5.2323433333e+04
 1500460500, 2.3000000000e+02, 1.8400000000e+02, 2.6000000000e+01, 1.0763833333e+01, 5.2323433333e+04
 1500460800, 2.3000000000e+02, 1.8443333333e+02, 2.6000000000e+01, 1.2234500000e+01, 5.2325383333e+04
 1500461100, 2.3000000000e+02, 1.8596666667e+02, 2.6000000000e+01, 1.3310500000e+01, 5.2325833333e+04
 1500461400, 2.3000000000e+02, 1.8400000000e+02, 2.6000000000e+01, 1.4074833333e+01, 5.2346933333e+04
 1500461700, 2.3000000000e+02, 1.8400000000e+02, 2.6000000000e+01, 1.4650333333e+01, 5.2360866667e+04
 1500462000, 2.3000000000e+02, 1.8400000000e+02, 2.6000000000e+01, 1.5089500000e+01, 5.2362783333e+04
 1500462300, 2.3000000000e+02, 1.8483333333e+02, 2.6000000000e+01, 1.5375833333e+01, 5.2362983333e+04
 1500462600, 2.3000000000e+02, 1.8600000000e+02, 2.6000000000e+01, 1.5578566667e+01, 5.2361816667e+04
 1500462900, 2.3000000000e+02, 1.8600000000e+02, 2.6000000000e+01, 1.5721833333e+01, 5.2363200000e+04
 1500463200, 2.3000000000e+02, 1.8600000000e+02, 2.6000000000e+01, 1.5819333333e+01, 5.2362516667e+04
 1500463500, 2.3000000000e+02, 1.8600000000e+02, 2.6000000000e+01, 1.5889000000e+01, 5.2369783333e+04
 1500463800, 2.3000000000e+02, 1.8436666667e+02, 2.6000000000e+01, 1.5945000000e+01, 5.2370233333e+04
 1500464100, 2.3000000000e+02, 1.8400000000e+02, 2.6000000000e+01, 1.6011166667e+01, 5.2370866667e+04
 1500464400, 2.3000000000e+02, 1.8483333333e+02, 2.6000000000e+01, 1.6054333333e+01, 5.2375033333e+04
 1500464700, 2.3000000000e+02, 1.8556666667e+02, 2.6000000000e+01, 1.6105166667e+01, 5.2377016667e+04
 1500465000, 2.3000000000e+02, 1.8400000000e+02, 2.6000000000e+01, 1.6131833333e+01, 5.2377300000e+04
 1500465300, 2.3000000000e+02, 1.8400000000e+02, 2.6000000000e+01, 1.6123666667e+01, 5.2385000000e+04
 1500465600, 2.3000000000e+02, 1.8563333333e+02, 2.6000000000e+01, 1.6118000000e+01, 5.2384666667e+04
 1500465900, 2.3000000000e+02, 1.8600000000e+02, 2.6000000000e+01, 1.6114166667e+01, 5.2387033333e+04
 1500466200, 2.3000000000e+02, 1.8600000000e+02, 2.6000000000e+01, 1.6126166667e+01, 5.2388183333e+04
 1500466500, 2.3000000000e+02, 1.8556666667e+02, 2.6000000000e+01, 1.6134000000e+01, 5.2387183333e+04
 1500466800, 2.3000000000e+02, 1.8403333333e+02, 2.6000000000e+01, 1.6129833333e+01, 5.2386616667e+04
 1500467100, 2.3000000000e+02, 1.8600000000e+02, 2.6000000000e+01, 1.6112000000e+01, 5.2389850000e+04
 1500467400, 2.3000000000e+02, 1.8436666667e+02, 2.6000000000e+01, 1.6122166667e+01, 5.2401416667e+04
 1500467700, 2.3000000000e+02, 1.8400000000e+02, 2.6000000000e+01, 1.6136166667e+01, 5.2402850000e+04
 1500468000, 2.3000000000e+02, 1.8400000000e+02, 2.6000000000e+01, 1.6139833333e+01, 5.2403600000e+04
 1500468300, 2.3000000000e+02, 1.8400000000e+02, 2.6000000000e+01, 1.6132166667e+01, 5.2403533333e+04
 1500468600, 2.3000000000e+02, 1.8400000000e+02, 2.6000000000e+01, 1.6138166667e+01, 5.2403200000e+04
 1500468900, 2.3000000000e+02, 1.8400000000e+02, 2.6000000000e+01, 1.6147833333e+01, 5.2403166667e+04
 1500469200, 2.3000000000e+02, 1.8400000000e+02, 2.6000000000e+01, 1.6140000000e+01, 5.2403016667e+04
 1500469500, 2.3000000000e+02, 1.8400000000e+02, 2.6000000000e+01, 1.6140000000e+01, 5.2403000000e+04
 1500469800, 2.3000000000e+02, 1.8400000000e+02, 2.6000000000e+01, 1.6137833333e+01, 5.2402616667e+04
 1500470100, 2.3000000000e+02, 1.8400000000e+02, 2.6000000000e+01, 1.6126000000e+01, 5.2401983333e+04
 1500470400, 2.3000000000e+02, 1.8400000000e+02, 2.6000000000e+01, 1.6136500000e+01, 5.2402816667e+04
 1500470700, 2.3000000000e+02, 1.8400000000e+02, 2.6000000000e+01, 1.6170500000e+01, 5.2405650000e+04
 1500471000, 2.3000000000e+02, 1.8400000000e+02, 2.6000000000e+01, 1.6196166667e+01, 5.2408033333e+04
 1500471300, 2.3000000000e+02, 1.8400000000e+02, 2.6000000000e+01, 1.6203833333e+01, 5.2409416667e+04
 1500471600, 2.3000000000e+02, 1.8400000000e+02, 2.6000000000e+01, 1.6191833333e+01, 5.2407200000e+04
 1500471900, 2.3000000000e+02, 1.8400000000e+02, 2.6000000000e+01, 1.6173833333e+01, 5.2406950000e+04
 1500472200, 2.3000000000e+02, 1.8400000000e+02, 2.6000000000e+01, 1.6155666667e+01, 5.2406800000e+04
 1500472500, 2.3000000000e+02, 1.8400000000e+02, 2.6000000000e+01, 1.6139833333e+01, 5.2412733333e+04
 1500472800, 2.3000000000e+02, 1.8400000000e+02, 2.6000000000e+01, 1.6140000000e+01, 5.2415050000e+04
 1500473100, 2.3000000000e+02, 1.8400000000e+02, 2.6000000000e+01, 1.6148500000e+01, 5.2415566667e+04
 1500473400, 2.3000000000e+02, 1.8400000000e+02, 2.6000000000e+01, 1.6151333333e+01, 5.2415200000e+04
 1500473700, 2.3000000000e+02, 1.8400000000e+02, 2.6000000000e+01, 1.6132166667e+01, 5.2415600000e+04
 1500474000, 2.3000000000e+02, 1.8403333333e+02, 2.6000000000e+01, 1.6138000000e+01, 5.2416016667e+04
 1500474300, 2.3000000000e+02, 1.8600000000e+02, 2.6000000000e+01, 1.6135833333e+01, 5.2416600000e+04
 1500474600, 2.3000000000e+02, 1.8436666667e+02, 2.7633333333e+01, 1.6138166667e+01, 5.2418466667e+04
 1500474900, 2.3000000000e+02, 1.8400000000e+02, 2.6766666667e+01, 1.6135833333e+01, 5.2420583333e+04
 1500475200, 2.3000000000e+02, 1.8400000000e+02, 2.6000000000e+01, 1.6132166667e+01, 5.2419383333e+04
 1500475500, 2.3000000000e+02, 1.8400000000e+02, 2.6000000000e+01, 1.6129500000e+01, 5.2419433333e+04
 1500475800, 2.3000000000e+02, 1.8400000000e+02, 2.6000000000e+01, 1.6112000000e+01, 5.2419600000e+04
 1500476100, 2.3000000000e+02, 1.8400000000e+02, 2.6000000000e+01, 1.6112000000e+01, 5.2419183333e+04
 1500476400, 2.3000000000e+02, 1.8236666667e+02, 2.7633333333e+01, 1.6120500000e+01, 5.2419000000e+04
 1500476700, 2.3000000000e+02, 1.8323333333e+02, 2.6766666667e+01, 1.6148333333e+01, 5.2420183333e+04
 1500477000, 2.3000000000e+02, 1.8400000000e+02, 2.6000000000e+01, 1.6159833333e+01, 5.2419633333e+04
 1500477300, 2.3000000000e+02, 1.8400000000e+02, 2.6000000000e+01, 1.6137833333e+01, 5.2420000000e+04
 1500477600, 2.3000000000e+02, 1.8400000000e+02, 2.6000000000e+01, 1.6138000000e+01, 5.2419983333e+04
 1500477900, 2.3000000000e+02, 1.8400000000e+02, 2.6000000000e+01, 1.6132000000e+01, 5.2419450000e+04
 1500478200, 2.3000000000e+02, 1.8400000000e+02, 2.6000000000e+01, 1.6142000000e+01, 5.2421400000e+04
 1500478500, 2.3000000000e+02, 1.8400000000e+02, 2.6000000000e+01, 1.6148166667e+01, 5.2421383333e+04
 1500478800, 2.3000000000e+02, 1.8400000000e+02, 2.6000000000e+01, 1.6164500000e+01, 5.2421833333e+04
 1500479100, 2.3000000000e+02, 1.8400000000e+02, 2.6000000000e+01, 1.6177166667e+01, 5.2423083333e+04
 1500479400, 2.3000000000e+02, 1.8403333333e+02, 2.6000000000e+01, 1.6362666667e+01, 5.2477416667e+04
 1500479700, 2.3000000000e+02, 1.8600000000e+02, 2.6000000000e+01, 1.6605166667e+01, 5.2477583333e+04
 1500480000, 2.3000000000e+02, 1.8436666667e+02, 2.6000000000e+01, 1.6780500000e+01, 5.2476800000e+04
 1500480300, 2.3000000000e+02, 1.8400000000e+02, 2.6000000000e+01, 1.6911666667e+01, 5.2477383333e+04
 1500480600, 2.3000000000e+02, 1.8400000000e+02, 2.6000000000e+01, 1.7011333333e+01, 5.2477016667e+04
 1500480900, 2.3000000000e+02, 1.8400000000e+02, 2.6000000000e+01, 1.7070833333e+01, 5.2476400000e+04
 1500481200, 2.3000000000e+02, 1.8400000000e+02, 2.6033333333e+01, 1.7112666667e+01, 5.2476000000e+04
 1500481500, 2.3000000000e+02, 1.8400000000e+02, 2.8000000000e+01, 1.7137833333e+01, 5.2477050000e+04
 1500481800, 2.3000000000e+02, 1.8400000000e+02, 2.6366666667e+01, 1.7146500000e+01, 5.2478983333e+04
 1500482100, 2.3000000000e+02, 1.8523333333e+02, 2.6000000000e+01, 1.7145666667e+01, 5.2478033333e+04
 1500482400, 2.3000000000e+02, 1.8516666667e+02, 2.6000000000e+01, 1.7142166667e+01, 5.2479400000e+04
 1500482700, 2.3000000000e+02, 1.8400000000e+02, 2.6000000000e+01, 1.7141833333e+01, 5.2479216667e+04
 1500483000, 2.3000000000e+02, 1.8403333333e+02, 2.6000000000e+01, 1.7152666667e+01, 5.2479050000e+04
 1500483300, 2.3000000000e+02, 1.8600000000e+02, 2.6000000000e+01, 1.7188500000e+01, 5.2478616667e+04
 1500483600, 2.3000000000e+02, 1.8436666667e+02, 2.7633333333e+01, 1.7207833333e+01, 5.2479666667e+04
 1500483900, 2.3000000000e+02, 1.8400000000e+02, 2.6766666667e+01, 1.7188000000e+01, 5.2477816667e+04
 1500484200, 2.3000000000e+02, 1.8400000000e+02, 2.6000000000e+01, 1.7175166667e+01, 5.2478216667e+04
 1500484500, 2.3000000000e+02, 1.8400000000e+02, 2.6000000000e+01, 1.7142166667e+01, 5.2478766667e+04
 1500484800, 2.3000000000e+02, 1.8400000000e+02, 2.6000000000e+01, 1.7168500000e+01, 5.2478216667e+04
 1500485100, 2.3000000000e+02, 1.8400000000e+02, 2.6000000000e+01, 1.7215000000e+01, 5.2480200000e+04
 1500485400, 2.3000000000e+02, 1.8400000000e+02, 2.6000000000e+01, 1.7235500000e+01, 5.2479033333e+04
 1500485700, 2.3000000000e+02, 1.8400000000e+02, 2.6000000000e+01, 1.7230000000e+01, 5.2478983333e+04
 1500486000, 2.3000000000e+02, 1.8400000000e+02, 2.6833333333e+01, 1.7228166667e+01, 5.2479200000e+04
 1500486300, 2.3000000000e+02, 1.8443333333e+02, 2.7566666667e+01, 1.7236333333e+01, 5.2479200000e+04
 1500486600, 2.3000000000e+02, 1.8596666667e+02, 2.6000000000e+01, 1.7276333333e+01, 5.2479800000e+04
 1500486900, 2.3000000000e+02, 1.8400000000e+02, 2.6000000000e+01, 1.7243166667e+01, 5.2484733333e+04
 1500487200, 2.3000000000e+02, 1.8400000000e+02, 2.6000000000e+01, 1.7221833333e+01, 5.2486166667e+04
 1500487500, 2.3000000000e+02, 1.8400000000e+02, 2.6000000000e+01, 1.7205833333e+01, 5.2487200000e+04
 1500487800, 2.3000000000e+02, 1.8400000000e+02, 2.6000000000e+01, 1.7202000000e+01, 5.2487426667e+04
 1500488100, 2.3000000000e+02, 1.8400000000e+02, 2.6000000000e+01, 1.7212333333e+01, 5.2488033333e+04
 1500488400, 2.3000000000e+02, 1.8403333333e+02, 2.6000000000e+01, 1.7249000000e+01, 5.2489183333e+04
 1500488700, 2.3000000000e+02, 1.8600000000e+02, 2.6000000000e+01, 1.7275833333e+01, 5.2488383333e+04
 1500489000, 2.3000000000e+02, 1.8436666667e+02, 2.7633333333e+01, 1.7270000000e+01, 5.2488016667e+04
 1500489300, 2.3000000000e+02, 1.8400000000e+02, 2.6766666667e+01, 1.7311000000e+01, 5.2494516667e+04
 1500489600, 2.3000000000e+02, 1.8400000000e+02, 2.6000000000e+01, 1.7328000000e+01, 5.2497983333e+04
 1500489900, 2.3000000000e+02, 1.8443333333e+02, 2.6000000000e+01, 1.7334000000e+01, 5.2497450000e+04
 1500490200, 2.3000000000e+02, 1.8600000000e+02, 2.6000000000e+01, 1.7202666667e+01, 5.2487616667e+04
 1500490500, 2.3000000000e+02, 1.8600000000e+02, 2.6000000000e+01, 1.6897666667e+01, 5.2489883333e+04
 1500490800, 2.3000000000e+02, 1.8436666667e+02, 2.6000000000e+01, 1.6681166667e+01, 5.2492233333e+04
 1500491100, 2.3000000000e+02, 1.8400000000e+02, 2.6000000000e+01, 1.6523833333e+01, 5.2495083333e+04
 1500491400, 2.3000000000e+02, 1.8400000000e+02, 2.6000000000e+01, 1.6420666667e+01, 5.2497983333e+04
 1500491700, 2.3000000000e+02, 1.8400000000e+02, 2.6000000000e+01, 1.6330833333e+01, 5.2499450000e+04
 1500492000, 2.3000000000e+02, 1.8400000000e+02, 2.6000000000e+01, 1.6266866667e+01, 5.2499430000e+04
 1500492300, 2.3000000000e+02, 1.8400000000e+02, 2.6000000000e+01, 1.6225666667e+01, 5.2501783333e+04
 1500492600, 2.3000000000e+02, 1.8400000000e+02, 2.6000000000e+01, 1.6195666667e+01, 5.2500016667e+04
 1500492900, 2.3000000000e+02, 1.8400000000e+02, 2.6000000000e+01, 1.6187666667e+01, 5.2501683333e+04
 1500493200, 2.3000000000e+02, 1.8400000000e+02, 2.6000000000e+01, 1.6155500000e+01, 5.2508233333e+04
 1500493500, 2.3000000000e+02, 1.8400000000e+02, 2.6000000000e+01, 1.6144000000e+01, 5.2507150000e+04
 1500493800, 2.3000000000e+02, 1.8400000000e+02, 2.6000000000e+01, 1.6138000000e+01, 5.2505816667e+04
 1500494100, 2.3000000000e+02, 1.8400000000e+02, 2.6000000000e+01, 1.6142000000e+01, 5.2507016667e+04
 1500494400, 2.3000000000e+02, 1.8400000000e+02, 2.6000000000e+01, 1.6133833333e+01, 5.2506950000e+04
 1500494700, 2.3000000000e+02, 1.8400000000e+02, 2.6000000000e+01, 1.6133833333e+01, 5.2508583333e+04
 1500495000, 2.3000000000e+02, 1.8483333333e+02, 2.6000000000e+01, 1.6128166667e+01, 5.2516233333e+04
 1500495300, 2.3000000000e+02, 1.8556666667e+02, 2.6000000000e+01, 1.6124333333e+01, 5.2517800000e+04
 1500495600, 2.3000000000e+02, 1.8400000000e+02, 2.6000000000e+01, 1.6152166667e+01, 5.2517200000e+04
 1500495900, 2.3000000000e+02, 1.8400000000e+02, 2.6000000000e+01, 1.6172333333e+01, 5.2516400000e+04
 1500496200, 2.3000000000e+02, 1.8400000000e+02, 2.7633333333e+01, 1.6174000000e+01, 5.2516183333e+04
 1500496500, 2.3000000000e+02, 1.8400000000e+02, 2.6766666667e+01, 1.6177833333e+01, 5.2516233333e+04
 1500496800, 2.3000000000e+02, 1.8400000000e+02, 2.6000000000e+01, 1.6157666667e+01, 5.2522716667e+04
 1500497100, 2.3000000000e+02, 1.8400000000e+02, 2.6433333333e+01, 1.6143500000e+01, 5.2524800000e+04
 1500497400, 2.3000000000e+02, 1.8400000000e+02, 2.7966666667e+01, 1.6130500000e+01, 5.2525433333e+04
 1500497700, 2.3000000000e+02, 1.8400000000e+02, 2.6000000000e+01, 1.6139666667e+01, 5.2525833333e+04
 1500498000, 2.3000000000e+02, 1.8400000000e+02, 2.6000000000e+01, 1.6128166667e+01, 5.2526416667e+04
 1500498300, 2.3000000000e+02, 1.8400000000e+02, 2.6000000000e+01, 1.6171000000e+01, 5.2528250000e+04
 1500498600, 2.3000000000e+02, 1.8400000000e+02, 2.6000000000e+01, 1.6199666667e+01, 5.2529733333e+04
 1500498900, 2.3000000000e+02, 1.8400000000e+02, 2.6000000000e+01, 1.6178333333e+01, 5.2529383333e+04
 1500499200, 2.3000000000e+02, 1.8400000000e+02, 2.6000000000e+01, 1.6191500000e+01, 5.2529633333e+04
 1500499500, 2.3000000000e+02, 1.8400000000e+02, 2.6000000000e+01, 1.6157666667e+01, 5.2529983333e+04
 1500499800, 2.3000000000e+02, 1.8400000000e+02, 2.6000000000e+01, 1.6135833333e+01, 5.2529433333e+04
 1500500100, 2.3000000000e+02, 1.8400000000e+02, 2.6000000000e+01, 1.6138000000e+01, 5.2530800000e+04
 1500500400, 2.3000000000e+02, 1.8400000000e+02, 2.6000000000e+01, 1.6144166667e+01, 5.2531816667e+04
 1500500700, 2.3000000000e+02, 1.8400000000e+02, 2.6000000000e+01, 1.6149833333e+01, 5.2531400000e+04
 1500501000, 2.3000000000e+02, 1.8400000000e+02, 2.6000000000e+01, 1.6133833333e+01, 5.2531200000e+04
 1500501300, 2.3000000000e+02, 1.8400000000e+02, 2.6000000000e+01, 1.6132000000e+01, 5.2530550000e+04
 1500501600, 2.3000000000e+02, 1.8400000000e+02, 2.6000000000e+01, 1.6129833333e+01, 5.2531416667e+04
 1500501900, 2.3000000000e+02, 1.8276666667e+02, 2.6000000000e+01, 1.6120166667e+01, 5.2530616667e+04
 1500502200, 2.3000000000e+02, 1.8283333333e+02, 2.6833333333e+01, 1.6134166667e+01, 5.2530783333e+04
 1500502500, 2.3000000000e+02, 1.8400000000e+02, 2.7566666667e+01, 1.6150166667e+01, 5.2531016667e+04
 1500502800, 2.3000000000e+02, 1.8400000000e+02, 2.6000000000e+01, 1.6137833333e+01, 5.2532233333e+04
 1500503100, 2.3000000000e+02, 1.8400000000e+02, 2.6000000000e+01, 1.6206000000e+01, 5.2532783333e+04
 1500503400, 2.3000000000e+02, 1.8400000000e+02, 2.6000000000e+01, 1.6237333333e+01, 5.2533033333e+04
 1500503700, 2.3000000000e+02, 1.8400000000e+02, 2.6000000000e+01, 1.6213500000e+01, 5.2533150000e+04
 1500504000, 2.3000000000e+02, 1.8400000000e+02, 2.6000000000e+01, 1.6177666667e+01, 5.2533433333e+04
 1500504300, 2.3000000000e+02, 1.8400000000e+02, 2.6433333333e+01, 1.6170000000e+01, 5.2532550000e+04
 1500504600, 2.3000000000e+02, 1.8400000000e+02, 2.8000000000e+01, 1.6176000000e+01, 5.2532833333e+04
 1500504900, 2.3000000000e+02, 1.8400000000e+02, 2.8000000000e+01, 1.6153666667e+01, 5.2532450000e+04
 1500505200, 2.3000000000e+02, 1.8400000000e+02, 2.8000000000e+01, 1.6141833333e+01, 5.2534800000e+04
 1500505500, 2.3000000000e+02, 1.8276666667e+02, 2.8000000000e+01, 1.6138000000e+01, 5.2533583333e+04
 1500505800, 2.3000000000e+02, 1.8283333333e+02, 2.7166666667e+01, 1.6137833333e+01, 5.2533566667e+04
 1500506100, 2.3000000000e+02, 1.8400000000e+02, 2.6000000000e+01, 1.6136166667e+01, 5.2533450000e+04
 1500506400, 2.3000000000e+02, 1.8400000000e+02, 2.6000000000e+01, 1.6132000000e+01, 5.2535633333e+04
 1500506700, 2.3000000000e+02, 1.8400000000e+02, 2.6000000000e+01, 1.6152333333e+01, 5.2537566667e+04
 1500507000, 2.3000000000e+02, 1.8236666667e+02, 2.7633333333e+01, 1.6145666667e+01, 5.2535783333e+04
 1500507300, 2.3000000000e+02, 1.8323333333e+02, 2.8000000000e+01, 1.6139833333e+01, 5.2535650000e+04
 1500507600, 2.3000000000e+02, 1.8400000000e+02, 2.7166666667e+01, 1.6138166667e+01, 5.2536950000e+04
 1500507900, 2.3000000000e+02, 1.8356666667e+02, 2.6433333333e+01, 1.6134000000e+01, 5.2535233333e+04
 1500508200, 2.3000000000e+02, 1.8200000000e+02, 2.8000000000e+01, 1.6142166667e+01, 5.2536800000e+04
 1500508500, 2.3000000000e+02, 1.8200000000e+02, 2.8000000000e+01, 1.6141833333e+01, 5.2537416667e+04
 1500508800, 2.3000000000e+02, 1.8363333333e+02, 2.6366666667e+01, 1.6152166667e+01, 5.2537216667e+04
 1500509100, 2.3000000000e+02, 1.8400000000e+02, 2.6000000000e+01, 1.6142000000e+01, 5.2537383333e+04
 1500509400, 2.3000000000e+02, 1.8400000000e+02, 2.6833333333e+01, 1.6153833333e+01, 5.2537366667e+04
 1500509700, 2.3000000000e+02, 1.8400000000e+02, 2.8000000000e+01, 1.6140000000e+01, 5.2536033333e+04
 1500510000, 2.3000000000e+02, 1.8396666667e+02, 2.7966666667e+01, 1.6138166667e+01, 5.2536183333e+04
 1500510300, 2.3000000000e+02, 1.8200000000e+02, 2.6000000000e+01, 1.6146000000e+01, 5.2536400000e+04
 1500510600, 2.3000000000e+02, 1.8363333333e+02, 2.7633333333e+01, 1.6139666667e+01, 5.2537216667e+04
 1500510900, 2.3000000000e+02, 1.8400000000e+02, 2.8000000000e+01, 1.6142333333e+01, 5.2536383333e+04
 1500511200, 2.3000000000e+02, 1.8400000000e+02, 2.8000000000e+01, 1.6149833333e+01, 5.2535400000e+04
 1500511500, 2.3000000000e+02, 1.8400000000e+02, 2.8000000000e+01, 1.6150333333e+01, 5.2535800000e+04
 1500511800, 2.3000000000e+02, 1.8400000000e+02, 2.8000000000e+01, 1.6166500000e+01, 5.2536216667e+04
 1500512100, 2.3000000000e+02, 1.8400000000e+02, 2.8000000000e+01, 1.6175500000e+01, 5.2536800000e+04
 1500512400, 2.3000000000e+02, 1.8400000000e+02, 2.6366666667e+01, 1.6170000000e+01, 5.2537033333e+04
 1500512700, 2.3000000000e+02, 1.8276666667e+02, 2.6000000000e+01, 1.6164166667e+01, 5.2536816667e+04
 1500513000, 2.3000000000e+02, 1.8283333333e+02, 2.6833333333e+01, 1.6176333333e+01, 5.2538633333e+04
 1500513300, 2.3000000000e+02, 1.8356666667e+02, 2.8000000000e+01, 1.6204166667e+01, 5.2539650000e+04
 1500513600, 2.3000000000e+02, 1.8200000000e+02, 2.8000000000e+01, 1.6193833333e+01, 5.2539683333e+04
 1500513900, 2.3000000000e+02, 1.8200000000e+02, 2.8000000000e+01, 1.6196166667e+01, 5.2539400000e+04
 1500514200, 2.3000000000e+02, 1.8363333333e+02, 2.8000000000e+01, 1.6189666667e+01, 5.2539416667e+04
 1500514500, 2.3000000000e+02, 1.8276666667e+02, 2.8000000000e+01, 1.6183833333e+01, 5.2539800000e+04
 1500514800, 2.3000000000e+02, 1.8283333333e+02, 2.8000000000e+01, 1.6155833333e+01, 5.2538383333e+04
 1500515100, 2.3000000000e+02, 1.8356666667e+02, 2.8000000000e+01, 1.6164000000e+01, 5.2538633333e+04
 1500515400, 2.3000000000e+02, 1.8203333333e+02, 2.8000000000e+01, 1.6143666667e+01, 5.2540233333e+04
 1500515700, 2.3000000000e+02, 1.8400000000e+02, 2.8000000000e+01, 1.6137833333e+01, 5.2542416667e+04
 1500516000, 2.3000000000e+02, 1.8400000000e+02, 2.6366666667e+01, 1.6132166667e+01, 5.2541600000e+04
 1500516300, 2.3000000000e+02, 1.8400000000e+02, 2.7233333333e+01, 1.6137833333e+01, 5.2541750000e+04
 1500516600, 2.3000000000e+02, 1.8316666667e+02, 2.8000000000e+01, 1.6132166667e+01, 5.2541000000e+04
 1500516900, 2.3000000000e+02, 1.8243333333e+02, 2.8000000000e+01, 1.6150000000e+01, 5.2540216667e+04
 1500517200, 2.3000000000e+02, 1.8400000000e+02, 2.8000000000e+01, 1.6143833333e+01, 5.2541416667e+04
 1500517500, 2.3000000000e+02, 1.8400000000e+02, 2.8000000000e+01, 1.6136000000e+01, 5.2540750000e+04
 1500517800, 2.3000000000e+02, 1.8400000000e+02, 2.8000000000e+01, 1.6123833333e+01, 5.2540216667e+04
 1500518100, 2.3000000000e+02, 1.8276666667e+02, 2.8000000000e+01, 1.6130333333e+01, 5.2539400000e+04
 1500518400, 2.3000000000e+02, 1.8283333333e+02, 2.7166666667e+01, 1.6135833333e+01, 5.2540583333e+04
 1500518700, 2.3000000000e+02, 1.8400000000e+02, 2.6000000000e+01, 1.6125833333e+01, 5.2539183333e+04
 1500519000, 2.3000000000e+02, 1.8400000000e+02, 2.6000000000e+01, 1.6132333333e+01, 5.2537783333e+04
 1500519300, 2.3000000000e+02, 1.8400000000e+02, 2.6000000000e+01, 1.6140000000e+01, 5.2543316667e+04
 1500519600, 2.3000000000e+02, 1.8400000000e+02, 2.7633333333e+01, 1.6138000000e+01, 5.2546450000e+04
 1500519900, 2.3000000000e+02, 1.8400000000e+02, 2.6766666667e+01, 1.6138000000e+01, 5.2545316667e+04
 1500520200, 2.3000000000e+02, 1.8400000000e+02, 2.6000000000e+01, 1.6131833333e+01, 5.2542816667e+04
 1500520500, 2.3000000000e+02, 1.8400000000e+02, 2.6433333333e+01, 1.6134166667e+01, 5.2545216667e+04
 1500520800, 2.3000000000e+02, 1.8396666667e+02, 2.8000000000e+01, 1.6140333333e+01, 5.2545213333e+04
 1500521100, 2.3000000000e+02, 1.8200000000e+02, 2.8000000000e+01, 1.6188166667e+01, 5.2545800000e+04
 1500521400, 2.3000000000e+02, 1.8200000000e+02, 2.8000000000e+01, 1.6161666667e+01, 5.2545416667e+04
 1500521700, 2.3000000000e+02, 1.8323333333e+02, 2.6766666667e+01, 1.6154166667e+01, 5.2546400000e+04
 1500522000, 2.3000000000e+02, 1.8316666667e+02, 2.6000000000e+01, 1.6151666667e+01, 5.2546833333e+04
 1500522300, 2.3000000000e+02, 1.8243333333e+02, 2.6000000000e+01, 1.6140000000e+01, 5.2548000000e+04
 1500522600, 2.3000000000e+02, 1.8400000000e+02, 2.6033333333e+01, 1.6134000000e+01, 5.2548783333e+04
 1500522900, 2.3000000000e+02, 1.8400000000e+02, 2.8000000000e+01, 1.6142500000e+01, 5.2547000000e+04
 1500523200, 2.3000000000e+02, 1.8236666667e+02, 2.6366666667e+01, 1.6161833333e+01, 5.2547400000e+04
 1500523500, 2.3000000000e+02, 1.8200000000e+02, 2.7233333333e+01, 1.6145666667e+01, 5.2546600000e+04
 1500523800, 2.3000000000e+02, 1.8283333333e+02, 2.7166666667e+01, 1.6135833333e+01, 5.2548233333e+04
 1500524100, 2.3000000000e+02, 1.8400000000e+02, 2.6433333333e+01, 1.6136166667e+01, 5.2548566667e+04
 1500524400, 2.3000000000e+02, 1.8400000000e+02, 2.7966666667e+01, 1.6140000000e+01, 5.2549250000e+04
 1500524700, 2.3000000000e+02, 1.8400000000e+02, 2.6000000000e+01, 1.6156166667e+01, 5.2548333333e+04
 1500525000, 2.3000000000e+02, 1.8400000000e+02, 2.6000000000e+01, 1.6145833333e+01, 5.2546566667e+04
 1500525300, 2.3000000000e+02, 1.8276666667e+02, 2.7233333333e+01, 1.6146166667e+01, 5.2547666667e+04
 1500525600, 2.3000000000e+02, 1.8200000000e+02, 2.8000000000e+01, 1.6158333333e+01, 5.2548766667e+04
 1500525900, 2.3000000000e+02, 1.8243333333e+02, 2.7566666667e+01, 1.6163833333e+01, 5.2546450000e+04
 1500526200, 2.3000000000e+02, 1.8396666667e+02, 2.6000000000e+01, 1.6158000000e+01, 5.2546583333e+04
 1500526500, 2.3000000000e+02, 1.8200000000e+02, 2.6000000000e+01, 1.6156166667e+01, 5.2549200000e+04
 1500526800, 2.3000000000e+02, 1.8200000000e+02, 2.7633333333e+01, 1.6159833333e+01, 5.2548200000e+04
 1500527100, 2.3000000000e+02, 1.8323333333e+02, 2.6766666667e+01, 1.6149833333e+01, 5.2547600000e+04
 1500527400, 2.3000000000e+02, 1.8316666667e+02, 2.6833333333e+01, 1.6141666667e+01, 5.2548033333e+04
 1500527700, 2.2891666667e+02, 1.8200000000e+02, 2.8000000000e+01, 1.6150166667e+01, 5.2548433333e+04
 1500528000, 2.2508333333e+02, 1.8200000000e+02, 2.8000000000e+01, 1.6134000000e+01, 5.2548616667e+04
 1500528300, 2.3000000000e+02, 1.8200000000e+02, 2.8000000000e+01, 1.6138000000e+01, 5.2549783333e+04
 1500528600, 2.3000000000e+02, 1.8200000000e+02, 2.8000000000e+01, 1.6158333333e+01, 5.2549050000e+04
 1500528900, 2.3000000000e+02, 1.8200000000e+02, 2.8000000000e+01, 1.6160000000e+01, 5.2549883333e+04
 1500529200, 2.3000000000e+02, 1.8200000000e+02, 2.8000000000e+01, 1.6151833333e+01, 5.2548200000e+04
 1500529500, 2.2891666667e+02, 1.8200000000e+02, 2.8000000000e+01, 1.6145833333e+01, 5.2548833333e+04
 1500529800, 2.2508333333e+02, 1.8203333333e+02, 2.8000000000e+01, 1.6139833333e+01, 5.2549600000e+04
 1500530100, 2.3000000000e+02, 1.8400000000e+02, 2.8000000000e+01, 1.6134166667e+01, 5.2549183333e+04
 1500530400, 2.3000000000e+02, 1.8236666667e+02, 2.8000000000e+01, 1.6173000000e+01, 5.2548800000e+04
 1500530700, 2.3000000000e+02, 1.8200000000e+02, 2.6766666667e+01, 1.6188000000e+01, 5.2549216667e+04
 1500531000, 2.3000000000e+02, 1.8200000000e+02, 2.6833333333e+01, 1.6195666667e+01, 5.2550583333e+04
 1500531300, 2.3000000000e+02, 1.8200000000e+02, 2.8000000000e+01, 1.6163666667e+01, 5.2550450000e+04
 1500531600, 2.3000000000e+02, 1.8200000000e+02, 2.8000000000e+01, 1.6153833333e+01, 5.2551366667e+04
 1500531900, 2.3000000000e+02, 1.8200000000e+02, 2.8000000000e+01, 1.6152000000e+01, 5.2552633333e+04
 1500532200, 2.3000000000e+02, 1.8363333333e+02, 2.8000000000e+01, 1.6146000000e+01, 5.2551983333e+04
 1500532500, 2.3000000000e+02, 1.8400000000e+02, 2.6766666667e+01, 1.6162166667e+01, 5.2551633333e+04
 1500532800, 2.3000000000e+02, 1.8400000000e+02, 2.6000000000e+01, 1.6151500000e+01, 5.2551550000e+04
 1500533100, 2.3000000000e+02, 1.8356666667e+02, 2.6433333333e+01, 1.6132500000e+01, 5.2549016667e+04
 1500533400, 2.3000000000e+02, 1.8200000000e+02, 2.8000000000e+01, 1.6205000000e+01, 5.2550983333e+04
 1500533700, 2.3000000000e+02, 1.8200000000e+02, 2.8000000000e+01, 1.6234000000e+01, 5.2549600000e+04
 1500534000, 2.2591666667e+02, 1.8200000000e+02, 2.6366666667e+01, 1.6209500000e+01, 5.2550400000e+04
 1500534300, 2.2808333333e+02, 1.8200000000e+02, 2.7233333333e+01, 1.6175333333e+01, 5.2550600000e+04
 1500534600, 2.3000000000e+02, 1.8200000000e+02, 2.8000000000e+01, 1.6141666667e+01, 5.2553283333e+04
 1500534900, 2.3000000000e+02, 1.8243333333e+02, 2.7566666667e+01, 1.6142166667e+01, 5.2555166667e+04
 1500535200, 2.3000000000e+02, 1.8396666667e+02, 2.6033333333e+01, 1.6135833333e+01, 5.2552983333e+04
 1500535500, 2.3000000000e+02, 1.8200000000e+02, 2.8000000000e+01, 1.6128166667e+01, 5.2553050000e+04
 1500535800, 2.3000000000e+02, 1.8200000000e+02, 2.8000000000e+01, 1.6142000000e+01, 5.2555400000e+04
 1500536100, 2.3000000000e+02, 1.8200000000e+02, 2.8000000000e+01, 1.6140000000e+01, 5.2555600000e+04
 1500536400, 2.3000000000e+02, 1.8200000000e+02, 2.8000000000e+01, 1.6134000000e+01, 5.2556016667e+04
 1500536700, 2.3000000000e+02, 1.8200000000e+02, 2.8000000000e+01, 1.6134000000e+01, 5.2556616667e+04
 1500537000, 2.3000000000e+02, 1.8200000000e+02, 2.8000000000e+01, 1.6144000000e+01, 5.2556583333e+04
 1500537300, 2.3000000000e+02, 1.8200000000e+02, 2.8000000000e+01, 1.6138000000e+01, 5.2556016667e+04
 1500537600, 2.3000000000e+02, 1.8200000000e+02, 2.8000000000e+01, 1.6148166667e+01, 5.2557616667e+04
 1500537900, 2.3000000000e+02, 1.8200000000e+02, 2.8000000000e+01, 1.6147833333e+01, 5.2556983333e+04
 1500538200, 2.3000000000e+02, 1.8283333333e+02, 2.8000000000e+01, 1.6140333333e+01, 5.2557166667e+04
 1500538500, 2.3000000000e+02, 1.8356666667e+02, 2.8000000000e+01, 1.6151833333e+01, 5.2556616667e+04
 1500538800, 2.3000000000e+02, 1.8200000000e+02, 2.8000000000e+01, 1.6143666667e+01, 5.2556800000e+04
 1500539100, 2.3000000000e+02, 1.8200000000e+02, 2.8000000000e+01, 1.6140333333e+01, 5.2557450000e+04
 1500539400, 2.3000000000e+02, 1.8200000000e+02, 2.8000000000e+01, 1.6139833333e+01, 5.2558750000e+04
 1500539700, 2.3000000000e+02, 1.8323333333e+02, 2.8000000000e+01, 1.6146300000e+01, 5.2556623333e+04
 1500540000, 2.3000000000e+02, 1.8316666667e+02, 2.8000000000e+01, 1.6151666667e+01, 5.2558450000e+04
 1500540300, 2.2891666667e+02, 1.8200000000e+02, 2.7133333333e+01, 1.6142000000e+01, 5.2559766667e+04
 1500540600, 2.2508333333e+02, 1.8200000000e+02, 2.4066666667e+01, 1.6146000000e+01, 5.2558400000e+04
 1500540900, 2.3000000000e+02, 1.8200000000e+02, 2.8000000000e+01, 1.6144000000e+01, 5.2559216667e+04
 1500541200, 2.3000000000e+02, 1.8200000000e+02, 2.8000000000e+01, 1.6141833333e+01, 5.2559000000e+04
 1500541500, 2.3000000000e+02, 1.8323333333e+02, 2.8000000000e+01, 1.6140333333e+01, 5.2558783333e+04
 1500541800, 2.3000000000e+02, 1.8400000000e+02, 2.8000000000e+01, 1.6139833333e+01, 5.2558633333e+04
 1500542100, 2.3000000000e+02, 1.8356666667e+02, 2.8000000000e+01, 1.6138000000e+01, 5.2558783333e+04
 1500542400, 2.3000000000e+02, 1.8200000000e+02, 2.8000000000e+01, 1.6140166667e+01, 5.2557600000e+04
 1500542700, 2.3000000000e+02, 1.8200000000e+02, 2.8000000000e+01, 1.6160166667e+01, 5.2557783333e+04
 1500543000, 2.3000000000e+02, 1.8200000000e+02, 2.6366666667e+01, 1.6163833333e+01, 5.2557833333e+04
 1500543300, 2.3000000000e+02, 1.8323333333e+02, 2.7233333333e+01, 1.6143666667e+01, 5.2559266667e+04
 1500543600, 2.3000000000e+02, 1.8316666667e+02, 2.8000000000e+01, 1.6134000000e+01, 5.2558016667e+04
 1500543900, 2.3000000000e+02, 1.8200000000e+02, 2.8000000000e+01, 1.6130166667e+01, 5.2559983333e+04
 1500544200, 2.3000000000e+02, 1.8200000000e+02, 2.8000000000e+01, 1.6146166667e+01, 5.2558916667e+04
 1500544500, 2.3000000000e+02, 1.8200000000e+02, 2.8000000000e+01, 1.6148166667e+01, 5.2558583333e+04
 1500544800, 2.3000000000e+02, 1.8200000000e+02, 2.8000000000e+01, 1.6156000000e+01, 5.2559466667e+04
 1500545100, 2.3000000000e+02, 1.8200000000e+02, 2.6766666667e+01, 1.6174333333e+01, 5.2560766667e+04
 1500545400, 2.3000000000e+02, 1.8200000000e+02, 2.6833333333e+01, 1.6194333333e+01, 5.2560033333e+04
 1500545700, 2.3000000000e+02, 1.8200000000e+02, 2.8000000000e+01, 1.6204000000e+01, 5.2562200000e+04
 1500546000, 2.3000000000e+02, 1.8200000000e+02, 2.8000000000e+01, 1.6202000000e+01, 5.2561416667e+04
 1500546300, 2.3000000000e+02, 1.8200000000e+02, 2.8000000000e+01, 1.6216333333e+01, 5.2563166667e+04
 1500546600, 2.3000000000e+02, 1.8200000000e+02, 2.8000000000e+01, 1.6215500000e+01, 5.2563833333e+04
 1500546900, 2.3000000000e+02, 1.8200000000e+02, 2.6766666667e+01, 1.6204166667e+01, 5.2564216667e+04
 1500547200, 2.3000000000e+02, 1.8200000000e+02, 2.6833333333e+01, 1.6224333333e+01, 5.2561566667e+04
 1500547500, 2.3000000000e+02, 1.8243333333e+02, 2.8000000000e+01, 1.6213833333e+01, 5.2562983333e+04
 1500547800, 2.3000000000e+02, 1.8396666667e+02, 2.8000000000e+01, 1.6218000000e+01, 5.2562433333e+04
 1500548100, 2.3000000000e+02, 1.8200000000e+02, 2.8000000000e+01, 1.6224166667e+01, 5.2562583333e+04
 1500548400, 2.3000000000e+02, 1.8200000000e+02, 2.8000000000e+01, 1.6209666667e+01, 5.2562200000e+04
 1500548700, 2.3000000000e+02, 1.8200000000e+02, 2.8000000000e+01, 1.6193833333e+01, 5.2563183333e+04
 1500549000, 2.3000000000e+02, 1.8200000000e+02, 2.8000000000e+01, 1.6214666667e+01, 5.2561983333e+04
 1500549300, 2.3000000000e+02, 1.8200000000e+02, 2.8000000000e+01, 1.6230000000e+01, 5.2562233333e+04
 1500549600, 2.3000000000e+02, 1.8200000000e+02, 2.8000000000e+01, 1.6221833333e+01, 5.2562183333e+04
 1500549900, 2.3000000000e+02, 1.8200000000e+02, 2.8000000000e+01, 1.6220000000e+01, 5.2563003333e+04
 1500550200, 2.3000000000e+02, 1.8200000000e+02, 2.8000000000e+01, 1.6219833333e+01, 5.2561816667e+04
 1500550500, 2.3000000000e+02, 1.8200000000e+02, 2.8000000000e+01, 1.6189333333e+01, 5.2561400000e+04
 1500550800, 2.3000000000e+02, 1.8283333333e+02, 2.8000000000e+01, 1.6159666667e+01, 5.2561150000e+04
 1500551100, 2.3000000000e+02, 1.8400000000e+02, 2.8000000000e+01, 1.6150000000e+01, 5.2560866667e+04
 1500551400, 2.3000000000e+02, 1.8396666667e+02, 2.8000000000e+01, 1.6135666667e+01, 5.2561966667e+04
 1500551700, 2.3000000000e+02, 1.8200000000e+02, 2.8000000000e+01, 1.6130166667e+01, 5.2560816667e+04
 1500552000, 2.3000000000e+02, 1.8200000000e+02, 2.8000000000e+01, 1.6154333333e+01, 5.2563000000e+04
 1500552300, 2.3000000000e+02, 1.8200000000e+02, 2.8000000000e+01, 1.6149666667e+01, 5.2562000000e+04
 1500552600, 2.3000000000e+02, 1.8200000000e+02, 2.8000000000e+01, 1.6144000000e+01, 5.2562016667e+04
 1500552900, 2.3000000000e+02, 1.8243333333e+02, 2.8000000000e+01, 1.6141833333e+01, 5.2563783333e+04
 1500553200, 2.3000000000e+02, 1.8396666667e+02, 2.8000000000e+01, 1.6127833333e+01, 5.2563016667e+04
 1500553500, 2.3000000000e+02, 1.8200000000e+02, 2.8000000000e+01, 1.6124166667e+01, 5.2562200000e+04
 1500553800, 2.3000000000e+02, 1.8363333333e+02, 2.8000000000e+01, 1.6144666667e+01, 5.2562583333e+04
 1500554100, 2.3000000000e+02, 1.8400000000e+02, 2.8000000000e+01, 1.6157500000e+01, 5.2562216667e+04
 1500554400, 2.3000000000e+02, 1.8316666667e+02, 2.8000000000e+01, 1.6146166667e+01, 5.2563216667e+04
 1500554700, 2.3000000000e+02, 1.8200000000e+02, 2.8000000000e+01, 1.6144000000e+01, 5.2563983333e+04
 1500555000, 2.3000000000e+02, 1.8203333333e+02, 2.8000000000e+01, 1.6141833333e+01, 5.2563016667e+04
 1500555300, 2.3000000000e+02, 1.8400000000e+02, 2.8000000000e+01, 1.6142000000e+01, 5.2564200000e+04
 1500555600, 2.3000000000e+02, 1.8400000000e+02, 2.6366666667e+01, 1.6138166667e+01, 5.2565216667e+04
 1500555900, 2.3000000000e+02, 1.8400000000e+02, 2.7233333333e+01, 1.6148333333e+01, 5.2565600000e+04
 1500556200, 2.3000000000e+02, 1.8316666667e+02, 2.8000000000e+01, 1.6157666667e+01, 5.2566200000e+04
 1500556500, 2.3000000000e+02, 1.8200000000e+02, 2.8000000000e+01, 1.6147833333e+01, 5.2565633333e+04
 1500556800, 2.3000000000e+02, 1.8203333333e+02, 2.7966666667e+01, 1.6146000000e+01, 5.2566666667e+04
 1500557100, 2.3000000000e+02, 1.8400000000e+02, 2.6000000000e+01, 1.6137666667e+01, 5.2573050000e+04
 1500557400, 2.3000000000e+02, 1.8400000000e+02, 2.7633333333e+01, 1.6136333333e+01, 5.2572016667e+04
 1500557700, 2.3000000000e+02, 1.8400000000e+02, 2.6766666667e+01, 1.6142166667e+01, 5.2572166667e+04
 1500558000, 2.3000000000e+02, 1.8400000000e+02, 2.6000000000e+01, 1.6141833333e+01, 5.2572466667e+04
 1500558300, 2.3000000000e+02, 1.8400000000e+02, 2.6433333333e+01, 1.6142000000e+01, 5.2573583333e+04
 1500558600, 2.3000000000e+02, 1.8400000000e+02, 2.8000000000e+01, 1.6162500000e+01, 5.2574433333e+04
 1500558900, 2.3000000000e+02, 1.8400000000e+02, 2.8000000000e+01, 1.6172000000e+01, 5.2574666667e+04
 1500559200, 2.3000000000e+02, 1.8400000000e+02, 2.8000000000e+01, 1.6172166667e+01, 5.2577300000e+04
 1500559500, 2.3000000000e+02, 1.8276666667e+02, 2.8000000000e+01, 1.6173666667e+01, 5.2574583333e+04
 1500559800, 2.3000000000e+02, 1.8283333333e+02, 2.8000000000e+01, 1.6149500000e+01, 5.2575166667e+04
 1500560100, 2.3000000000e+02, 1.8356666667e+02, 2.8000000000e+01, 1.6140166667e+01, 5.2574183333e+04
 1500560400, 2.3000000000e+02, 1.8203333333e+02, 2.8000000000e+01, 1.6148500000e+01, 5.2573433333e+04
 1500560700, 2.3000000000e+02, 1.8400000000e+02, 2.8000000000e+01, 1.6163500000e+01, 5.2574800000e+04
 1500561000, 2.3000000000e+02, 1.8236666667e+02, 2.8000000000e+01, 1.6145833333e+01, 5.2574816667e+04
 1500561300, 2.3000000000e+02, 1.8200000000e+02, 2.8000000000e+01, 1.6132000000e+01, 5.2575783333e+04
 1500561600, 2.3000000000e+02, 1.8283333333e+02, 2.8000000000e+01, 1.6140033333e+01, 5.2575616667e+04
 1500561900, 2.3000000000e+02, 1.8356666667e+02, 2.8000000000e+01, 1.6140333333e+01, 5.2576016667e+04
 1500562200, 2.3000000000e+02, 1.8200000000e+02, 2.8000000000e+01, 1.6152000000e+01, 5.2577633333e+04
 1500562500, 2.3000000000e+02, 1.8200000000e+02, 2.8000000000e+01, 1.6147833333e+01, 5.2576566667e+04
 1500562800, 2.3000000000e+02, 1.8363333333e+02, 2.8000000000e+01, 1.6140000000e+01, 5.2576433333e+04
 1500563100, 2.3000000000e+02, 1.8400000000e+02, 2.8000000000e+01, 1.6135833333e+01, 5.2577200000e+04
 1500563400, 2.3000000000e+02, 1.8316666667e+02, 2.8000000000e+01, 1.6127833333e+01, 5.2576983333e+04
 1500563700, 2.3000000000e+02, 1.8200000000e+02, 2.8000000000e+01, 1.6126500000e+01, 5.2577833333e+04
 1500564000, 2.3000000000e+02, 1.8200000000e+02, 2.8000000000e+01, 1.6145666667e+01, 5.2578383333e+04
 1500564300, 2.3000000000e+02, 1.8200000000e+02, 2.8000000000e+01, 1.6130000000e+01, 5.2578583333e+04
 1500564600, 2.3000000000e+02, 1.8200000000e+02, 2.8000000000e+01, 1.6156833333e+01, 5.2577566667e+04
 1500564900, 2.3000000000e+02, 1.8323333333e+02, 2.8000000000e+01, 1.6167666667e+01, 5.2576833333e+04
 1500565200, 2.3000000000e+02, 1.8316666667e+02, 2.8000000000e+01, 1.6172000000e+01, 5.2577400000e+04
 1500565500, 2.3000000000e+02, 1.8200000000e+02, 2.8000000000e+01, 1.6173300000e+01, 5.2578363333e+04
 1500565800, 2.3000000000e+02, 1.8200000000e+02, 2.8000000000e+01, 1.6352500000e+01, 5.2587800000e+04
 1500566100, 2.3000000000e+02, 1.8200000000e+02, 2.8000000000e+01, 1.6617500000e+01, 5.2588166667e+04
 1500566400, 2.3000000000e+02, 1.8200000000e+02, 2.8000000000e+01, 1.6809000000e+01, 5.2587016667e+04
 1500566700, 2.3000000000e+02, 1.8200000000e+02, 2.8000000000e+01, 1.6965833333e+01, 5.2588400000e+04
 1500567000, 2.3000000000e+02, 1.8200000000e+02, 2.8000000000e+01, 1.7053000000e+01, 5.2588100000e+04
 1500567300, 2.3000000000e+02, 1.8200000000e+02, 2.8000000000e+01, 1.7110666667e+01, 5.2593966667e+04
 1500567600, 2.3000000000e+02, 1.8200000000e+02, 2.8000000000e+01, 1.7134666667e+01, 5.2593816667e+04
 1500567900, 2.3000000000e+02, 1.8200000000e+02, 2.8000000000e+01, 1.7187000000e+01, 5.2592800000e+04
 1500568200, 2.3000000000e+02, 1.8363333333e+02, 2.8000000000e+01, 1.7224000000e+01, 5.2594050000e+04
 1500568500, 2.3000000000e+02, 1.8276666667e+02, 2.8000000000e+01, 1.7214000000e+01, 5.2595350000e+04
 1500568800, 2.3000000000e+02, 1.8283333333e+02, 2.8000000000e+01, 1.7236333333e+01, 5.2595050000e+04
 1500569100, 2.3000000000e+02, 1.8356666667e+02, 2.8000000000e+01, 1.7270666667e+01, 5.2595400000e+04
 1500569400, 2.3000000000e+02, 1.8200000000e+02, 2.8000000000e+01, 1.7245000000e+01, 5.2595816667e+04
 1500569700, 2.3000000000e+02, 1.8200000000e+02, 2.8000000000e+01, 1.7211833333e+01, 5.2594150000e+04
 1500570000, 2.3000000000e+02, 1.8200000000e+02, 2.8000000000e+01, 1.7206166667e+01, 5.2594250000e+04
 1500570300, 2.3000000000e+02, 1.8200000000e+02, 2.8000000000e+01, 1.7221833333e+01, 5.2595133333e+04
 1500570600, 2.3000000000e+02, 1.8200000000e+02, 2.8000000000e+01, 1.7224666667e+01, 5.2594050000e+04
 1500570900, 2.3000000000e+02, 1.8200000000e+02, 2.8000000000e+01, 1.7241500000e+01, 5.2596200000e+04
 1500571200, 2.3000000000e+02, 1.8200000000e+02, 2.8000000000e+01, 1.7224333333e+01, 5.2594200000e+04
 1500571500, 2.3000000000e+02, 1.8200000000e+02, 2.8000000000e+01, 1.7254500000e+01, 5.2593783333e+04
 1500571800, 2.3000000000e+02, 1.8200000000e+02, 2.8000000000e+01, 1.7253833333e+01, 5.2595416667e+04
 1500572100, 2.3000000000e+02, 1.8200000000e+02, 2.8000000000e+01, 1.7235500000e+01, 5.2595366667e+04
 1500572400, 2.3000000000e+02, 1.8200000000e+02, 2.8000000000e+01, 1.7219833333e+01, 5.2596450000e+04
 1500572700, 2.3000000000e+02, 1.8200000000e+02, 2.8000000000e+01, 1.7230500000e+01, 5.2597816667e+04
 1500573000, 2.3000000000e+02, 1.8200000000e+02, 2.8000000000e+01, 1.7254333333e+01, 5.2597816667e+04
 1500573300, 2.3000000000e+02, 1.8200000000e+02, 2.8000000000e+01, 1.7268166667e+01, 5.2597033333e+04
 1500573600, 2.3000000000e+02, 1.8200000000e+02, 2.8000000000e+01, 1.7263500000e+01, 5.2600466667e+04
 1500573900, 2.3000000000e+02, 1.8200000000e+02, 2.8000000000e+01, 1.7245500000e+01, 5.2605083333e+04
 1500574200, 2.3000000000e+02, 1.8116666667e+02, 2.8000000000e+01, 1.7242500000e+01, 5.2604300000e+04
 1500574500, 2.3000000000e+02, 1.8043333333e+02, 2.8000000000e+01, 1.7237500000e+01, 5.2604183333e+04
 1500574800, 2.3000000000e+02, 1.8200000000e+02, 2.8000000000e+01, 1.7232166667e+01, 5.2603000000e+04
 1500575100, 2.3000000000e+02, 1.8200000000e+02, 2.8000000000e+01, 1.7223833333e+01, 5.2602150000e+04
 1500575400, 2.3000000000e+02, 1.8363333333e+02, 2.8000000000e+01, 1.7212500000e+01, 5.2602250000e+04
 1500575700, 2.3000000000e+02, 1.8276666667e+02, 2.8000000000e+01, 1.7246000000e+01, 5.2607683333e+04
 1500576000, 2.2791666667e+02, 1.8200000000e+02, 2.7166666667e+01, 1.7272666667e+01, 5.2609016667e+04
 1500576300, 2.2608333333e+02, 1.8200000000e+02, 2.6433333333e+01, 1.7285666667e+01, 5.2609766667e+04
 1500576600, 2.2991666667e+02, 1.8200000000e+02, 2.8000000000e+01, 1.7266000000e+01, 5.2609433333e+04
 1500576900, 2.2500000000e+02, 1.8200000000e+02, 2.8000000000e+01, 1.7294666667e+01, 5.2611216667e+04
 1500577200, 2.2908333333e+02, 1.8200000000e+02, 2.8000000000e+01, 1.7322333333e+01, 5.2610850000e+04
 1500577500, 2.3000000000e+02, 1.8200000000e+02, 2.8000000000e+01, 1.7311500000e+01, 5.2612216667e+04
 1500577800, 2.3000000000e+02, 1.8200000000e+02, 2.8000000000e+01, 1.7285666667e+01, 5.2613366667e+04
 1500578100, 2.3000000000e+02, 1.8200000000e+02, 2.8000000000e+01, 1.7290500000e+01, 5.2614033333e+04
 1500578400, 2.2741666667e+02, 1.7960000000e+02, 2.7866666667e+01, 1.7297500000e+01, 5.2614000000e+04
 1500578700, 7.5000000000e+01, 3.8000000000e+01, 2.0000000000e+01, 1.7292166667e+01, 5.2615383333e+04
 1500579000, 2.0158333333e+02, 1.5723333333e+02, 2.6533333333e+01, 1.7287833333e+01, 5.2614016667e+04
 1500579300, 2.3000000000e+02, 1.8400000000e+02, 2.8000000000e+01, 1.7251666667e+01, 5.2611850000e+04
 1500579600, 2.3000000000e+02, 1.8316666667e+02, 2.8000000000e+01, 1.7015500000e+01, 5.2605416667e+04
 1500579900, 2.3000000000e+02, 1.8200000000e+02, 2.8000000000e+01, 1.6770666667e+01, 5.2606616667e+04
 1500580200, 2.3000000000e+02, 1.8200000000e+02, 2.8000000000e+01, 1.6632333333e+01, 5.2606183333e+04
 1500580500, 2.3000000000e+02, 1.8200000000e+02, 2.8000000000e+01, 1.6516000000e+01, 5.2605600000e+04
 1500580800, 2.3000000000e+02, 1.8200000000e+02, 2.8000000000e+01, 1.6404333333e+01, 5.2605750000e+04
 1500581100, 2.3000000000e+02, 1.8200000000e+02, 2.8000000000e+01, 1.6333333333e+01, 5.2605816667e+04
 1500581400, 2.3000000000e+02, 1.8200000000e+02, 2.8000000000e+01, 1.6293333333e+01, 5.2605833333e+04
 1500581700, 2.3000000000e+02, 1.8200000000e+02, 2.8000000000e+01, 1.6251333333e+01, 5.2606566667e+04
 1500582000, 2.3000000000e+02, 1.8203333333e+02, 2.8000000000e+01, 1.6219666667e+01, 5.2605433333e+04
 1500582300, 2.3000000000e+02, 1.8400000000e+02, 2.8000000000e+01, 1.6197666667e+01, 5.2606400000e+04
 1500582600, 2.3000000000e+02, 1.8236666667e+02, 2.8000000000e+01, 1.6202166667e+01, 5.2606616667e+04
 1500582900, 2.3000000000e+02, 1.8200000000e+02, 2.8000000000e+01, 1.6185833333e+01, 5.2608216667e+04
 1500583200, 2.3000000000e+02, 1.8200000000e+02, 2.8000000000e+01, 1.6190166667e+01, 5.2607366667e+04
 1500583500, 2.3000000000e+02, 1.8200000000e+02, 2.8000000000e+01, 1.6205833333e+01, 5.2606016667e+04
 1500583800, 2.3000000000e+02, 1.8200000000e+02, 2.8000000000e+01, 1.6183666667e+01, 5.2606400000e+04
 1500584100, 2.3000000000e+02, 1.8200000000e+02, 2.8000000000e+01, 1.6170000000e+01, 5.2607016667e+04
 1500584400, 2.3000000000e+02, 1.8363333333e+02, 2.8000000000e+01, 1.6163833333e+01, 5.2607566667e+04
 1500584700, 2.3000000000e+02, 1.8400000000e+02, 2.8000000000e+01, 1.6168000000e+01, 5.2607433333e+04
 1500585000, 2.3000000000e+02, 1.8316666667e+02, 2.8000000000e+01, 1.6162000000e+01, 5.2607750000e+04
 1500585300, 2.3000000000e+02, 1.8200000000e+02, 2.8000000000e+01, 1.6151666667e+01, 5.2607666667e+04
 1500585600, 2.3000000000e+02, 1.8200000000e+02, 2.8000000000e+01, 1.6133833333e+01, 5.2608183333e+04
 1500585900, 2.3000000000e+02, 1.8200000000e+02, 2.8000000000e+01, 1.6136166667e+01, 5.2608400000e+04
 1500586200, 2.3000000000e+02, 1.8363333333e+02, 2.8000000000e+01, 1.6132000000e+01, 5.2607816667e+04
 1500586500, 2.3000000000e+02, 1.8276666667e+02, 2.8000000000e+01, 1.6144333333e+01, 5.2608366667e+04
 1500586800, 2.3000000000e+02, 1.8200000000e+02, 2.8000000000e+01, 1.6153666667e+01, 5.2609900000e+04
 1500587100, 2.3000000000e+02, 1.8200000000e+02, 2.8000000000e+01, 1.6132000000e+01, 5.2613233333e+04
 1500587400, 2.3000000000e+02, 1.8200000000e+02, 2.8000000000e+01, 1.6134000000e+01, 5.2611983333e+04
 1500587700, 2.3000000000e+02, 1.8200000000e+02, 2.8000000000e+01, 1.6146000000e+01, 5.2612833333e+04
 1500588000, 2.3000000000e+02, 1.8200000000e+02, 2.8000000000e+01, 1.6144166667e+01, 5.2613150000e+04
 1500588300, 2.3000000000e+02, 1.8323333333e+02, 2.8000000000e+01, 1.6158333333e+01, 5.2612283333e+04
 1500588600, 2.2791666667e+02, 1.8316666667e+02, 2.6333333333e+01, 1.6182333333e+01, 5.2613800000e+04
 1500588900, 2.2608333333e+02, 1.8200000000e+02, 2.4866666667e+01, 1.6198333333e+01, 5.2614633333e+04
 1500589200, 2.3000000000e+02, 1.8203333333e+02, 2.8000000000e+01, 1.6195833333e+01, 5.2613666667e+04
 1500589500, 2.3000000000e+02, 1.8400000000e+02, 2.8000000000e+01, 1.6206333333e+01, 5.2611800000e+04
 1500589800, 2.3000000000e+02, 1.8236666667e+02, 2.8000000000e+01, 1.6224000000e+01, 5.2612200000e+04
 1500590100, 2.3000000000e+02, 1.8200000000e+02, 2.8000000000e+01, 1.6217833333e+01, 5.2613383333e+04
 1500590400, 2.3000000000e+02, 1.8200000000e+02, 2.8000000000e+01, 1.6210000000e+01, 5.2611216667e+04
 1500590700, 2.3000000000e+02, 1.8200000000e+02, 2.8000000000e+01, 1.6201833333e+01, 5.2612640000e+04
 1500591000, 2.3000000000e+02, 1.8200000000e+02, 2.8000000000e+01, 1.6206666667e+01, 5.2612783333e+04
 1500591300, 2.3000000000e+02, 1.8200000000e+02, 2.8000000000e+01, 1.6227500000e+01, 5.2614216667e+04
 1500591600, 2.3000000000e+02, 1.8200000000e+02, 2.8000000000e+01, 1.6195666667e+01, 5.2615600000e+04
 1500591900, 2.3000000000e+02, 1.8200000000e+02, 2.8000000000e+01, 1.6187666667e+01, 5.2616166667e+04
 1500592200, 2.3000000000e+02, 1.8200000000e+02, 2.8000000000e+01, 1.6182500000e+01, 5.2614433333e+04
 1500592500, 2.3000000000e+02, 1.8286666667e+02, 2.7566666667e+01, 1.6191833333e+01, 5.2615466667e+04
 1500592800, 2.3000000000e+02, 1.8593333333e+02, 2.6033333333e+01, 1.6204333333e+01, 5.2617783333e+04
 1500593100, 2.3000000000e+02, 1.8200000000e+02, 2.8000000000e+01, 1.6211833333e+01, 5.2616800000e+04
 1500593400, 2.3000000000e+02, 1.8200000000e+02, 2.8000000000e+01, 1.6200000000e+01, 5.2617183333e+04
 1500593700, 2.3000000000e+02, 1.8200000000e+02, 2.8000000000e+01, 1.6189833333e+01, 5.2616616667e+04
 1500594000, 2.3000000000e+02, 1.8200000000e+02, 2.8000000000e+01, 1.6190166667e+01, 5.2616986667e+04
 1500594300, 2.2791666667e+02, 1.8116666667e+02, 2.8000000000e+01, 1.6199833333e+01, 5.2618366667e+04
 1500594600, 2.2608333333e+02, 1.8043333333e+02, 2.8000000000e+01, 1.6177500000e+01, 5.2617033333e+04
 1500594900, 2.3000000000e+02, 1.8200000000e+02, 2.8000000000e+01, 1.6172166667e+01, 5.2617000000e+04
 1500595200, 2.3000000000e+02, 1.8200000000e+02, 2.8000000000e+01, 1.6155333333e+01, 5.2618400000e+04
 1500595500, 2.3000000000e+02, 1.8200000000e+02, 2.8000000000e+01, 1.6146333333e+01, 5.2617183333e+04
 1500595800, 2.3000000000e+02, 1.8200000000e+02, 2.8000000000e+01, 1.6160333333e+01, 5.2616650000e+04
 1500596100, 2.3000000000e+02, 1.8200000000e+02, 2.8000000000e+01, 1.6188366667e+01, 5.2617596667e+04
 1500596400, 2.3000000000e+02, 1.8200000000e+02, 2.8000000000e+01, 1.6203833333e+01, 5.2617230000e+04
 1500596700, 2.3000000000e+02, 1.8200000000e+02, 2.8000000000e+01, 1.6206000000e+01, 5.2617983333e+04
 1500597000, 2.3000000000e+02, 1.8200000000e+02, 2.8000000000e+01, 1.6197833333e+01, 5.2617816667e+04
 1500597300, 2.3000000000e+02, 1.8200000000e+02, 2.8000000000e+01, 1.6175500000e+01, 5.2619183333e+04
 1500597600, 2.3000000000e+02, 1.8200000000e+02, 2.8000000000e+01, 1.6156000000e+01, 5.2618633333e+04
 1500597900, 2.3000000000e+02, 1.8200000000e+02, 2.8000000000e+01, 1.6143666667e+01, 5.2618733333e+04
 1500598200, 2.3000000000e+02, 1.8200000000e+02, 2.8000000000e+01, 1.6150166667e+01, 5.2617820000e+04
 1500598500, 2.3000000000e+02, 1.8200000000e+02, 2.8000000000e+01, 1.6144033333e+01, 5.2618230000e+04
 1500598800, 2.3000000000e+02, 1.8200000000e+02, 2.8000000000e+01, 1.6138333333e+01, 5.2619000000e+04
 1500599100, 2.3000000000e+02, 1.8200000000e+02, 2.8000000000e+01, 1.6151833333e+01, 5.2618366667e+04
 1500599400, 2.3000000000e+02, 1.8361333333e+02, 2.8000000000e+01, 1.6156333333e+01, 5.2616780000e+04
 1500599700, 2.3000000000e+02, 1.8276666667e+02, 2.8000000000e+01, 1.6164333333e+01, 5.2617466667e+04
 1500600000, 2.3000000000e+02, 1.8200000000e+02, 2.8000000000e+01, 1.6179833333e+01, 5.2616983333e+04
 1500600300, 2.3000000000e+02, 1.8243333333e+02, 2.8000000000e+01, 1.6165666667e+01, 5.2617200000e+04
 1500600600, 2.3000000000e+02, 1.8398000000e+02, 2.8000000000e+01, 1.6143833333e+01, 5.2618836667e+04
 1500600900, 2.3000000000e+02, 1.8200000000e+02, 2.8000000000e+01, 1.6136000000e+01, 5.2619816667e+04
 1500601200, 2.3000000000e+02, 1.8200000000e+02, 2.8000000000e+01, 1.6148166667e+01, 5.2621400000e+04
 1500601500, 2.3000000000e+02, 1.8200000000e+02, 2.8000000000e+01, 1.6143666667e+01, 5.2620600000e+04
 1500601800, 2.3000000000e+02, 1.8200000000e+02, 2.8000000000e+01, 1.6136333333e+01, 5.2621233333e+04
 1500602100, 2.3000000000e+02, 1.8200000000e+02, 2.8000000000e+01, 1.6147833333e+01, 5.2621800000e+04
 1500602400, 2.3000000000e+02, 1.8200000000e+02, 2.8000000000e+01, 1.6150000000e+01, 5.2622066667e+04
 1500602700, 2.3000000000e+02, 1.8200000000e+02, 2.8000000000e+01, 1.6137666667e+01, 5.2622366667e+04
 1500603000, 2.3000000000e+02, 1.8200000000e+02, 2.8000000000e+01, 1.6128333333e+01, 5.2622216667e+04
 1500603300, 2.3000000000e+02, 1.8200000000e+02, 2.8000000000e+01, 1.6132000000e+01, 5.2621933333e+04
 1500603600, 2.3000000000e+02, 1.8200000000e+02, 2.8000000000e+01, 1.6138000000e+01, 5.2619650000e+04
 1500603900, 2.3000000000e+02, 1.8200000000e+02, 2.8000000000e+01, 1.6133666667e+01, 5.2621816667e+04
 1500604200, 2.3000000000e+02, 1.8200000000e+02, 2.8000000000e+01, 1.6120000000e+01, 5.2620616667e+04
 1500604500, 2.3000000000e+02, 1.8200000000e+02, 2.8000000000e+01, 1.6105833333e+01, 5.2620733333e+04
 1500604800, 2.3000000000e+02, 1.8200000000e+02, 2.8000000000e+01, 1.6118500000e+01, 5.2621016667e+04
 1500605100, 2.3000000000e+02, 1.8200000000e+02, 2.8000000000e+01, 1.6154166667e+01, 5.2621383333e+04
 1500605400, 2.3000000000e+02, 1.8200000000e+02, 2.8000000000e+01, 1.6154333333e+01, 5.2621983333e+04
 1500605700, 2.3000000000e+02, 1.8238000000e+02, 2.8000000000e+01, 1.6169833333e+01, 5.2621773333e+04
 1500606000, 2.3000000000e+02, 1.8396666667e+02, 2.8000000000e+01, 1.6143500000e+01, 5.2622600000e+04
 1500606300, 2.3000000000e+02, 1.8200000000e+02, 2.8000000000e+01, 1.6134333333e+01, 5.2620600000e+04
 1500606600, 2.3000000000e+02, 1.8362000000e+02, 2.8000000000e+01, 1.6143833333e+01, 5.2622820000e+04
 1500606900, 2.3000000000e+02, 1.8281333333e+02, 2.8000000000e+01, 1.6140066667e+01, 5.2629130000e+04
 1500607200, 2.3000000000e+02, 1.8200000000e+02, 2.8000000000e+01, 1.6125666667e+01, 5.2629600000e+04
 1500607500, 2.3000000000e+02, 1.8200000000e+02, 2.8000000000e+01, 1.6110166667e+01, 5.2629233333e+04
 1500607800, 2.2991666667e+02, 1.8200000000e+02, 2.8000000000e+01, 1.6138333333e+01, 5.2631216667e+04
 1500608100, 2.2500000000e+02, 1.8200000000e+02, 2.8000000000e+01, 1.6136000000e+01, 5.2630800000e+04
 1500608400, 2.2908333333e+02, 1.8200000000e+02, 2.8000000000e+01, 1.6144166667e+01, 5.2631183333e+04
 1500608700, 2.3000000000e+02, 1.8200000000e+02, 2.8000000000e+01, 1.6149833333e+01, 5.2631800000e+04
 1500609000, 2.3000000000e+02, 1.8200000000e+02, 2.8000000000e+01, 1.6140000000e+01, 5.2631616667e+04
 1500609300, 2.3000000000e+02, 1.8200000000e+02, 2.8000000000e+01, 1.6133833333e+01, 5.2630583333e+04
 1500609600, 2.3000000000e+02, 1.8200000000e+02, 2.8000000000e+01, 1.6134166667e+01, 5.2630416667e+04
 1500609900, 2.3000000000e+02, 1.8200000000e+02, 2.8000000000e+01, 1.6139833333e+01, 5.2630983333e+04
 1500610200, 2.3000000000e+02, 1.8200000000e+02, 2.8000000000e+01, 1.6138000000e+01, 5.2631000000e+04
 1500610500, 2.3000000000e+02, 1.8200000000e+02, 2.8000000000e+01, 1.6136333333e+01, 5.2629416667e+04
 1500610800, 2.3000000000e+02, 1.8283333333e+02, 2.8000000000e+01, 1.6147666667e+01, 5.2630550000e+04
 1500611100, 2.3000000000e+02, 1.8356666667e+02, 2.8000000000e+01, 1.6130000000e+01, 5.2629033333e+04
 1500611400, 2.3000000000e+02, 1.8200000000e+02, 2.8000000000e+01, 1.6130166667e+01, 5.2629216667e+04
 1500611700, 2.3000000000e+02, 1.8200000000e+02, 2.8000000000e+01, 1.6140000000e+01, 5.2631416667e+04
 1500612000, 2.3000000000e+02, 1.8200000000e+02, 2.8000000000e+01, 1.6140000000e+01, 5.2631583333e+04
 1500612300, 2.3000000000e+02, 1.8200000000e+02, 2.8000000000e+01, 1.6131833333e+01, 5.2630966667e+04
 1500612600, 2.3000000000e+02, 1.8200000000e+02, 2.8000000000e+01, 1.6121833333e+01, 5.2631450000e+04
 1500612900, 2.3000000000e+02, 1.8200000000e+02, 2.8000000000e+01, 1.6130166667e+01, 5.2633400000e+04
 1500613200, 2.3000000000e+02, 1.8200000000e+02, 2.8000000000e+01, 1.6125833333e+01, 5.2632766667e+04
 1500613500, 2.3000000000e+02, 1.8200000000e+02, 2.8000000000e+01, 1.6117833333e+01, 5.2631016667e+04
 1500613800, 2.3000000000e+02, 1.8200000000e+02, 2.8000000000e+01, 1.6110166667e+01, 5.2631016667e+04
 1500614100, 2.3000000000e+02, 1.8200000000e+02, 2.8000000000e+01, 1.6114000000e+01, 5.2632633333e+04
 1500614400, 2.3000000000e+02, 1.8283333333e+02, 2.8000000000e+01, 1.6126333333e+01, 5.2632583333e+04
 1500614700, 2.2891666667e+02, 1.8226666667e+02, 2.8000000000e+01, 1.6138000000e+01, 5.2633216667e+04
 1500615000, 2.2508333333e+02, 1.7610000000e+02, 2.8000000000e+01, 1.6135833333e+01, 5.2633183333e+04
 1500615300, 2.3000000000e+02, 1.8200000000e+02, 2.8000000000e+01, 1.6125833333e+01, 5.2632383333e+04
 1500615600, 2.3000000000e+02, 1.8200000000e+02, 2.6366666667e+01, 1.6146666667e+01, 5.2632183333e+04
 1500615900, 2.3000000000e+02, 1.8200000000e+02, 2.7233333333e+01, 1.6161833333e+01, 5.2632016667e+04
 1500616200, 2.3000000000e+02, 1.8283333333e+02, 2.8000000000e+01, 1.6135666667e+01, 5.2633033333e+04
 1500616500, 2.3000000000e+02, 1.8400000000e+02, 2.8000000000e+01, 1.6123833333e+01, 5.2632566667e+04
 1500616800, 2.3000000000e+02, 1.8396666667e+02, 2.8000000000e+01, 1.6115833333e+01, 5.2631800000e+04
 1500617100, 2.3000000000e+02, 1.8200000000e+02, 2.8000000000e+01, 1.6106000000e+01, 5.2632000000e+04
 1500617400, 2.3000000000e+02, 1.8363333333e+02, 2.6366666667e+01, 1.6112333333e+01, 5.2631016667e+04
 1500617700, 2.3000000000e+02, 1.8276666667e+02, 2.7233333333e+01, 1.6124000000e+01, 5.2631566667e+04
 1500618000, 2.3000000000e+02, 1.8200000000e+02, 2.8000000000e+01, 1.6130000000e+01, 5.2631250000e+04
 1500618300, 2.3000000000e+02, 1.8243333333e+02, 2.8000000000e+01, 1.6134000000e+01, 5.2633016667e+04
 1500618600, 2.3000000000e+02, 1.8396666667e+02, 2.8000000000e+01, 1.6132000000e+01, 5.2631850000e+04
 1500618900, 2.3000000000e+02, 1.8200000000e+02, 2.8000000000e+01, 1.6134166667e+01, 5.2633833333e+04
 1500619200, 2.3000000000e+02, 1.8200000000e+02, 2.8000000000e+01, 1.6127500000e+01, 5.2634583333e+04
 1500619500, 2.3000000000e+02, 1.8323333333e+02, 2.8000000000e+01, 1.6101833333e+01, 5.2636783333e+04
 1500619800, 2.3000000000e+02, 1.8316666667e+02, 2.8000000000e+01, 1.6110333333e+01, 5.2636783333e+04
 1500620100, 2.3000000000e+02, 1.8200000000e+02, 2.8000000000e+01, 1.6116000000e+01, 5.2637183333e+04
 1500620400, 2.3000000000e+02, 1.8200000000e+02, 2.8000000000e+01, 1.6128166667e+01, 5.2637216667e+04
 1500620700, 2.3000000000e+02, 1.8200000000e+02, 2.8000000000e+01, 1.6130000000e+01, 5.2638033333e+04
 1500621000, 2.3000000000e+02, 1.8200000000e+02, 2.8000000000e+01, 1.6136000000e+01, 5.2638766667e+04
 1500621300, 2.3000000000e+02, 1.8200000000e+02, 2.8000000000e+01, 1.6132000000e+01, 5.2639000000e+04
 1500621600, 2.3000000000e+02, 1.8200000000e+02, 2.8000000000e+01, 1.6150166667e+01, 5.2637450000e+04
 1500621900, 2.3000000000e+02, 1.8200000000e+02, 2.8000000000e+01, 1.6125500000e+01, 5.2643016667e+04
 1500622200, 2.3000000000e+02, 1.8200000000e+02, 2.8000000000e+01, 1.6106000000e+01, 5.2643600000e+04
 1500622500, 2.3000000000e+02, 1.8200000000e+02, 2.8000000000e+01, 1.6124333333e+01, 5.2641200000e+04
 1500622800, 2.3000000000e+02, 1.8200000000e+02, 2.8000000000e+01, 1.6138166667e+01, 5.2641450000e+04
 1500623100, 2.3000000000e+02, 1.8200000000e+02, 2.8000000000e+01, 1.6137833333e+01, 5.2642550000e+04
 1500623400, 2.3000000000e+02, 1.8200000000e+02, 2.8000000000e+01, 1.6138166667e+01, 5.2641650000e+04
 1500623700, 2.3000000000e+02, 1.8200000000e+02, 2.8000000000e+01, 1.6134000000e+01, 5.2642800000e+04
 1500624000, 2.3000000000e+02, 1.8200000000e+02, 2.8000000000e+01, 1.6128000000e+01, 5.2643416667e+04
 1500624300, 2.3000000000e+02, 1.8200000000e+02, 2.8000000000e+01, 1.6134000000e+01, 5.2647850000e+04
 1500624600, 2.3000000000e+02, 1.8200000000e+02, 2.6366666667e+01, 1.6131833333e+01, 5.2647556667e+04
 1500624900, 2.3000000000e+02, 1.8323333333e+02, 2.6000000000e+01, 1.6123666667e+01, 5.2647816667e+04
 1500625200, 2.3000000000e+02, 1.8316666667e+02, 2.6833333333e+01, 1.6122166667e+01, 5.2648000000e+04
 1500625500, 2.3000000000e+02, 1.8200000000e+02, 2.8000000000e+01, 1.6117833333e+01, 5.2645983333e+04
 1500625800, 2.3000000000e+02, 1.8200000000e+02, 2.7966666667e+01, 1.6103833333e+01, 5.2646416667e+04
 1500626100, 2.3000000000e+02, 1.8200000000e+02, 2.6000000000e+01, 1.6100000000e+01, 5.2653366667e+04
 1500626400, 2.3000000000e+02, 1.8200000000e+02, 2.7633333333e+01, 1.6110500000e+01, 5.2655966667e+04
 1500626700, 2.3000000000e+02, 1.8200000000e+02, 2.6766666667e+01, 1.6123833333e+01, 5.2656200000e+04
 1500627000, 2.3000000000e+02, 1.8200000000e+02, 2.6833333333e+01, 1.6124000000e+01, 5.2655200000e+04
 1500627300, 2.3000000000e+02, 1.8243333333e+02, 2.8000000000e+01, 1.6124166667e+01, 5.2656216667e+04
 1500627600, 2.3000000000e+02, 1.8396666667e+02, 2.8000000000e+01, 1.6127833333e+01, 5.2657016667e+04
 1500627900, 2.3000000000e+02, 1.8200000000e+02, 2.8000000000e+01, 1.6120000000e+01, 5.2657600000e+04
 1500628200, 2.3000000000e+02, 1.8200000000e+02, 2.8000000000e+01, 1.6115833333e+01, 5.2658183333e+04
 1500628500, 2.3000000000e+02, 1.8200000000e+02, 2.8000000000e+01, 1.6124333333e+01, 5.2659216667e+04
 1500628800, 2.3000000000e+02, 1.8200000000e+02, 2.8000000000e+01, 1.6126000000e+01, 5.2657800000e+04
 1500629100, 2.3000000000e+02, 1.8200000000e+02, 2.8000000000e+01, 1.6130166667e+01, 5.2657233333e+04
 1500629400, 2.3000000000e+02, 1.8200000000e+02, 2.8000000000e+01, 1.6133833333e+01, 5.2658150000e+04
 1500629700, 2.3000000000e+02, 1.8200000000e+02, 2.8000000000e+01, 1.6125666667e+01, 5.2657850000e+04
 1500630000, 2.3000000000e+02, 1.8363333333e+02, 2.8000000000e+01, 1.6118333333e+01, 5.2657550000e+04
 1500630300, 2.3000000000e+02, 1.8276666667e+02, 2.8000000000e+01, 1.6130000000e+01, 5.2657633333e+04
 1500630600, -nan, 1.8200000000e+02, 2.8000000000e+01, 1.6121833333e+01, 5.2658200000e+04
 1500630900, -nan, 1.8200000000e+02, 2.8000000000e+01, -nan, 5.2660250000e+04
 1500631200, -nan, 1.8200000000e+02, 2.8000000000e+01, -nan, 5.2661150000e+04
 1500631500, -nan, 1.8200000000e+02, 2.8000000000e+01, -nan, 5.2659616667e+04
 1500631800, -nan, 1.8363333333e+02, 2.6366666667e+01, -nan, 5.2660816667e+04
 1500632100, -nan, 1.8153333333e+02, 2.7233333333e+01, -nan, 5.2659600000e+04
 1500632400, -nan, 1.1500000000e+02, 2.0500000000e+01, -nan, 1.6089233333e+04
 1500632700, -nan, 2.4000000000e+01, 1.0000000000e+01, -nan, -nan
 1500633000, -nan, 2.4000000000e+01, 1.0000000000e+01, -nan, -nan
 1500633300, -nan, -nan, 1.0000000000e+01, -nan, -nan
 1500633600, -nan, -nan, 1.0000000000e+01, -nan, -nan
 1500633900, -nan, -nan, 1.0000000000e+01, -nan, -nan
 1500634200, -nan, -nan, -nan, -nan, -nan
 1500634500, -nan, -nan, -nan, -nan, -nan
 1500634800, -nan, -nan, -nan, -nan, -nan
