 Time, ttl_pwr, cpu_pwr, mem_pwr, cpu_load, mem_load
 1500448500, 5.0000000000e+01, 2.6000000000e+01, 1.2000000000e+01, 5.6433333333e-01, 8.8244000000e+03
 1500448800, 5.0000000000e+01, 2.6000000000e+01, 1.1533333333e+01, 4.1833333333e-01, 8.8246000000e+03
 1500449100, 5.0666666667e+01, 2.6266666667e+01, 1.0266666667e+01, 3.3266666667e-01, 8.8240333333e+03
 1500449400, 7.0000000000e+01, 3.4000000000e+01, 1.8000000000e+01, 3.0300000000e-01, 8.8258000000e+03
 1500449700, 5.7500000000e+01, 2.7333333333e+01, 1.3000000000e+01, 2.6833333333e-01, 8.8255666667e+03
 1500450000, 5.1833333333e+01, 2.6000000000e+01, 1.0733333333e+01, 1.3470000000e+00, 1.0436500000e+04
 1500450300, 1.2583333333e+02, 9.2733333333e+01, 1.7800000000e+01, 4.5023333333e+00, 1.0843000000e+04
 1500450600, 2.0890000000e+02, 1.6436000000e+02, 2.8000000000e+01, 6.9655666667e+00, 1.3900463333e+04
 1500450900, 1.5166666667e+02, 1.0920000000e+02, 2.7400000000e+01, 8.2356666667e+00, 1.0141033333e+04
 1500451200, 5.5000000000e+01, 2.8000000000e+01, 1.0000000000e+01, 6.3336666667e+00, 8.8266333333e+03
 1500451500, 5.0833333333e+01, 2.6333333333e+01, 1.0000000000e+01, 4.6000000000e+00, 8.8263333333e+03
 1500451800, 5.0000000000e+01, 2.6000000000e+01, 1.0000000000e+01, 3.3413333333e+00, 8.8256333333e+03
 1500452100, 5.0000000000e+01, 2.6000000000e+01, 1.0000000000e+01, 2.4306666667e+00, 8.8264333333e+03
 1500452400, 5.0000000000e+01, 2.6000000000e+01, 1.0000000000e+01, 1.7783333333e+00, 8.8265000000e+03
 1500452700, 5.0000000000e+01, 2.6000000000e+01, 1.0000000000e+01, 1.3050000000e+00, 8.8254333333e+03
 1500453000, 5.0000000000e+01, 2.6000000000e+01, 1.0000000000e+01, 9.7466666667e-01, 8.8260666667e+03
 1500453300, 5.0000000000e+01, 2.6000000000e+01, 1.0000000000e+01, 7.1866666667e-01, 8.8275666667e+03
 1500453600, 5.0000000000e+01, 2.6000000000e+01, 1.0000000000e+01, 5.2033333333e-01, 8.8255666667e+03
 1500453900, 5.0000000000e+01, 2.6000000000e+01, 1.0000000000e+01, 3.8666666667e-01, 8.8264000000e+03
 1500454200, 5.0000000000e+01, 2.6000000000e+01, 1.0000000000e+01, 2.8966666667e-01, 8.8248000000e+03
 1500454500, 5.0000000000e+01, 2.6000000000e+01, 1.0000000000e+01, 2.3200000000e-01, 8.8248333333e+03
 1500454800, 5.0000000000e+01, 2.6000000000e+01, 1.0000000000e+01, 1.7433333333e-01, 8.8258666667e+03
 1500455100, 5.8333333333e+01, 2.9333333333e+01, 1.1666666667e+01, 1.3300000000e-01, 8.8269333333e+03
 1500455400, 5.6833333333e+01, 2.7466666667e+01, 1.2000000000e+01, 1.2666666667e-01, 8.8262000000e+03
 1500455700, 5.2833333333e+01, 2.6000000000e+01, 1.1133333333e+01, 1.3800000000e-01, 8.8264333333e+03
 1500456000, 5.0000000000e+01, 2.6000000000e+01, 1.0000000000e+01, 1.4433333333e-01, 8.8277000000e+03
 1500456300, 5.0000000000e+01, 2.6000000000e+01, 1.0000000000e+01, 1.3700000000e-01, 8.8271333333e+03
 1500456600, 5.0000000000e+01, 2.6000000000e+01, 1.0000000000e+01, 1.2033333333e-01, 8.8269666667e+03
 1500456900, 5.4166666667e+01, 2.7666666667e+01, 1.0000000000e+01, 1.3400000000e-01, 8.8268333333e+03
 1500457200, 5.1833333333e+01, 2.6733333333e+01, 1.0000000000e+01, 1.3000000000e-01, 8.8267666667e+03
 1500457500, 5.0000000000e+01, 2.6000000000e+01, 1.0000000000e+01, 1.2333333333e-01, 8.8264333333e+03
 1500457800, 5.1166666667e+01, 2.6000000000e+01, 1.0000000000e+01, 1.1200000000e-01, 8.8263666667e+03
 1500458100, 5.4833333333e+01, 2.6000000000e+01, 1.0000000000e+01, 1.1033333333e-01, 8.8268666667e+03
 1500458400, 5.0000000000e+01, 2.6000000000e+01, 1.0000000000e+01, 1.2000000000e-01, 8.8272200000e+03
 1500458700, 5.0000000000e+01, 2.6000000000e+01, 1.0000000000e+01, 1.1166666667e-01, 8.8265333333e+03
 1500459000, 5.0000000000e+01, 2.6000000000e+01, 1.0000000000e+01, 1.0133333333e-01, 8.8268000000e+03
 1500459300, 5.0000000000e+01, 2.6000000000e+01, 1.0000000000e+01, 8.5666666667e-02, 8.8277000000e+03
 1500459600, 9.3166666667e+01, 6.4733333333e+01, 1.4200000000e+01, 1.8650000000e+00, 4.5979766667e+04
 1500459900, 2.3516666667e+02, 1.9213333333e+02, 2.8000000000e+01, 5.7426666667e+00, 5.3411200000e+04
 1500460200, 2.4000000000e+02, 1.9600000000e+02, 2.8000000000e+01, 8.5788666667e+00, 5.3410240000e+04
 1500460500, 2.4416666667e+02, 1.9766666667e+02, 2.8000000000e+01, 1.0635000000e+01, 5.3411000000e+04
 1500460800, 2.4500000000e+02, 1.9800000000e+02, 2.8000000000e+01, 1.2127000000e+01, 5.3411800000e+04
 1500461100, 2.4500000000e+02, 1.9800000000e+02, 2.8000000000e+01, 1.3200666667e+01, 5.3412133333e+04
 1500461400, 2.4500000000e+02, 1.9800000000e+02, 2.8000000000e+01, 1.3997000000e+01, 5.3415533333e+04
 1500461700, 2.4500000000e+02, 1.9800000000e+02, 2.8000000000e+01, 1.4572000000e+01, 5.3421566667e+04
 1500462000, 2.4500000000e+02, 1.9800000000e+02, 2.8000000000e+01, 1.4975333333e+01, 5.3425366667e+04
 1500462300, 2.4500000000e+02, 1.9800000000e+02, 2.8000000000e+01, 1.5284666667e+01, 5.3423766667e+04
 1500462600, 2.4500000000e+02, 1.9800000000e+02, 2.8000000000e+01, 1.5499666667e+01, 5.3423466667e+04
 1500462900, 2.4500000000e+02, 1.9800000000e+02, 2.8000000000e+01, 1.5646000000e+01, 5.3425200000e+04
 1500463200, 2.4500000000e+02, 1.9846666667e+02, 2.8000000000e+01, 1.5757333333e+01, 5.3426133333e+04
 1500463500, 2.4500000000e+02, 2.0000000000e+02, 2.8000000000e+01, 1.5852333333e+01, 5.3451766667e+04
 1500463800, 2.4500000000e+02, 2.0000000000e+02, 2.8000000000e+01, 1.5901666667e+01, 5.3451466667e+04
 1500464100, 2.4500000000e+02, 2.0000000000e+02, 2.8000000000e+01, 1.5947000000e+01, 5.3454600000e+04
 1500464400, 2.4500000000e+02, 2.0000000000e+02, 2.8000000000e+01, 1.5968333333e+01, 5.3456066667e+04
 1500464700, 2.4500000000e+02, 2.0000000000e+02, 2.8000000000e+01, 1.5974333333e+01, 5.3456033333e+04
 1500465000, 2.4500000000e+02, 2.0000000000e+02, 2.8000000000e+01, 1.5997000000e+01, 5.3456333333e+04
 1500465300, 2.4500000000e+02, 1.9993333333e+02, 2.8000000000e+01, 1.6020666667e+01, 5.3461633333e+04
 1500465600, 2.4500000000e+02, 1.9800000000e+02, 2.8000000000e+01, 1.6036666667e+01, 5.3462533333e+04
 1500465900, 2.4500000000e+02, 1.9966666667e+02, 2.8000000000e+01, 1.6050000000e+01, 5.3462733333e+04
 1500466200, 2.4500000000e+02, 2.0000000000e+02, 2.8000000000e+01, 1.6050000000e+01, 5.3465066667e+04
 1500466500, 2.4500000000e+02, 2.0000000000e+02, 2.8000000000e+01, 1.6050000000e+01, 5.3463100000e+04
 1500466800, 2.4500000000e+02, 2.0000000000e+02, 2.8000000000e+01, 1.6052000000e+01, 5.3462000000e+04
 1500467100, 2.4500000000e+02, 2.0000000000e+02, 2.8000000000e+01, 1.6054333333e+01, 5.3465866667e+04
 1500467400, 2.4500000000e+02, 2.0000000000e+02, 2.8000000000e+01, 1.6051666667e+01, 5.3483433333e+04
 1500467700, 2.4500000000e+02, 2.0000000000e+02, 2.8000000000e+01, 1.6050000000e+01, 5.3483633333e+04
 1500468000, 2.4500000000e+02, 2.0000000000e+02, 2.8000000000e+01, 1.6052000000e+01, 5.3484200000e+04
 1500468300, 2.4500000000e+02, 2.0000000000e+02, 2.8000000000e+01, 1.6050000000e+01, 5.3485033333e+04
 1500468600, 2.4500000000e+02, 2.0000000000e+02, 2.8000000000e+01, 1.6052000000e+01, 5.3486566667e+04
 1500468900, 2.4500000000e+02, 2.0000000000e+02, 2.8000000000e+01, 1.6050333333e+01, 5.3489500000e+04
 1500469200, 2.4500000000e+02, 2.0000000000e+02, 2.8000000000e+01, 1.6052000000e+01, 5.3502566667e+04
 1500469500, 2.4500000000e+02, 2.0000000000e+02, 2.8000000000e+01, 1.6051666667e+01, 5.3502333333e+04
 1500469800, 2.4500000000e+02, 2.0000000000e+02, 2.8000000000e+01, 1.6054333333e+01, 5.3502633333e+04
 1500470100, 2.4500000000e+02, 2.0000000000e+02, 2.8000000000e+01, 1.6053666667e+01, 5.3502666667e+04
 1500470400, 2.4500000000e+02, 2.0000000000e+02, 2.8000000000e+01, 1.6050333333e+01, 5.3503966667e+04
 1500470700, 2.4500000000e+02, 2.0000000000e+02, 2.8000000000e+01, 1.6055666667e+01, 5.3511566667e+04
 1500471000, 2.4500000000e+02, 2.0000000000e+02, 2.8000000000e+01, 1.6050000000e+01, 5.3516666667e+04
 1500471300, 2.4500000000e+02, 2.0000000000e+02, 2.8000000000e+01, 1.6052000000e+01, 5.3517833333e+04
 1500471600, 2.4500000000e+02, 2.0000000000e+02, 2.8000000000e+01, 1.6050000000e+01, 5.3516933333e+04
 1500471900, 2.4500000000e+02, 2.0000000000e+02, 2.8000000000e+01, 1.6050000000e+01, 5.3517000000e+04
 1500472200, 2.4500000000e+02, 2.0000000000e+02, 2.8000000000e+01, 1.6050000000e+01, 5.3517633333e+04
 1500472500, 2.4500000000e+02, 2.0000000000e+02, 2.8000000000e+01, 1.6052000000e+01, 5.3520600000e+04
 1500472800, 2.4500000000e+02, 2.0000000000e+02, 2.8000000000e+01, 1.6050000000e+01, 5.3522033333e+04
 1500473100, 2.4500000000e+02, 2.0000000000e+02, 2.8000000000e+01, 1.6050000000e+01, 5.3523666667e+04
 1500473400, 2.4500000000e+02, 2.0000000000e+02, 2.8000000000e+01, 1.6052000000e+01, 5.3524166667e+04
 1500473700, 2.4500000000e+02, 2.0000000000e+02, 2.8000000000e+01, 1.6052000000e+01, 5.3523166667e+04
 1500474000, 2.4500000000e+02, 2.0000000000e+02, 2.8000000000e+01, 1.6054666667e+01, 5.3522233333e+04
 1500474300, 2.4500000000e+02, 2.0000000000e+02, 2.8000000000e+01, 1.6055333333e+01, 5.3524466667e+04
 1500474600, 2.4500000000e+02, 2.0000000000e+02, 2.8000000000e+01, 1.6050000000e+01, 5.3531733333e+04
 1500474900, 2.4500000000e+02, 2.0000000000e+02, 2.8000000000e+01, 1.6054000000e+01, 5.3530966667e+04
 1500475200, 2.4500000000e+02, 2.0000000000e+02, 2.8000000000e+01, 1.6050000000e+01, 5.3531266667e+04
 1500475500, 2.4500000000e+02, 2.0000000000e+02, 2.8000000000e+01, 1.6050000000e+01, 5.3532566667e+04
 1500475800, 2.4500000000e+02, 2.0000000000e+02, 2.8000000000e+01, 1.6066333333e+01, 5.3532400000e+04
 1500476100, 2.4500000000e+02, 2.0000000000e+02, 2.8000000000e+01, 1.6057666667e+01, 5.3530966667e+04
 1500476400, 2.4500000000e+02, 2.0000000000e+02, 2.8000000000e+01, 1.6050000000e+01, 5.3532533333e+04
 1500476700, 2.4500000000e+02, 2.0000000000e+02, 2.8000000000e+01, 1.6054000000e+01, 5.3533766667e+04
 1500477000, 2.4500000000e+02, 2.0000000000e+02, 2.8000000000e+01, 1.6047666667e+01, 5.3534000000e+04
 1500477300, 2.4500000000e+02, 2.0000000000e+02, 2.8000000000e+01, 1.6048333333e+01, 5.3534266667e+04
 1500477600, 2.4500000000e+02, 2.0000000000e+02, 2.8000000000e+01, 1.6050000000e+01, 5.3534860000e+04
 1500477900, 2.4500000000e+02, 2.0000000000e+02, 2.8000000000e+01, 1.6050000000e+01, 5.3537366667e+04
 1500478200, 2.4500000000e+02, 2.0000000000e+02, 2.8000000000e+01, 1.6050000000e+01, 5.3537866667e+04
 1500478500, 2.4500000000e+02, 2.0000000000e+02, 2.8000000000e+01, 1.6050000000e+01, 5.3538200000e+04
 1500478800, 2.4500000000e+02, 2.0000000000e+02, 2.8000000000e+01, 1.6052333333e+01, 5.3538600000e+04
 1500479100, 2.4500000000e+02, 2.0000000000e+02, 2.8000000000e+01, 1.6053666667e+01, 5.3538966667e+04
 1500479400, 2.4500000000e+02, 2.0000000000e+02, 2.8000000000e+01, 1.6218000000e+01, 5.3544533333e+04
 1500479700, 2.4500000000e+02, 2.0000000000e+02, 2.8000000000e+01, 1.6440333333e+01, 5.3542866667e+04
 1500480000, 2.4500000000e+02, 2.0000000000e+02, 2.8000000000e+01, 1.6611000000e+01, 5.3544466667e+04
 1500480300, 2.4500000000e+02, 2.0000000000e+02, 2.8000000000e+01, 1.6737666667e+01, 5.3544600000e+04
 1500480600, 2.4500000000e+02, 2.0000000000e+02, 2.8000000000e+01, 1.6838333333e+01, 5.3545766667e+04
 1500480900, 2.4500000000e+02, 2.0000000000e+02, 2.8000000000e+01, 1.6893666667e+01, 5.3545633333e+04
 1500481200, 2.4500000000e+02, 2.0000000000e+02, 2.8000000000e+01, 1.6939333333e+01, 5.3546633333e+04
 1500481500, 2.4500000000e+02, 2.0000000000e+02, 2.8000000000e+01, 1.6969000000e+01, 5.3544900000e+04
 1500481800, 2.4500000000e+02, 2.0000000000e+02, 2.8000000000e+01, 1.7005000000e+01, 5.3544066667e+04
 1500482100, 2.4500000000e+02, 2.0000000000e+02, 2.8000000000e+01, 1.7043000000e+01, 5.3544400000e+04
 1500482400, 1.8166666667e+02, 1.4046666667e+02, 2.2933333333e+01, 1.7050000000e+01, 5.3546300000e+04
 1500482700, 1.8833333333e+02, 1.4673333333e+02, 2.3466666667e+01, 1.7054333333e+01, 5.3546733333e+04
 1500483000, 2.4500000000e+02, 2.0000000000e+02, 2.8000000000e+01, 1.7051666667e+01, 5.3547033333e+04
 1500483300, 2.4500000000e+02, 2.0000000000e+02, 2.8000000000e+01, 1.7052000000e+01, 5.3548033333e+04
 1500483600, 2.4500000000e+02, 2.0000000000e+02, 2.8000000000e+01, 1.7050000000e+01, 5.3554400000e+04
 1500483900, 2.4500000000e+02, 2.0000000000e+02, 2.8000000000e+01, 1.7050000000e+01, 5.3553966667e+04
 1500484200, 2.4500000000e+02, 2.0000000000e+02, 2.8000000000e+01, 1.7056666667e+01, 5.3555066667e+04
 1500484500, 2.4500000000e+02, 2.0000000000e+02, 2.8000000000e+01, 1.7067333333e+01, 5.3555166667e+04
 1500484800, 2.4500000000e+02, 1.9953333333e+02, 2.8000000000e+01, 1.7050000000e+01, 5.3553633333e+04
 1500485100, 2.4500000000e+02, 1.9800000000e+02, 2.8000000000e+01, 1.7050000000e+01, 5.3555433333e+04
 1500485400, 2.4500000000e+02, 1.9800000000e+02, 2.8000000000e+01, 1.7056000000e+01, 5.3555800000e+04
 1500485700, 2.4500000000e+02, 1.9800000000e+02, 2.8000000000e+01, 1.7052333333e+01, 5.3555333333e+04
 1500486000, 2.4500000000e+02, 1.9800000000e+02, 2.8000000000e+01, 1.7051666667e+01, 5.3554366667e+04
 1500486300, 2.4500000000e+02, 1.9886666667e+02, 2.8000000000e+01, 1.7050000000e+01, 5.3554000000e+04
 1500486600, 2.4500000000e+02, 2.0000000000e+02, 2.8000000000e+01, 1.7056666667e+01, 5.3555266667e+04
 1500486900, 2.4466666667e+02, 1.9973333333e+02, 2.7933333333e+01, 1.7084333333e+01, 5.3556700000e+04
 1500487200, 2.3500000000e+02, 1.9200000000e+02, 2.6000000000e+01, 1.7080000000e+01, 5.3557766667e+04
 1500487500, 2.4333333333e+02, 1.9700000000e+02, 2.7666666667e+01, 1.7073666667e+01, 5.3555533333e+04
 1500487800, 2.4500000000e+02, 1.9926666667e+02, 2.8000000000e+01, 1.7061666667e+01, 5.3555833333e+04
 1500488100, 2.4500000000e+02, 2.0000000000e+02, 2.8000000000e+01, 1.7058333333e+01, 5.3556866667e+04
 1500488400, 2.4500000000e+02, 2.0000000000e+02, 2.8000000000e+01, 1.7085000000e+01, 5.3555766667e+04
 1500488700, 2.4500000000e+02, 2.0000000000e+02, 2.8000000000e+01, 1.7102000000e+01, 5.3557000000e+04
 1500489000, 2.4500000000e+02, 2.0000000000e+02, 2.8000000000e+01, 1.7056000000e+01, 5.3551066667e+04
 1500489300, 2.4500000000e+02, 2.0000000000e+02, 2.8000000000e+01, 1.6808000000e+01, 5.3548100000e+04
 1500489600, 2.4500000000e+02, 2.0000000000e+02, 2.8000000000e+01, 1.6592000000e+01, 5.3547833333e+04
 1500489900, 2.4500000000e+02, 1.9913333333e+02, 2.8000000000e+01, 1.6446000000e+01, 5.3548133333e+04
 1500490200, 2.4500000000e+02, 1.9846666667e+02, 2.8000000000e+01, 1.6339333333e+01, 5.3549266667e+04
 1500490500, 2.4500000000e+02, 2.0000000000e+02, 2.8000000000e+01, 1.6263333333e+01, 5.3548700000e+04
 1500490800, 2.4500000000e+02, 2.0000000000e+02, 2.8000000000e+01, 1.6209000000e+01, 5.3547533333e+04
 1500491100, 2.4500000000e+02, 2.0000000000e+02, 2.8000000000e+01, 1.6168333333e+01, 5.3547433333e+04
 1500491400, 2.4500000000e+02, 1.9873333333e+02, 2.8000000000e+01, 1.6133333333e+01, 5.3548833333e+04
 1500491700, 2.4500000000e+02, 1.9886666667e+02, 2.8000000000e+01, 1.6109333333e+01, 5.3548033333e+04
 1500492000, 2.4500000000e+02, 2.0000000000e+02, 2.8000000000e+01, 1.6085333333e+01, 5.3548733333e+04
 1500492300, 2.4500000000e+02, 2.0000000000e+02, 2.8000000000e+01, 1.6077666667e+01, 5.3548666667e+04
 1500492600, 2.4500000000e+02, 2.0000000000e+02, 2.8000000000e+01, 1.6063333333e+01, 5.3549666667e+04
 1500492900, 2.4500000000e+02, 2.0000000000e+02, 2.8000000000e+01, 1.6060000000e+01, 5.3550400000e+04
 1500493200, 2.4500000000e+02, 2.0000000000e+02, 2.8000000000e+01, 1.6050000000e+01, 5.3551133333e+04
 1500493500, 2.4500000000e+02, 2.0000000000e+02, 2.8000000000e+01, 1.6052000000e+01, 5.3551166667e+04
 1500493800, 2.4500000000e+02, 2.0000000000e+02, 2.8000000000e+01, 1.6054000000e+01, 5.3550033333e+04
 1500494100, 2.4500000000e+02, 1.9993333333e+02, 2.8000000000e+01, 1.6050000000e+01, 5.3549833333e+04
 1500494400, 2.4500000000e+02, 1.9800000000e+02, 2.8000000000e+01, 1.6048000000e+01, 5.3551033333e+04
 1500494700, 2.4500000000e+02, 1.9800000000e+02, 2.8000000000e+01, 1.6054000000e+01, 5.3551433333e+04
 1500495000, 2.4500000000e+02, 1.9800000000e+02, 2.8000000000e+01, 1.6050000000e+01, 5.3552400000e+04
 1500495300, 2.4500000000e+02, 1.9800000000e+02, 2.8000000000e+01, 1.6050000000e+01, 5.3551766667e+04
 1500495600, 2.4500000000e+02, 1.9800000000e+02, 2.8466666667e+01, 1.6062333333e+01, 5.3552166667e+04
 1500495900, 2.4500000000e+02, 1.9800000000e+02, 3.0000000000e+01, 1.6055666667e+01, 5.3550400000e+04
 1500496200, 2.4500000000e+02, 1.9800000000e+02, 3.0000000000e+01, 1.6046000000e+01, 5.3550966667e+04
 1500496500, 2.4500000000e+02, 1.9800000000e+02, 2.8333333333e+01, 1.6050000000e+01, 5.3550366667e+04
 1500496800, 2.4500000000e+02, 1.9800000000e+02, 2.8000000000e+01, 1.6050000000e+01, 5.3549633333e+04
 1500497100, 2.4500000000e+02, 1.9800000000e+02, 2.8866666667e+01, 1.6052000000e+01, 5.3549000000e+04
 1500497400, 2.4500000000e+02, 1.9800000000e+02, 3.0000000000e+01, 1.6052000000e+01, 5.3549833333e+04
 1500497700, 2.4500000000e+02, 1.9800000000e+02, 2.9933333333e+01, 1.6050000000e+01, 5.3550166667e+04
 1500498000, 2.4500000000e+02, 1.9800000000e+02, 2.8000000000e+01, 1.6054333333e+01, 5.3551133333e+04
 1500498300, 2.4500000000e+02, 1.9800000000e+02, 2.8000000000e+01, 1.6053333333e+01, 5.3552966667e+04
 1500498600, 2.4500000000e+02, 1.9800000000e+02, 2.8000000000e+01, 1.6048333333e+01, 5.3551400000e+04
 1500498900, 2.4500000000e+02, 1.9800000000e+02, 2.8000000000e+01, 1.6052333333e+01, 5.3552200000e+04
 1500499200, 2.4500000000e+02, 1.9800000000e+02, 2.8000000000e+01, 1.6057666667e+01, 5.3552766667e+04
 1500499500, 2.4500000000e+02, 1.9800000000e+02, 2.7933333333e+01, 1.6050000000e+01, 5.3551600000e+04
 1500499800, 2.4500000000e+02, 1.9800000000e+02, 2.6000000000e+01, 1.6050000000e+01, 5.3557066667e+04
 1500500100, 2.4500000000e+02, 1.9800000000e+02, 2.7666666667e+01, 1.6050333333e+01, 5.3559733333e+04
 1500500400, 2.4500000000e+02, 1.9800000000e+02, 2.8000000000e+01, 1.6052333333e+01, 5.3559700000e+04
 1500500700, 2.4500000000e+02, 1.9800000000e+02, 2.8000000000e+01, 1.6055333333e+01, 5.3560400000e+04
 1500501000, 2.4500000000e+02, 1.9800000000e+02, 2.8000000000e+01, 1.6052000000e+01, 5.3559400000e+04
 1500501300, 2.4500000000e+02, 1.9800000000e+02, 2.8000000000e+01, 1.6050000000e+01, 5.3564600000e+04
 1500501600, 2.4500000000e+02, 1.9800000000e+02, 2.8000000000e+01, 1.6052000000e+01, 5.3565400000e+04
 1500501900, 2.4500000000e+02, 1.9800000000e+02, 2.8000000000e+01, 1.6050000000e+01, 5.3566033333e+04
 1500502200, 2.4500000000e+02, 1.9800000000e+02, 2.8000000000e+01, 1.6050000000e+01, 5.3567433333e+04
 1500502500, 2.4500000000e+02, 1.9800000000e+02, 2.8000000000e+01, 1.6049666667e+01, 5.3568533333e+04
 1500502800, 2.4500000000e+02, 1.9800000000e+02, 2.8000000000e+01, 1.6046333333e+01, 5.3565233333e+04
 1500503100, 2.4500000000e+02, 1.9800000000e+02, 2.8000000000e+01, 1.6052000000e+01, 5.3566833333e+04
 1500503400, 2.4500000000e+02, 1.9800000000e+02, 2.8000000000e+01, 1.6050000000e+01, 5.3566333333e+04
 1500503700, 2.4500000000e+02, 1.9800000000e+02, 2.8000000000e+01, 1.6056000000e+01, 5.3565633333e+04
 1500504000, 2.4500000000e+02, 1.9926666667e+02, 2.8000000000e+01, 1.6050000000e+01, 5.3572566667e+04
 1500504300, 2.4500000000e+02, 1.9913333333e+02, 2.8000000000e+01, 1.6050000000e+01, 5.3576800000e+04
 1500504600, 2.4500000000e+02, 1.9800000000e+02, 2.8000000000e+01, 1.6050000000e+01, 5.3575466667e+04
 1500504900, 2.4500000000e+02, 1.9800000000e+02, 2.8000000000e+01, 1.6050000000e+01, 5.3575933333e+04
 1500505200, 2.4500000000e+02, 1.9800000000e+02, 2.8000000000e+01, 1.6050333333e+01, 5.3575366667e+04
 1500505500, 2.4500000000e+02, 1.9800000000e+02, 2.8000000000e+01, 1.6054000000e+01, 5.3577033333e+04
 1500505800, 2.4500000000e+02, 1.9800000000e+02, 2.8000000000e+01, 1.6053666667e+01, 5.3577733333e+04
 1500506100, 2.4500000000e+02, 1.9800000000e+02, 2.8000000000e+01, 1.6052000000e+01, 5.3575000000e+04
 1500506400, 2.4500000000e+02, 1.9800000000e+02, 2.8000000000e+01, 1.6050000000e+01, 5.3577500000e+04
 1500506700, 2.4500000000e+02, 1.9800000000e+02, 2.8000000000e+01, 1.6056666667e+01, 5.3579166667e+04
 1500507000, 2.4500000000e+02, 1.9800000000e+02, 2.8000000000e+01, 1.6063666667e+01, 5.3577833333e+04
 1500507300, 2.4500000000e+02, 1.9800000000e+02, 2.8000000000e+01, 1.6083000000e+01, 5.3579200000e+04
 1500507600, 2.4500000000e+02, 1.9800000000e+02, 2.8000000000e+01, 1.6087666667e+01, 5.3578800000e+04
 1500507900, 2.4500000000e+02, 1.9800000000e+02, 2.8000000000e+01, 1.6071333333e+01, 5.3579800000e+04
 1500508200, 2.4500000000e+02, 1.9800000000e+02, 2.8000000000e+01, 1.6053666667e+01, 5.3580400000e+04
 1500508500, 2.4500000000e+02, 1.9800000000e+02, 2.8000000000e+01, 1.6050000000e+01, 5.3579400000e+04
 1500508800, 2.4500000000e+02, 1.9800000000e+02, 2.8000000000e+01, 1.6050000000e+01, 5.3582166667e+04
 1500509100, 2.4500000000e+02, 1.9800000000e+02, 2.8000000000e+01, 1.6052000000e+01, 5.3579466667e+04
 1500509400, 2.4500000000e+02, 1.9800000000e+02, 2.8000000000e+01, 1.6050000000e+01, 5.3583130000e+04
 1500509700, 2.4500000000e+02, 1.9800000000e+02, 2.8000000000e+01, 1.6050000000e+01, 5.3582966667e+04
 1500510000, 2.4500000000e+02, 1.9800000000e+02, 2.8000000000e+01, 1.6050000000e+01, 5.3583400000e+04
 1500510300, 2.4500000000e+02, 1.9800000000e+02, 2.8000000000e+01, 1.6050000000e+01, 5.3584366667e+04
 1500510600, 2.4500000000e+02, 1.9800000000e+02, 2.8000000000e+01, 1.6050000000e+01, 5.3589133333e+04
 1500510900, 2.4500000000e+02, 1.9800000000e+02, 2.8000000000e+01, 1.6050000000e+01, 5.3592566667e+04
 1500511200, 2.4500000000e+02, 1.9800000000e+02, 2.8000000000e+01, 1.6050000000e+01, 5.3593000000e+04
 1500511500, 2.4500000000e+02, 1.9800000000e+02, 2.8000000000e+01, 1.6050333333e+01, 5.3592380000e+04
 1500511800, 2.4500000000e+02, 1.9800000000e+02, 2.8000000000e+01, 1.6053666667e+01, 5.3600133333e+04
 1500512100, 2.4500000000e+02, 1.9800000000e+02, 2.8000000000e+01, 1.6050000000e+01, 5.3600166667e+04
 1500512400, 2.4500000000e+02, 1.9800000000e+02, 2.8000000000e+01, 1.6050000000e+01, 5.3599566667e+04
 1500512700, 2.4500000000e+02, 1.9800000000e+02, 2.8000000000e+01, 1.6052000000e+01, 5.3600833333e+04
 1500513000, 2.4500000000e+02, 1.9800000000e+02, 2.8000000000e+01, 1.6050000000e+01, 5.3600200000e+04
 1500513300, 2.4500000000e+02, 1.9800000000e+02, 2.8000000000e+01, 1.6050000000e+01, 5.3602466667e+04
 1500513600, 2.4500000000e+02, 1.9800000000e+02, 2.8000000000e+01, 1.6052333333e+01, 5.3601566667e+04
 1500513900, 2.4483333333e+02, 1.9800000000e+02, 2.8000000000e+01, 1.6051666667e+01, 5.3601600000e+04
 1500514200, 2.4000000000e+02, 1.9800000000e+02, 2.8000000000e+01, 1.6050000000e+01, 5.3601233333e+04
 1500514500, 2.4416666667e+02, 1.9800000000e+02, 2.9666666667e+01, 1.6054000000e+01, 5.3605700000e+04
 1500514800, 2.4500000000e+02, 1.9800000000e+02, 2.8733333333e+01, 1.6050000000e+01, 5.3605033333e+04
 1500515100, 2.4500000000e+02, 1.9800000000e+02, 2.8000000000e+01, 1.6042000000e+01, 5.3606333333e+04
 1500515400, 2.4500000000e+02, 1.9800000000e+02, 2.8000000000e+01, 1.6052000000e+01, 5.3604433333e+04
 1500515700, 2.4500000000e+02, 1.9800000000e+02, 2.8000000000e+01, 1.6050333333e+01, 5.3606300000e+04
 1500516000, 2.4500000000e+02, 1.9800000000e+02, 2.8000000000e+01, 1.6052000000e+01, 5.3605933333e+04
 1500516300, 2.4500000000e+02, 1.9800000000e+02, 2.8000000000e+01, 1.6051666667e+01, 5.3606866667e+04
 1500516600, 2.4500000000e+02, 1.9800000000e+02, 2.9266666667e+01, 1.6050333333e+01, 5.3607500000e+04
 1500516900, 2.4500000000e+02, 1.9800000000e+02, 2.9133333333e+01, 1.6054000000e+01, 5.3606466667e+04
 1500517200, 2.4500000000e+02, 1.9800000000e+02, 2.8000000000e+01, 1.6053666667e+01, 5.3607966667e+04
 1500517500, 2.4500000000e+02, 1.9800000000e+02, 2.8066666667e+01, 1.6050000000e+01, 5.3608233333e+04
 1500517800, 2.4500000000e+02, 1.9800000000e+02, 3.0000000000e+01, 1.6054000000e+01, 5.3606200000e+04
 1500518100, 2.4500000000e+02, 1.9800000000e+02, 2.8333333333e+01, 1.6050000000e+01, 5.3607633333e+04
 1500518400, 2.4183333333e+02, 1.9673333333e+02, 2.8000000000e+01, 1.6050000000e+01, 5.3607366667e+04
 1500518700, 2.4216666667e+02, 1.9686666667e+02, 2.8000000000e+01, 1.6050000000e+01, 5.3606066667e+04
 1500519000, 2.4500000000e+02, 1.9800000000e+02, 2.8000000000e+01, 1.6050000000e+01, 5.3607000000e+04
 1500519300, 2.4500000000e+02, 1.9800000000e+02, 2.8066666667e+01, 1.6060666667e+01, 5.3608000000e+04
 1500519600, 2.4500000000e+02, 1.9800000000e+02, 3.0000000000e+01, 1.6065666667e+01, 5.3606800000e+04
 1500519900, 2.4500000000e+02, 1.9800000000e+02, 3.0000000000e+01, 1.6053666667e+01, 5.3606633333e+04
 1500520200, 2.4500000000e+02, 1.9800000000e+02, 2.8733333333e+01, 1.6050000000e+01, 5.3608133333e+04
 1500520500, 2.4500000000e+02, 1.9800000000e+02, 2.8000000000e+01, 1.6050000000e+01, 5.3610000000e+04
 1500520800, 2.4500000000e+02, 1.9800000000e+02, 2.8000000000e+01, 1.6052000000e+01, 5.3608633333e+04
 1500521100, 2.4500000000e+02, 1.9800000000e+02, 2.8000000000e+01, 1.6050000000e+01, 5.3608433333e+04
 1500521400, 2.4500000000e+02, 1.9800000000e+02, 2.8000000000e+01, 1.6050000000e+01, 5.3610966667e+04
 1500521700, 2.4500000000e+02, 1.9800000000e+02, 2.8000000000e+01, 1.6050000000e+01, 5.3609433333e+04
 1500522000, 2.4500000000e+02, 1.9800000000e+02, 2.8000000000e+01, 1.6050000000e+01, 5.3610000000e+04
 1500522300, 2.4500000000e+02, 1.9800000000e+02, 2.8000000000e+01, 1.6050000000e+01, 5.3609966667e+04
 1500522600, 2.4500000000e+02, 1.9800000000e+02, 2.8000000000e+01, 1.6050000000e+01, 5.3609500000e+04
 1500522900, 2.4500000000e+02, 1.9800000000e+02, 2.8000000000e+01, 1.6050000000e+01, 5.3615400000e+04
 1500523200, 2.4500000000e+02, 1.9800000000e+02, 2.8000000000e+01, 1.6050333333e+01, 5.3618366667e+04
 1500523500, 2.4500000000e+02, 1.9800000000e+02, 2.8000000000e+01, 1.6053666667e+01, 5.3618033333e+04
 1500523800, 2.4500000000e+02, 1.9800000000e+02, 2.8000000000e+01, 1.6050000000e+01, 5.3618766667e+04
 1500524100, 2.4500000000e+02, 1.9800000000e+02, 2.8000000000e+01, 1.6054000000e+01, 5.3617200000e+04
 1500524400, 2.4500000000e+02, 1.9800000000e+02, 2.8000000000e+01, 1.6050000000e+01, 5.3618433333e+04
 1500524700, 2.4500000000e+02, 1.9800000000e+02, 2.8000000000e+01, 1.6050000000e+01, 5.3617966667e+04
 1500525000, 2.4500000000e+02, 1.9800000000e+02, 2.8000000000e+01, 1.6050000000e+01, 5.3619100000e+04
 1500525300, 2.4500000000e+02, 1.9800000000e+02, 2.8000000000e+01, 1.6050000000e+01, 5.3619566667e+04
 1500525600, 2.4500000000e+02, 1.9800000000e+02, 2.8000000000e+01, 1.6050000000e+01, 5.3620633333e+04
 1500525900, 2.4500000000e+02, 1.9800000000e+02, 2.8000000000e+01, 1.6069000000e+01, 5.3620233333e+04
 1500526200, 2.4500000000e+02, 1.9800000000e+02, 2.8000000000e+01, 1.6088333333e+01, 5.3621833333e+04
 1500526500, 2.4500000000e+02, 1.9800000000e+02, 2.8000000000e+01, 1.6079366667e+01, 5.3621766667e+04
 1500526800, 2.4500000000e+02, 1.9800000000e+02, 2.8000000000e+01, 1.6059333333e+01, 5.3620766667e+04
 1500527100, 2.4500000000e+02, 1.9800000000e+02, 2.8000000000e+01, 1.6050000000e+01, 5.3620233333e+04
 1500527400, 2.4500000000e+02, 1.9800000000e+02, 2.9266666667e+01, 1.6054333333e+01, 5.3621366667e+04
 1500527700, 2.4500000000e+02, 1.9800000000e+02, 2.9133333333e+01, 1.6053666667e+01, 5.3621633333e+04
 1500528000, 2.4500000000e+02, 1.9800000000e+02, 2.8000000000e+01, 1.6050000000e+01, 5.3621833333e+04
 1500528300, 2.4500000000e+02, 1.9800000000e+02, 2.8000000000e+01, 1.6054000000e+01, 5.3621166667e+04
 1500528600, 2.4500000000e+02, 1.9800000000e+02, 2.8000000000e+01, 1.6050000000e+01, 5.3626866667e+04
 1500528900, 2.4500000000e+02, 1.9800000000e+02, 2.8000000000e+01, 1.6050000000e+01, 5.3622733333e+04
 1500529200, 2.4500000000e+02, 1.9800000000e+02, 2.8000000000e+01, 1.6050000000e+01, 5.3622433333e+04
 1500529500, 2.4500000000e+02, 1.9800000000e+02, 2.8866666667e+01, 1.6050000000e+01, 5.3623000000e+04
 1500529800, 2.4500000000e+02, 1.9800000000e+02, 2.9533333333e+01, 1.6048000000e+01, 5.3625033333e+04
 1500530100, 2.4500000000e+02, 1.9800000000e+02, 2.8000000000e+01, 1.6052333333e+01, 5.3622366667e+04
 1500530400, 2.4500000000e+02, 1.9800000000e+02, 2.8000000000e+01, 1.6053666667e+01, 5.3624066667e+04
 1500530700, 2.4500000000e+02, 1.9800000000e+02, 2.8000000000e+01, 1.6050000000e+01, 5.3626433333e+04
 1500531000, 2.4500000000e+02, 1.9800000000e+02, 2.8000000000e+01, 1.6050000000e+01, 5.3624800000e+04
 1500531300, 2.4500000000e+02, 1.9800000000e+02, 2.8000000000e+01, 1.6050000000e+01, 5.3624366667e+04
 1500531600, 2.4500000000e+02, 1.9800000000e+02, 2.8000000000e+01, 1.6050000000e+01, 5.3626266667e+04
 1500531900, 2.4500000000e+02, 1.9800000000e+02, 2.8000000000e+01, 1.6050000000e+01, 5.3626033333e+04
 1500532200, 2.4500000000e+02, 1.9800000000e+02, 2.8000000000e+01, 1.6058333333e+01, 5.3628700000e+04
 1500532500, 2.4500000000e+02, 1.9800000000e+02, 2.8000000000e+01, 1.6055666667e+01, 5.3630166667e+04
 1500532800, 2.4500000000e+02, 1.9800000000e+02, 2.8000000000e+01, 1.6050000000e+01, 5.3627933333e+04
 1500533100, 2.4500000000e+02, 1.9800000000e+02, 2.8866666667e+01, 1.6050000000e+01, 5.3625833333e+04
 1500533400, 2.4500000000e+02, 1.9800000000e+02, 3.0000000000e+01, 1.6048000000e+01, 5.3627333333e+04
 1500533700, 2.4500000000e+02, 1.9800000000e+02, 2.9933333333e+01, 1.6050000000e+01, 5.3628266667e+04
 1500534000, 2.4500000000e+02, 1.9800000000e+02, 2.8000000000e+01, 1.6048000000e+01, 5.3626633333e+04
 1500534300, 2.4500000000e+02, 1.9800000000e+02, 2.8000000000e+01, 1.6050000000e+01, 5.3628433333e+04
 1500534600, 2.4500000000e+02, 1.9800000000e+02, 2.6733333333e+01, 1.6050000000e+01, 5.3628196667e+04
 1500534900, 2.4500000000e+02, 1.9800000000e+02, 2.6866666667e+01, 1.6050000000e+01, 5.3627366667e+04
 1500535200, 2.4500000000e+02, 1.9800000000e+02, 2.8000000000e+01, 1.6050000000e+01, 5.3628166667e+04
 1500535500, 2.4500000000e+02, 1.9800000000e+02, 2.8066666667e+01, 1.6050333333e+01, 5.3631600000e+04
 1500535800, 2.4500000000e+02, 1.9800000000e+02, 3.0000000000e+01, 1.6051666667e+01, 5.3629600000e+04
 1500536100, 2.4500000000e+02, 1.9800000000e+02, 3.0000000000e+01, 1.6050000000e+01, 5.3630000000e+04
 1500536400, 2.4500000000e+02, 1.9800000000e+02, 3.0000000000e+01, 1.6058000000e+01, 5.3630066667e+04
 1500536700, 2.4500000000e+02, 1.9800000000e+02, 3.0000000000e+01, 1.6056000000e+01, 5.3630600000e+04
 1500537000, 2.4500000000e+02, 1.9800000000e+02, 3.0000000000e+01, 1.6050000000e+01, 5.3628966667e+04
 1500537300, 2.4500000000e+02, 1.9800000000e+02, 3.0000000000e+01, 1.6043666667e+01, 5.3628000000e+04
 1500537600, 2.4500000000e+02, 1.9800000000e+02, 3.0000000000e+01, 1.6046333333e+01, 5.3629400000e+04
 1500537900, 2.4500000000e+02, 1.9800000000e+02, 3.0000000000e+01, 1.6050000000e+01, 5.3629566667e+04
 1500538200, 2.4500000000e+02, 1.9800000000e+02, 3.0000000000e+01, 1.6066666667e+01, 5.3630233333e+04
 1500538500, 2.4500000000e+02, 1.9800000000e+02, 2.9133333333e+01, 1.6065666667e+01, 5.3630266667e+04
 1500538800, 2.4500000000e+02, 1.9800000000e+02, 2.8466666667e+01, 1.6053666667e+01, 5.3631966667e+04
 1500539100, 2.4500000000e+02, 1.9800000000e+02, 2.9933333333e+01, 1.6050000000e+01, 5.3631166667e+04
 1500539400, 2.4500000000e+02, 1.9800000000e+02, 2.8000000000e+01, 1.6050000000e+01, 5.3630033333e+04
 1500539700, 2.4500000000e+02, 1.9800000000e+02, 2.8000000000e+01, 1.6050000000e+01, 5.3630400000e+04
 1500540000, 2.4500000000e+02, 1.9800000000e+02, 2.8000000000e+01, 1.6056000000e+01, 5.3629366667e+04
 1500540300, 2.4500000000e+02, 1.9800000000e+02, 2.8000000000e+01, 1.6050000000e+01, 5.3631033333e+04
 1500540600, 2.4500000000e+02, 1.9800000000e+02, 2.8466666667e+01, 1.6052000000e+01, 5.3630200000e+04
 1500540900, 2.4500000000e+02, 1.9800000000e+02, 2.9933333333e+01, 1.6056333333e+01, 5.3630200000e+04
 1500541200, 2.4500000000e+02, 1.9800000000e+02, 2.8000000000e+01, 1.6053666667e+01, 5.3632000000e+04
 1500541500, 2.4500000000e+02, 1.9800000000e+02, 2.8000000000e+01, 1.6050000000e+01, 5.3630833333e+04
 1500541800, 2.4500000000e+02, 1.9800000000e+02, 2.8000000000e+01, 1.6050000000e+01, 5.3631333333e+04
 1500542100, 2.4500000000e+02, 1.9800000000e+02, 2.8000000000e+01, 1.6052000000e+01, 5.3629566667e+04
 1500542400, 2.4500000000e+02, 1.9800000000e+02, 2.8000000000e+01, 1.6050000000e+01, 5.3633866667e+04
 1500542700, 2.4500000000e+02, 1.9800000000e+02, 2.8000000000e+01, 1.6050000000e+01, 5.3635600000e+04
 1500543000, 2.4500000000e+02, 1.9800000000e+02, 2.8000000000e+01, 1.6058333333e+01, 5.3636833333e+04
 1500543300, 2.4500000000e+02, 1.9800000000e+02, 2.9666666667e+01, 1.6051666667e+01, 5.3637366667e+04
 1500543600, 2.4500000000e+02, 1.9800000000e+02, 2.8733333333e+01, 1.6054033333e+01, 5.3637233333e+04
 1500543900, 2.4500000000e+02, 1.9800000000e+02, 2.8000000000e+01, 1.6050000000e+01, 5.3637166667e+04
 1500544200, 2.4500000000e+02, 1.9800000000e+02, 2.8466666667e+01, 1.6050000000e+01, 5.3637830000e+04
 1500544500, 2.4500000000e+02, 1.9806666667e+02, 3.0000000000e+01, 1.6058333333e+01, 5.3638633333e+04
 1500544800, 2.4500000000e+02, 2.0000000000e+02, 3.0000000000e+01, 1.6064333333e+01, 5.3638800000e+04
 1500545100, 2.4500000000e+02, 2.0000000000e+02, 2.8333333333e+01, 1.6082333333e+01, 5.3640033333e+04
 1500545400, 2.4500000000e+02, 2.0000000000e+02, 2.8000000000e+01, 1.6075333333e+01, 5.3639133333e+04
 1500545700, 2.4500000000e+02, 2.0000000000e+02, 2.8000000000e+01, 1.6053666667e+01, 5.3638300000e+04
 1500546000, 2.4500000000e+02, 2.0000000000e+02, 2.8466666667e+01, 1.6052333333e+01, 5.3638966667e+04
 1500546300, 2.4500000000e+02, 2.0000000000e+02, 3.0000000000e+01, 1.6051666667e+01, 5.3639633333e+04
 1500546600, 2.4500000000e+02, 2.0000000000e+02, 3.0000000000e+01, 1.6050000000e+01, 5.3640600000e+04
 1500546900, 2.4500000000e+02, 1.9833333333e+02, 3.0000000000e+01, 1.6050000000e+01, 5.3640166667e+04
 1500547200, 2.4500000000e+02, 1.9800000000e+02, 3.0000000000e+01, 1.6050000000e+01, 5.3640300000e+04
 1500547500, 2.4500000000e+02, 1.9886666667e+02, 2.9133333333e+01, 1.6052000000e+01, 5.3641566667e+04
 1500547800, 2.4500000000e+02, 1.9953333333e+02, 2.8466666667e+01, 1.6050000000e+01, 5.3641133333e+04
 1500548100, 2.4500000000e+02, 1.9806666667e+02, 3.0000000000e+01, 1.6050000000e+01, 5.3639633333e+04
 1500548400, 2.4500000000e+02, 2.0000000000e+02, 3.0000000000e+01, 1.6050000000e+01, 5.3638833333e+04
 1500548700, 2.4500000000e+02, 2.0000000000e+02, 2.8333333333e+01, 1.6050000000e+01, 5.3641466667e+04
 1500549000, 2.4500000000e+02, 1.9873333333e+02, 2.9266666667e+01, 1.6050333333e+01, 5.3647100000e+04
 1500549300, 2.4500000000e+02, 1.9800000000e+02, 2.9133333333e+01, 1.6051666667e+01, 5.3646500000e+04
 1500549600, 2.4500000000e+02, 1.9800000000e+02, 2.8000000000e+01, 1.6050000000e+01, 5.3648633333e+04
 1500549900, 2.4500000000e+02, 1.9806666667e+02, 2.8000000000e+01, 1.6050000000e+01, 5.3648000000e+04
 1500550200, 2.4500000000e+02, 2.0000000000e+02, 2.8000000000e+01, 1.6050000000e+01, 5.3648266667e+04
 1500550500, 2.4500000000e+02, 1.9833333333e+02, 2.8000000000e+01, 1.6059333333e+01, 5.3648033333e+04
 1500550800, 2.4500000000e+02, 1.9800000000e+02, 2.8000000000e+01, 1.6090000000e+01, 5.3648800000e+04
 1500551100, 2.4500000000e+02, 1.9800000000e+02, 2.8000000000e+01, 1.6088000000e+01, 5.3650266667e+04
 1500551400, 2.4500000000e+02, 1.9800000000e+02, 2.8000000000e+01, 1.6087333333e+01, 5.3647500000e+04
 1500551700, 2.4500000000e+02, 1.9800000000e+02, 2.8000000000e+01, 1.6066000000e+01, 5.3647066667e+04
 1500552000, 2.4500000000e+02, 1.9800000000e+02, 2.8000000000e+01, 1.6068000000e+01, 5.3647166667e+04
 1500552300, 2.4500000000e+02, 1.9800000000e+02, 2.9666666667e+01, 1.6063333333e+01, 5.3647000000e+04
 1500552600, 2.4500000000e+02, 1.9800000000e+02, 3.0000000000e+01, 1.6050000000e+01, 5.3647833333e+04
 1500552900, 2.4500000000e+02, 1.9800000000e+02, 3.0000000000e+01, 1.6050000000e+01, 5.3649033333e+04
 1500553200, 2.4500000000e+02, 1.9800000000e+02, 3.0000000000e+01, 1.6044000000e+01, 5.3649800000e+04
 1500553500, 2.4500000000e+02, 1.9800000000e+02, 3.0000000000e+01, 1.6050666667e+01, 5.3650666667e+04
 1500553800, 2.4500000000e+02, 1.9800000000e+02, 3.0000000000e+01, 1.6059333333e+01, 5.3650633333e+04
 1500554100, 2.4500000000e+02, 1.9800000000e+02, 3.0000000000e+01, 1.6050000000e+01, 5.3651300000e+04
 1500554400, 2.4500000000e+02, 1.9800000000e+02, 3.0000000000e+01, 1.6052000000e+01, 5.3651233333e+04
 1500554700, 2.4500000000e+02, 1.9800000000e+02, 2.9133333333e+01, 1.6050000000e+01, 5.3650566667e+04
 1500555000, 2.4500000000e+02, 1.9800000000e+02, 2.8000000000e+01, 1.6048000000e+01, 5.3649866667e+04
 1500555300, 2.4500000000e+02, 1.9800000000e+02, 2.7933333333e+01, 1.6050000000e+01, 5.3651233333e+04
 1500555600, 2.4500000000e+02, 1.9800000000e+02, 2.6000000000e+01, 1.6050000000e+01, 5.3652000000e+04
 1500555900, 2.4500000000e+02, 1.9966666667e+02, 2.7666666667e+01, 1.6052000000e+01, 5.3653433333e+04
 1500556200, 2.4500000000e+02, 1.9873333333e+02, 2.8000000000e+01, 1.6058333333e+01, 5.3652833333e+04
 1500556500, 2.4500000000e+02, 1.9800000000e+02, 2.8000000000e+01, 1.6053666667e+01, 5.3652566667e+04
 1500556800, 2.4500000000e+02, 1.9800000000e+02, 2.8000000000e+01, 1.6050000000e+01, 5.3653133333e+04
 1500557100, 2.4500000000e+02, 1.9800000000e+02, 2.8000000000e+01, 1.6050666667e+01, 5.3653200000e+04
 1500557400, 2.4500000000e+02, 1.9800000000e+02, 2.8000000000e+01, 1.6070000000e+01, 5.3653066667e+04
 1500557700, 2.4500000000e+02, 1.9800000000e+02, 2.8000000000e+01, 1.6059333333e+01, 5.3652766667e+04
 1500558000, 2.4500000000e+02, 1.9800000000e+02, 2.8000000000e+01, 1.6050000000e+01, 5.3651833333e+04
 1500558300, 2.4500000000e+02, 1.9800000000e+02, 2.8000000000e+01, 1.6050000000e+01, 5.3655266667e+04
 1500558600, 2.4500000000e+02, 1.9800000000e+02, 2.8000000000e+01, 1.6054000000e+01, 5.3656400000e+04
 1500558900, 2.4500000000e+02, 1.9800000000e+02, 2.8000000000e+01, 1.6050000000e+01, 5.3656200000e+04
 1500559200, 2.4500000000e+02, 1.9800000000e+02, 2.8000000000e+01, 1.6050000000e+01, 5.3655800000e+04
 1500559500, 2.4500000000e+02, 1.9800000000e+02, 2.9666666667e+01, 1.6050000000e+01, 5.3655600000e+04
 1500559800, 2.4500000000e+02, 1.9800000000e+02, 3.0000000000e+01, 1.6050000000e+01, 5.3656033333e+04
 1500560100, 2.4500000000e+02, 1.9800000000e+02, 2.9133333333e+01, 1.6058666667e+01, 5.3656766667e+04
 1500560400, 2.4500000000e+02, 1.9800000000e+02, 2.8466666667e+01, 1.6055666667e+01, 5.3655133333e+04
 1500560700, 2.4500000000e+02, 1.9793333333e+02, 2.9933333333e+01, 1.6051666667e+01, 5.3656733333e+04
 1500561000, 2.4500000000e+02, 1.9600000000e+02, 2.8000000000e+01, 1.6052000000e+01, 5.3656366667e+04
 1500561300, 2.4500000000e+02, 1.9766666667e+02, 2.8000000000e+01, 1.6054000000e+01, 5.3656200000e+04
 1500561600, 2.4500000000e+02, 1.9800000000e+02, 2.8000000000e+01, 1.6052000000e+01, 5.3655143333e+04
 1500561900, 2.4500000000e+02, 1.9800000000e+02, 2.8000000000e+01, 1.6050000000e+01, 5.3655500000e+04
 1500562200, 2.4500000000e+02, 1.9753333333e+02, 2.8000000000e+01, 1.6050000000e+01, 5.3656766667e+04
 1500562500, 2.4500000000e+02, 1.9606666667e+02, 2.8000000000e+01, 1.6050000000e+01, 5.3656366667e+04
 1500562800, 2.4500000000e+02, 1.9800000000e+02, 2.8000000000e+01, 1.6052000000e+01, 5.3655200000e+04
 1500563100, 2.4500000000e+02, 1.9800000000e+02, 2.9666666667e+01, 1.6048000000e+01, 5.3657233333e+04
 1500563400, 2.4183333333e+02, 1.9673333333e+02, 2.8733333333e+01, 1.6059966667e+01, 5.3656030000e+04
 1500563700, 2.4216666667e+02, 1.9686666667e+02, 2.8000000000e+01, 1.6050333333e+01, 5.3656100000e+04
 1500564000, 2.4500000000e+02, 1.9800000000e+02, 2.8000000000e+01, 1.6060333333e+01, 5.3655200000e+04
 1500564300, 2.4500000000e+02, 1.9800000000e+02, 2.8000000000e+01, 1.6057666667e+01, 5.3657533333e+04
 1500564600, 2.4500000000e+02, 1.9800000000e+02, 2.8000000000e+01, 1.6055666667e+01, 5.3657166667e+04
 1500564900, 2.4500000000e+02, 1.9800000000e+02, 2.8000000000e+01, 1.6054000000e+01, 5.3661700000e+04
 1500565200, 2.4500000000e+02, 1.9800000000e+02, 2.8000000000e+01, 1.6050000000e+01, 5.3665100000e+04
 1500565500, 2.4283333333e+02, 1.9800000000e+02, 2.8000000000e+01, 1.6051666667e+01, 5.3665666667e+04
 1500565800, 2.4116666667e+02, 1.9800000000e+02, 2.8000000000e+01, 1.6231000000e+01, 5.3667200000e+04
 1500566100, 2.4500000000e+02, 1.9800000000e+02, 2.8000000000e+01, 1.6461333333e+01, 5.3667266667e+04
 1500566400, 2.4500000000e+02, 1.9800000000e+02, 2.8000000000e+01, 1.6654666667e+01, 5.3668200000e+04
 1500566700, 2.4500000000e+02, 1.9800000000e+02, 2.8000000000e+01, 1.6773333333e+01, 5.3667200000e+04
 1500567000, 2.4500000000e+02, 1.9800000000e+02, 2.8000000000e+01, 1.6866666667e+01, 5.3666133333e+04
 1500567300, 2.4500000000e+02, 1.9800000000e+02, 2.8866666667e+01, 1.6931333333e+01, 5.3666666667e+04
 1500567600, 2.4383333333e+02, 1.9753333333e+02, 3.0000000000e+01, 1.6967000000e+01, 5.3667866667e+04
 1500567900, 2.4016666667e+02, 1.9606666667e+02, 2.9933333333e+01, 1.6993000000e+01, 5.3669166667e+04
 1500568200, 2.4500000000e+02, 1.9800000000e+02, 2.8000000000e+01, 1.7020666667e+01, 5.3669000000e+04
 1500568500, 2.4500000000e+02, 1.9800000000e+02, 2.9666666667e+01, 1.7040666667e+01, 5.3667200000e+04
 1500568800, 2.4500000000e+02, 1.9800000000e+02, 3.0000000000e+01, 1.7050000000e+01, 5.3667766667e+04
 1500569100, 2.4500000000e+02, 1.9800000000e+02, 3.0000000000e+01, 1.7050000000e+01, 5.3668200000e+04
 1500569400, 2.4500000000e+02, 1.9800000000e+02, 2.9533333333e+01, 1.7050000000e+01, 5.3669233333e+04
 1500569700, 2.4483333333e+02, 1.9793333333e+02, 2.8000000000e+01, 1.7062666667e+01, 5.3668400000e+04
 1500570000, 2.4000000000e+02, 1.9600000000e+02, 2.8000000000e+01, 1.7070000000e+01, 5.3669000000e+04
 1500570300, 2.4416666667e+02, 1.9766666667e+02, 2.9666666667e+01, 1.7078333333e+01, 5.3668366667e+04
 1500570600, 2.4500000000e+02, 1.9800000000e+02, 3.0000000000e+01, 1.7071666667e+01, 5.3666633333e+04
 1500570900, 2.4500000000e+02, 1.9800000000e+02, 3.0000000000e+01, 1.7065666667e+01, 5.3668833333e+04
 1500571200, 2.4500000000e+02, 1.9800000000e+02, 2.9533333333e+01, 1.7068000000e+01, 5.3667966667e+04
 1500571500, 2.4500000000e+02, 1.9800000000e+02, 2.8000000000e+01, 1.7055666667e+01, 5.3667833333e+04
 1500571800, 2.4500000000e+02, 1.9800000000e+02, 2.8000000000e+01, 1.7050000000e+01, 5.3669366667e+04
 1500572100, 2.4083333333e+02, 1.9633333333e+02, 2.9666666667e+01, 1.7050333333e+01, 5.3669400000e+04
 1500572400, 2.4316666667e+02, 1.9726666667e+02, 2.8733333333e+01, 1.7070333333e+01, 5.3668000000e+04
 1500572700, 2.4500000000e+02, 1.9800000000e+02, 2.8000000000e+01, 1.7067666667e+01, 5.3669000000e+04
 1500573000, 2.4500000000e+02, 1.9800000000e+02, 2.8466666667e+01, 1.7060000000e+01, 5.3669100000e+04
 1500573300, 2.4500000000e+02, 1.9800000000e+02, 2.9933333333e+01, 1.7054000000e+01, 5.3670800000e+04
 1500573600, 2.4500000000e+02, 1.9800000000e+02, 2.8000000000e+01, 1.7053666667e+01, 5.3669266667e+04
 1500573900, 2.4500000000e+02, 1.9800000000e+02, 2.8000000000e+01, 1.7046000000e+01, 5.3668233333e+04
 1500574200, 2.4183333333e+02, 1.9546666667e+02, 2.8000000000e+01, 1.7054000000e+01, 5.3668900000e+04
 1500574500, 2.4216666667e+02, 1.9573333333e+02, 2.8000000000e+01, 1.7052000000e+01, 5.3671100000e+04
 1500574800, 2.4500000000e+02, 1.9800000000e+02, 2.8000000000e+01, 1.7064666667e+01, 5.3670366667e+04
 1500575100, 2.4500000000e+02, 1.9800000000e+02, 2.8000000000e+01, 1.7061666667e+01, 5.3668633333e+04
 1500575400, 2.4500000000e+02, 1.9800000000e+02, 2.8000000000e+01, 1.7053666667e+01, 5.3668033333e+04
 1500575700, 2.4500000000e+02, 1.9800000000e+02, 2.9666666667e+01, 1.7056666667e+01, 5.3668200000e+04
 1500576000, 2.4500000000e+02, 1.9800000000e+02, 2.8733333333e+01, 1.7072000000e+01, 5.3668533333e+04
 1500576300, 2.4500000000e+02, 1.9800000000e+02, 2.8866666667e+01, 1.7088666667e+01, 5.3668433333e+04
 1500576600, 2.4500000000e+02, 1.9800000000e+02, 3.0000000000e+01, 1.7092000000e+01, 5.3668833333e+04
 1500576900, 2.4500000000e+02, 1.9800000000e+02, 2.9933333333e+01, 1.7096333333e+01, 5.3669833333e+04
 1500577200, 2.4500000000e+02, 1.9800000000e+02, 2.8000000000e+01, 1.7096000000e+01, 5.3671733333e+04
 1500577500, 2.4500000000e+02, 1.9800000000e+02, 2.9666666667e+01, 1.7104000000e+01, 5.3674133333e+04
 1500577800, 2.4500000000e+02, 1.9800000000e+02, 3.0000000000e+01, 1.7097666667e+01, 5.3677733333e+04
 1500578100, 2.4500000000e+02, 1.9800000000e+02, 3.0000000000e+01, 1.6975000000e+01, 5.3670700000e+04
 1500578400, 2.4500000000e+02, 1.9800000000e+02, 2.9533333333e+01, 1.6723333333e+01, 5.3666066667e+04
 1500578700, 2.4500000000e+02, 1.9800000000e+02, 2.8000000000e+01, 1.6549000000e+01, 5.3664466667e+04
 1500579000, 2.4500000000e+02, 1.9800000000e+02, 2.8000000000e+01, 1.6418000000e+01, 5.3664300000e+04
 1500579300, 2.4500000000e+02, 1.9800000000e+02, 2.8000000000e+01, 1.6307000000e+01, 5.3665533333e+04
 1500579600, 2.4500000000e+02, 1.9800000000e+02, 2.9266666667e+01, 1.6230000000e+01, 5.3664600000e+04
 1500579900, 2.4500000000e+02, 1.9800000000e+02, 3.0000000000e+01, 1.6185000000e+01, 5.3664866667e+04
 1500580200, 2.4500000000e+02, 1.9800000000e+02, 3.0000000000e+01, 1.6153333333e+01, 5.3666266667e+04
 1500580500, 2.4500000000e+02, 1.9800000000e+02, 3.0000000000e+01, 1.6141333333e+01, 5.3665533333e+04
 1500580800, 2.4500000000e+02, 1.9800000000e+02, 3.0000000000e+01, 1.6119333333e+01, 5.3664000000e+04
 1500581100, 2.4500000000e+02, 1.9800000000e+02, 2.8333333333e+01, 1.6105666667e+01, 5.3664666667e+04
 1500581400, 2.4500000000e+02, 1.9800000000e+02, 2.8000000000e+01, 1.6095333333e+01, 5.3666933333e+04
 1500581700, 2.4500000000e+02, 1.9800000000e+02, 2.8000000000e+01, 1.6079666667e+01, 5.3666500000e+04
 1500582000, 2.4500000000e+02, 1.9800000000e+02, 2.8000000000e+01, 1.6065666667e+01, 5.3666233333e+04
 1500582300, 2.4500000000e+02, 1.9800000000e+02, 2.8066666667e+01, 1.6053666667e+01, 5.3667033333e+04
 1500582600, 2.4500000000e+02, 1.9800000000e+02, 3.0000000000e+01, 1.6050000000e+01, 5.3666733333e+04
 1500582900, 2.4500000000e+02, 1.9800000000e+02, 3.0000000000e+01, 1.6050333333e+01, 5.3664800000e+04
 1500583200, 2.4500000000e+02, 1.9800000000e+02, 3.0000000000e+01, 1.6062000000e+01, 5.3665400000e+04
 1500583500, 2.4500000000e+02, 1.9800000000e+02, 3.0000000000e+01, 1.6051666667e+01, 5.3665533333e+04
 1500583800, 2.4500000000e+02, 1.9800000000e+02, 2.9533333333e+01, 1.6052000000e+01, 5.3665500000e+04
 1500584100, 2.4500000000e+02, 1.9800000000e+02, 2.8000000000e+01, 1.6050000000e+01, 5.3666166667e+04
 1500584400, 2.4500000000e+02, 1.9800000000e+02, 2.8000000000e+01, 1.6050000000e+01, 5.3666200000e+04
 1500584700, 2.4500000000e+02, 1.9800000000e+02, 2.8000000000e+01, 1.6050000000e+01, 5.3666000000e+04
 1500585000, 2.4500000000e+02, 1.9800000000e+02, 2.9266666667e+01, 1.6050000000e+01, 5.3666200000e+04
 1500585300, 2.4500000000e+02, 1.9800000000e+02, 3.0000000000e+01, 1.6050000000e+01, 5.3665633333e+04
 1500585600, 2.4500000000e+02, 1.9800000000e+02, 3.0000000000e+01, 1.6050000000e+01, 5.3666366667e+04
 1500585900, 2.4500000000e+02, 1.9800000000e+02, 2.9933333333e+01, 1.6050000000e+01, 5.3667033333e+04
 1500586200, 2.4500000000e+02, 1.9800000000e+02, 2.8000000000e+01, 1.6054000000e+01, 5.3667200000e+04
 1500586500, 2.4500000000e+02, 1.9800000000e+02, 2.9666666667e+01, 1.6052000000e+01, 5.3666366667e+04
 1500586800, 2.4500000000e+02, 1.9800000000e+02, 2.8733333333e+01, 1.6058000000e+01, 5.3668866667e+04
 1500587100, 2.4500000000e+02, 1.9800000000e+02, 2.8000000000e+01, 1.6050000000e+01, 5.3667800000e+04
 1500587400, 2.4500000000e+02, 1.9800000000e+02, 2.8466666667e+01, 1.6050000000e+01, 5.3667766667e+04
 1500587700, 2.4500000000e+02, 1.9800000000e+02, 2.9933333333e+01, 1.6045666667e+01, 5.3666833333e+04
 1500588000, 2.4500000000e+02, 1.9800000000e+02, 2.8000000000e+01, 1.6040333333e+01, 5.3668066667e+04
 1500588300, 2.4500000000e+02, 1.9800000000e+02, 2.9666666667e+01, 1.6050333333e+01, 5.3669333333e+04
 1500588600, 2.4500000000e+02, 1.9800000000e+02, 3.0000000000e+01, 1.6053666667e+01, 5.3669033333e+04
 1500588900, 2.4500000000e+02, 1.9800000000e+02, 3.0000000000e+01, 1.6050000000e+01, 5.3669266667e+04
 1500589200, 2.4500000000e+02, 1.9800000000e+02, 2.9533333333e+01, 1.6050000000e+01, 5.3670466667e+04
 1500589500, 2.4500000000e+02, 1.9800000000e+02, 2.8066666667e+01, 1.6050000000e+01, 5.3670300000e+04
 1500589800, 2.4500000000e+02, 1.9800000000e+02, 3.0000000000e+01, 1.6044000000e+01, 5.3669600000e+04
 1500590100, 2.4500000000e+02, 1.9800000000e+02, 3.0000000000e+01, 1.6050000000e+01, 5.3669800000e+04
 1500590400, 2.4500000000e+02, 1.9800000000e+02, 3.0000000000e+01, 1.6050000000e+01, 5.3668300000e+04
 1500590700, 2.4500000000e+02, 1.9800000000e+02, 2.9133333333e+01, 1.6050000000e+01, 5.3669666667e+04
 1500591000, 2.4500000000e+02, 1.9800000000e+02, 2.8466666667e+01, 1.6052333333e+01, 5.3667966667e+04
 1500591300, 2.4500000000e+02, 1.9800000000e+02, 2.9933333333e+01, 1.6053666667e+01, 5.3667833333e+04
 1500591600, 2.4500000000e+02, 1.9800000000e+02, 2.8000000000e+01, 1.6050000000e+01, 5.3667333333e+04
 1500591900, 2.4500000000e+02, 1.9800000000e+02, 2.8000000000e+01, 1.6050000000e+01, 5.3670300000e+04
 1500592200, 2.4500000000e+02, 1.9800000000e+02, 2.8000000000e+01, 1.6050000000e+01, 5.3668866667e+04
 1500592500, 2.4500000000e+02, 1.9800000000e+02, 2.8000000000e+01, 1.6050000000e+01, 5.3668900000e+04
 1500592800, 2.4500000000e+02, 1.9753333333e+02, 2.8466666667e+01, 1.6050000000e+01, 5.3668366667e+04
 1500593100, 2.4500000000e+02, 1.9606666667e+02, 2.9933333333e+01, 1.6054000000e+01, 5.3668000000e+04
 1500593400, 2.4500000000e+02, 1.9800000000e+02, 2.8000000000e+01, 1.6052333333e+01, 5.3670100000e+04
 1500593700, 2.4500000000e+02, 1.9800000000e+02, 2.9666666667e+01, 1.6051666667e+01, 5.3669766667e+04
 1500594000, 2.4500000000e+02, 1.9674000000e+02, 3.0000000000e+01, 1.6050000000e+01, 5.3670243333e+04
 1500594300, 2.4500000000e+02, 1.9686666667e+02, 2.9133333333e+01, 1.6050000000e+01, 5.3670500000e+04
 1500594600, 2.4500000000e+02, 1.9800000000e+02, 2.8000000000e+01, 1.6062333333e+01, 5.3669766667e+04
 1500594900, 2.4500000000e+02, 1.9800000000e+02, 2.8066666667e+01, 1.6051666667e+01, 5.3669566667e+04
 1500595200, 2.4500000000e+02, 1.9800000000e+02, 3.0000000000e+01, 1.6050333333e+01, 5.3669633333e+04
 1500595500, 2.4500000000e+02, 1.9800000000e+02, 2.8333333333e+01, 1.6053666667e+01, 5.3670133333e+04
 1500595800, 2.4500000000e+02, 1.9800000000e+02, 2.8000000000e+01, 1.6050000000e+01, 5.3672600000e+04
 1500596100, 2.4500000000e+02, 1.9800000000e+02, 2.8000000000e+01, 1.6056000000e+01, 5.3674373333e+04
 1500596400, 2.4500000000e+02, 1.9800000000e+02, 2.8000000000e+01, 1.6049666667e+01, 5.3675233333e+04
 1500596700, 2.4500000000e+02, 1.9800000000e+02, 2.8000000000e+01, 1.6048333333e+01, 5.3673366667e+04
 1500597000, 2.4500000000e+02, 1.9800000000e+02, 2.8000000000e+01, 1.6050000000e+01, 5.3673000000e+04
 1500597300, 2.4500000000e+02, 1.9633333333e+02, 2.8000000000e+01, 1.6050000000e+01, 5.3679566667e+04
 1500597600, 2.4500000000e+02, 1.9726666667e+02, 2.8000000000e+01, 1.6054333333e+01, 5.3678300000e+04
 1500597900, 2.4500000000e+02, 1.9800000000e+02, 2.8000000000e+01, 1.6056666667e+01, 5.3681333333e+04
 1500598200, 2.4500000000e+02, 1.9800000000e+02, 2.8000000000e+01, 1.6065600000e+01, 5.3684986667e+04
 1500598500, 2.4500000000e+02, 1.9800000000e+02, 2.8066666667e+01, 1.6067666667e+01, 5.3682566667e+04
 1500598800, 2.4500000000e+02, 1.9800000000e+02, 3.0000000000e+01, 1.6051666667e+01, 5.3683300000e+04
 1500599100, 2.4500000000e+02, 1.9800000000e+02, 3.0000000000e+01, 1.6054666667e+01, 5.3684566667e+04
 1500599400, 2.4500000000e+02, 1.9673333333e+02, 3.0000000000e+01, 1.6070333333e+01, 5.3686893333e+04
 1500599700, 2.4283333333e+02, 1.9600000000e+02, 2.9133333333e+01, 1.6073666667e+01, 5.3685300000e+04
 1500600000, 2.4000000000e+02, 1.9600000000e+02, 2.8000000000e+01, 1.6071666667e+01, 5.3684433333e+04
 1500600300, 2.4000000000e+02, 1.9600000000e+02, 2.8000000000e+01, 1.6051666667e+01, 5.3683400000e+04
 1500600600, 2.4000000000e+02, 1.9600000000e+02, 2.8000000000e+01, 1.6050000000e+01, 5.3681526667e+04
 1500600900, 2.4000000000e+02, 1.9600000000e+02, 2.8000000000e+01, 1.6050000000e+01, 5.3682800000e+04
 1500601200, 2.4000000000e+02, 1.9600000000e+02, 2.8000000000e+01, 1.6052333333e+01, 5.3682833333e+04
 1500601500, 2.4000000000e+02, 1.9600000000e+02, 2.8000000000e+01, 1.6049333333e+01, 5.3682800000e+04
 1500601800, 2.4116666667e+02, 1.9600000000e+02, 2.8466666667e+01, 1.6048333333e+01, 5.3685866667e+04
 1500602100, 2.4500000000e+02, 1.9600000000e+02, 3.0000000000e+01, 1.6050333333e+01, 5.3687866667e+04
 1500602400, 2.4500000000e+02, 1.9600000000e+02, 3.0000000000e+01, 1.6051666667e+01, 5.3687300000e+04
 1500602700, 2.4083333333e+02, 1.9600000000e+02, 2.8333333333e+01, 1.6050333333e+01, 5.3685800000e+04
 1500603000, 2.4000000000e+02, 1.9600000000e+02, 2.8000000000e+01, 1.6052000000e+01, 5.3684633333e+04
 1500603300, 2.4216666667e+02, 1.9600000000e+02, 2.8866666667e+01, 1.6053666667e+01, 5.3686500000e+04
 1500603600, 2.4383333333e+02, 1.9600000000e+02, 2.9533333333e+01, 1.6054000000e+01, 5.3687166667e+04
 1500603900, 2.4000000000e+02, 1.9600000000e+02, 2.8000000000e+01, 1.6050000000e+01, 5.3687633333e+04
 1500604200, 2.4000000000e+02, 1.9600000000e+02, 2.8000000000e+01, 1.6050000000e+01, 5.3686700000e+04
 1500604500, 2.4000000000e+02, 1.9600000000e+02, 2.8000000000e+01, 1.6056000000e+01, 5.3687000000e+04
 1500604800, 2.4000000000e+02, 1.9600000000e+02, 2.9266666667e+01, 1.6052000000e+01, 5.3687266667e+04
 1500605100, 2.4000000000e+02, 1.9600000000e+02, 3.0000000000e+01, 1.6050000000e+01, 5.3687800000e+04
 1500605400, 2.4000000000e+02, 1.9600000000e+02, 3.0000000000e+01, 1.6056333333e+01, 5.3688200000e+04
 1500605700, 2.4016666667e+02, 1.9600000000e+02, 3.0000000000e+01, 1.6057733333e+01, 5.3690113333e+04
 1500606000, 2.4500000000e+02, 1.9600000000e+02, 3.0000000000e+01, 1.6050000000e+01, 5.3688566667e+04
 1500606300, 2.4083333333e+02, 1.9600000000e+02, 3.0000000000e+01, 1.6050000000e+01, 5.3688566667e+04
 1500606600, 2.4000000000e+02, 1.9600000000e+02, 3.0000000000e+01, 1.6050000000e+01, 5.3689500000e+04
 1500606900, 2.4000000000e+02, 1.9600000000e+02, 3.0000000000e+01, 1.6050000000e+01, 5.3690600000e+04
 1500607200, 2.4000000000e+02, 1.9600000000e+02, 2.9533333333e+01, 1.6054333333e+01, 5.3690560000e+04
 1500607500, 2.4016666667e+02, 1.9600000000e+02, 2.8066666667e+01, 1.6068333333e+01, 5.3690266667e+04
 1500607800, 2.4500000000e+02, 1.9600000000e+02, 3.0000000000e+01, 1.6061333333e+01, 5.3689566667e+04
 1500608100, 2.4083333333e+02, 1.9600000000e+02, 2.8333333333e+01, 1.6050000000e+01, 5.3689533333e+04
 1500608400, 2.4000000000e+02, 1.9600000000e+02, 2.8000000000e+01, 1.6054333333e+01, 5.3690066667e+04
 1500608700, 2.4000000000e+02, 1.9600000000e+02, 2.8000000000e+01, 1.6056000000e+01, 5.3689000000e+04
 1500609000, 2.4000000000e+02, 1.9600000000e+02, 2.8466666667e+01, 1.6051666667e+01, 5.3689833333e+04
 1500609300, 2.4016666667e+02, 1.9600000000e+02, 3.0000000000e+01, 1.6050000000e+01, 5.3691000000e+04
 1500609600, 2.4500000000e+02, 1.9600000000e+02, 3.0000000000e+01, 1.6050000000e+01, 5.3690033333e+04
 1500609900, 2.4500000000e+02, 1.9600000000e+02, 3.0000000000e+01, 1.6050000000e+01, 5.3690200000e+04
 1500610200, 2.4183333333e+02, 1.9600000000e+02, 2.8733333333e+01, 1.6050000000e+01, 5.3691666667e+04
 1500610500, 2.4000000000e+02, 1.9600000000e+02, 2.8866666667e+01, 1.6050000000e+01, 5.3691800000e+04
 1500610800, 2.4000000000e+02, 1.9600000000e+02, 2.9533333333e+01, 1.6050000000e+01, 5.3692200000e+04
 1500611100, 2.4000000000e+02, 1.9600000000e+02, 2.8000000000e+01, 1.6052000000e+01, 5.3693133333e+04
 1500611400, 2.4000000000e+02, 1.9600000000e+02, 2.8000000000e+01, 1.6050000000e+01, 5.3694633333e+04
 1500611700, 2.4000000000e+02, 1.9600000000e+02, 2.8000000000e+01, 1.6054033333e+01, 5.3693973333e+04
 1500612000, 2.4316666667e+02, 1.9600000000e+02, 2.9266666667e+01, 1.6050000000e+01, 5.3692533333e+04
 1500612300, 2.4283333333e+02, 1.9600000000e+02, 2.9133333333e+01, 1.6051666667e+01, 5.3691500000e+04
 1500612600, 2.4000000000e+02, 1.9600000000e+02, 2.8466666667e+01, 1.6046333333e+01, 5.3693333333e+04
 1500612900, 2.4000000000e+02, 1.9600000000e+02, 2.9933333333e+01, 1.6050000000e+01, 5.3691600000e+04
 1500613200, 2.4000000000e+02, 1.9600000000e+02, 2.8000000000e+01, 1.6050000000e+01, 5.3691866667e+04
 1500613500, 2.4000000000e+02, 1.9600000000e+02, 2.8000000000e+01, 1.6050000000e+01, 5.3693193333e+04
 1500613800, 2.4000000000e+02, 1.9600000000e+02, 2.9266666667e+01, 1.6064333333e+01, 5.3694133333e+04
 1500614100, 2.4000000000e+02, 1.9600000000e+02, 3.0000000000e+01, 1.6051666667e+01, 5.3692800000e+04
 1500614400, 2.4000000000e+02, 1.9600000000e+02, 3.0000000000e+01, 1.6050000000e+01, 5.3693033333e+04
 1500614700, 2.4000000000e+02, 1.9600000000e+02, 3.0000000000e+01, 1.6050000000e+01, 5.3692966667e+04
 1500615000, 2.4000000000e+02, 1.9600000000e+02, 3.0000000000e+01, 1.6050000000e+01, 5.3692466667e+04
 1500615300, 2.4000000000e+02, 1.9600000000e+02, 2.8333333333e+01, 1.6050000000e+01, 5.3693200000e+04
 1500615600, 2.4000000000e+02, 1.9600000000e+02, 2.8000000000e+01, 1.6050000000e+01, 5.3695100000e+04
 1500615900, 2.4000000000e+02, 1.9600000000e+02, 2.8000000000e+01, 1.6052000000e+01, 5.3694566667e+04
 1500616200, 2.4000000000e+02, 1.9600000000e+02, 2.8000000000e+01, 1.6050333333e+01, 5.3696433333e+04
 1500616500, 2.4000000000e+02, 1.9600000000e+02, 2.8000000000e+01, 1.6051666667e+01, 5.3694766667e+04
 1500616800, 2.4000000000e+02, 1.9600000000e+02, 2.8000000000e+01, 1.6050000000e+01, 5.3695766667e+04
 1500617100, 2.4000000000e+02, 1.9600000000e+02, 2.8000000000e+01, 1.6050000000e+01, 5.3696166667e+04
 1500617400, 2.4000000000e+02, 1.9600000000e+02, 2.8000000000e+01, 1.6054000000e+01, 5.3696733333e+04
 1500617700, 2.4000000000e+02, 1.9600000000e+02, 2.8866666667e+01, 1.6050333333e+01, 5.3697600000e+04
 1500618000, 2.4000000000e+02, 1.9600000000e+02, 2.9533333333e+01, 1.6072666667e+01, 5.3697366667e+04
 1500618300, 2.4000000000e+02, 1.9600000000e+02, 2.8000000000e+01, 1.6081666667e+01, 5.3696000000e+04
 1500618600, 2.4000000000e+02, 1.9600000000e+02, 2.8000000000e+01, 1.6059333333e+01, 5.3696466667e+04
 1500618900, 2.4416666667e+02, 1.9600000000e+02, 2.9666666667e+01, 1.6050000000e+01, 5.3698400000e+04
 1500619200, 2.4183333333e+02, 1.9600000000e+02, 3.0000000000e+01, 1.6050333333e+01, 5.3698466667e+04
 1500619500, 2.4000000000e+02, 1.9600000000e+02, 3.0000000000e+01, 1.6060666667e+01, 5.3699300000e+04
 1500619800, 2.4000000000e+02, 1.9600000000e+02, 2.9533333333e+01, 1.6086000000e+01, 5.3697366667e+04
 1500620100, 2.4000000000e+02, 1.9600000000e+02, 2.8000000000e+01, 1.6088333333e+01, 5.3696766667e+04
 1500620400, 2.4000000000e+02, 1.9600000000e+02, 2.8000000000e+01, 1.6077333333e+01, 5.3697133333e+04
 1500620700, 2.4000000000e+02, 1.9600000000e+02, 2.8000000000e+01, 1.6051000000e+01, 5.3698933333e+04
 1500621000, 2.4000000000e+02, 1.9600000000e+02, 2.9266666667e+01, 1.6050666667e+01, 5.3697600000e+04
 1500621300, 2.4000000000e+02, 1.9600000000e+02, 3.0000000000e+01, 1.6056000000e+01, 5.3698833333e+04
 1500621600, 2.4116666667e+02, 1.9600000000e+02, 3.0000000000e+01, 1.6051666667e+01, 5.3697833333e+04
 1500621900, 2.4483333333e+02, 1.9600000000e+02, 2.9933333333e+01, 1.6050000000e+01, 5.3696733333e+04
 1500622200, 2.4000000000e+02, 1.9600000000e+02, 2.8000000000e+01, 1.6050000000e+01, 5.3696600000e+04
 1500622500, 2.4000000000e+02, 1.9600000000e+02, 2.8000000000e+01, 1.6050000000e+01, 5.3697200000e+04
 1500622800, 2.4000000000e+02, 1.9600000000e+02, 2.9266666667e+01, 1.6050000000e+01, 5.3697400000e+04
 1500623100, 2.4000000000e+02, 1.9600000000e+02, 2.9133333333e+01, 1.6050000000e+01, 5.3702633333e+04
 1500623400, 2.4116666667e+02, 1.9600000000e+02, 2.8466666667e+01, 1.6050000000e+01, 5.3703733333e+04
 1500623700, 2.4483333333e+02, 1.9600000000e+02, 2.9933333333e+01, 1.6056000000e+01, 5.3703000000e+04
 1500624000, 2.4000000000e+02, 1.9600000000e+02, 2.8000000000e+01, 1.6052000000e+01, 5.3701400000e+04
 1500624300, 2.4416666667e+02, 1.9600000000e+02, 2.9666666667e+01, 1.6052000000e+01, 5.3702033333e+04
 1500624600, 2.4183333333e+02, 1.9600000000e+02, 2.8733333333e+01, 1.6050000000e+01, 5.3701433333e+04
 1500624900, 2.4000000000e+02, 1.9686666667e+02, 2.8000000000e+01, 1.6050000000e+01, 5.3703066667e+04
 1500625200, 2.4000000000e+02, 1.9753333333e+02, 2.8466666667e+01, 1.6050000000e+01, 5.3703566667e+04
 1500625500, 2.4000000000e+02, 1.9600000000e+02, 2.9933333333e+01, 1.6052333333e+01, 5.3702800000e+04
 1500625800, 2.4000000000e+02, 1.9600000000e+02, 2.8000000000e+01, 1.6055666667e+01, 5.3703666667e+04
 1500626100, 2.4000000000e+02, 1.9600000000e+02, 2.8000000000e+01, 1.6050000000e+01, 5.3704966667e+04
 1500626400, 2.4316666667e+02, 1.9600000000e+02, 2.9266666667e+01, 1.6058000000e+01, 5.3703533333e+04
 1500626700, 2.4500000000e+02, 1.9600000000e+02, 3.0000000000e+01, 1.6050000000e+01, 5.3705166667e+04
 1500627000, 2.4500000000e+02, 1.9600000000e+02, 3.0000000000e+01, 1.6050000000e+01, 5.3705866667e+04
 1500627300, 2.4483333333e+02, 1.9600000000e+02, 2.9933333333e+01, 1.6050000000e+01, 5.3705166667e+04
 1500627600, 2.4000000000e+02, 1.9600000000e+02, 2.8000000000e+01, 1.6050000000e+01, 5.3705233333e+04
 1500627900, 2.4416666667e+02, 1.9600000000e+02, 2.9666666667e+01, 1.6056000000e+01, 5.3705766667e+04
 1500628200, 2.4500000000e+02, 1.9600000000e+02, 2.8733333333e+01, 1.6050000000e+01, 5.3708100000e+04
 1500628500, 2.4500000000e+02, 1.9600000000e+02, 2.8000000000e+01, 1.6050000000e+01, 5.3707366667e+04
 1500628800, 2.4500000000e+02, 1.9600000000e+02, 2.8000000000e+01, 1.6050000000e+01, 5.3707166667e+04
 1500629100, 2.4500000000e+02, 1.9600000000e+02, 2.8000000000e+01, 1.6050000000e+01, 5.3707066667e+04
 1500629400, 2.4500000000e+02, 1.9600000000e+02, 2.8000000000e+01, 1.6050000000e+01, 5.3709066667e+04
 1500629700, -nan, 1.9600000000e+02, 2.9666666667e+01, 1.6052333333e+01, 5.3707833333e+04
 1500630000, -nan, 1.9600000000e+02, 2.8733333333e+01, 1.6047666667e+01, 5.3706833333e+04
 1500630300, -nan, 1.9600000000e+02, 2.8866666667e+01, 1.6050333333e+01, 5.3706433333e+04
 1500630600, -nan, 1.9600000000e+02, 3.0000000000e+01, 1.6059666667e+01, 5.3706133333e+04
 1500630900, -nan, 1.9600000000e+02, 3.0000000000e+01, 1.6050000000e+01, 5.3706666667e+04
 1500631200, -nan, 1.9600000000e+02, 3.0000000000e+01, -nan, 5.3707033333e+04
 1500631500, -nan, 1.9600000000e+02, 2.8333333333e+01, -nan, 5.3708400000e+04
 1500631800, -nan, -nan, 2.9266666667e+01, -nan, -nan
 1500632100, -nan, -nan, 2.9133333333e+01, -nan, -nan
 1500632400, -nan, -nan, 2.3800000000e+01, -nan, -nan
 1500632700, -nan, -nan, 1.0066666667e+01, -nan, -nan
 1500633000, -nan, -nan, 1.2000000000e+01, -nan, -nan
 1500633300, -nan, -nan, 1.0333333333e+01, -nan, -nan
 1500633600, -nan, -nan, 1.1266666667e+01, -nan, -nan
 1500633900, -nan, -nan, 1.2000000000e+01, -nan, -nan
 1500634200, -nan, -nan, -nan, -nan, -nan
 1500634500, -nan, -nan, -nan, -nan, -nan
 1500634800, -nan, -nan, -nan, -nan, -nan
