 Time, ttl_pwr, cpu_pwr, mem_pwr, cpu_load, mem_load
 1500441000, 5,5000000000e+01, 2,6000000000e+01, 1,0000000000e+01, 6,7900000000e-02, 7,2210000000e+03
 1500441300, 5,5000000000e+01, 2,6000000000e+01, 1,0000000000e+01, 5,5900000000e-02, 7,2210000000e+03
 1500441600, 5,5000000000e+01, 2,6000000000e+01, 1,0000000000e+01, 5,0000000000e-02, 7,2196200000e+03
 1500441900, 5,5000000000e+01, 2,6000000000e+01, 1,0000000000e+01, 5,0100000000e-02, 7,2201800000e+03
 1500442200, 5,2950000000e+01, 2,6000000000e+01, 1,0000000000e+01, 5,1900000000e-02, 7,2194000000e+03
 1500442500, 5,1050000000e+01, 2,6000000000e+01, 1,0000000000e+01, 5,0000000000e-02, 7,2206100000e+03
 1500442800, 5,5000000000e+01, 2,6000000000e+01, 1,0000000000e+01, 5,0100000000e-02, 7,2206000000e+03
 1500443100, 5,5000000000e+01, 2,6000000000e+01, 1,0000000000e+01, 5,3900000000e-02, 7,2204000000e+03
 1500443400, 5,5000000000e+01, 2,6000000000e+01, 1,0000000000e+01, 5,0000000000e-02, 7,2206000000e+03
 1500443700, 5,5000000000e+01, 2,4780000000e+01, 1,0000000000e+01, 5,0000000000e-02, 7,2206000000e+03
 1500444000, 5,5000000000e+01, 2,4820000000e+01, 1,0000000000e+01, 5,0000000000e-02, 7,2210200000e+03
 1500444300, 5,5000000000e+01, 2,6000000000e+01, 1,0000000000e+01, 5,2100000000e-02, 7,2217900000e+03
 1500444600, 5,5000000000e+01, 2,6000000000e+01, 1,0000000000e+01, 5,1900000000e-02, 7,2212000000e+03
 1500444900, 5,5000000000e+01, 2,6000000000e+01, 1,0000000000e+01, 5,0000000000e-02, 7,2210000000e+03
 1500445200, 5,5000000000e+01, 2,6000000000e+01, 1,0000000000e+01, 5,0000000000e-02, 7,2215900000e+03
 1500445500, 5,5000000000e+01, 2,6000000000e+01, 1,0000000000e+01, 5,0000000000e-02, 7,2222300000e+03
 1500445800, 5,5000000000e+01, 2,6000000000e+01, 1,0000000000e+01, 5,2000000000e-02, 7,2224000000e+03
 1500446100, 5,5000000000e+01, 2,5580000000e+01, 1,0000000000e+01, 5,0000000000e-02, 7,2226000000e+03
 1500446400, 5,5000000000e+01, 2,4000000000e+01, 1,0000000000e+01, 5,0000000000e-02, 7,2227800000e+03
 1500446700, 5,5000000000e+01, 2,4000000000e+01, 1,0000000000e+01, 5,0000000000e-02, 7,2218000000e+03
 1500447000, 5,5000000000e+01, 2,5620000000e+01, 1,0000000000e+01, 5,0000000000e-02, 7,2226100000e+03
 1500447300, 5,5000000000e+01, 2,6000000000e+01, 1,0000000000e+01, 5,0000000000e-02, 7,2222000000e+03
 1500447600, 5,5000000000e+01, 2,5180000000e+01, 1,0000000000e+01, 5,2100000000e-02, 7,2220100000e+03
 1500447900, 5,5000000000e+01, 2,4000000000e+01, 1,0000000000e+01, 5,5900000000e-02, 7,2215900000e+03
 1500448200, 5,5000000000e+01, 2,4020000000e+01, 1,0000000000e+01, 5,0000000000e-02, 7,2212100000e+03
 1500448500, 5,5000000000e+01, 2,6000000000e+01, 1,0000000000e+01, 5,0000000000e-02, 7,2216000000e+03
 1500448800, 5,5000000000e+01, 2,6000000000e+01, 1,0000000000e+01, 5,4100000000e-02, 7,2218100000e+03
 1500449100, 5,5000000000e+01, 2,6000000000e+01, 1,0000000000e+01, 5,5900000000e-02, 7,2222000000e+03
 1500449400, 5,5000000000e+01, 2,6000000000e+01, 1,0000000000e+01, 5,4000000000e-02, 7,2222000000e+03
 1500449700, 5,5000000000e+01, 2,6000000000e+01, 1,0000000000e+01, 5,0000000000e-02, 7,2230300000e+03
 1500450000, 5,5850000000e+01, 2,6700000000e+01, 1,0120000000e+01, 1,0869000000e+00, 8,8462900000e+03
 1500450300, 1,4000000000e+02, 9,6000000000e+01, 2,2000000000e+01, 4,2950333333e+00, 1,2837586667e+04
 1500450600, 1,6025000000e+02, 1,1544000000e+02, 2,5240000000e+01, 6,6992000000e+00, 1,1476350000e+04
 1500450900, 1,9245000000e+02, 1,4806000000e+02, 2,4780000000e+01, 8,0426000000e+00, 9,1907900000e+03
 1500451200, 1,4645000000e+02, 1,0860000000e+02, 1,8260000000e+01, 6,1968000000e+00, 7,2270000000e+03
 1500451500, 5,5000000000e+01, 2,6000000000e+01, 1,0000000000e+01, 4,5061000000e+00, 7,2283900000e+03
 1500451800, 5,5000000000e+01, 2,6000000000e+01, 1,0000000000e+01, 3,2718000000e+00, 7,2275900000e+03
 1500452100, 5,5000000000e+01, 2,6000000000e+01, 1,0000000000e+01, 2,3786000000e+00, 7,2276100000e+03
 1500452400, 5,5000000000e+01, 2,6000000000e+01, 1,0000000000e+01, 1,7367000000e+00, 7,2278100000e+03
 1500452700, 5,5000000000e+01, 2,6000000000e+01, 1,0000000000e+01, 1,2663000000e+00, 7,2280000000e+03
 1500453000, 5,5000000000e+01, 2,6000000000e+01, 1,0000000000e+01, 9,4940000000e-01, 7,2286000000e+03
 1500453300, 5,5000000000e+01, 2,6000000000e+01, 1,0000000000e+01, 7,1610000000e-01, 7,2290000000e+03
 1500453600, 5,5000000000e+01, 2,6000000000e+01, 1,0000000000e+01, 5,4650000000e-01, 7,2269900000e+03
 1500453900, 5,5000000000e+01, 2,6000000000e+01, 1,0000000000e+01, 4,0910000000e-01, 7,2274100000e+03
 1500454200, 5,5000000000e+01, 2,6000000000e+01, 1,0000000000e+01, 3,2910000000e-01, 7,2275900000e+03
 1500454500, 5,5000000000e+01, 2,6000000000e+01, 1,0000000000e+01, 2,4520000000e-01, 7,2280100000e+03
 1500454800, 5,5000000000e+01, 2,6000000000e+01, 1,0000000000e+01, 1,8560000000e-01, 7,2286000000e+03
 1500455100, 5,5000000000e+01, 2,6000000000e+01, 1,0000000000e+01, 1,6200000000e-01, 7,2277900000e+03
 1500455400, 5,5000000000e+01, 2,6000000000e+01, 1,0000000000e+01, 1,5390000000e-01, 7,2278100000e+03
 1500455700, 5,5000000000e+01, 2,6000000000e+01, 1,0000000000e+01, 1,4180000000e-01, 7,2287900000e+03
 1500456000, 5,5000000000e+01, 2,6000000000e+01, 1,0000000000e+01, 1,2390000000e-01, 7,2284100000e+03
 1500456300, 5,5000000000e+01, 2,4780000000e+01, 1,0000000000e+01, 1,0990000000e-01, 7,2279800000e+03
 1500456600, 5,5000000000e+01, 2,4820000000e+01, 1,0000000000e+01, 1,0180000000e-01, 7,2274200000e+03
 1500456900, 5,5000000000e+01, 2,6000000000e+01, 1,0000000000e+01, 1,0020000000e-01, 7,2276100000e+03
 1500457200, 5,5100000000e+01, 2,6040000000e+01, 1,0080000000e+01, 9,7833333333e-02, 7,2280033333e+03
 1500457500, 6,5000000000e+01, 3,0000000000e+01, 1,8000000000e+01, 7,9800000000e-02, 7,2281700000e+03
 1500457800, 5,6900000000e+01, 2,5140000000e+01, 1,1520000000e+01, 6,8000000000e-02, 7,2272200000e+03
 1500458100, 5,5000000000e+01, 2,5220000000e+01, 1,0000000000e+01, 7,4000000000e-02, 7,2282000000e+03
 1500458400, 6,3200000000e+01, 2,9280000000e+01, 1,4920000000e+01, 6,1800000000e-02, 7,2284300000e+03
 1500458700, 7,0800000000e+01, 3,2320000000e+01, 1,9480000000e+01, 5,0000000000e-02, 7,2289800000e+03
 1500459000, 5,5000000000e+01, 2,6000000000e+01, 1,0000000000e+01, 5,0000000000e-02, 7,2278100000e+03
 1500459300, 5,5000000000e+01, 2,6000000000e+01, 1,0000000000e+01, 5,2200000000e-02, 7,2271900000e+03
 1500459600, 5,5000000000e+01, 2,4380000000e+01, 1,0000000000e+01, 1,8142000000e+00, 4,3334990000e+04
 1500459900, 1,6175000000e+02, 1,2160000000e+02, 2,0980000000e+01, 5,7085000000e+00, 5,1807620000e+04
 1500460200, 2,3000000000e+02, 1,8400000000e+02, 2,8000000000e+01, 8,5636000000e+00, 5,1807600000e+04
 1500460500, 2,3000000000e+02, 1,8400000000e+02, 2,8000000000e+01, 1,0637000000e+01, 5,1808200000e+04
 1500460800, 2,3000000000e+02, 1,8400000000e+02, 2,8000000000e+01, 1,2134300000e+01, 5,1809430000e+04
 1500461100, 2,3000000000e+02, 1,8400000000e+02, 2,8000000000e+01, 1,3218900000e+01, 5,1809770000e+04
 1500461400, 2,3000000000e+02, 1,8400000000e+02, 2,8000000000e+01, 1,4008500000e+01, 5,1819180000e+04
 1500461700, 2,3000000000e+02, 1,8400000000e+02, 2,8000000000e+01, 1,4568600000e+01, 5,1827610000e+04
 1500462000, 2,3000000000e+02, 1,8400000000e+02, 2,8000000000e+01, 1,4979500000e+01, 5,1828210000e+04
 1500462300, 2,3000000000e+02, 1,8400000000e+02, 2,8000000000e+01, 1,5280300000e+01, 5,1827390000e+04
 1500462600, 2,3000000000e+02, 1,8400000000e+02, 2,8000000000e+01, 1,5481700000e+01, 5,1827020000e+04
 1500462900, 2,3000000000e+02, 1,8400000000e+02, 2,8000000000e+01, 1,5631200000e+01, 5,1829010000e+04
 1500463200, 2,3000000000e+02, 1,8400000000e+02, 2,6380000000e+01, 1,5732800000e+01, 5,1829940000e+04
 1500463500, 2,3000000000e+02, 1,8400000000e+02, 2,7220000000e+01, 1,5816800000e+01, 5,1862200000e+04
 1500463800, 2,3000000000e+02, 1,8400000000e+02, 2,7180000000e+01, 1,5872300000e+01, 5,1864030000e+04
 1500464100, 2,3000000000e+02, 1,8400000000e+02, 2,6420000000e+01, 1,5906400000e+01, 5,1865620000e+04
 1500464400, 2,3000000000e+02, 1,8400000000e+02, 2,7980000000e+01, 1,5944300000e+01, 5,1866800000e+04
 1500464700, 2,3000000000e+02, 1,8400000000e+02, 2,6000000000e+01, 1,5960000000e+01, 5,1867010000e+04
 1500465000, 2,3000000000e+02, 1,8562000000e+02, 2,6000000000e+01, 1,5962100000e+01, 5,1867890000e+04
 1500465300, 2,3000000000e+02, 1,8478000000e+02, 2,7220000000e+01, 1,5980200000e+01, 5,1876160000e+04
 1500465600, 2,3000000000e+02, 1,8400000000e+02, 2,8000000000e+01, 1,6002300000e+01, 5,1875250000e+04
 1500465900, 2,3000000000e+02, 1,8400000000e+02, 2,8000000000e+01, 1,6020000000e+01, 5,1876760000e+04
 1500466200, 2,3000000000e+02, 1,8400000000e+02, 2,8000000000e+01, 1,6020000000e+01, 5,1876410000e+04
 1500466500, 2,3000000000e+02, 1,8400000000e+02, 2,8000000000e+01, 1,6020000000e+01, 5,1877000000e+04
 1500466800, 2,3000000000e+02, 1,8400000000e+02, 2,8000000000e+01, 1,6020100000e+01, 5,1877590000e+04
 1500467100, 2,3000000000e+02, 1,8400000000e+02, 2,8000000000e+01, 1,6036100000e+01, 5,1877420000e+04
 1500467400, 2,3000000000e+02, 1,8400000000e+02, 2,8000000000e+01, 1,6035900000e+01, 5,1878810000e+04
 1500467700, 2,3000000000e+02, 1,8400000000e+02, 2,8000000000e+01, 1,6042200000e+01, 5,1878800000e+04
 1500468000, 2,3000000000e+02, 1,8400000000e+02, 2,8000000000e+01, 1,6050000000e+01, 5,1879380000e+04
 1500468300, 2,3000000000e+02, 1,8400000000e+02, 2,8000000000e+01, 1,6050000000e+01, 5,1879800000e+04
 1500468600, 2,3000000000e+02, 1,8400000000e+02, 2,8000000000e+01, 1,6050000000e+01, 5,1878420000e+04
 1500468900, 2,3000000000e+02, 1,8400000000e+02, 2,6780000000e+01, 1,6042000000e+01, 5,1880020000e+04
 1500469200, 2,3000000000e+02, 1,8400000000e+02, 2,6820000000e+01, 1,6050000000e+01, 5,1881790000e+04
 1500469500, 2,3000000000e+02, 1,8400000000e+02, 2,8000000000e+01, 1,6050000000e+01, 5,1880190000e+04
 1500469800, 2,3000000000e+02, 1,8400000000e+02, 2,8000000000e+01, 1,6050000000e+01, 5,1878210000e+04
 1500470100, 2,3000000000e+02, 1,8400000000e+02, 2,8000000000e+01, 1,6050300000e+01, 5,1879590000e+04
 1500470400, 2,3000000000e+02, 1,8400000000e+02, 2,8000000000e+01, 1,6067700000e+01, 5,1879390000e+04
 1500470700, 2,3000000000e+02, 1,8400000000e+02, 2,6780000000e+01, 1,6050000000e+01, 5,1878780000e+04
 1500471000, 2,3000000000e+02, 1,8400000000e+02, 2,6820000000e+01, 1,6044000000e+01, 5,1878620000e+04
 1500471300, 2,3000000000e+02, 1,8400000000e+02, 2,8000000000e+01, 1,6050000000e+01, 5,1879610000e+04
 1500471600, 2,3000000000e+02, 1,8400000000e+02, 2,8000000000e+01, 1,6052000000e+01, 5,1878600000e+04
 1500471900, 2,3000000000e+02, 1,8400000000e+02, 2,8000000000e+01, 1,6052000000e+01, 5,1879180000e+04
 1500472200, 2,3000000000e+02, 1,8400000000e+02, 2,8000000000e+01, 1,6052100000e+01, 5,1880240000e+04
 1500472500, 2,3000000000e+02, 1,8400000000e+02, 2,8000000000e+01, 1,6055900000e+01, 5,1880990000e+04
 1500472800, 2,3000000000e+02, 1,8400000000e+02, 2,8000000000e+01, 1,6050000000e+01, 5,1879790000e+04
 1500473100, 2,3000000000e+02, 1,8400000000e+02, 2,8000000000e+01, 1,6050000000e+01, 5,1879820000e+04
 1500473400, 2,3000000000e+02, 1,8400000000e+02, 2,8000000000e+01, 1,6050000000e+01, 5,1880800000e+04
 1500473700, 2,3000000000e+02, 1,8400000000e+02, 2,8000000000e+01, 1,6050000000e+01, 5,1881590000e+04
 1500474000, 2,3000000000e+02, 1,8400000000e+02, 2,8000000000e+01, 1,6050000000e+01, 5,1880810000e+04
 1500474300, 2,3000000000e+02, 1,8400000000e+02, 2,8000000000e+01, 1,6052000000e+01, 5,1881980000e+04
 1500474600, 2,3000000000e+02, 1,8400000000e+02, 2,8000000000e+01, 1,6050000000e+01, 5,1880430000e+04
 1500474900, 2,3000000000e+02, 1,8400000000e+02, 2,8000000000e+01, 1,6050000000e+01, 5,1881380000e+04
 1500475200, 2,3000000000e+02, 1,8400000000e+02, 2,7980000000e+01, 1,6050000000e+01, 5,1878580000e+04
 1500475500, 2,3000000000e+02, 1,8400000000e+02, 2,6000000000e+01, 1,6050000000e+01, 5,1879430000e+04
 1500475800, 2,3000000000e+02, 1,8400000000e+02, 2,7620000000e+01, 1,6050000000e+01, 5,1880190000e+04
 1500476100, 2,3000000000e+02, 1,8400000000e+02, 2,6780000000e+01, 1,6049900000e+01, 5,1880020000e+04
 1500476400, 2,3000000000e+02, 1,8318000000e+02, 2,6820000000e+01, 1,6046100000e+01, 5,1881600000e+04
 1500476700, 2,3000000000e+02, 1,8242000000e+02, 2,8000000000e+01, 1,6042000000e+01, 5,1882600000e+04
 1500477000, 2,3000000000e+02, 1,8400000000e+02, 2,8000000000e+01, 1,6050000000e+01, 5,1881190000e+04
 1500477300, 2,3000000000e+02, 1,8400000000e+02, 2,8000000000e+01, 1,6050000000e+01, 5,1882210000e+04
 1500477600, 2,3000000000e+02, 1,8400000000e+02, 2,8000000000e+01, 1,6050000000e+01, 5,1881600000e+04
 1500477900, 2,3000000000e+02, 1,8400000000e+02, 2,8000000000e+01, 1,6048000000e+01, 5,1881800000e+04
 1500478200, 2,3000000000e+02, 1,8400000000e+02, 2,8000000000e+01, 1,6056600000e+01, 5,1881080000e+04
 1500478500, 2,3000000000e+02, 1,8400000000e+02, 2,8000000000e+01, 1,6253000000e+01, 5,1891400000e+04
 1500478800, 2,3000000000e+02, 1,8400000000e+02, 2,8000000000e+01, 1,6496000000e+01, 5,1890610000e+04
 1500479100, 2,3000000000e+02, 1,8400000000e+02, 2,8000000000e+01, 1,6671200000e+01, 5,1890790000e+04
 1500479400, 2,3000000000e+02, 1,8400000000e+02, 2,8000000000e+01, 1,6770900000e+01, 5,1889630000e+04
 1500479700, 2,3000000000e+02, 1,8400000000e+02, 2,8000000000e+01, 1,6856800000e+01, 5,1891190000e+04
 1500480000, 2,3000000000e+02, 1,8400000000e+02, 2,8000000000e+01, 1,6918600000e+01, 5,1891450000e+04
 1500480300, 2,3000000000e+02, 1,8400000000e+02, 2,8000000000e+01, 1,6964100000e+01, 5,1890780000e+04
 1500480600, 2,3000000000e+02, 1,8400000000e+02, 2,8000000000e+01, 1,6978200000e+01, 5,1890770000e+04
 1500480900, 2,3000000000e+02, 1,8400000000e+02, 2,8000000000e+01, 1,7006500000e+01, 5,1889990000e+04
 1500481200, 2,3000000000e+02, 1,8238000000e+02, 2,8000000000e+01, 1,7040100000e+01, 5,1891180000e+04
 1500481500, 2,3000000000e+02, 1,8322000000e+02, 2,8000000000e+01, 1,7046000000e+01, 5,1890610000e+04
 1500481800, 2,3000000000e+02, 1,8400000000e+02, 2,8000000000e+01, 1,7048000000e+01, 5,1890610000e+04
 1500482100, 2,3000000000e+02, 1,8400000000e+02, 2,8000000000e+01, 1,7049900000e+01, 5,1890180000e+04
 1500482400, 2,3000000000e+02, 1,8400000000e+02, 2,7980000000e+01, 1,7046100000e+01, 5,1890420000e+04
 1500482700, 2,3000000000e+02, 1,8400000000e+02, 2,6000000000e+01, 1,7050000000e+01, 5,1890980000e+04
 1500483000, 2,3000000000e+02, 1,8400000000e+02, 2,6000000000e+01, 1,7050000000e+01, 5,1889600000e+04
 1500483300, 2,3000000000e+02, 1,8400000000e+02, 2,6000000000e+01, 1,7050000000e+01, 5,1891020000e+04
 1500483600, 2,3000000000e+02, 1,8400000000e+02, 2,6820000000e+01, 1,7054100000e+01, 5,1890400000e+04
 1500483900, 2,3000000000e+02, 1,8400000000e+02, 2,8000000000e+01, 1,7052000000e+01, 5,1890390000e+04
 1500484200, 2,3000000000e+02, 1,8400000000e+02, 2,8000000000e+01, 1,7066100000e+01, 5,1890200000e+04
 1500484500, 2,3000000000e+02, 1,8400000000e+02, 2,8000000000e+01, 1,7070000000e+01, 5,1889600000e+04
 1500484800, 2,3000000000e+02, 1,8400000000e+02, 2,8000000000e+01, 1,7084100000e+01, 5,1890000000e+04
 1500485100, 2,3000000000e+02, 1,8400000000e+02, 2,8000000000e+01, 1,7084000000e+01, 5,1889190000e+04
 1500485400, 2,3000000000e+02, 1,8400000000e+02, 2,8000000000e+01, 1,7081900000e+01, 5,1889410000e+04
 1500485700, 2,3000000000e+02, 1,8400000000e+02, 2,8000000000e+01, 1,7070000000e+01, 5,1890010000e+04
 1500486000, 2,3000000000e+02, 1,8400000000e+02, 2,8000000000e+01, 1,7057800000e+01, 5,1891183333e+04
 1500486300, 2,3000000000e+02, 1,8400000000e+02, 2,8000000000e+01, 1,7052100000e+01, 5,1891980000e+04
 1500486600, 2,3000000000e+02, 1,8400000000e+02, 2,8000000000e+01, 1,7055900000e+01, 5,1891440000e+04
 1500486900, 2,3000000000e+02, 1,8400000000e+02, 2,8000000000e+01, 1,7054100000e+01, 5,1891770000e+04
 1500487200, 2,3000000000e+02, 1,8400000000e+02, 2,8000000000e+01, 1,7068100000e+01, 5,1892040000e+04
 1500487500, 2,3000000000e+02, 1,8400000000e+02, 2,8000000000e+01, 1,7057800000e+01, 5,1892990000e+04
 1500487800, 2,3000000000e+02, 1,8400000000e+02, 2,8000000000e+01, 1,7056100000e+01, 5,1892130000e+04
 1500488100, 2,3000000000e+02, 1,8400000000e+02, 2,8000000000e+01, 1,6933300000e+01, 5,1876880000e+04
 1500488400, 2,3000000000e+02, 1,8400000000e+02, 2,8000000000e+01, 1,6701900000e+01, 5,1874800000e+04
 1500488700, 2,3000000000e+02, 1,8400000000e+02, 2,8000000000e+01, 1,6520600000e+01, 5,1873990000e+04
 1500489000, 2,3000000000e+02, 1,8400000000e+02, 2,8000000000e+01, 1,6399000000e+01, 5,1874810000e+04
 1500489300, 2,3000000000e+02, 1,8400000000e+02, 2,8000000000e+01, 1,6299100000e+01, 5,1875410000e+04
 1500489600, 2,3000000000e+02, 1,8400000000e+02, 2,8000000000e+01, 1,6219400000e+01, 5,1875210000e+04
 1500489900, 2,3000000000e+02, 1,8400000000e+02, 2,8000000000e+01, 1,6163400000e+01, 5,1875000000e+04
 1500490200, 2,3000000000e+02, 1,8400000000e+02, 2,8000000000e+01, 1,6130000000e+01, 5,1874590000e+04
 1500490500, 2,3000000000e+02, 1,8400000000e+02, 2,8000000000e+01, 1,6121800000e+01, 5,1875000000e+04
 1500490800, 2,3000000000e+02, 1,8400000000e+02, 2,8000000000e+01, 1,6107800000e+01, 5,1875610000e+04
 1500491100, 2,3000000000e+02, 1,8400000000e+02, 2,8000000000e+01, 1,6083800000e+01, 5,1875800000e+04
 1500491400, 2,3000000000e+02, 1,8400000000e+02, 2,8000000000e+01, 1,6090300000e+01, 5,1875810000e+04
 1500491700, 2,3000000000e+02, 1,8400000000e+02, 2,8000000000e+01, 1,6089900000e+01, 5,1875990000e+04
 1500492000, 2,3000000000e+02, 1,8400000000e+02, 2,8000000000e+01, 1,6081700000e+01, 5,1874980000e+04
 1500492300, 2,3000000000e+02, 1,8400000000e+02, 2,8000000000e+01, 1,6053900000e+01, 5,1874200000e+04
 1500492600, 2,3000000000e+02, 1,8400000000e+02, 2,8000000000e+01, 1,6050000000e+01, 5,1874000000e+04
 1500492900, 2,3000000000e+02, 1,8400000000e+02, 2,8000000000e+01, 1,6048000000e+01, 5,1872810000e+04
 1500493200, 2,3000000000e+02, 1,8400000000e+02, 2,8000000000e+01, 1,6050000000e+01, 5,1874200000e+04
 1500493500, 2,3000000000e+02, 1,8400000000e+02, 2,8000000000e+01, 1,6050000000e+01, 5,1875420000e+04
 1500493800, 2,3000000000e+02, 1,8400000000e+02, 2,8000000000e+01, 1,6050000000e+01, 5,1876610000e+04
 1500494100, 2,3000000000e+02, 1,8400000000e+02, 2,8000000000e+01, 1,6050000000e+01, 5,1876790000e+04
 1500494400, 2,3000000000e+02, 1,8400000000e+02, 2,8000000000e+01, 1,6050000000e+01, 5,1877410000e+04
 1500494700, 2,3000000000e+02, 1,8400000000e+02, 2,8000000000e+01, 1,6050000000e+01, 5,1875580000e+04
 1500495000, 2,3000000000e+02, 1,8400000000e+02, 2,8000000000e+01, 1,6050000000e+01, 5,1874800000e+04
 1500495300, 2,3000000000e+02, 1,8400000000e+02, 2,8000000000e+01, 1,6050000000e+01, 5,1874240000e+04
 1500495600, 2,3000000000e+02, 1,8400000000e+02, 2,8000000000e+01, 1,6052100000e+01, 5,1876350000e+04
 1500495900, 2,3000000000e+02, 1,8278000000e+02, 2,8000000000e+01, 1,6053900000e+01, 5,1875220000e+04
 1500496200, 2,3000000000e+02, 1,8200000000e+02, 2,8000000000e+01, 1,6050000000e+01, 5,1875360000e+04
 1500496500, 2,3000000000e+02, 1,8200000000e+02, 2,8000000000e+01, 1,6050000000e+01, 5,1874600000e+04
 1500496800, 2,3000000000e+02, 1,8200000000e+02, 2,8000000000e+01, 1,6048000000e+01, 5,1874000000e+04
 1500497100, 2,3000000000e+02, 1,8200000000e+02, 2,8000000000e+01, 1,6050000000e+01, 5,1874840000e+04
 1500497400, 2,3000000000e+02, 1,8362000000e+02, 2,8000000000e+01, 1,6050000000e+01, 5,1875570000e+04
 1500497700, 2,3000000000e+02, 1,8400000000e+02, 2,8000000000e+01, 1,6050000000e+01, 5,1875806667e+04
 1500498000, 2,3000000000e+02, 1,8400000000e+02, 2,8000000000e+01, 1,6050000000e+01, 5,1875620000e+04
 1500498300, 2,3000000000e+02, 1,8400000000e+02, 2,8000000000e+01, 1,6048000000e+01, 5,1885910000e+04
 1500498600, 2,3000000000e+02, 1,8400000000e+02, 2,8000000000e+01, 1,6052000000e+01, 5,1889020000e+04
 1500498900, 2,3000000000e+02, 1,8400000000e+02, 2,8000000000e+01, 1,6066400000e+01, 5,1888980000e+04
 1500499200, 2,3000000000e+02, 1,8400000000e+02, 2,8000000000e+01, 1,6081700000e+01, 5,1887800000e+04
 1500499500, 2,3000000000e+02, 1,8400000000e+02, 2,8000000000e+01, 1,6053900000e+01, 5,1887610000e+04
 1500499800, 2,3000000000e+02, 1,8400000000e+02, 2,8000000000e+01, 1,6050000000e+01, 5,1889240000e+04
 1500500100, 2,3000000000e+02, 1,8400000000e+02, 2,8000000000e+01, 1,6050000000e+01, 5,1891780000e+04
 1500500400, 2,3000000000e+02, 1,8400000000e+02, 2,8000000000e+01, 1,6050000000e+01, 5,1890200000e+04
 1500500700, 2,3000000000e+02, 1,8400000000e+02, 2,8000000000e+01, 1,6050000000e+01, 5,1892420000e+04
 1500501000, 2,3000000000e+02, 1,8400000000e+02, 2,8000000000e+01, 1,6050000000e+01, 5,1890780000e+04
 1500501300, 2,3000000000e+02, 1,8278000000e+02, 2,8000000000e+01, 1,6050000000e+01, 5,1892820000e+04
 1500501600, 2,3000000000e+02, 1,8281333333e+02, 2,8000000000e+01, 1,6050000000e+01, 5,1891806667e+04
 1500501900, 2,3000000000e+02, 1,8358666667e+02, 2,8000000000e+01, 1,6050000000e+01, 5,1891993333e+04
 1500502200, 2,3000000000e+02, 1,8200000000e+02, 2,7986666667e+01, 1,6050000000e+01, 5,1891620000e+04
 1500502500, 2,3000000000e+02, 1,8200000000e+02, 2,6000000000e+01, 1,6050066667e+01, 5,1892586667e+04
 1500502800, 2,3000000000e+02, 1,8361333333e+02, 2,7613333333e+01, 1,6055933333e+01, 5,1892600000e+04
 1500503100, 2,3000000000e+02, 1,8400000000e+02, 2,8000000000e+01, 1,6050000000e+01, 5,1890993333e+04
 1500503400, 2,3000000000e+02, 1,8400000000e+02, 2,8000000000e+01, 1,6050000000e+01, 5,1890200000e+04
 1500503700, 2,3000000000e+02, 1,8400000000e+02, 2,8000000000e+01, 1,6050000000e+01, 5,1891186667e+04
 1500504000, 2,3000000000e+02, 1,8400000000e+02, 2,8000000000e+01, 1,6052000000e+01, 5,1896060000e+04
 1500504300, 2,3000000000e+02, 1,8400000000e+02, 2,8000000000e+01, 1,6050000000e+01, 5,1897193333e+04
 1500504600, 2,3000000000e+02, 1,8238666667e+02, 2,8000000000e+01, 1,6050000000e+01, 5,1897393333e+04
 1500504900, 2,3000000000e+02, 1,8200000000e+02, 2,8000000000e+01, 1,6050000000e+01, 5,1896386667e+04
 1500505200, 2,3000000000e+02, 1,8200000000e+02, 2,8000000000e+01, 1,6064066667e+01, 5,1895400000e+04
 1500505500, 2,3000000000e+02, 1,8200000000e+02, 2,8000000000e+01, 1,6051933333e+01, 5,1896413333e+04
 1500505800, 2,3000000000e+02, 1,8201333333e+02, 2,8000000000e+01, 1,6050066667e+01, 5,1900460000e+04
 1500506100, 2,3000000000e+02, 1,8400000000e+02, 2,8000000000e+01, 1,6057933333e+01, 5,1904193333e+04
 1500506400, 2,3000000000e+02, 1,8400000000e+02, 2,8000000000e+01, 1,6050000000e+01, 5,1904406667e+04
 1500506700, 2,3000000000e+02, 1,8400000000e+02, 2,8000000000e+01, 1,6052000000e+01, 5,1904200000e+04
 1500507000, 2,3000000000e+02, 1,8400000000e+02, 2,8000000000e+01, 1,6052000000e+01, 5,1905400000e+04
 1500507300, 2,3000000000e+02, 1,8358666667e+02, 2,8000000000e+01, 1,6050000000e+01, 5,1903993333e+04
 1500507600, 2,3000000000e+02, 1,8201333333e+02, 2,8000000000e+01, 1,6050000000e+01, 5,1904986667e+04
 1500507900, 2,3000000000e+02, 1,8400000000e+02, 2,8000000000e+01, 1,6050000000e+01, 5,1901206667e+04
 1500508200, 2,3000000000e+02, 1,8400000000e+02, 2,8000000000e+01, 1,6050000000e+01, 5,1901986667e+04
 1500508500, 2,3000000000e+02, 1,8400000000e+02, 2,8000000000e+01, 1,6043933333e+01, 5,1900833333e+04
 1500508800, 2,3000000000e+02, 1,8400000000e+02, 2,8000000000e+01, 1,6048066667e+01, 5,1904600000e+04
 1500509100, 2,3000000000e+02, 1,8400000000e+02, 2,8000000000e+01, 1,6050000000e+01, 5,1904000000e+04
 1500509400, 2,3000000000e+02, 1,8400000000e+02, 2,8000000000e+01, 1,6050000000e+01, 5,1907840000e+04
 1500509700, 2,3000000000e+02, 1,8400000000e+02, 2,8000000000e+01, 1,6050000000e+01, 5,1909413333e+04
 1500510000, 2,3000000000e+02, 1,8400000000e+02, 2,6386666667e+01, 1,6050000000e+01, 5,1909786667e+04
 1500510300, 2,3000000000e+02, 1,8400000000e+02, 2,7213333333e+01, 1,6050000000e+01, 5,1910613333e+04
 1500510600, 2,3000000000e+02, 1,8318666667e+02, 2,8000000000e+01, 1,6050000000e+01, 5,1911406667e+04
 1500510900, 2,3000000000e+02, 1,8241333333e+02, 2,7586666667e+01, 1,6056000000e+01, 5,1910346667e+04
 1500511200, 2,3000000000e+02, 1,8398666667e+02, 2,6013333333e+01, 1,6050000000e+01, 5,1909820000e+04
 1500511500, 2,3000000000e+02, 1,8200000000e+02, 2,8000000000e+01, 1,6050000000e+01, 5,1910186667e+04
 1500511800, 2,3000000000e+02, 1,8361333333e+02, 2,8000000000e+01, 1,6050000000e+01, 5,1910200000e+04
 1500512100, 2,3000000000e+02, 1,8278666667e+02, 2,8000000000e+01, 1,6045866667e+01, 5,1909413333e+04
 1500512400, 2,3000000000e+02, 1,8200000000e+02, 2,8000000000e+01, 1,6044133333e+01, 5,1910606667e+04
 1500512700, 2,3000000000e+02, 1,8200000000e+02, 2,8000000000e+01, 1,6050000000e+01, 5,1910386667e+04
 1500513000, 2,3000000000e+02, 1,8200000000e+02, 2,8013333333e+01, 1,6050000000e+01, 5,1910606667e+04
 1500513300, 2,3000000000e+02, 1,8200000000e+02, 3,0000000000e+01, 1,6050000000e+01, 5,1910586667e+04
 1500513600, 2,3000000000e+02, 1,8200000000e+02, 2,8386666667e+01, 1,6050000000e+01, 5,1911633333e+04
 1500513900, 2,3000000000e+02, 1,8200000000e+02, 2,8000000000e+01, 1,6050000000e+01, 5,1911780000e+04
 1500514200, 2,3000000000e+02, 1,8200000000e+02, 2,8000000000e+01, 1,6050000000e+01, 5,1910600000e+04
 1500514500, 2,3000000000e+02, 1,8200000000e+02, 2,8000000000e+01, 1,6050000000e+01, 5,1910193333e+04
 1500514800, 2,3000000000e+02, 1,8200000000e+02, 2,8000000000e+01, 1,6050000000e+01, 5,1909803333e+04
 1500515100, 2,3000000000e+02, 1,8200000000e+02, 2,8000000000e+01, 1,6050133333e+01, 5,1910593333e+04
 1500515400, 2,3000000000e+02, 1,8200000000e+02, 2,8000000000e+01, 1,6061933333e+01, 5,1911220000e+04
 1500515700, 2,3000000000e+02, 1,8200000000e+02, 2,8000000000e+01, 1,6055933333e+01, 5,1914006667e+04
 1500516000, 2,3000000000e+02, 1,8200000000e+02, 2,8000000000e+01, 1,6050000000e+01, 5,1913593333e+04
 1500516300, 2,3000000000e+02, 1,8200000000e+02, 2,8000000000e+01, 1,6050066667e+01, 5,1914200000e+04
 1500516600, 2,3000000000e+02, 1,8200000000e+02, 2,8000000000e+01, 1,6059933333e+01, 5,1913206667e+04
 1500516900, 2,3000000000e+02, 1,8200000000e+02, 2,8000000000e+01, 1,6050000000e+01, 5,1914593333e+04
 1500517200, 2,3000000000e+02, 1,8200000000e+02, 2,8000000000e+01, 1,6050000000e+01, 5,1912400000e+04
 1500517500, 2,3000000000e+02, 1,8200000000e+02, 2,8000000000e+01, 1,6050000000e+01, 5,1911400000e+04
 1500517800, 2,3000000000e+02, 1,8200000000e+02, 2,8000000000e+01, 1,6050000000e+01, 5,1911800000e+04
 1500518100, 2,3000000000e+02, 1,8200000000e+02, 2,8000000000e+01, 1,6050000000e+01, 5,1912806667e+04
 1500518400, 2,3000000000e+02, 1,8200000000e+02, 2,7986666667e+01, 1,6050000000e+01, 5,1911786667e+04
 1500518700, 2,3000000000e+02, 1,8200000000e+02, 2,6000000000e+01, 1,6050000000e+01, 5,1912006667e+04
 1500519000, 2,3000000000e+02, 1,8361333333e+02, 2,7613333333e+01, 1,6050000000e+01, 5,1912406667e+04
 1500519300, 2,3000000000e+02, 1,8400000000e+02, 2,8000000000e+01, 1,6050000000e+01, 5,1916826667e+04
 1500519600, 2,3000000000e+02, 1,8400000000e+02, 2,8000000000e+01, 1,6050000000e+01, 5,1917193333e+04
 1500519900, 2,3000000000e+02, 1,8400000000e+02, 2,8000000000e+01, 1,6050000000e+01, 5,1919206667e+04
 1500520200, 2,3000000000e+02, 1,8398666667e+02, 2,8000000000e+01, 1,6054000000e+01, 5,1916806667e+04
 1500520500, 2,3000000000e+02, 1,8200000000e+02, 2,8000000000e+01, 1,6050000000e+01, 5,1916586667e+04
 1500520800, 2,3000000000e+02, 1,8200000000e+02, 2,8000000000e+01, 1,6050000000e+01, 5,1916206667e+04
 1500521100, 2,3000000000e+02, 1,8200000000e+02, 2,8000000000e+01, 1,6050000000e+01, 5,1916213333e+04
 1500521400, 2,3000000000e+02, 1,8200000000e+02, 2,8000000000e+01, 1,6050066667e+01, 5,1918380000e+04
 1500521700, 2,3000000000e+02, 1,8200000000e+02, 2,8000000000e+01, 1,6051933333e+01, 5,1916820000e+04
 1500522000, 2,3000000000e+02, 1,8200000000e+02, 2,8000000000e+01, 1,6050000000e+01, 5,1917206667e+04
 1500522300, 2,3000000000e+02, 1,8200000000e+02, 2,8000000000e+01, 1,6050000000e+01, 5,1918793333e+04
 1500522600, 2,3000000000e+02, 1,8200000000e+02, 2,8000000000e+01, 1,6050000000e+01, 5,1919220000e+04
 1500522900, 2,3000000000e+02, 1,8200000000e+02, 2,8000000000e+01, 1,6056000000e+01, 5,1925013333e+04
 1500523200, 2,3000000000e+02, 1,8200000000e+02, 2,8000000000e+01, 1,6060066667e+01, 5,1924013333e+04
 1500523500, 2,3000000000e+02, 1,8200000000e+02, 2,8000000000e+01, 1,6055933333e+01, 5,1923186667e+04
 1500523800, 2,3000000000e+02, 1,8200000000e+02, 2,8000000000e+01, 1,6050000000e+01, 5,1922406667e+04
 1500524100, 2,3000000000e+02, 1,8200000000e+02, 2,8000000000e+01, 1,6054133333e+01, 5,1933486667e+04
 1500524400, 2,3000000000e+02, 1,8200000000e+02, 2,8000000000e+01, 1,6063866667e+01, 5,1936000000e+04
 1500524700, 2,3000000000e+02, 1,8321333333e+02, 2,8000000000e+01, 1,6045933333e+01, 5,1941273333e+04
 1500525000, 2,3000000000e+02, 1,8318666667e+02, 2,8000000000e+01, 1,6040066667e+01, 5,1944793333e+04
 1500525300, 2,3000000000e+02, 1,8241333333e+02, 2,8000000000e+01, 1,6050000000e+01, 5,1955500000e+04
 1500525600, 2,3000000000e+02, 1,8400000000e+02, 2,8000000000e+01, 1,6052000000e+01, 5,1957206667e+04
 1500525900, 2,3000000000e+02, 1,8400000000e+02, 2,8000000000e+01, 1,6050000000e+01, 5,1959013333e+04
 1500526200, 2,3000000000e+02, 1,8400000000e+02, 2,8000000000e+01, 1,6050000000e+01, 5,1962206667e+04
 1500526500, 2,3000000000e+02, 1,8400000000e+02, 2,8000000000e+01, 1,6050000000e+01, 5,1965793333e+04
 1500526800, 2,3000000000e+02, 1,8318666667e+02, 2,8000000000e+01, 1,6049933333e+01, 5,1965800000e+04
 1500527100, 2,3000000000e+02, 1,8241333333e+02, 2,7586666667e+01, 1,6044066667e+01, 5,1965813333e+04
 1500527400, 2,3000000000e+02, 1,8398666667e+02, 2,6013333333e+01, 1,6050000000e+01, 5,1967406667e+04
 1500527700, 2,3000000000e+02, 1,8200000000e+02, 2,8000000000e+01, 1,6050000000e+01, 5,1967200000e+04
 1500528000, 2,3000000000e+02, 1,8200000000e+02, 2,8000000000e+01, 1,6050000000e+01, 5,1968193333e+04
 1500528300, 2,3000000000e+02, 1,8200000000e+02, 2,8000000000e+01, 1,6050000000e+01, 5,1968600000e+04
 1500528600, 2,3000000000e+02, 1,8200000000e+02, 2,8000000000e+01, 1,6049933333e+01, 5,1968406667e+04
 1500528900, 2,3000000000e+02, 1,8200000000e+02, 2,8000000000e+01, 1,6044133333e+01, 5,1968600000e+04
 1500529200, 2,3000000000e+02, 1,8200000000e+02, 2,8000000000e+01, 1,6053933333e+01, 5,1967586667e+04
 1500529500, 2,3000000000e+02, 1,8200000000e+02, 2,8000000000e+01, 1,6050066667e+01, 5,1966806667e+04
 1500529800, 2,3000000000e+02, 1,8200000000e+02, 2,8000000000e+01, 1,6051933333e+01, 5,1965993333e+04
 1500530100, 2,3000000000e+02, 1,8200000000e+02, 2,8000000000e+01, 1,6052000000e+01, 5,1968020000e+04
 1500530400, 2,3000000000e+02, 1,8200000000e+02, 2,8000000000e+01, 1,6050000000e+01, 5,1969006667e+04
 1500530700, 2,3000000000e+02, 1,8241333333e+02, 2,8000000000e+01, 1,6050000000e+01, 5,1968793333e+04
 1500531000, 2,3000000000e+02, 1,8400000000e+02, 2,8000000000e+01, 1,6050000000e+01, 5,1968186667e+04
 1500531300, 2,3000000000e+02, 1,8400000000e+02, 2,8000000000e+01, 1,6050000000e+01, 5,1968206667e+04
 1500531600, 2,3000000000e+02, 1,8238666667e+02, 2,8000000000e+01, 1,6050000000e+01, 5,1969000000e+04
 1500531900, 2,3000000000e+02, 1,8200000000e+02, 2,8000000000e+01, 1,6050000000e+01, 5,1968786667e+04
 1500532200, 2,3000000000e+02, 1,8200000000e+02, 2,8000000000e+01, 1,6050000000e+01, 5,1966213333e+04
 1500532500, 2,3000000000e+02, 1,8200000000e+02, 2,8000000000e+01, 1,6050000000e+01, 5,1967400000e+04
 1500532800, 2,3000000000e+02, 1,8200000000e+02, 2,8000000000e+01, 1,6056000000e+01, 5,1966986667e+04
 1500533100, 2,3000000000e+02, 1,8200000000e+02, 2,8000000000e+01, 1,6050000000e+01, 5,1966000000e+04
 1500533400, 2,3000000000e+02, 1,8200000000e+02, 2,8000000000e+01, 1,6050000000e+01, 5,1968200000e+04
 1500533700, 2,3000000000e+02, 1,8200000000e+02, 2,8000000000e+01, 1,6050000000e+01, 5,1968393333e+04
 1500534000, 2,3000000000e+02, 1,8200000000e+02, 2,8000000000e+01, 1,6050000000e+01, 5,1967406667e+04
 1500534300, 2,3000000000e+02, 1,8200000000e+02, 2,7586666667e+01, 1,6050000000e+01, 5,1966600000e+04
 1500534600, 2,3000000000e+02, 1,8201333333e+02, 2,6013333333e+01, 1,6050000000e+01, 5,1968213333e+04
 1500534900, 2,3000000000e+02, 1,8400000000e+02, 2,8000000000e+01, 1,6050000000e+01, 5,1970386667e+04
 1500535200, 2,3000000000e+02, 1,8400000000e+02, 2,8000000000e+01, 1,6058000000e+01, 5,1969420000e+04
 1500535500, 2,3000000000e+02, 1,8278666667e+02, 2,8000000000e+01, 1,6050000000e+01, 5,1970613333e+04
 1500535800, 2,3000000000e+02, 1,8200000000e+02, 2,8000000000e+01, 1,6050000000e+01, 5,1971406667e+04
 1500536100, 2,3000000000e+02, 1,8200000000e+02, 2,8000000000e+01, 1,6052066667e+01, 5,1971186667e+04
 1500536400, 2,3000000000e+02, 1,8200000000e+02, 2,8000000000e+01, 1,6058000000e+01, 5,1971206667e+04
 1500536700, 2,3000000000e+02, 1,8200000000e+02, 2,8000000000e+01, 1,6053933333e+01, 5,1970600000e+04
 1500537000, 2,3000000000e+02, 1,8200000000e+02, 2,9613333333e+01, 1,6050000000e+01, 5,1971400000e+04
 1500537300, 2,3000000000e+02, 1,8200000000e+02, 3,0000000000e+01, 1,6050000000e+01, 5,1971806667e+04
 1500537600, 2,3000000000e+02, 1,8200000000e+02, 2,9186666667e+01, 1,6050000000e+01, 5,1971180000e+04
 1500537900, 2,3000000000e+02, 1,8200000000e+02, 2,8000000000e+01, 1,6056000000e+01, 5,1969380000e+04
 1500538200, 2,3000000000e+02, 1,8200000000e+02, 2,8000000000e+01, 1,6050000000e+01, 5,1968220000e+04
 1500538500, 2,3000000000e+02, 1,8200000000e+02, 2,8000000000e+01, 1,6046000000e+01, 5,1968606667e+04
 1500538800, 2,3000000000e+02, 1,8200000000e+02, 2,8000000000e+01, 1,6050000000e+01, 5,1969206667e+04
 1500539100, 2,3000000000e+02, 1,8200000000e+02, 2,8000000000e+01, 1,6050000000e+01, 5,1970593333e+04
 1500539400, 2,3000000000e+02, 1,8200000000e+02, 2,8000000000e+01, 1,6048000000e+01, 5,1970213333e+04
 1500539700, 2,3000000000e+02, 1,8200000000e+02, 2,8000000000e+01, 1,6050000000e+01, 5,1973493333e+04
 1500540000, 2,3000000000e+02, 1,8200000000e+02, 2,8000000000e+01, 1,6050000000e+01, 5,1985180000e+04
 1500540300, 2,3000000000e+02, 1,8200000000e+02, 2,8000000000e+01, 1,6052000000e+01, 5,1983213333e+04
 1500540600, 2,3000000000e+02, 1,8361333333e+02, 2,8000000000e+01, 1,6050000000e+01, 5,1982993333e+04
 1500540900, 2,3000000000e+02, 1,8278666667e+02, 2,8000000000e+01, 1,6050000000e+01, 5,1989486667e+04
 1500541200, 2,3000000000e+02, 1,8200000000e+02, 2,8000000000e+01, 1,6050000000e+01, 5,1997200000e+04
 1500541500, 2,3000000000e+02, 1,8241333333e+02, 2,8000000000e+01, 1,6050000000e+01, 5,1997590000e+04
 1500541800, 2,3000000000e+02, 1,8400000000e+02, 2,8000000000e+01, 1,6050000000e+01, 5,1998300000e+04
 1500542100, 2,3000000000e+02, 1,8400000000e+02, 2,8000000000e+01, 1,6050000000e+01, 5,2011393333e+04
 1500542400, 2,3000000000e+02, 1,8238666667e+02, 2,8000000000e+01, 1,6052000000e+01, 5,2010386667e+04
 1500542700, 2,3000000000e+02, 1,8200000000e+02, 2,8000000000e+01, 1,6052000000e+01, 5,2010806667e+04
 1500543000, 2,3000000000e+02, 1,8200000000e+02, 2,8000000000e+01, 1,6050000000e+01, 5,2013033333e+04
 1500543300, 2,3000000000e+02, 1,8241333333e+02, 2,8000000000e+01, 1,6050000000e+01, 5,2015400000e+04
 1500543600, 2,3000000000e+02, 1,8400000000e+02, 2,8000000000e+01, 1,6050000000e+01, 5,2015600000e+04
 1500543900, 2,3000000000e+02, 1,8400000000e+02, 2,8000000000e+01, 1,6050000000e+01, 5,2018673333e+04
 1500544200, 2,3000000000e+02, 1,8400000000e+02, 2,8000000000e+01, 1,6054000000e+01, 5,2026586667e+04
 1500544500, 2,3000000000e+02, 1,8400000000e+02, 2,8000000000e+01, 1,6050000000e+01, 5,2025413333e+04
 1500544800, 2,3000000000e+02, 1,8400000000e+02, 2,8000000000e+01, 1,6041933333e+01, 5,2025393333e+04
 1500545100, 2,3000000000e+02, 1,8358666667e+02, 2,8000000000e+01, 1,6048066667e+01, 5,2024993333e+04
 1500545400, 2,3000000000e+02, 1,8201333333e+02, 2,8000000000e+01, 1,6050000000e+01, 5,2025406667e+04
 1500545700, 2,3000000000e+02, 1,8400000000e+02, 2,8000000000e+01, 1,6045933333e+01, 5,2027626667e+04
 1500546000, 2,3000000000e+02, 1,8400000000e+02, 2,8000000000e+01, 1,6048066667e+01, 5,2027986667e+04
 1500546300, 2,3000000000e+02, 1,8400000000e+02, 2,8000000000e+01, 1,6050000000e+01, 5,2028200000e+04
 1500546600, 2,3000000000e+02, 1,8400000000e+02, 2,8000000000e+01, 1,6050000000e+01, 5,2028013333e+04
 1500546900, 2,3000000000e+02, 1,8400000000e+02, 2,8000000000e+01, 1,6050000000e+01, 5,2028793333e+04
 1500547200, 2,3000000000e+02, 1,8400000000e+02, 2,8000000000e+01, 1,6041933333e+01, 5,2030013333e+04
 1500547500, 2,3000000000e+02, 1,8400000000e+02, 2,8000000000e+01, 1,6040000000e+01, 5,2029000000e+04
 1500547800, 2,3000000000e+02, 1,8400000000e+02, 2,8000000000e+01, 1,6040000000e+01, 5,2029400000e+04
 1500548100, 2,3000000000e+02, 1,8278666667e+02, 2,8000000000e+01, 1,6044066667e+01, 5,2028986667e+04
 1500548400, 2,3000000000e+02, 1,8200000000e+02, 2,8000000000e+01, 1,6049933333e+01, 5,2028400000e+04
 1500548700, 2,3000000000e+02, 1,8200000000e+02, 2,8000000000e+01, 1,6048066667e+01, 5,2028193333e+04
 1500549000, 2,3000000000e+02, 1,8200000000e+02, 2,8000000000e+01, 1,6050000000e+01, 5,2028413333e+04
 1500549300, 2,3000000000e+02, 1,8200000000e+02, 2,8000000000e+01, 1,6050000000e+01, 5,2030806667e+04
 1500549600, 2,3000000000e+02, 1,8200000000e+02, 2,8000000000e+01, 1,6050000000e+01, 5,2029993333e+04
 1500549900, 2,3000000000e+02, 1,8200000000e+02, 2,8000000000e+01, 1,6050000000e+01, 5,2028593333e+04
 1500550200, 2,3000000000e+02, 1,8200000000e+02, 2,8000000000e+01, 1,6050000000e+01, 5,2028800000e+04
 1500550500, 2,3000000000e+02, 1,8200000000e+02, 2,8000000000e+01, 1,6050000000e+01, 5,2027813333e+04
 1500550800, 2,3000000000e+02, 1,8201333333e+02, 2,8000000000e+01, 1,6048000000e+01, 5,2033646667e+04
 1500551100, 2,3000000000e+02, 1,8400000000e+02, 2,8000000000e+01, 1,6050000000e+01, 5,2037400000e+04
 1500551400, 2,3000000000e+02, 1,8400000000e+02, 2,8000000000e+01, 1,6050000000e+01, 5,2036793333e+04
 1500551700, 2,3000000000e+02, 1,8400000000e+02, 2,8000000000e+01, 1,6052000000e+01, 5,2035593333e+04
 1500552000, 2,3000000000e+02, 1,8318666667e+02, 2,8000000000e+01, 1,6056066667e+01, 5,2035606667e+04
 1500552300, 2,3000000000e+02, 1,8200000000e+02, 2,8000000000e+01, 1,6051933333e+01, 5,2035600000e+04
 1500552600, 2,3000000000e+02, 1,8200000000e+02, 2,8006666667e+01, 1,6050033333e+01, 5,2036016667e+04
 1500552900, 2,3000000000e+02, 1,8200000000e+02, 3,0000000000e+01, 1,6053933333e+01, 5,2037000000e+04
 1500553200, 2,3000000000e+02, 1,8200000000e+02, 2,8386666667e+01, 1,6045933333e+01, 5,2037593333e+04
 1500553500, 2,3000000000e+02, 1,8200000000e+02, 2,8000000000e+01, 1,6040000000e+01, 5,2036193333e+04
 1500553800, 2,3000000000e+02, 1,8200000000e+02, 2,8000000000e+01, 1,6046066667e+01, 5,2036220000e+04
 1500554100, 2,3000000000e+02, 1,8200000000e+02, 2,8000000000e+01, 1,6052000000e+01, 5,2037793333e+04
 1500554400, 2,3000000000e+02, 1,8200000000e+02, 2,8000000000e+01, 1,6060066667e+01, 5,2036586667e+04
 1500554700, 2,3000000000e+02, 1,8200000000e+02, 2,8000000000e+01, 1,6053933333e+01, 5,2038460000e+04
 1500555000, 2,3000000000e+02, 1,8200000000e+02, 2,8000000000e+01, 1,6050066667e+01, 5,2043186667e+04
 1500555300, 2,3000000000e+02, 1,8200000000e+02, 2,8000000000e+01, 1,6055933333e+01, 5,2043606667e+04
 1500555600, 2,3000000000e+02, 1,8200000000e+02, 2,8000000000e+01, 1,6050000000e+01, 5,2043006667e+04
 1500555900, 2,3000000000e+02, 1,8200000000e+02, 2,8000000000e+01, 1,6050000000e+01, 5,2042400000e+04
 1500556200, 2,3000000000e+02, 1,8201333333e+02, 2,8000000000e+01, 1,6050000000e+01, 5,2044226667e+04
 1500556500, 2,3000000000e+02, 1,8400000000e+02, 2,8000000000e+01, 1,6050000000e+01, 5,2044153333e+04
 1500556800, 2,3000000000e+02, 1,8400000000e+02, 2,8000000000e+01, 1,6050000000e+01, 5,2043400000e+04
 1500557100, 2,3000000000e+02, 1,8400000000e+02, 2,8000000000e+01, 1,6050000000e+01, 5,2045026667e+04
 1500557400, 2,3000000000e+02, 1,8318666667e+02, 2,8000000000e+01, 1,6050000000e+01, 5,2047206667e+04
 1500557700, 2,3000000000e+02, 1,8241333333e+02, 2,8000000000e+01, 1,6052000000e+01, 5,2048206667e+04
 1500558000, 2,3000000000e+02, 1,8400000000e+02, 2,8000000000e+01, 1,6050000000e+01, 5,2047186667e+04
 1500558300, 2,3000000000e+02, 1,8400000000e+02, 2,8000000000e+01, 1,6050000000e+01, 5,2048420000e+04
 1500558600, 2,3000000000e+02, 1,8238666667e+02, 2,8000000000e+01, 1,6050000000e+01, 5,2047786667e+04
 1500558900, 2,3000000000e+02, 1,8200000000e+02, 2,8000000000e+01, 1,6050000000e+01, 5,2049006667e+04
 1500559200, 2,3000000000e+02, 1,8200000000e+02, 2,8000000000e+01, 1,6050000000e+01, 5,2049200000e+04
 1500559500, 2,3000000000e+02, 1,8200000000e+02, 2,8000000000e+01, 1,6050000000e+01, 5,2049606667e+04
 1500559800, 2,3000000000e+02, 1,8200000000e+02, 2,8000000000e+01, 1,6050000000e+01, 5,2048000000e+04
 1500560100, 2,3000000000e+02, 1,8200000000e+02, 2,8000000000e+01, 1,6050000000e+01, 5,2047786667e+04
 1500560400, 2,3000000000e+02, 1,8200000000e+02, 2,9613333333e+01, 1,6048000000e+01, 5,2048806667e+04
 1500560700, 2,3000000000e+02, 1,8200000000e+02, 2,8786666667e+01, 1,6052000000e+01, 5,2048406667e+04
 1500561000, 2,3000000000e+02, 1,8200000000e+02, 2,8000000000e+01, 1,6056066667e+01, 5,2049600000e+04
 1500561300, 2,3000000000e+02, 1,8200000000e+02, 2,8000000000e+01, 1,6055933333e+01, 5,2049000000e+04
 1500561600, 2,3000000000e+02, 1,8200000000e+02, 2,8000000000e+01, 1,6050000000e+01, 5,2048186667e+04
 1500561900, 2,3000000000e+02, 1,8200000000e+02, 2,8000000000e+01, 1,6050000000e+01, 5,2048606667e+04
 1500562200, 2,3000000000e+02, 1,8200000000e+02, 2,8000000000e+01, 1,6050000000e+01, 5,2049606667e+04
 1500562500, 2,3000000000e+02, 1,8200000000e+02, 2,8000000000e+01, 1,6050000000e+01, 5,2050400000e+04
 1500562800, 2,3000000000e+02, 1,8200000000e+02, 2,8000000000e+01, 1,6050000000e+01, 5,2049006667e+04
 1500563100, 2,2896666667e+02, 1,8158666667e+02, 2,8000000000e+01, 1,6050000000e+01, 5,2049593333e+04
 1500563400, 2,2503333333e+02, 1,8001333333e+02, 2,8000000000e+01, 1,6050000000e+01, 5,2048186667e+04
 1500563700, 2,3000000000e+02, 1,8200000000e+02, 2,8000000000e+01, 1,6050000000e+01, 5,2048220000e+04
 1500564000, 2,3000000000e+02, 1,8200000000e+02, 2,8000000000e+01, 1,6050000000e+01, 5,2048993333e+04
 1500564300, 2,3000000000e+02, 1,8200000000e+02, 2,8000000000e+01, 1,6050000000e+01, 5,2050406667e+04
 1500564600, 2,3000000000e+02, 1,8281333333e+02, 2,8000000000e+01, 1,6052400000e+01, 5,2050266667e+04
 1500564900, 2,3000000000e+02, 1,8358666667e+02, 2,8000000000e+01, 1,6223800000e+01, 5,2061400000e+04
 1500565200, 2,2940000000e+02, 1,8142666667e+02, 2,7973333333e+01, 1,6473333333e+01, 5,2061400000e+04
 1500565500, 1,4000000000e+02, 9,6000000000e+01, 2,4000000000e+01, 1,6634933333e+01, 5,2061593333e+04
 1500565800, 2,1260000000e+02, 1,6537333333e+02, 2,7226666667e+01, 1,6760600000e+01, 5,2059013333e+04
 1500566100, 2,3000000000e+02, 1,8200000000e+02, 2,8000000000e+01, 1,6848533333e+01, 5,2061186667e+04
 1500566400, 2,3000000000e+02, 1,8200000000e+02, 2,8000000000e+01, 1,6906333333e+01, 5,2059006667e+04
 1500566700, 2,3000000000e+02, 1,8200000000e+02, 2,8000000000e+01, 1,6952200000e+01, 5,2059793333e+04
 1500567000, 2,3000000000e+02, 1,8200000000e+02, 2,8000000000e+01, 1,6990333333e+01, 5,2059396667e+04
 1500567300, 2,3000000000e+02, 1,8200000000e+02, 2,8000000000e+01, 1,7028200000e+01, 5,2060400000e+04
 1500567600, 2,2596666667e+02, 1,7877333333e+02, 2,8000000000e+01, 1,7052066667e+01, 5,2059393333e+04
 1500567900, 2,2803333333e+02, 1,8042666667e+02, 2,8000000000e+01, 1,7054000000e+01, 5,2059606667e+04
 1500568200, 2,3000000000e+02, 1,8200000000e+02, 2,8000000000e+01, 1,7049933333e+01, 5,2060193333e+04
 1500568500, 2,3000000000e+02, 1,8200000000e+02, 2,8000000000e+01, 1,7052000000e+01, 5,2061206667e+04
 1500568800, 2,3000000000e+02, 1,8200000000e+02, 2,8000000000e+01, 1,7050000000e+01, 5,2059793333e+04
 1500569100, 2,3000000000e+02, 1,8200000000e+02, 2,8000000000e+01, 1,7048000000e+01, 5,2059006667e+04
 1500569400, 2,3000000000e+02, 1,8200000000e+02, 2,9613333333e+01, 1,7050000000e+01, 5,2060213333e+04
 1500569700, 2,2696666667e+02, 1,7957333333e+02, 2,8786666667e+01, 1,7052000000e+01, 5,2060186667e+04
 1500570000, 2,2703333333e+02, 1,7962666667e+02, 2,8000000000e+01, 1,7050000000e+01, 5,2059806667e+04
 1500570300, 2,3000000000e+02, 1,8200000000e+02, 2,8413333333e+01, 1,7054000000e+01, 5,2060986667e+04
 1500570600, 2,3000000000e+02, 1,8200000000e+02, 2,9986666667e+01, 1,7050000000e+01, 5,2059000000e+04
 1500570900, 2,3000000000e+02, 1,8200000000e+02, 2,8000000000e+01, 1,7045933333e+01, 5,2058226667e+04
 1500571200, 2,3000000000e+02, 1,8200000000e+02, 2,9613333333e+01, 1,7046066667e+01, 5,2060006667e+04
 1500571500, 2,3000000000e+02, 1,8200000000e+02, 2,8786666667e+01, 1,7044000000e+01, 5,2060820000e+04
 1500571800, 2,1576666667e+02, 1,6817333333e+02, 2,7186666667e+01, 1,7050000000e+01, 5,2061353333e+04
 1500572100, 2,0223333333e+02, 1,5502666667e+02, 2,6413333333e+01, 1,7050000000e+01, 5,2063046667e+04
 1500572400, 2,3000000000e+02, 1,8200000000e+02, 2,8000000000e+01, 1,7048000000e+01, 5,2066780000e+04
 1500572700, 2,3000000000e+02, 1,8200000000e+02, 2,8000000000e+01, 1,7054000000e+01, 5,2065613333e+04
 1500573000, 2,3000000000e+02, 1,8200000000e+02, 2,8000000000e+01, 1,7054066667e+01, 5,2065993333e+04
 1500573300, 2,3000000000e+02, 1,8200000000e+02, 2,8000000000e+01, 1,7057966667e+01, 5,2067010000e+04
 1500573600, 2,3000000000e+02, 1,8200000000e+02, 2,8000000000e+01, 1,7052066667e+01, 5,2067200000e+04
 1500573900, 2,3000000000e+02, 1,8200000000e+02, 2,8000000000e+01, 1,7072133333e+01, 5,2067993333e+04
 1500574200, 2,3000000000e+02, 1,8200000000e+02, 2,8000000000e+01, 1,7075866667e+01, 5,2067420000e+04
 1500574500, 2,3000000000e+02, 1,8200000000e+02, 2,8000000000e+01, 1,7055933333e+01, 5,2069400000e+04
 1500574800, 2,3000000000e+02, 1,8200000000e+02, 2,8000000000e+01, 1,7052000000e+01, 5,2069393333e+04
 1500575100, 2,3000000000e+02, 1,8321333333e+02, 2,8000000000e+01, 1,7049933333e+01, 5,2068326667e+04
 1500575400, 2,3000000000e+02, 1,8318666667e+02, 2,7186666667e+01, 1,6920133333e+01, 5,2053173333e+04
 1500575700, 2,3000000000e+02, 1,8200000000e+02, 2,6413333333e+01, 1,6676733333e+01, 5,2052193333e+04
 1500576000, 2,3000000000e+02, 1,8200000000e+02, 2,8000000000e+01, 1,6503000000e+01, 5,2052393333e+04
 1500576300, 2,3000000000e+02, 1,8200000000e+02, 2,8000000000e+01, 1,6371333333e+01, 5,2052613333e+04
 1500576600, 2,3000000000e+02, 1,8200000000e+02, 2,8000000000e+01, 1,6277466667e+01, 5,2054213333e+04
 1500576900, 2,3000000000e+02, 1,8200000000e+02, 2,8000000000e+01, 1,6211666667e+01, 5,2055793333e+04
 1500577200, 2,3000000000e+02, 1,8200000000e+02, 2,8000000000e+01, 1,6161733333e+01, 5,2054606667e+04
 1500577500, 2,3000000000e+02, 1,8200000000e+02, 2,8000000000e+01, 1,6123800000e+01, 5,2055420000e+04
 1500577800, 2,3000000000e+02, 1,8200000000e+02, 2,8000000000e+01, 1,6097866667e+01, 5,2056580000e+04
 1500578100, 2,3000000000e+02, 1,8200000000e+02, 2,8000000000e+01, 1,6077800000e+01, 5,2053193333e+04
 1500578400, 2,3000000000e+02, 1,8200000000e+02, 2,8000000000e+01, 1,6055933333e+01, 5,2053793333e+04
 1500578700, 2,3000000000e+02, 1,8200000000e+02, 2,8000000000e+01, 1,6050000000e+01, 5,2051800000e+04
 1500579000, 2,3000000000e+02, 1,8200000000e+02, 2,8000000000e+01, 1,6050000000e+01, 5,2052206667e+04
 1500579300, 2,3000000000e+02, 1,8200000000e+02, 2,8000000000e+01, 1,6056066667e+01, 5,2053393333e+04
 1500579600, 2,3000000000e+02, 1,8200000000e+02, 2,8000000000e+01, 1,6055933333e+01, 5,2054226667e+04
 1500579900, 2,3000000000e+02, 1,8200000000e+02, 2,8000000000e+01, 1,6043933333e+01, 5,2055200000e+04
 1500580200, 2,3000000000e+02, 1,8200000000e+02, 2,8000000000e+01, 1,6050066667e+01, 5,2054993333e+04
 1500580500, 2,2696666667e+02, 1,8200000000e+02, 2,8000000000e+01, 1,6050000000e+01, 5,2056000000e+04
 1500580800, 2,2703333333e+02, 1,8200000000e+02, 2,8000000000e+01, 1,6050000000e+01, 5,2054393333e+04
 1500581100, 2,3000000000e+02, 1,8200000000e+02, 2,8000000000e+01, 1,6050000000e+01, 5,2055413333e+04
 1500581400, 2,3000000000e+02, 1,8200000000e+02, 2,8000000000e+01, 1,6050000000e+01, 5,2057000000e+04
 1500581700, 2,3000000000e+02, 1,8200000000e+02, 2,8000000000e+01, 1,6050000000e+01, 5,2056006667e+04
 1500582000, 2,3000000000e+02, 1,8200000000e+02, 2,9613333333e+01, 1,6050000000e+01, 5,2055780000e+04
 1500582300, 2,3000000000e+02, 1,8200000000e+02, 3,0000000000e+01, 1,6050000000e+01, 5,2054000000e+04
 1500582600, 2,3000000000e+02, 1,8200000000e+02, 2,9186666667e+01, 1,6050000000e+01, 5,2054206667e+04
 1500582900, 2,3000000000e+02, 1,8200000000e+02, 2,8000000000e+01, 1,6050000000e+01, 5,2054400000e+04
 1500583200, 2,3000000000e+02, 1,8200000000e+02, 2,8000000000e+01, 1,6048000000e+01, 5,2054593333e+04
 1500583500, 2,3000000000e+02, 1,8200000000e+02, 2,8000000000e+01, 1,6050000000e+01, 5,2055006667e+04
 1500583800, 2,3000000000e+02, 1,8200000000e+02, 2,8000000000e+01, 1,6050000000e+01, 5,2056600000e+04
 1500584100, 2,3000000000e+02, 1,8200000000e+02, 2,8000000000e+01, 1,6050000000e+01, 5,2054606667e+04
 1500584400, 2,3000000000e+02, 1,8281333333e+02, 2,8000000000e+01, 1,6046000000e+01, 5,2054800000e+04
 1500584700, 2,3000000000e+02, 1,8358666667e+02, 2,8000000000e+01, 1,6050000000e+01, 5,2054806667e+04
 1500585000, 2,3000000000e+02, 1,8201333333e+02, 2,8000000000e+01, 1,6050066667e+01, 5,2055800000e+04
 1500585300, 2,3000000000e+02, 1,8400000000e+02, 2,8000000000e+01, 1,6055933333e+01, 5,2057220000e+04
 1500585600, 2,3000000000e+02, 1,8400000000e+02, 2,8000000000e+01, 1,6050000000e+01, 5,2057200000e+04
 1500585900, 2,3000000000e+02, 1,8278666667e+02, 2,8000000000e+01, 1,6050000000e+01, 5,2058213333e+04
 1500586200, 2,3000000000e+02, 1,8200000000e+02, 2,8000000000e+01, 1,6050000000e+01, 5,2059000000e+04
 1500586500, 2,3000000000e+02, 1,8200000000e+02, 2,8000000000e+01, 1,6066133333e+01, 5,2059800000e+04
 1500586800, 2,3000000000e+02, 1,8200000000e+02, 2,8000000000e+01, 1,6057866667e+01, 5,2059180000e+04
 1500587100, 2,3000000000e+02, 1,8200000000e+02, 2,8000000000e+01, 1,6050000000e+01, 5,2064446667e+04
 1500587400, 2,3000000000e+02, 1,8200000000e+02, 2,8000000000e+01, 1,6049933333e+01, 5,2068213333e+04
 1500587700, 2,3000000000e+02, 1,8200000000e+02, 2,8000000000e+01, 1,6044066667e+01, 5,2069053333e+04
 1500588000, 2,3000000000e+02, 1,8200000000e+02, 2,8000000000e+01, 1,6050000000e+01, 5,2075406667e+04
 1500588300, 2,3000000000e+02, 1,8200000000e+02, 2,8000000000e+01, 1,6050000000e+01, 5,2075973333e+04
 1500588600, 2,3000000000e+02, 1,8200000000e+02, 2,8000000000e+01, 1,6050000000e+01, 5,2074820000e+04
 1500588900, 2,3000000000e+02, 1,8200000000e+02, 2,8000000000e+01, 1,6050000000e+01, 5,2079426667e+04
 1500589200, 2,3000000000e+02, 1,8200000000e+02, 2,8000000000e+01, 1,6050000000e+01, 5,2080413333e+04
 1500589500, 2,3000000000e+02, 1,8200000000e+02, 2,8000000000e+01, 1,6050000000e+01, 5,2087200000e+04
 1500589800, 2,3000000000e+02, 1,8200000000e+02, 2,8000000000e+01, 1,6050000000e+01, 5,2088433333e+04
 1500590100, 2,3000000000e+02, 1,8200000000e+02, 2,8000000000e+01, 1,6050000000e+01, 5,2087606667e+04
 1500590400, 2,3000000000e+02, 1,8200000000e+02, 2,8000000000e+01, 1,6050000000e+01, 5,2088006667e+04
 1500590700, 2,3000000000e+02, 1,8200000000e+02, 2,8000000000e+01, 1,6050000000e+01, 5,2091253333e+04
 1500591000, 2,3000000000e+02, 1,8200000000e+02, 2,8000000000e+01, 1,6050000000e+01, 5,2096993333e+04
 1500591300, 2,3000000000e+02, 1,8200000000e+02, 2,8000000000e+01, 1,6050000000e+01, 5,2095800000e+04
 1500591600, 2,3000000000e+02, 1,8200000000e+02, 2,8000000000e+01, 1,6050000000e+01, 5,2097006667e+04
 1500591900, 2,3000000000e+02, 1,8200000000e+02, 2,8000000000e+01, 1,6052000000e+01, 5,2097806667e+04
 1500592200, 2,3000000000e+02, 1,8200000000e+02, 2,8000000000e+01, 1,6050000000e+01, 5,2096986667e+04
 1500592500, 2,3000000000e+02, 1,8200000000e+02, 2,8000000000e+01, 1,6049933333e+01, 5,2096800000e+04
 1500592800, 2,3000000000e+02, 1,8361333333e+02, 2,8000000000e+01, 1,6054066667e+01, 5,2096800000e+04
 1500593100, 2,3000000000e+02, 1,8278666667e+02, 2,8000000000e+01, 1,6050000000e+01, 5,2096000000e+04
 1500593400, 2,3000000000e+02, 1,8200000000e+02, 2,8813333333e+01, 1,6050000000e+01, 5,2095393333e+04
 1500593700, 2,3000000000e+02, 1,8200000000e+02, 2,9586666667e+01, 1,6050000000e+01, 5,2095006667e+04
 1500594000, 2,3000000000e+02, 1,8200000000e+02, 2,8013333333e+01, 1,6050000000e+01, 5,2096803333e+04
 1500594300, 2,3000000000e+02, 1,8200000000e+02, 3,0000000000e+01, 1,6045933333e+01, 5,2096793333e+04
 1500594600, 2,3000000000e+02, 1,8200000000e+02, 2,8386666667e+01, 1,6044066667e+01, 5,2096000000e+04
 1500594900, 2,3000000000e+02, 1,8200000000e+02, 2,8000000000e+01, 1,6056000000e+01, 5,2097213333e+04
 1500595200, 2,3000000000e+02, 1,8200000000e+02, 2,8000000000e+01, 1,6050000000e+01, 5,2097413333e+04
 1500595500, 2,3000000000e+02, 1,8200000000e+02, 2,8000000000e+01, 1,6050000000e+01, 5,2097986667e+04
 1500595800, 2,3000000000e+02, 1,8200000000e+02, 2,8000000000e+01, 1,6050000000e+01, 5,2098000000e+04
 1500596100, 2,3000000000e+02, 1,8200000000e+02, 2,8000000000e+01, 1,6050000000e+01, 5,2096596667e+04
 1500596400, 2,3000000000e+02, 1,8200000000e+02, 2,8000000000e+01, 1,6050000000e+01, 5,2095793333e+04
 1500596700, 2,3000000000e+02, 1,8200000000e+02, 2,8000000000e+01, 1,6050000000e+01, 5,2095193333e+04
 1500597000, 2,3000000000e+02, 1,8200000000e+02, 2,8000000000e+01, 1,6050000000e+01, 5,2096826667e+04
 1500597300, 2,3000000000e+02, 1,8200000000e+02, 2,8000000000e+01, 1,6050000000e+01, 5,2096986667e+04
 1500597600, 2,3000000000e+02, 1,8200000000e+02, 2,8000000000e+01, 1,6050000000e+01, 5,2096626667e+04
 1500597900, 2,3000000000e+02, 1,8200000000e+02, 2,8000000000e+01, 1,6052000000e+01, 5,2101820000e+04
 1500598200, 2,3000000000e+02, 1,8200000000e+02, 2,8000000000e+01, 1,6054000000e+01, 5,2104000000e+04
 1500598500, 2,3000000000e+02, 1,8200000000e+02, 2,8000000000e+01, 1,6050066667e+01, 5,2104026667e+04
 1500598800, 2,3000000000e+02, 1,8200000000e+02, 2,8000000000e+01, 1,6052066667e+01, 5,2106606667e+04
 1500599100, 2,3000000000e+02, 1,8200000000e+02, 2,8000000000e+01, 1,6059866667e+01, 5,2106793333e+04
 1500599400, 2,3000000000e+02, 1,8200000000e+02, 2,8000000000e+01, 1,6050000000e+01, 5,2108610000e+04
 1500599700, 2,3000000000e+02, 1,8200000000e+02, 2,8000000000e+01, 1,6046000000e+01, 5,2110196667e+04
 1500600000, 2,3000000000e+02, 1,8200000000e+02, 2,8000000000e+01, 1,6054000000e+01, 5,2108813333e+04
 1500600300, 2,3000000000e+02, 1,8200000000e+02, 2,8000000000e+01, 1,6050000000e+01, 5,2110586667e+04
 1500600600, 2,3000000000e+02, 1,8200000000e+02, 2,8000000000e+01, 1,6050000000e+01, 5,2109413333e+04
 1500600900, 2,3000000000e+02, 1,8200000000e+02, 2,8000000000e+01, 1,6050000000e+01, 5,2111406667e+04
 1500601200, 2,3000000000e+02, 1,8200000000e+02, 2,8000000000e+01, 1,6050000000e+01, 5,2111206667e+04
 1500601500, 2,3000000000e+02, 1,8200000000e+02, 2,8000000000e+01, 1,6050000000e+01, 5,2110180000e+04
 1500601800, 2,3000000000e+02, 1,8200000000e+02, 2,8000000000e+01, 1,6049933333e+01, 5,2110420000e+04
 1500602100, 2,3000000000e+02, 1,8200000000e+02, 2,8000000000e+01, 1,6044066667e+01, 5,2110366667e+04
 1500602400, 2,3000000000e+02, 1,8200000000e+02, 2,8000000000e+01, 1,6050000000e+01, 5,2108793333e+04
 1500602700, 2,3000000000e+02, 1,8200000000e+02, 2,8000000000e+01, 1,6050000000e+01, 5,2108800000e+04
 1500603000, 2,3000000000e+02, 1,8200000000e+02, 2,8000000000e+01, 1,6050000000e+01, 5,2110600000e+04
 1500603300, 2,3000000000e+02, 1,8200000000e+02, 2,8000000000e+01, 1,6050000000e+01, 5,2110606667e+04
 1500603600, 2,3000000000e+02, 1,8200000000e+02, 2,8000000000e+01, 1,6050000000e+01, 5,2111000000e+04
 1500603900, 2,3000000000e+02, 1,8200000000e+02, 2,9613333333e+01, 1,6050133333e+01, 5,2109593333e+04
 1500604200, 2,3000000000e+02, 1,8078666667e+02, 2,8786666667e+01, 1,6063933333e+01, 5,2108986667e+04
 1500604500, 2,3000000000e+02, 1,8081333333e+02, 2,8000000000e+01, 1,6055866667e+01, 5,2109620000e+04
 1500604800, 2,3000000000e+02, 1,8200000000e+02, 2,8000000000e+01, 1,6042066667e+01, 5,2109806667e+04
 1500605100, 2,3000000000e+02, 1,8198666667e+02, 2,8000000000e+01, 1,6048000000e+01, 5,2112613333e+04
 1500605400, 2,3000000000e+02, 1,8000000000e+02, 2,8000000000e+01, 1,6050000000e+01, 5,2110966667e+04
 1500605700, 2,3000000000e+02, 1,8161333333e+02, 2,8000000000e+01, 1,6050000000e+01, 5,2109206667e+04
 1500606000, 2,3000000000e+02, 1,8200000000e+02, 2,8000000000e+01, 1,6050000000e+01, 5,2108600000e+04
 1500606300, 2,3000000000e+02, 1,8200000000e+02, 2,8000000000e+01, 1,6050000000e+01, 5,2109206667e+04
 1500606600, 2,3000000000e+02, 1,8200000000e+02, 2,8000000000e+01, 1,6050066667e+01, 5,2110033333e+04
 1500606900, 2,3000000000e+02, 1,8200000000e+02, 2,8000000000e+01, 1,6057933333e+01, 5,2115006667e+04
 1500607200, 2,3000000000e+02, 1,8200000000e+02, 2,8000000000e+01, 1,6050000000e+01, 5,2114173333e+04
 1500607500, 2,3000000000e+02, 1,8200000000e+02, 2,8000000000e+01, 1,6050000000e+01, 5,2115826667e+04
 1500607800, 2,3000000000e+02, 1,8200000000e+02, 2,8000000000e+01, 1,6049933333e+01, 5,2117426667e+04
 1500608100, 2,3000000000e+02, 1,8200000000e+02, 2,8000000000e+01, 1,6050066667e+01, 5,2118586667e+04
 1500608400, 2,3000000000e+02, 1,8158666667e+02, 2,8000000000e+01, 1,6046066667e+01, 5,2118813333e+04
 1500608700, 2,3000000000e+02, 1,8000000000e+02, 2,8000000000e+01, 1,6053933333e+01, 5,2118393333e+04
 1500609000, 2,3000000000e+02, 1,8000000000e+02, 2,8000000000e+01, 1,6052000000e+01, 5,2118606667e+04
 1500609300, 2,3000000000e+02, 1,8161333333e+02, 2,8000000000e+01, 1,6052066667e+01, 5,2119800000e+04
 1500609600, 2,3000000000e+02, 1,8200000000e+02, 2,8000000000e+01, 1,6051933333e+01, 5,2120600000e+04
 1500609900, 2,2796666667e+02, 1,8118666667e+02, 2,8000000000e+01, 1,6050000000e+01, 5,2120206667e+04
 1500610200, 2,2603333333e+02, 1,8041333333e+02, 2,8000000000e+01, 1,6050000000e+01, 5,2120800000e+04
 1500610500, 2,3000000000e+02, 1,8200000000e+02, 2,8000000000e+01, 1,6050000000e+01, 5,2121000000e+04
 1500610800, 2,3000000000e+02, 1,8200000000e+02, 2,8000000000e+01, 1,6054000000e+01, 5,2120993333e+04
 1500611100, 2,3000000000e+02, 1,8200000000e+02, 2,8000000000e+01, 1,6044000000e+01, 5,2120400000e+04
 1500611400, 2,3000000000e+02, 1,8200000000e+02, 2,8000000000e+01, 1,6050000000e+01, 5,2118593333e+04
 1500611700, 2,3000000000e+02, 1,8200000000e+02, 2,8000000000e+01, 1,6052000000e+01, 5,2118200000e+04
 1500612000, 2,3000000000e+02, 1,8200000000e+02, 2,8000000000e+01, 1,6050000000e+01, 5,2118813333e+04
 1500612300, 2,3000000000e+02, 1,8200000000e+02, 2,8000000000e+01, 1,6052000000e+01, 5,2119993333e+04
 1500612600, 2,3000000000e+02, 1,8200000000e+02, 2,8000000000e+01, 1,6050000000e+01, 5,2119200000e+04
 1500612900, 2,3000000000e+02, 1,8038666667e+02, 2,8000000000e+01, 1,6050000000e+01, 5,2117800000e+04
 1500613200, 2,3000000000e+02, 1,8000000000e+02, 2,8000000000e+01, 1,6050000000e+01, 5,2118400000e+04
 1500613500, 2,3000000000e+02, 1,8081333333e+02, 2,8813333333e+01, 1,6050000000e+01, 5,2118400000e+04
 1500613800, 2,3000000000e+02, 1,8241333333e+02, 2,9586666667e+01, 1,6052000000e+01, 5,2118393333e+04
 1500614100, 2,3000000000e+02, 1,8397333333e+02, 2,8000000000e+01, 1,6050000000e+01, 5,2118413333e+04
 1500614400, 2,3000000000e+02, 1,8000000000e+02, 2,8000000000e+01, 1,6050000000e+01, 5,2118586667e+04
 1500614700, 2,2596666667e+02, 1,8000000000e+02, 2,8000000000e+01, 1,6050000000e+01, 5,2117806667e+04
 1500615000, 2,2803333333e+02, 1,8000000000e+02, 2,8000000000e+01, 1,6050000000e+01, 5,2119006667e+04
 1500615300, 2,2796666667e+02, 1,8081333333e+02, 2,8000000000e+01, 1,6050000000e+01, 5,2117586667e+04
 1500615600, 2,2603333333e+02, 1,8158666667e+02, 2,8000000000e+01, 1,6050000000e+01, 5,2118420000e+04
 1500615900, 2,3000000000e+02, 1,8001333333e+02, 2,8000000000e+01, 1,6050000000e+01, 5,2119213333e+04
 1500616200, 2,3000000000e+02, 1,8200000000e+02, 2,8000000000e+01, 1,6050000000e+01, 5,2120993333e+04
 1500616500, 2,3000000000e+02, 1,8361333333e+02, 2,8000000000e+01, 1,6050000000e+01, 5,2121200000e+04
 1500616800, 2,3000000000e+02, 1,8157333333e+02, 2,9213333333e+01, 1,6050000000e+01, 5,2120026667e+04
 1500617100, 2,3000000000e+02, 1,8081333333e+02, 2,9186666667e+01, 1,6050000000e+01, 5,2120463333e+04
 1500617400, 2,3000000000e+02, 1,8200000000e+02, 2,8000000000e+01, 1,6048000000e+01, 5,2118743333e+04
 1500617700, 2,3000000000e+02, 1,8200000000e+02, 2,8013333333e+01, 1,6052066667e+01, 5,2120413333e+04
 1500618000, 2,3000000000e+02, 1,8200000000e+02, 3,0000000000e+01, 1,6051933333e+01, 5,2121200000e+04
 1500618300, 2,3000000000e+02, 1,8200000000e+02, 2,8386666667e+01, 1,6050000000e+01, 5,2120193333e+04
 1500618600, 2,3000000000e+02, 1,8200000000e+02, 2,8000000000e+01, 1,6050000000e+01, 5,2121406667e+04
 1500618900, 2,3000000000e+02, 1,8200000000e+02, 2,8813333333e+01, 1,6050000000e+01, 5,2120393333e+04
 1500619200, 2,3000000000e+02, 1,8200000000e+02, 2,9586666667e+01, 1,6050000000e+01, 5,2121613333e+04
 1500619500, 2,3000000000e+02, 1,8200000000e+02, 2,8000000000e+01, 1,6050000000e+01, 5,2121386667e+04
 1500619800, 2,3000000000e+02, 1,8200000000e+02, 2,8000000000e+01, 1,6050000000e+01, 5,2120800000e+04
 1500620100, 2,3000000000e+02, 1,8200000000e+02, 2,8000000000e+01, 1,6050000000e+01, 5,2121600000e+04
 1500620400, 2,3000000000e+02, 1,8200000000e+02, 2,9213333333e+01, 1,6043933333e+01, 5,2121206667e+04
 1500620700, 2,3000000000e+02, 1,8200000000e+02, 2,9193333333e+01, 1,6040000000e+01, 5,2120793333e+04
 1500621000, 2,3000000000e+02, 1,8200000000e+02, 2,8000000000e+01, 1,6042066667e+01, 5,2121026667e+04
 1500621300, 2,2996666667e+02, 1,8198666667e+02, 2,8000000000e+01, 1,6050000000e+01, 5,2123206667e+04
 1500621600, 2,2500000000e+02, 1,8000000000e+02, 2,8000000000e+01, 1,6050000000e+01, 5,2125393333e+04
 1500621900, 2,2903333333e+02, 1,8161333333e+02, 2,8000000000e+01, 1,6050000000e+01, 5,2125606667e+04
 1500622200, 2,3000000000e+02, 1,8200000000e+02, 2,8000000000e+01, 1,6050000000e+01, 5,2124986667e+04
 1500622500, 2,3000000000e+02, 1,8200000000e+02, 2,8000000000e+01, 1,6050000000e+01, 5,2124806667e+04
 1500622800, 2,3000000000e+02, 1,8200000000e+02, 2,8000000000e+01, 1,6050000000e+01, 5,2125000000e+04
 1500623100, 2,3000000000e+02, 1,8200000000e+02, 2,8000000000e+01, 1,6050066667e+01, 5,2124806667e+04
 1500623400, 2,3000000000e+02, 1,8200000000e+02, 2,8000000000e+01, 1,6051933333e+01, 5,2126193333e+04
 1500623700, 2,3000000000e+02, 1,8200000000e+02, 2,8000000000e+01, 1,6050000000e+01, 5,2125206667e+04
 1500624000, 2,3000000000e+02, 1,8200000000e+02, 2,8000000000e+01, 1,6054000000e+01, 5,2124780000e+04
 1500624300, 2,3000000000e+02, 1,8200000000e+02, 2,8000000000e+01, 1,6050000000e+01, 5,2123813333e+04
 1500624600, -nan, 1,8200000000e+02, 2,8000000000e+01, 1,6050000000e+01, 5,2126820000e+04
 1500624900, -nan, 1,8201333333e+02, 2,8000000000e+01, 1,6050000000e+01, 5,2126793333e+04
 1500625200, -nan, 1,8400000000e+02, -nan, 1,6050000000e+01, 5,2133453333e+04
 1500625500, -nan, 1,8238666667e+02, -nan, 1,6050000000e+01, 5,2135206667e+04
 1500625800, -nan, 1,8200000000e+02, -nan, -nan, 5,2135593333e+04
 1500626100, -nan, -nan, -nan, -nan, 5,2135800000e+04
 1500626400, -nan, -nan, -nan, -nan, -nan
 1500626700, -nan, -nan, -nan, -nan, -nan
 1500627000, -nan, -nan, -nan, -nan, -nan
 1500627300, -nan, -nan, -nan, -nan, -nan
