 Time, ttl_pwr, cpu_pwr, mem_pwr, cpu_load, mem_load
 1500448500, 5.8866666667e+01, 2.9093333333e+01, 1.1546666667e+01, 5.0000000000e-02, 8.9234266667e+03
 1500448800, 5.5000000000e+01, 2.6000000000e+01, 1.0000000000e+01, 5.0000000000e-02, 8.9234000000e+03
 1500449100, 5.5000000000e+01, 2.6000000000e+01, 1.0000000000e+01, 5.0000000000e-02, 8.9233466667e+03
 1500449400, 5.5000000000e+01, 2.6000000000e+01, 1.0000000000e+01, 5.0000000000e-02, 8.9228000000e+03
 1500449700, 5.5000000000e+01, 2.6000000000e+01, 1.0000000000e+01, 5.0000000000e-02, 8.9234000000e+03
 1500450000, 9.1266666667e+01, 8.8293333333e+01, 1.6826666667e+01, 1.1560000000e+00, 9.1510666667e+03
 1500450300, 1.4113333333e+02, 1.5613333333e+02, 2.5546666667e+01, 4.3624000000e+00, 1.1898573333e+04
 1500450600, 1.4713333333e+02, 1.0413333333e+02, 2.4106666667e+01, 6.8101333333e+00, 1.3035360000e+04
 1500450900, 2.2500000000e+02, 1.8200000000e+02, 2.8000000000e+01, 8.0606666667e+00, 9.0724000000e+03
 1500451200, 8.4466666667e+01, 5.4693333333e+01, 1.3120000000e+01, 6.1965333333e+00, 8.9246266667e+03
 1500451500, 5.5000000000e+01, 2.6746666667e+01, 1.0000000000e+01, 4.4949666667e+00, 8.9240800000e+03
 1500451800, 5.5000000000e+01, 2.6000000000e+01, 1.0000000000e+01, 3.2608000000e+00, 8.9256000000e+03
 1500452100, 5.5000000000e+01, 2.6000000000e+01, 1.0000000000e+01, 2.3875666667e+00, 8.9261733333e+03
 1500452400, 5.5000000000e+01, 2.6000000000e+01, 1.0000000000e+01, 1.7521333333e+00, 8.9252266667e+03
 1500452700, 5.5000000000e+01, 2.6000000000e+01, 1.0000000000e+01, 1.2898666667e+00, 8.9259733333e+03
 1500453000, 5.5000000000e+01, 2.7653333333e+01, 1.0000000000e+01, 9.6906666667e-01, 8.9257733333e+03
 1500453300, 5.5000000000e+01, 2.8000000000e+01, 1.0000000000e+01, 7.4066666667e-01, 8.9252266667e+03
 1500453600, 5.5000000000e+01, 2.7146666667e+01, 1.0000000000e+01, 5.5146666667e-01, 8.9258266667e+03
 1500453900, 5.6133333333e+01, 2.6906666667e+01, 1.0906666667e+01, 4.0740000000e-01, 8.9257733333e+03
 1500454200, 5.9866666667e+01, 2.9893333333e+01, 1.3893333333e+01, 3.2386666667e-01, 8.9248000000e+03
 1500454500, 5.5000000000e+01, 2.6000000000e+01, 1.0000000000e+01, 2.5640000000e-01, 8.9250000000e+03
 1500454800, 5.5000000000e+01, 2.6000000000e+01, 1.0000000000e+01, 2.0066666667e-01, 8.9256000000e+03
 1500455100, 5.8133333333e+01, 2.8506666667e+01, 1.1253333333e+01, 1.4920000000e-01, 8.9258266667e+03
 1500455400, 5.7866666667e+01, 2.9146666667e+01, 1.1146666667e+01, 1.3173333333e-01, 8.9261733333e+03
 1500455700, 5.5000000000e+01, 2.7546666667e+01, 1.0000000000e+01, 1.1546666667e-01, 8.9258266667e+03
 1500456000, 5.5000000000e+01, 2.6053333333e+01, 1.0000000000e+01, 1.1400000000e-01, 8.9261733333e+03
 1500456300, 5.5000000000e+01, 2.8000000000e+01, 1.0000000000e+01, 1.0173333333e-01, 8.9260266667e+03
 1500456600, 5.5000000000e+01, 2.8000000000e+01, 1.0000000000e+01, 9.7466666667e-02, 8.9258000000e+03
 1500456900, 5.5000000000e+01, 2.8000000000e+01, 1.0000000000e+01, 7.7733333333e-02, 8.9257366667e+03
 1500457200, 5.5000000000e+01, 2.8000000000e+01, 1.0000000000e+01, 7.4000000000e-02, 8.9259600000e+03
 1500457500, 5.5000000000e+01, 2.7546666667e+01, 1.0000000000e+01, 6.9500000000e-02, 8.9261200000e+03
 1500457800, 5.5000000000e+01, 2.6000000000e+01, 1.0000000000e+01, 5.0000000000e-02, 8.9252000000e+03
 1500458100, 5.5000000000e+01, 2.6000000000e+01, 1.0000000000e+01, 5.0000000000e-02, 8.9250000000e+03
 1500458400, 5.5000000000e+01, 2.7653333333e+01, 1.0000000000e+01, 5.0000000000e-02, 8.9252266667e+03
 1500458700, 5.5000000000e+01, 2.6746666667e+01, 1.0000000000e+01, 5.0000000000e-02, 8.9258533333e+03
 1500459000, 5.5000000000e+01, 2.6853333333e+01, 1.0000000000e+01, 5.2266666667e-02, 8.9299733333e+03
 1500459300, 5.5000000000e+01, 2.7546666667e+01, 1.0000000000e+01, 6.0000000000e-02, 8.9255733333e+03
 1500459600, 5.9933333333e+01, 3.0480000000e+01, 1.0480000000e+01, 1.8212000000e+00, 4.5757240000e+04
 1500459900, 2.4000000000e+02, 1.9400000000e+02, 2.8000000000e+01, 5.7300000000e+00, 5.3482653333e+04
 1500460200, 2.4413333333e+02, 1.9730666667e+02, 2.8000000000e+01, 8.5966666667e+00, 5.3483866667e+04
 1500460500, 2.4500000000e+02, 1.9800000000e+02, 2.8000000000e+01, 1.0653000000e+01, 5.3484396667e+04
 1500460800, 2.4500000000e+02, 1.9800000000e+02, 2.8000000000e+01, 1.2150533333e+01, 5.3486533333e+04
 1500461100, 2.4500000000e+02, 1.9800000000e+02, 2.8000000000e+01, 1.3221466667e+01, 5.3488000000e+04
 1500461400, 2.4500000000e+02, 1.9800000000e+02, 2.8000000000e+01, 1.3989066667e+01, 5.3540320000e+04
 1500461700, 2.4500000000e+02, 1.9800000000e+02, 2.8000000000e+01, 1.4546266667e+01, 5.3576000000e+04
 1500462000, 2.4500000000e+02, 1.9800000000e+02, 2.8000000000e+01, 1.4961600000e+01, 5.3575773333e+04
 1500462300, 2.4500000000e+02, 1.9800000000e+02, 2.8000000000e+01, 1.5264133333e+01, 5.3576026667e+04
 1500462600, 2.4500000000e+02, 1.9800000000e+02, 2.8000000000e+01, 1.5474533333e+01, 5.3576680000e+04
 1500462900, 2.4500000000e+02, 1.9800000000e+02, 2.8000000000e+01, 1.5629733333e+01, 5.3577946667e+04
 1500463200, 2.4500000000e+02, 1.9800000000e+02, 2.8000000000e+01, 1.5736400000e+01, 5.3577800000e+04
 1500463500, 2.4500000000e+02, 1.9800000000e+02, 2.8000000000e+01, 1.5815866667e+01, 5.3581986667e+04
 1500463800, 2.4500000000e+02, 1.9800000000e+02, 2.8000000000e+01, 1.5877066667e+01, 5.3582520000e+04
 1500464100, 2.4500000000e+02, 1.9800000000e+02, 2.8000000000e+01, 1.5917066667e+01, 5.3582026667e+04
 1500464400, 2.4500000000e+02, 1.9800000000e+02, 2.8000000000e+01, 1.5948266667e+01, 5.3583053333e+04
 1500464700, 2.4500000000e+02, 1.9800000000e+02, 2.8000000000e+01, 1.5966800000e+01, 5.3583746667e+04
 1500465000, 2.4500000000e+02, 1.9800000000e+02, 2.8000000000e+01, 1.5986533333e+01, 5.3584253333e+04
 1500465300, 2.4500000000e+02, 1.9800000000e+02, 2.8000000000e+01, 1.6010533333e+01, 5.3603386667e+04
 1500465600, 2.4500000000e+02, 1.9800000000e+02, 2.8000000000e+01, 1.6030800000e+01, 5.3607653333e+04
 1500465900, 2.4500000000e+02, 1.9800000000e+02, 2.8000000000e+01, 1.6050000000e+01, 5.3609200000e+04
 1500466200, 2.4500000000e+02, 1.9800000000e+02, 2.8000000000e+01, 1.6054266667e+01, 5.3609053333e+04
 1500466500, 2.4500000000e+02, 1.9845333333e+02, 2.8000000000e+01, 1.6053733333e+01, 5.3608346667e+04
 1500466800, 2.4500000000e+02, 1.9994666667e+02, 2.7946666667e+01, 1.6050000000e+01, 5.3609000000e+04
 1500467100, 2.4500000000e+02, 1.9800000000e+02, 2.6000000000e+01, 1.6052266667e+01, 5.3611093333e+04
 1500467400, 2.4500000000e+02, 1.9800000000e+02, 2.7653333333e+01, 1.6051733333e+01, 5.3618400000e+04
 1500467700, 2.4500000000e+02, 1.9800000000e+02, 2.8000000000e+01, 1.6050000000e+01, 5.3619800000e+04
 1500468000, 2.4500000000e+02, 1.9800000000e+02, 2.8000000000e+01, 1.6050000000e+01, 5.3619400000e+04
 1500468300, 2.4500000000e+02, 1.9800000000e+02, 2.8000000000e+01, 1.6050000000e+01, 5.3618800000e+04
 1500468600, 2.4500000000e+02, 1.9800000000e+02, 2.8000000000e+01, 1.6042000000e+01, 5.3617973333e+04
 1500468900, 2.4500000000e+02, 1.9800000000e+02, 2.8000000000e+01, 1.6050000000e+01, 5.3621293333e+04
 1500469200, 2.4500000000e+02, 1.9800000000e+02, 2.8000000000e+01, 1.6052266667e+01, 5.3630226667e+04
 1500469500, 2.4500000000e+02, 1.9800000000e+02, 2.8000000000e+01, 1.6053733333e+01, 5.3629600000e+04
 1500469800, 2.4500000000e+02, 1.9800000000e+02, 2.8000000000e+01, 1.6050000000e+01, 5.3630000000e+04
 1500470100, 2.4500000000e+02, 1.9800000000e+02, 2.8000000000e+01, 1.6054000000e+01, 5.3630226667e+04
 1500470400, 2.4500000000e+02, 1.9800000000e+02, 2.8000000000e+01, 1.6050000000e+01, 5.3630626667e+04
 1500470700, 2.4500000000e+02, 1.9800000000e+02, 2.8000000000e+01, 1.6052000000e+01, 5.3630946667e+04
 1500471000, 2.4500000000e+02, 1.9800000000e+02, 2.8000000000e+01, 1.6050000000e+01, 5.3630400000e+04
 1500471300, 2.4500000000e+02, 1.9800000000e+02, 2.8000000000e+01, 1.6050000000e+01, 5.3630800000e+04
 1500471600, 2.4500000000e+02, 1.9800000000e+02, 2.8000000000e+01, 1.6052000000e+01, 5.3629773333e+04
 1500471900, 2.4500000000e+02, 1.9800000000e+02, 2.8000000000e+01, 1.6050000000e+01, 5.3630626667e+04
 1500472200, 2.4500000000e+02, 1.9800000000e+02, 2.8000000000e+01, 1.6050000000e+01, 5.3629200000e+04
 1500472500, 2.4500000000e+02, 1.9800000000e+02, 2.8000000000e+01, 1.6050000000e+01, 5.3639520000e+04
 1500472800, 2.4500000000e+02, 1.9800000000e+02, 2.8000000000e+01, 1.6050000000e+01, 5.3642026667e+04
 1500473100, 2.4500000000e+02, 1.9800000000e+02, 2.8000000000e+01, 1.6056000000e+01, 5.3641346667e+04
 1500473400, 2.4500000000e+02, 1.9800000000e+02, 2.8000000000e+01, 1.6050000000e+01, 5.3641453333e+04
 1500473700, 2.4500000000e+02, 1.9800000000e+02, 2.8000000000e+01, 1.6050000000e+01, 5.3640920000e+04
 1500474000, 2.4500000000e+02, 1.9800000000e+02, 2.8000000000e+01, 1.6050000000e+01, 5.3639680000e+04
 1500474300, 2.4500000000e+02, 1.9800000000e+02, 2.8000000000e+01, 1.6052266667e+01, 5.3641560000e+04
 1500474600, 2.4500000000e+02, 1.9800000000e+02, 2.8000000000e+01, 1.6053733333e+01, 5.3646880000e+04
 1500474900, 2.4500000000e+02, 1.9800000000e+02, 2.8000000000e+01, 1.6050000000e+01, 5.3648226667e+04
 1500475200, 2.4500000000e+02, 1.9800000000e+02, 2.8000000000e+01, 1.6050266667e+01, 5.3648213333e+04
 1500475500, 2.4500000000e+02, 1.9800000000e+02, 2.8000000000e+01, 1.6051733333e+01, 5.3647400000e+04
 1500475800, 2.4500000000e+02, 1.9800000000e+02, 2.8000000000e+01, 1.6050000000e+01, 5.3648426667e+04
 1500476100, 2.4500000000e+02, 1.9800000000e+02, 2.8000000000e+01, 1.6060000000e+01, 5.3648600000e+04
 1500476400, 2.4500000000e+02, 1.9800000000e+02, 2.8000000000e+01, 1.6050000000e+01, 5.3649853333e+04
 1500476700, 2.4500000000e+02, 1.9800000000e+02, 2.8000000000e+01, 1.6054266667e+01, 5.3650226667e+04
 1500477000, 2.4500000000e+02, 1.9800000000e+02, 2.8000000000e+01, 1.6047466667e+01, 5.3650373333e+04
 1500477300, 2.4500000000e+02, 1.9800000000e+02, 2.8000000000e+01, 1.6048266667e+01, 5.3649773333e+04
 1500477600, 2.4500000000e+02, 1.9800000000e+02, 2.8000000000e+01, 1.6050000000e+01, 5.3648880000e+04
 1500477900, 2.4500000000e+02, 1.9800000000e+02, 2.8000000000e+01, 1.6056000000e+01, 5.3651653333e+04
 1500478200, 2.4500000000e+02, 1.9800000000e+02, 2.8000000000e+01, 1.6051066667e+01, 5.3651960000e+04
 1500478500, 2.4500000000e+02, 1.9800000000e+02, 2.8000000000e+01, 1.6217466667e+01, 5.3657546667e+04
 1500478800, 2.4500000000e+02, 1.9800000000e+02, 2.8000000000e+01, 1.6486666667e+01, 5.3656800000e+04
 1500479100, 2.4500000000e+02, 1.9800000000e+02, 2.8000000000e+01, 1.6667200000e+01, 5.3657000000e+04
 1500479400, 2.4500000000e+02, 1.9800000000e+02, 2.7946666667e+01, 1.6774400000e+01, 5.3656573333e+04
 1500479700, 2.4500000000e+02, 1.9800000000e+02, 2.6000000000e+01, 1.6861866667e+01, 5.3662640000e+04
 1500480000, 2.4500000000e+02, 1.9800000000e+02, 2.7653333333e+01, 1.6925866667e+01, 5.3665200000e+04
 1500480300, 2.4500000000e+02, 1.9800000000e+02, 2.8000000000e+01, 1.6976533333e+01, 5.3664400000e+04
 1500480600, 2.4500000000e+02, 1.9800000000e+02, 2.8000000000e+01, 1.6998266667e+01, 5.3664946667e+04
 1500480900, 2.4500000000e+02, 1.9800000000e+02, 2.8000000000e+01, 1.7000000000e+01, 5.3664600000e+04
 1500481200, 2.4500000000e+02, 1.9800000000e+02, 2.8000000000e+01, 1.7000000000e+01, 5.3667680000e+04
 1500481500, 2.4500000000e+02, 1.9800000000e+02, 2.8000000000e+01, 1.7014800000e+01, 5.3671586667e+04
 1500481800, 2.4500000000e+02, 1.9800000000e+02, 2.8000000000e+01, 1.7032266667e+01, 5.3671600000e+04
 1500482100, 2.4500000000e+02, 1.9800000000e+02, 2.8000000000e+01, 1.7042000000e+01, 5.3671946667e+04
 1500482400, 2.4500000000e+02, 1.9800000000e+02, 2.8000000000e+01, 1.7044266667e+01, 5.3671853333e+04
 1500482700, 2.4500000000e+02, 1.9800000000e+02, 2.8000000000e+01, 1.7050266667e+01, 5.3673653333e+04
 1500483000, 2.4500000000e+02, 1.9800000000e+02, 2.7946666667e+01, 1.7066000000e+01, 5.3674573333e+04
 1500483300, 2.4500000000e+02, 1.9800000000e+02, 2.6000000000e+01, 1.7055733333e+01, 5.3674360000e+04
 1500483600, 2.4500000000e+02, 1.9800000000e+02, 2.7653333333e+01, 1.7050000000e+01, 5.3680173333e+04
 1500483900, 2.4500000000e+02, 1.9800000000e+02, 2.8000000000e+01, 1.7054000000e+01, 5.3680400000e+04
 1500484200, 2.4500000000e+02, 1.9800000000e+02, 2.8000000000e+01, 1.7066533333e+01, 5.3681600000e+04
 1500484500, 2.4500000000e+02, 1.9800000000e+02, 2.8000000000e+01, 1.7064000000e+01, 5.3679826667e+04
 1500484800, 2.4500000000e+02, 1.9800000000e+02, 2.8000000000e+01, 1.7064000000e+01, 5.3679373333e+04
 1500485100, 2.4500000000e+02, 1.9800000000e+02, 2.8000000000e+01, 1.7065733333e+01, 5.3681906667e+04
 1500485400, 2.4500000000e+02, 1.9800000000e+02, 2.8000000000e+01, 1.7068266667e+01, 5.3683853333e+04
 1500485700, 2.4500000000e+02, 1.9800000000e+02, 2.8000000000e+01, 1.7063466667e+01, 5.3683546667e+04
 1500486000, 2.4500000000e+02, 1.9800000000e+02, 2.8000000000e+01, 1.7062800000e+01, 5.3684626667e+04
 1500486300, 2.4500000000e+02, 1.9800000000e+02, 2.8000000000e+01, 1.7080000000e+01, 5.3684706667e+04
 1500486600, 2.4500000000e+02, 1.9800000000e+02, 2.8000000000e+01, 1.7084000000e+01, 5.3686093333e+04
 1500486900, 2.4500000000e+02, 1.9800000000e+02, 2.8000000000e+01, 1.7090533333e+01, 5.3686506667e+04
 1500487200, 2.4500000000e+02, 1.9634666667e+02, 2.8000000000e+01, 1.7104266667e+01, 5.3687746667e+04
 1500487500, 2.4500000000e+02, 1.9725333333e+02, 2.8000000000e+01, 1.7107733333e+01, 5.3686413333e+04
 1500487800, 2.4500000000e+02, 1.9800000000e+02, 2.8000000000e+01, 1.6980533333e+01, 5.3673240000e+04
 1500488100, 2.4500000000e+02, 1.9800000000e+02, 2.8000000000e+01, 1.6726666667e+01, 5.3672226667e+04
 1500488400, 2.4500000000e+02, 1.9800000000e+02, 2.8000000000e+01, 1.6541466667e+01, 5.3672146667e+04
 1500488700, 2.4500000000e+02, 1.9800000000e+02, 2.8000000000e+01, 1.6411600000e+01, 5.3671906667e+04
 1500489000, 2.4500000000e+02, 1.9800000000e+02, 2.8000000000e+01, 1.6321866667e+01, 5.3675400000e+04
 1500489300, 2.4500000000e+02, 1.9800000000e+02, 2.8000000000e+01, 1.6241866667e+01, 5.3675560000e+04
 1500489600, 2.4500000000e+02, 1.9800000000e+02, 2.8000000000e+01, 1.6193200000e+01, 5.3675693333e+04
 1500489900, 2.4500000000e+02, 1.9800000000e+02, 2.8000000000e+01, 1.6150933333e+01, 5.3675426667e+04
 1500490200, 2.4500000000e+02, 1.9800000000e+02, 2.8000000000e+01, 1.6119733333e+01, 5.3674826667e+04
 1500490500, 2.4500000000e+02, 1.9800000000e+02, 2.8000000000e+01, 1.6124000000e+01, 5.3675240000e+04
 1500490800, 2.4500000000e+02, 1.9965333333e+02, 2.8000000000e+01, 1.6120000000e+01, 5.3674400000e+04
 1500491100, 2.4500000000e+02, 1.9874666667e+02, 2.8000000000e+01, 1.6126266667e+01, 5.3675280000e+04
 1500491400, 2.4500000000e+02, 1.9800000000e+02, 2.8000000000e+01, 1.6121466667e+01, 5.3676226667e+04
 1500491700, 2.4500000000e+02, 1.9800000000e+02, 2.8000000000e+01, 1.6099733333e+01, 5.3677200000e+04
 1500492000, 2.4500000000e+02, 1.9800000000e+02, 2.8000000000e+01, 1.6083200000e+01, 5.3678800000e+04
 1500492300, 2.4500000000e+02, 1.9800000000e+02, 2.8000000000e+01, 1.6065733333e+01, 5.3679173333e+04
 1500492600, 2.4500000000e+02, 1.9800000000e+02, 2.8000000000e+01, 1.6053733333e+01, 5.3678426667e+04
 1500492900, 2.4500000000e+02, 1.9800000000e+02, 2.8000000000e+01, 1.6052000000e+01, 5.3679173333e+04
 1500493200, 2.4500000000e+02, 1.9800000000e+02, 2.8000000000e+01, 1.6050000000e+01, 5.3679426667e+04
 1500493500, 2.4500000000e+02, 1.9800000000e+02, 2.8000000000e+01, 1.6050266667e+01, 5.3679373333e+04
 1500493800, 2.4500000000e+02, 1.9800000000e+02, 2.8000000000e+01, 1.6051733333e+01, 5.3677106667e+04
 1500494100, 2.4500000000e+02, 1.9800000000e+02, 2.8000000000e+01, 1.6050000000e+01, 5.3683053333e+04
 1500494400, 2.4500000000e+02, 1.9800000000e+02, 2.8000000000e+01, 1.6050000000e+01, 5.3682400000e+04
 1500494700, 2.4500000000e+02, 1.9800000000e+02, 2.8000000000e+01, 1.6050000000e+01, 5.3682853333e+04
 1500495000, 2.4500000000e+02, 1.9800000000e+02, 2.8000000000e+01, 1.6050000000e+01, 5.3685200000e+04
 1500495300, 2.4500000000e+02, 1.9800000000e+02, 2.8000000000e+01, 1.6050000000e+01, 5.3686200000e+04
 1500495600, 2.4500000000e+02, 1.9800000000e+02, 2.8000000000e+01, 1.6050000000e+01, 5.3685853333e+04
 1500495900, 2.4500000000e+02, 1.9800000000e+02, 2.8000000000e+01, 1.6050000000e+01, 5.3685946667e+04
 1500496200, 2.4500000000e+02, 1.9800000000e+02, 2.8000000000e+01, 1.6050266667e+01, 5.3685200000e+04
 1500496500, 2.4500000000e+02, 1.9800000000e+02, 2.8000000000e+01, 1.6054000000e+01, 5.3686226667e+04
 1500496800, 2.4500000000e+02, 1.9800000000e+02, 2.8000000000e+01, 1.6051733333e+01, 5.3686773333e+04
 1500497100, 2.4500000000e+02, 1.9800000000e+02, 2.8000000000e+01, 1.6050000000e+01, 5.3685200000e+04
 1500497400, 2.4500000000e+02, 1.9800000000e+02, 2.8000000000e+01, 1.6050266667e+01, 5.3684573333e+04
 1500497700, 2.4500000000e+02, 1.9800000000e+02, 2.8000000000e+01, 1.6053733333e+01, 5.3684173333e+04
 1500498000, 2.4500000000e+02, 1.9800000000e+02, 2.8000000000e+01, 1.6056000000e+01, 5.3684400000e+04
 1500498300, 2.4500000000e+02, 1.9800000000e+02, 2.8000000000e+01, 1.6050000000e+01, 5.3685226667e+04
 1500498600, 2.4500000000e+02, 1.9800000000e+02, 2.8000000000e+01, 1.6054266667e+01, 5.3685826667e+04
 1500498900, 2.4500000000e+02, 1.9800000000e+02, 2.8000000000e+01, 1.6056266667e+01, 5.3685226667e+04
 1500499200, 2.4500000000e+02, 1.9800000000e+02, 2.8000000000e+01, 1.6067733333e+01, 5.3685000000e+04
 1500499500, 2.4500000000e+02, 1.9800000000e+02, 2.8000000000e+01, 1.6057733333e+01, 5.3686226667e+04
 1500499800, 2.4500000000e+02, 1.9800000000e+02, 2.8000000000e+01, 1.6052000000e+01, 5.3688053333e+04
 1500500100, 2.4500000000e+02, 1.9800000000e+02, 2.9253333333e+01, 1.6050000000e+01, 5.3687720000e+04
 1500500400, 2.4500000000e+02, 1.9800000000e+02, 2.9146666667e+01, 1.6050000000e+01, 5.3685546667e+04
 1500500700, 2.4500000000e+02, 1.9800000000e+02, 2.8000000000e+01, 1.6050000000e+01, 5.3683826667e+04
 1500501000, 2.4500000000e+02, 1.9794666667e+02, 2.8000000000e+01, 1.6050000000e+01, 5.3684400000e+04
 1500501300, 2.4500000000e+02, 1.9600000000e+02, 2.8000000000e+01, 1.6050000000e+01, 5.3687053333e+04
 1500501600, 2.4500000000e+02, 1.9765333333e+02, 2.8000000000e+01, 1.6050000000e+01, 5.3689106667e+04
 1500501900, 2.4500000000e+02, 1.9800000000e+02, 2.8000000000e+01, 1.6050000000e+01, 5.3689853333e+04
 1500502200, 2.4500000000e+02, 1.9800000000e+02, 2.8000000000e+01, 1.6050000000e+01, 5.3689466667e+04
 1500502500, 2.4500000000e+02, 1.9800000000e+02, 2.8000000000e+01, 1.6050000000e+01, 5.3690733333e+04
 1500502800, 2.4500000000e+02, 1.9800000000e+02, 2.8000000000e+01, 1.6050000000e+01, 5.3690800000e+04
 1500503100, 2.4500000000e+02, 1.9800000000e+02, 2.8000000000e+01, 1.6050000000e+01, 5.3689546667e+04
 1500503400, 2.4500000000e+02, 1.9800000000e+02, 2.8000000000e+01, 1.6056000000e+01, 5.3689400000e+04
 1500503700, 2.4500000000e+02, 1.9800000000e+02, 2.8000000000e+01, 1.6050266667e+01, 5.3689853333e+04
 1500504000, 2.4500000000e+02, 1.9800000000e+02, 2.8000000000e+01, 1.6051733333e+01, 5.3689973333e+04
 1500504300, 2.4500000000e+02, 1.9800000000e+02, 2.8000000000e+01, 1.6050000000e+01, 5.3690453333e+04
 1500504600, 2.4500000000e+02, 1.9800000000e+02, 2.8000000000e+01, 1.6050000000e+01, 5.3690920000e+04
 1500504900, 2.4500000000e+02, 1.9800000000e+02, 2.8000000000e+01, 1.6050000000e+01, 5.3690880000e+04
 1500505200, 2.4500000000e+02, 1.9800000000e+02, 2.8000000000e+01, 1.6050000000e+01, 5.3691026667e+04
 1500505500, 2.4500000000e+02, 1.9674666667e+02, 2.8000000000e+01, 1.6050000000e+01, 5.3690866667e+04
 1500505800, 2.4500000000e+02, 1.9600000000e+02, 2.8000000000e+01, 1.6050000000e+01, 5.3690053333e+04
 1500506100, 2.4500000000e+02, 1.9645333333e+02, 2.8000000000e+01, 1.6050000000e+01, 5.3690920000e+04
 1500506400, 2.4500000000e+02, 1.9800000000e+02, 2.8000000000e+01, 1.6050000000e+01, 5.3690560000e+04
 1500506700, 2.4500000000e+02, 1.9800000000e+02, 2.8000000000e+01, 1.6050000000e+01, 5.3695426667e+04
 1500507000, 2.4500000000e+02, 1.9800000000e+02, 2.8000000000e+01, 1.6050000000e+01, 5.3697026667e+04
 1500507300, 2.4500000000e+02, 1.9800000000e+02, 2.8000000000e+01, 1.6050000000e+01, 5.3697573333e+04
 1500507600, 2.4500000000e+02, 1.9800000000e+02, 2.8000000000e+01, 1.6050000000e+01, 5.3697200000e+04
 1500507900, 2.4500000000e+02, 1.9800000000e+02, 2.8453333333e+01, 1.6052000000e+01, 5.3698106667e+04
 1500508200, 2.4500000000e+02, 1.9800000000e+02, 2.9946666667e+01, 1.6050000000e+01, 5.3702106667e+04
 1500508500, 2.4500000000e+02, 1.9800000000e+02, 2.8000000000e+01, 1.6050000000e+01, 5.3702946667e+04
 1500508800, 2.4500000000e+02, 1.9800000000e+02, 2.8000000000e+01, 1.6050000000e+01, 5.3701853333e+04
 1500509100, 2.4500000000e+02, 1.9800000000e+02, 2.8000000000e+01, 1.6052000000e+01, 5.3703173333e+04
 1500509400, 2.4500000000e+02, 1.9800000000e+02, 2.8853333333e+01, 1.6050266667e+01, 5.3701773333e+04
 1500509700, 2.4500000000e+02, 1.9754666667e+02, 3.0000000000e+01, 1.6051733333e+01, 5.3703426667e+04
 1500510000, 2.4500000000e+02, 1.9605333333e+02, 3.0000000000e+01, 1.6050266667e+01, 5.3703426667e+04
 1500510300, 2.4500000000e+02, 1.9800000000e+02, 3.0000000000e+01, 1.6054000000e+01, 5.3702720000e+04
 1500510600, 2.4500000000e+02, 1.9800000000e+02, 3.0000000000e+01, 1.6053733333e+01, 5.3701773333e+04
 1500510900, 2.4500000000e+02, 1.9800000000e+02, 2.8746666667e+01, 1.6050000000e+01, 5.3701626667e+04
 1500511200, 2.4500000000e+02, 1.9714666667e+02, 2.8000000000e+01, 1.6056000000e+01, 5.3702173333e+04
 1500511500, 2.4500000000e+02, 1.9645333333e+02, 2.8000000000e+01, 1.6050000000e+01, 5.3701000000e+04
 1500511800, 2.4500000000e+02, 1.9800000000e+02, 2.8000000000e+01, 1.6049733333e+01, 5.3700826667e+04
 1500512100, 2.4500000000e+02, 1.9800000000e+02, 2.8000000000e+01, 1.6044266667e+01, 5.3702253333e+04
 1500512400, 2.4500000000e+02, 1.9634666667e+02, 2.8000000000e+01, 1.6050266667e+01, 5.3703000000e+04
 1500512700, 2.4500000000e+02, 1.9725333333e+02, 2.8000000000e+01, 1.6061733333e+01, 5.3701973333e+04
 1500513000, 2.4500000000e+02, 1.9800000000e+02, 2.8000000000e+01, 1.6050000000e+01, 5.3710373333e+04
 1500513300, 2.4500000000e+02, 1.9800000000e+02, 2.8000000000e+01, 1.6050000000e+01, 5.3717226667e+04
 1500513600, 2.4500000000e+02, 1.9800000000e+02, 2.8000000000e+01, 1.6050000000e+01, 5.3716173333e+04
 1500513900, 2.4500000000e+02, 1.9800000000e+02, 2.8000000000e+01, 1.6050000000e+01, 5.3715746667e+04
 1500514200, 2.4500000000e+02, 1.9800000000e+02, 2.8000000000e+01, 1.6050000000e+01, 5.3717480000e+04
 1500514500, 2.4500000000e+02, 1.9800000000e+02, 2.8000000000e+01, 1.6050000000e+01, 5.3717173333e+04
 1500514800, 2.4500000000e+02, 1.9800000000e+02, 2.8853333333e+01, 1.6050000000e+01, 5.3716000000e+04
 1500515100, 2.4500000000e+02, 1.9754666667e+02, 3.0000000000e+01, 1.6050000000e+01, 5.3715600000e+04
 1500515400, 2.4500000000e+02, 1.9605333333e+02, 3.0000000000e+01, 1.6056000000e+01, 5.3716453333e+04
 1500515700, 2.4500000000e+02, 1.9800000000e+02, 3.0000000000e+01, 1.6050000000e+01, 5.3717346667e+04
 1500516000, 2.4500000000e+02, 1.9800000000e+02, 2.8346666667e+01, 1.6068533333e+01, 5.3716800000e+04
 1500516300, 2.4500000000e+02, 1.9800000000e+02, 2.8000000000e+01, 1.6065733333e+01, 5.3716400000e+04
 1500516600, 2.4500000000e+02, 1.9714666667e+02, 2.8853333333e+01, 1.6053733333e+01, 5.3716653333e+04
 1500516900, 2.4500000000e+02, 1.9600000000e+02, 2.9546666667e+01, 1.6050000000e+01, 5.3717346667e+04
 1500517200, 2.4500000000e+02, 1.9600000000e+02, 2.8000000000e+01, 1.6050000000e+01, 5.3716546667e+04
 1500517500, 2.4500000000e+02, 1.9600000000e+02, 2.8000000000e+01, 1.6050000000e+01, 5.3716680000e+04
 1500517800, 2.4500000000e+02, 1.9600000000e+02, 2.9653333333e+01, 1.6050000000e+01, 5.3716400000e+04
 1500518100, 2.4500000000e+02, 1.9600000000e+02, 3.0000000000e+01, 1.6054266667e+01, 5.3715373333e+04
 1500518400, 2.4500000000e+02, 1.9600000000e+02, 2.9146666667e+01, 1.6051733333e+01, 5.3715906667e+04
 1500518700, 2.4500000000e+02, 1.9645333333e+02, 2.8000000000e+01, 1.6050000000e+01, 5.3720026667e+04
 1500519000, 2.4500000000e+02, 1.9800000000e+02, 2.8000000000e+01, 1.6050000000e+01, 5.3719253333e+04
 1500519300, 2.4500000000e+02, 1.9800000000e+02, 2.8000000000e+01, 1.6050000000e+01, 5.3720000000e+04
 1500519600, 2.4500000000e+02, 1.9634666667e+02, 2.8000000000e+01, 1.6050000000e+01, 5.3720346667e+04
 1500519900, 2.4500000000e+02, 1.9600000000e+02, 2.8000000000e+01, 1.6052000000e+01, 5.3720026667e+04
 1500520200, 2.4500000000e+02, 1.9685333333e+02, 2.8000000000e+01, 1.6050000000e+01, 5.3720933333e+04
 1500520500, 2.4500000000e+02, 1.9754666667e+02, 2.8453333333e+01, 1.6050000000e+01, 5.3722426667e+04
 1500520800, 2.4500000000e+02, 1.9600000000e+02, 2.9946666667e+01, 1.6050000000e+01, 5.3721413333e+04
 1500521100, 2.4500000000e+02, 1.9600000000e+02, 2.8000000000e+01, 1.6050000000e+01, 5.3721000000e+04
 1500521400, 2.4500000000e+02, 1.9600000000e+02, 2.8000000000e+01, 1.6052000000e+01, 5.3721626667e+04
 1500521700, 2.4500000000e+02, 1.9600000000e+02, 2.8000000000e+01, 1.6054000000e+01, 5.3721600000e+04
 1500522000, 2.4500000000e+02, 1.9685333333e+02, 2.8000000000e+01, 1.6052000000e+01, 5.3721800000e+04
 1500522300, 2.4500000000e+02, 1.9800000000e+02, 2.8000000000e+01, 1.6050000000e+01, 5.3722026667e+04
 1500522600, 2.4500000000e+02, 1.9800000000e+02, 2.8000000000e+01, 1.6050000000e+01, 5.3722346667e+04
 1500522900, 2.4500000000e+02, 1.9800000000e+02, 2.8000000000e+01, 1.6041733333e+01, 5.3720800000e+04
 1500523200, 2.4500000000e+02, 1.9634666667e+02, 2.8000000000e+01, 1.6048266667e+01, 5.3721826667e+04
 1500523500, 2.4500000000e+02, 1.9600000000e+02, 2.9253333333e+01, 1.6050000000e+01, 5.3723600000e+04
 1500523800, 2.4500000000e+02, 1.9685333333e+02, 2.9146666667e+01, 1.6047733333e+01, 5.3723506667e+04
 1500524100, 2.4500000000e+02, 1.9754666667e+02, 2.8000000000e+01, 1.6040266667e+01, 5.3723946667e+04
 1500524400, 2.4500000000e+02, 1.9605333333e+02, 2.8000000000e+01, 1.6048000000e+01, 5.3722546667e+04
 1500524700, 2.4500000000e+02, 1.9800000000e+02, 2.8000000000e+01, 1.6050000000e+01, 5.3722600000e+04
 1500525000, 2.4500000000e+02, 1.9634666667e+02, 2.8000000000e+01, 1.6056533333e+01, 5.3720746667e+04
 1500525300, 2.4500000000e+02, 1.9600000000e+02, 2.8000000000e+01, 1.6059466667e+01, 5.3722853333e+04
 1500525600, 2.4500000000e+02, 1.9600000000e+02, 2.8000000000e+01, 1.6056000000e+01, 5.3722826667e+04
 1500525900, 2.4500000000e+02, 1.9645333333e+02, 2.8000000000e+01, 1.6050000000e+01, 5.3722773333e+04
 1500526200, 2.4500000000e+02, 1.9794666667e+02, 2.8000000000e+01, 1.6050000000e+01, 5.3724480000e+04
 1500526500, 2.4500000000e+02, 1.9600000000e+02, 2.8000000000e+01, 1.6050000000e+01, 5.3727626667e+04
 1500526800, 2.4500000000e+02, 1.9600000000e+02, 2.8000000000e+01, 1.6050000000e+01, 5.3727173333e+04
 1500527100, 2.4500000000e+02, 1.9600000000e+02, 2.8000000000e+01, 1.6050000000e+01, 5.3724800000e+04
 1500527400, 2.4500000000e+02, 1.9600000000e+02, 2.8853333333e+01, 1.6050000000e+01, 5.3725826667e+04
 1500527700, 2.4500000000e+02, 1.9600000000e+02, 2.9546666667e+01, 1.6050000000e+01, 5.3726800000e+04
 1500528000, 2.4500000000e+02, 1.9600000000e+02, 2.8000000000e+01, 1.6054266667e+01, 5.3726426667e+04
 1500528300, 2.4500000000e+02, 1.9600000000e+02, 2.8000000000e+01, 1.6054000000e+01, 5.3727200000e+04
 1500528600, 2.4500000000e+02, 1.9600000000e+02, 2.8000000000e+01, 1.6060000000e+01, 5.3726826667e+04
 1500528900, 2.4500000000e+02, 1.9600000000e+02, 2.8000000000e+01, 1.6055733333e+01, 5.3727946667e+04
 1500529200, 2.4500000000e+02, 1.9600000000e+02, 2.8000000000e+01, 1.6049733333e+01, 5.3726400000e+04
 1500529500, 2.4500000000e+02, 1.9600000000e+02, 2.8453333333e+01, 1.6042266667e+01, 5.3725800000e+04
 1500529800, 2.4500000000e+02, 1.9600000000e+02, 3.0000000000e+01, 1.6050000000e+01, 5.3728026667e+04
 1500530100, 2.4500000000e+02, 1.9600000000e+02, 3.0000000000e+01, 1.6047733333e+01, 5.3725720000e+04
 1500530400, 2.4500000000e+02, 1.9600000000e+02, 2.8346666667e+01, 1.6048266667e+01, 5.3726080000e+04
 1500530700, 2.4500000000e+02, 1.9725333333e+02, 2.8000000000e+01, 1.6050000000e+01, 5.3725546667e+04
 1500531000, 2.4500000000e+02, 1.9800000000e+02, 2.8000000000e+01, 1.6050000000e+01, 5.3725973333e+04
 1500531300, 2.4500000000e+02, 1.9754666667e+02, 2.8000000000e+01, 1.6050000000e+01, 5.3726306667e+04
 1500531600, 2.4500000000e+02, 1.9600000000e+02, 2.8000000000e+01, 1.6052000000e+01, 5.3726800000e+04
 1500531900, 2.4500000000e+02, 1.9600000000e+02, 2.8000000000e+01, 1.6044000000e+01, 5.3726973333e+04
 1500532200, 2.4500000000e+02, 1.9600000000e+02, 2.8000000000e+01, 1.6047733333e+01, 5.3727146667e+04
 1500532500, 2.4500000000e+02, 1.9600000000e+02, 2.8000000000e+01, 1.6046266667e+01, 5.3730666667e+04
 1500532800, 2.4500000000e+02, 1.9685333333e+02, 2.8000000000e+01, 1.6050266667e+01, 5.3737000000e+04
 1500533100, 2.4500000000e+02, 1.9800000000e+02, 2.8000000000e+01, 1.6051733333e+01, 5.3735226667e+04
 1500533400, 2.4500000000e+02, 1.9800000000e+02, 2.8000000000e+01, 1.6046000000e+01, 5.3736173333e+04
 1500533700, 2.4500000000e+02, 1.9800000000e+02, 2.8000000000e+01, 1.6050000000e+01, 5.3734373333e+04
 1500534000, 2.4500000000e+02, 1.9800000000e+02, 2.8000000000e+01, 1.6050533333e+01, 5.3733880000e+04
 1500534300, 2.4500000000e+02, 1.9800000000e+02, 2.8000000000e+01, 1.6068000000e+01, 5.3733266667e+04
 1500534600, 2.4500000000e+02, 1.9800000000e+02, 2.8000000000e+01, 1.6066000000e+01, 5.3732453333e+04
 1500534900, 2.4500000000e+02, 1.9754666667e+02, 2.8000000000e+01, 1.6076000000e+01, 5.3732426667e+04
 1500535200, 2.4500000000e+02, 1.9600000000e+02, 2.8000000000e+01, 1.6059733333e+01, 5.3734306667e+04
 1500535500, 2.4500000000e+02, 1.9600000000e+02, 2.8000000000e+01, 1.6051733333e+01, 5.3736853333e+04
 1500535800, 2.4500000000e+02, 1.9600000000e+02, 2.9653333333e+01, 1.6050000000e+01, 5.3736626667e+04
 1500536100, 2.4500000000e+02, 1.9725333333e+02, 3.0000000000e+01, 1.6050000000e+01, 5.3737013333e+04
 1500536400, 2.4500000000e+02, 1.9800000000e+02, 3.0000000000e+01, 1.6050000000e+01, 5.3736480000e+04
 1500536700, 2.4500000000e+02, 1.9800000000e+02, 3.0000000000e+01, 1.6056000000e+01, 5.3735746667e+04
 1500537000, 2.4500000000e+02, 1.9794666667e+02, 3.0000000000e+01, 1.6052000000e+01, 5.3736453333e+04
 1500537300, 2.4500000000e+02, 1.9600000000e+02, 3.0000000000e+01, 1.6050000000e+01, 5.3736320000e+04
 1500537600, 2.4500000000e+02, 1.9765333333e+02, 3.0000000000e+01, 1.6050000000e+01, 5.3736453333e+04
 1500537900, 2.4500000000e+02, 1.9800000000e+02, 2.8746666667e+01, 1.6050000000e+01, 5.3737026667e+04
 1500538200, 2.4500000000e+02, 1.9714666667e+02, 2.8853333333e+01, 1.6050000000e+01, 5.3736120000e+04
 1500538500, 2.4500000000e+02, 1.9645333333e+02, 3.0000000000e+01, 1.6052000000e+01, 5.3735573333e+04
 1500538800, 2.4500000000e+02, 1.9800000000e+02, 2.9946666667e+01, 1.6050000000e+01, 5.3735626667e+04
 1500539100, 2.4500000000e+02, 1.9800000000e+02, 2.8000000000e+01, 1.6050000000e+01, 5.3735546667e+04
 1500539400, 2.4500000000e+02, 1.9634666667e+02, 2.9653333333e+01, 1.6052000000e+01, 5.3733200000e+04
 1500539700, 2.4500000000e+02, 1.9725333333e+02, 2.8746666667e+01, 1.6052266667e+01, 5.3733080000e+04
 1500540000, 2.4500000000e+02, 1.9714666667e+02, 2.8000000000e+01, 1.6051733333e+01, 5.3737773333e+04
 1500540300, 2.0306666667e+02, 1.5837333333e+02, 2.4826666667e+01, 1.6050266667e+01, 5.3736480000e+04
 1500540600, 6.4933333333e+01, 3.4426666667e+01, 1.4373333333e+01, 1.6053733333e+01, 5.3738546667e+04
 1500540900, 2.4500000000e+02, 1.9600000000e+02, 2.8000000000e+01, 1.6050000000e+01, 5.3737626667e+04
 1500541200, 2.4500000000e+02, 1.9765333333e+02, 2.8000000000e+01, 1.6052000000e+01, 5.3737253333e+04
 1500541500, 2.4500000000e+02, 1.9800000000e+02, 2.8000000000e+01, 1.6050000000e+01, 5.3738803333e+04
 1500541800, 2.4500000000e+02, 1.9800000000e+02, 2.8000000000e+01, 1.6050000000e+01, 5.3739400000e+04
 1500542100, 2.4500000000e+02, 1.9800000000e+02, 2.8000000000e+01, 1.6050000000e+01, 5.3741653333e+04
 1500542400, 2.4500000000e+02, 1.9800000000e+02, 2.8000000000e+01, 1.6050000000e+01, 5.3741173333e+04
 1500542700, 2.4500000000e+02, 1.9800000000e+02, 2.8000000000e+01, 1.6050000000e+01, 5.3740773333e+04
 1500543000, 2.4500000000e+02, 1.9800000000e+02, 2.8000000000e+01, 1.6050000000e+01, 5.3742986667e+04
 1500543300, 2.4500000000e+02, 1.9800000000e+02, 2.8000000000e+01, 1.6050000000e+01, 5.3748106667e+04
 1500543600, 2.4500000000e+02, 1.9800000000e+02, 2.8000000000e+01, 1.6046266667e+01, 5.3749346667e+04
 1500543900, 2.4500000000e+02, 1.9800000000e+02, 2.8000000000e+01, 1.6053733333e+01, 5.3748373333e+04
 1500544200, 2.4500000000e+02, 1.9800000000e+02, 2.8000000000e+01, 1.6050000000e+01, 5.3747600000e+04
 1500544500, 2.4500000000e+02, 1.9800000000e+02, 2.8000000000e+01, 1.6050000000e+01, 5.3748773333e+04
 1500544800, 2.4500000000e+02, 1.9800000000e+02, 2.8000000000e+01, 1.6050000000e+01, 5.3748226667e+04
 1500545100, 2.4500000000e+02, 1.9800000000e+02, 2.8000000000e+01, 1.6054000000e+01, 5.3748626667e+04
 1500545400, 2.4500000000e+02, 1.9714666667e+02, 2.8853333333e+01, 1.6050000000e+01, 5.3746773333e+04
 1500545700, 2.4500000000e+02, 1.9600000000e+02, 3.0000000000e+01, 1.6047966667e+01, 5.3747826667e+04
 1500546000, 2.4500000000e+02, 1.9600000000e+02, 3.0000000000e+01, 1.6050000000e+01, 5.3747970000e+04
 1500546300, 2.4500000000e+02, 1.9600000000e+02, 3.0000000000e+01, 1.6050000000e+01, 5.3747626667e+04
 1500546600, 2.4500000000e+02, 1.9600000000e+02, 3.0000000000e+01, 1.6050000000e+01, 5.3748626667e+04
 1500546900, 2.4500000000e+02, 1.9725333333e+02, 2.8746666667e+01, 1.6050800000e+01, 5.3747973333e+04
 1500547200, 2.4500000000e+02, 1.9714666667e+02, 2.8853333333e+01, 1.6094533333e+01, 5.3748600000e+04
 1500547500, 2.4500000000e+02, 1.9600000000e+02, 2.9546666667e+01, 1.6095733333e+01, 5.3748426667e+04
 1500547800, 2.4206666667e+02, 1.9333333333e+02, 2.7840000000e+01, 1.6075466667e+01, 5.3749626667e+04
 1500548100, 1.3500000000e+02, 9.6000000000e+01, 2.2000000000e+01, 1.6057466667e+01, 5.3749573333e+04
 1500548400, 2.2593333333e+02, 1.7866666667e+02, 2.8613333333e+01, 1.6052000000e+01, 5.3750853333e+04
 1500548700, 2.4500000000e+02, 1.9600000000e+02, 3.0000000000e+01, 1.6050000000e+01, 5.3749146667e+04
 1500549000, 2.4500000000e+02, 1.9685333333e+02, 3.0000000000e+01, 1.6050000000e+01, 5.3748826667e+04
 1500549300, 2.4500000000e+02, 1.9800000000e+02, 3.0000000000e+01, 1.6054000000e+01, 5.3750653333e+04
 1500549600, 2.4500000000e+02, 1.9794666667e+02, 3.0000000000e+01, 1.6050000000e+01, 5.3750226667e+04
 1500549900, 2.4500000000e+02, 1.9600000000e+02, 3.0000000000e+01, 1.6050000000e+01, 5.3749373333e+04
 1500550200, 2.4500000000e+02, 1.9600000000e+02, 3.0000000000e+01, 1.6050000000e+01, 5.3749826667e+04
 1500550500, 2.4500000000e+02, 1.9600000000e+02, 3.0000000000e+01, 1.6052266667e+01, 5.3751200000e+04
 1500550800, 2.4500000000e+02, 1.9600000000e+02, 3.0000000000e+01, 1.6053733333e+01, 5.3750153333e+04
 1500551100, 2.4500000000e+02, 1.9600000000e+02, 2.9546666667e+01, 1.6050000000e+01, 5.3748920000e+04
 1500551400, 2.4500000000e+02, 1.9600000000e+02, 2.8000000000e+01, 1.6050000000e+01, 5.3747800000e+04
 1500551700, 2.4500000000e+02, 1.9600000000e+02, 2.8000000000e+01, 1.6050000000e+01, 5.3747773333e+04
 1500552000, 2.4500000000e+02, 1.9600000000e+02, 2.9653333333e+01, 1.6050000000e+01, 5.3746626667e+04
 1500552300, 2.4500000000e+02, 1.9600000000e+02, 2.8746666667e+01, 1.6048000000e+01, 5.3748026667e+04
 1500552600, 2.4500000000e+02, 1.9600000000e+02, 2.8000000000e+01, 1.6047733333e+01, 5.3749173333e+04
 1500552900, 2.4500000000e+02, 1.9600000000e+02, 2.8453333333e+01, 1.6057066667e+01, 5.3748826667e+04
 1500553200, 2.4500000000e+02, 1.9605333333e+02, 2.9946666667e+01, 1.6065466667e+01, 5.3749826667e+04
 1500553500, 2.4500000000e+02, 1.9800000000e+02, 2.8000000000e+01, 1.6064000000e+01, 5.3749293333e+04
 1500553800, 2.4500000000e+02, 1.9800000000e+02, 2.8000000000e+01, 1.6051733333e+01, 5.3749933333e+04
 1500554100, 2.4500000000e+02, 1.9674666667e+02, 2.9253333333e+01, 1.6052000000e+01, 5.3750320000e+04
 1500554400, 2.4500000000e+02, 1.9600000000e+02, 3.0000000000e+01, 1.6050000000e+01, 5.3747626667e+04
 1500554700, 2.4500000000e+02, 1.9600000000e+02, 3.0000000000e+01, 1.6056533333e+01, 5.3749426667e+04
 1500555000, 2.4500000000e+02, 1.9605333333e+02, 2.9946666667e+01, 1.6057466667e+01, 5.3748200000e+04
 1500555300, 2.4500000000e+02, 1.9800000000e+02, 2.8000000000e+01, 1.6050000000e+01, 5.3749546667e+04
 1500555600, 2.4500000000e+02, 1.9800000000e+02, 2.8000000000e+01, 1.6050000000e+01, 5.3748826667e+04
 1500555900, 2.4500000000e+02, 1.9800000000e+02, 2.8000000000e+01, 1.6050000000e+01, 5.3748346667e+04
 1500556200, 2.4500000000e+02, 1.9714666667e+02, 2.8853333333e+01, 1.6050000000e+01, 5.3748600000e+04
 1500556500, 2.4500000000e+02, 1.9645333333e+02, 2.9546666667e+01, 1.6049733333e+01, 5.3747146667e+04
 1500556800, 2.4500000000e+02, 1.9800000000e+02, 2.8000000000e+01, 1.6046266667e+01, 5.3748133333e+04
 1500557100, 2.4500000000e+02, 1.9800000000e+02, 2.8000000000e+01, 1.6045733333e+01, 5.3751573333e+04
 1500557400, 2.4500000000e+02, 1.9800000000e+02, 2.8000000000e+01, 1.6048266667e+01, 5.3750053333e+04
 1500557700, 2.4500000000e+02, 1.9800000000e+02, 2.8000000000e+01, 1.6050000000e+01, 5.3750520000e+04
 1500558000, 2.4500000000e+02, 1.9800000000e+02, 2.8000000000e+01, 1.6050000000e+01, 5.3748600000e+04
 1500558300, 2.4500000000e+02, 1.9800000000e+02, 2.8453333333e+01, 1.6050000000e+01, 5.3749253333e+04
 1500558600, 2.4500000000e+02, 1.9794666667e+02, 2.9946666667e+01, 1.6050000000e+01, 5.3750600000e+04
 1500558900, 2.4500000000e+02, 1.9600000000e+02, 2.8000000000e+01, 1.6052000000e+01, 5.3750573333e+04
 1500559200, 2.4500000000e+02, 1.9765333333e+02, 2.8000000000e+01, 1.6050000000e+01, 5.3751506667e+04
 1500559500, 2.4500000000e+02, 1.9800000000e+02, 2.8000000000e+01, 1.6052000000e+01, 5.3753400000e+04
 1500559800, 2.4500000000e+02, 1.9800000000e+02, 2.8853333333e+01, 1.6050000000e+01, 5.3754400000e+04
 1500560100, 2.4500000000e+02, 1.9754666667e+02, 2.9546666667e+01, 1.6050000000e+01, 5.3754560000e+04
 1500560400, 2.4500000000e+02, 1.9605333333e+02, 2.8053333333e+01, 1.6048000000e+01, 5.3758573333e+04
 1500560700, 2.4500000000e+02, 1.9800000000e+02, 3.0000000000e+01, 1.6039733333e+01, 5.3758173333e+04
 1500561000, 2.4500000000e+02, 1.9800000000e+02, 3.0000000000e+01, 1.6048266667e+01, 5.3758280000e+04
 1500561300, 2.4500000000e+02, 1.9800000000e+02, 3.0000000000e+01, 1.6050000000e+01, 5.3762733333e+04
 1500561600, 2.4500000000e+02, 1.9714666667e+02, 3.0000000000e+01, 1.6050000000e+01, 5.3764573333e+04
 1500561900, 2.4500000000e+02, 1.9600000000e+02, 2.9546666667e+01, 1.6050000000e+01, 5.3763373333e+04
 1500562200, 2.4500000000e+02, 1.9600000000e+02, 2.8053333333e+01, 1.6050000000e+01, 5.3766306667e+04
 1500562500, 2.4500000000e+02, 1.9600000000e+02, 3.0000000000e+01, 1.6050000000e+01, 5.3767426667e+04
 1500562800, 2.4500000000e+02, 1.9600000000e+02, 3.0000000000e+01, 1.6054000000e+01, 5.3769400000e+04
 1500563100, 2.4500000000e+02, 1.9600000000e+02, 3.0000000000e+01, 1.6050000000e+01, 5.3768586667e+04
 1500563400, 2.4286666667e+02, 1.9514666667e+02, 3.0000000000e+01, 1.6050000000e+01, 5.3775000000e+04
 1500563700, 2.4113333333e+02, 1.9445333333e+02, 3.0000000000e+01, 1.6050000000e+01, 5.3774600000e+04
 1500564000, 2.4500000000e+02, 1.9600000000e+02, 2.9946666667e+01, 1.6054266667e+01, 5.3775320000e+04
 1500564300, 2.4500000000e+02, 1.9600000000e+02, 2.8000000000e+01, 1.6054000000e+01, 5.3773506667e+04
 1500564600, 2.4500000000e+02, 1.9600000000e+02, 2.8000000000e+01, 1.6052800000e+01, 5.3772866667e+04
 1500564900, 2.4500000000e+02, 1.9600000000e+02, 2.8000000000e+01, 1.6220000000e+01, 5.3785373333e+04
 1500565200, 2.4500000000e+02, 1.9600000000e+02, 2.8000000000e+01, 1.6481066667e+01, 5.3792293333e+04
 1500565500, 2.4500000000e+02, 1.9600000000e+02, 2.8453333333e+01, 1.6660533333e+01, 5.3793200000e+04
 1500565800, 2.4500000000e+02, 1.9600000000e+02, 3.0000000000e+01, 1.6797200000e+01, 5.3793826667e+04
 1500566100, 2.4500000000e+02, 1.9600000000e+02, 3.0000000000e+01, 1.6897866667e+01, 5.3794426667e+04
 1500566400, 2.4500000000e+02, 1.9600000000e+02, 3.0000000000e+01, 1.6954800000e+01, 5.3795066667e+04
 1500566700, 2.4500000000e+02, 1.9600000000e+02, 3.0000000000e+01, 1.6986800000e+01, 5.3794653333e+04
 1500567000, 2.4500000000e+02, 1.9600000000e+02, 3.0000000000e+01, 1.7016533333e+01, 5.3797333333e+04
 1500567300, 2.4500000000e+02, 1.9600000000e+02, 2.9546666667e+01, 1.7044700000e+01, 5.3801446667e+04
 1500567600, 2.4500000000e+02, 1.9600000000e+02, 2.8053333333e+01, 1.7050000000e+01, 5.3801800000e+04
 1500567900, 2.4500000000e+02, 1.9600000000e+02, 3.0000000000e+01, 1.7050000000e+01, 5.3801746667e+04
 1500568200, 2.4500000000e+02, 1.9600000000e+02, 2.8346666667e+01, 1.7050000000e+01, 5.3799346667e+04
 1500568500, 2.4500000000e+02, 1.9600000000e+02, 2.9253333333e+01, 1.7050000000e+01, 5.3798400000e+04
 1500568800, 2.4500000000e+02, 1.9600000000e+02, 3.0000000000e+01, 1.7051733333e+01, 5.3798400000e+04
 1500569100, 2.4500000000e+02, 1.9600000000e+02, 3.0000000000e+01, 1.7048266667e+01, 5.3800226667e+04
 1500569400, 2.4500000000e+02, 1.9600000000e+02, 3.0000000000e+01, 1.7050000000e+01, 5.3798053333e+04
 1500569700, 2.4500000000e+02, 1.9600000000e+02, 3.0000000000e+01, 1.7075066667e+01, 5.3799573333e+04
 1500570000, 2.4500000000e+02, 1.9600000000e+02, 2.8346666667e+01, 1.7092000000e+01, 5.3799346667e+04
 1500570300, 2.4500000000e+02, 1.9600000000e+02, 2.9253333333e+01, 1.7081466667e+01, 5.3798773333e+04
 1500570600, 2.4500000000e+02, 1.9600000000e+02, 2.9146666667e+01, 1.7057466667e+01, 5.3798026667e+04
 1500570900, 2.4500000000e+02, 1.9600000000e+02, 2.8453333333e+01, 1.7050000000e+01, 5.3799026667e+04
 1500571200, 2.4500000000e+02, 1.9600000000e+02, 3.0000000000e+01, 1.7050000000e+01, 5.3797746667e+04
 1500571500, 2.4500000000e+02, 1.9600000000e+02, 3.0000000000e+01, 1.7048533333e+01, 5.3798026667e+04
 1500571800, 2.4500000000e+02, 1.9600000000e+02, 3.0000000000e+01, 1.7059733333e+01, 5.3802360000e+04
 1500572100, 2.4500000000e+02, 1.9600000000e+02, 3.0000000000e+01, 1.7064266667e+01, 5.3803626667e+04
 1500572400, 2.4500000000e+02, 1.9600000000e+02, 2.9146666667e+01, 1.7076000000e+01, 5.3804373333e+04
 1500572700, 2.4500000000e+02, 1.9600000000e+02, 2.8453333333e+01, 1.7061733333e+01, 5.3803373333e+04
 1500573000, 2.4500000000e+02, 1.9600000000e+02, 3.0000000000e+01, 1.7059733333e+01, 5.3804426667e+04
 1500573300, 2.4500000000e+02, 1.9600000000e+02, 3.0000000000e+01, 1.7050000000e+01, 5.3805053333e+04
 1500573600, 2.4500000000e+02, 1.9600000000e+02, 3.0000000000e+01, 1.7052000000e+01, 5.3804946667e+04
 1500573900, 2.4500000000e+02, 1.9600000000e+02, 3.0000000000e+01, 1.7050000000e+01, 5.3805000000e+04
 1500574200, 2.4500000000e+02, 1.9600000000e+02, 2.9146666667e+01, 1.7048400000e+01, 5.3802880000e+04
 1500574500, 2.4500000000e+02, 1.9600000000e+02, 2.8453333333e+01, 1.6867066667e+01, 5.3792173333e+04
 1500574800, 2.4500000000e+02, 1.9600000000e+02, 2.9946666667e+01, 1.6636933333e+01, 5.3791373333e+04
 1500575100, 2.4500000000e+02, 1.9600000000e+02, 2.8000000000e+01, 1.6476266667e+01, 5.3790426667e+04
 1500575400, 2.4500000000e+02, 1.9600000000e+02, 2.8000000000e+01, 1.6361600000e+01, 5.3790786667e+04
 1500575700, 2.4500000000e+02, 1.9600000000e+02, 2.9253333333e+01, 1.6269600000e+01, 5.3799026667e+04
 1500576000, 2.4500000000e+02, 1.9600000000e+02, 2.9146666667e+01, 1.6204666667e+01, 5.3799826667e+04
 1500576300, 2.4500000000e+02, 1.9600000000e+02, 2.8000000000e+01, 1.6161200000e+01, 5.3799573333e+04
 1500576600, 2.4500000000e+02, 1.9600000000e+02, 2.8053333333e+01, 1.6125200000e+01, 5.3798253333e+04
 1500576900, 2.4500000000e+02, 1.9600000000e+02, 3.0000000000e+01, 1.6105733333e+01, 5.3799720000e+04
 1500577200, 2.4500000000e+02, 1.9600000000e+02, 3.0000000000e+01, 1.6089466667e+01, 5.3798800000e+04
 1500577500, 2.4500000000e+02, 1.9600000000e+02, 3.0000000000e+01, 1.6073466667e+01, 5.3798253333e+04
 1500577800, 2.4500000000e+02, 1.9600000000e+02, 3.0000000000e+01, 1.6060000000e+01, 5.3798773333e+04
 1500578100, 2.4500000000e+02, 1.9600000000e+02, 3.0000000000e+01, 1.6055466667e+01, 5.3798400000e+04
 1500578400, 2.4020000000e+02, 1.9168000000e+02, 2.9573333333e+01, 1.6050266667e+01, 5.3798173333e+04
 1500578700, 6.5000000000e+01, 3.4000000000e+01, 1.4000000000e+01, 1.6054266667e+01, 5.3796573333e+04
 1500579000, 2.1380000000e+02, 1.6792000000e+02, 2.7226666667e+01, 1.6059733333e+01, 5.3797506667e+04
 1500579300, 2.4500000000e+02, 1.9474666667e+02, 3.0000000000e+01, 1.6050000000e+01, 5.3799400000e+04
 1500579600, 2.4286666667e+02, 1.9485333333e+02, 2.9146666667e+01, 1.6050000000e+01, 5.3800453333e+04
 1500579900, 2.4113333333e+02, 1.9600000000e+02, 2.8453333333e+01, 1.6050000000e+01, 5.3800973333e+04
 1500580200, 2.4500000000e+02, 1.9600000000e+02, 2.9946666667e+01, 1.6050266667e+01, 5.3799973333e+04
 1500580500, 2.4500000000e+02, 1.9600000000e+02, 2.8000000000e+01, 1.6055733333e+01, 5.3800053333e+04
 1500580800, 2.4500000000e+02, 1.9600000000e+02, 2.9653333333e+01, 1.6050000000e+01, 5.3800173333e+04
 1500581100, 2.4500000000e+02, 1.9600000000e+02, 2.8746666667e+01, 1.6052000000e+01, 5.3800080000e+04
 1500581400, 2.4500000000e+02, 1.9600000000e+02, 2.8853333333e+01, 1.6050000000e+01, 5.3801493333e+04
 1500581700, 2.4386666667e+02, 1.9554666667e+02, 3.0000000000e+01, 1.6050000000e+01, 5.3800800000e+04
 1500582000, 2.4013333333e+02, 1.9405333333e+02, 2.9946666667e+01, 1.6050000000e+01, 5.3801626667e+04
 1500582300, 2.4500000000e+02, 1.9600000000e+02, 2.8000000000e+01, 1.6052000000e+01, 5.3800173333e+04
 1500582600, 2.4500000000e+02, 1.9600000000e+02, 2.9653333333e+01, 1.6050000000e+01, 5.3799373333e+04
 1500582900, 2.4500000000e+02, 1.9600000000e+02, 2.8746666667e+01, 1.6050000000e+01, 5.3799653333e+04
 1500583200, 2.4500000000e+02, 1.9600000000e+02, 2.8853333333e+01, 1.6050000000e+01, 5.3801146667e+04
 1500583500, 2.4500000000e+02, 1.9600000000e+02, 3.0000000000e+01, 1.6050000000e+01, 5.3800800000e+04
 1500583800, 2.4500000000e+02, 1.9600000000e+02, 3.0000000000e+01, 1.6054000000e+01, 5.3800853333e+04
 1500584100, 2.4500000000e+02, 1.9600000000e+02, 3.0000000000e+01, 1.6058800000e+01, 5.3801173333e+04
 1500584400, 2.4500000000e+02, 1.9600000000e+02, 3.0000000000e+01, 1.6069466667e+01, 5.3802653333e+04
 1500584700, 2.4500000000e+02, 1.9600000000e+02, 3.0000000000e+01, 1.6066533333e+01, 5.3801113333e+04
 1500585000, 2.4500000000e+02, 1.9514666667e+02, 3.0000000000e+01, 1.6071733333e+01, 5.3802426667e+04
 1500585300, 2.4500000000e+02, 1.9445333333e+02, 3.0000000000e+01, 1.6057466667e+01, 5.3802226667e+04
 1500585600, 2.4500000000e+02, 1.9600000000e+02, 3.0000000000e+01, 1.6050000000e+01, 5.3802600000e+04
 1500585900, 2.4500000000e+02, 1.9600000000e+02, 3.0000000000e+01, 1.6050000000e+01, 5.3801773333e+04
 1500586200, 2.4500000000e+02, 1.9600000000e+02, 3.0000000000e+01, 1.6050000000e+01, 5.3802240000e+04
 1500586500, 2.4500000000e+02, 1.9600000000e+02, 3.0000000000e+01, 1.6050000000e+01, 5.3810146667e+04
 1500586800, 2.4500000000e+02, 1.9600000000e+02, 3.0000000000e+01, 1.6048000000e+01, 5.3809400000e+04
 1500587100, 2.4500000000e+02, 1.9600000000e+02, 3.0000000000e+01, 1.6050000000e+01, 5.3810253333e+04
 1500587400, 2.4500000000e+02, 1.9600000000e+02, 3.0000000000e+01, 1.6050000000e+01, 5.3809973333e+04
 1500587700, 2.4500000000e+02, 1.9600000000e+02, 3.0000000000e+01, 1.6050000000e+01, 5.3807600000e+04
 1500588000, 2.4500000000e+02, 1.9600000000e+02, 3.0000000000e+01, 1.6050000000e+01, 5.3808573333e+04
 1500588300, 2.4500000000e+02, 1.9600000000e+02, 2.8746666667e+01, 1.6050000000e+01, 5.3808600000e+04
 1500588600, 2.3646666667e+02, 1.8832000000e+02, 2.7146666667e+01, 1.6050000000e+01, 5.3808826667e+04
 1500588900, 2.2953333333e+02, 1.8208000000e+02, 2.6906666667e+01, 1.6050000000e+01, 5.3809740000e+04
 1500589200, 2.4500000000e+02, 1.9600000000e+02, 2.9946666667e+01, 1.6050000000e+01, 5.3813666667e+04
 1500589500, 2.4500000000e+02, 1.9600000000e+02, 2.8000000000e+01, 1.6050000000e+01, 5.3810280000e+04
 1500589800, 2.4500000000e+02, 1.9600000000e+02, 2.9653333333e+01, 1.6054266667e+01, 5.3811893333e+04
 1500590100, 2.4500000000e+02, 1.9600000000e+02, 3.0000000000e+01, 1.6051733333e+01, 5.3807773333e+04
 1500590400, 2.4500000000e+02, 1.9600000000e+02, 3.0853333333e+01, 1.6050000000e+01, 5.3807626667e+04
 1500590700, 2.4500000000e+02, 1.9554666667e+02, 3.1546666667e+01, 1.6052266667e+01, 5.3807746667e+04
 1500591000, 2.4500000000e+02, 1.9405333333e+02, 3.0000000000e+01, 1.6055733333e+01, 5.3807080000e+04
 1500591300, 2.4500000000e+02, 1.9600000000e+02, 3.0000000000e+01, 1.6058000000e+01, 5.3808746667e+04
 1500591600, 2.4500000000e+02, 1.9600000000e+02, 3.0000000000e+01, 1.6050000000e+01, 5.3808400000e+04
 1500591900, 2.4500000000e+02, 1.9600000000e+02, 3.0000000000e+01, 1.6050000000e+01, 5.3808400000e+04
 1500592200, 2.4500000000e+02, 1.9600000000e+02, 3.0000000000e+01, 1.6050000000e+01, 5.3807546667e+04
 1500592500, 2.4500000000e+02, 1.9600000000e+02, 2.9093333333e+01, 1.6050000000e+01, 5.3809106667e+04
 1500592800, 2.4500000000e+02, 1.9600000000e+02, 2.6106666667e+01, 1.6050000000e+01, 5.3809973333e+04
 1500593100, 2.4500000000e+02, 1.9600000000e+02, 3.0000000000e+01, 1.6050000000e+01, 5.3809200000e+04
 1500593400, 2.4500000000e+02, 1.9600000000e+02, 3.0000000000e+01, 1.6050000000e+01, 5.3809346667e+04
 1500593700, 2.4500000000e+02, 1.9600000000e+02, 3.0000000000e+01, 1.6050000000e+01, 5.3808253333e+04
 1500594000, 2.4500000000e+02, 1.9600000000e+02, 3.0000000000e+01, 1.6068300000e+01, 5.3808626667e+04
 1500594300, 2.4500000000e+02, 1.9600000000e+02, 2.9546666667e+01, 1.6053733333e+01, 5.3809453333e+04
 1500594600, 2.4500000000e+02, 1.9600000000e+02, 2.8000000000e+01, 1.6050000000e+01, 5.3809973333e+04
 1500594900, 2.4500000000e+02, 1.9600000000e+02, 2.8000000000e+01, 1.6050000000e+01, 5.3810600000e+04
 1500595200, 2.4500000000e+02, 1.9600000000e+02, 2.9653333333e+01, 1.6050000000e+01, 5.3811226667e+04
 1500595500, 2.4500000000e+02, 1.9600000000e+02, 3.0000000000e+01, 1.6050000000e+01, 5.3810000000e+04
 1500595800, 2.4500000000e+02, 1.9600000000e+02, 3.0000000000e+01, 1.6052000000e+01, 5.3810040000e+04
 1500596100, 2.4500000000e+02, 1.9600000000e+02, 3.0000000000e+01, 1.6051733333e+01, 5.3809253333e+04
 1500596400, 2.4500000000e+02, 1.9600000000e+02, 3.0000000000e+01, 1.6050000000e+01, 5.3808973333e+04
 1500596700, 2.4500000000e+02, 1.9600000000e+02, 3.0000000000e+01, 1.6058800000e+01, 5.3809920000e+04
 1500597000, 2.4500000000e+02, 1.9600000000e+02, 3.0000000000e+01, 1.6075733333e+01, 5.3808520000e+04
 1500597300, 2.4500000000e+02, 1.9600000000e+02, 3.0000000000e+01, 1.6080266667e+01, 5.3808626667e+04
 1500597600, 2.4500000000e+02, 1.9600000000e+02, 3.0000000000e+01, 1.6071466667e+01, 5.3809840000e+04
 1500597900, 2.4500000000e+02, 1.9600000000e+02, 3.0000000000e+01, 1.6053966667e+01, 5.3817536667e+04
 1500598200, 2.4500000000e+02, 1.9600000000e+02, 3.0000000000e+01, 1.6053766667e+01, 5.3818666667e+04
 1500598500, 2.4500000000e+02, 1.9600000000e+02, 3.0000000000e+01, 1.6050000000e+01, 5.3817946667e+04
 1500598800, 2.4500000000e+02, 1.9600000000e+02, 3.0000000000e+01, 1.6050000000e+01, 5.3817173333e+04
 1500599100, 2.4500000000e+02, 1.9600000000e+02, 2.8346666667e+01, 1.6050533333e+01, 5.3816626667e+04
 1500599400, 2.4500000000e+02, 1.9600000000e+02, 2.8000000000e+01, 1.6085033333e+01, 5.3816356667e+04
 1500599700, 2.4500000000e+02, 1.9600000000e+02, 2.9253333333e+01, 1.6101733333e+01, 5.3817813333e+04
 1500600000, 2.4500000000e+02, 1.9600000000e+02, 2.9146666667e+01, 1.6089466667e+01, 5.3815506667e+04
 1500600300, 2.4500000000e+02, 1.9600000000e+02, 2.8000000000e+01, 1.6067200000e+01, 5.3819626667e+04
 1500600600, 2.4500000000e+02, 1.9600000000e+02, 2.8000000000e+01, 1.6056666667e+01, 5.3820040000e+04
 1500600900, 2.4500000000e+02, 1.9600000000e+02, 2.8000000000e+01, 1.6067733333e+01, 5.3818493333e+04
 1500601200, 2.4500000000e+02, 1.9600000000e+02, 2.9653333333e+01, 1.6055733333e+01, 5.3817626667e+04
 1500601500, 2.4500000000e+02, 1.9600000000e+02, 3.0000000000e+01, 1.6050000000e+01, 5.3818173333e+04
 1500601800, 2.4500000000e+02, 1.9600000000e+02, 3.0000000000e+01, 1.6050000000e+01, 5.3817853333e+04
 1500602100, 2.4500000000e+02, 1.9554666667e+02, 3.0000000000e+01, 1.6050000000e+01, 5.3818946667e+04
 1500602400, 2.4500000000e+02, 1.9400000000e+02, 3.0000000000e+01, 1.6050000000e+01, 5.3819000000e+04
 1500602700, 2.4500000000e+02, 1.9400000000e+02, 3.0000000000e+01, 1.6050000000e+01, 5.3819453333e+04
 1500603000, 2.4500000000e+02, 1.9565333333e+02, 3.0000000000e+01, 1.6052000000e+01, 5.3817373333e+04
 1500603300, 2.4500000000e+02, 1.9600000000e+02, 3.0000000000e+01, 1.6052266667e+01, 5.3817600000e+04
 1500603600, 2.4500000000e+02, 1.9600000000e+02, 3.0000000000e+01, 1.6066000000e+01, 5.3817626667e+04
 1500603900, 2.4500000000e+02, 1.9600000000e+02, 3.0000000000e+01, 1.6060000000e+01, 5.3817773333e+04
 1500604200, 2.4500000000e+02, 1.9600000000e+02, 3.0000000000e+01, 1.6053733333e+01, 5.3817026667e+04
 1500604500, 2.4500000000e+02, 1.9600000000e+02, 3.0000000000e+01, 1.6050000000e+01, 5.3817773333e+04
 1500604800, 2.4500000000e+02, 1.9434666667e+02, 3.0000000000e+01, 1.6050000000e+01, 5.3817600000e+04
 1500605100, 2.4500000000e+02, 1.9525333333e+02, 3.0000000000e+01, 1.6050000000e+01, 5.3816946667e+04
 1500605400, 2.4500000000e+02, 1.9514666667e+02, 3.0000000000e+01, 1.6050000000e+01, 5.3816226667e+04
 1500605700, 2.4500000000e+02, 1.9440666667e+02, 2.9593333333e+01, 1.6052033333e+01, 5.3818726667e+04
 1500606000, 2.4500000000e+02, 1.9600000000e+02, 2.8053333333e+01, 1.6052000000e+01, 5.3816520000e+04
 1500606300, 2.4500000000e+02, 1.9600000000e+02, 3.0000000000e+01, 1.6051733333e+01, 5.3815826667e+04
 1500606600, 2.4500000000e+02, 1.9434666667e+02, 3.0000000000e+01, 1.6050000000e+01, 5.3816973333e+04
 1500606900, 2.4500000000e+02, 1.9400000000e+02, 3.0000000000e+01, 1.6050000000e+01, 5.3817576667e+04
 1500607200, 2.4500000000e+02, 1.9400000000e+02, 3.0000000000e+01, 1.6050000000e+01, 5.3818106667e+04
 1500607500, 2.4500000000e+02, 1.9445333333e+02, 3.0000000000e+01, 1.6054266667e+01, 5.3825333333e+04
 1500607800, 2.4500000000e+02, 1.9600000000e+02, 2.9946666667e+01, 1.6051733333e+01, 5.3825176667e+04
 1500608100, 2.4500000000e+02, 1.9600000000e+02, 2.8000000000e+01, 1.6050000000e+01, 5.3825653333e+04
 1500608400, 2.4500000000e+02, 1.9600000000e+02, 2.9653333333e+01, 1.6050000000e+01, 5.3826800000e+04
 1500608700, 2.4500000000e+02, 1.9600000000e+02, 2.8746666667e+01, 1.6050000000e+01, 5.3825826667e+04
 1500609000, 2.4500000000e+02, 1.9600000000e+02, 2.8853333333e+01, 1.6050000000e+01, 5.3826373333e+04
 1500609300, 2.4500000000e+02, 1.9600000000e+02, 2.9546666667e+01, 1.6050000000e+01, 5.3825773333e+04
 1500609600, 2.4500000000e+02, 1.9594666667e+02, 2.8053333333e+01, 1.6050000000e+01, 5.3826026667e+04
 1500609900, 2.4500000000e+02, 1.9400000000e+02, 3.0000000000e+01, 1.6050266667e+01, 5.3829586667e+04
 1500610200, 2.4500000000e+02, 1.9564000000e+02, 3.0000000000e+01, 1.6051800000e+01, 5.3832446667e+04
 1500610500, 2.4500000000e+02, 1.9600000000e+02, 3.0000000000e+01, 1.6050000000e+01, 5.3833680000e+04
 1500610800, 2.4500000000e+02, 1.9600000000e+02, 3.0000000000e+01, 1.6050000000e+01, 5.3833973333e+04
 1500611100, 2.4500000000e+02, 1.9600000000e+02, 3.0000000000e+01, 1.6050000000e+01, 5.3834253333e+04
 1500611400, 2.4500000000e+02, 1.9600000000e+02, 3.0000000000e+01, 1.6050266667e+01, 5.3836026667e+04
 1500611700, 2.4500000000e+02, 1.9600000000e+02, 3.0000000000e+01, 1.6051733333e+01, 5.3837800000e+04
 1500612000, 2.4500000000e+02, 1.9434666667e+02, 3.0000000000e+01, 1.6052000000e+01, 5.3841626667e+04
 1500612300, 2.4500000000e+02, 1.9525333333e+02, 3.0000000000e+01, 1.6050000000e+01, 5.3843706667e+04
 1500612600, 2.4500000000e+02, 1.9514666667e+02, 3.0000000000e+01, 1.6050000000e+01, 5.3843720000e+04
 1500612900, 2.4500000000e+02, 1.9445333333e+02, 3.0000000000e+01, 1.6054000000e+01, 5.3843080000e+04
 1500613200, 2.4500000000e+02, 1.9594666667e+02, 3.0000000000e+01, 1.6050000000e+01, 5.3843973333e+04
 1500613500, 2.4500000000e+02, 1.9400000000e+02, 3.0000000000e+01, 1.6050000000e+01, 5.3842800000e+04
 1500613800, 2.4500000000e+02, 1.9565333333e+02, 3.0000000000e+01, 1.6050000000e+01, 5.3845253333e+04
 1500614100, 2.4500000000e+02, 1.9600000000e+02, 3.0000000000e+01, 1.6050000000e+01, 5.3844320000e+04
 1500614400, 2.4500000000e+02, 1.9600000000e+02, 3.0000000000e+01, 1.6050000000e+01, 5.3843826667e+04
 1500614700, 2.4500000000e+02, 1.9600000000e+02, 2.9546666667e+01, 1.6050000000e+01, 5.3844773333e+04
 1500615000, 2.4500000000e+02, 1.9600000000e+02, 2.8053333333e+01, 1.6050000000e+01, 5.3843426667e+04
 1500615300, 2.4500000000e+02, 1.9600000000e+02, 3.0000000000e+01, 1.6050533333e+01, 5.3843000000e+04
 1500615600, 2.4500000000e+02, 1.9600000000e+02, 2.8346666667e+01, 1.6069733333e+01, 5.3844373333e+04
 1500615900, 2.4500000000e+02, 1.9600000000e+02, 2.9253333333e+01, 1.6072800000e+01, 5.3843373333e+04
 1500616200, 2.4500000000e+02, 1.9600000000e+02, 2.9146666667e+01, 1.6079466667e+01, 5.3843453333e+04
 1500616500, 2.4500000000e+02, 1.9600000000e+02, 2.8000000000e+01, 1.6069733333e+01, 5.3846053333e+04
 1500616800, 2.4500000000e+02, 1.9594666667e+02, 2.8053333333e+01, 1.6060266667e+01, 5.3845826667e+04
 1500617100, 2.4500000000e+02, 1.9400000000e+02, 3.0000000000e+01, 1.6061466667e+01, 5.3846773333e+04
 1500617400, 2.4086666667e+02, 1.9400000000e+02, 2.8346666667e+01, 1.6050000000e+01, 5.3846720000e+04
 1500617700, 2.4000000000e+02, 1.9400000000e+02, 2.8000000000e+01, 1.6050000000e+01, 5.3845106667e+04
 1500618000, 2.4213333333e+02, 1.9400000000e+02, 2.9706666667e+01, 1.6052000000e+01, 5.3846573333e+04
 1500618300, 2.4500000000e+02, 1.9445333333e+02, 3.1546666667e+01, 1.6050000000e+01, 5.3846973333e+04
 1500618600, 2.4500000000e+02, 1.9594666667e+02, 3.0000000000e+01, 1.6050000000e+01, 5.3845626667e+04
 1500618900, 2.4500000000e+02, 1.9400000000e+02, 3.0000000000e+01, 1.6050000000e+01, 5.3845520000e+04
 1500619200, 2.4500000000e+02, 1.9565333333e+02, 3.0000000000e+01, 1.6050000000e+01, 5.3844080000e+04
 1500619500, 2.4500000000e+02, 1.9600000000e+02, 2.8746666667e+01, 1.6050000000e+01, 5.3845973333e+04
 1500619800, 2.4286666667e+02, 1.9600000000e+02, 2.8000000000e+01, 1.6050000000e+01, 5.3844173333e+04
 1500620100, 2.4000000000e+02, 1.9600000000e+02, 2.8000000000e+01, 1.6050000000e+01, 5.3844453333e+04
 1500620400, 2.4013333333e+02, 1.9600000000e+02, 2.8000000000e+01, 1.6050000000e+01, 5.3844346667e+04
 1500620700, 2.4500000000e+02, 1.9600000000e+02, 2.8000000000e+01, 1.6050266667e+01, 5.3845080000e+04
 1500621000, 2.4500000000e+02, 1.9600000000e+02, 2.8000000000e+01, 1.6051733333e+01, 5.3844946667e+04
 1500621300, 2.4500000000e+02, 1.9600000000e+02, 2.8000000000e+01, 1.6050000000e+01, 5.3845400000e+04
 1500621600, 2.4500000000e+02, 1.9600000000e+02, 2.8000000000e+01, 1.6052000000e+01, 5.3843973333e+04
 1500621900, 2.4500000000e+02, 1.9600000000e+02, 2.8453333333e+01, 1.6052533333e+01, 5.3843626667e+04
 1500622200, 2.4500000000e+02, 1.9600000000e+02, 2.9946666667e+01, 1.6068266667e+01, 5.3844800000e+04
 1500622500, 2.4500000000e+02, 1.9600000000e+02, 2.8000000000e+01, 1.6080000000e+01, 5.3844800000e+04
 1500622800, 2.4500000000e+02, 1.9434666667e+02, 2.9653333333e+01, 1.6080000000e+01, 5.3845653333e+04
 1500623100, 2.4500000000e+02, 1.9525333333e+02, 3.0000000000e+01, 1.6067200000e+01, 5.3845546667e+04
 1500623400, 2.4500000000e+02, 1.9514666667e+02, 3.0000000000e+01, 1.6050000000e+01, 5.3845600000e+04
 1500623700, 2.4500000000e+02, 1.9445333333e+02, 2.9546666667e+01, 1.6050000000e+01, 5.3845000000e+04
 1500624000, 2.4500000000e+02, 1.9600000000e+02, 2.8053333333e+01, 1.6050000000e+01, 5.3845000000e+04
 1500624300, 2.4500000000e+02, 1.9600000000e+02, 3.0000000000e+01, 1.6050000000e+01, 5.3844773333e+04
 1500624600, 2.4500000000e+02, 1.9600000000e+02, 3.1653333333e+01, 1.6050000000e+01, 5.3844426667e+04
 1500624900, 2.4500000000e+02, 1.9725333333e+02, 3.0746666667e+01, 1.6050000000e+01, 5.3845080000e+04
 1500625200, 2.4500000000e+02, 1.9714666667e+02, 3.0000000000e+01, 1.6052000000e+01, 5.3846973333e+04
 1500625500, 2.4500000000e+02, 1.9600000000e+02, 2.9546666667e+01, 1.6050000000e+01, 5.3846226667e+04
 1500625800, 2.4486666667e+02, 1.9600000000e+02, 2.8000000000e+01, 1.6050000000e+01, 5.3847080000e+04
 1500626100, 2.4000000000e+02, 1.9600000000e+02, 2.8000000000e+01, 1.6050000000e+01, 5.3850173333e+04
 1500626400, 2.4413333333e+02, 1.9600000000e+02, 2.9653333333e+01, 1.6048266667e+01, 5.3847226667e+04
 1500626700, 2.4500000000e+02, 1.9600000000e+02, 3.0000000000e+01, 1.6065733333e+01, 5.3848026667e+04
 1500627000, 2.4500000000e+02, 1.9600000000e+02, 3.0000000000e+01, 1.6050000000e+01, 5.3846666667e+04
 1500627300, 2.4500000000e+02, 1.9600000000e+02, 2.9546666667e+01, 1.6050000000e+01, 5.3847000000e+04
 1500627600, 2.4500000000e+02, 1.9600000000e+02, 2.8053333333e+01, 1.6050000000e+01, 5.3846693333e+04
 1500627900, 2.4500000000e+02, 1.9600000000e+02, 3.0000000000e+01, 1.6050000000e+01, 5.3845400000e+04
 1500628200, 2.4500000000e+02, 1.9600000000e+02, 3.0000000000e+01, 1.6050266667e+01, 5.3843226667e+04
 1500628500, 2.4500000000e+02, 1.9600000000e+02, 2.8746666667e+01, 1.6066000000e+01, 5.3843600000e+04
 1500628800, 2.4500000000e+02, 1.9600000000e+02, 2.8853333333e+01, 1.6074800000e+01, 5.3845400000e+04
 1500629100, 2.4500000000e+02, 1.9600000000e+02, 3.0000000000e+01, 1.6083733333e+01, 5.3845200000e+04
 1500629400, 2.4500000000e+02, 1.9600000000e+02, 2.9946666667e+01, 1.6084000000e+01, 5.3844600000e+04
 1500629700, 2.4500000000e+02, 1.9600000000e+02, 2.8000000000e+01, 1.6071466667e+01, 5.3845626667e+04
 1500630000, 2.4500000000e+02, 1.9600000000e+02, 2.8000000000e+01, 1.6051733333e+01, 5.3845600000e+04
 1500630300, 2.4500000000e+02, 1.9600000000e+02, 2.8000000000e+01, 1.6050000000e+01, 5.3844973333e+04
 1500630600, 2.4500000000e+02, 1.9600000000e+02, 2.8000000000e+01, 1.6050000000e+01, 5.3844826667e+04
 1500630900, 2.4500000000e+02, 1.9600000000e+02, 2.8453333333e+01, 1.6050000000e+01, 5.3844546667e+04
 1500631200, 2.4500000000e+02, 1.9600000000e+02, 2.9946666667e+01, 1.6050000000e+01, 5.3844706667e+04
 1500631500, 2.4500000000e+02, 1.9600000000e+02, 2.8000000000e+01, 1.6047733333e+01, 5.3845946667e+04
 1500631800, 2.4500000000e+02, 1.9765333333e+02, -nan, 1.6050533333e+01, 5.3846026667e+04
 1500632100, 2.4500000000e+02, 1.9674666667e+02, -nan, -nan, 5.3846600000e+04
 1500632400, 1.6393333333e+02, 1.2432000000e+02, -nan, -nan, 1.6699000000e+04
 1500632700, 5.5000000000e+01, 2.7546666667e+01, -nan, -nan, 8.9062266667e+03
 1500633000, 5.5000000000e+01, -nan, -nan, -nan, 8.9065466667e+03
 1500633300, 5.5000000000e+01, -nan, -nan, -nan, -nan
 1500633600, 5.5000000000e+01, -nan, -nan, -nan, -nan
 1500633900, 5.5000000000e+01, -nan, -nan, -nan, -nan
 1500634200, 5.5000000000e+01, -nan, -nan, -nan, -nan
 1500634500, 5.5000000000e+01, -nan, -nan, -nan, -nan
 1500634800, -nan, -nan, -nan, -nan, -nan
