 Time, ttl_pwr, cpu_pwr, mem_pwr, cpu_load, mem_load
 1500448500, 5.0000000000e+01, 2.4000000000e+01, 1.0000000000e+01, 6.4533333333e-02, 7.4594533333e+03
 1500448800, 5.0000000000e+01, 2.3946666667e+01, 1.0000000000e+01, 6.3466666667e-02, 7.4605733333e+03
 1500449100, 5.0000000000e+01, 2.2000000000e+01, 1.0000000000e+01, 5.0266666667e-02, 7.4599733333e+03
 1500449400, 4.5866666667e+01, 2.2000000000e+01, 8.3466666667e+00, 5.1733333333e-02, 7.4588533333e+03
 1500449700, 4.8133333333e+01, 2.3253333333e+01, 9.2533333333e+00, 5.0000000000e-02, 7.4593733333e+03
 1500450000, 1.1400000000e+02, 7.9466666667e+01, 1.6826666667e+01, 1.2322666667e+00, 7.6908666667e+03
 1500450300, 1.8526666667e+02, 1.4085333333e+02, 2.5093333333e+01, 4.5269333333e+00, 1.0292280000e+04
 1500450600, 1.3686666667e+02, 9.7813333333e+01, 2.2106666667e+01, 6.9937333333e+00, 1.1277853333e+04
 1500450900, 2.0500000000e+02, 1.6400000000e+02, 2.6000000000e+01, 8.2805333333e+00, 7.6097066667e+03
 1500451200, 7.6866666667e+01, 4.8266666667e+01, 1.2773333333e+01, 6.3442666667e+00, 7.4635200000e+03
 1500451500, 5.0000000000e+01, 2.4000000000e+01, 1.0000000000e+01, 4.6293333333e+00, 7.4612266667e+03
 1500451800, 5.0000000000e+01, 2.4000000000e+01, 1.0000000000e+01, 3.3705333333e+00, 7.4613466667e+03
 1500452100, 5.0000000000e+01, 2.4000000000e+01, 1.0000000000e+01, 2.4703000000e+00, 7.4610233333e+03
 1500452400, 5.0000000000e+01, 2.4000000000e+01, 1.0000000000e+01, 1.7930666667e+00, 7.4598533333e+03
 1500452700, 5.0000000000e+01, 2.4000000000e+01, 1.0000000000e+01, 1.3076000000e+00, 7.4606000000e+03
 1500453000, 5.0000000000e+01, 2.4000000000e+01, 8.3466666667e+00, 9.6626666667e-01, 7.4622266667e+03
 1500453300, 5.0000000000e+01, 2.4000000000e+01, 8.0000000000e+00, 7.1866666667e-01, 7.4630000000e+03
 1500453600, 5.0000000000e+01, 2.4000000000e+01, 8.8533333333e+00, 5.3346666667e-01, 7.4623733333e+03
 1500453900, 5.0000000000e+01, 2.4000000000e+01, 9.5466666667e+00, 3.9546666667e-01, 7.4622533333e+03
 1500454200, 5.0000000000e+01, 2.4000000000e+01, 8.0533333333e+00, 3.0413333333e-01, 7.4625466667e+03
 1500454500, 5.0000000000e+01, 2.4000000000e+01, 1.0000000000e+01, 2.4066666667e-01, 7.4620000000e+03
 1500454800, 5.0000000000e+01, 2.4000000000e+01, 1.0000000000e+01, 2.0720000000e-01, 7.4614000000e+03
 1500455100, 5.0000000000e+01, 2.4000000000e+01, 1.0000000000e+01, 1.6893333333e-01, 7.4614266667e+03
 1500455400, 5.0000000000e+01, 2.4000000000e+01, 1.0000000000e+01, 1.4546666667e-01, 7.4618000000e+03
 1500455700, 5.0000000000e+01, 2.4000000000e+01, 1.0000000000e+01, 1.2973333333e-01, 7.4628266667e+03
 1500456000, 5.0000000000e+01, 2.4000000000e+01, 1.0000000000e+01, 1.1373333333e-01, 7.4626000000e+03
 1500456300, 5.0000000000e+01, 2.4000000000e+01, 1.0000000000e+01, 9.9466666667e-02, 7.4615733333e+03
 1500456600, 5.0000000000e+01, 2.4000000000e+01, 1.0000000000e+01, 8.1200000000e-02, 7.4616000000e+03
 1500456900, 5.0000000000e+01, 2.4000000000e+01, 1.0000000000e+01, 5.7733333333e-02, 7.4614333333e+03
 1500457200, 5.0000000000e+01, 2.4000000000e+01, 1.0000000000e+01, 5.0000000000e-02, 7.4628266667e+03
 1500457500, 5.0000000000e+01, 2.4000000000e+01, 1.0000000000e+01, 5.0000000000e-02, 7.4632333333e+03
 1500457800, 5.0000000000e+01, 2.4000000000e+01, 1.0000000000e+01, 5.0266666667e-02, 7.4625466667e+03
 1500458100, 5.0000000000e+01, 2.4000000000e+01, 1.0000000000e+01, 5.6266666667e-02, 7.4618933333e+03
 1500458400, 5.0000000000e+01, 2.4000000000e+01, 1.0000000000e+01, 6.1466666667e-02, 7.4622266667e+03
 1500458700, 5.0000000000e+01, 2.4000000000e+01, 1.0000000000e+01, 5.0000000000e-02, 7.4626533333e+03
 1500459000, 5.0000000000e+01, 2.4000000000e+01, 1.0000000000e+01, 5.0266666667e-02, 7.4633200000e+03
 1500459300, 5.0000000000e+01, 2.4000000000e+01, 1.0000000000e+01, 5.9733333333e-02, 7.4630800000e+03
 1500459600, 5.4533333333e+01, 2.8053333333e+01, 1.0426666667e+01, 1.8668000000e+00, 4.4333306667e+04
 1500459900, 2.2000000000e+02, 1.7600000000e+02, 2.6000000000e+01, 5.7609333333e+00, 5.2064680000e+04
 1500460200, 2.2000000000e+02, 1.7600000000e+02, 2.7653333333e+01, 8.5984000000e+00, 5.2066400000e+04
 1500460500, 2.2000000000e+02, 1.7600000000e+02, 2.6746666667e+01, 1.0646166667e+01, 5.2067623333e+04
 1500460800, 2.2000000000e+02, 1.7685333333e+02, 2.6000000000e+01, 1.2122033333e+01, 5.2068003333e+04
 1500461100, 2.2000000000e+02, 1.7754666667e+02, 2.6000000000e+01, 1.3212000000e+01, 5.2070026667e+04
 1500461400, 2.2000000000e+02, 1.7605333333e+02, 2.6000000000e+01, 1.3993333333e+01, 5.2090786667e+04
 1500461700, 2.2000000000e+02, 1.7800000000e+02, 2.6000000000e+01, 1.4560266667e+01, 5.2105746667e+04
 1500462000, 2.2413333333e+02, 1.7800000000e+02, 2.6000000000e+01, 1.4960800000e+01, 5.2105200000e+04
 1500462300, 2.2186666667e+02, 1.7800000000e+02, 2.6000000000e+01, 1.5250400000e+01, 5.2106000000e+04
 1500462600, 2.2000000000e+02, 1.7800000000e+02, 2.6000000000e+01, 1.5462800000e+01, 5.2105226667e+04
 1500462900, 2.2000000000e+02, 1.7800000000e+02, 2.6000000000e+01, 1.5611200000e+01, 5.2106373333e+04
 1500463200, 2.2000000000e+02, 1.7800000000e+02, 2.6000000000e+01, 1.5722400000e+01, 5.2107906667e+04
 1500463500, 2.2000000000e+02, 1.7800000000e+02, 2.6000000000e+01, 1.5795600000e+01, 5.2142080000e+04
 1500463800, 2.2000000000e+02, 1.7800000000e+02, 2.6000000000e+01, 1.5861600000e+01, 5.2143226667e+04
 1500464100, 2.2000000000e+02, 1.7925333333e+02, 2.6000000000e+01, 1.5900800000e+01, 5.2143946667e+04
 1500464400, 2.2000000000e+02, 1.7914666667e+02, 2.6000000000e+01, 1.5930800000e+01, 5.2142200000e+04
 1500464700, 2.2000000000e+02, 1.7800000000e+02, 2.6000000000e+01, 1.5950000000e+01, 5.2141653333e+04
 1500465000, 2.2013333333e+02, 1.7805333333e+02, 2.6000000000e+01, 1.5950266667e+01, 5.2144120000e+04
 1500465300, 2.2500000000e+02, 1.8000000000e+02, 2.6000000000e+01, 1.5970533333e+01, 5.2154973333e+04
 1500465600, 2.2086666667e+02, 1.7834666667e+02, 2.6000000000e+01, 1.5980000000e+01, 5.2155573333e+04
 1500465900, 2.2000000000e+02, 1.7800000000e+02, 2.6000000000e+01, 1.5989066667e+01, 5.2154426667e+04
 1500466200, 2.2000000000e+02, 1.7800000000e+02, 2.6000000000e+01, 1.6020000000e+01, 5.2153373333e+04
 1500466500, 2.2000000000e+02, 1.7800000000e+02, 2.6000000000e+01, 1.6022533333e+01, 5.2154626667e+04
 1500466800, 2.2000000000e+02, 1.7805333333e+02, 2.6000000000e+01, 1.6044266667e+01, 5.2154773333e+04
 1500467100, 2.2000000000e+02, 1.8000000000e+02, 2.6000000000e+01, 1.6054000000e+01, 5.2158573333e+04
 1500467400, 2.2000000000e+02, 1.7834666667e+02, 2.6000000000e+01, 1.6058266667e+01, 5.2170933333e+04
 1500467700, 2.2000000000e+02, 1.7800000000e+02, 2.6000000000e+01, 1.6052000000e+01, 5.2172026667e+04
 1500468000, 2.2000000000e+02, 1.7800000000e+02, 2.6000000000e+01, 1.6051733333e+01, 5.2172146667e+04
 1500468300, 2.2113333333e+02, 1.7800000000e+02, 2.6000000000e+01, 1.6050000000e+01, 5.2172306667e+04
 1500468600, 2.2500000000e+02, 1.7800000000e+02, 2.6000000000e+01, 1.6050000000e+01, 5.2174373333e+04
 1500468900, 2.2500000000e+02, 1.7800000000e+02, 2.6000000000e+01, 1.6050000000e+01, 5.2173573333e+04
 1500469200, 2.2500000000e+02, 1.7800000000e+02, 2.7653333333e+01, 1.6052000000e+01, 5.2174026667e+04
 1500469500, 2.2500000000e+02, 1.7800000000e+02, 2.8000000000e+01, 1.6050000000e+01, 5.2174200000e+04
 1500469800, 2.2500000000e+02, 1.7800000000e+02, 2.8000000000e+01, 1.6050000000e+01, 5.2174426667e+04
 1500470100, 2.2386666667e+02, 1.7800000000e+02, 2.7546666667e+01, 1.6050000000e+01, 5.2175573333e+04
 1500470400, 2.2000000000e+02, 1.7800000000e+02, 2.6000000000e+01, 1.6050000000e+01, 5.2173200000e+04
 1500470700, 2.2000000000e+02, 1.7800000000e+02, 2.6000000000e+01, 1.6052000000e+01, 5.2173400000e+04
 1500471000, 2.2413333333e+02, 1.7800000000e+02, 2.6000000000e+01, 1.6046000000e+01, 5.2173653333e+04
 1500471300, 2.2500000000e+02, 1.7800000000e+02, 2.6000000000e+01, 1.6050000000e+01, 5.2173920000e+04
 1500471600, 2.2500000000e+02, 1.7800000000e+02, 2.6000000000e+01, 1.6052000000e+01, 5.2174760000e+04
 1500471900, 2.2386666667e+02, 1.7800000000e+02, 2.6000000000e+01, 1.6052000000e+01, 5.2176400000e+04
 1500472200, 2.2000000000e+02, 1.7800000000e+02, 2.6000000000e+01, 1.6050000000e+01, 5.2177600000e+04
 1500472500, 2.2000000000e+02, 1.7800000000e+02, 2.6000000000e+01, 1.6050000000e+01, 5.2177626667e+04
 1500472800, 2.2413333333e+02, 1.7800000000e+02, 2.6000000000e+01, 1.6050000000e+01, 5.2177653333e+04
 1500473100, 2.2500000000e+02, 1.7800000000e+02, 2.6000000000e+01, 1.6050000000e+01, 5.2177440000e+04
 1500473400, 2.2500000000e+02, 1.7800000000e+02, 2.6000000000e+01, 1.6054266667e+01, 5.2177026667e+04
 1500473700, 2.2386666667e+02, 1.7800000000e+02, 2.6000000000e+01, 1.6078233333e+01, 5.2177056667e+04
 1500474000, 2.2000000000e+02, 1.7800000000e+02, 2.6000000000e+01, 1.6073733333e+01, 5.2178920000e+04
 1500474300, 2.2000000000e+02, 1.7800000000e+02, 2.6000000000e+01, 1.6054000000e+01, 5.2177853333e+04
 1500474600, 2.2413333333e+02, 1.7800000000e+02, 2.6000000000e+01, 1.6051733333e+01, 5.2179053333e+04
 1500474900, 2.2186666667e+02, 1.7800000000e+02, 2.6000000000e+01, 1.6050000000e+01, 5.2178946667e+04
 1500475200, 2.2000000000e+02, 1.7800000000e+02, 2.6000000000e+01, 1.6050000000e+01, 5.2179426667e+04
 1500475500, 2.2000000000e+02, 1.7800000000e+02, 2.6000000000e+01, 1.6050000000e+01, 5.2180000000e+04
 1500475800, 2.2013333333e+02, 1.7800000000e+02, 2.6053333333e+01, 1.6050000000e+01, 5.2179600000e+04
 1500476100, 2.2500000000e+02, 1.7800000000e+02, 2.8000000000e+01, 1.6050000000e+01, 5.2184013333e+04
 1500476400, 2.2086666667e+02, 1.7800000000e+02, 2.6346666667e+01, 1.6050000000e+01, 5.2188653333e+04
 1500476700, 2.2000000000e+02, 1.7800000000e+02, 2.6000000000e+01, 1.6050000000e+01, 5.2189626667e+04
 1500477000, 2.2000000000e+02, 1.7714666667e+02, 2.6000000000e+01, 1.6050000000e+01, 5.2189600000e+04
 1500477300, 2.2000000000e+02, 1.7600000000e+02, 2.6000000000e+01, 1.6052033333e+01, 5.2189806667e+04
 1500477600, 2.2013333333e+02, 1.7605333333e+02, 2.6053333333e+01, 1.6050000000e+01, 5.2192440000e+04
 1500477900, 2.2500000000e+02, 1.7800000000e+02, 2.8000000000e+01, 1.6050000000e+01, 5.2198346667e+04
 1500478200, 2.2500000000e+02, 1.7800000000e+02, 2.6346666667e+01, 1.6051600000e+01, 5.2197866667e+04
 1500478500, 2.2186666667e+02, 1.7800000000e+02, 2.6000000000e+01, 1.6228933333e+01, 5.2207373333e+04
 1500478800, 2.2000000000e+02, 1.7714666667e+02, 2.6000000000e+01, 1.6469333333e+01, 5.2206600000e+04
 1500479100, 2.2000000000e+02, 1.7645333333e+02, 2.6000000000e+01, 1.6627733333e+01, 5.2206120000e+04
 1500479400, 2.2000000000e+02, 1.7800000000e+02, 2.6000000000e+01, 1.6756933333e+01, 5.2204226667e+04
 1500479700, 2.2000000000e+02, 1.7800000000e+02, 2.6000000000e+01, 1.6858933333e+01, 5.2204853333e+04
 1500480000, 2.2000000000e+02, 1.7800000000e+02, 2.6000000000e+01, 1.6955333333e+01, 5.2205346667e+04
 1500480300, 2.2313333333e+02, 1.7800000000e+02, 2.6000000000e+01, 1.6986533333e+01, 5.2205026667e+04
 1500480600, 2.2286666667e+02, 1.7800000000e+02, 2.6000000000e+01, 1.7010800000e+01, 5.2204773333e+04
 1500480900, 2.2000000000e+02, 1.7800000000e+02, 2.6000000000e+01, 1.7032266667e+01, 5.2205880000e+04
 1500481200, 2.2000000000e+02, 1.7800000000e+02, 2.6000000000e+01, 1.7044266667e+01, 5.2207026667e+04
 1500481500, 2.2000000000e+02, 1.7800000000e+02, 2.6000000000e+01, 1.7052000000e+01, 5.2211706667e+04
 1500481800, 2.2000000000e+02, 1.7800000000e+02, 2.6000000000e+01, 1.7050000000e+01, 5.2213773333e+04
 1500482100, 2.2000000000e+02, 1.7800000000e+02, 2.6000000000e+01, 1.7050266667e+01, 5.2213600000e+04
 1500482400, 2.2000000000e+02, 1.7714666667e+02, 2.6000000000e+01, 1.7062266667e+01, 5.2211773333e+04
 1500482700, 2.2113333333e+02, 1.7645333333e+02, 2.6000000000e+01, 1.7059466667e+01, 5.2210853333e+04
 1500483000, 2.2486666667e+02, 1.7800000000e+02, 2.6000000000e+01, 1.7054266667e+01, 5.2212626667e+04
 1500483300, 2.2000000000e+02, 1.7800000000e+02, 2.6000000000e+01, 1.7053733333e+01, 5.2213146667e+04
 1500483600, 2.2413333333e+02, 1.7800000000e+02, 2.7653333333e+01, 1.7052266667e+01, 5.2224946667e+04
 1500483900, 2.2186666667e+02, 1.7674666667e+02, 2.8000000000e+01, 1.7051733333e+01, 5.2224400000e+04
 1500484200, 2.2213333333e+02, 1.7685333333e+02, 2.8000000000e+01, 1.7060000000e+01, 5.2224200000e+04
 1500484500, 2.2500000000e+02, 1.7800000000e+02, 2.7546666667e+01, 1.7050000000e+01, 5.2225226667e+04
 1500484800, 2.2486666667e+02, 1.7800000000e+02, 2.6000000000e+01, 1.7050000000e+01, 5.2226626667e+04
 1500485100, 2.2000000000e+02, 1.7800000000e+02, 2.6000000000e+01, 1.7050000000e+01, 5.2233093333e+04
 1500485400, 2.2000000000e+02, 1.7800000000e+02, 2.6000000000e+01, 1.7058533333e+01, 5.2236800000e+04
 1500485700, 2.2000000000e+02, 1.7800000000e+02, 2.6000000000e+01, 1.7061466667e+01, 5.2237400000e+04
 1500486000, 2.2000000000e+02, 1.7800000000e+02, 2.6000000000e+01, 1.7050000000e+01, 5.2236200000e+04
 1500486300, 2.2000000000e+02, 1.7800000000e+02, 2.6000000000e+01, 1.7050000000e+01, 5.2236000000e+04
 1500486600, 2.2000000000e+02, 1.7800000000e+02, 2.6000000000e+01, 1.7050000000e+01, 5.2236200000e+04
 1500486900, 2.2000000000e+02, 1.7800000000e+02, 2.6000000000e+01, 1.7050000000e+01, 5.2240960000e+04
 1500487200, 2.2000000000e+02, 1.7634666667e+02, 2.6000000000e+01, 1.7052000000e+01, 5.2245186667e+04
 1500487500, 2.2313333333e+02, 1.7725333333e+02, 2.6000000000e+01, 1.7050000000e+01, 5.2246800000e+04
 1500487800, 2.2500000000e+02, 1.7800000000e+02, 2.6000000000e+01, 1.7050000000e+01, 5.2246453333e+04
 1500488100, 2.2500000000e+02, 1.7800000000e+02, 2.6000000000e+01, 1.7051466667e+01, 5.2248160000e+04
 1500488400, 2.2500000000e+02, 1.7800000000e+02, 2.6000000000e+01, 1.6898533333e+01, 5.2238240000e+04
 1500488700, 2.2500000000e+02, 1.7800000000e+02, 2.6000000000e+01, 1.6652400000e+01, 5.2237653333e+04
 1500489000, 2.2500000000e+02, 1.7800000000e+02, 2.6000000000e+01, 1.6472000000e+01, 5.2239826667e+04
 1500489300, 2.2500000000e+02, 1.7800000000e+02, 2.6000000000e+01, 1.6341066667e+01, 5.2239546667e+04
 1500489600, 2.2500000000e+02, 1.7800000000e+02, 2.6000000000e+01, 1.6256133333e+01, 5.2238800000e+04
 1500489900, 2.2500000000e+02, 1.7800000000e+02, 2.6453333333e+01, 1.6188666667e+01, 5.2239200000e+04
 1500490200, 2.2500000000e+02, 1.7800000000e+02, 2.7946666667e+01, 1.6137200000e+01, 5.2239400000e+04
 1500490500, 2.2500000000e+02, 1.7800000000e+02, 2.6000000000e+01, 1.6133733333e+01, 5.2246520000e+04
 1500490800, 2.2086666667e+02, 1.7800000000e+02, 2.6000000000e+01, 1.6113733333e+01, 5.2250373333e+04
 1500491100, 2.2000000000e+02, 1.7800000000e+02, 2.6000000000e+01, 1.6093200000e+01, 5.2249400000e+04
 1500491400, 2.2000000000e+02, 1.7800000000e+02, 2.6000000000e+01, 1.6069466667e+01, 5.2249373333e+04
 1500491700, 2.2000000000e+02, 1.7800000000e+02, 2.6000000000e+01, 1.6063733333e+01, 5.2248000000e+04
 1500492000, 2.2000000000e+02, 1.7800000000e+02, 2.6000000000e+01, 1.6054266667e+01, 5.2248653333e+04
 1500492300, 2.2000000000e+02, 1.7800000000e+02, 2.6000000000e+01, 1.6061733333e+01, 5.2248973333e+04
 1500492600, 2.2000000000e+02, 1.7800000000e+02, 2.6000000000e+01, 1.6050000000e+01, 5.2248800000e+04
 1500492900, 2.2000000000e+02, 1.7800000000e+02, 2.6000000000e+01, 1.6050000000e+01, 5.2249200000e+04
 1500493200, 2.2000000000e+02, 1.7800000000e+02, 2.6000000000e+01, 1.6050000000e+01, 5.2249200000e+04
 1500493500, 2.2000000000e+02, 1.7800000000e+02, 2.6000000000e+01, 1.6050000000e+01, 5.2249626667e+04
 1500493800, 2.2000000000e+02, 1.7800000000e+02, 2.6000000000e+01, 1.6050000000e+01, 5.2250373333e+04
 1500494100, 2.2000000000e+02, 1.7800000000e+02, 2.6000000000e+01, 1.6052000000e+01, 5.2253133333e+04
 1500494400, 2.2000000000e+02, 1.7800000000e+02, 2.6000000000e+01, 1.6050000000e+01, 5.2256253333e+04
 1500494700, 2.2000000000e+02, 1.7800000000e+02, 2.6000000000e+01, 1.6050000000e+01, 5.2256000000e+04
 1500495000, 2.2000000000e+02, 1.7800000000e+02, 2.6000000000e+01, 1.6050000000e+01, 5.2254920000e+04
 1500495300, 2.2000000000e+02, 1.7800000000e+02, 2.6000000000e+01, 1.6050000000e+01, 5.2254680000e+04
 1500495600, 2.2000000000e+02, 1.7800000000e+02, 2.6053333333e+01, 1.6050000000e+01, 5.2255573333e+04
 1500495900, 2.2000000000e+02, 1.7800000000e+02, 2.8000000000e+01, 1.6052000000e+01, 5.2255253333e+04
 1500496200, 2.2000000000e+02, 1.7800000000e+02, 2.6346666667e+01, 1.6052266667e+01, 5.2255720000e+04
 1500496500, 2.2000000000e+02, 1.7674666667e+02, 2.6000000000e+01, 1.6052000000e+01, 5.2255226667e+04
 1500496800, 2.2000000000e+02, 1.7685333333e+02, 2.6000000000e+01, 1.6051733333e+01, 5.2260293333e+04
 1500497100, 2.2000000000e+02, 1.7800000000e+02, 2.6000000000e+01, 1.6050000000e+01, 5.2267173333e+04
 1500497400, 2.2000000000e+02, 1.7794666667e+02, 2.6000000000e+01, 1.6050000000e+01, 5.2265600000e+04
 1500497700, 2.2000000000e+02, 1.7600000000e+02, 2.6000000000e+01, 1.6054000000e+01, 5.2265400000e+04
 1500498000, 2.2000000000e+02, 1.7765333333e+02, 2.6000000000e+01, 1.6050000000e+01, 5.2266026667e+04
 1500498300, 2.2000000000e+02, 1.7800000000e+02, 2.6000000000e+01, 1.6050000000e+01, 5.2273866667e+04
 1500498600, 2.2000000000e+02, 1.7800000000e+02, 2.6000000000e+01, 1.6054000000e+01, 5.2276226667e+04
 1500498900, 2.2000000000e+02, 1.7800000000e+02, 2.6000000000e+01, 1.6050000000e+01, 5.2277826667e+04
 1500499200, 2.2000000000e+02, 1.7800000000e+02, 2.6000000000e+01, 1.6050000000e+01, 5.2278400000e+04
 1500499500, 2.2000000000e+02, 1.7800000000e+02, 2.6000000000e+01, 1.6050000000e+01, 5.2277373333e+04
 1500499800, 2.2000000000e+02, 1.7800000000e+02, 2.6000000000e+01, 1.6050000000e+01, 5.2277853333e+04
 1500500100, 2.2000000000e+02, 1.7800000000e+02, 2.6000000000e+01, 1.6050000000e+01, 5.2279600000e+04
 1500500400, 2.2000000000e+02, 1.7800000000e+02, 2.6000000000e+01, 1.6050000000e+01, 5.2280200000e+04
 1500500700, 2.2000000000e+02, 1.7800000000e+02, 2.6000000000e+01, 1.6050000000e+01, 5.2278200000e+04
 1500501000, 2.2013333333e+02, 1.7800000000e+02, 2.6000000000e+01, 1.6050000000e+01, 5.2279226667e+04
 1500501300, 2.2500000000e+02, 1.7800000000e+02, 2.6000000000e+01, 1.6050000000e+01, 5.2279426667e+04
 1500501600, 2.2086666667e+02, 1.7800000000e+02, 2.6000000000e+01, 1.6050000000e+01, 5.2279400000e+04
 1500501900, 2.2000000000e+02, 1.7800000000e+02, 2.7253333333e+01, 1.6050000000e+01, 5.2279026667e+04
 1500502200, 2.2000000000e+02, 1.7714666667e+02, 2.7146666667e+01, 1.6046000000e+01, 5.2279826667e+04
 1500502500, 2.2000000000e+02, 1.7645333333e+02, 2.6000000000e+01, 1.6050000000e+01, 5.2279400000e+04
 1500502800, 2.2000000000e+02, 1.7800000000e+02, 2.6000000000e+01, 1.6050000000e+01, 5.2281000000e+04
 1500503100, 2.2000000000e+02, 1.7800000000e+02, 2.6000000000e+01, 1.6050000000e+01, 5.2280253333e+04
 1500503400, 2.2000000000e+02, 1.7800000000e+02, 2.6000000000e+01, 1.6050000000e+01, 5.2281800000e+04
 1500503700, 2.2000000000e+02, 1.7800000000e+02, 2.6000000000e+01, 1.6050000000e+01, 5.2281266667e+04
 1500504000, 2.2000000000e+02, 1.7800000000e+02, 2.6000000000e+01, 1.6050266667e+01, 5.2285666667e+04
 1500504300, 2.2000000000e+02, 1.7800000000e+02, 2.6000000000e+01, 1.6051733333e+01, 5.2288800000e+04
 1500504600, 2.2000000000e+02, 1.7794666667e+02, 2.6000000000e+01, 1.6066800000e+01, 5.2289973333e+04
 1500504900, 2.2000000000e+02, 1.7600000000e+02, 2.6000000000e+01, 1.6073466667e+01, 5.2289373333e+04
 1500505200, 2.2000000000e+02, 1.7765333333e+02, 2.6000000000e+01, 1.6053733333e+01, 5.2290226667e+04
 1500505500, 2.2000000000e+02, 1.7800000000e+02, 2.6000000000e+01, 1.6050000000e+01, 5.2288773333e+04
 1500505800, 2.2000000000e+02, 1.7800000000e+02, 2.6000000000e+01, 1.6052000000e+01, 5.2289400000e+04
 1500506100, 2.2000000000e+02, 1.7800000000e+02, 2.6000000000e+01, 1.6050000000e+01, 5.2288773333e+04
 1500506400, 2.2000000000e+02, 1.7800000000e+02, 2.6000000000e+01, 1.6050000000e+01, 5.2289706667e+04
 1500506700, 2.2000000000e+02, 1.7800000000e+02, 2.6000000000e+01, 1.6045733333e+01, 5.2290946667e+04
 1500507000, 2.2000000000e+02, 1.7800000000e+02, 2.7653333333e+01, 1.6044266667e+01, 5.2288826667e+04
 1500507300, 2.2000000000e+02, 1.7674666667e+02, 2.8000000000e+01, 1.6050000000e+01, 5.2290573333e+04
 1500507600, 2.2000000000e+02, 1.7600000000e+02, 2.8000000000e+01, 1.6050000000e+01, 5.2290226667e+04
 1500507900, 2.2000000000e+02, 1.7645333333e+02, 2.7546666667e+01, 1.6050000000e+01, 5.2290400000e+04
 1500508200, 2.2000000000e+02, 1.7800000000e+02, 2.6000000000e+01, 1.6043733333e+01, 5.2290426667e+04
 1500508500, 2.2000000000e+02, 1.7800000000e+02, 2.6000000000e+01, 1.6040000000e+01, 5.2291000000e+04
 1500508800, 2.2000000000e+02, 1.7800000000e+02, 2.6000000000e+01, 1.6048266667e+01, 5.2291600000e+04
 1500509100, 2.2000000000e+02, 1.7800000000e+02, 2.6000000000e+01, 1.6054000000e+01, 5.2291773333e+04
 1500509400, 2.2000000000e+02, 1.7800000000e+02, 2.6853333333e+01, 1.6050000000e+01, 5.2290146667e+04
 1500509700, 2.2000000000e+02, 1.7800000000e+02, 2.8000000000e+01, 1.6050000000e+01, 5.2290453333e+04
 1500510000, 2.2000000000e+02, 1.7800000000e+02, 2.7946666667e+01, 1.6050000000e+01, 5.2289973333e+04
 1500510300, 2.2000000000e+02, 1.7800000000e+02, 2.6000000000e+01, 1.6050000000e+01, 5.2289173333e+04
 1500510600, 2.2000000000e+02, 1.7800000000e+02, 2.6000000000e+01, 1.6050000000e+01, 5.2294013333e+04
 1500510900, 2.2000000000e+02, 1.7674666667e+02, 2.7253333333e+01, 1.6050000000e+01, 5.2295746667e+04
 1500511200, 2.2000000000e+02, 1.7600000000e+02, 2.7146666667e+01, 1.6056266667e+01, 5.2295026667e+04
 1500511500, 2.2000000000e+02, 1.7645333333e+02, 2.6000000000e+01, 1.6051733333e+01, 5.2295600000e+04
 1500511800, 2.2000000000e+02, 1.7794666667e+02, 2.6053333333e+01, 1.6050000000e+01, 5.2296653333e+04
 1500512100, 2.2000000000e+02, 1.7600000000e+02, 2.8000000000e+01, 1.6050000000e+01, 5.2297573333e+04
 1500512400, 2.2000000000e+02, 1.7765333333e+02, 2.8000000000e+01, 1.6050000000e+01, 5.2296400000e+04
 1500512700, 2.2000000000e+02, 1.7674666667e+02, 2.6746666667e+01, 1.6050000000e+01, 5.2297226667e+04
 1500513000, 2.2213333333e+02, 1.7685333333e+02, 2.6853333333e+01, 1.6050000000e+01, 5.2296346667e+04
 1500513300, 2.2386666667e+02, 1.7754666667e+02, 2.8000000000e+01, 1.6050000000e+01, 5.2295373333e+04
 1500513600, 2.2000000000e+02, 1.7600000000e+02, 2.8000000000e+01, 1.6052266667e+01, 5.2295053333e+04
 1500513900, 2.2000000000e+02, 1.7600000000e+02, 2.8000000000e+01, 1.6057733333e+01, 5.2296600000e+04
 1500514200, 2.2413333333e+02, 1.7600000000e+02, 2.8000000000e+01, 1.6045733333e+01, 5.2297653333e+04
 1500514500, 2.2500000000e+02, 1.7725333333e+02, 2.8000000000e+01, 1.6048266667e+01, 5.2297773333e+04
 1500514800, 2.2286666667e+02, 1.7800000000e+02, 2.7146666667e+01, 1.6050000000e+01, 5.2296973333e+04
 1500515100, 2.2000000000e+02, 1.7800000000e+02, 2.6453333333e+01, 1.6050000000e+01, 5.2297826667e+04
 1500515400, 2.2000000000e+02, 1.7794666667e+02, 2.8000000000e+01, 1.6056000000e+01, 5.2295973333e+04
 1500515700, 2.2000000000e+02, 1.7600000000e+02, 2.8000000000e+01, 1.6050000000e+01, 5.2297880000e+04
 1500516000, 2.2000000000e+02, 1.7600000000e+02, 2.6346666667e+01, 1.6050000000e+01, 5.2297373333e+04
 1500516300, 2.2000000000e+02, 1.7725333333e+02, 2.6000000000e+01, 1.6050000000e+01, 5.2297026667e+04
 1500516600, 2.2000000000e+02, 1.7800000000e+02, 2.6000000000e+01, 1.6050000000e+01, 5.2305013333e+04
 1500516900, 2.2000000000e+02, 1.7800000000e+02, 2.6000000000e+01, 1.6050000000e+01, 5.2306853333e+04
 1500517200, 2.2000000000e+02, 1.7800000000e+02, 2.6000000000e+01, 1.6050000000e+01, 5.2308706667e+04
 1500517500, 2.2000000000e+02, 1.7800000000e+02, 2.6000000000e+01, 1.6050000000e+01, 5.2310400000e+04
 1500517800, 2.2000000000e+02, 1.7800000000e+02, 2.6000000000e+01, 1.6050000000e+01, 5.2308693333e+04
 1500518100, 2.2000000000e+02, 1.7800000000e+02, 2.6000000000e+01, 1.6050000000e+01, 5.2309746667e+04
 1500518400, 2.2213333333e+02, 1.7885333333e+02, 2.6000000000e+01, 1.6050000000e+01, 5.2315346667e+04
 1500518700, 2.2500000000e+02, 1.8000000000e+02, 2.6000000000e+01, 1.6050000000e+01, 5.2316426667e+04
 1500519000, 2.2486666667e+02, 1.8000000000e+02, 2.6000000000e+01, 1.6050000000e+01, 5.2316840000e+04
 1500519300, 2.2000000000e+02, 1.8000000000e+02, 2.6000000000e+01, 1.6050000000e+01, 5.2315800000e+04
 1500519600, 2.2000000000e+02, 1.7834666667e+02, 2.6000000000e+01, 1.6050000000e+01, 5.2315200000e+04
 1500519900, 2.2000000000e+02, 1.7800000000e+02, 2.6000000000e+01, 1.6050000000e+01, 5.2316826667e+04
 1500520200, 2.2000000000e+02, 1.7800000000e+02, 2.6000000000e+01, 1.6050000000e+01, 5.2316226667e+04
 1500520500, 2.2000000000e+02, 1.7800000000e+02, 2.6000000000e+01, 1.6050000000e+01, 5.2315800000e+04
 1500520800, 2.2000000000e+02, 1.7794666667e+02, 2.6053333333e+01, 1.6050000000e+01, 5.2317400000e+04
 1500521100, 2.2000000000e+02, 1.7600000000e+02, 2.8000000000e+01, 1.6050266667e+01, 5.2318200000e+04
 1500521400, 2.2000000000e+02, 1.7600000000e+02, 2.8000000000e+01, 1.6055733333e+01, 5.2317146667e+04
 1500521700, 2.2000000000e+02, 1.7725333333e+02, 2.8000000000e+01, 1.6050000000e+01, 5.2316880000e+04
 1500522000, 2.2000000000e+02, 1.7714666667e+02, 2.8000000000e+01, 1.6050000000e+01, 5.2319453333e+04
 1500522300, 2.2000000000e+02, 1.7645333333e+02, 2.7546666667e+01, 1.6050000000e+01, 5.2319400000e+04
 1500522600, 2.2000000000e+02, 1.7794666667e+02, 2.6000000000e+01, 1.6050000000e+01, 5.2320400000e+04
 1500522900, 2.2000000000e+02, 1.7600000000e+02, 2.6000000000e+01, 1.6050000000e+01, 5.2320146667e+04
 1500523200, 2.2000000000e+02, 1.7765333333e+02, 2.7653333333e+01, 1.6050000000e+01, 5.2319226667e+04
 1500523500, 2.2000000000e+02, 1.7674666667e+02, 2.8000000000e+01, 1.6050000000e+01, 5.2318146667e+04
 1500523800, 2.2000000000e+02, 1.7685333333e+02, 2.7146666667e+01, 1.6054000000e+01, 5.2319026667e+04
 1500524100, 2.2113333333e+02, 1.7800000000e+02, 2.6453333333e+01, 1.6054266667e+01, 5.2318000000e+04
 1500524400, 2.2486666667e+02, 1.7800000000e+02, 2.8000000000e+01, 1.6051733333e+01, 5.2319226667e+04
 1500524700, 2.2000000000e+02, 1.7800000000e+02, 2.8000000000e+01, 1.6050000000e+01, 5.2319200000e+04
 1500525000, 2.2413333333e+02, 1.7800000000e+02, 2.8000000000e+01, 1.6052000000e+01, 5.2319000000e+04
 1500525300, 2.2500000000e+02, 1.7800000000e+02, 2.8000000000e+01, 1.6050000000e+01, 5.2319200000e+04
 1500525600, 2.2286666667e+02, 1.7714666667e+02, 2.8000000000e+01, 1.6041733333e+01, 5.2318800000e+04
 1500525900, 2.2113333333e+02, 1.7645333333e+02, 2.8000000000e+01, 1.6048266667e+01, 5.2318773333e+04
 1500526200, 2.2486666667e+02, 1.7800000000e+02, 2.7946666667e+01, 1.6049733333e+01, 5.2319680000e+04
 1500526500, 2.2000000000e+02, 1.7800000000e+02, 2.6000000000e+01, 1.6040000000e+01, 5.2320173333e+04
 1500526800, 2.2000000000e+02, 1.7634666667e+02, 2.7653333333e+01, 1.6042266667e+01, 5.2319346667e+04
 1500527100, 2.2000000000e+02, 1.7600000000e+02, 2.6746666667e+01, 1.6050000000e+01, 5.2320960000e+04
 1500527400, 2.2000000000e+02, 1.7600000000e+02, 2.6853333333e+01, 1.6048000000e+01, 5.2324800000e+04
 1500527700, 2.2000000000e+02, 1.7600000000e+02, 2.7546666667e+01, 1.6050000000e+01, 5.2325653333e+04
 1500528000, 2.2000000000e+02, 1.7600000000e+02, 2.6000000000e+01, 1.6050000000e+01, 5.2325346667e+04
 1500528300, 2.2000000000e+02, 1.7600000000e+02, 2.6000000000e+01, 1.6050000000e+01, 5.2326026667e+04
 1500528600, 2.2000000000e+02, 1.7600000000e+02, 2.7653333333e+01, 1.6054266667e+01, 5.2325573333e+04
 1500528900, 2.2000000000e+02, 1.7600000000e+02, 2.8000000000e+01, 1.6051733333e+01, 5.2325253333e+04
 1500529200, 2.2000000000e+02, 1.7600000000e+02, 2.8000000000e+01, 1.6050000000e+01, 5.2326200000e+04
 1500529500, 2.2000000000e+02, 1.7645333333e+02, 2.8000000000e+01, 1.6054266667e+01, 5.2327000000e+04
 1500529800, 2.2000000000e+02, 1.7794666667e+02, 2.8000000000e+01, 1.6053733333e+01, 5.2325973333e+04
 1500530100, 2.2000000000e+02, 1.7600000000e+02, 2.8000000000e+01, 1.6050000000e+01, 5.2326026667e+04
 1500530400, 2.2000000000e+02, 1.7600000000e+02, 2.8000000000e+01, 1.6050000000e+01, 5.2327680000e+04
 1500530700, 2.2000000000e+02, 1.7600000000e+02, 2.6746666667e+01, 1.6050000000e+01, 5.2328746667e+04
 1500531000, 2.2000000000e+02, 1.7600000000e+02, 2.6853333333e+01, 1.6052266667e+01, 5.2326826667e+04
 1500531300, 2.2000000000e+02, 1.7645333333e+02, 2.8000000000e+01, 1.6057733333e+01, 5.2328053333e+04
 1500531600, 2.2013333333e+02, 1.7800000000e+02, 2.8000000000e+01, 1.6050000000e+01, 5.2328600000e+04
 1500531900, 2.2500000000e+02, 1.7800000000e+02, 2.8000000000e+01, 1.6050000000e+01, 5.2327346667e+04
 1500532200, 2.2500000000e+02, 1.7800000000e+02, 2.8000000000e+01, 1.6050000000e+01, 5.2327226667e+04
 1500532500, 2.2186666667e+02, 1.7674666667e+02, 2.6746666667e+01, 1.6048000000e+01, 5.2328626667e+04
 1500532800, 2.2000000000e+02, 1.7685333333e+02, 2.6853333333e+01, 1.6054000000e+01, 5.2328826667e+04
 1500533100, 2.2000000000e+02, 1.7754666667e+02, 2.8000000000e+01, 1.6050000000e+01, 5.2327773333e+04
 1500533400, 2.2000000000e+02, 1.7605333333e+02, 2.7946666667e+01, 1.6050000000e+01, 5.2327400000e+04
 1500533700, 2.2000000000e+02, 1.7800000000e+02, 2.6000000000e+01, 1.6052000000e+01, 5.2327826667e+04
 1500534000, 2.2000000000e+02, 1.7634666667e+02, 2.7653333333e+01, 1.6048000000e+01, 5.2327493333e+04
 1500534300, 2.2000000000e+02, 1.7600000000e+02, 2.8000000000e+01, 1.6050000000e+01, 5.2326800000e+04
 1500534600, 2.2000000000e+02, 1.7600000000e+02, 2.8000000000e+01, 1.6050000000e+01, 5.2327826667e+04
 1500534900, 2.2000000000e+02, 1.7600000000e+02, 2.7546666667e+01, 1.6050000000e+01, 5.2329506667e+04
 1500535200, 2.2000000000e+02, 1.7600000000e+02, 2.6000000000e+01, 1.6050000000e+01, 5.2334653333e+04
 1500535500, 2.2000000000e+02, 1.7600000000e+02, 2.6000000000e+01, 1.6050000000e+01, 5.2334053333e+04
 1500535800, 2.2000000000e+02, 1.7765333333e+02, 2.7653333333e+01, 1.6050266667e+01, 5.2336026667e+04
 1500536100, 2.2313333333e+02, 1.7800000000e+02, 2.8000000000e+01, 1.6066000000e+01, 5.2338626667e+04
 1500536400, 2.2286666667e+02, 1.7800000000e+02, 2.7146666667e+01, 1.6053733333e+01, 5.2339453333e+04
 1500536700, 2.2000000000e+02, 1.7754666667e+02, 2.6453333333e+01, 1.6052000000e+01, 5.2341906667e+04
 1500537000, 2.2000000000e+02, 1.7605333333e+02, 2.8000000000e+01, 1.6050000000e+01, 5.2348080000e+04
 1500537300, 2.2000000000e+02, 1.7800000000e+02, 2.8000000000e+01, 1.6050000000e+01, 5.2347200000e+04
 1500537600, 2.2000000000e+02, 1.7800000000e+02, 2.8000000000e+01, 1.6050000000e+01, 5.2347773333e+04
 1500537900, 2.2000000000e+02, 1.7674666667e+02, 2.6746666667e+01, 1.6050000000e+01, 5.2346600000e+04
 1500538200, 2.2000000000e+02, 1.7685333333e+02, 2.6000000000e+01, 1.6050000000e+01, 5.2346373333e+04
 1500538500, 2.2000000000e+02, 1.7800000000e+02, 2.6000000000e+01, 1.6050000000e+01, 5.2346880000e+04
 1500538800, 2.2000000000e+02, 1.7794666667e+02, 2.6053333333e+01, 1.6048000000e+01, 5.2353786667e+04
 1500539100, 2.2000000000e+02, 1.7600000000e+02, 2.8000000000e+01, 1.6050000000e+01, 5.2357226667e+04
 1500539400, 2.2000000000e+02, 1.7765333333e+02, 2.8000000000e+01, 1.6050000000e+01, 5.2357226667e+04
 1500539700, 2.2000000000e+02, 1.7800000000e+02, 2.8000000000e+01, 1.6050000000e+01, 5.2357626667e+04
 1500540000, 2.2000000000e+02, 1.7714666667e+02, 2.8000000000e+01, 1.6050000000e+01, 5.2358173333e+04
 1500540300, 1.8713333333e+02, 1.4562666667e+02, 2.5280000000e+01, 1.6050000000e+01, 5.2356600000e+04
 1500540600, 7.8866666667e+01, 4.5626666667e+01, 1.6266666667e+01, 1.6050000000e+01, 5.2359986667e+04
 1500540900, 2.2000000000e+02, 1.7800000000e+02, 2.6000000000e+01, 1.6050000000e+01, 5.2362946667e+04
 1500541200, 2.2000000000e+02, 1.7634666667e+02, 2.7653333333e+01, 1.6050000000e+01, 5.2363280000e+04
 1500541500, 2.2000000000e+02, 1.7725333333e+02, 2.6746666667e+01, 1.6050000000e+01, 5.2366026667e+04
 1500541800, 2.2000000000e+02, 1.7714666667e+02, 2.6853333333e+01, 1.6050000000e+01, 5.2365173333e+04
 1500542100, 2.2000000000e+02, 1.7645333333e+02, 2.8000000000e+01, 1.6066533333e+01, 5.2366253333e+04
 1500542400, 2.2000000000e+02, 1.7800000000e+02, 2.8000000000e+01, 1.6066000000e+01, 5.2367626667e+04
 1500542700, 2.2000000000e+02, 1.7800000000e+02, 2.8000000000e+01, 1.6063466667e+01, 5.2366093333e+04
 1500543000, 2.2000000000e+02, 1.7634666667e+02, 2.8000000000e+01, 1.6050000000e+01, 5.2365653333e+04
 1500543300, 2.2000000000e+02, 1.7600000000e+02, 2.8000000000e+01, 1.6050000000e+01, 5.2365800000e+04
 1500543600, 2.2000000000e+02, 1.7600000000e+02, 2.8000000000e+01, 1.6050000000e+01, 5.2365973333e+04
 1500543900, 2.2113333333e+02, 1.7600000000e+02, 2.8000000000e+01, 1.6050000000e+01, 5.2365453333e+04
 1500544200, 2.2486666667e+02, 1.7600000000e+02, 2.8000000000e+01, 1.6050000000e+01, 5.2365746667e+04
 1500544500, 2.2000000000e+02, 1.7600000000e+02, 2.8000000000e+01, 1.6050000000e+01, 5.2364973333e+04
 1500544800, 2.2000000000e+02, 1.7600000000e+02, 2.6346666667e+01, 1.6044000000e+01, 5.2364600000e+04
 1500545100, 2.2000000000e+02, 1.7600000000e+02, 2.6000000000e+01, 1.6050000000e+01, 5.2365226667e+04
 1500545400, 2.2000000000e+02, 1.7600000000e+02, 2.6853333333e+01, 1.6050000000e+01, 5.2365400000e+04
 1500545700, 2.2113333333e+02, 1.7600000000e+02, 2.8000000000e+01, 1.6050000000e+01, 5.2366026667e+04
 1500546000, 2.2500000000e+02, 1.7600000000e+02, 2.8000000000e+01, 1.6050000000e+01, 5.2366370000e+04
 1500546300, 2.2500000000e+02, 1.7600000000e+02, 2.8000000000e+01, 1.6050000000e+01, 5.2365546667e+04
 1500546600, 2.2086666667e+02, 1.7600000000e+02, 2.8000000000e+01, 1.6052000000e+01, 5.2365000000e+04
 1500546900, 2.2000000000e+02, 1.7725333333e+02, 2.8000000000e+01, 1.6050000000e+01, 5.2363800000e+04
 1500547200, 2.2000000000e+02, 1.7714666667e+02, 2.8000000000e+01, 1.6050000000e+01, 5.2364680000e+04
 1500547500, 2.2000000000e+02, 1.7600000000e+02, 2.8000000000e+01, 1.6050266667e+01, 5.2365200000e+04
 1500547800, 2.1706666667e+02, 1.7322666667e+02, 2.7786666667e+01, 1.6053733333e+01, 5.2365880000e+04
 1500548100, 1.1000000000e+02, 7.2000000000e+01, 2.0000000000e+01, 1.6052266667e+01, 5.2367973333e+04
 1500548400, 2.0093333333e+02, 1.5962666667e+02, 2.6613333333e+01, 1.6051733333e+01, 5.2366653333e+04
 1500548700, 2.2000000000e+02, 1.7800000000e+02, 2.8000000000e+01, 1.6050000000e+01, 5.2367506667e+04
 1500549000, 2.2000000000e+02, 1.7714666667e+02, 2.8000000000e+01, 1.6050000000e+01, 5.2368920000e+04
 1500549300, 2.2000000000e+02, 1.7600000000e+02, 2.8000000000e+01, 1.6050000000e+01, 5.2369066667e+04
 1500549600, 2.2000000000e+02, 1.7600000000e+02, 2.8000000000e+01, 1.6050000000e+01, 5.2366853333e+04
 1500549900, 2.2000000000e+02, 1.7600000000e+02, 2.8000000000e+01, 1.6050000000e+01, 5.2368653333e+04
 1500550200, 2.2000000000e+02, 1.7600000000e+02, 2.8000000000e+01, 1.6050000000e+01, 5.2371400000e+04
 1500550500, 2.2000000000e+02, 1.7600000000e+02, 2.8000000000e+01, 1.6050000000e+01, 5.2372253333e+04
 1500550800, 2.2000000000e+02, 1.7685333333e+02, 2.8000000000e+01, 1.6050000000e+01, 5.2378373333e+04
 1500551100, 2.2000000000e+02, 1.7754666667e+02, 2.8000000000e+01, 1.6054000000e+01, 5.2380200000e+04
 1500551400, 2.2000000000e+02, 1.7600000000e+02, 2.7946666667e+01, 1.6050000000e+01, 5.2379720000e+04
 1500551700, 2.2000000000e+02, 1.7600000000e+02, 2.6000000000e+01, 1.6050000000e+01, 5.2379026667e+04
 1500552000, 2.2000000000e+02, 1.7600000000e+02, 2.7653333333e+01, 1.6050000000e+01, 5.2381400000e+04
 1500552300, 2.2000000000e+02, 1.7600000000e+02, 2.8000000000e+01, 1.6050000000e+01, 5.2378973333e+04
 1500552600, 2.2000000000e+02, 1.7600000000e+02, 2.8000000000e+01, 1.6050000000e+01, 5.2377600000e+04
 1500552900, 2.2000000000e+02, 1.7600000000e+02, 2.8000000000e+01, 1.6054533333e+01, 5.2378200000e+04
 1500553200, 2.2000000000e+02, 1.7600000000e+02, 2.7946666667e+01, 1.6057466667e+01, 5.2378426667e+04
 1500553500, 2.2000000000e+02, 1.7600000000e+02, 2.6000000000e+01, 1.6050000000e+01, 5.2379396667e+04
 1500553800, 2.2000000000e+02, 1.7600000000e+02, 2.6000000000e+01, 1.6050000000e+01, 5.2379200000e+04
 1500554100, 2.2000000000e+02, 1.7725333333e+02, 2.6000000000e+01, 1.6050000000e+01, 5.2378573333e+04
 1500554400, 2.2000000000e+02, 1.7800000000e+02, 2.6000000000e+01, 1.6050000000e+01, 5.2378853333e+04
 1500554700, 2.2000000000e+02, 1.7754666667e+02, 2.6453333333e+01, 1.6056266667e+01, 5.2379600000e+04
 1500555000, 2.2000000000e+02, 1.7600000000e+02, 2.7946666667e+01, 1.6051733333e+01, 5.2378520000e+04
 1500555300, 2.2000000000e+02, 1.7600000000e+02, 2.6000000000e+01, 1.6050000000e+01, 5.2380026667e+04
 1500555600, 2.2000000000e+02, 1.7765333333e+02, 2.6000000000e+01, 1.6050000000e+01, 5.2377826667e+04
 1500555900, 2.2000000000e+02, 1.7674666667e+02, 2.6000000000e+01, 1.6050000000e+01, 5.2379653333e+04
 1500556200, 2.2000000000e+02, 1.7600000000e+02, 2.6853333333e+01, 1.6050000000e+01, 5.2379546667e+04
 1500556500, 2.2000000000e+02, 1.7645333333e+02, 2.8000000000e+01, 1.6050000000e+01, 5.2379626667e+04
 1500556800, 2.2000000000e+02, 1.7800000000e+02, 2.7946666667e+01, 1.6050000000e+01, 5.2378426667e+04
 1500557100, 2.2000000000e+02, 1.7800000000e+02, 2.6000000000e+01, 1.6050000000e+01, 5.2380333333e+04
 1500557400, 2.2000000000e+02, 1.7800000000e+02, 2.7653333333e+01, 1.6050000000e+01, 5.2386053333e+04
 1500557700, 2.2000000000e+02, 1.7800000000e+02, 2.6746666667e+01, 1.6050000000e+01, 5.2387746667e+04
 1500558000, 2.2000000000e+02, 1.7800000000e+02, 2.6853333333e+01, 1.6050000000e+01, 5.2387853333e+04
 1500558300, 2.2000000000e+02, 1.7709333333e+02, 2.8000000000e+01, 1.6050000000e+01, 5.2388346667e+04
 1500558600, 2.2000000000e+02, 1.7400000000e+02, 2.8000000000e+01, 1.6054266667e+01, 5.2385253333e+04
 1500558900, 2.2000000000e+02, 1.7400000000e+02, 2.8000000000e+01, 1.6053733333e+01, 5.2386773333e+04
 1500559200, 2.2000000000e+02, 1.7565333333e+02, 2.6346666667e+01, 1.6056000000e+01, 5.2392813333e+04
 1500559500, 2.2000000000e+02, 1.7474666667e+02, 2.8506666667e+01, 1.6050000000e+01, 5.2395373333e+04
 1500559800, 2.2000000000e+02, 1.7400000000e+02, 3.0000000000e+01, 1.6050000000e+01, 5.2394653333e+04
 1500560100, 2.2113333333e+02, 1.7490666667e+02, 2.9546666667e+01, 1.6048000000e+01, 5.2395253333e+04
 1500560400, 2.2486666667e+02, 1.7794666667e+02, 2.8000000000e+01, 1.6050000000e+01, 5.2397000000e+04
 1500560700, 2.2000000000e+02, 1.7600000000e+02, 2.8000000000e+01, 1.6050000000e+01, 5.2396973333e+04
 1500561000, 2.2000000000e+02, 1.7765333333e+02, 2.8000000000e+01, 1.6058533333e+01, 5.2395946667e+04
 1500561300, 2.2000000000e+02, 1.7800000000e+02, 2.8000000000e+01, 1.6057466667e+01, 5.2394773333e+04
 1500561600, 2.2000000000e+02, 1.7714666667e+02, 2.8000000000e+01, 1.6050000000e+01, 5.2394653333e+04
 1500561900, 2.2000000000e+02, 1.7600000000e+02, 2.7546666667e+01, 1.6050000000e+01, 5.2395000000e+04
 1500562200, 2.2000000000e+02, 1.7600000000e+02, 2.6053333333e+01, 1.6050000000e+01, 5.2395506667e+04
 1500562500, 2.2000000000e+02, 1.7600000000e+02, 2.8000000000e+01, 1.6049733333e+01, 5.2396000000e+04
 1500562800, 2.2000000000e+02, 1.7600000000e+02, 2.6346666667e+01, 1.6044266667e+01, 5.2396173333e+04
 1500563100, 2.2000000000e+02, 1.7600000000e+02, 2.6000000000e+01, 1.6050000000e+01, 5.2397626667e+04
 1500563400, 2.2000000000e+02, 1.7600000000e+02, 2.6853333333e+01, 1.6050000000e+01, 5.2398053333e+04
 1500563700, 2.2000000000e+02, 1.7600000000e+02, 2.8000000000e+01, 1.6050000000e+01, 5.2398146667e+04
 1500564000, 2.2000000000e+02, 1.7600000000e+02, 2.8000000000e+01, 1.6050000000e+01, 5.2397106667e+04
 1500564300, 2.2000000000e+02, 1.7600000000e+02, 2.8000000000e+01, 1.6050000000e+01, 5.2397413333e+04
 1500564600, 2.2000000000e+02, 1.7600000000e+02, 2.6346666667e+01, 1.6051066667e+01, 5.2395786667e+04
 1500564900, 2.2000000000e+02, 1.7725333333e+02, 2.7253333333e+01, 1.6218000000e+01, 5.2401493333e+04
 1500565200, 2.2000000000e+02, 1.7714666667e+02, 2.8000000000e+01, 1.6485600000e+01, 5.2400506667e+04
 1500565500, 2.2000000000e+02, 1.7600000000e+02, 2.8000000000e+01, 1.6665466667e+01, 5.2402200000e+04
 1500565800, 2.2000000000e+02, 1.7600000000e+02, 2.8000000000e+01, 1.6778666667e+01, 5.2402973333e+04
 1500566100, 2.2000000000e+02, 1.7600000000e+02, 2.8000000000e+01, 1.6853866667e+01, 5.2402600000e+04
 1500566400, 2.2000000000e+02, 1.7434666667e+02, 2.9653333333e+01, 1.6919066667e+01, 5.2402373333e+04
 1500566700, 2.2000000000e+02, 1.7525333333e+02, 2.8746666667e+01, 1.6952533333e+01, 5.2403226667e+04
 1500567000, 2.2000000000e+02, 1.7600000000e+02, 2.8000000000e+01, 1.6977066667e+01, 5.2404453333e+04
 1500567300, 2.2000000000e+02, 1.7600000000e+02, 2.8000000000e+01, 1.7014466667e+01, 5.2405840000e+04
 1500567600, 2.2013333333e+02, 1.7600000000e+02, 2.8000000000e+01, 1.7041066667e+01, 5.2406770000e+04
 1500567900, 2.2500000000e+02, 1.7600000000e+02, 2.8000000000e+01, 1.7053733333e+01, 5.2406773333e+04
 1500568200, 2.2086666667e+02, 1.7600000000e+02, 2.8000000000e+01, 1.7054000000e+01, 5.2407480000e+04
 1500568500, 2.2000000000e+02, 1.7725333333e+02, 2.8000000000e+01, 1.7050000000e+01, 5.2407800000e+04
 1500568800, 2.2000000000e+02, 1.7714666667e+02, 2.8000000000e+01, 1.7056000000e+01, 5.2408680000e+04
 1500569100, 2.2113333333e+02, 1.7645333333e+02, 2.8000000000e+01, 1.7050000000e+01, 5.2409373333e+04
 1500569400, 2.2486666667e+02, 1.7794666667e+02, 2.8000000000e+01, 1.7050000000e+01, 5.2408546667e+04
 1500569700, 2.2000000000e+02, 1.7600000000e+02, 2.8000000000e+01, 1.7050000000e+01, 5.2407773333e+04
 1500570000, 2.2000000000e+02, 1.7600000000e+02, 2.8000000000e+01, 1.7050000000e+01, 5.2407946667e+04
 1500570300, 2.2000000000e+02, 1.7600000000e+02, 2.8000000000e+01, 1.7050000000e+01, 5.2406653333e+04
 1500570600, 2.2000000000e+02, 1.7600000000e+02, 2.8000000000e+01, 1.7054000000e+01, 5.2406400000e+04
 1500570900, 2.2000000000e+02, 1.7600000000e+02, 2.8000000000e+01, 1.7050000000e+01, 5.2406826667e+04
 1500571200, 2.2000000000e+02, 1.7600000000e+02, 2.8000000000e+01, 1.7050000000e+01, 5.2407373333e+04
 1500571500, 2.2000000000e+02, 1.7600000000e+02, 2.8000000000e+01, 1.7050000000e+01, 5.2407626667e+04
 1500571800, 2.2000000000e+02, 1.7600000000e+02, 2.8000000000e+01, 1.7052000000e+01, 5.2408626667e+04
 1500572100, 2.2313333333e+02, 1.7725333333e+02, 2.8000000000e+01, 1.7050000000e+01, 5.2410200000e+04
 1500572400, 2.2500000000e+02, 1.7800000000e+02, 2.8000000000e+01, 1.7050000000e+01, 5.2409573333e+04
 1500572700, 2.2500000000e+02, 1.7800000000e+02, 2.8000000000e+01, 1.7050000000e+01, 5.2409400000e+04
 1500573000, 2.2486666667e+02, 1.7800000000e+02, 2.7946666667e+01, 1.7050000000e+01, 5.2410053333e+04
 1500573300, 2.2000000000e+02, 1.7800000000e+02, 2.6000000000e+01, 1.7052266667e+01, 5.2410426667e+04
 1500573600, 2.2000000000e+02, 1.7800000000e+02, 2.6000000000e+01, 1.7051733333e+01, 5.2409573333e+04
 1500573900, 2.2313333333e+02, 1.7800000000e+02, 2.7253333333e+01, 1.7048400000e+01, 5.2408506667e+04
 1500574200, 2.2500000000e+02, 1.7885333333e+02, 2.7146666667e+01, 1.6875066667e+01, 5.2398200000e+04
 1500574500, 2.2500000000e+02, 1.7954666667e+02, 2.6453333333e+01, 1.6640933333e+01, 5.2398626667e+04
 1500574800, 2.2486666667e+02, 1.7794666667e+02, 2.8000000000e+01, 1.6468000000e+01, 5.2398973333e+04
 1500575100, 2.2000000000e+02, 1.7600000000e+02, 2.8000000000e+01, 1.6341066667e+01, 5.2399053333e+04
 1500575400, 2.2000000000e+02, 1.7600000000e+02, 2.6346666667e+01, 1.6250133333e+01, 5.2400773333e+04
 1500575700, 2.2313333333e+02, 1.7725333333e+02, 2.8506666667e+01, 1.6186666667e+01, 5.2400626667e+04
 1500576000, 2.2500000000e+02, 1.7800000000e+02, 2.9146666667e+01, 1.6155466667e+01, 5.2400573333e+04
 1500576300, 2.2500000000e+02, 1.7800000000e+02, 2.8000000000e+01, 1.6127200000e+01, 5.2399373333e+04
 1500576600, 2.2500000000e+02, 1.7794666667e+02, 2.8000000000e+01, 1.6105733333e+01, 5.2398480000e+04
 1500576900, 2.2500000000e+02, 1.7600000000e+02, 2.8000000000e+01, 1.6095466667e+01, 5.2399973333e+04
 1500577200, 2.2500000000e+02, 1.7765333333e+02, 2.8000000000e+01, 1.6069466667e+01, 5.2404533333e+04
 1500577500, 2.2500000000e+02, 1.7674666667e+02, 2.8000000000e+01, 1.6053733333e+01, 5.2404773333e+04
 1500577800, 2.2500000000e+02, 1.7685333333e+02, 2.8000000000e+01, 1.6052800000e+01, 5.2404480000e+04
 1500578100, 2.2386666667e+02, 1.7754666667e+02, 2.8000000000e+01, 1.6079733333e+01, 5.2404946667e+04
 1500578400, 2.1573333333e+02, 1.7210666667e+02, 2.7573333333e+01, 1.6061466667e+01, 5.2406080000e+04
 1500578700, 6.0000000000e+01, 3.0000000000e+01, 1.2000000000e+01, 1.6050000000e+01, 5.2406000000e+04
 1500579000, 1.9226666667e+02, 1.5069333333e+02, 2.5226666667e+01, 1.6050000000e+01, 5.2408280000e+04
 1500579300, 2.2313333333e+02, 1.7725333333e+02, 2.8000000000e+01, 1.6044000000e+01, 5.2408800000e+04
 1500579600, 2.2500000000e+02, 1.7800000000e+02, 2.8000000000e+01, 1.6054266667e+01, 5.2408466667e+04
 1500579900, 2.2386666667e+02, 1.7754666667e+02, 2.8000000000e+01, 1.6058000000e+01, 5.2407400000e+04
 1500580200, 2.2000000000e+02, 1.7594666667e+02, 2.8000000000e+01, 1.6053733333e+01, 5.2407253333e+04
 1500580500, 2.2000000000e+02, 1.7400000000e+02, 2.8000000000e+01, 1.6050000000e+01, 5.2408973333e+04
 1500580800, 2.2000000000e+02, 1.7565333333e+02, 2.8000000000e+01, 1.6050000000e+01, 5.2407973333e+04
 1500581100, 2.2313333333e+02, 1.7600000000e+02, 2.8000000000e+01, 1.6050000000e+01, 5.2408226667e+04
 1500581400, 2.2286666667e+02, 1.7600000000e+02, 2.8000000000e+01, 1.6050000000e+01, 5.2408400000e+04
 1500581700, 2.2000000000e+02, 1.7600000000e+02, 2.8000000000e+01, 1.6050000000e+01, 5.2410280000e+04
 1500582000, 2.2000000000e+02, 1.7600000000e+02, 2.8000000000e+01, 1.6052000000e+01, 5.2411173333e+04
 1500582300, 2.2000000000e+02, 1.7600000000e+02, 2.8000000000e+01, 1.6050266667e+01, 5.2409946667e+04
 1500582600, 2.2413333333e+02, 1.7600000000e+02, 2.8000000000e+01, 1.6057733333e+01, 5.2409253333e+04
 1500582900, 2.2186666667e+02, 1.7600000000e+02, 2.8000000000e+01, 1.6050000000e+01, 5.2407973333e+04
 1500583200, 2.2213333333e+02, 1.7600000000e+02, 2.8000000000e+01, 1.6050000000e+01, 5.2410226667e+04
 1500583500, 2.2500000000e+02, 1.7600000000e+02, 2.8000000000e+01, 1.6050000000e+01, 5.2410146667e+04
 1500583800, 2.2500000000e+02, 1.7600000000e+02, 2.8000000000e+01, 1.6050000000e+01, 5.2407573333e+04
 1500584100, 2.2500000000e+02, 1.7600000000e+02, 2.8000000000e+01, 1.6052266667e+01, 5.2408200000e+04
 1500584400, 2.2086666667e+02, 1.7600000000e+02, 2.8000000000e+01, 1.6053733333e+01, 5.2408253333e+04
 1500584700, 2.2000000000e+02, 1.7600000000e+02, 2.8000000000e+01, 1.6050000000e+01, 5.2409410000e+04
 1500585000, 2.2213333333e+02, 1.7685333333e+02, 2.8000000000e+01, 1.6048000000e+01, 5.2408973333e+04
 1500585300, 2.2500000000e+02, 1.7800000000e+02, 2.8000000000e+01, 1.6050000000e+01, 5.2408600000e+04
 1500585600, 2.2500000000e+02, 1.7794666667e+02, 2.8000000000e+01, 1.6062266667e+01, 5.2409200000e+04
 1500585900, 2.2500000000e+02, 1.7600000000e+02, 2.8000000000e+01, 1.6055733333e+01, 5.2409200000e+04
 1500586200, 2.2086666667e+02, 1.7600000000e+02, 2.8000000000e+01, 1.6050000000e+01, 5.2408573333e+04
 1500586500, 2.2313333333e+02, 1.7600000000e+02, 2.8000000000e+01, 1.6050000000e+01, 5.2408226667e+04
 1500586800, 2.2286666667e+02, 1.7600000000e+02, 2.8000000000e+01, 1.6050000000e+01, 5.2408800000e+04
 1500587100, 2.2113333333e+02, 1.7600000000e+02, 2.8000000000e+01, 1.6050000000e+01, 5.2409026667e+04
 1500587400, 2.2500000000e+02, 1.7605333333e+02, 2.8000000000e+01, 1.6050000000e+01, 5.2409426667e+04
 1500587700, 2.2500000000e+02, 1.7800000000e+02, 2.8000000000e+01, 1.6050000000e+01, 5.2410973333e+04
 1500588000, 2.2500000000e+02, 1.7634666667e+02, 2.9653333333e+01, 1.6052266667e+01, 5.2410226667e+04
 1500588300, 2.2500000000e+02, 1.7600000000e+02, 3.0000000000e+01, 1.6051733333e+01, 5.2411026667e+04
 1500588600, 2.1860000000e+02, 1.7173333333e+02, 2.7440000000e+01, 1.6050000000e+01, 5.2412226667e+04
 1500588900, 2.1340000000e+02, 1.6872000000e+02, 2.4906666667e+01, 1.6050000000e+01, 5.2412950000e+04
 1500589200, 2.2500000000e+02, 1.7800000000e+02, 2.8000000000e+01, 1.6050000000e+01, 5.2408546667e+04
 1500589500, 2.2500000000e+02, 1.7800000000e+02, 2.8000000000e+01, 1.6050000000e+01, 5.2408653333e+04
 1500589800, 2.2500000000e+02, 1.7634666667e+02, 2.8000000000e+01, 1.6050000000e+01, 5.2410426667e+04
 1500590100, 2.2500000000e+02, 1.7725333333e+02, 2.8000000000e+01, 1.6050000000e+01, 5.2409800000e+04
 1500590400, 2.2500000000e+02, 1.7800000000e+02, 2.8000000000e+01, 1.6050000000e+01, 5.2410826667e+04
 1500590700, 2.2386666667e+02, 1.7754666667e+02, 2.8000000000e+01, 1.6050000000e+01, 5.2410573333e+04
 1500591000, 2.2013333333e+02, 1.7600000000e+02, 2.8000000000e+01, 1.6050000000e+01, 5.2411853333e+04
 1500591300, 2.2500000000e+02, 1.7600000000e+02, 2.8000000000e+01, 1.6050000000e+01, 5.2412800000e+04
 1500591600, 2.2086666667e+02, 1.7600000000e+02, 2.8000000000e+01, 1.6050000000e+01, 5.2413453333e+04
 1500591900, 2.2313333333e+02, 1.7725333333e+02, 2.8000000000e+01, 1.6052000000e+01, 5.2414720000e+04
 1500592200, 2.2500000000e+02, 1.7714666667e+02, 2.8000000000e+01, 1.6060266667e+01, 5.2411400000e+04
 1500592500, 2.2386666667e+02, 1.7600000000e+02, 2.7093333333e+01, 1.6066000000e+01, 5.2413706667e+04
 1500592800, 2.2013333333e+02, 1.7605333333e+02, 2.4106666667e+01, 1.6051733333e+01, 5.2416026667e+04
 1500593100, 2.2500000000e+02, 1.7800000000e+02, 2.8000000000e+01, 1.6052000000e+01, 5.2416226667e+04
 1500593400, 2.2086666667e+02, 1.7634666667e+02, 2.8000000000e+01, 1.6050000000e+01, 5.2419506667e+04
 1500593700, 2.2000000000e+02, 1.7600000000e+02, 2.8000000000e+01, 1.6050000000e+01, 5.2421026667e+04
 1500594000, 2.2213333333e+02, 1.7600000000e+02, 2.8000000000e+01, 1.6050000000e+01, 5.2420173333e+04
 1500594300, 2.2500000000e+02, 1.7600000000e+02, 2.8000000000e+01, 1.6046000000e+01, 5.2420906667e+04
 1500594600, 2.2486666667e+02, 1.7600000000e+02, 2.8000000000e+01, 1.6050000000e+01, 5.2421973333e+04
 1500594900, 2.2000000000e+02, 1.7600000000e+02, 2.8000000000e+01, 1.6050000000e+01, 5.2422920000e+04
 1500595200, 2.2000000000e+02, 1.7600000000e+02, 2.8000000000e+01, 1.6050000000e+01, 5.2421826667e+04
 1500595500, 2.2313333333e+02, 1.7725333333e+02, 2.8000000000e+01, 1.6050000000e+01, 5.2422973333e+04
 1500595800, 2.2286666667e+02, 1.7714666667e+02, 2.8000000000e+01, 1.6050000000e+01, 5.2422263333e+04
 1500596100, 2.2000000000e+02, 1.7600000000e+02, 2.8000000000e+01, 1.6050000000e+01, 5.2425800000e+04
 1500596400, 2.2000000000e+02, 1.7645333333e+02, 2.8000000000e+01, 1.6050000000e+01, 5.2425426667e+04
 1500596700, 2.2013333333e+02, 1.7800000000e+02, 2.8000000000e+01, 1.6052000000e+01, 5.2425746667e+04
 1500597000, 2.2500000000e+02, 1.7800000000e+02, 2.8000000000e+01, 1.6050000000e+01, 5.2425453333e+04
 1500597300, 2.2500000000e+02, 1.7800000000e+02, 2.8000000000e+01, 1.6050000000e+01, 5.2426600000e+04
 1500597600, 2.2186666667e+02, 1.7800000000e+02, 2.8000000000e+01, 1.6050000000e+01, 5.2427373333e+04
 1500597900, 2.2000000000e+02, 1.7800000000e+02, 2.8000000000e+01, 1.6050000000e+01, 5.2426620000e+04
 1500598200, 2.2113333333e+02, 1.7800000000e+02, 2.8000000000e+01, 1.6052133333e+01, 5.2425553333e+04
 1500598500, 2.2500000000e+02, 1.7800000000e+02, 2.8000000000e+01, 1.6052000000e+01, 5.2424000000e+04
 1500598800, 2.2500000000e+02, 1.7800000000e+02, 2.8000000000e+01, 1.6050000000e+01, 5.2423746667e+04
 1500599100, 2.2086666667e+02, 1.7800000000e+02, 2.8000000000e+01, 1.6050000000e+01, 5.2424226667e+04
 1500599400, 2.2000000000e+02, 1.7800000000e+02, 2.8000000000e+01, 1.6050000000e+01, 5.2423560000e+04
 1500599700, 2.2313333333e+02, 1.7800000000e+02, 2.8000000000e+01, 1.6050000000e+01, 5.2424053333e+04
 1500600000, 2.2500000000e+02, 1.7800000000e+02, 2.8000000000e+01, 1.6050000000e+01, 5.2425253333e+04
 1500600300, 2.2386666667e+02, 1.7754666667e+02, 2.8000000000e+01, 1.6050000000e+01, 5.2426373333e+04
 1500600600, 2.2000000000e+02, 1.7600000000e+02, 2.8000000000e+01, 1.6052000000e+01, 5.2425173333e+04
 1500600900, 2.2000000000e+02, 1.7600000000e+02, 2.8000000000e+01, 1.6050000000e+01, 5.2427480000e+04
 1500601200, 2.2413333333e+02, 1.7765333333e+02, 2.8000000000e+01, 1.6050000000e+01, 5.2426946667e+04
 1500601500, 2.2500000000e+02, 1.7800000000e+02, 2.8000000000e+01, 1.6050000000e+01, 5.2426453333e+04
 1500601800, 2.2286666667e+02, 1.7800000000e+02, 2.8000000000e+01, 1.6050000000e+01, 5.2425773333e+04
 1500602100, 2.2000000000e+02, 1.7800000000e+02, 2.8000000000e+01, 1.6050000000e+01, 5.2426226667e+04
 1500602400, 2.2000000000e+02, 1.7794666667e+02, 2.8000000000e+01, 1.6050000000e+01, 5.2427453333e+04
 1500602700, 2.2000000000e+02, 1.7600000000e+02, 2.8000000000e+01, 1.6050000000e+01, 5.2428313333e+04
 1500603000, 2.2000000000e+02, 1.7600000000e+02, 2.8000000000e+01, 1.6054266667e+01, 5.2427053333e+04
 1500603300, 2.2313333333e+02, 1.7725333333e+02, 2.8000000000e+01, 1.6052000000e+01, 5.2428173333e+04
 1500603600, 2.2500000000e+02, 1.7800000000e+02, 2.8000000000e+01, 1.6051733333e+01, 5.2428626667e+04
 1500603900, 2.2500000000e+02, 1.7754666667e+02, 2.8000000000e+01, 1.6050000000e+01, 5.2428800000e+04
 1500604200, 2.2486666667e+02, 1.7600000000e+02, 2.8000000000e+01, 1.6050000000e+01, 5.2428556667e+04
 1500604500, 2.2000000000e+02, 1.7600000000e+02, 2.8000000000e+01, 1.6050000000e+01, 5.2427680000e+04
 1500604800, 2.2000000000e+02, 1.7765333333e+02, 2.8000000000e+01, 1.6064533333e+01, 5.2428573333e+04
 1500605100, 2.2313333333e+02, 1.7800000000e+02, 2.8000000000e+01, 1.6080266667e+01, 5.2427826667e+04
 1500605400, 2.2286666667e+02, 1.7714666667e+02, 2.8000000000e+01, 1.6081733333e+01, 5.2428373333e+04
 1500605700, 2.2000000000e+02, 1.7641333333e+02, 2.8000000000e+01, 1.6061733333e+01, 5.2428760000e+04
 1500606000, 2.2000000000e+02, 1.7800000000e+02, 2.8000000000e+01, 1.6053733333e+01, 5.2430973333e+04
 1500606300, 2.2000000000e+02, 1.7800000000e+02, 2.8000000000e+01, 1.6050000000e+01, 5.2430173333e+04
 1500606600, 2.2000000000e+02, 1.7800000000e+02, 2.8000000000e+01, 1.6049733333e+01, 5.2429653333e+04
 1500606900, 2.2000000000e+02, 1.7676000000e+02, 2.8000000000e+01, 1.6048266667e+01, 5.2430640000e+04
 1500607200, 2.2000000000e+02, 1.7600000000e+02, 2.8000000000e+01, 1.6054000000e+01, 5.2430320000e+04
 1500607500, 2.2000000000e+02, 1.7600000000e+02, 2.8000000000e+01, 1.6050266667e+01, 5.2429626667e+04
 1500607800, 2.2000000000e+02, 1.7600000000e+02, 2.8000000000e+01, 1.6051733333e+01, 5.2429540000e+04
 1500608100, 2.2000000000e+02, 1.7600000000e+02, 2.8000000000e+01, 1.6050000000e+01, 5.2429826667e+04
 1500608400, 2.2000000000e+02, 1.7600000000e+02, 2.8000000000e+01, 1.6050000000e+01, 5.2429680000e+04
 1500608700, 2.2000000000e+02, 1.7725333333e+02, 2.8000000000e+01, 1.6050000000e+01, 5.2431173333e+04
 1500609000, 2.2000000000e+02, 1.7714666667e+02, 2.8000000000e+01, 1.6050000000e+01, 5.2431026667e+04
 1500609300, 2.2000000000e+02, 1.7554666667e+02, 2.8000000000e+01, 1.6056000000e+01, 5.2431200000e+04
 1500609600, 2.2000000000e+02, 1.7405333333e+02, 2.8000000000e+01, 1.6050000000e+01, 5.2430880000e+04
 1500609900, 2.2000000000e+02, 1.7600000000e+02, 2.8000000000e+01, 1.6050000000e+01, 5.2432173333e+04
 1500610200, 2.2000000000e+02, 1.7600000000e+02, 2.8000000000e+01, 1.6050000000e+01, 5.2431486667e+04
 1500610500, 2.2000000000e+02, 1.7600000000e+02, 2.8000000000e+01, 1.6050266667e+01, 5.2431426667e+04
 1500610800, 2.2000000000e+02, 1.7600000000e+02, 2.8000000000e+01, 1.6062000000e+01, 5.2431226667e+04
 1500611100, 2.2113333333e+02, 1.7600000000e+02, 2.8000000000e+01, 1.6066000000e+01, 5.2430720000e+04
 1500611400, 2.2500000000e+02, 1.7600000000e+02, 2.8000000000e+01, 1.6061733333e+01, 5.2429280000e+04
 1500611700, 2.2500000000e+02, 1.7600000000e+02, 2.8000000000e+01, 1.6050000000e+01, 5.2431346667e+04
 1500612000, 2.2086666667e+02, 1.7600000000e+02, 2.8000000000e+01, 1.6050000000e+01, 5.2431026667e+04
 1500612300, 2.2313333333e+02, 1.7725333333e+02, 2.8000000000e+01, 1.6050000000e+01, 5.2431200000e+04
 1500612600, 2.2286666667e+02, 1.7714666667e+02, 2.8000000000e+01, 1.6050000000e+01, 5.2430600000e+04
 1500612900, 2.2113333333e+02, 1.7645333333e+02, 2.8000000000e+01, 1.6050000000e+01, 5.2431600000e+04
 1500613200, 2.2486666667e+02, 1.7800000000e+02, 2.8000000000e+01, 1.6050000000e+01, 5.2433026667e+04
 1500613500, 2.2000000000e+02, 1.7800000000e+02, 2.8000000000e+01, 1.6050000000e+01, 5.2432173333e+04
 1500613800, 2.2000000000e+02, 1.7634666667e+02, 2.8000000000e+01, 1.6050000000e+01, 5.2430800000e+04
 1500614100, 2.2000000000e+02, 1.7600000000e+02, 2.8000000000e+01, 1.6050000000e+01, 5.2432880000e+04
 1500614400, 2.2000000000e+02, 1.7600000000e+02, 2.8000000000e+01, 1.6050000000e+01, 5.2433346667e+04
 1500614700, 2.2000000000e+02, 1.7600000000e+02, 2.8000000000e+01, 1.6050000000e+01, 5.2433226667e+04
 1500615000, 2.2000000000e+02, 1.7605333333e+02, 2.8000000000e+01, 1.6050000000e+01, 5.2434653333e+04
 1500615300, 2.2000000000e+02, 1.7800000000e+02, 2.8000000000e+01, 1.6050266667e+01, 5.2435146667e+04
 1500615600, 2.2000000000e+02, 1.7800000000e+02, 2.8000000000e+01, 1.6057733333e+01, 5.2434173333e+04
 1500615900, 2.2313333333e+02, 1.7674666667e+02, 2.9253333333e+01, 1.6046000000e+01, 5.2433600000e+04
 1500616200, 2.2286666667e+02, 1.7600000000e+02, 2.9146666667e+01, 1.6050000000e+01, 5.2434653333e+04
 1500616500, 2.2000000000e+02, 1.7600000000e+02, 2.8000000000e+01, 1.6050000000e+01, 5.2433946667e+04
 1500616800, 2.2013333333e+02, 1.7600000000e+02, 2.8000000000e+01, 1.6050000000e+01, 5.2433706667e+04
 1500617100, 2.2500000000e+02, 1.7600000000e+02, 2.8000000000e+01, 1.6050000000e+01, 5.2435800000e+04
 1500617400, 2.2086666667e+02, 1.7765333333e+02, 2.8000000000e+01, 1.6050000000e+01, 5.2435200000e+04
 1500617700, 2.2000000000e+02, 1.7674666667e+02, 2.6746666667e+01, 1.6043466667e+01, 5.2435973333e+04
 1500618000, 2.2000000000e+02, 1.7514666667e+02, 2.6853333333e+01, 1.6034266667e+01, 5.2436000000e+04
 1500618300, 2.2000000000e+02, 1.7445333333e+02, 2.8000000000e+01, 1.6042266667e+01, 5.2435173333e+04
 1500618600, 2.2000000000e+02, 1.7594666667e+02, 2.8053333333e+01, 1.6046000000e+01, 5.2434853333e+04
 1500618900, 2.2000000000e+02, 1.7400000000e+02, 3.0000000000e+01, 1.6050000000e+01, 5.2436120000e+04
 1500619200, 2.2413333333e+02, 1.7400000000e+02, 3.0000000000e+01, 1.6048000000e+01, 5.2435653333e+04
 1500619500, 2.2186666667e+02, 1.7525333333e+02, 3.0000000000e+01, 1.6050000000e+01, 5.2435426667e+04
 1500619800, 2.2000000000e+02, 1.7600000000e+02, 2.9146666667e+01, 1.6050000000e+01, 5.2435626667e+04
 1500620100, 2.2000000000e+02, 1.7600000000e+02, 2.8000000000e+01, 1.6050000000e+01, 5.2436600000e+04
 1500620400, 2.2000000000e+02, 1.7594666667e+02, 2.8000000000e+01, 1.6050000000e+01, 5.2435773333e+04
 1500620700, 2.2000000000e+02, 1.7400000000e+02, 2.8000000000e+01, 1.6050000000e+01, 5.2434946667e+04
 1500621000, 2.2000000000e+02, 1.7565333333e+02, 2.8000000000e+01, 1.6048000000e+01, 5.2434600000e+04
 1500621300, 2.2000000000e+02, 1.7600000000e+02, 2.8000000000e+01, 1.6050000000e+01, 5.2434400000e+04
 1500621600, 2.2000000000e+02, 1.7600000000e+02, 2.8000000000e+01, 1.6050266667e+01, 5.2434600000e+04
 1500621900, 2.2000000000e+02, 1.7600000000e+02, 2.8000000000e+01, 1.6051733333e+01, 5.2434600000e+04
 1500622200, 2.2000000000e+02, 1.7600000000e+02, 2.8000000000e+01, 1.6050000000e+01, 5.2434573333e+04
 1500622500, 2.2000000000e+02, 1.7600000000e+02, 2.8000000000e+01, 1.6050266667e+01, 5.2433053333e+04
 1500622800, 2.2413333333e+02, 1.7600000000e+02, 2.8000000000e+01, 1.6051733333e+01, 5.2433600000e+04
 1500623100, 2.2186666667e+02, 1.7600000000e+02, 2.8000000000e+01, 1.6054000000e+01, 5.2433426667e+04
 1500623400, 2.2000000000e+02, 1.7600000000e+02, 2.8000000000e+01, 1.6050000000e+01, 5.2434400000e+04
 1500623700, 2.2000000000e+02, 1.7600000000e+02, 2.8000000000e+01, 1.6050000000e+01, 5.2434373333e+04
 1500624000, 2.2013333333e+02, 1.7600000000e+02, 2.8000000000e+01, 1.6060000000e+01, 5.2433826667e+04
 1500624300, 2.2500000000e+02, 1.7600000000e+02, 2.8000000000e+01, 1.6050000000e+01, 5.2433173333e+04
 1500624600, 2.2086666667e+02, 1.7600000000e+02, 2.6346666667e+01, 1.6050000000e+01, 5.2433053333e+04
 1500624900, 2.2000000000e+02, 1.7600000000e+02, 2.6000000000e+01, 1.6050000000e+01, 5.2433426667e+04
 1500625200, 2.2000000000e+02, 1.7600000000e+02, 2.6853333333e+01, 1.6042000000e+01, 5.2433346667e+04
 1500625500, 2.2113333333e+02, 1.7645333333e+02, 2.8000000000e+01, 1.6050000000e+01, 5.2433093333e+04
 1500625800, 2.2486666667e+02, 1.7800000000e+02, 2.8000000000e+01, 1.6050000000e+01, 5.2433453333e+04
 1500626100, 2.2000000000e+02, 1.7800000000e+02, 2.8000000000e+01, 1.6050000000e+01, 5.2433773333e+04
 1500626400, 2.2000000000e+02, 1.7634666667e+02, 2.8000000000e+01, 1.6050000000e+01, 5.2434453333e+04
 1500626700, 2.2000000000e+02, 1.7725333333e+02, 2.6746666667e+01, 1.6052000000e+01, 5.2436226667e+04
 1500627000, 2.2000000000e+02, 1.7714666667e+02, 2.6853333333e+01, 1.6050000000e+01, 5.2435746667e+04
 1500627300, 2.2113333333e+02, 1.7645333333e+02, 2.8000000000e+01, 1.6050000000e+01, 5.2435200000e+04
 1500627600, 2.2500000000e+02, 1.7800000000e+02, 2.8000000000e+01, 1.6050000000e+01, 5.2434600000e+04
 1500627900, 2.2500000000e+02, 1.7800000000e+02, 2.8000000000e+01, 1.6050000000e+01, 5.2435000000e+04
 1500628200, 2.2086666667e+02, 1.7634666667e+02, 2.6346666667e+01, 1.6050000000e+01, 5.2434973333e+04
 1500628500, 2.2000000000e+02, 1.7725333333e+02, 2.6000000000e+01, 1.6050000000e+01, 5.2434000000e+04
 1500628800, 2.2000000000e+02, 1.7800000000e+02, 2.6000000000e+01, 1.6050000000e+01, 5.2433573333e+04
 1500629100, 2.2000000000e+02, 1.7800000000e+02, 2.6000000000e+01, 1.6050000000e+01, 5.2432626667e+04
 1500629400, 2.2000000000e+02, 1.7794666667e+02, 2.6053333333e+01, 1.6052266667e+01, 5.2433773333e+04
 1500629700, 2.2000000000e+02, 1.7600000000e+02, 2.8000000000e+01, 1.6059733333e+01, 5.2433653333e+04
 1500630000, 2.2000000000e+02, 1.7765333333e+02, 2.8000000000e+01, 1.6050000000e+01, 5.2435000000e+04
 1500630300, -nan, 1.7674666667e+02, -nan, 1.6050000000e+01, 5.2436026667e+04
 1500630600, -nan, 1.7600000000e+02, -nan, 1.6050000000e+01, 5.2435000000e+04
 1500630900, -nan, 1.7600000000e+02, -nan, 1.6050000000e+01, 5.2435226667e+04
 1500631200, -nan, 1.7600000000e+02, -nan, 1.6050000000e+01, 5.2435946667e+04
 1500631500, -nan, 1.7600000000e+02, -nan, 1.6050000000e+01, 5.2435586667e+04
 1500631800, -nan, 1.7765333333e+02, -nan, 1.6050000000e+01, 5.2434626667e+04
 1500632100, -nan, 1.7674666667e+02, -nan, 1.6050000000e+01, 5.2434173333e+04
 1500632400, -nan, 1.1114666667e+02, -nan, 1.4266000000e+01, -nan
 1500632700, -nan, 2.4000000000e+01, -nan, 1.0368800000e+01, -nan
 1500633000, -nan, -nan, -nan, -nan, -nan
 1500633300, -nan, -nan, -nan, -nan, -nan
 1500633600, -nan, -nan, -nan, -nan, -nan
 1500633900, -nan, -nan, -nan, -nan, -nan
 1500634200, -nan, -nan, -nan, -nan, -nan
 1500634500, -nan, -nan, -nan, -nan, -nan
 1500634800, -nan, -nan, -nan, -nan, -nan
