 Time, ttl_pwr, cpu_pwr, mem_pwr, cpu_load, mem_load
 1500441000, 5,5000000000e+01, 2,6000000000e+01, 1,2000000000e+01, 7,7966666667e-02, 9,7688000000e+03
 1500441300, 5,5000000000e+01, 2,4393333333e+01, 1,2000000000e+01, 7,5966666667e-02, 9,7688000000e+03
 1500441600, 5,5000000000e+01, 2,5206666667e+01, 1,2000000000e+01, 7,0033333333e-02, 9,7693966667e+03
 1500441900, 5,5000000000e+01, 2,5193333333e+01, 1,2000000000e+01, 6,3933333333e-02, 9,7706100000e+03
 1500442200, 5,5000000000e+01, 2,4406666667e+01, 1,2000000000e+01, 5,0000000000e-02, 9,7699933333e+03
 1500442500, 5,5000000000e+01, 2,6000000000e+01, 1,2000000000e+01, 5,0000000000e-02, 9,7686066667e+03
 1500442800, 5,5000000000e+01, 2,6000000000e+01, 1,2000000000e+01, 5,0033333333e-02, 9,7715966667e+03
 1500443100, 5,5000000000e+01, 2,6000000000e+01, 1,2000000000e+01, 5,7966666667e-02, 9,7694000000e+03
 1500443400, 5,5000000000e+01, 2,6000000000e+01, 1,2000000000e+01, 6,0033333333e-02, 9,7704033333e+03
 1500443700, 5,5000000000e+01, 2,5193333333e+01, 1,2000000000e+01, 5,9966666667e-02, 9,7708066667e+03
 1500444000, 5,5000000000e+01, 2,4000000000e+01, 1,1593333333e+01, 5,4033333333e-02, 9,7716000000e+03
 1500444300, 5,5000000000e+01, 2,4006666667e+01, 1,0006666667e+01, 6,4033333333e-02, 9,7713933333e+03
 1500444600, 5,5000000000e+01, 2,6000000000e+01, 1,2000000000e+01, 6,1966666667e-02, 9,7724066667e+03
 1500444900, 5,5000000000e+01, 2,6000000000e+01, 1,0393333333e+01, 5,5966666667e-02, 9,7725966667e+03
 1500445200, 5,5000000000e+01, 2,4793333333e+01, 1,0000000000e+01, 5,2000000000e-02, 9,7714000000e+03
 1500445500, 5,5000000000e+01, 2,4806666667e+01, 1,0806666667e+01, 5,0000000000e-02, 9,7706033333e+03
 1500445800, 5,5000000000e+01, 2,6000000000e+01, 1,2000000000e+01, 5,2000000000e-02, 9,7715966667e+03
 1500446100, 5,5000000000e+01, 2,6000000000e+01, 1,2000000000e+01, 5,0000000000e-02, 9,7730200000e+03
 1500446400, 5,5000000000e+01, 2,6000000000e+01, 1,2000000000e+01, 5,2000000000e-02, 9,7774166667e+03
 1500446700, 5,5000000000e+01, 2,6000000000e+01, 1,2000000000e+01, 5,0033333333e-02, 9,7743633333e+03
 1500447000, 5,5000000000e+01, 2,6000000000e+01, 1,2000000000e+01, 5,3966666667e-02, 9,7768066667e+03
 1500447300, 5,5000000000e+01, 2,6000000000e+01, 1,2000000000e+01, 5,0000000000e-02, 9,7736000000e+03
 1500447600, 5,6016666667e+01, 2,6406666667e+01, 1,2406666667e+01, 5,0033333333e-02, 9,7738000000e+03
 1500447900, 5,9983333333e+01, 2,7993333333e+01, 1,3993333333e+01, 5,5966666667e-02, 9,7746000000e+03
 1500448200, 5,5000000000e+01, 2,6000000000e+01, 1,2000000000e+01, 6,4033333333e-02, 9,7722066667e+03
 1500448500, 5,5000000000e+01, 2,6000000000e+01, 1,2000000000e+01, 5,3966666667e-02, 9,7735900000e+03
 1500448800, 5,8016666667e+01, 2,7206666667e+01, 1,2000000000e+01, 5,0000000000e-02, 9,7732066667e+03
 1500449100, 5,7983333333e+01, 2,7193333333e+01, 1,2000000000e+01, 5,2033333333e-02, 9,7733900000e+03
 1500449400, 5,5000000000e+01, 2,6000000000e+01, 1,2000000000e+01, 5,6033333333e-02, 9,7730033333e+03
 1500449700, 5,5000000000e+01, 2,6000000000e+01, 1,2000000000e+01, 6,3966666667e-02, 9,7718066667e+03
 1500450000, 5,5000000000e+01, 2,6000000000e+01, 1,2000000000e+01, 1,1467000000e+00, 1,2873143333e+04
 1500450300, 1,8755000000e+02, 1,4328666667e+02, 2,3246666667e+01, 4,3453000000e+00, 1,5828123333e+04
 1500450600, 1,8983333333e+02, 1,4304000000e+02, 2,6000000000e+01, 6,8790000000e+00, 1,4137123333e+04
 1500450900, 1,2361666667e+02, 8,4473333333e+01, 2,0353333333e+01, 8,0821666667e+00, 1,2584220000e+04
 1500451200, 5,5000000000e+01, 2,5593333333e+01, 1,2000000000e+01, 6,1835666667e+00, 9,7745900000e+03
 1500451500, 5,5000000000e+01, 2,4000000000e+01, 1,2000000000e+01, 4,4833666667e+00, 9,7746100000e+03
 1500451800, 5,5000000000e+01, 2,4000000000e+01, 1,2000000000e+01, 3,2666666667e+00, 9,7764000000e+03
 1500452100, 5,5000000000e+01, 2,5606666667e+01, 1,2000000000e+01, 2,3735333333e+00, 9,7752066667e+03
 1500452400, 5,5000000000e+01, 2,4793333333e+01, 1,0793333333e+01, 1,7362666667e+00, 9,7750066667e+03
 1500452700, 5,5000000000e+01, 2,4806666667e+01, 1,0000000000e+01, 1,2627000000e+00, 9,7749900000e+03
 1500453000, 5,5000000000e+01, 2,6000000000e+01, 1,0406666667e+01, 9,4523333333e-01, 9,7749966667e+03
 1500453300, 5,5000000000e+01, 2,6000000000e+01, 1,1993333333e+01, 7,2740000000e-01, 9,7736100000e+03
 1500453600, 5,5000000000e+01, 2,6000000000e+01, 1,0000000000e+01, 5,6146666667e-01, 9,7759966667e+03
 1500453900, 5,5000000000e+01, 2,6000000000e+01, 1,1606666667e+01, 4,2170000000e-01, 9,7749833333e+03
 1500454200, 5,5000000000e+01, 2,4793333333e+01, 1,2000000000e+01, 3,1973333333e-01, 9,7738000000e+03
 1500454500, 5,5000000000e+01, 2,4806666667e+01, 1,2000000000e+01, 2,4776666667e-01, 9,7741966667e+03
 1500454800, 5,5000000000e+01, 2,5593333333e+01, 1,2000000000e+01, 1,9993333333e-01, 9,7735966667e+03
 1500455100, 5,5000000000e+01, 2,4006666667e+01, 1,2000000000e+01, 1,6783333333e-01, 9,7744300000e+03
 1500455400, 5,5000000000e+01, 2,6000000000e+01, 1,2000000000e+01, 1,4400000000e-01, 9,7761800000e+03
 1500455700, 5,5000000000e+01, 2,6000000000e+01, 1,2000000000e+01, 1,3800000000e-01, 9,7746033333e+03
 1500456000, 5,5000000000e+01, 2,4793333333e+01, 1,2000000000e+01, 1,3996666667e-01, 9,7784066667e+03
 1500456300, 5,5000000000e+01, 2,4000000000e+01, 1,1193333333e+01, 1,2593333333e-01, 9,7753833333e+03
 1500456600, 5,5000000000e+01, 2,4000000000e+01, 1,0000000000e+01, 1,0600000000e-01, 9,7756033333e+03
 1500456900, 5,5000000000e+01, 2,4000000000e+01, 1,0013333333e+01, 9,9933333333e-02, 9,7762066667e+03
 1500457200, 5,5000000000e+01, 2,4000000000e+01, 1,4000000000e+01, 8,8000000000e-02, 9,7772166667e+03
 1500457500, 5,5000000000e+01, 2,4000000000e+01, 1,0786666667e+01, 7,7933333333e-02, 9,7789800000e+03
 1500457800, 5,5000000000e+01, 2,5206666667e+01, 1,1206666667e+01, 5,7933333333e-02, 9,7762033333e+03
 1500458100, 5,5000000000e+01, 2,5193333333e+01, 1,2000000000e+01, 5,0000000000e-02, 9,7759900000e+03
 1500458400, 5,5000000000e+01, 2,4000000000e+01, 1,2000000000e+01, 5,0000000000e-02, 9,7742033333e+03
 1500458700, 5,5000000000e+01, 2,4000000000e+01, 1,2000000000e+01, 5,0000000000e-02, 9,7756000000e+03
 1500459000, 5,5000000000e+01, 2,4000000000e+01, 1,2000000000e+01, 5,2000000000e-02, 9,7766100000e+03
 1500459300, 5,5000000000e+01, 2,5606666667e+01, 1,2000000000e+01, 5,4033333333e-02, 9,7779900000e+03
 1500459600, 1,6360000000e+02, 1,2132666667e+02, 2,2860000000e+01, 1,8323000000e+00, 4,5602266667e+04
 1500459900, 2,3701666667e+02, 1,8722666667e+02, 2,9193333333e+01, 5,7388000000e+00, 5,4376026667e+04
 1500460200, 2,4000000000e+02, 1,9200000000e+02, 2,8406666667e+01, 8,5938000000e+00, 5,4377003333e+04
 1500460500, 2,4000000000e+02, 1,9220333333e+02, 2,9796666667e+01, 1,0684116667e+01, 5,4378878333e+04
 1500460800, 2,4000000000e+02, 1,9380333333e+02, 2,8196666667e+01, 1,2110650000e+01, 5,4376311667e+04
 1500461100, 2,4401666667e+02, 1,9400000000e+02, 2,8000000000e+01, 1,3212966667e+01, 5,4375010000e+04
 1500461400, 2,4198333333e+02, 1,9400000000e+02, 2,8000000000e+01, 1,3996100000e+01, 5,4401933333e+04
 1500461700, 2,4201666667e+02, 1,9400000000e+02, 2,8000000000e+01, 1,4555533333e+01, 5,4418196667e+04
 1500462000, 2,4500000000e+02, 1,9400000000e+02, 2,8000000000e+01, 1,4975266667e+01, 5,4420413333e+04
 1500462300, 2,4500000000e+02, 1,9400000000e+02, 2,8000000000e+01, 1,5294800000e+01, 5,4418386667e+04
 1500462600, 2,4500000000e+02, 1,9400000000e+02, 2,8000000000e+01, 1,5506600000e+01, 5,4420806667e+04
 1500462900, 2,4500000000e+02, 1,9400000000e+02, 2,8000000000e+01, 1,5654366667e+01, 5,4418203333e+04
 1500463200, 2,4500000000e+02, 1,9400000000e+02, 2,8000000000e+01, 1,5756266667e+01, 5,4421060000e+04
 1500463500, 2,4500000000e+02, 1,9400000000e+02, 2,8000000000e+01, 1,5832266667e+01, 5,4437200000e+04
 1500463800, 2,4500000000e+02, 1,9440666667e+02, 2,8000000000e+01, 1,5892133333e+01, 5,4438796667e+04
 1500464100, 2,4500000000e+02, 1,9599333333e+02, 2,8000000000e+01, 1,5936100000e+01, 5,4435403333e+04
 1500464400, 2,4500000000e+02, 1,9400000000e+02, 2,8000000000e+01, 1,5954033333e+01, 5,4435600000e+04
 1500464700, 2,4500000000e+02, 1,9560666667e+02, 2,8000000000e+01, 1,5972066667e+01, 5,4437803333e+04
 1500465000, 2,4500000000e+02, 1,9600000000e+02, 2,8000000000e+01, 1,5988033333e+01, 5,4438620000e+04
 1500465300, 2,4500000000e+02, 1,9519333333e+02, 2,8806666667e+01, 1,6010166667e+01, 5,4443013333e+04
 1500465600, 2,4500000000e+02, 1,9400000000e+02, 2,9593333333e+01, 1,6040033333e+01, 5,4443976667e+04
 1500465900, 2,4500000000e+02, 1,9400666667e+02, 2,8000000000e+01, 1,6050000000e+01, 5,4440800000e+04
 1500466200, 2,4500000000e+02, 1,9600000000e+02, 2,8000000000e+01, 1,6050000000e+01, 5,4440600000e+04
 1500466500, 2,4500000000e+02, 1,9600000000e+02, 2,8000000000e+01, 1,6050000000e+01, 5,4439596667e+04
 1500466800, 2,4500000000e+02, 1,9600000000e+02, 2,8000000000e+01, 1,6062100000e+01, 5,4443803333e+04
 1500467100, 2,4500000000e+02, 1,9600000000e+02, 2,8000000000e+01, 1,6073966667e+01, 5,4445046667e+04
 1500467400, 2,4500000000e+02, 1,9559333333e+02, 2,8406666667e+01, 1,6059933333e+01, 5,4453800000e+04
 1500467700, 2,4500000000e+02, 1,9400000000e+02, 2,9993333333e+01, 1,6050000000e+01, 5,4453406667e+04
 1500468000, 2,4500000000e+02, 1,9400000000e+02, 2,8000000000e+01, 1,6050000000e+01, 5,4454206667e+04
 1500468300, 2,4500000000e+02, 1,9560666667e+02, 2,8000000000e+01, 1,6050000000e+01, 5,4452786667e+04
 1500468600, 2,4500000000e+02, 1,9600000000e+02, 2,8000000000e+01, 1,6050000000e+01, 5,4452813333e+04
 1500468900, 2,4500000000e+02, 1,9600000000e+02, 2,8000000000e+01, 1,6050000000e+01, 5,4456820000e+04
 1500469200, 2,4500000000e+02, 1,9559333333e+02, 2,8000000000e+01, 1,6052033333e+01, 5,4465406667e+04
 1500469500, 2,4500000000e+02, 1,9400000000e+02, 2,8006666667e+01, 1,6053966667e+01, 5,4465793333e+04
 1500469800, 2,4500000000e+02, 1,9400000000e+02, 3,0000000000e+01, 1,6047966667e+01, 5,4466203333e+04
 1500470100, 2,4098333333e+02, 1,9400000000e+02, 2,8393333333e+01, 1,6048033333e+01, 5,4465396667e+04
 1500470400, 2,4000000000e+02, 1,9400000000e+02, 2,8000000000e+01, 1,6050000000e+01, 5,4466203333e+04
 1500470700, 2,4201666667e+02, 1,9400000000e+02, 2,8000000000e+01, 1,6054000000e+01, 5,4469616667e+04
 1500471000, 2,4500000000e+02, 1,9400000000e+02, 2,8000000000e+01, 1,6050000000e+01, 5,4471203333e+04
 1500471300, 2,4498333333e+02, 1,9400000000e+02, 2,8000000000e+01, 1,6056000000e+01, 5,4473200000e+04
 1500471600, 2,4000000000e+02, 1,9400000000e+02, 2,8000000000e+01, 1,6066066667e+01, 5,4472593333e+04
 1500471900, 2,4401666667e+02, 1,9400000000e+02, 2,8000000000e+01, 1,6057933333e+01, 5,4470796667e+04
 1500472200, 2,4500000000e+02, 1,9400000000e+02, 2,8000000000e+01, 1,6050000000e+01, 5,4471610000e+04
 1500472500, 2,4500000000e+02, 1,9400000000e+02, 2,8000000000e+01, 1,6050000000e+01, 5,4477426667e+04
 1500472800, 2,4500000000e+02, 1,9400000000e+02, 2,8000000000e+01, 1,6050000000e+01, 5,4480403333e+04
 1500473100, 2,4500000000e+02, 1,9400000000e+02, 2,8000000000e+01, 1,6050000000e+01, 5,4479393333e+04
 1500473400, 2,4500000000e+02, 1,9400000000e+02, 2,8000000000e+01, 1,6050000000e+01, 5,4477996667e+04
 1500473700, 2,4500000000e+02, 1,9400000000e+02, 2,8000000000e+01, 1,6050000000e+01, 5,4479200000e+04
 1500474000, 2,4198333333e+02, 1,9400000000e+02, 2,8000000000e+01, 1,6050000000e+01, 5,4478800000e+04
 1500474300, 2,4201666667e+02, 1,9400000000e+02, 2,8000000000e+01, 1,6050000000e+01, 5,4479800000e+04
 1500474600, 2,4500000000e+02, 1,9400000000e+02, 2,8406666667e+01, 1,6054066667e+01, 5,4478803333e+04
 1500474900, 2,4500000000e+02, 1,9400000000e+02, 3,0000000000e+01, 1,6067966667e+01, 5,4479406667e+04
 1500475200, 2,4500000000e+02, 1,9400000000e+02, 3,0000000000e+01, 1,6053966667e+01, 5,4479396667e+04
 1500475500, 2,4500000000e+02, 1,9400000000e+02, 3,0000000000e+01, 1,6050000000e+01, 5,4479803333e+04
 1500475800, 2,4198333333e+02, 1,9400000000e+02, 2,8793333333e+01, 1,6050000000e+01, 5,4480193333e+04
 1500476100, 2,4000000000e+02, 1,9400000000e+02, 2,8000000000e+01, 1,6052000000e+01, 5,4479193333e+04
 1500476400, 2,4000000000e+02, 1,9400000000e+02, 2,8000000000e+01, 1,6052066667e+01, 5,4479403333e+04
 1500476700, 2,4000000000e+02, 1,9400000000e+02, 2,8000000000e+01, 1,6051966667e+01, 5,4482606667e+04
 1500477000, 2,4000000000e+02, 1,9400000000e+02, 2,8000000000e+01, 1,6050000000e+01, 5,4482000000e+04
 1500477300, 2,4401666667e+02, 1,9400000000e+02, 2,8000000000e+01, 1,6050000000e+01, 5,4481996667e+04
 1500477600, 2,4500000000e+02, 1,9400000000e+02, 2,8000000000e+01, 1,6050000000e+01, 5,4482226667e+04
 1500477900, 2,4500000000e+02, 1,9400000000e+02, 2,8000000000e+01, 1,6052000000e+01, 5,4492010000e+04
 1500478200, 2,4398333333e+02, 1,9400000000e+02, 2,8000000000e+01, 1,6050000000e+01, 5,4492006667e+04
 1500478500, 2,4001666667e+02, 1,9400000000e+02, 2,8000000000e+01, 1,6049966667e+01, 5,4492396667e+04
 1500478800, 2,4500000000e+02, 1,9400000000e+02, 2,8000000000e+01, 1,6048033333e+01, 5,4491393333e+04
 1500479100, 2,4500000000e+02, 1,9400000000e+02, 2,8000000000e+01, 1,6050233333e+01, 5,4490830000e+04
 1500479400, 2,4500000000e+02, 1,9400000000e+02, 2,8000000000e+01, 1,6224833333e+01, 5,4501010000e+04
 1500479700, 2,4500000000e+02, 1,9400000000e+02, 2,8000000000e+01, 1,6456700000e+01, 5,4506410000e+04
 1500480000, 2,4500000000e+02, 1,9400000000e+02, 2,8000000000e+01, 1,6632400000e+01, 5,4506206667e+04
 1500480300, 2,4500000000e+02, 1,9400000000e+02, 2,8000000000e+01, 1,6742333333e+01, 5,4508596667e+04
 1500480600, 2,4500000000e+02, 1,9400000000e+02, 2,8000000000e+01, 1,6830233333e+01, 5,4508593333e+04
 1500480900, 2,4500000000e+02, 1,9400000000e+02, 2,8000000000e+01, 1,6896200000e+01, 5,4508006667e+04
 1500481200, 2,4500000000e+02, 1,9400000000e+02, 2,8000000000e+01, 1,6954133333e+01, 5,4508010000e+04
 1500481500, 2,4500000000e+02, 1,9400000000e+02, 2,8806666667e+01, 1,6986100000e+01, 5,4508796667e+04
 1500481800, 2,4500000000e+02, 1,9400000000e+02, 3,0000000000e+01, 1,7018166667e+01, 5,4509200000e+04
 1500482100, 2,4500000000e+02, 1,9400000000e+02, 3,0000000000e+01, 1,7050033333e+01, 5,4511616667e+04
 1500482400, 2,4500000000e+02, 1,9400000000e+02, 3,0000000000e+01, 1,7057966667e+01, 5,4514206667e+04
 1500482700, 2,4500000000e+02, 1,9400000000e+02, 2,8393333333e+01, 1,7050000000e+01, 5,4513993333e+04
 1500483000, 2,4500000000e+02, 1,9400000000e+02, 2,8000000000e+01, 1,7050000000e+01, 5,4514006667e+04
 1500483300, 2,4500000000e+02, 1,9400000000e+02, 2,8000000000e+01, 1,7050000000e+01, 5,4512806667e+04
 1500483600, 2,4500000000e+02, 1,9400000000e+02, 2,8406666667e+01, 1,7050000000e+01, 5,4515400000e+04
 1500483900, 2,4500000000e+02, 1,9400000000e+02, 3,0000000000e+01, 1,7050066667e+01, 5,4517216667e+04
 1500484200, 2,4500000000e+02, 1,9400000000e+02, 3,0000000000e+01, 1,7061933333e+01, 5,4519376667e+04
 1500484500, 2,4500000000e+02, 1,9400000000e+02, 3,0000000000e+01, 1,7050000000e+01, 5,4515796667e+04
 1500484800, 2,4500000000e+02, 1,9400000000e+02, 2,8793333333e+01, 1,7050000000e+01, 5,4516403333e+04
 1500485100, 2,4500000000e+02, 1,9400000000e+02, 2,8806666667e+01, 1,7052000000e+01, 5,4518603333e+04
 1500485400, 2,4500000000e+02, 1,9400000000e+02, 2,9593333333e+01, 1,7050000000e+01, 5,4517403333e+04
 1500485700, 2,4500000000e+02, 1,9400000000e+02, 2,8000000000e+01, 1,7052000000e+01, 5,4517996667e+04
 1500486000, 2,4500000000e+02, 1,9400000000e+02, 2,8000000000e+01, 1,7052033333e+01, 5,4517600000e+04
 1500486300, 2,4500000000e+02, 1,9400000000e+02, 2,8000000000e+01, 1,7051966667e+01, 5,4518003333e+04
 1500486600, 2,4500000000e+02, 1,9520666667e+02, 2,8000000000e+01, 1,7050000000e+01, 5,4521200000e+04
 1500486900, 2,4500000000e+02, 1,9680666667e+02, 2,7193333333e+01, 1,7054000000e+01, 5,4521423333e+04
 1500487200, 2,4500000000e+02, 1,9718666667e+02, 2,6406666667e+01, 1,7050033333e+01, 5,4525806667e+04
 1500487500, 2,4500000000e+02, 1,9400000000e+02, 2,8000000000e+01, 1,7064033333e+01, 5,4524386667e+04
 1500487800, 2,4500000000e+02, 1,9400000000e+02, 2,8000000000e+01, 1,7058000000e+01, 5,4523200000e+04
 1500488100, 2,4098333333e+02, 1,9400000000e+02, 2,8000000000e+01, 1,7072000000e+01, 5,4522000000e+04
 1500488400, 2,4301666667e+02, 1,9520666667e+02, 2,8000000000e+01, 1,7072033333e+01, 5,4523196667e+04
 1500488700, 2,4500000000e+02, 1,9600000000e+02, 2,8000000000e+01, 1,7080000000e+01, 5,4526220000e+04
 1500489000, 2,4500000000e+02, 1,9559333333e+02, 2,8000000000e+01, 1,7096066667e+01, 5,4529813333e+04
 1500489300, 2,4500000000e+02, 1,9400000000e+02, 2,8000000000e+01, 1,7099833333e+01, 5,4532363333e+04
 1500489600, 2,4500000000e+02, 1,9400000000e+02, 2,8000000000e+01, 1,6935066667e+01, 5,4520793333e+04
 1500489900, 2,4098333333e+02, 1,9400000000e+02, 2,8000000000e+01, 1,6685333333e+01, 5,4519196667e+04
 1500490200, 2,4301666667e+02, 1,9400000000e+02, 2,8000000000e+01, 1,6513566667e+01, 5,4520803333e+04
 1500490500, 2,4500000000e+02, 1,9400000000e+02, 2,8806666667e+01, 1,6401666667e+01, 5,4520196667e+04
 1500490800, 2,4500000000e+02, 1,9400000000e+02, 2,9593333333e+01, 1,6309733333e+01, 5,4519406667e+04
 1500491100, 2,4500000000e+02, 1,9400000000e+02, 2,8000000000e+01, 1,6237833333e+01, 5,4520003333e+04
 1500491400, 2,4500000000e+02, 1,9400000000e+02, 2,8000000000e+01, 1,6197900000e+01, 5,4522403333e+04
 1500491700, 2,4500000000e+02, 1,9400000000e+02, 2,8000000000e+01, 1,6163866667e+01, 5,4523010000e+04
 1500492000, 2,4500000000e+02, 1,9400000000e+02, 2,8000000000e+01, 1,6125933333e+01, 5,4521586667e+04
 1500492300, 2,4500000000e+02, 1,9480666667e+02, 2,8000000000e+01, 1,6121966667e+01, 5,4520596667e+04
 1500492600, 2,4500000000e+02, 1,9559333333e+02, 2,8000000000e+01, 1,6118000000e+01, 5,4520410000e+04
 1500492900, 2,4500000000e+02, 1,9400666667e+02, 2,8000000000e+01, 1,6112000000e+01, 5,4520980000e+04
 1500493200, 2,4500000000e+02, 1,9600000000e+02, 2,8000000000e+01, 1,6108000000e+01, 5,4519413333e+04
 1500493500, 2,4500000000e+02, 1,9439333333e+02, 2,8000000000e+01, 1,6112100000e+01, 5,4519393333e+04
 1500493800, 2,4500000000e+02, 1,9400000000e+02, 2,9206666667e+01, 1,6139966667e+01, 5,4519206667e+04
 1500494100, 2,4500000000e+02, 1,9400000000e+02, 3,0000000000e+01, 1,6123966667e+01, 5,4521203333e+04
 1500494400, 2,4398333333e+02, 1,9400000000e+02, 2,9593333333e+01, 1,6111966667e+01, 5,4520793333e+04
 1500494700, 2,4000000000e+02, 1,9400000000e+02, 2,8000000000e+01, 1,6103933333e+01, 5,4520206667e+04
 1500495000, 2,4000000000e+02, 1,9400000000e+02, 2,8000000000e+01, 1,6087966667e+01, 5,4522196667e+04
 1500495300, 2,4000000000e+02, 1,9400000000e+02, 2,8000000000e+01, 1,6075933333e+01, 5,4521200000e+04
 1500495600, 2,4000000000e+02, 1,9400000000e+02, 2,8000000000e+01, 1,6053966667e+01, 5,4520196667e+04
 1500495900, 2,4201666667e+02, 1,9400000000e+02, 2,8806666667e+01, 1,6050000000e+01, 5,4520606667e+04
 1500496200, 2,4500000000e+02, 1,9400000000e+02, 3,0000000000e+01, 1,6050033333e+01, 5,4523223333e+04
 1500496500, 2,4500000000e+02, 1,9400000000e+02, 2,9993333333e+01, 1,6064033333e+01, 5,4521370000e+04
 1500496800, 2,4500000000e+02, 1,9400000000e+02, 2,8000000000e+01, 1,6055933333e+01, 5,4519000000e+04
 1500497100, 2,4500000000e+02, 1,9400000000e+02, 2,9606666667e+01, 1,6050000000e+01, 5,4518606667e+04
 1500497400, 2,4500000000e+02, 1,9400000000e+02, 2,8793333333e+01, 1,6047966667e+01, 5,4521003333e+04
 1500497700, 2,4500000000e+02, 1,9400000000e+02, 2,8806666667e+01, 1,6046033333e+01, 5,4521190000e+04
 1500498000, 2,4500000000e+02, 1,9400000000e+02, 3,0000000000e+01, 1,6050000000e+01, 5,4519613333e+04
 1500498300, 2,4500000000e+02, 1,9400000000e+02, 3,0000000000e+01, 1,6050033333e+01, 5,4520803333e+04
 1500498600, 2,4500000000e+02, 1,9400000000e+02, 3,0000000000e+01, 1,6055966667e+01, 5,4524796667e+04
 1500498900, 2,4098333333e+02, 1,9400000000e+02, 2,8393333333e+01, 1,6050000000e+01, 5,4520403333e+04
 1500499200, 2,4301666667e+02, 1,9400000000e+02, 2,8000000000e+01, 1,6050033333e+01, 5,4520206667e+04
 1500499500, 2,4298333333e+02, 1,9400000000e+02, 2,8000000000e+01, 1,6056033333e+01, 5,4520976667e+04
 1500499800, 2,4101666667e+02, 1,9400000000e+02, 2,8406666667e+01, 1,6074000000e+01, 5,4519816667e+04
 1500500100, 2,4500000000e+02, 1,9400000000e+02, 3,0000000000e+01, 1,6065966667e+01, 5,4523186667e+04
 1500500400, 2,4500000000e+02, 1,9400000000e+02, 3,0000000000e+01, 1,6055966667e+01, 5,4519593333e+04
 1500500700, 2,4500000000e+02, 1,9400000000e+02, 3,0000000000e+01, 1,6054000000e+01, 5,4518996667e+04
 1500501000, 2,4500000000e+02, 1,9400000000e+02, 3,0000000000e+01, 1,6052000000e+01, 5,4519800000e+04
 1500501300, 2,4500000000e+02, 1,9400000000e+02, 3,0000000000e+01, 1,6050000000e+01, 5,4526033333e+04
 1500501600, 2,4500000000e+02, 1,9400000000e+02, 3,0000000000e+01, 1,6050000000e+01, 5,4529406667e+04
 1500501900, 2,4498333333e+02, 1,9399333333e+02, 2,9993333333e+01, 1,6052000000e+01, 5,4530796667e+04
 1500502200, 2,4000000000e+02, 1,9200000000e+02, 2,8000000000e+01, 1,6050000000e+01, 5,4530596667e+04
 1500502500, 2,4000000000e+02, 1,9200000000e+02, 2,8000000000e+01, 1,6050000000e+01, 5,4529793333e+04
 1500502800, 2,4301666667e+02, 1,9200000000e+02, 2,9206666667e+01, 1,6056000000e+01, 5,4526003333e+04
 1500503100, 2,4500000000e+02, 1,9200000000e+02, 3,0000000000e+01, 1,6050000000e+01, 5,4527996667e+04
 1500503400, 2,4500000000e+02, 1,9200000000e+02, 3,0000000000e+01, 1,6050000000e+01, 5,4528210000e+04
 1500503700, 2,4498333333e+02, 1,9200000000e+02, 2,9993333333e+01, 1,6050000000e+01, 5,4529200000e+04
 1500504000, 2,4000000000e+02, 1,9200000000e+02, 2,8000000000e+01, 1,6050000000e+01, 5,4529203333e+04
 1500504300, 2,4401666667e+02, 1,9200000000e+02, 2,9606666667e+01, 1,6050000000e+01, 5,4531206667e+04
 1500504600, 2,4500000000e+02, 1,9200000000e+02, 3,0000000000e+01, 1,6050000000e+01, 5,4531190000e+04
 1500504900, 2,4298333333e+02, 1,9200000000e+02, 2,9193333333e+01, 1,6052000000e+01, 5,4530010000e+04
 1500505200, 2,4101666667e+02, 1,9200000000e+02, 2,8406666667e+01, 1,6054033333e+01, 5,4535390000e+04
 1500505500, 2,4498333333e+02, 1,9200000000e+02, 3,0000000000e+01, 1,6062066667e+01, 5,4531606667e+04
 1500505800, 2,4000000000e+02, 1,9200000000e+02, 3,0000000000e+01, 1,6090066667e+01, 5,4531200000e+04
 1500506100, 2,4000000000e+02, 1,9200000000e+02, 2,8393333333e+01, 1,6091966667e+01, 5,4531196667e+04
 1500506400, 2,4000000000e+02, 1,9200000000e+02, 2,9206666667e+01, 1,6083933333e+01, 5,4530396667e+04
 1500506700, 2,4201666667e+02, 1,9200000000e+02, 3,0000000000e+01, 1,6078033333e+01, 5,4529000000e+04
 1500507000, 2,4500000000e+02, 1,9200000000e+02, 3,0000000000e+01, 1,6067933333e+01, 5,4530203333e+04
 1500507300, 2,4498333333e+02, 1,9200000000e+02, 2,9993333333e+01, 1,6052000000e+01, 5,4531003333e+04
 1500507600, 2,4000000000e+02, 1,9200000000e+02, 2,8000000000e+01, 1,6052000000e+01, 5,4531396667e+04
 1500507900, 2,4401666667e+02, 1,9360666667e+02, 2,8000000000e+01, 1,6051966667e+01, 5,4532010000e+04
 1500508200, 2,4198333333e+02, 1,9279333333e+02, 2,9206666667e+01, 1,6050000000e+01, 5,4532786667e+04
 1500508500, 2,4000000000e+02, 1,9200000000e+02, 2,9193333333e+01, 1,6050000000e+01, 5,4530400000e+04
 1500508800, 2,4101666667e+02, 1,9200000000e+02, 2,8406666667e+01, 1,6052000000e+01, 5,4528803333e+04
 1500509100, 2,4500000000e+02, 1,9200000000e+02, 3,0000000000e+01, 1,6052033333e+01, 5,4530006667e+04
 1500509400, 2,4500000000e+02, 1,9200000000e+02, 3,0000000000e+01, 1,6055966667e+01, 5,4531196667e+04
 1500509700, 2,4098333333e+02, 1,9200000000e+02, 2,8393333333e+01, 1,6050000000e+01, 5,4532206667e+04
 1500510000, 2,4000000000e+02, 1,9200000000e+02, 2,9206666667e+01, 1,6052033333e+01, 5,4532196667e+04
 1500510300, 2,4000000000e+02, 1,9200000000e+02, 3,0000000000e+01, 1,6052000000e+01, 5,4532810000e+04
 1500510600, 2,4000000000e+02, 1,9200000000e+02, 2,9593333333e+01, 1,6051966667e+01, 5,4535000000e+04
 1500510900, 2,4000000000e+02, 1,9200666667e+02, 2,8000000000e+01, 1,6050000000e+01, 5,4535396667e+04
 1500511200, 2,4000000000e+02, 1,9400000000e+02, 2,8000000000e+01, 1,6052033333e+01, 5,4535200000e+04
 1500511500, 2,4000000000e+02, 1,9400000000e+02, 2,8000000000e+01, 1,6053966667e+01, 5,4533430000e+04
 1500511800, 2,4000000000e+02, 1,9279333333e+02, 2,9206666667e+01, 1,6050000000e+01, 5,4537176667e+04
 1500512100, 2,4000000000e+02, 1,9200000000e+02, 3,0000000000e+01, 1,6054033333e+01, 5,4535806667e+04
 1500512400, 2,4000000000e+02, 1,9200000000e+02, 3,0000000000e+01, 1,6051966667e+01, 5,4536400000e+04
 1500512700, 2,4000000000e+02, 1,9200000000e+02, 3,0000000000e+01, 1,6050000000e+01, 5,4535996667e+04
 1500513000, 2,4000000000e+02, 1,9200000000e+02, 3,0000000000e+01, 1,6050000000e+01, 5,4539226667e+04
 1500513300, 2,4000000000e+02, 1,9200000000e+02, 3,0000000000e+01, 1,6050000000e+01, 5,4541800000e+04
 1500513600, 2,4000000000e+02, 1,9320666667e+02, 3,0000000000e+01, 1,6050033333e+01, 5,4542193333e+04
 1500513900, 2,4000000000e+02, 1,9319333333e+02, 3,0000000000e+01, 1,6068033333e+01, 5,4541820000e+04
 1500514200, 2,4000000000e+02, 1,9200000000e+02, 3,0000000000e+01, 1,6059933333e+01, 5,4542993333e+04
 1500514500, 2,4001666667e+02, 1,9200000000e+02, 3,0000000000e+01, 1,6046000000e+01, 5,4541176667e+04
 1500514800, 2,4500000000e+02, 1,9200000000e+02, 3,0000000000e+01, 1,6050000000e+01, 5,4541196667e+04
 1500515100, 2,4500000000e+02, 1,9200000000e+02, 3,0000000000e+01, 1,6052000000e+01, 5,4538806667e+04
 1500515400, 2,4500000000e+02, 1,9200000000e+02, 3,0000000000e+01, 1,6054000000e+01, 5,4542403333e+04
 1500515700, 2,4298333333e+02, 1,9200000000e+02, 3,0000000000e+01, 1,6052000000e+01, 5,4543016667e+04
 1500516000, 2,4000000000e+02, 1,9200000000e+02, 2,9593333333e+01, 1,6050000000e+01, 5,4544583333e+04
 1500516300, 2,4000000000e+02, 1,9200000000e+02, 2,8000000000e+01, 1,6048000000e+01, 5,4542603333e+04
 1500516600, 2,4000000000e+02, 1,9200000000e+02, 2,8000000000e+01, 1,6050000000e+01, 5,4543400000e+04
 1500516900, 2,4000000000e+02, 1,9200000000e+02, 2,9606666667e+01, 1,6050000000e+01, 5,4544406667e+04
 1500517200, 2,4000000000e+02, 1,9200000000e+02, 3,0000000000e+01, 1,6050000000e+01, 5,4546203333e+04
 1500517500, 2,4000000000e+02, 1,9200000000e+02, 3,0000000000e+01, 1,6050000000e+01, 5,4546193333e+04
 1500517800, 2,4000000000e+02, 1,9200000000e+02, 3,0000000000e+01, 1,6050000000e+01, 5,4544196667e+04
 1500518100, 2,4000000000e+02, 1,9200000000e+02, 2,9993333333e+01, 1,6050000000e+01, 5,4542196667e+04
 1500518400, 2,4000000000e+02, 1,9200000000e+02, 2,8000000000e+01, 1,6050000000e+01, 5,4541596667e+04
 1500518700, 2,4000000000e+02, 1,9200000000e+02, 2,8000000000e+01, 1,6054033333e+01, 5,4542026667e+04
 1500519000, 2,4000000000e+02, 1,9200000000e+02, 2,8000000000e+01, 1,6053966667e+01, 5,4543590000e+04
 1500519300, 2,4000000000e+02, 1,9200000000e+02, 2,8806666667e+01, 1,6050000000e+01, 5,4547633333e+04
 1500519600, 2,4000000000e+02, 1,9240666667e+02, 3,0000000000e+01, 1,6050000000e+01, 5,4549770000e+04
 1500519900, 2,4000000000e+02, 1,9399333333e+02, 2,9993333333e+01, 1,6050000000e+01, 5,4548000000e+04
 1500520200, 2,4000000000e+02, 1,9200000000e+02, 2,8000000000e+01, 1,6050000000e+01, 5,4548600000e+04
 1500520500, 2,4000000000e+02, 1,9360666667e+02, 2,8000000000e+01, 1,6050000000e+01, 5,4550213333e+04
 1500520800, 2,4000000000e+02, 1,9279333333e+02, 2,9206666667e+01, 1,6050000000e+01, 5,4549996667e+04
 1500521100, 2,4000000000e+02, 1,9200000000e+02, 3,0000000000e+01, 1,6050000000e+01, 5,4550600000e+04
 1500521400, 2,4000000000e+02, 1,9200000000e+02, 2,9593333333e+01, 1,6050066667e+01, 5,4550433333e+04
 1500521700, 2,4000000000e+02, 1,9200000000e+02, 2,8006666667e+01, 1,6061966667e+01, 5,4552766667e+04
 1500522000, 2,4000000000e+02, 1,9200000000e+02, 3,0000000000e+01, 1,6051966667e+01, 5,4552010000e+04
 1500522300, 2,4000000000e+02, 1,9200000000e+02, 3,0000000000e+01, 1,6052000000e+01, 5,4552803333e+04
 1500522600, 2,4000000000e+02, 1,9200000000e+02, 3,0000000000e+01, 1,6050000000e+01, 5,4553190000e+04
 1500522900, 2,4000000000e+02, 1,9200000000e+02, 3,0000000000e+01, 1,6062066667e+01, 5,4552403333e+04
 1500523200, 2,4000000000e+02, 1,9200000000e+02, 3,0000000000e+01, 1,6062000000e+01, 5,4554403333e+04
 1500523500, 2,4000000000e+02, 1,9200000000e+02, 3,0000000000e+01, 1,6057933333e+01, 5,4554596667e+04
 1500523800, 2,4000000000e+02, 1,9200000000e+02, 3,0000000000e+01, 1,6050000000e+01, 5,4551996667e+04
 1500524100, 2,4000000000e+02, 1,9200000000e+02, 2,8393333333e+01, 1,6050000000e+01, 5,4551803333e+04
 1500524400, 2,4301666667e+02, 1,9200000000e+02, 2,9206666667e+01, 1,6052033333e+01, 5,4553400000e+04
 1500524700, 2,4500000000e+02, 1,9200000000e+02, 3,0000000000e+01, 1,6060000000e+01, 5,4553000000e+04
 1500525000, 2,4500000000e+02, 1,9200000000e+02, 3,0000000000e+01, 1,6057966667e+01, 5,4553003333e+04
 1500525300, 2,4500000000e+02, 1,9200000000e+02, 3,0000000000e+01, 1,6050000000e+01, 5,4554400000e+04
 1500525600, 2,4500000000e+02, 1,9200000000e+02, 3,0000000000e+01, 1,6050000000e+01, 5,4553396667e+04
 1500525900, 2,4098333333e+02, 1,9200000000e+02, 3,0000000000e+01, 1,6052000000e+01, 5,4552800000e+04
 1500526200, 2,4000000000e+02, 1,9200000000e+02, 3,0000000000e+01, 1,6054033333e+01, 5,4553403333e+04
 1500526500, 2,4000000000e+02, 1,9200000000e+02, 3,0000000000e+01, 1,6055966667e+01, 5,4554406667e+04
 1500526800, 2,4000000000e+02, 1,9200000000e+02, 3,0000000000e+01, 1,6052000000e+01, 5,4553993333e+04
 1500527100, 2,4000000000e+02, 1,9200000000e+02, 3,0000000000e+01, 1,6048000000e+01, 5,4552010000e+04
 1500527400, 2,4000000000e+02, 1,9200000000e+02, 3,0000000000e+01, 1,6052000000e+01, 5,4553600000e+04
 1500527700, 2,4000000000e+02, 1,9200000000e+02, 2,8393333333e+01, 1,6050066667e+01, 5,4554400000e+04
 1500528000, 2,4000000000e+02, 1,9200000000e+02, 2,8000000000e+01, 1,6057966667e+01, 5,4553393333e+04
 1500528300, 2,4000000000e+02, 1,9200000000e+02, 2,8806666667e+01, 1,6051966667e+01, 5,4553606667e+04
 1500528600, 2,4000000000e+02, 1,9200000000e+02, 3,0000000000e+01, 1,6050000000e+01, 5,4553796667e+04
 1500528900, 2,4001666667e+02, 1,9200000000e+02, 3,0000000000e+01, 1,6050000000e+01, 5,4553003333e+04
 1500529200, 2,4500000000e+02, 1,9200000000e+02, 3,0000000000e+01, 1,6050000000e+01, 5,4555413333e+04
 1500529500, 2,4098333333e+02, 1,9200000000e+02, 3,0000000000e+01, 1,6045966667e+01, 5,4557403333e+04
 1500529800, 2,4000000000e+02, 1,9200000000e+02, 3,0000000000e+01, 1,6048033333e+01, 5,4557183333e+04
 1500530100, 2,4000000000e+02, 1,9200000000e+02, 2,9193333333e+01, 1,6054000000e+01, 5,4554793333e+04
 1500530400, 2,4000000000e+02, 1,9200000000e+02, 2,8406666667e+01, 1,6050000000e+01, 5,4563636667e+04
 1500530700, 2,4000000000e+02, 1,9200000000e+02, 2,9993333333e+01, 1,6050000000e+01, 5,4565396667e+04
 1500531000, 2,4000000000e+02, 1,9200000000e+02, 2,8000000000e+01, 1,6050000000e+01, 5,4565600000e+04
 1500531300, 2,4000000000e+02, 1,9200000000e+02, 2,8000000000e+01, 1,6054033333e+01, 5,4565803333e+04
 1500531600, 2,4000000000e+02, 1,9200000000e+02, 2,8000000000e+01, 1,6051966667e+01, 5,4565400000e+04
 1500531900, 2,4000000000e+02, 1,9200000000e+02, 2,8806666667e+01, 1,6052000000e+01, 5,4567200000e+04
 1500532200, 2,4000000000e+02, 1,9200000000e+02, 3,0000000000e+01, 1,6050000000e+01, 5,4564800000e+04
 1500532500, 2,4001666667e+02, 1,9200000000e+02, 3,0000000000e+01, 1,6052000000e+01, 5,4569623333e+04
 1500532800, 2,4500000000e+02, 1,9200000000e+02, 3,0000000000e+01, 1,6050000000e+01, 5,4569783333e+04
 1500533100, 2,4500000000e+02, 1,9200000000e+02, 3,0000000000e+01, 1,6050000000e+01, 5,4568613333e+04
 1500533400, 2,4500000000e+02, 1,9200000000e+02, 3,0000000000e+01, 1,6054033333e+01, 5,4568396667e+04
 1500533700, 2,4298333333e+02, 1,9200000000e+02, 3,0000000000e+01, 1,6059966667e+01, 5,4574226667e+04
 1500534000, 2,4000000000e+02, 1,9200000000e+02, 2,9593333333e+01, 1,6050000000e+01, 5,4575193333e+04
 1500534300, 2,4000000000e+02, 1,9200000000e+02, 2,8000000000e+01, 1,6052000000e+01, 5,4575203333e+04
 1500534600, 2,4000000000e+02, 1,9200000000e+02, 2,8000000000e+01, 1,6050033333e+01, 5,4575196667e+04
 1500534900, 2,4000000000e+02, 1,9200000000e+02, 2,9606666667e+01, 1,6051966667e+01, 5,4575203333e+04
 1500535200, 2,4000000000e+02, 1,9200000000e+02, 3,0000000000e+01, 1,6050000000e+01, 5,4577305000e+04
 1500535500, 2,4000000000e+02, 1,9200000000e+02, 3,0000000000e+01, 1,6052000000e+01, 5,4578925000e+04
 1500535800, 2,4101666667e+02, 1,9200000000e+02, 3,0000000000e+01, 1,6050033333e+01, 5,4580783333e+04
 1500536100, 2,4498333333e+02, 1,9200000000e+02, 3,0000000000e+01, 1,6055966667e+01, 5,4577200000e+04
 1500536400, 2,4000000000e+02, 1,9200000000e+02, 3,0000000000e+01, 1,6052000000e+01, 5,4577193333e+04
 1500536700, 2,4000000000e+02, 1,9200000000e+02, 2,8393333333e+01, 1,6054066667e+01, 5,4577003333e+04
 1500537000, 2,4000000000e+02, 1,9200000000e+02, 2,9206666667e+01, 1,6076000000e+01, 5,4577400000e+04
 1500537300, 2,4000000000e+02, 1,9200000000e+02, 3,0000000000e+01, 1,6065933333e+01, 5,4576803333e+04
 1500537600, 2,4101666667e+02, 1,9200000000e+02, 3,0000000000e+01, 1,6060033333e+01, 5,4578006667e+04
 1500537900, 2,4498333333e+02, 1,9200000000e+02, 3,0000000000e+01, 1,6054000000e+01, 5,4579390000e+04
 1500538200, 2,4000000000e+02, 1,9200000000e+02, 3,0000000000e+01, 1,6053966667e+01, 5,4578101667e+04
 1500538500, 2,4000000000e+02, 1,9200000000e+02, 3,0000000000e+01, 1,6055966667e+01, 5,4581501667e+04
 1500538800, 2,4000000000e+02, 1,9200000000e+02, 3,0000000000e+01, 1,6050000000e+01, 5,4580386667e+04
 1500539100, 2,4000000000e+02, 1,9200000000e+02, 3,0000000000e+01, 1,6050033333e+01, 5,4577193333e+04
 1500539400, 2,4000000000e+02, 1,9200000000e+02, 2,9593333333e+01, 1,6059966667e+01, 5,4576800000e+04
 1500539700, 2,4000000000e+02, 1,9200000000e+02, 2,8006666667e+01, 1,6054000000e+01, 5,4578006667e+04
 1500540000, 2,4000000000e+02, 1,9200000000e+02, 3,0000000000e+01, 1,6050000000e+01, 5,4578800000e+04
 1500540300, 2,4000000000e+02, 1,9200000000e+02, 3,0000000000e+01, 1,6052000000e+01, 5,4577593333e+04
 1500540600, 2,4000000000e+02, 1,9200000000e+02, 3,0000000000e+01, 1,6050000000e+01, 5,4578206667e+04
 1500540900, 2,4000000000e+02, 1,9200000000e+02, 3,0000000000e+01, 1,6052000000e+01, 5,4578803333e+04
 1500541200, 2,4101666667e+02, 1,9200000000e+02, 3,0000000000e+01, 1,6052000000e+01, 5,4579200000e+04
 1500541500, 2,4500000000e+02, 1,9200666667e+02, 3,0000000000e+01, 1,6050000000e+01, 5,4578196667e+04
 1500541800, 2,4500000000e+02, 1,9400000000e+02, 3,0000000000e+01, 1,6050000000e+01, 5,4579200000e+04
 1500542100, 2,4098333333e+02, 1,9239333333e+02, 3,0000000000e+01, 1,6050000000e+01, 5,4579206667e+04
 1500542400, 2,4301666667e+02, 1,9200000000e+02, 3,0000000000e+01, 1,6056000000e+01, 5,4580400000e+04
 1500542700, 2,4500000000e+02, 1,9200000000e+02, 3,0000000000e+01, 1,6050000000e+01, 5,4580603333e+04
 1500543000, 2,4500000000e+02, 1,9200000000e+02, 3,0000000000e+01, 1,6052000000e+01, 5,4580796667e+04
 1500543300, 2,4500000000e+02, 1,9200000000e+02, 3,0000000000e+01, 1,6050000000e+01, 5,4580400000e+04
 1500543600, 2,4500000000e+02, 1,9200000000e+02, 3,0000000000e+01, 1,6054033333e+01, 5,4580610000e+04
 1500543900, 2,4500000000e+02, 1,9200000000e+02, 3,0000000000e+01, 1,6051966667e+01, 5,4580796667e+04
 1500544200, 2,4500000000e+02, 1,9200000000e+02, 3,0000000000e+01, 1,6050000000e+01, 5,4580600000e+04
 1500544500, 2,4500000000e+02, 1,9200000000e+02, 3,0806666667e+01, 1,6050000000e+01, 5,4579790000e+04
 1500544800, 2,4398333333e+02, 1,9200000000e+02, 3,1593333333e+01, 1,6050000000e+01, 5,4580423333e+04
 1500545100, 2,4001666667e+02, 1,9200000000e+02, 3,0000000000e+01, 1,6050000000e+01, 5,4588196667e+04
 1500545400, 2,4500000000e+02, 1,9200000000e+02, 3,0000000000e+01, 1,6050000000e+01, 5,4588000000e+04
 1500545700, 2,4500000000e+02, 1,9360666667e+02, 3,0000000000e+01, 1,6050000000e+01, 5,4587800000e+04
 1500546000, 2,4500000000e+02, 1,9279333333e+02, 3,0000000000e+01, 1,6050000000e+01, 5,4588203333e+04
 1500546300, 2,4298333333e+02, 1,9200000000e+02, 3,0000000000e+01, 1,6050000000e+01, 5,4589803333e+04
 1500546600, 2,4000000000e+02, 1,9200000000e+02, 2,9593333333e+01, 1,6052000000e+01, 5,4588403333e+04
 1500546900, 2,4001666667e+02, 1,9200666667e+02, 2,8006666667e+01, 1,6047966667e+01, 5,4589200000e+04
 1500547200, 2,4500000000e+02, 1,9400000000e+02, 3,0000000000e+01, 1,6048033333e+01, 5,4591200000e+04
 1500547500, 2,4500000000e+02, 1,9400000000e+02, 3,0000000000e+01, 1,6050000000e+01, 5,4590593333e+04
 1500547800, 2,4500000000e+02, 1,9400000000e+02, 3,0000000000e+01, 1,6050000000e+01, 5,4588810000e+04
 1500548100, 2,4298333333e+02, 1,9319333333e+02, 3,0000000000e+01, 1,6050000000e+01, 5,4589403333e+04
 1500548400, 2,4000000000e+02, 1,9200000000e+02, 3,0000000000e+01, 1,6050000000e+01, 5,4591196667e+04
 1500548700, 2,4000000000e+02, 1,9200000000e+02, 3,0000000000e+01, 1,6050000000e+01, 5,4595420000e+04
 1500549000, 2,4000000000e+02, 1,9200000000e+02, 3,0000000000e+01, 1,6050000000e+01, 5,4598000000e+04
 1500549300, 2,4000000000e+02, 1,9200000000e+02, 3,0000000000e+01, 1,6052066667e+01, 5,4598420000e+04
 1500549600, 2,4000000000e+02, 1,9200000000e+02, 3,0000000000e+01, 1,6063933333e+01, 5,4598006667e+04
 1500549900, 2,4201666667e+02, 1,9200000000e+02, 3,0000000000e+01, 1,6050000000e+01, 5,4597783333e+04
 1500550200, 2,4398333333e+02, 1,9200000000e+02, 3,0000000000e+01, 1,6050000000e+01, 5,4596823333e+04
 1500550500, 2,4001666667e+02, 1,9200000000e+02, 3,0000000000e+01, 1,6052000000e+01, 5,4602813333e+04
 1500550800, 2,4500000000e+02, 1,9200000000e+02, 3,0000000000e+01, 1,6062000000e+01, 5,4606400000e+04
 1500551100, 2,4500000000e+02, 1,9360666667e+02, 3,0000000000e+01, 1,6050033333e+01, 5,4604196667e+04
 1500551400, 2,4198333333e+02, 1,9279333333e+02, 3,0000000000e+01, 1,6054000000e+01, 5,4606000000e+04
 1500551700, 2,4000000000e+02, 1,9200000000e+02, 2,9193333333e+01, 1,6062000000e+01, 5,4605200000e+04
 1500552000, 2,4000000000e+02, 1,9200000000e+02, 2,8406666667e+01, 1,6055966667e+01, 5,4604400000e+04
 1500552300, 2,4000000000e+02, 1,9200000000e+02, 3,0000000000e+01, 1,6050000000e+01, 5,4607423333e+04
 1500552600, 2,4000000000e+02, 1,9200000000e+02, 3,0000000000e+01, 1,6050000000e+01, 5,4613203333e+04
 1500552900, 2,4401666667e+02, 1,9200000000e+02, 3,1606666667e+01, 1,6054033333e+01, 5,4612200000e+04
 1500553200, 2,4500000000e+02, 1,9200000000e+02, 3,0793333333e+01, 1,6057966667e+01, 5,4612400000e+04
 1500553500, 2,4500000000e+02, 1,9200000000e+02, 3,0000000000e+01, 1,6056033333e+01, 5,4611996667e+04
 1500553800, 2,4500000000e+02, 1,9200000000e+02, 3,0000000000e+01, 1,6055966667e+01, 5,4612803333e+04
 1500554100, 2,4498333333e+02, 1,9200000000e+02, 3,0000000000e+01, 1,6050000000e+01, 5,4612823333e+04
 1500554400, 2,4000000000e+02, 1,9200000000e+02, 3,0000000000e+01, 1,6050000000e+01, 5,4619996667e+04
 1500554700, 2,4000000000e+02, 1,9200000000e+02, 2,8393333333e+01, 1,6052000000e+01, 5,4619006667e+04
 1500555000, 2,4301666667e+02, 1,9200000000e+02, 2,9206666667e+01, 1,6050000000e+01, 5,4619796667e+04
 1500555300, 2,4298333333e+02, 1,9200000000e+02, 2,9193333333e+01, 1,6050000000e+01, 5,4620810000e+04
 1500555600, 2,4000000000e+02, 1,9200000000e+02, 2,8406666667e+01, 1,6056066667e+01, 5,4622206667e+04
 1500555900, 2,4001666667e+02, 1,9200666667e+02, 3,0000000000e+01, 1,6064000000e+01, 5,4622986667e+04
 1500556200, 2,4500000000e+02, 1,9400000000e+02, 3,0000000000e+01, 1,6053966667e+01, 5,4626613333e+04
 1500556500, 2,4098333333e+02, 1,9400000000e+02, 2,8393333333e+01, 1,6052000000e+01, 5,4628403333e+04
 1500556800, 2,4301666667e+02, 1,9400000000e+02, 2,9206666667e+01, 1,6050000000e+01, 5,4628993333e+04
 1500557100, 2,4500000000e+02, 1,9319333333e+02, 3,0806666667e+01, 1,6056033333e+01, 5,4629006667e+04
 1500557400, 2,4500000000e+02, 1,9200000000e+02, 3,1593333333e+01, 1,6055966667e+01, 5,4626996667e+04
 1500557700, 2,4500000000e+02, 1,9200000000e+02, 3,0000000000e+01, 1,6052000000e+01, 5,4627203333e+04
 1500558000, 2,4500000000e+02, 1,9200000000e+02, 3,0000000000e+01, 1,6048000000e+01, 5,4630016667e+04
 1500558300, 2,4500000000e+02, 1,9200000000e+02, 3,0000000000e+01, 1,6050000000e+01, 5,4633403333e+04
 1500558600, 2,4198333333e+02, 1,9200000000e+02, 3,1206666667e+01, 1,6050000000e+01, 5,4633403333e+04
 1500558900, 2,4000000000e+02, 1,9200000000e+02, 3,1193333333e+01, 1,6048000000e+01, 5,4633800000e+04
 1500559200, 2,4000000000e+02, 1,9200000000e+02, 3,0000000000e+01, 1,6052000000e+01, 5,4634613333e+04
 1500559500, 2,4000000000e+02, 1,9200000000e+02, 3,0006666667e+01, 1,6050000000e+01, 5,4635820000e+04
 1500559800, 2,4000000000e+02, 1,9200000000e+02, 3,2000000000e+01, 1,6060066667e+01, 5,4637000000e+04
 1500560100, 2,4000000000e+02, 1,9200000000e+02, 3,0393333333e+01, 1,6055933333e+01, 5,4642996667e+04
 1500560400, 2,4000000000e+02, 1,9200000000e+02, 3,0000000000e+01, 1,6056066667e+01, 5,4642996667e+04
 1500560700, 2,4201666667e+02, 1,9200000000e+02, 3,0806666667e+01, 1,6065966667e+01, 5,4643603333e+04
 1500561000, 2,4398333333e+02, 1,9200000000e+02, 3,1593333333e+01, 1,6058033333e+01, 5,4642790000e+04
 1500561300, 2,4000000000e+02, 1,9200000000e+02, 3,0000000000e+01, 1,6068000000e+01, 5,4641413333e+04
 1500561600, 2,4000000000e+02, 1,9200000000e+02, 3,0000000000e+01, 1,6063966667e+01, 5,4643593333e+04
 1500561900, 2,4401666667e+02, 1,9200000000e+02, 3,0000000000e+01, 1,6060000000e+01, 5,4647223333e+04
 1500562200, 2,4500000000e+02, 1,9200000000e+02, 3,1206666667e+01, 1,6053966667e+01, 5,4651600000e+04
 1500562500, 2,4298333333e+02, 1,9200000000e+02, 3,1193333333e+01, 1,6054000000e+01, 5,4649996667e+04
 1500562800, 2,4000000000e+02, 1,9200000000e+02, 2,9593333333e+01, 1,6054000000e+01, 5,4649803333e+04
 1500563100, 2,4000000000e+02, 1,9199333333e+02, 2,8006666667e+01, 1,6052000000e+01, 5,4650206667e+04
 1500563400, 2,4000000000e+02, 1,9000000000e+02, 3,0000000000e+01, 1,6048000000e+01, 5,4650403333e+04
 1500563700, 2,4000000000e+02, 1,9160666667e+02, 3,0000000000e+01, 1,6050033333e+01, 5,4651990000e+04
 1500564000, 2,4301666667e+02, 1,9200000000e+02, 3,0000000000e+01, 1,6053966667e+01, 5,4650003333e+04
 1500564300, 2,4298333333e+02, 1,9200000000e+02, 3,0000000000e+01, 1,6050000000e+01, 5,4650606667e+04
 1500564600, 2,4000000000e+02, 1,9200000000e+02, 3,0000000000e+01, 1,6052000000e+01, 5,4650990000e+04
 1500564900, 2,4000000000e+02, 1,9200000000e+02, 3,0000000000e+01, 1,6050000000e+01, 5,4650806667e+04
 1500565200, 2,4000000000e+02, 1,9200000000e+02, 3,0000000000e+01, 1,6050033333e+01, 5,4653196667e+04
 1500565500, 2,4000000000e+02, 1,9200000000e+02, 3,0000000000e+01, 1,6060166667e+01, 5,4652430000e+04
 1500565800, 2,4000000000e+02, 1,9320666667e+02, 2,8793333333e+01, 1,6228900000e+01, 5,4662010000e+04
 1500566100, 2,4000000000e+02, 1,9319333333e+02, 2,8806666667e+01, 1,6476700000e+01, 5,4663590000e+04
 1500566400, 2,4000000000e+02, 1,9200000000e+02, 3,0000000000e+01, 1,6650500000e+01, 5,4662210000e+04
 1500566700, 2,4000000000e+02, 1,9200000000e+02, 3,0000000000e+01, 1,6780300000e+01, 5,4662793333e+04
 1500567000, 2,4000000000e+02, 1,9200000000e+02, 3,0000000000e+01, 1,6858133333e+01, 5,4661603333e+04
 1500567300, 2,4000000000e+02, 1,9200000000e+02, 3,0000000000e+01, 1,6908166667e+01, 5,4660403333e+04
 1500567600, 2,4000000000e+02, 1,9079333333e+02, 3,1206666667e+01, 1,6958100000e+01, 5,4661213333e+04
 1500567900, 2,4000000000e+02, 1,9000000000e+02, 3,2000000000e+01, 1,6974033333e+01, 5,4661190000e+04
 1500568200, 2,4000000000e+02, 1,9040666667e+02, 3,2000000000e+01, 1,6990133333e+01, 5,4660196667e+04
 1500568500, 2,4000000000e+02, 1,9200000000e+02, 3,2000000000e+01, 1,7032133333e+01, 5,4662806667e+04
 1500568800, 2,4000000000e+02, 1,9200000000e+02, 3,2000000000e+01, 1,7060000000e+01, 5,4662200000e+04
 1500569100, 2,4000000000e+02, 1,9039333333e+02, 3,0393333333e+01, 1,7064100000e+01, 5,4661603333e+04
 1500569400, 2,4000000000e+02, 1,9120666667e+02, 3,0000000000e+01, 1,7085966667e+01, 5,4659390000e+04
 1500569700, 2,4000000000e+02, 1,9200000000e+02, 2,9193333333e+01, 1,7082033333e+01, 5,4658603333e+04
 1500570000, 2,4000000000e+02, 1,9159333333e+02, 2,8813333333e+01, 1,7087966667e+01, 5,4658396667e+04
 1500570300, 2,4000000000e+02, 1,9000666667e+02, 3,1993333333e+01, 1,7073966667e+01, 5,4658803333e+04
 1500570600, 2,4000000000e+02, 1,9200000000e+02, 3,0000000000e+01, 1,7070033333e+01, 5,4659803333e+04
 1500570900, 2,4000000000e+02, 1,9200000000e+02, 3,0000000000e+01, 1,7065966667e+01, 5,4661196667e+04
 1500571200, 2,4000000000e+02, 1,9200000000e+02, 3,1206666667e+01, 1,7065966667e+01, 5,4660000000e+04
 1500571500, 2,4000000000e+02, 1,9200000000e+02, 3,1193333333e+01, 1,7078100000e+01, 5,4662406667e+04
 1500571800, 2,4000000000e+02, 1,9159333333e+02, 3,0000000000e+01, 1,7094000000e+01, 5,4663010000e+04
 1500572100, 2,4000000000e+02, 1,9000666667e+02, 3,0000000000e+01, 1,7087966667e+01, 5,4665000000e+04
 1500572400, 2,4000000000e+02, 1,9200000000e+02, 3,0000000000e+01, 1,7067933333e+01, 5,4664796667e+04
 1500572700, 2,4000000000e+02, 1,9200000000e+02, 3,0000000000e+01, 1,7061966667e+01, 5,4665203333e+04
 1500573000, 2,4000000000e+02, 1,9079333333e+02, 3,0000000000e+01, 1,7050000000e+01, 5,4664400000e+04
 1500573300, 2,4000000000e+02, 1,9080666667e+02, 3,0000000000e+01, 1,7058033333e+01, 5,4665600000e+04
 1500573600, 2,4000000000e+02, 1,9200000000e+02, 3,0000000000e+01, 1,7053966667e+01, 5,4665606667e+04
 1500573900, 2,3940000000e+02, 1,9145333333e+02, 2,9946666667e+01, 1,7050000000e+01, 5,4666806667e+04
 1500574200, 6,0000000000e+01, 2,8000000000e+01, 1,4000000000e+01, 1,7050000000e+01, 5,4666193333e+04
 1500574500, 2,0460000000e+02, 1,5974666667e+02, 2,6853333333e+01, 1,7060066667e+01, 5,4664593333e+04
 1500574800, 2,4000000000e+02, 1,9200000000e+02, 3,0000000000e+01, 1,7069966667e+01, 5,4667016667e+04
 1500575100, 2,4000000000e+02, 1,9200000000e+02, 3,0000000000e+01, 1,7058000000e+01, 5,4667986667e+04
 1500575400, 2,4000000000e+02, 1,9200000000e+02, 3,0000000000e+01, 1,7056000000e+01, 5,4665796667e+04
 1500575700, 2,4000000000e+02, 1,9200000000e+02, 3,0000000000e+01, 1,7054033333e+01, 5,4664803333e+04
 1500576000, 2,4000000000e+02, 1,9200000000e+02, 3,0000000000e+01, 1,7057933333e+01, 5,4666603333e+04
 1500576300, 2,4000000000e+02, 1,9200000000e+02, 3,0000000000e+01, 1,7050000000e+01, 5,4667823333e+04
 1500576600, 2,3698333333e+02, 1,8958666667e+02, 3,0000000000e+01, 1,7050000000e+01, 5,4668773333e+04
 1500576900, 2,3701666667e+02, 1,8961333333e+02, 3,0000000000e+01, 1,7058066667e+01, 5,4664993333e+04
 1500577200, 2,4000000000e+02, 1,9200000000e+02, 3,0000000000e+01, 1,7074033333e+01, 5,4665403333e+04
 1500577500, 2,4001666667e+02, 1,9200000000e+02, 3,0006666667e+01, 1,7102100000e+01, 5,4667003333e+04
 1500577800, 2,4500000000e+02, 1,9200000000e+02, 3,2000000000e+01, 1,7114033333e+01, 5,4667406667e+04
 1500578100, 2,4500000000e+02, 1,9200000000e+02, 3,2000000000e+01, 1,7113933333e+01, 5,4671806667e+04
 1500578400, 2,4198333333e+02, 1,9200000000e+02, 3,0793333333e+01, 1,7095966667e+01, 5,4668790000e+04
 1500578700, 2,4000000000e+02, 1,9119333333e+02, 3,0000000000e+01, 1,6985133333e+01, 5,4656150000e+04
 1500579000, 2,4000000000e+02, 1,9040666667e+02, 3,0000000000e+01, 1,6735300000e+01, 5,4651193333e+04
 1500579300, 2,4000000000e+02, 1,9200000000e+02, 3,0000000000e+01, 1,6551500000e+01, 5,4651403333e+04
 1500579600, 2,4000000000e+02, 1,9200000000e+02, 3,0000000000e+01, 1,6423633333e+01, 5,4652010000e+04
 1500579900, 2,4000000000e+02, 1,9039333333e+02, 3,1606666667e+01, 1,6323733333e+01, 5,4653186667e+04
 1500580200, 2,4000000000e+02, 1,9120666667e+02, 3,0793333333e+01, 1,6261833333e+01, 5,4652003333e+04
 1500580500, 2,4000000000e+02, 1,9200000000e+02, 3,0000000000e+01, 1,6209833333e+01, 5,4654010000e+04
 1500580800, 2,4000000000e+02, 1,9200000000e+02, 3,0000000000e+01, 1,6171933333e+01, 5,4653393333e+04
 1500581100, 2,4000000000e+02, 1,9200000000e+02, 3,0000000000e+01, 1,6145900000e+01, 5,4651996667e+04
 1500581400, 2,4000000000e+02, 1,9200000000e+02, 3,0000000000e+01, 1,6128000000e+01, 5,4651596667e+04
 1500581700, 2,4000000000e+02, 1,9200000000e+02, 3,0000000000e+01, 1,6119933333e+01, 5,4650603333e+04
 1500582000, 2,4000000000e+02, 1,9200000000e+02, 3,0000000000e+01, 1,6099933333e+01, 5,4650596667e+04
 1500582300, 2,4000000000e+02, 1,9200000000e+02, 3,0000000000e+01, 1,6086000000e+01, 5,4650603333e+04
 1500582600, 2,4000000000e+02, 1,9200000000e+02, 3,0000000000e+01, 1,6087966667e+01, 5,4651193333e+04
 1500582900, 2,4000000000e+02, 1,9200000000e+02, 3,0000000000e+01, 1,6082000000e+01, 5,4650613333e+04
 1500583200, 2,4000000000e+02, 1,9200000000e+02, 3,0000000000e+01, 1,6067933333e+01, 5,4650786667e+04
 1500583500, 2,4000000000e+02, 1,9200000000e+02, 3,0000000000e+01, 1,6062000000e+01, 5,4650606667e+04
 1500583800, 2,4301666667e+02, 1,9200000000e+02, 3,1206666667e+01, 1,6068066667e+01, 5,4650410000e+04
 1500584100, 2,4298333333e+02, 1,9200000000e+02, 3,1193333333e+01, 1,6084033333e+01, 5,4653386667e+04
 1500584400, 2,4000000000e+02, 1,9200000000e+02, 3,0000000000e+01, 1,6086000000e+01, 5,4650426667e+04
 1500584700, 2,4000000000e+02, 1,9199333333e+02, 3,0006666667e+01, 1,6084000000e+01, 5,4652780000e+04
 1500585000, 2,4000000000e+02, 1,9000000000e+02, 3,2000000000e+01, 1,6085966667e+01, 5,4650990000e+04
 1500585300, 2,4000000000e+02, 1,9160666667e+02, 3,0393333333e+01, 1,6067900000e+01, 5,4650403333e+04
 1500585600, 2,4000000000e+02, 1,9200000000e+02, 3,1206666667e+01, 1,6054000000e+01, 5,4650600000e+04
 1500585900, 2,4000000000e+02, 1,9200000000e+02, 3,1193333333e+01, 1,6050000000e+01, 5,4649600000e+04
 1500586200, 2,4000000000e+02, 1,9200000000e+02, 3,0000000000e+01, 1,6050000000e+01, 5,4649600000e+04
 1500586500, 2,4001666667e+02, 1,9200000000e+02, 3,0000000000e+01, 1,6050000000e+01, 5,4652003333e+04
 1500586800, 2,4500000000e+02, 1,9200000000e+02, 3,0000000000e+01, 1,6050000000e+01, 5,4653000000e+04
 1500587100, 2,4500000000e+02, 1,9200000000e+02, 3,1606666667e+01, 1,6052000000e+01, 5,4651400000e+04
 1500587400, 2,4198333333e+02, 1,9200000000e+02, 3,0793333333e+01, 1,6050000000e+01, 5,4651196667e+04
 1500587700, 2,4000000000e+02, 1,9200000000e+02, 3,0000000000e+01, 1,6052000000e+01, 5,4650410000e+04
 1500588000, 2,4000000000e+02, 1,9200000000e+02, 3,0000000000e+01, 1,6050000000e+01, 5,4651593333e+04
 1500588300, 2,4000000000e+02, 1,9200000000e+02, 3,0006666667e+01, 1,6050000000e+01, 5,4650606667e+04
 1500588600, 2,4000000000e+02, 1,9200000000e+02, 3,2000000000e+01, 1,6050000000e+01, 5,4651600000e+04
 1500588900, 2,4000000000e+02, 1,9200000000e+02, 3,0393333333e+01, 1,6052000000e+01, 5,4651603333e+04
 1500589200, 2,4000000000e+02, 1,9200000000e+02, 3,0000000000e+01, 1,6050000000e+01, 5,4653626667e+04
 1500589500, 2,4000000000e+02, 1,9200000000e+02, 3,0000000000e+01, 1,6054033333e+01, 5,4656773333e+04
 1500589800, 2,4000000000e+02, 1,9200000000e+02, 3,0000000000e+01, 1,6055966667e+01, 5,4653000000e+04
 1500590100, 2,4000000000e+02, 1,9200000000e+02, 3,0000000000e+01, 1,6050000000e+01, 5,4652413333e+04
 1500590400, 2,4000000000e+02, 1,9200000000e+02, 3,0000000000e+01, 1,6054033333e+01, 5,4651390000e+04
 1500590700, 2,4000000000e+02, 1,9200000000e+02, 3,0000000000e+01, 1,6047966667e+01, 5,4650390000e+04
 1500591000, 2,4000000000e+02, 1,9200000000e+02, 3,0000000000e+01, 1,6058000000e+01, 5,4651013333e+04
 1500591300, 2,4201666667e+02, 1,9200000000e+02, 3,0806666667e+01, 1,6050000000e+01, 5,4652796667e+04
 1500591600, 2,4398333333e+02, 1,9159333333e+02, 3,2000000000e+01, 1,6050000000e+01, 5,4652396667e+04
 1500591900, 2,4000000000e+02, 1,9000666667e+02, 3,1993333333e+01, 1,6050000000e+01, 5,4651800000e+04
 1500592200, 2,4000000000e+02, 1,9200000000e+02, 3,0000000000e+01, 1,6052000000e+01, 5,4652406667e+04
 1500592500, 2,4000000000e+02, 1,9200000000e+02, 3,0000000000e+01, 1,6050000000e+01, 5,4654610000e+04
 1500592800, 2,4301666667e+02, 1,9200000000e+02, 3,1206666667e+01, 1,6050000000e+01, 5,4654986667e+04
 1500593100, 2,4298333333e+02, 1,9119333333e+02, 3,1193333333e+01, 1,6058066667e+01, 5,4653606667e+04
 1500593400, 2,4000000000e+02, 1,9000000000e+02, 3,0406666667e+01, 1,6074033333e+01, 5,4654193333e+04
 1500593700, 2,4000000000e+02, 1,9000000000e+02, 3,1993333333e+01, 1,6075966667e+01, 5,4653206667e+04
 1500594000, 2,4000000000e+02, 1,9000000000e+02, 3,0000000000e+01, 1,6059933333e+01, 5,4652993333e+04
 1500594300, 2,4000000000e+02, 1,9000000000e+02, 3,1606666667e+01, 1,6054000000e+01, 5,4653403333e+04
 1500594600, 2,4000000000e+02, 1,9120666667e+02, 3,0793333333e+01, 1,6050000000e+01, 5,4651400000e+04
 1500594900, 2,4000000000e+02, 1,9119333333e+02, 3,0806666667e+01, 1,6050000000e+01, 5,4653800000e+04
 1500595200, 2,4000000000e+02, 1,9000000000e+02, 3,2000000000e+01, 1,6050000000e+01, 5,4653193333e+04
 1500595500, 2,4000000000e+02, 1,9000666667e+02, 3,1993333333e+01, 1,6050000000e+01, 5,4652626667e+04
 1500595800, 2,4000000000e+02, 1,9200000000e+02, 3,0000000000e+01, 1,6050100000e+01, 5,4660413333e+04
 1500596100, 2,4000000000e+02, 1,9200000000e+02, 3,0000000000e+01, 1,6068100000e+01, 5,4657836667e+04
 1500596400, 2,4000000000e+02, 1,9079333333e+02, 3,0000000000e+01, 1,6073933333e+01, 5,4652010000e+04
 1500596700, 2,4000000000e+02, 1,9080666667e+02, 3,0000000000e+01, 1,6062000000e+01, 5,4651390000e+04
 1500597000, 2,4000000000e+02, 1,9159333333e+02, 3,0000000000e+01, 1,6051933333e+01, 5,4651200000e+04
 1500597300, 2,4000000000e+02, 1,9000666667e+02, 3,0000000000e+01, 1,6046033333e+01, 5,4652000000e+04
 1500597600, 2,4000000000e+02, 1,9200000000e+02, 3,0000000000e+01, 1,6050033333e+01, 5,4654200000e+04
 1500597900, 2,4000000000e+02, 1,9200000000e+02, 3,0000000000e+01, 1,6051966667e+01, 5,4651996667e+04
 1500598200, 2,4000000000e+02, 1,9200000000e+02, 3,0000000000e+01, 1,6046000000e+01, 5,4656430000e+04
 1500598500, 2,4000000000e+02, 1,9200000000e+02, 3,0000000000e+01, 1,6050000000e+01, 5,4660046667e+04
 1500598800, 2,4000000000e+02, 1,9200000000e+02, 3,0000000000e+01, 1,6052033333e+01, 5,4663803333e+04
 1500599100, 2,4000000000e+02, 1,9200000000e+02, 3,0000000000e+01, 1,6053966667e+01, 5,4664406667e+04
 1500599400, 2,4000000000e+02, 1,9200000000e+02, 3,0000000000e+01, 1,6054033333e+01, 5,4669000000e+04
 1500599700, 2,4000000000e+02, 1,9200000000e+02, 3,0000000000e+01, 1,6055933333e+01, 5,4668120000e+04
 1500600000, 2,4000000000e+02, 1,9079333333e+02, 3,0000000000e+01, 1,6052000000e+01, 5,4663000000e+04
 1500600300, 2,4201666667e+02, 1,9080666667e+02, 3,0806666667e+01, 1,6050000000e+01, 5,4662593333e+04
 1500600600, 2,4398333333e+02, 1,9159333333e+02, 3,2000000000e+01, 1,6054066667e+01, 5,4663613333e+04
 1500600900, 2,4000000000e+02, 1,9000000000e+02, 3,1993333333e+01, 1,6054033333e+01, 5,4661613333e+04
 1500601200, 2,4000000000e+02, 1,9000000000e+02, 3,0000000000e+01, 1,6050000000e+01, 5,4662600000e+04
 1500601500, 2,4000000000e+02, 1,9000000000e+02, 3,0000000000e+01, 1,6050000000e+01, 5,4662396667e+04
 1500601800, 2,4000000000e+02, 1,9120666667e+02, 3,0000000000e+01, 1,6052000000e+01, 5,4663003333e+04
 1500602100, 2,4000000000e+02, 1,9200000000e+02, 3,0000000000e+01, 1,6050000000e+01, 5,4664190000e+04
 1500602400, 2,4000000000e+02, 1,9200000000e+02, 3,0000000000e+01, 1,6054000000e+01, 5,4660803333e+04
 1500602700, 2,4000000000e+02, 1,9200000000e+02, 3,0000000000e+01, 1,6054033333e+01, 5,4665636667e+04
 1500603000, 2,4000000000e+02, 1,9200000000e+02, 3,0000000000e+01, 1,6064000000e+01, 5,4660996667e+04
 1500603300, 2,4000000000e+02, 1,9039333333e+02, 3,1606666667e+01, 1,6053966667e+01, 5,4660410000e+04
 1500603600, 2,4000000000e+02, 1,9000000000e+02, 3,2000000000e+01, 1,6050000000e+01, 5,4662196667e+04
 1500603900, 2,4000000000e+02, 1,9000000000e+02, 3,1193333333e+01, 1,6050000000e+01, 5,4662400000e+04
 1500604200, 2,4000000000e+02, 1,9040666667e+02, 3,0000000000e+01, 1,6050000000e+01, 5,4662000000e+04
 1500604500, 2,4000000000e+02, 1,9199333333e+02, 3,0006666667e+01, 1,6050000000e+01, 5,4660396667e+04
 1500604800, 2,4000000000e+02, 1,9000000000e+02, 3,2000000000e+01, 1,6052000000e+01, 5,4661206667e+04
 1500605100, 2,4000000000e+02, 1,9000000000e+02, 3,2000000000e+01, 1,6050000000e+01, 5,4660406667e+04
 1500605400, 2,4000000000e+02, 1,9000000000e+02, 3,2000000000e+01, 1,6050033333e+01, 5,4662000000e+04
 1500605700, 2,4000000000e+02, 1,9000000000e+02, 3,1193333333e+01, 1,6054133333e+01, 5,4662553333e+04
 1500606000, 2,4000000000e+02, 1,9000000000e+02, 3,0406666667e+01, 1,6072033333e+01, 5,4659806667e+04
 1500606300, 2,4000000000e+02, 1,9000000000e+02, 3,1993333333e+01, 1,6074033333e+01, 5,4661793333e+04
 1500606600, 2,4000000000e+02, 1,9000000000e+02, 3,0000000000e+01, 1,6077966667e+01, 5,4661216667e+04
 1500606900, 2,4000000000e+02, 1,9000000000e+02, 3,0000000000e+01, 1,6090033333e+01, 5,4664906667e+04
 1500607200, 2,4000000000e+02, 1,9120666667e+02, 3,0000000000e+01, 1,6080000000e+01, 5,4662400000e+04
 1500607500, 2,4000000000e+02, 1,9119333333e+02, 3,0000000000e+01, 1,6079966667e+01, 5,4662803333e+04
 1500607800, 2,4000000000e+02, 1,9040666667e+02, 3,0000000000e+01, 1,6065966667e+01, 5,4662603333e+04
 1500608100, 2,4000000000e+02, 1,9199333333e+02, 3,0000000000e+01, 1,6053966667e+01, 5,4662603333e+04
 1500608400, 2,4000000000e+02, 1,9000000000e+02, 3,0000000000e+01, 1,6050000000e+01, 5,4664400000e+04
 1500608700, 2,4000000000e+02, 1,9160666667e+02, 2,8393333333e+01, 1,6054000000e+01, 5,4664790000e+04
 1500609000, 2,4000000000e+02, 1,9200000000e+02, 2,9206666667e+01, 1,6052033333e+01, 5,4662610000e+04
 1500609300, 2,4000000000e+02, 1,9200000000e+02, 3,0000000000e+01, 1,6051966667e+01, 5,4664593333e+04
 1500609600, 2,4000000000e+02, 1,9200000000e+02, 3,0000000000e+01, 1,6050033333e+01, 5,4662006667e+04
 1500609900, 2,4000000000e+02, 1,9200000000e+02, 3,0000000000e+01, 1,6055966667e+01, 5,4664003333e+04
 1500610200, 2,4000000000e+02, 1,9200000000e+02, 3,0000000000e+01, 1,6050000000e+01, 5,4664590000e+04
 1500610500, 2,4000000000e+02, 1,9200000000e+02, 3,0000000000e+01, 1,6050000000e+01, 5,4665806667e+04
 1500610800, 2,4000000000e+02, 1,9200000000e+02, 3,0000000000e+01, 1,6050000000e+01, 5,4664203333e+04
 1500611100, 2,4000000000e+02, 1,9200000000e+02, 3,0000000000e+01, 1,6050000000e+01, 5,4664186667e+04
 1500611400, 2,4000000000e+02, 1,9200000000e+02, 3,0000000000e+01, 1,6050000000e+01, 5,4663003333e+04
 1500611700, 2,4000000000e+02, 1,9200000000e+02, 2,9993333333e+01, 1,6050000000e+01, 5,4665206667e+04
 1500612000, 2,4000000000e+02, 1,9200000000e+02, 2,8000000000e+01, 1,6054033333e+01, 5,4665406667e+04
 1500612300, 2,4000000000e+02, 1,9039333333e+02, 2,9606666667e+01, 1,6055966667e+01, 5,4665393333e+04
 1500612600, 2,4000000000e+02, 1,9120666667e+02, 3,0000000000e+01, 1,6056000000e+01, 5,4664996667e+04
 1500612900, 2,4000000000e+02, 1,9119333333e+02, 3,0000000000e+01, 1,6052000000e+01, 5,4664213333e+04
 1500613200, 2,4000000000e+02, 1,9040666667e+02, 3,0000000000e+01, 1,6050000000e+01, 5,4666800000e+04
 1500613500, 2,4001666667e+02, 1,9200000000e+02, 3,0006666667e+01, 1,6048000000e+01, 5,4666203333e+04
 1500613800, 2,4500000000e+02, 1,9200000000e+02, 3,2000000000e+01, 1,6050000000e+01, 5,4665800000e+04
 1500614100, 2,4098333333e+02, 1,9039333333e+02, 3,2000000000e+01, 1,6050000000e+01, 5,4665796667e+04
 1500614400, 2,4000000000e+02, 1,9120666667e+02, 3,0793333333e+01, 1,6066100000e+01, 5,4665403333e+04
 1500614700, 2,4000000000e+02, 1,9119333333e+02, 3,0000000000e+01, 1,6090066667e+01, 5,4664393333e+04
 1500615000, 2,4000000000e+02, 1,9040666667e+02, 3,0000000000e+01, 1,6091933333e+01, 5,4662793333e+04
 1500615300, 2,4000000000e+02, 1,9200000000e+02, 3,0000000000e+01, 1,6084033333e+01, 5,4662603333e+04
 1500615600, 2,4000000000e+02, 1,9200000000e+02, 3,0000000000e+01, 1,6077933333e+01, 5,4663203333e+04
 1500615900, 2,4000000000e+02, 1,9200000000e+02, 3,0000000000e+01, 1,6059933333e+01, 5,4662396667e+04
 1500616200, 2,4000000000e+02, 1,9200000000e+02, 2,8793333333e+01, 1,6050000000e+01, 5,4662000000e+04
 1500616500, 2,4000000000e+02, 1,9200000000e+02, 2,8000000000e+01, 1,6050000000e+01, 5,4663003333e+04
 1500616800, 2,4000000000e+02, 1,9159333333e+02, 2,8813333333e+01, 1,6054000000e+01, 5,4662796667e+04
 1500617100, 2,4000000000e+02, 1,9020333333e+02, 3,1796666667e+01, 1,6050000000e+01, 5,4663108333e+04
 1500617400, 2,4000000000e+02, 1,9180333333e+02, 3,0196666667e+01, 1,6050000000e+01, 5,4663895000e+04
 1500617700, 2,4401666667e+02, 1,9200000000e+02, 3,1606666667e+01, 1,6050000000e+01, 5,4661596667e+04
 1500618000, 2,4198333333e+02, 1,9200000000e+02, 3,0793333333e+01, 1,6048033333e+01, 5,4662406667e+04
 1500618300, 2,4000000000e+02, 1,9200000000e+02, 3,0000000000e+01, 1,6051966667e+01, 5,4664400000e+04
 1500618600, 2,4000000000e+02, 1,9159333333e+02, 3,0406666667e+01, 1,6058033333e+01, 5,4664006667e+04
 1500618900, 2,4000000000e+02, 1,9000666667e+02, 3,1993333333e+01, 1,6070066667e+01, 5,4666406667e+04
 1500619200, 2,4000000000e+02, 1,9200000000e+02, 3,0000000000e+01, 1,6071933333e+01, 5,4665586667e+04
 1500619500, 2,4000000000e+02, 1,9200000000e+02, 2,8393333333e+01, 1,6057966667e+01, 5,4665800000e+04
 1500619800, 2,4000000000e+02, 1,9200000000e+02, 2,8000000000e+01, 1,6052000000e+01, 5,4666803333e+04
 1500620100, 2,4000000000e+02, 1,9200000000e+02, 2,8000000000e+01, 1,6050000000e+01, 5,4666206667e+04
 1500620400, 2,4000000000e+02, 1,9200000000e+02, 2,8813333333e+01, 1,6050000000e+01, 5,4667403333e+04
 1500620700, 2,4001666667e+02, 1,9200000000e+02, 3,2000000000e+01, 1,6050033333e+01, 5,4667380000e+04
 1500621000, 2,4500000000e+02, 1,9200000000e+02, 3,2000000000e+01, 1,6061966667e+01, 5,4666796667e+04
 1500621300, 2,4098333333e+02, 1,9039333333e+02, 3,2000000000e+01, 1,6050000000e+01, 5,4665403333e+04
 1500621600, 2,4000000000e+02, 1,9000000000e+02, 3,0793333333e+01, 1,6054033333e+01, 5,4664793333e+04
 1500621900, 2,4000000000e+02, 1,9080666667e+02, 3,0000000000e+01, 1,6051966667e+01, 5,4665403333e+04
 1500622200, 2,4000000000e+02, 1,9200000000e+02, 3,0000000000e+01, 1,6056000000e+01, 5,4664603333e+04
 1500622500, 2,4000000000e+02, -nan, 3,0000000000e+01, 1,6050000000e+01, 5,4666806667e+04
 1500622800, 2,4000000000e+02, -nan, 3,0000000000e+01, 1,6052033333e+01, 5,4667596667e+04
 1500623100, 2,4000000000e+02, -nan, 3,0000000000e+01, 1,6055933333e+01, 5,4668400000e+04
 1500623400, 2,4000000000e+02, -nan, 3,0000000000e+01, 1,6042033333e+01, 5,4668400000e+04
 1500623700, -nan, -nan, 3,0000000000e+01, 1,6050000000e+01, 5,4668403333e+04
 1500624000, -nan, -nan, 2,9593333333e+01, 1,6050000000e+01, 5,4669006667e+04
 1500624300, -nan, -nan, 2,8006666667e+01, -nan, 5,4669600000e+04
 1500624600, -nan, -nan, 3,0000000000e+01, -nan, 5,4669993333e+04
 1500624900, -nan, -nan, -nan, -nan, 5,4667996667e+04
 1500625200, -nan, -nan, -nan, -nan, 5,4668213333e+04
 1500625500, -nan, -nan, -nan, -nan, 5,4670190000e+04
 1500625800, -nan, -nan, -nan, -nan, 5,4667403333e+04
 1500626100, -nan, -nan, -nan, -nan, 5,4668790000e+04
 1500626400, -nan, -nan, -nan, -nan, 5,4668010000e+04
 1500626700, -nan, -nan, -nan, -nan, 5,4669796667e+04
 1500627000, -nan, -nan, -nan, -nan, 5,4667796667e+04
 1500627300, -nan, -nan, -nan, -nan, -nan
