 Time, ttl_pwr, cpu_pwr, mem_pwr, cpu_load, mem_load
 1500448500, 5.0000000000e+01, 2.4000000000e+01, 1.0000000000e+01, 5.0000000000e-02, 6.5832000000e+03
 1500448800, 5.0000000000e+01, 2.4000000000e+01, 1.0000000000e+01, 5.0000000000e-02, 6.5836000000e+03
 1500449100, 6.2250000000e+01, 2.5633333333e+01, 1.9800000000e+01, 5.0000000000e-02, 6.5834000000e+03
 1500449400, 5.5750000000e+01, 2.3533333333e+01, 1.3366666667e+01, 5.4000000000e-02, 6.5836333333e+03
 1500449700, 5.2083333333e+01, 2.3666666667e+01, 9.6666666667e+00, 5.0000000000e-02, 6.5841500000e+03
 1500450000, 7.1250000000e+01, 3.9433333333e+01, 1.4600000000e+01, 1.1310000000e+00, 7.4667000000e+03
 1500450300, 1.3133333333e+02, 8.9300000000e+01, 2.4033333333e+01, 4.3406666667e+00, 1.1480550000e+04
 1500450600, 2.1000000000e+02, 1.6600000000e+02, 2.6000000000e+01, 6.7323333333e+00, 9.4004333333e+03
 1500450900, 2.0183333333e+02, 1.5946666667e+02, 2.6000000000e+01, 8.1061666667e+00, 7.7866000000e+03
 1500451200, 1.0750000000e+02, 7.5366666667e+01, 1.4900000000e+01, 6.2773333333e+00, 6.5867833333e+03
 1500451500, 5.0000000000e+01, 2.4000000000e+01, 8.0000000000e+00, 4.5501666667e+00, 6.5855833333e+03
 1500451800, 5.0000000000e+01, 2.4000000000e+01, 8.0000000000e+00, 3.2970000000e+00, 6.5862333333e+03
 1500452100, 5.0000000000e+01, 2.4000000000e+01, 8.0000000000e+00, 2.3935000000e+00, 6.5867666667e+03
 1500452400, 5.0000000000e+01, 2.4000000000e+01, 8.0000000000e+00, 1.7451666667e+00, 6.5862000000e+03
 1500452700, 4.5916666667e+01, 2.4000000000e+01, 8.0000000000e+00, 1.2958333333e+00, 6.5864333333e+03
 1500453000, 4.5000000000e+01, 2.2766666667e+01, 8.0000000000e+00, 9.5733333333e-01, 6.5858000000e+03
 1500453300, 4.5000000000e+01, 2.2833333333e+01, 8.0000000000e+00, 7.0450000000e-01, 6.5861833333e+03
 1500453600, 4.5000000000e+01, 2.4000000000e+01, 8.4333333333e+00, 5.2150000000e-01, 6.5856000000e+03
 1500453900, 4.5083333333e+01, 2.4000000000e+01, 9.9666666667e+00, 3.9033333333e-01, 6.5856333333e+03
 1500454200, 5.0000000000e+01, 2.4000000000e+01, 8.0000000000e+00, 2.9650000000e-01, 6.5867833333e+03
 1500454500, 5.0000000000e+01, 2.4000000000e+01, 8.0000000000e+00, 2.2100000000e-01, 6.5873833333e+03
 1500454800, 5.0000000000e+01, 2.4000000000e+01, 8.0000000000e+00, 1.6300000000e-01, 6.5868166667e+03
 1500455100, 4.7916666667e+01, 2.3166666667e+01, 8.0000000000e+00, 1.2366666667e-01, 6.5872000000e+03
 1500455400, 4.6083333333e+01, 2.2433333333e+01, 8.0000000000e+00, 9.9500000000e-02, 6.5865833333e+03
 1500455700, 4.9916666667e+01, 2.3966666667e+01, 8.0000000000e+00, 8.0000000000e-02, 6.5864000000e+03
 1500456000, 4.5000000000e+01, 2.2000000000e+01, 8.0000000000e+00, 6.7666666667e-02, 6.5853833333e+03
 1500456300, 4.9083333333e+01, 2.3633333333e+01, 8.0000000000e+00, 5.1833333333e-02, 6.5854333333e+03
 1500456600, 5.0000000000e+01, 2.4000000000e+01, 8.0000000000e+00, 5.0000000000e-02, 6.5862166667e+03
 1500456900, 5.0000000000e+01, 2.4000000000e+01, 8.8333333333e+00, 5.8333333333e-02, 6.5863833333e+03
 1500457200, 4.8916666667e+01, 2.4000000000e+01, 9.5666666667e+00, 7.0000000000e-02, 6.5858333333e+03
 1500457500, 4.5000000000e+01, 2.4000000000e+01, 8.0000000000e+00, 5.7833333333e-02, 6.5867833333e+03
 1500457800, 4.5000000000e+01, 2.4000000000e+01, 8.0000000000e+00, 5.3833333333e-02, 6.5860166667e+03
 1500458100, 4.5000000000e+01, 2.4000000000e+01, 8.0000000000e+00, 5.2000000000e-02, 6.5872166667e+03
 1500458400, 4.5000000000e+01, 2.4000000000e+01, 8.0000000000e+00, 5.0000000000e-02, 6.5864500000e+03
 1500458700, 4.7083333333e+01, 2.4000000000e+01, 8.8333333333e+00, 5.0000000000e-02, 6.5870666667e+03
 1500459000, 5.0000000000e+01, 2.4000000000e+01, 1.0000000000e+01, 5.2166666667e-02, 6.5864166667e+03
 1500459300, 5.0000000000e+01, 2.4000000000e+01, 1.0000000000e+01, 6.0000000000e-02, 6.5855833333e+03
 1500459600, 5.0000000000e+01, 2.4000000000e+01, 1.0000000000e+01, 1.8241666667e+00, 4.3276216667e+04
 1500459900, 1.9291666667e+02, 1.5303333333e+02, 2.3066666667e+01, 5.7020000000e+00, 5.1514566667e+04
 1500460200, 2.2500000000e+02, 1.8076666667e+02, 2.6000000000e+01, 8.5513333333e+00, 5.1524850000e+04
 1500460500, 2.2500000000e+02, 1.8083333333e+02, 2.6833333333e+01, 1.0628333333e+01, 5.1540466667e+04
 1500460800, 2.2500000000e+02, 1.8200000000e+02, 2.7566666667e+01, 1.2112333333e+01, 5.1543583333e+04
 1500461100, 2.2500000000e+02, 1.8196666667e+02, 2.6033333333e+01, 1.3182833333e+01, 5.1544633333e+04
 1500461400, 2.2500000000e+02, 1.8000000000e+02, 2.8000000000e+01, 1.3968833333e+01, 5.1551833333e+04
 1500461700, 2.2500000000e+02, 1.8163333333e+02, 2.6366666667e+01, 1.4531666667e+01, 5.1558583333e+04
 1500462000, 2.2500000000e+02, 1.8200000000e+02, 2.7233333333e+01, 1.4941666667e+01, 5.1557833333e+04
 1500462300, 2.2500000000e+02, 1.8116666667e+02, 2.7166666667e+01, 1.5234000000e+01, 5.1558166667e+04
 1500462600, 2.2500000000e+02, 1.8043333333e+02, 2.6000000000e+01, 1.5448900000e+01, 5.1557180000e+04
 1500462900, 2.2500000000e+02, 1.8200000000e+02, 2.6000000000e+01, 1.5600166667e+01, 5.1557433333e+04
 1500463200, 2.2500000000e+02, 1.8200000000e+02, 2.6000000000e+01, 1.5721500000e+01, 5.1558183333e+04
 1500463500, 2.2500000000e+02, 1.8200000000e+02, 2.7633333333e+01, 1.5801333333e+01, 5.1559233333e+04
 1500463800, 2.2500000000e+02, 1.8200000000e+02, 2.6766666667e+01, 1.5870666667e+01, 5.1559200000e+04
 1500464100, 2.2500000000e+02, 1.8200000000e+02, 2.6000000000e+01, 1.5916833333e+01, 5.1559350000e+04
 1500464400, 2.2500000000e+02, 1.8200000000e+02, 2.6433333333e+01, 1.5950333333e+01, 5.1559066667e+04
 1500464700, 2.2500000000e+02, 1.8200000000e+02, 2.7966666667e+01, 1.5966333333e+01, 5.1560783333e+04
 1500465000, 2.2500000000e+02, 1.8200000000e+02, 2.6000000000e+01, 1.5986333333e+01, 5.1560550000e+04
 1500465300, 2.2500000000e+02, 1.8036666667e+02, 2.6000000000e+01, 1.6000166667e+01, 5.1567766667e+04
 1500465600, 2.2500000000e+02, 1.8123333333e+02, 2.6000000000e+01, 1.6010166667e+01, 5.1567650000e+04
 1500465900, 2.2500000000e+02, 1.8200000000e+02, 2.6000000000e+01, 1.6020000000e+01, 5.1568783333e+04
 1500466200, 2.2500000000e+02, 1.8243333333e+02, 2.6000000000e+01, 1.6026333333e+01, 5.1569616667e+04
 1500466500, 2.2500000000e+02, 1.8396666667e+02, 2.6000000000e+01, 1.6040000000e+01, 5.1570000000e+04
 1500466800, 2.2500000000e+02, 1.8200000000e+02, 2.6000000000e+01, 1.6040166667e+01, 5.1569616667e+04
 1500467100, 2.2500000000e+02, 1.8363333333e+02, 2.6000000000e+01, 1.6050000000e+01, 5.1571250000e+04
 1500467400, 2.2500000000e+02, 1.8276666667e+02, 2.7233333333e+01, 1.6049666667e+01, 5.1572800000e+04
 1500467700, 2.2500000000e+02, 1.8200000000e+02, 2.7166666667e+01, 1.6030000000e+01, 5.1574183333e+04
 1500468000, 2.2500000000e+02, 1.8200000000e+02, 2.6000000000e+01, 1.6040333333e+01, 5.1572400000e+04
 1500468300, 2.2500000000e+02, 1.8200000000e+02, 2.6000000000e+01, 1.6052000000e+01, 5.1571600000e+04
 1500468600, 2.2500000000e+02, 1.8200000000e+02, 2.6000000000e+01, 1.6050000000e+01, 5.1571816667e+04
 1500468900, 2.2500000000e+02, 1.8200000000e+02, 2.6000000000e+01, 1.6050000000e+01, 5.1572400000e+04
 1500469200, 2.2500000000e+02, 1.8200000000e+02, 2.7233333333e+01, 1.6050000000e+01, 5.1574033333e+04
 1500469500, 2.2500000000e+02, 1.8200000000e+02, 2.8000000000e+01, 1.6050000000e+01, 5.1575416667e+04
 1500469800, 2.2500000000e+02, 1.8200000000e+02, 2.8000000000e+01, 1.6050000000e+01, 5.1575600000e+04
 1500470100, 2.2500000000e+02, 1.8200000000e+02, 2.8000000000e+01, 1.6050000000e+01, 5.1576416667e+04
 1500470400, 2.2500000000e+02, 1.8200000000e+02, 2.8000000000e+01, 1.6050000000e+01, 5.1577583333e+04
 1500470700, 2.2500000000e+02, 1.8200000000e+02, 2.6366666667e+01, 1.6047833333e+01, 5.1577600000e+04
 1500471000, 2.2500000000e+02, 1.8200000000e+02, 2.7233333333e+01, 1.6042166667e+01, 5.1575200000e+04
 1500471300, 2.2500000000e+02, 1.8200000000e+02, 2.7166666667e+01, 1.6050000000e+01, 5.1573783333e+04
 1500471600, 2.2500000000e+02, 1.8200000000e+02, 2.6000000000e+01, 1.6050000000e+01, 5.1573383333e+04
 1500471900, 2.2500000000e+02, 1.8200000000e+02, 2.6000000000e+01, 1.6050000000e+01, 5.1573833333e+04
 1500472200, 2.2500000000e+02, 1.8200000000e+02, 2.6000000000e+01, 1.6050000000e+01, 5.1573766667e+04
 1500472500, 2.2500000000e+02, 1.8200000000e+02, 2.7633333333e+01, 1.6056000000e+01, 5.1573033333e+04
 1500472800, 2.2500000000e+02, 1.8200000000e+02, 2.6766666667e+01, 1.6050000000e+01, 5.1573133333e+04
 1500473100, 2.2500000000e+02, 1.8200000000e+02, 2.6000000000e+01, 1.6050000000e+01, 5.1572283333e+04
 1500473400, 2.2500000000e+02, 1.8200000000e+02, 2.6000000000e+01, 1.6050166667e+01, 5.1575650000e+04
 1500473700, 2.2500000000e+02, 1.8200000000e+02, 2.6000000000e+01, 1.6051833333e+01, 5.1575566667e+04
 1500474000, 2.2500000000e+02, 1.8200000000e+02, 2.6000000000e+01, 1.6050000000e+01, 5.1572283333e+04
 1500474300, 2.2500000000e+02, 1.8363333333e+02, 2.6000000000e+01, 1.6050000000e+01, 5.1571816667e+04
 1500474600, 2.2500000000e+02, 1.8276666667e+02, 2.7233333333e+01, 1.6050000000e+01, 5.1573016667e+04
 1500474900, 2.2500000000e+02, 1.8200000000e+02, 2.7166666667e+01, 1.6050000000e+01, 5.1572983333e+04
 1500475200, 2.2500000000e+02, 1.8200000000e+02, 2.6000000000e+01, 1.6050000000e+01, 5.1574216667e+04
 1500475500, 2.2500000000e+02, 1.8200000000e+02, 2.6000000000e+01, 1.6050000000e+01, 5.1576033333e+04
 1500475800, 2.2500000000e+02, 1.8200000000e+02, 2.6000000000e+01, 1.6050000000e+01, 5.1575166667e+04
 1500476100, 2.2500000000e+02, 1.8200000000e+02, 2.6000000000e+01, 1.6050000000e+01, 5.1574800000e+04
 1500476400, 2.2500000000e+02, 1.8200000000e+02, 2.7233333333e+01, 1.6050000000e+01, 5.1575000000e+04
 1500476700, 2.2500000000e+02, 1.8200000000e+02, 2.7166666667e+01, 1.6050000000e+01, 5.1575016667e+04
 1500477000, 2.2500000000e+02, 1.8200000000e+02, 2.6433333333e+01, 1.6050000000e+01, 5.1575183333e+04
 1500477300, 2.2500000000e+02, 1.8200000000e+02, 2.7966666667e+01, 1.6050000000e+01, 5.1573633333e+04
 1500477600, 2.2500000000e+02, 1.8200000000e+02, 2.6000000000e+01, 1.6050000000e+01, 5.1577500000e+04
 1500477900, 2.2500000000e+02, 1.8200000000e+02, 2.7633333333e+01, 1.6050000000e+01, 5.1581000000e+04
 1500478200, 2.2500000000e+02, 1.8076666667e+02, 2.6766666667e+01, 1.6050000000e+01, 5.1581000000e+04
 1500478500, 2.2500000000e+02, 1.8083333333e+02, 2.6000000000e+01, 1.6050000000e+01, 5.1580983333e+04
 1500478800, 2.2500000000e+02, 1.8200000000e+02, 2.6000000000e+01, 1.6050000000e+01, 5.1581200000e+04
 1500479100, 2.2500000000e+02, 1.8200000000e+02, 2.6000000000e+01, 1.6051000000e+01, 5.1581200000e+04
 1500479400, 2.2500000000e+02, 1.8200000000e+02, 2.6000000000e+01, 1.6218333333e+01, 5.1593283333e+04
 1500479700, 2.2500000000e+02, 1.8200000000e+02, 2.6000000000e+01, 1.6447000000e+01, 5.1598650000e+04
 1500480000, 2.2500000000e+02, 1.8200000000e+02, 2.6000000000e+01, 1.6610333333e+01, 5.1599350000e+04
 1500480300, 2.2500000000e+02, 1.8200000000e+02, 2.6000000000e+01, 1.6729666667e+01, 5.1597650000e+04
 1500480600, 2.2500000000e+02, 1.8200000000e+02, 2.6000000000e+01, 1.6813000000e+01, 5.1599800000e+04
 1500480900, 2.2500000000e+02, 1.8200000000e+02, 2.6000000000e+01, 1.6868833333e+01, 5.1598983333e+04
 1500481200, 2.2500000000e+02, 1.8200000000e+02, 2.6000000000e+01, 1.6910666667e+01, 5.1598183333e+04
 1500481500, 2.2500000000e+02, 1.8200000000e+02, 2.6000000000e+01, 1.6956666667e+01, 5.1597800000e+04
 1500481800, 2.2500000000e+02, 1.8200000000e+02, 2.7233333333e+01, 1.6994333333e+01, 5.1597400000e+04
 1500482100, 2.2500000000e+02, 1.8200000000e+02, 2.8000000000e+01, 1.7008166667e+01, 5.1597616667e+04
 1500482400, 2.2500000000e+02, 1.8200000000e+02, 2.7566666667e+01, 1.7016500000e+01, 5.1599983333e+04
 1500482700, 2.2500000000e+02, 1.8200000000e+02, 2.6000000000e+01, 1.7048333333e+01, 5.1598800000e+04
 1500483000, 2.2500000000e+02, 1.8200000000e+02, 2.6000000000e+01, 1.7054000000e+01, 5.1599416667e+04
 1500483300, 2.2500000000e+02, 1.8200000000e+02, 2.6000000000e+01, 1.7064166667e+01, 5.1598583333e+04
 1500483600, 2.2500000000e+02, 1.8076666667e+02, 2.7233333333e+01, 1.7057666667e+01, 5.1598416667e+04
 1500483900, 2.2500000000e+02, 1.8000000000e+02, 2.7166666667e+01, 1.7050000000e+01, 5.1598350000e+04
 1500484200, 2.2500000000e+02, 1.8043333333e+02, 2.6433333333e+01, 1.7050000000e+01, 5.1597433333e+04
 1500484500, 2.2500000000e+02, 1.8200000000e+02, 2.8000000000e+01, 1.7050166667e+01, 5.1598216667e+04
 1500484800, 2.2500000000e+02, 1.8200000000e+02, 2.8000000000e+01, 1.7049833333e+01, 5.1600000000e+04
 1500485100, 2.2500000000e+02, 1.8200000000e+02, 2.8000000000e+01, 1.7050000000e+01, 5.1598800000e+04
 1500485400, 2.2500000000e+02, 1.8200000000e+02, 2.8000000000e+01, 1.7050000000e+01, 5.1600300000e+04
 1500485700, 2.2500000000e+02, 1.8200000000e+02, 2.7166666667e+01, 1.7052000000e+01, 5.1606233333e+04
 1500486000, 2.2500000000e+02, 1.8200000000e+02, 2.6000000000e+01, 1.7050000000e+01, 5.1608216667e+04
 1500486300, 2.2500000000e+02, 1.8200000000e+02, 2.6000000000e+01, 1.7050000000e+01, 5.1607583333e+04
 1500486600, 2.2500000000e+02, 1.8200000000e+02, 2.6000000000e+01, 1.7050000000e+01, 5.1606633333e+04
 1500486900, 2.2500000000e+02, 1.8200000000e+02, 2.7633333333e+01, 1.7050000000e+01, 5.1608183333e+04
 1500487200, 2.2500000000e+02, 1.8200000000e+02, 2.8000000000e+01, 1.7050000000e+01, 5.1608033333e+04
 1500487500, 2.2500000000e+02, 1.8200000000e+02, 2.7166666667e+01, 1.7060333333e+01, 5.1608783333e+04
 1500487800, 2.2500000000e+02, 1.8200000000e+02, 2.6000000000e+01, 1.7076166667e+01, 5.1608236667e+04
 1500488100, 2.2500000000e+02, 1.8200000000e+02, 2.6000000000e+01, 1.7084333333e+01, 5.1608600000e+04
 1500488400, 2.2500000000e+02, 1.8200000000e+02, 2.6000000000e+01, 1.7087666667e+01, 5.1609400000e+04
 1500488700, 2.2500000000e+02, 1.8200000000e+02, 2.6000000000e+01, 1.7084000000e+01, 5.1609866667e+04
 1500489000, 2.2500000000e+02, 1.8200000000e+02, 2.7233333333e+01, 1.7075833333e+01, 5.1611400000e+04
 1500489300, 2.2500000000e+02, 1.8200000000e+02, 2.8000000000e+01, 1.7066000000e+01, 5.1614183333e+04
 1500489600, 2.2500000000e+02, 1.8200000000e+02, 2.7566666667e+01, 1.7031333333e+01, 5.1611700000e+04
 1500489900, 2.2500000000e+02, 1.8200000000e+02, 2.6000000000e+01, 1.6798000000e+01, 5.1609633333e+04
 1500490200, 2.2500000000e+02, 1.8200000000e+02, 2.6000000000e+01, 1.6597166667e+01, 5.1610166667e+04
 1500490500, 2.2500000000e+02, 1.8200000000e+02, 2.6000000000e+01, 1.6443833333e+01, 5.1609216667e+04
 1500490800, 2.2500000000e+02, 1.8200000000e+02, 2.6000000000e+01, 1.6328333333e+01, 5.1610216667e+04
 1500491100, 2.2500000000e+02, 1.8200000000e+02, 2.6000000000e+01, 1.6236833333e+01, 5.1611216667e+04
 1500491400, 2.2500000000e+02, 1.8200000000e+02, 2.6000000000e+01, 1.6177333333e+01, 5.1611200000e+04
 1500491700, 2.2500000000e+02, 1.8200000000e+02, 2.6000000000e+01, 1.6137500000e+01, 5.1611216667e+04
 1500492000, 2.2500000000e+02, 1.8200000000e+02, 2.6000000000e+01, 1.6113533333e+01, 5.1612366667e+04
 1500492300, 2.2500000000e+02, 1.8200000000e+02, 2.7633333333e+01, 1.6087666667e+01, 5.1609983333e+04
 1500492600, 2.2500000000e+02, 1.8200000000e+02, 2.6766666667e+01, 1.6075833333e+01, 5.1609400000e+04
 1500492900, 2.2500000000e+02, 1.8283333333e+02, 2.6000000000e+01, 1.6067833333e+01, 5.1608583333e+04
 1500493200, 2.2608333333e+02, 1.8400000000e+02, 2.6433333333e+01, 1.6053833333e+01, 5.1608383333e+04
 1500493500, 2.2991666667e+02, 1.8396666667e+02, 2.8000000000e+01, 1.6049833333e+01, 5.1608250000e+04
 1500493800, 2.2500000000e+02, 1.8200000000e+02, 2.8000000000e+01, 1.6031833333e+01, 5.1609583333e+04
 1500494100, 2.2500000000e+02, 1.8200000000e+02, 2.8000000000e+01, 1.6046333333e+01, 5.1608783333e+04
 1500494400, 2.2500000000e+02, 1.8076666667e+02, 2.8000000000e+01, 1.6050000000e+01, 5.1608983333e+04
 1500494700, 2.2500000000e+02, 1.8000000000e+02, 2.7166666667e+01, 1.6050000000e+01, 5.1609416667e+04
 1500495000, 2.2500000000e+02, 1.8043333333e+02, 2.6433333333e+01, 1.6049833333e+01, 5.1610233333e+04
 1500495300, 2.2500000000e+02, 1.8200000000e+02, 2.8000000000e+01, 1.6042166667e+01, 5.1611416667e+04
 1500495600, 2.2500000000e+02, 1.8200000000e+02, 2.8000000000e+01, 1.6050000000e+01, 5.1609783333e+04
 1500495900, 2.2500000000e+02, 1.8036666667e+02, 2.8000000000e+01, 1.6050000000e+01, 5.1611900000e+04
 1500496200, 2.2500000000e+02, 1.8000000000e+02, 2.6766666667e+01, 1.6056333333e+01, 5.1617650000e+04
 1500496500, 2.2500000000e+02, 1.8000000000e+02, 2.6000000000e+01, 1.6055666667e+01, 5.1619383333e+04
 1500496800, 2.2500000000e+02, 1.8000000000e+02, 2.6433333333e+01, 1.6052000000e+01, 5.1618616667e+04
 1500497100, 2.2500000000e+02, 1.8000000000e+02, 2.8000000000e+01, 1.6048000000e+01, 5.1618783333e+04
 1500497400, 2.2500000000e+02, 1.8000000000e+02, 2.8000000000e+01, 1.6050000000e+01, 5.1618566667e+04
 1500497700, 2.2500000000e+02, 1.8000000000e+02, 2.8000000000e+01, 1.6050000000e+01, 5.1618116667e+04
 1500498000, 2.2500000000e+02, 1.8000000000e+02, 2.8000000000e+01, 1.6050000000e+01, 5.1625816667e+04
 1500498300, 2.2500000000e+02, 1.8083333333e+02, 2.7166666667e+01, 1.6050000000e+01, 5.1625616667e+04
 1500498600, 2.2500000000e+02, 1.8156666667e+02, 2.6433333333e+01, 1.6050000000e+01, 5.1624816667e+04
 1500498900, 2.2500000000e+02, 1.8000000000e+02, 2.8000000000e+01, 1.6050000000e+01, 5.1626000000e+04
 1500499200, 2.2500000000e+02, 1.8000000000e+02, 2.8000000000e+01, 1.6050000000e+01, 5.1625633333e+04
 1500499500, 2.2500000000e+02, 1.8163333333e+02, 2.6366666667e+01, 1.6050000000e+01, 5.1627566667e+04
 1500499800, 2.2500000000e+02, 1.8200000000e+02, 2.6000000000e+01, 1.6048000000e+01, 5.1630516667e+04
 1500500100, 2.2500000000e+02, 1.8116666667e+02, 2.6833333333e+01, 1.6050000000e+01, 5.1633416667e+04
 1500500400, 2.2500000000e+02, 1.8043333333e+02, 2.7566666667e+01, 1.6050166667e+01, 5.1633566667e+04
 1500500700, 2.2500000000e+02, 1.8200000000e+02, 2.6033333333e+01, 1.6054000000e+01, 5.1632616667e+04
 1500501000, 2.2500000000e+02, 1.8200000000e+02, 2.8000000000e+01, 1.6059833333e+01, 5.1633200000e+04
 1500501300, 2.2500000000e+02, 1.8036666667e+02, 2.8000000000e+01, 1.6050000000e+01, 5.1633833333e+04
 1500501600, 2.2500000000e+02, 1.8123333333e+02, 2.6766666667e+01, 1.6062333333e+01, 5.1636500000e+04
 1500501900, 2.2500000000e+02, 1.8116666667e+02, 2.6833333333e+01, 1.6055666667e+01, 5.1640566667e+04
 1500502200, 2.2500000000e+02, 1.8043333333e+02, 2.8000000000e+01, 1.6054000000e+01, 5.1640433333e+04
 1500502500, 2.2500000000e+02, 1.8196666667e+02, 2.8000000000e+01, 1.6052166667e+01, 5.1640633333e+04
 1500502800, 2.2500000000e+02, 1.8000000000e+02, 2.8000000000e+01, 1.6057833333e+01, 5.1640633333e+04
 1500503100, 2.2500000000e+02, 1.8000000000e+02, 2.8000000000e+01, 1.6050000000e+01, 5.1643200000e+04
 1500503400, 2.2500000000e+02, 1.8000000000e+02, 2.6766666667e+01, 1.6050166667e+01, 5.1644033333e+04
 1500503700, 2.2500000000e+02, 1.8000000000e+02, 2.6833333333e+01, 1.6053833333e+01, 5.1644583333e+04
 1500504000, 2.2500000000e+02, 1.8043333333e+02, 2.8000000000e+01, 1.6050000000e+01, 5.1644266667e+04
 1500504300, 2.2500000000e+02, 1.8196666667e+02, 2.8000000000e+01, 1.6050000000e+01, 5.1645200000e+04
 1500504600, 2.2500000000e+02, 1.8000000000e+02, 2.8000000000e+01, 1.6050000000e+01, 5.1645700000e+04
 1500504900, 2.2500000000e+02, 1.8000000000e+02, 2.8000000000e+01, 1.6056000000e+01, 5.1643983333e+04
 1500505200, 2.2500000000e+02, 1.8000000000e+02, 2.8000000000e+01, 1.6054000000e+01, 5.1644016667e+04
 1500505500, 2.2500000000e+02, 1.8000000000e+02, 2.8000000000e+01, 1.6050000000e+01, 5.1644200000e+04
 1500505800, 2.2500000000e+02, 1.8000000000e+02, 2.8000000000e+01, 1.6050000000e+01, 5.1644616667e+04
 1500506100, 2.2500000000e+02, 1.8000000000e+02, 2.7966666667e+01, 1.6052000000e+01, 5.1645816667e+04
 1500506400, 2.2500000000e+02, 1.8000000000e+02, 2.6000000000e+01, 1.6050000000e+01, 5.1647200000e+04
 1500506700, 2.2500000000e+02, 1.8000000000e+02, 2.7633333333e+01, 1.6054166667e+01, 5.1646383333e+04
 1500507000, 2.2500000000e+02, 1.8000000000e+02, 2.6766666667e+01, 1.6060000000e+01, 5.1645633333e+04
 1500507300, 2.2500000000e+02, 1.8000000000e+02, 2.6833333333e+01, 1.6053833333e+01, 5.1646966667e+04
 1500507600, 2.2500000000e+02, 1.8000000000e+02, 2.8000000000e+01, 1.6050000000e+01, 5.1645000000e+04
 1500507900, 2.2500000000e+02, 1.8000000000e+02, 2.8000000000e+01, 1.6050000000e+01, 5.1649500000e+04
 1500508200, 2.2500000000e+02, 1.8000000000e+02, 2.8000000000e+01, 1.6050000000e+01, 5.1651216667e+04
 1500508500, 2.2500000000e+02, 1.8000000000e+02, 2.8000000000e+01, 1.6048000000e+01, 5.1651583333e+04
 1500508800, 2.2500000000e+02, 1.8000000000e+02, 2.8000000000e+01, 1.6056166667e+01, 5.1650183333e+04
 1500509100, 2.2500000000e+02, 1.8000000000e+02, 2.7166666667e+01, 1.6057833333e+01, 5.1650850000e+04
 1500509400, 2.2500000000e+02, 1.8000000000e+02, 2.6433333333e+01, 1.6048000000e+01, 5.1652833333e+04
 1500509700, 2.2500000000e+02, 1.8000000000e+02, 2.8000000000e+01, 1.6050000000e+01, 5.1655383333e+04
 1500510000, 2.2500000000e+02, 1.8000000000e+02, 2.8000000000e+01, 1.6050000000e+01, 5.1655400000e+04
 1500510300, 2.2500000000e+02, 1.8000000000e+02, 2.8000000000e+01, 1.6056000000e+01, 5.1655816667e+04
 1500510600, 2.2500000000e+02, 1.8000000000e+02, 2.8000000000e+01, 1.6050000000e+01, 5.1653600000e+04
 1500510900, 2.2500000000e+02, 1.8000000000e+02, 2.8000000000e+01, 1.6050000000e+01, 5.1656450000e+04
 1500511200, 2.2500000000e+02, 1.8000000000e+02, 2.8000000000e+01, 1.6050000000e+01, 5.1656966667e+04
 1500511500, 2.2500000000e+02, 1.8000000000e+02, 2.7966666667e+01, 1.6050000000e+01, 5.1657033333e+04
 1500511800, 2.2500000000e+02, 1.8000000000e+02, 2.6000000000e+01, 1.6050000000e+01, 5.1658183333e+04
 1500512100, 2.2500000000e+02, 1.8000000000e+02, 2.7633333333e+01, 1.6050000000e+01, 5.1656166667e+04
 1500512400, 2.2500000000e+02, 1.8000000000e+02, 2.8000000000e+01, 1.6050000000e+01, 5.1655200000e+04
 1500512700, 2.2500000000e+02, 1.8000000000e+02, 2.8000000000e+01, 1.6046000000e+01, 5.1654983333e+04
 1500513000, 2.2500000000e+02, 1.8000000000e+02, 2.8000000000e+01, 1.6052000000e+01, 5.1654816667e+04
 1500513300, 2.2500000000e+02, 1.8000000000e+02, 2.8000000000e+01, 1.6048000000e+01, 5.1656000000e+04
 1500513600, 2.2500000000e+02, 1.8000000000e+02, 2.8000000000e+01, 1.6050000000e+01, 5.1654400000e+04
 1500513900, 2.2500000000e+02, 1.8000000000e+02, 2.8000000000e+01, 1.6050000000e+01, 5.1654016667e+04
 1500514200, 2.2500000000e+02, 1.8000000000e+02, 2.8000000000e+01, 1.6050000000e+01, 5.1654566667e+04
 1500514500, 2.2500000000e+02, 1.8000000000e+02, 2.8000000000e+01, 1.6052000000e+01, 5.1654000000e+04
 1500514800, 2.2500000000e+02, 1.8000000000e+02, 2.8000000000e+01, 1.6050000000e+01, 5.1653783333e+04
 1500515100, 2.2500000000e+02, 1.8000000000e+02, 2.8000000000e+01, 1.6044000000e+01, 5.1655050000e+04
 1500515400, 2.2500000000e+02, 1.8000000000e+02, 2.8000000000e+01, 1.6050000000e+01, 5.1655600000e+04
 1500515700, 2.2500000000e+02, 1.8000000000e+02, 2.8000000000e+01, 1.6050000000e+01, 5.1655366667e+04
 1500516000, 2.2500000000e+02, 1.8000000000e+02, 2.8000000000e+01, 1.6050000000e+01, 5.1655016667e+04
 1500516300, 2.2500000000e+02, 1.8000000000e+02, 2.8000000000e+01, 1.6050000000e+01, 5.1655983333e+04
 1500516600, 2.2500000000e+02, 1.8000000000e+02, 2.8000000000e+01, 1.6050000000e+01, 5.1654966667e+04
 1500516900, 2.2500000000e+02, 1.8000000000e+02, 2.8000000000e+01, 1.6050000000e+01, 5.1654666667e+04
 1500517200, 2.2500000000e+02, 1.8000000000e+02, 2.8000000000e+01, 1.6050000000e+01, 5.1656200000e+04
 1500517500, 2.2500000000e+02, 1.8000000000e+02, 2.8000000000e+01, 1.6050000000e+01, 5.1656433333e+04
 1500517800, 2.2500000000e+02, 1.8000000000e+02, 2.8000000000e+01, 1.6049833333e+01, 5.1657000000e+04
 1500518100, 2.2500000000e+02, 1.8000000000e+02, 2.8000000000e+01, 1.6046166667e+01, 5.1655816667e+04
 1500518400, 2.2500000000e+02, 1.8000000000e+02, 2.8000000000e+01, 1.6052000000e+01, 5.1656366667e+04
 1500518700, 2.2500000000e+02, 1.8000000000e+02, 2.8000000000e+01, 1.6050000000e+01, 5.1654800000e+04
 1500519000, 2.2500000000e+02, 1.8000000000e+02, 2.8000000000e+01, 1.6050166667e+01, 5.1655016667e+04
 1500519300, 2.2500000000e+02, 1.8000000000e+02, 2.6366666667e+01, 1.6051833333e+01, 5.1655050000e+04
 1500519600, 2.2500000000e+02, 1.8000000000e+02, 2.7233333333e+01, 1.6052000000e+01, 5.1656100000e+04
 1500519900, 2.2500000000e+02, 1.8000000000e+02, 2.8000000000e+01, 1.6050000000e+01, 5.1654600000e+04
 1500520200, 2.2500000000e+02, 1.8000000000e+02, 2.8000000000e+01, 1.6045666667e+01, 5.1655200000e+04
 1500520500, 2.2500000000e+02, 1.8000000000e+02, 2.8000000000e+01, 1.6038333333e+01, 5.1655600000e+04
 1500520800, 2.2500000000e+02, 1.8000000000e+02, 2.8000000000e+01, 1.6050000000e+01, 5.1656416667e+04
 1500521100, 2.2500000000e+02, 1.8000000000e+02, 2.8000000000e+01, 1.6050000000e+01, 5.1655566667e+04
 1500521400, 2.2500000000e+02, 1.8000000000e+02, 2.8000000000e+01, 1.6052000000e+01, 5.1655433333e+04
 1500521700, 2.2500000000e+02, 1.8000000000e+02, 2.7166666667e+01, 1.6050000000e+01, 5.1657400000e+04
 1500522000, 2.2500000000e+02, 1.8000000000e+02, 2.6433333333e+01, 1.6050000000e+01, 5.1657000000e+04
 1500522300, 2.2500000000e+02, 1.8000000000e+02, 2.8000000000e+01, 1.6052000000e+01, 5.1658833333e+04
 1500522600, 2.2500000000e+02, 1.8000000000e+02, 2.8000000000e+01, 1.6050000000e+01, 5.1659000000e+04
 1500522900, 2.2500000000e+02, 1.8000000000e+02, 2.8000000000e+01, 1.6050000000e+01, 5.1658616667e+04
 1500523200, 2.2500000000e+02, 1.8000000000e+02, 2.8000000000e+01, 1.6050000000e+01, 5.1658783333e+04
 1500523500, 2.2500000000e+02, 1.7916666667e+02, 2.8000000000e+01, 1.6050000000e+01, 5.1657800000e+04
 1500523800, 2.2500000000e+02, 1.7800000000e+02, 2.8000000000e+01, 1.6050000000e+01, 5.1658200000e+04
 1500524100, 2.2500000000e+02, 1.7803333333e+02, 2.8000000000e+01, 1.6050000000e+01, 5.1657800000e+04
 1500524400, 2.2500000000e+02, 1.8000000000e+02, 2.8000000000e+01, 1.6050000000e+01, 5.1658216667e+04
 1500524700, 2.2500000000e+02, 1.8000000000e+02, 2.6366666667e+01, 1.6050000000e+01, 5.1658383333e+04
 1500525000, 2.2500000000e+02, 1.8000000000e+02, 2.6000000000e+01, 1.6050000000e+01, 5.1658000000e+04
 1500525300, 2.2500000000e+02, 1.8000000000e+02, 2.6833333333e+01, 1.6050000000e+01, 5.1658816667e+04
 1500525600, 2.2500000000e+02, 1.8000000000e+02, 2.8000000000e+01, 1.6050000000e+01, 5.1658966667e+04
 1500525900, 2.2500000000e+02, 1.8000000000e+02, 2.8000000000e+01, 1.6050000000e+01, 5.1657633333e+04
 1500526200, 2.2500000000e+02, 1.8000000000e+02, 2.8000000000e+01, 1.6050000000e+01, 5.1659633333e+04
 1500526500, 2.2500000000e+02, 1.8000000000e+02, 2.6366666667e+01, 1.6056000000e+01, 5.1662200000e+04
 1500526800, 2.2500000000e+02, 1.8000000000e+02, 2.6000000000e+01, 1.6050000000e+01, 5.1662433333e+04
 1500527100, 2.2500000000e+02, 1.8000000000e+02, 2.6000000000e+01, 1.6050000000e+01, 5.1663816667e+04
 1500527400, 2.2500000000e+02, 1.7956666667e+02, 2.6433333333e+01, 1.6052166667e+01, 5.1665633333e+04
 1500527700, 2.2500000000e+02, 1.7803333333e+02, 2.8000000000e+01, 1.6064000000e+01, 5.1667433333e+04
 1500528000, 2.2500000000e+02, 1.8000000000e+02, 2.8000000000e+01, 1.6057833333e+01, 5.1668783333e+04
 1500528300, 2.2500000000e+02, 1.8000000000e+02, 2.8000000000e+01, 1.6050000000e+01, 5.1667783333e+04
 1500528600, 2.2500000000e+02, 1.8000000000e+02, 2.8000000000e+01, 1.6049833333e+01, 5.1668833333e+04
 1500528900, 2.2500000000e+02, 1.8000000000e+02, 2.8000000000e+01, 1.6044166667e+01, 5.1668400000e+04
 1500529200, 2.2500000000e+02, 1.8000000000e+02, 2.8000000000e+01, 1.6049833333e+01, 5.1669016667e+04
 1500529500, 2.2500000000e+02, 1.7996666667e+02, 2.8000000000e+01, 1.6040000000e+01, 5.1668783333e+04
 1500529800, 2.2500000000e+02, 1.7800000000e+02, 2.8000000000e+01, 1.6040000000e+01, 5.1669050000e+04
 1500530100, 2.2500000000e+02, 1.7963333333e+02, 2.8000000000e+01, 1.6042166667e+01, 5.1669766667e+04
 1500530400, 2.2500000000e+02, 1.8000000000e+02, 2.8000000000e+01, 1.6050000000e+01, 5.1669383333e+04
 1500530700, 2.2500000000e+02, 1.8000000000e+02, 2.8000000000e+01, 1.6050000000e+01, 5.1668016667e+04
 1500531000, 2.2500000000e+02, 1.8000000000e+02, 2.8000000000e+01, 1.6050000000e+01, 5.1669216667e+04
 1500531300, 2.2500000000e+02, 1.8000000000e+02, 2.8000000000e+01, 1.6048000000e+01, 5.1671033333e+04
 1500531600, 2.2500000000e+02, 1.8000000000e+02, 2.8000000000e+01, 1.6050000000e+01, 5.1671600000e+04
 1500531900, 2.2500000000e+02, 1.8000000000e+02, 2.8000000000e+01, 1.6050000000e+01, 5.1669333333e+04
 1500532200, 2.2500000000e+02, 1.8123333333e+02, 2.8000000000e+01, 1.6050000000e+01, 5.1668450000e+04
 1500532500, 2.2500000000e+02, 1.8116666667e+02, 2.8000000000e+01, 1.6050000000e+01, 5.1670416667e+04
 1500532800, 2.2500000000e+02, 1.8000000000e+02, 2.7566666667e+01, 1.6050000000e+01, 5.1670633333e+04
 1500533100, 2.2500000000e+02, 1.8000000000e+02, 2.6033333333e+01, 1.6050000000e+01, 5.1671200000e+04
 1500533400, 2.2500000000e+02, 1.8000000000e+02, 2.8000000000e+01, 1.6050000000e+01, 5.1671783333e+04
 1500533700, 2.2500000000e+02, 1.8000000000e+02, 2.8000000000e+01, 1.6050166667e+01, 5.1670550000e+04
 1500534000, 2.2500000000e+02, 1.8000000000e+02, 2.8000000000e+01, 1.6055833333e+01, 5.1668850000e+04
 1500534300, 2.2291666667e+02, 1.8000000000e+02, 2.7166666667e+01, 1.6050000000e+01, 5.1670666667e+04
 1500534600, 2.2108333333e+02, 1.8000000000e+02, 2.6433333333e+01, 1.6052000000e+01, 5.1672400000e+04
 1500534900, 2.2500000000e+02, 1.7996666667e+02, 2.8033333333e+01, 1.6050000000e+01, 5.1673316667e+04
 1500535200, 2.2500000000e+02, 1.7800000000e+02, 3.0000000000e+01, 1.6050000000e+01, 5.1670583333e+04
 1500535500, 2.2500000000e+02, 1.7963333333e+02, 2.8366666667e+01, 1.6050000000e+01, 5.1671016667e+04
 1500535800, 2.2500000000e+02, 1.7876666667e+02, 2.8000000000e+01, 1.6050000000e+01, 5.1671966667e+04
 1500536100, 2.2500000000e+02, 1.7883333333e+02, 2.8000000000e+01, 1.6050000000e+01, 5.1669600000e+04
 1500536400, 2.2500000000e+02, 1.8000000000e+02, 2.7566666667e+01, 1.6050166667e+01, 5.1671216667e+04
 1500536700, 2.2500000000e+02, 1.7996666667e+02, 2.6033333333e+01, 1.6051833333e+01, 5.1671200000e+04
 1500537000, 2.2500000000e+02, 1.7800000000e+02, 2.8000000000e+01, 1.6050000000e+01, 5.1672000000e+04
 1500537300, 2.2500000000e+02, 1.7800000000e+02, 2.8000000000e+01, 1.6050000000e+01, 5.1672400000e+04
 1500537600, 2.2500000000e+02, 1.7800000000e+02, 2.8000000000e+01, 1.6050000000e+01, 5.1672400000e+04
 1500537900, 2.2500000000e+02, 1.7883333333e+02, 2.8000000000e+01, 1.6050000000e+01, 5.1672616667e+04
 1500538200, 2.2500000000e+02, 1.7956666667e+02, 2.8000000000e+01, 1.6050000000e+01, 5.1672166667e+04
 1500538500, 2.2500000000e+02, 1.7800000000e+02, 2.8000000000e+01, 1.6050000000e+01, 5.1670616667e+04
 1500538800, 2.2500000000e+02, 1.7800000000e+02, 2.8000000000e+01, 1.6050000000e+01, 5.1671983333e+04
 1500539100, 2.2500000000e+02, 1.7800000000e+02, 2.8000000000e+01, 1.6050000000e+01, 5.1671016667e+04
 1500539400, 2.2500000000e+02, 1.7923333333e+02, 2.8000000000e+01, 1.6050000000e+01, 5.1670983333e+04
 1500539700, 2.2500000000e+02, 1.8000000000e+02, 2.8000000000e+01, 1.6050000000e+01, 5.1671850000e+04
 1500540000, 2.2500000000e+02, 1.7956666667e+02, 2.8000000000e+01, 1.6050333333e+01, 5.1673783333e+04
 1500540300, 2.2500000000e+02, 1.7803333333e+02, 2.8000000000e+01, 1.6055666667e+01, 5.1672983333e+04
 1500540600, 2.2500000000e+02, 1.8000000000e+02, 2.8000000000e+01, 1.6050000000e+01, 5.1670766667e+04
 1500540900, 2.2500000000e+02, 1.8000000000e+02, 2.8000000000e+01, 1.6050000000e+01, 5.1669000000e+04
 1500541200, 2.2500000000e+02, 1.8000000000e+02, 2.8000000000e+01, 1.6050000000e+01, 5.1669616667e+04
 1500541500, 2.2500000000e+02, 1.8000000000e+02, 2.8000000000e+01, 1.6050000000e+01, 5.1669983333e+04
 1500541800, 2.2500000000e+02, 1.8000000000e+02, 2.7566666667e+01, 1.6045833333e+01, 5.1669816667e+04
 1500542100, 2.2500000000e+02, 1.8000000000e+02, 2.6033333333e+01, 1.6046166667e+01, 5.1669633333e+04
 1500542400, 2.2500000000e+02, 1.8000000000e+02, 2.8000000000e+01, 1.6050000000e+01, 5.1670566667e+04
 1500542700, 2.2500000000e+02, 1.8000000000e+02, 2.8000000000e+01, 1.6050000000e+01, 5.1671000000e+04
 1500543000, 2.2500000000e+02, 1.8000000000e+02, 2.8000000000e+01, 1.6049833333e+01, 5.1671416667e+04
 1500543300, 2.2500000000e+02, 1.7916666667e+02, 2.8000000000e+01, 1.6044166667e+01, 5.1672450000e+04
 1500543600, 2.2500000000e+02, 1.7843333333e+02, 2.8000000000e+01, 1.6050000000e+01, 5.1673566667e+04
 1500543900, 2.2500000000e+02, 1.7996666667e+02, 2.8000000000e+01, 1.6050000000e+01, 5.1671800000e+04
 1500544200, 2.2500000000e+02, 1.7800000000e+02, 2.8000000000e+01, 1.6050166667e+01, 5.1672400000e+04
 1500544500, 2.2500000000e+02, 1.7963333333e+02, 2.8000000000e+01, 1.6070000000e+01, 5.1672616667e+04
 1500544800, 2.2500000000e+02, 1.8000000000e+02, 2.8000000000e+01, 1.6063833333e+01, 5.1672416667e+04
 1500545100, 2.2500000000e+02, 1.8000000000e+02, 2.8000000000e+01, 1.6050000000e+01, 5.1672766667e+04
 1500545400, 2.2500000000e+02, 1.8000000000e+02, 2.8000000000e+01, 1.6050166667e+01, 5.1672000000e+04
 1500545700, 2.2500000000e+02, 1.8000000000e+02, 2.8000000000e+01, 1.6051833333e+01, 5.1672650000e+04
 1500546000, 2.2500000000e+02, 1.8000000000e+02, 2.8000000000e+01, 1.6050000000e+01, 5.1673616667e+04
 1500546300, 2.2500000000e+02, 1.8000000000e+02, 2.8000000000e+01, 1.6050000000e+01, 5.1673916667e+04
 1500546600, 2.2500000000e+02, 1.8000000000e+02, 2.8000000000e+01, 1.6050000000e+01, 5.1671616667e+04
 1500546900, 2.2500000000e+02, 1.8000000000e+02, 2.8000000000e+01, 1.6050000000e+01, 5.1670966667e+04
 1500547200, 2.2500000000e+02, 1.8000000000e+02, 2.8000000000e+01, 1.6050000000e+01, 5.1672500000e+04
 1500547500, 2.2500000000e+02, 1.7996666667e+02, 2.8000000000e+01, 1.6047833333e+01, 5.1674583333e+04
 1500547800, 2.2500000000e+02, 1.7800000000e+02, 2.8000000000e+01, 1.6044166667e+01, 5.1674200000e+04
 1500548100, 2.2500000000e+02, 1.7963333333e+02, 2.8000000000e+01, 1.6047833333e+01, 5.1674566667e+04
 1500548400, 2.2500000000e+02, 1.8000000000e+02, 2.8000000000e+01, 1.6046000000e+01, 5.1673850000e+04
 1500548700, 2.2500000000e+02, 1.7916666667e+02, 2.8000000000e+01, 1.6046166667e+01, 5.1673983333e+04
 1500549000, 2.2500000000e+02, 1.7843333333e+02, 2.8000000000e+01, 1.6050000000e+01, 5.1673433333e+04
 1500549300, 2.2500000000e+02, 1.8000000000e+02, 2.8000000000e+01, 1.6050000000e+01, 5.1673816667e+04
 1500549600, 2.2500000000e+02, 1.8000000000e+02, 2.8000000000e+01, 1.6048000000e+01, 5.1673983333e+04
 1500549900, 2.2500000000e+02, 1.8000000000e+02, 2.8000000000e+01, 1.6054000000e+01, 5.1673933333e+04
 1500550200, 2.2500000000e+02, 1.8000000000e+02, 2.8000000000e+01, 1.6050000000e+01, 5.1673216667e+04
 1500550500, 2.2500000000e+02, 1.8000000000e+02, 2.8000000000e+01, 1.6052000000e+01, 5.1672983333e+04
 1500550800, 2.2500000000e+02, 1.8000000000e+02, 2.8000000000e+01, 1.6052000000e+01, 5.1672766667e+04
 1500551100, 2.2500000000e+02, 1.8000000000e+02, 2.8000000000e+01, 1.6052000000e+01, 5.1671416667e+04
 1500551400, 2.2500000000e+02, 1.8000000000e+02, 2.8000000000e+01, 1.6050000000e+01, 5.1672600000e+04
 1500551700, 2.2500000000e+02, 1.8000000000e+02, 2.8000000000e+01, 1.6041833333e+01, 5.1672400000e+04
 1500552000, 2.2500000000e+02, 1.7876666667e+02, 2.8000000000e+01, 1.6042000000e+01, 5.1673000000e+04
 1500552300, 2.2500000000e+02, 1.7883333333e+02, 2.8000000000e+01, 1.6048166667e+01, 5.1672400000e+04
 1500552600, 2.2500000000e+02, 1.8000000000e+02, 2.8000000000e+01, 1.6056166667e+01, 5.1673183333e+04
 1500552900, 2.2500000000e+02, 1.7996666667e+02, 2.8000000000e+01, 1.6053833333e+01, 5.1673216667e+04
 1500553200, 2.2500000000e+02, 1.7800000000e+02, 2.8000000000e+01, 1.6050000000e+01, 5.1671983333e+04
 1500553500, 2.2500000000e+02, 1.7800000000e+02, 2.8000000000e+01, 1.6054000000e+01, 5.1672233333e+04
 1500553800, 2.2500000000e+02, 1.7800000000e+02, 2.8000000000e+01, 1.6050000000e+01, 5.1672233333e+04
 1500554100, 2.2500000000e+02, 1.7883333333e+02, 2.7166666667e+01, 1.6043833333e+01, 5.1674983333e+04
 1500554400, 2.2500000000e+02, 1.8000000000e+02, 2.6433333333e+01, 1.6040166667e+01, 5.1675416667e+04
 1500554700, 2.2500000000e+02, 1.7996666667e+02, 2.8000000000e+01, 1.6052166667e+01, 5.1672983333e+04
 1500555000, 2.2500000000e+02, 1.7800000000e+02, 2.8000000000e+01, 1.6051833333e+01, 5.1675016667e+04
 1500555300, 2.2500000000e+02, 1.7963333333e+02, 2.8000000000e+01, 1.6050000000e+01, 5.1676000000e+04
 1500555600, 2.2500000000e+02, 1.8000000000e+02, 2.6766666667e+01, 1.6050000000e+01, 5.1675800000e+04
 1500555900, 2.2500000000e+02, 1.8000000000e+02, 2.6000000000e+01, 1.6050000000e+01, 5.1675983333e+04
 1500556200, 2.2500000000e+02, 1.8000000000e+02, 2.6000000000e+01, 1.6050000000e+01, 5.1674816667e+04
 1500556500, 2.2500000000e+02, 1.7996666667e+02, 2.6033333333e+01, 1.6050000000e+01, 5.1675000000e+04
 1500556800, 2.2500000000e+02, 1.7800000000e+02, 2.8000000000e+01, 1.6050000000e+01, 5.1675000000e+04
 1500557100, 2.2500000000e+02, 1.7963333333e+02, 2.8000000000e+01, 1.6050000000e+01, 5.1676216667e+04
 1500557400, 2.2500000000e+02, 1.8000000000e+02, 2.8000000000e+01, 1.6056000000e+01, 5.1675800000e+04
 1500557700, 2.2500000000e+02, 1.8000000000e+02, 2.7166666667e+01, 1.6050000000e+01, 5.1676600000e+04
 1500558000, 2.2500000000e+02, 1.8000000000e+02, 2.6000000000e+01, 1.6050000000e+01, 5.1678400000e+04
 1500558300, 2.2500000000e+02, 1.8000000000e+02, 2.6033333333e+01, 1.6050000000e+01, 5.1677816667e+04
 1500558600, 2.2500000000e+02, 1.8000000000e+02, 2.8000000000e+01, 1.6050000000e+01, 5.1678216667e+04
 1500558900, 2.2500000000e+02, 1.8000000000e+02, 2.8000000000e+01, 1.6060000000e+01, 5.1678150000e+04
 1500559200, 2.2500000000e+02, 1.8000000000e+02, 2.6766666667e+01, 1.6050000000e+01, 5.1676250000e+04
 1500559500, 2.2500000000e+02, 1.8000000000e+02, 2.6833333333e+01, 1.6050000000e+01, 5.1676183333e+04
 1500559800, 2.2500000000e+02, 1.8000000000e+02, 2.7566666667e+01, 1.6050000000e+01, 5.1675566667e+04
 1500560100, 2.2500000000e+02, 1.8003333333e+02, 2.6000000000e+01, 1.6050000000e+01, 5.1675283333e+04
 1500560400, 2.2500000000e+02, 1.8200000000e+02, 2.6000000000e+01, 1.6041666667e+01, 5.1679600000e+04
 1500560700, 2.2500000000e+02, 1.8036666667e+02, 2.7633333333e+01, 1.6032166667e+01, 5.1679983333e+04
 1500561000, 2.2500000000e+02, 1.8000000000e+02, 2.6766666667e+01, 1.6048166667e+01, 5.1680250000e+04
 1500561300, 2.2500000000e+02, 1.7916666667e+02, 2.6833333333e+01, 1.6050000000e+01, 5.1681966667e+04
 1500561600, 2.2500000000e+02, 1.7842666667e+02, 2.8000000000e+01, 1.6050000000e+01, 5.1682016667e+04
 1500561900, 2.2500000000e+02, 1.8000000000e+02, 2.7966666667e+01, 1.6050000000e+01, 5.1681583333e+04
 1500562200, 2.2500000000e+02, 1.8000000000e+02, 2.6000000000e+01, 1.6050000000e+01, 5.1681600000e+04
 1500562500, 2.2500000000e+02, 1.8000000000e+02, 2.7633333333e+01, 1.6050000000e+01, 5.1681200000e+04
 1500562800, 2.2500000000e+02, 1.8000000000e+02, 2.6766666667e+01, 1.6054166667e+01, 5.1680016667e+04
 1500563100, 2.2500000000e+02, 1.8000000000e+02, 2.6000000000e+01, 1.6060166667e+01, 5.1680400000e+04
 1500563400, 2.2500000000e+02, 1.8000000000e+02, 2.6433333333e+01, 1.6057666667e+01, 5.1682233333e+04
 1500563700, 2.2500000000e+02, 1.8000000000e+02, 2.7966666667e+01, 1.6050000000e+01, 5.1684066667e+04
 1500564000, 2.2500000000e+02, 1.8000000000e+02, 2.6000000000e+01, 1.6050000000e+01, 5.1686366667e+04
 1500564300, 2.2500000000e+02, 1.8000000000e+02, 2.7633333333e+01, 1.6052000000e+01, 5.1685866667e+04
 1500564600, 2.2500000000e+02, 1.8000000000e+02, 2.8000000000e+01, 1.6050000000e+01, 5.1685233333e+04
 1500564900, 2.2500000000e+02, 1.8000000000e+02, 2.8000000000e+01, 1.6050000000e+01, 5.1687583333e+04
 1500565200, 2.2500000000e+02, 1.8000000000e+02, 2.8000000000e+01, 1.6052000000e+01, 5.1687733333e+04
 1500565500, 2.2500000000e+02, 1.8000000000e+02, 2.7966666667e+01, 1.6051000000e+01, 5.1686716667e+04
 1500565800, 2.2500000000e+02, 1.8000000000e+02, 2.6000000000e+01, 1.6218166667e+01, 5.1694200000e+04
 1500566100, 2.2500000000e+02, 1.8000000000e+02, 2.7633333333e+01, 1.6443166667e+01, 5.1693633333e+04
 1500566400, 2.2500000000e+02, 1.7876666667e+02, 2.8000000000e+01, 1.6606166667e+01, 5.1695166667e+04
 1500566700, 2.2500000000e+02, 1.7800000000e+02, 2.8000000000e+01, 1.6717666667e+01, 5.1694633333e+04
 1500567000, 2.2500000000e+02, 1.7800000000e+02, 2.8000000000e+01, 1.6813333333e+01, 5.1696166667e+04
 1500567300, 2.2225000000e+02, 1.7553333333e+02, 2.7733333333e+01, 1.6885000000e+01, 5.1695016667e+04
 1500567600, 6.0000000000e+01, 3.0000000000e+01, 1.2000000000e+01, 1.6944833333e+01, 5.1695600000e+04
 1500567900, 1.9475000000e+02, 1.5086666667e+02, 2.5066666667e+01, 1.6982500000e+01, 5.1696216667e+04
 1500568200, 2.2500000000e+02, 1.7800000000e+02, 2.8000000000e+01, 1.7004333333e+01, 5.1696983333e+04
 1500568500, 2.2500000000e+02, 1.7800000000e+02, 2.8000000000e+01, 1.7020000000e+01, 5.1695016667e+04
 1500568800, 2.2500000000e+02, 1.7800000000e+02, 2.8000000000e+01, 1.7028500000e+01, 5.1695800000e+04
 1500569100, 2.2500000000e+02, 1.7800000000e+02, 2.8000000000e+01, 1.7056166667e+01, 5.1695950000e+04
 1500569400, 2.2500000000e+02, 1.7800000000e+02, 2.8000000000e+01, 1.7060166667e+01, 5.1695266667e+04
 1500569700, 8.6166666667e+01, 5.5500000000e+01, 1.4933333333e+01, 1.7063833333e+01, 5.1697416667e+04
 1500570000, 1.5983333333e+02, 1.2173333333e+02, 2.0633333333e+01, 1.7051833333e+01, 5.1700700000e+04
 1500570300, 2.2500000000e+02, 1.7916666667e+02, 2.6833333333e+01, 1.7050000000e+01, 5.1704000000e+04
 1500570600, 2.2500000000e+02, 1.7800000000e+02, 2.8000000000e+01, 1.7046000000e+01, 5.1704816667e+04
 1500570900, 2.2500000000e+02, 1.7800000000e+02, 2.8000000000e+01, 1.7052000000e+01, 5.1704983333e+04
 1500571200, 2.2500000000e+02, 1.7800000000e+02, 2.8000000000e+01, 1.7050000000e+01, 5.1704416667e+04
 1500571500, 2.2500000000e+02, 1.7800000000e+02, 2.8000000000e+01, 1.7052000000e+01, 5.1704566667e+04
 1500571800, 1.2633333333e+02, 8.7966666667e+01, 2.1833333333e+01, 1.7050000000e+01, 5.1703600000e+04
 1500572100, 1.3166666667e+02, 9.2833333333e+01, 2.2166666667e+01, 1.7046000000e+01, 5.1702816667e+04
 1500572400, 2.2500000000e+02, 1.7800000000e+02, 2.8000000000e+01, 1.7050000000e+01, 5.1702583333e+04
 1500572700, 2.2500000000e+02, 1.7800000000e+02, 2.8000000000e+01, 1.7048000000e+01, 5.1703600000e+04
 1500573000, 2.2500000000e+02, 1.7800000000e+02, 2.8000000000e+01, 1.7050000000e+01, 5.1704200000e+04
 1500573300, 2.2500000000e+02, 1.7800000000e+02, 2.8000000000e+01, 1.7046000000e+01, 5.1702183333e+04
 1500573600, 2.2500000000e+02, 1.7800000000e+02, 2.8000000000e+01, 1.7050000000e+01, 5.1702616667e+04
 1500573900, 2.2500000000e+02, 1.7800000000e+02, 2.8000000000e+01, 1.7052000000e+01, 5.1703183333e+04
 1500574200, 2.2500000000e+02, 1.7843333333e+02, 2.8000000000e+01, 1.7050000000e+01, 5.1704616667e+04
 1500574500, 2.2500000000e+02, 1.8000000000e+02, 2.8000000000e+01, 1.7050000000e+01, 5.1704250000e+04
 1500574800, 2.2500000000e+02, 1.8000000000e+02, 2.8000000000e+01, 1.7050000000e+01, 5.1705766667e+04
 1500575100, 2.2500000000e+02, 1.8000000000e+02, 2.6366666667e+01, 1.7058333333e+01, 5.1705616667e+04
 1500575400, 2.2191666667e+02, 1.8000000000e+02, 2.6000000000e+01, 1.7063833333e+01, 5.1706500000e+04
 1500575700, 2.2208333333e+02, 1.8000000000e+02, 2.6000000000e+01, 1.7068000000e+01, 5.1709800000e+04
 1500576000, 2.2500000000e+02, 1.8000000000e+02, 2.6000000000e+01, 1.7059833333e+01, 5.1709150000e+04
 1500576300, 2.2500000000e+02, 1.8000000000e+02, 2.6000000000e+01, 1.7050000000e+01, 5.1709233333e+04
 1500576600, 2.2500000000e+02, 1.8000000000e+02, 2.6000000000e+01, 1.7050000000e+01, 5.1712866667e+04
 1500576900, 2.2500000000e+02, 1.8163333333e+02, 2.6000000000e+01, 1.7064500000e+01, 5.1715600000e+04
 1500577200, 2.2500000000e+02, 1.8200000000e+02, 2.6000000000e+01, 1.7083833333e+01, 5.1714416667e+04
 1500577500, 2.2500000000e+02, 1.8033333333e+02, 2.6833333333e+01, 1.7070166667e+01, 5.1715000000e+04
 1500577800, 2.2500000000e+02, 1.7843333333e+02, 2.8000000000e+01, 1.7078000000e+01, 5.1715633333e+04
 1500578100, 2.2500000000e+02, 1.7996666667e+02, 2.8000000000e+01, 1.7079833333e+01, 5.1717783333e+04
 1500578400, 2.2500000000e+02, 1.7800000000e+02, 2.8000000000e+01, 1.7072000000e+01, 5.1716883333e+04
 1500578700, 2.2500000000e+02, 1.7800000000e+02, 2.8000000000e+01, 1.7067833333e+01, 5.1719983333e+04
 1500579000, 2.2500000000e+02, 1.7923333333e+02, 2.8000000000e+01, 1.7043833333e+01, 5.1718083333e+04
 1500579300, 2.2500000000e+02, 1.8000000000e+02, 2.7166666667e+01, 1.6821833333e+01, 5.1712433333e+04
 1500579600, 2.2500000000e+02, 1.7956666667e+02, 2.6433333333e+01, 1.6599000000e+01, 5.1711866667e+04
 1500579900, 2.2500000000e+02, 1.7800000000e+02, 2.8000000000e+01, 1.6437833333e+01, 5.1713966667e+04
 1500580200, 2.2500000000e+02, 1.7800000000e+02, 2.8000000000e+01, 1.6320333333e+01, 5.1712100000e+04
 1500580500, 2.2500000000e+02, 1.7963333333e+02, 2.9633333333e+01, 1.6236666667e+01, 5.1711000000e+04
 1500580800, 2.2500000000e+02, 1.7876666667e+02, 2.8766666667e+01, 1.6165000000e+01, 5.1711200000e+04
 1500581100, 2.2500000000e+02, 1.7883333333e+02, 2.8000000000e+01, 1.6119666667e+01, 5.1710600000e+04
 1500581400, 2.2500000000e+02, 1.7956666667e+02, 2.8000000000e+01, 1.6101666667e+01, 5.1711566667e+04
 1500581700, 2.2491666667e+02, 1.7800000000e+02, 2.7966666667e+01, 1.6077833333e+01, 5.1710616667e+04
 1500582000, 2.2000000000e+02, 1.7800000000e+02, 2.6000000000e+01, 1.6069500000e+01, 5.1711400000e+04
 1500582300, 2.2408333333e+02, 1.7963333333e+02, 2.6000000000e+01, 1.6062166667e+01, 5.1711433333e+04
 1500582600, 2.2500000000e+02, 1.7876666667e+02, 2.7233333333e+01, 1.6072166667e+01, 5.1712800000e+04
 1500582900, 2.2500000000e+02, 1.7800000000e+02, 2.8000000000e+01, 1.6069833333e+01, 5.1711800000e+04
 1500583200, 2.2500000000e+02, 1.7800000000e+02, 2.8000000000e+01, 1.6057833333e+01, 5.1712800000e+04
 1500583500, 2.2500000000e+02, 1.7800000000e+02, 2.8000000000e+01, 1.6050000000e+01, 5.1711366667e+04
 1500583800, 2.2500000000e+02, 1.7800000000e+02, 2.8000000000e+01, 1.6052333333e+01, 5.1712666667e+04
 1500584100, 2.2500000000e+02, 1.7800000000e+02, 2.9633333333e+01, 1.6067666667e+01, 5.1713200000e+04
 1500584400, 2.2500000000e+02, 1.7800000000e+02, 2.8766666667e+01, 1.6050000000e+01, 5.1714416667e+04
 1500584700, 2.2500000000e+02, 1.7800000000e+02, 2.8000000000e+01, 1.6050000000e+01, 5.1714400000e+04
 1500585000, 2.2500000000e+02, 1.7800000000e+02, 2.8000000000e+01, 1.6050000000e+01, 5.1715966667e+04
 1500585300, 2.2500000000e+02, 1.7800000000e+02, 2.8000000000e+01, 1.6050000000e+01, 5.1714800000e+04
 1500585600, 2.2500000000e+02, 1.7800000000e+02, 2.8000000000e+01, 1.6050000000e+01, 5.1714000000e+04
 1500585900, 2.2091666667e+02, 1.7800000000e+02, 2.6366666667e+01, 1.6050000000e+01, 5.1715233333e+04
 1500586200, 2.2308333333e+02, 1.7800000000e+02, 2.7233333333e+01, 1.6050000000e+01, 5.1716800000e+04
 1500586500, 2.2500000000e+02, 1.7800000000e+02, 2.8833333333e+01, 1.6050000000e+01, 5.1716000000e+04
 1500586800, 2.2500000000e+02, 1.7800000000e+02, 2.9566666667e+01, 1.6043833333e+01, 5.1714400000e+04
 1500587100, 2.2500000000e+02, 1.7800000000e+02, 2.8000000000e+01, 1.6042166667e+01, 5.1713983333e+04
 1500587400, 2.2500000000e+02, 1.7800000000e+02, 2.8000000000e+01, 1.6050000000e+01, 5.1714583333e+04
 1500587700, 2.2500000000e+02, 1.7800000000e+02, 2.8000000000e+01, 1.6050000000e+01, 5.1713050000e+04
 1500588000, 2.2500000000e+02, 1.7923333333e+02, 2.8000000000e+01, 1.6058166667e+01, 5.1715983333e+04
 1500588300, 2.2500000000e+02, 1.8000000000e+02, 2.8000000000e+01, 1.6053833333e+01, 5.1716850000e+04
 1500588600, 2.2500000000e+02, 1.8000000000e+02, 2.8000000000e+01, 1.6052000000e+01, 5.1717966667e+04
 1500588900, 2.2500000000e+02, 1.8000000000e+02, 2.8000000000e+01, 1.6048000000e+01, 5.1716800000e+04
 1500589200, 2.2500000000e+02, 1.8000000000e+02, 2.8000000000e+01, 1.6050000000e+01, 5.1716583333e+04
 1500589500, 2.2500000000e+02, 1.8000000000e+02, 2.8000000000e+01, 1.6050000000e+01, 5.1715200000e+04
 1500589800, 2.2500000000e+02, 1.7876666667e+02, 2.8000000000e+01, 1.6050000000e+01, 5.1715400000e+04
 1500590100, 2.2500000000e+02, 1.7883333333e+02, 2.8000000000e+01, 1.6052000000e+01, 5.1715016667e+04
 1500590400, 2.2500000000e+02, 1.7956666667e+02, 2.8000000000e+01, 1.6050000000e+01, 5.1715383333e+04
 1500590700, 2.2500000000e+02, 1.7800000000e+02, 2.8000000000e+01, 1.6050000000e+01, 5.1715220000e+04
 1500591000, 2.2500000000e+02, 1.7800000000e+02, 2.8000000000e+01, 1.6050000000e+01, 5.1715800000e+04
 1500591300, 2.2500000000e+02, 1.7800000000e+02, 2.8000000000e+01, 1.6047833333e+01, 5.1716800000e+04
 1500591600, 2.2500000000e+02, 1.7800000000e+02, 2.8000000000e+01, 1.6048166667e+01, 5.1716016667e+04
 1500591900, 2.2500000000e+02, 1.7800000000e+02, 2.8000000000e+01, 1.6050000000e+01, 5.1717800000e+04
 1500592200, 2.2500000000e+02, 1.7800000000e+02, 2.7566666667e+01, 1.6050000000e+01, 5.1717616667e+04
 1500592500, 2.2500000000e+02, 1.7803333333e+02, 2.6033333333e+01, 1.6050000000e+01, 5.1717616667e+04
 1500592800, 2.2500000000e+02, 1.8000000000e+02, 2.8000000000e+01, 1.6050000000e+01, 5.1718400000e+04
 1500593100, 2.2500000000e+02, 1.8000000000e+02, 2.8000000000e+01, 1.6050000000e+01, 5.1717800000e+04
 1500593400, 2.2500000000e+02, 1.7876666667e+02, 2.8000000000e+01, 1.6050000000e+01, 5.1717633333e+04
 1500593700, 2.2500000000e+02, 1.7800000000e+02, 2.8000000000e+01, 1.6050000000e+01, 5.1719400000e+04
 1500594000, 2.2391666667e+02, 1.7800000000e+02, 2.7566666667e+01, 1.6046000000e+01, 5.1719400000e+04
 1500594300, 2.2008333333e+02, 1.7800000000e+02, 2.6033333333e+01, 1.6050000000e+01, 5.1718183333e+04
 1500594600, 2.2500000000e+02, 1.7800000000e+02, 2.8000000000e+01, 1.6050000000e+01, 5.1718816667e+04
 1500594900, 2.2500000000e+02, 1.7963333333e+02, 2.8000000000e+01, 1.6050000000e+01, 5.1719633333e+04
 1500595200, 2.2500000000e+02, 1.7876666667e+02, 2.8000000000e+01, 1.6050000000e+01, 5.1720416667e+04
 1500595500, 2.2500000000e+02, 1.7800000000e+02, 2.8000000000e+01, 1.6054166667e+01, 5.1721733333e+04
 1500595800, 2.2500000000e+02, 1.7800000000e+02, 2.8000000000e+01, 1.6055933333e+01, 5.1720190000e+04
 1500596100, 2.2500000000e+02, 1.7800000000e+02, 2.8000000000e+01, 1.6050000000e+01, 5.1720193333e+04
 1500596400, 2.2500000000e+02, 1.7800000000e+02, 2.8000000000e+01, 1.6050000000e+01, 5.1719610000e+04
 1500596700, 2.2500000000e+02, 1.7800000000e+02, 2.8000000000e+01, 1.6050000000e+01, 5.1719800000e+04
 1500597000, 2.2500000000e+02, 1.7800000000e+02, 2.8000000000e+01, 1.6050000000e+01, 5.1719583333e+04
 1500597300, 2.2500000000e+02, 1.7800000000e+02, 2.8833333333e+01, 1.6050000000e+01, 5.1719433333e+04
 1500597600, 2.2500000000e+02, 1.7800000000e+02, 3.0000000000e+01, 1.6050000000e+01, 5.1720183333e+04
 1500597900, 2.2500000000e+02, 1.7802000000e+02, 2.9980000000e+01, 1.6050000000e+01, 5.1720816667e+04
 1500598200, 2.2500000000e+02, 1.8000000000e+02, 2.8000000000e+01, 1.6052000000e+01, 5.1719156667e+04
 1500598500, 2.2500000000e+02, 1.8000000000e+02, 2.8000000000e+01, 1.6052000000e+01, 5.1716750000e+04
 1500598800, 2.2500000000e+02, 1.8000000000e+02, 2.8000000000e+01, 1.6052000000e+01, 5.1716833333e+04
 1500599100, 2.2500000000e+02, 1.8000000000e+02, 2.8000000000e+01, 1.6050000000e+01, 5.1717400000e+04
 1500599400, 2.2500000000e+02, 1.8000000000e+02, 2.8000000000e+01, 1.6050000000e+01, 5.1717620000e+04
 1500599700, 2.2500000000e+02, 1.8000000000e+02, 2.7966666667e+01, 1.6050000000e+01, 5.1718800000e+04
 1500600000, 2.2500000000e+02, 1.8000000000e+02, 2.6000000000e+01, 1.6047833333e+01, 5.1719033333e+04
 1500600300, 2.2500000000e+02, 1.8000000000e+02, 2.7633333333e+01, 1.6044166667e+01, 5.1719383333e+04
 1500600600, 2.2500000000e+02, 1.7876666667e+02, 2.8000000000e+01, 1.6050000000e+01, 5.1720210000e+04
 1500600900, 2.2500000000e+02, 1.7883333333e+02, 2.8000000000e+01, 1.6050000000e+01, 5.1720183333e+04
 1500601200, 2.2500000000e+02, 1.7956666667e+02, 2.8000000000e+01, 1.6050000000e+01, 5.1721616667e+04
 1500601500, 2.2500000000e+02, 1.7803333333e+02, 2.8000000000e+01, 1.6050000000e+01, 5.1719633333e+04
 1500601800, 2.2500000000e+02, 1.8000000000e+02, 2.8000000000e+01, 1.6050000000e+01, 5.1720983333e+04
 1500602100, 2.2500000000e+02, 1.8000000000e+02, 2.8000000000e+01, 1.6050000000e+01, 5.1719366667e+04
 1500602400, 2.2500000000e+02, 1.7876666667e+02, 2.8000000000e+01, 1.6043833333e+01, 5.1721050000e+04
 1500602700, 2.2500000000e+02, 1.7800000000e+02, 2.8000000000e+01, 1.6052233333e+01, 5.1722173333e+04
 1500603000, 2.2500000000e+02, 1.7883333333e+02, 2.8000000000e+01, 1.6051833333e+01, 5.1722183333e+04
 1500603300, 2.2500000000e+02, 1.8000000000e+02, 2.8000000000e+01, 1.6046000000e+01, 5.1722016667e+04
 1500603600, 2.2500000000e+02, 1.8000000000e+02, 2.7966666667e+01, 1.6050000000e+01, 5.1721800000e+04
 1500603900, 2.2500000000e+02, 1.8000000000e+02, 2.6000000000e+01, 1.6050000000e+01, 5.1722600000e+04
 1500604200, 2.2500000000e+02, 1.7836666667e+02, 2.7633333333e+01, 1.6050000000e+01, 5.1722216667e+04
 1500604500, 2.2500000000e+02, 1.7923333333e+02, 2.8000000000e+01, 1.6050000000e+01, 5.1721000000e+04
 1500604800, 2.2500000000e+02, 1.7916666667e+02, 2.8000000000e+01, 1.6050000000e+01, 5.1721983333e+04
 1500605100, 2.2500000000e+02, 1.7800000000e+02, 2.8000000000e+01, 1.6050000000e+01, 5.1720433333e+04
 1500605400, 2.2500000000e+02, 1.7800000000e+02, 2.8000000000e+01, 1.6050000000e+01, 5.1721816667e+04
 1500605700, 2.2500000000e+02, 1.7800000000e+02, 2.8000000000e+01, 1.6050000000e+01, 5.1722513333e+04
 1500606000, 2.2500000000e+02, 1.7963333333e+02, 2.8000000000e+01, 1.6052000000e+01, 5.1722450000e+04
 1500606300, 2.2500000000e+02, 1.7876666667e+02, 2.8000000000e+01, 1.6050000000e+01, 5.1722183333e+04
 1500606600, 2.2500000000e+02, 1.7800000000e+02, 2.8833333333e+01, 1.6054000000e+01, 5.1722190000e+04
 1500606900, 2.2500000000e+02, 1.7800000000e+02, 2.9566666667e+01, 1.6052166667e+01, 5.1721616667e+04
 1500607200, 2.2500000000e+02, 1.7803333333e+02, 2.8000000000e+01, 1.6050000000e+01, 5.1721983333e+04
 1500607500, 2.2500000000e+02, 1.8000000000e+02, 2.8000000000e+01, 1.6050000000e+01, 5.1720650000e+04
 1500607800, 2.2500000000e+02, 1.7836666667e+02, 2.8000000000e+01, 1.6050000000e+01, 5.1722383333e+04
 1500608100, 2.2500000000e+02, 1.7800000000e+02, 2.8000000000e+01, 1.6050000000e+01, 5.1722616667e+04
 1500608400, 2.2500000000e+02, 1.7800000000e+02, 2.8833333333e+01, 1.6050000000e+01, 5.1722200000e+04
 1500608700, 2.2500000000e+02, 1.7800000000e+02, 2.9566666667e+01, 1.6050000000e+01, 5.1722600000e+04
 1500609000, 2.2500000000e+02, 1.7800000000e+02, 2.8000000000e+01, 1.6050000000e+01, 5.1720566667e+04
 1500609300, 2.2500000000e+02, 1.7800000000e+02, 2.8000000000e+01, 1.6050000000e+01, 5.1720833333e+04
 1500609600, 2.2500000000e+02, 1.7800000000e+02, 2.8000000000e+01, 1.6050000000e+01, 5.1721216667e+04
 1500609900, 2.2500000000e+02, 1.7800000000e+02, 2.8000000000e+01, 1.6050000000e+01, 5.1720400000e+04
 1500610200, 2.2500000000e+02, 1.7883333333e+02, 2.7166666667e+01, 1.6050000000e+01, 5.1721383333e+04
 1500610500, 2.2500000000e+02, 1.7956666667e+02, 2.6433333333e+01, 1.6050000000e+01, 5.1721333333e+04
 1500610800, 2.2500000000e+02, 1.7803333333e+02, 2.8000000000e+01, 1.6052000000e+01, 5.1720216667e+04
 1500611100, 2.2500000000e+02, 1.8000000000e+02, 2.8000000000e+01, 1.6050000000e+01, 5.1720783333e+04
 1500611400, 2.2500000000e+02, 1.7836666667e+02, 2.8000000000e+01, 1.6047833333e+01, 5.1721216667e+04
 1500611700, 2.2500000000e+02, 1.7923333333e+02, 2.8000000000e+01, 1.6040000000e+01, 5.1722016667e+04
 1500612000, 2.2500000000e+02, 1.7916666667e+02, 2.8000000000e+01, 1.6040000000e+01, 5.1721800000e+04
 1500612300, 2.2500000000e+02, 1.7800000000e+02, 2.8000000000e+01, 1.6040166667e+01, 5.1722233333e+04
 1500612600, 2.2500000000e+02, 1.7803333333e+02, 2.8000000000e+01, 1.6043833333e+01, 5.1724000000e+04
 1500612900, 2.2500000000e+02, 1.8000000000e+02, 2.8000000000e+01, 1.6048166667e+01, 5.1724383333e+04
 1500613200, 2.2500000000e+02, 1.8000000000e+02, 2.8000000000e+01, 1.6052000000e+01, 5.1724400000e+04
 1500613500, 2.2500000000e+02, 1.8000000000e+02, 2.8000000000e+01, 1.6056000000e+01, 5.1725000000e+04
 1500613800, 2.2500000000e+02, 1.7916666667e+02, 2.8000000000e+01, 1.6049833333e+01, 5.1723383333e+04
 1500614100, 2.2500000000e+02, 1.7800000000e+02, 2.8000000000e+01, 1.6042166667e+01, 5.1723433333e+04
 1500614400, 2.2500000000e+02, 1.7800000000e+02, 2.8000000000e+01, 1.6050000000e+01, 5.1725400000e+04
 1500614700, 2.2500000000e+02, 1.7800000000e+02, 2.8000000000e+01, 1.6050000000e+01, 5.1723366667e+04
 1500615000, 2.2500000000e+02, 1.7800000000e+02, 2.8000000000e+01, 1.6050000000e+01, 5.1723183333e+04
 1500615300, 2.2500000000e+02, 1.7800000000e+02, 2.8000000000e+01, 1.6048000000e+01, 5.1722850000e+04
 1500615600, 2.2500000000e+02, 1.7800000000e+02, 2.8000000000e+01, 1.6050000000e+01, 5.1723416667e+04
 1500615900, 2.2500000000e+02, 1.7843333333e+02, 2.8000000000e+01, 1.6050000000e+01, 5.1724983333e+04
 1500616200, 2.2500000000e+02, 1.8000000000e+02, 2.7966666667e+01, 1.6045833333e+01, 5.1724600000e+04
 1500616500, 2.2500000000e+02, 1.8000000000e+02, 2.6000000000e+01, 1.6044166667e+01, 5.1725216667e+04
 1500616800, 2.2500000000e+02, 1.8000000000e+02, 2.7633333333e+01, 1.6050000000e+01, 5.1724583333e+04
 1500617100, 2.2191666667e+02, 1.7876666667e+02, 2.6766666667e+01, 1.6050000000e+01, 5.1724633333e+04
 1500617400, 2.2208333333e+02, 1.7883333333e+02, 2.6000000000e+01, 1.6050000000e+01, 5.1725800000e+04
 1500617700, 2.2500000000e+02, 1.8000000000e+02, 2.6433333333e+01, 1.6050000000e+01, 5.1726416667e+04
 1500618000, 2.2500000000e+02, 1.8000000000e+02, 2.8000000000e+01, 1.6050000000e+01, 5.1726383333e+04
 1500618300, 2.2500000000e+02, 1.8000000000e+02, 2.8000000000e+01, 1.6050000000e+01, 5.1727416667e+04
 1500618600, 2.2500000000e+02, 1.8163333333e+02, 2.8000000000e+01, 1.6050000000e+01, 5.1727400000e+04
 1500618900, 2.2500000000e+02, 1.8076666667e+02, 2.8000000000e+01, 1.6050000000e+01, 5.1728600000e+04
 1500619200, 2.2500000000e+02, 1.8000000000e+02, 2.8000000000e+01, 1.6054000000e+01, 5.1728016667e+04
 1500619500, 2.2500000000e+02, 1.7956666667e+02, 2.8000000000e+01, 1.6052000000e+01, 5.1729200000e+04
 1500619800, 2.2500000000e+02, 1.7803333333e+02, 2.7966666667e+01, 1.6050000000e+01, 5.1727816667e+04
 1500620100, 2.2500000000e+02, 1.8000000000e+02, 2.6000000000e+01, 1.6047833333e+01, 5.1729400000e+04
 1500620400, 2.2500000000e+02, 1.8000000000e+02, 2.7633333333e+01, 1.6048166667e+01, 5.1730600000e+04
 1500620700, 2.2500000000e+02, 1.7876666667e+02, 2.8000000000e+01, 1.6050000000e+01, 5.1729600000e+04
 1500621000, 2.2500000000e+02, 1.7883333333e+02, 2.8000000000e+01, 1.6050000000e+01, 5.1729833333e+04
 1500621300, 2.2500000000e+02, 1.7956666667e+02, 2.8000000000e+01, 1.6050000000e+01, 5.1732633333e+04
 1500621600, 2.2500000000e+02, 1.7803333333e+02, 2.7966666667e+01, 1.6050000000e+01, 5.1731983333e+04
 1500621900, 2.2500000000e+02, 1.8000000000e+02, 2.6000000000e+01, 1.6050000000e+01, 5.1733666667e+04
 1500622200, 2.2500000000e+02, 1.7836666667e+02, 2.7633333333e+01, 1.6050000000e+01, 5.1735400000e+04
 1500622500, 2.2500000000e+02, 1.7923333333e+02, 2.8000000000e+01, 1.6050000000e+01, 5.1736783333e+04
 1500622800, 2.2500000000e+02, 1.7916666667e+02, 2.8000000000e+01, 1.6050000000e+01, 5.1732800000e+04
 1500623100, 2.2500000000e+02, 1.7843333333e+02, 2.8000000000e+01, 1.6050000000e+01, 5.1732783333e+04
 1500623400, 2.2500000000e+02, 1.8000000000e+02, 2.7966666667e+01, 1.6050000000e+01, 5.1732583333e+04
 1500623700, 2.2500000000e+02, 1.8000000000e+02, 2.6000000000e+01, 1.6046000000e+01, 5.1732616667e+04
 1500624000, 2.2500000000e+02, 1.8000000000e+02, 2.6000000000e+01, 1.6050000000e+01, 5.1731816667e+04
 1500624300, 2.2500000000e+02, 1.7876666667e+02, 2.7233333333e+01, 1.6050000000e+01, 5.1732633333e+04
 1500624600, 2.2500000000e+02, 1.7883333333e+02, 2.8000000000e+01, 1.6050000000e+01, 5.1733583333e+04
 1500624900, 2.2500000000e+02, 1.8043333333e+02, 2.7566666667e+01, 1.6046000000e+01, 5.1734433333e+04
 1500625200, 2.2500000000e+02, 1.8196666667e+02, 2.6033333333e+01, 1.6050000000e+01, 5.1738116667e+04
 1500625500, 2.2500000000e+02, 1.8000000000e+02, 2.8000000000e+01, 1.6052166667e+01, 5.1739100000e+04
 1500625800, 2.2500000000e+02, 1.8000000000e+02, 2.8000000000e+01, 1.6051833333e+01, 5.1737350000e+04
 1500626100, 2.2500000000e+02, 1.7876666667e+02, 2.8000000000e+01, 1.6050000000e+01, 5.1736200000e+04
 1500626400, 2.2500000000e+02, 1.7800000000e+02, 2.8000000000e+01, 1.6050000000e+01, 5.1738050000e+04
 1500626700, 2.2500000000e+02, 1.7843333333e+02, 2.7566666667e+01, 1.6050000000e+01, 5.1739950000e+04
 1500627000, 2.2500000000e+02, 1.7996666667e+02, 2.6033333333e+01, 1.6050000000e+01, 5.1747566667e+04
 1500627300, 2.2500000000e+02, 1.7800000000e+02, 2.8000000000e+01, 1.6050000000e+01, 5.1747466667e+04
 1500627600, 2.2500000000e+02, 1.7800000000e+02, 2.6366666667e+01, 1.6052000000e+01, 5.1750383333e+04
 1500627900, 2.2500000000e+02, 1.7800000000e+02, 2.7233333333e+01, 1.6044000000e+01, 5.1751016667e+04
 1500628200, 2.2500000000e+02, 1.7883333333e+02, 2.7166666667e+01, 1.6050000000e+01, 5.1750933333e+04
 1500628500, 2.2500000000e+02, 1.8000000000e+02, 2.6433333333e+01, 1.6050000000e+01, 5.1751733333e+04
 1500628800, 2.2500000000e+02, 1.8000000000e+02, 2.8000000000e+01, 1.6050000000e+01, 5.1754600000e+04
 1500629100, 2.2500000000e+02, 1.8000000000e+02, 2.8000000000e+01, 1.6050000000e+01, 5.1754600000e+04
 1500629400, 2.2500000000e+02, 1.8000000000e+02, 2.8000000000e+01, 1.6050000000e+01, 5.1756866667e+04
 1500629700, 2.2500000000e+02, 1.7876666667e+02, 2.8000000000e+01, 1.6050000000e+01, 5.1757766667e+04
 1500630000, 2.2500000000e+02, 1.7800000000e+02, 2.8000000000e+01, 1.6050000000e+01, 5.1759266667e+04
 1500630300, 2.2500000000e+02, 1.7800000000e+02, 2.8000000000e+01, 1.6050000000e+01, 5.1759966667e+04
 1500630600, 2.2500000000e+02, 1.7800000000e+02, 2.8000000000e+01, 1.6050000000e+01, 5.1758400000e+04
 1500630900, 2.2500000000e+02, 1.7800000000e+02, 2.8000000000e+01, 1.6050000000e+01, 5.1759616667e+04
 1500631200, 2.2500000000e+02, -nan, 2.8000000000e+01, 1.6052000000e+01, 5.1759183333e+04
 1500631500, 2.2500000000e+02, -nan, 2.8000000000e+01, 1.6050000000e+01, 5.1760233333e+04
 1500631800, 2.2500000000e+02, -nan, 2.8000000000e+01, 1.6060166667e+01, 5.1758766667e+04
 1500632100, 2.2500000000e+02, -nan, 2.8000000000e+01, 1.6051833333e+01, 5.1760083333e+04
 1500632400, 2.2208333333e+02, -nan, 2.7700000000e+01, 1.4275500000e+01, 1.4916583333e+04
 1500632700, 5.0000000000e+01, -nan, 1.0000000000e+01, 1.0373666667e+01, 6.6411666667e+03
 1500633000, 5.0000000000e+01, -nan, 1.0000000000e+01, 7.5208333333e+00, 6.6409833333e+03
 1500633300, 5.0000000000e+01, -nan, 1.0000000000e+01, 5.4535000000e+00, 6.6406166667e+03
 1500633600, 5.0000000000e+01, -nan, 1.0000000000e+01, 3.9576666667e+00, 6.6405833333e+03
 1500633900, -nan, -nan, -nan, 2.8935000000e+00, 6.6406166667e+03
 1500634200, -nan, -nan, -nan, 2.1191666667e+00, 6.6412333333e+03
 1500634500, -nan, -nan, -nan, 1.5501666667e+00, -nan
 1500634800, -nan, -nan, -nan, -nan, -nan
