 Time, ttl_pwr, cpu_pwr, mem_pwr, cpu_load, mem_load
 1500620520, 2,3000000000e+02, 1,8200000000e+02, 2,8000000000e+01, 1,6050000000e+01, 5,3615000000e+04
 1500620580, 2,3000000000e+02, 1,8200000000e+02, 2,8000000000e+01, 1,6050000000e+01, 5,3614000000e+04
 1500620640, 2,3000000000e+02, 1,8200000000e+02, 2,8000000000e+01, 1,6050000000e+01, 5,3614000000e+04
 1500620700, 2,3000000000e+02, 1,8200000000e+02, 2,8000000000e+01, 1,6050000000e+01, 5,3617000000e+04
 1500620760, 2,2500000000e+02, 1,8400000000e+02, 2,6000000000e+01, 1,6050000000e+01, 5,3613000000e+04
 1500620820, 2,2500000000e+02, 1,8400000000e+02, 2,6000000000e+01, 1,6050000000e+01, 5,3612000000e+04
 1500620880, 2,2500000000e+02, 1,8400000000e+02, 2,6000000000e+01, 1,6050000000e+01, 5,3613000000e+04
 1500620940, 2,2500000000e+02, 1,8400000000e+02, 2,6000000000e+01, 1,6050000000e+01, 5,3613000000e+04
 1500621000, 2,2500000000e+02, 1,8400000000e+02, 2,6000000000e+01, 1,6050000000e+01, 5,3619000000e+04
 1500621060, 2,2500000000e+02, 1,8400000000e+02, 2,6000000000e+01, 1,6050000000e+01, 5,3617000000e+04
 1500621120, 2,3000000000e+02, 1,8400000000e+02, -nan, 1,6050000000e+01, 5,3616000000e+04
 1500621180, 2,3000000000e+02, 1,8400000000e+02, -nan, 1,6050000000e+01, 5,3618000000e+04
 1500621240, 2,3000000000e+02, 1,8400000000e+02, -nan, 1,6050000000e+01, 5,3616000000e+04
 1500621300, 2,3000000000e+02, 1,8400000000e+02, -nan, 1,6060000000e+01, 5,3619000000e+04
 1500621360, 2,3000000000e+02, 1,8400000000e+02, -nan, 1,6080000000e+01, 5,3614000000e+04
 1500621420, 2,3000000000e+02, 1,8400000000e+02, -nan, 1,6080000000e+01, 5,3615000000e+04
 1500621480, 2,3000000000e+02, 1,8200000000e+02, -nan, 1,6080000000e+01, 5,3616000000e+04
 1500621540, 2,3000000000e+02, 1,8200000000e+02, -nan, 1,6070000000e+01, 5,3616000000e+04
 1500621600, 2,3000000000e+02, 1,8200000000e+02, -nan, 1,6060000000e+01, 5,3623000000e+04
 1500621660, 2,3000000000e+02, 1,8200000000e+02, -nan, 1,6060000000e+01, 5,3617000000e+04
 1500621720, 2,3000000000e+02, 1,8200000000e+02, -nan, 1,6060000000e+01, 5,3617000000e+04
 1500621780, 2,3000000000e+02, -nan, -nan, 1,6050000000e+01, 5,3615000000e+04
 1500621840, 2,3000000000e+02, -nan, -nan, 1,6050000000e+01, 5,3616000000e+04
 1500621900, 2,3000000000e+02, -nan, -nan, 1,6050000000e+01, 5,3614000000e+04
 1500621960, 2,3000000000e+02, -nan, -nan, 1,6050000000e+01, 5,3616000000e+04
 1500622020, 2,3000000000e+02, -nan, -nan, 1,6050000000e+01, 5,3617000000e+04
 1500622080, 2,3000000000e+02, -nan, -nan, 1,6050000000e+01, 5,3616000000e+04
 1500622140, 2,3000000000e+02, -nan, -nan, 1,6050000000e+01, 5,3617000000e+04
 1500622200, 2,3000000000e+02, -nan, -nan, 1,6050000000e+01, 5,3615000000e+04
 1500622260, 2,3000000000e+02, -nan, -nan, 1,6050000000e+01, 5,3615000000e+04
 1500622320, 2,3000000000e+02, -nan, -nan, 1,6050000000e+01, 5,3615000000e+04
 1500622380, 2,3000000000e+02, -nan, -nan, 1,6050000000e+01, 5,3613000000e+04
 1500622440, 2,3000000000e+02, -nan, -nan, 1,6050000000e+01, 5,3615000000e+04
 1500622500, 2,3000000000e+02, -nan, -nan, 1,6050000000e+01, 5,3615000000e+04
 1500622560, 2,3000000000e+02, -nan, -nan, 1,6050000000e+01, 5,3616000000e+04
 1500622620, 2,3000000000e+02, -nan, -nan, 1,6050000000e+01, 5,3615000000e+04
 1500622680, 2,3000000000e+02, -nan, -nan, 1,6050000000e+01, 5,3614000000e+04
 1500622740, 2,3000000000e+02, -nan, -nan, 1,6070000000e+01, 5,3613000000e+04
 1500622800, 2,3000000000e+02, -nan, -nan, 1,6060000000e+01, 5,3613000000e+04
 1500622860, 2,3000000000e+02, -nan, -nan, 1,6050000000e+01, 5,3617000000e+04
 1500622920, 2,3000000000e+02, -nan, -nan, 1,6050000000e+01, 5,3615000000e+04
 1500622980, 2,3000000000e+02, -nan, -nan, 1,6050000000e+01, 5,3614000000e+04
 1500623040, 2,3000000000e+02, -nan, -nan, 1,6050000000e+01, 5,3614000000e+04
 1500623100, 2,3000000000e+02, -nan, -nan, 1,6050000000e+01, 5,3616000000e+04
 1500623160, 2,3000000000e+02, -nan, -nan, 1,6050000000e+01, 5,3616000000e+04
 1500623220, 2,3000000000e+02, -nan, -nan, 1,6050000000e+01, 5,3616000000e+04
 1500623280, -nan, -nan, -nan, 1,6050000000e+01, 5,3614000000e+04
 1500623340, -nan, -nan, -nan, 1,6050000000e+01, 5,3615000000e+04
 1500623400, -nan, -nan, -nan, -nan, 5,3614000000e+04
 1500623460, -nan, -nan, -nan, -nan, 5,3619000000e+04
 1500623520, -nan, -nan, -nan, -nan, 5,3616000000e+04
 1500623580, -nan, -nan, -nan, -nan, 5,3615000000e+04
 1500623640, -nan, -nan, -nan, -nan, 5,3614000000e+04
 1500623700, -nan, -nan, -nan, -nan, 5,3615000000e+04
 1500623760, -nan, -nan, -nan, -nan, 5,3617000000e+04
 1500623820, -nan, -nan, -nan, -nan, 5,3615000000e+04
 1500623880, -nan, -nan, -nan, -nan, 5,3615000000e+04
 1500623940, -nan, -nan, -nan, -nan, -nan
 1500624000, -nan, -nan, -nan, -nan, -nan
 1500624060, -nan, -nan, -nan, -nan, -nan
 1500624120, -nan, -nan, -nan, -nan, -nan
