 Time, ttl_pwr, cpu_pwr, mem_pwr, cpu_load, mem_load
 1500448500, 5.5000000000e+01, 2.5546666667e+01, 1.2000000000e+01, 5.0000000000e-02, 7.5285733333e+03
 1500448800, 5.5000000000e+01, 2.4053333333e+01, 1.2000000000e+01, 5.0000000000e-02, 7.5288000000e+03
 1500449100, 5.5000000000e+01, 2.6000000000e+01, 1.2000000000e+01, 5.0000000000e-02, 7.5284000000e+03
 1500449400, 5.5000000000e+01, 2.6000000000e+01, 1.2000000000e+01, 5.0000000000e-02, 7.5284000000e+03
 1500449700, 5.5000000000e+01, 2.6000000000e+01, 1.2000000000e+01, 5.0000000000e-02, 7.5288266667e+03
 1500450000, 5.5000000000e+01, 2.6000000000e+01, 1.2000000000e+01, 5.0000000000e-02, 7.5293733333e+03
 1500450300, 5.5000000000e+01, 2.5546666667e+01, 1.2000000000e+01, 5.6533333333e-02, 7.5294000000e+03
 1500450600, 5.5000000000e+01, 2.4000000000e+01, 1.2000000000e+01, 6.6000000000e-02, 7.5298000000e+03
 1500450900, 5.5000000000e+01, 2.4000000000e+01, 1.2000000000e+01, 5.7466666667e-02, 7.5280000000e+03
 1500451200, 5.5000000000e+01, 2.5653333333e+01, 1.2000000000e+01, 5.0000000000e-02, 7.5284000000e+03
 1500451500, 5.5000000000e+01, 2.6000000000e+01, 1.2000000000e+01, 5.0000000000e-02, 7.5278000000e+03
 1500451800, 5.5000000000e+01, 2.6000000000e+01, 1.2000000000e+01, 5.0000000000e-02, 7.5281733333e+03
 1500452100, 5.5000000000e+01, 2.5546666667e+01, 1.2000000000e+01, 5.0000000000e-02, 7.5286233333e+03
 1500452400, 5.5000000000e+01, 2.4000000000e+01, 1.2000000000e+01, 5.0266666667e-02, 7.5288000000e+03
 1500452700, 5.5000000000e+01, 2.4000000000e+01, 1.2000000000e+01, 5.1733333333e-02, 7.5290266667e+03
 1500453000, 5.5000000000e+01, 2.5653333333e+01, 1.2000000000e+01, 5.4533333333e-02, 7.5300000000e+03
 1500453300, 5.5000000000e+01, 2.6000000000e+01, 1.2000000000e+01, 7.8266666667e-02, 7.5295733333e+03
 1500453600, 5.5000000000e+01, 2.5146666667e+01, 1.2000000000e+01, 6.3200000000e-02, 7.5280000000e+03
 1500453900, 5.5000000000e+01, 2.4453333333e+01, 1.2000000000e+01, 5.0000000000e-02, 7.5278266667e+03
 1500454200, 5.5000000000e+01, 2.6000000000e+01, 1.2000000000e+01, 5.0000000000e-02, 7.5292000000e+03
 1500454500, 5.5000000000e+01, 2.6000000000e+01, 1.2000000000e+01, 5.0000000000e-02, 7.5292000000e+03
 1500454800, 5.5000000000e+01, 2.6000000000e+01, 1.2000000000e+01, 5.0000000000e-02, 7.5298266667e+03
 1500455100, 5.5000000000e+01, 2.4746666667e+01, 1.2000000000e+01, 5.0000000000e-02, 7.5305733333e+03
 1500455400, 5.5000000000e+01, 2.4000000000e+01, 1.2000000000e+01, 5.0000000000e-02, 7.5297733333e+03
 1500455700, 5.5000000000e+01, 2.4000000000e+01, 1.2000000000e+01, 5.0000000000e-02, 7.5296266667e+03
 1500456000, 5.5000000000e+01, 2.4053333333e+01, 1.2000000000e+01, 5.0000000000e-02, 7.5294000000e+03
 1500456300, 5.5000000000e+01, 2.6000000000e+01, 1.2000000000e+01, 5.0000000000e-02, 7.5299733333e+03
 1500456600, 5.5000000000e+01, 2.6000000000e+01, 1.2000000000e+01, 6.0000000000e-02, 7.5288266667e+03
 1500456900, 5.5000000000e+01, 2.4746666667e+01, 1.2000000000e+01, 6.6533333333e-02, 7.5284000000e+03
 1500457200, 5.5000000000e+01, 2.4000000000e+01, 1.2000000000e+01, 6.3733333333e-02, 7.5296000000e+03
 1500457500, 5.5000000000e+01, 2.4000000000e+01, 1.2000000000e+01, 5.3733333333e-02, 7.5285733333e+03
 1500457800, 5.5000000000e+01, 2.4053333333e+01, 1.2000000000e+01, 5.0000000000e-02, 7.5286533333e+03
 1500458100, 5.5000000000e+01, 2.6000000000e+01, 1.2000000000e+01, 5.0000000000e-02, 7.5298000000e+03
 1500458400, 5.5000000000e+01, 2.4346666667e+01, 1.2000000000e+01, 5.0000000000e-02, 7.5300266667e+03
 1500458700, 5.5000000000e+01, 2.5253333333e+01, 1.2000000000e+01, 5.0000000000e-02, 7.5305466667e+03
 1500459000, 5.5000000000e+01, 2.6000000000e+01, 1.2000000000e+01, 5.0000000000e-02, 7.5300533333e+03
 1500459300, 5.5000000000e+01, 2.6000000000e+01, 1.2000000000e+01, 5.0000000000e-02, 7.5303466667e+03
 1500459600, 5.6283333333e+01, 2.6933333333e+01, 1.2326666667e+01, 1.1290000000e-01, 7.7573966667e+03
 1500459900, 1.1000000000e+02, 6.6000000000e+01, 2.6000000000e+01, 3.1083333333e+00, 1.0472100000e+04
 1500460200, 1.6286666667e+02, 1.1480000000e+02, 2.7626666667e+01, 9.6598000000e+00, 1.1213520000e+04
 1500460500, 2.0633333333e+02, 1.5984000000e+02, 2.8000000000e+01, 1.4077800000e+01, 1.2650833333e+04
 1500460800, 2.3541666667e+02, 1.8750000000e+02, 3.0500000000e+01, 1.8241566667e+01, 2.0449963333e+04
 1500461100, 2.5000000000e+02, 1.9755333333e+02, 3.4000000000e+01, 2.2178066667e+01, 2.1010190000e+04
 1500461400, 2.5000000000e+02, 1.9600000000e+02, 3.4040000000e+01, 2.4991333333e+01, 2.1443200000e+04
 1500461700, 2.5000000000e+02, 1.9600000000e+02, 3.6000000000e+01, 2.7017800000e+01, 2.1590673333e+04
 1500462000, 2.5000000000e+02, 1.9764000000e+02, 3.4360000000e+01, 2.8471133333e+01, 2.1588676667e+04
 1500462300, 2.5000000000e+02, 1.9676000000e+02, 3.4000000000e+01, 2.9535400000e+01, 2.1602040000e+04
 1500462600, 2.5210000000e+02, 1.9684000000e+02, 3.4000000000e+01, 3.0288000000e+01, 2.1853126667e+04
 1500462900, 2.5606666667e+02, 1.9800000000e+02, 3.4853333333e+01, 3.0886733333e+01, 2.1885583333e+04
 1500463200, 2.5946666667e+02, 1.9752000000e+02, 3.7946666667e+01, 3.1536433333e+01, 2.1845216667e+04
 1500463500, 2.2000000000e+02, 1.6200000000e+02, 3.4000000000e+01, 3.2279633333e+01, 2.1965063333e+04
 1500463800, 1.2723333333e+02, 7.6493333333e+01, 2.7546666667e+01, 3.2897300000e+01, 2.1960486667e+04
 1500464100, 1.1415000000e+02, 6.5760000000e+01, 2.6000000000e+01, 3.3340233333e+01, 2.1994996667e+04
 1500464400, 1.2406666667e+02, 7.4440000000e+01, 2.6000000000e+01, 3.3608400000e+01, 2.1957396667e+04
 1500464700, 1.3090000000e+02, 7.8720000000e+01, 2.6000000000e+01, 3.3803000000e+01, 2.1957086667e+04
 1500465000, 1.3540000000e+02, 8.2480000000e+01, 2.6000000000e+01, 3.3930400000e+01, 2.1850730000e+04
 1500465300, 1.5000000000e+02, 1.0000000000e+02, 2.6000000000e+01, 3.3923133333e+01, 2.1523110000e+04
 1500465600, 2.4020000000e+02, 1.7872000000e+02, 3.7480000000e+01, 3.3637300000e+01, 2.0761236667e+04
 1500465900, 2.5373333333e+02, 1.9600000000e+02, 3.6240000000e+01, 3.3197400000e+01, 2.1126380000e+04
 1500466200, 2.5000000000e+02, 1.9600000000e+02, 3.3153333333e+01, 3.2645700000e+01, 2.1023670000e+04
 1500466500, 2.4886666667e+02, 1.9509333333e+02, 3.2000000000e+01, 3.2274133333e+01, 2.1164206667e+04
 1500466800, 2.4526666667e+02, 1.9216000000e+02, 3.2106666667e+01, 3.2015633333e+01, 2.0926733333e+04
 1500467100, 2.5500000000e+02, 1.9800000000e+02, 3.6000000000e+01, 3.0473333333e+01, 1.1783813333e+04
 1500467400, 2.3020000000e+02, 1.8146666667e+02, 2.9386666667e+01, 2.7935200000e+01, 1.1382160000e+04
 1500467700, 2.2811666667e+02, 1.7924666667e+02, 3.0493333333e+01, 2.6156900000e+01, 1.1367926667e+04
 1500468000, 2.3000000000e+02, 1.7590000000e+02, 3.3640000000e+01, 2.4863366667e+01, 1.1097966667e+04
 1500468300, 2.2466666667e+02, 1.6530666667e+02, 3.5146666667e+01, 2.3673333333e+01, 1.0863963333e+04
 1500468600, 2.0333333333e+02, 1.4648000000e+02, 3.1840000000e+01, 2.2579366667e+01, 1.0659746667e+04
 1500468900, 8.0000000000e+01, 3.4000000000e+01, 2.0000000000e+01, 2.1598400000e+01, 1.0716570000e+04
 1500469200, 1.0460000000e+02, 5.6960000000e+01, 2.4920000000e+01, 2.0549933333e+01, 1.0692790000e+04
 1500469500, 1.1000000000e+02, 6.0780000000e+01, 2.6000000000e+01, 1.9720966667e+01, 1.0745436667e+04
 1500469800, 1.1991666667e+02, 6.9520000000e+01, 2.7586666667e+01, 1.9134433333e+01, 1.1120696667e+04
 1500470100, 1.3500000000e+02, 8.4000000000e+01, 2.9226666667e+01, 1.7996366667e+01, 1.0977860000e+04
 1500470400, 1.3753333333e+02, 8.6186666667e+01, 2.6480000000e+01, 1.6619000000e+01, 1.5438473333e+04
 1500470700, 2.3000000000e+02, 1.6600000000e+02, 4.4000000000e+01, 1.7326100000e+01, 3.1833870000e+04
 1500471000, 2.4653333333e+02, 1.7757333333e+02, 4.7306666667e+01, 1.9726800000e+01, 3.5469000000e+04
 1500471300, 2.6253333333e+02, 1.8877333333e+02, 5.0506666667e+01, 2.2662533333e+01, 4.1137530000e+04
 1500471600, 2.7000000000e+02, 1.9484666667e+02, 5.2846666667e+01, 2.5385800000e+01, 4.1450823333e+04
 1500471900, 2.7000000000e+02, 1.9556000000e+02, 5.3560000000e+01, 2.7343766667e+01, 4.1666846667e+04
 1500472200, 2.7000000000e+02, 1.9400000000e+02, 5.2046666667e+01, 2.8820000000e+01, 4.1775976667e+04
 1500472500, 2.7000000000e+02, 1.9400000000e+02, 5.4000000000e+01, 2.9883266667e+01, 4.1884763333e+04
 1500472800, 2.7000000000e+02, 1.9565333333e+02, 5.4000000000e+01, 3.0665533333e+01, 4.2016630000e+04
 1500473100, 2.7000000000e+02, 1.9600000000e+02, 5.2753333333e+01, 3.1232100000e+01, 4.2154176667e+04
 1500473400, 2.7000000000e+02, 1.9600000000e+02, 5.2000000000e+01, 3.1691433333e+01, 4.2662710000e+04
 1500473700, 2.7000000000e+02, 1.9600000000e+02, 5.2446666667e+01, 3.1999333333e+01, 4.2837700000e+04
 1500474000, 2.7000000000e+02, 1.9594666667e+02, 5.3946666667e+01, 3.2204900000e+01, 4.2904960000e+04
 1500474300, 2.7000000000e+02, 1.9400000000e+02, 5.2000000000e+01, 3.2316700000e+01, 4.2936283333e+04
 1500474600, 2.7000000000e+02, 1.9564666667e+02, 5.3646666667e+01, 3.2428166667e+01, 4.2950266667e+04
 1500474900, 2.7000000000e+02, 1.9600000000e+02, 5.2760000000e+01, 3.2505300000e+01, 4.3184036667e+04
 1500475200, 2.7000000000e+02, 1.9515333333e+02, 5.2846666667e+01, 3.2558800000e+01, 4.3383323333e+04
 1500475500, 2.7000000000e+02, 1.9445333333e+02, 5.4000000000e+01, 3.2610166667e+01, 4.3684170000e+04
 1500475800, 2.7000000000e+02, 1.9600000000e+02, 5.4000000000e+01, 3.2791366667e+01, 4.3996776667e+04
 1500476100, 2.7000000000e+02, 1.9600000000e+02, 5.4000000000e+01, 3.1060266667e+01, 2.8651440000e+04
 1500476400, 1.3360000000e+02, 7.8613333333e+01, 3.2506666667e+01, 2.7296133333e+01, 2.5017200000e+04
 1500476700, 1.1753333333e+02, 6.4026666667e+01, 2.9253333333e+01, 2.3126133333e+01, 1.2058853333e+04
 1500477000, 1.0700000000e+02, 5.6400000000e+01, 2.6800000000e+01, 1.7778033333e+01, 7.9505233333e+03
 1500477300, 8.2266666667e+01, 3.7360000000e+01, 2.2906666667e+01, 1.3821700000e+01, 8.9374466667e+03
 1500477600, 9.2000000000e+01, 4.3866666667e+01, 2.6213333333e+01, 1.1529733333e+01, 1.6174453333e+04
 1500477900, 1.6500000000e+02, 1.1200000000e+02, 3.4000000000e+01, 1.1044583333e+01, 1.8185368333e+04
 1500478200, 1.2210000000e+02, 7.3000000000e+01, 2.7760000000e+01, 1.1776316667e+01, 1.8757921667e+04
 1500478500, 1.8833333333e+02, 1.2968000000e+02, 3.8533333333e+01, 1.3010066667e+01, 3.1020413333e+04
 1500478800, 2.4970000000e+02, 1.8008000000e+02, 4.9360000000e+01, 1.7812266667e+01, 4.1114843333e+04
 1500479100, 2.7000000000e+02, 1.9400000000e+02, 5.4000000000e+01, 2.1920300000e+01, 4.1164910000e+04
 1500479400, 2.7011666667e+02, 1.9400000000e+02, 5.4046666667e+01, 2.5080966667e+01, 4.1186716667e+04
 1500479700, 2.7500000000e+02, 1.9400000000e+02, 5.6000000000e+01, 2.7477733333e+01, 4.1360463333e+04
 1500480000, 2.7088333333e+02, 1.9235333333e+02, 5.4353333333e+01, 2.9253000000e+01, 4.2013826667e+04
 1500480300, 2.7000000000e+02, 1.9200000000e+02, 5.4000000000e+01, 3.0537133333e+01, 4.1817093333e+04
 1500480600, 2.7000000000e+02, 1.9284000000e+02, 5.4000000000e+01, 3.1422233333e+01, 4.1633886667e+04
 1500480900, 2.7113333333e+02, 1.9400000000e+02, 5.4453333333e+01, 3.2041733333e+01, 4.1650490000e+04
 1500481200, 2.7488333333e+02, 1.9400000000e+02, 5.5953333333e+01, 3.2494200000e+01, 4.1923133333e+04
 1500481500, 2.7000000000e+02, 1.9400000000e+02, 5.4000000000e+01, 3.2838266667e+01, 4.1835400000e+04
 1500481800, 2.7411666667e+02, 1.9400000000e+02, 5.5646666667e+01, 3.3095800000e+01, 4.2163866667e+04
 1500482100, 2.7500000000e+02, 1.9400000000e+02, 5.6000000000e+01, 3.3289600000e+01, 4.2587123333e+04
 1500482400, 2.7288333333e+02, 1.9400000000e+02, 5.5153333333e+01, 3.3374966667e+01, 4.2294703333e+04
 1500482700, 2.7000000000e+02, 1.9355333333e+02, 5.4446666667e+01, 3.3457066667e+01, 4.2138220000e+04
 1500483000, 2.7000000000e+02, 1.9204666667e+02, 5.6000000000e+01, 3.3618666667e+01, 4.2160710000e+04
 1500483300, 2.7000000000e+02, 1.9400000000e+02, 5.6000000000e+01, 3.3759833333e+01, 4.2662390000e+04
 1500483600, 2.7410000000e+02, 1.9400000000e+02, 5.6000000000e+01, 3.3839266667e+01, 4.2869893333e+04
 1500483900, 2.7186666667e+02, 1.9400000000e+02, 5.6000000000e+01, 3.3862233333e+01, 4.2610850000e+04
 1500484200, 2.6573333333e+02, 1.9058666667e+02, 5.4293333333e+01, 3.3447933333e+01, 3.7902860000e+04
 1500484500, 2.6000000000e+02, 1.8600000000e+02, 5.1546666667e+01, 3.1458666667e+01, 3.3478680000e+04
 1500484800, 2.5986666667e+02, 1.8589333333e+02, 5.0000000000e+01, 2.9919600000e+01, 3.3159506667e+04
 1500485100, 2.5500000000e+02, 1.8200000000e+02, 5.0000000000e+01, 2.8781466667e+01, 3.3396213333e+04
 1500485400, 2.5500000000e+02, 1.8365333333e+02, 5.0000000000e+01, 2.7980133333e+01, 3.3805906667e+04
 1500485700, 2.5813333333e+02, 1.8525333333e+02, 5.1253333333e+01, 2.7251866667e+01, 3.3646480000e+04
 1500486000, 2.6000000000e+02, 1.8600000000e+02, 5.1146666667e+01, 2.6313200000e+01, 3.0206106667e+04
 1500486300, 2.4073333333e+02, 1.7104000000e+02, 4.6373333333e+01, 2.3903733333e+01, 2.1128466667e+04
 1500486600, 1.7220000000e+02, 1.1765333333e+02, 3.3573333333e+01, 1.9438533333e+01, 7.7520800000e+03
 1500486900, 7.0000000000e+01, 3.2000000000e+01, 1.8000000000e+01, 1.5567433333e+01, 8.1645000000e+03
 1500487200, 9.0666666667e+01, 4.5226666667e+01, 2.4613333333e+01, 1.3084533333e+01, 1.3529906667e+04
 1500487500, 1.4200000000e+02, 8.8106666667e+01, 3.2266666667e+01, 1.2583200000e+01, 1.6750786667e+04
 1500487800, 1.7000000000e+02, 1.1285333333e+02, 3.5146666667e+01, 1.2301200000e+01, 1.6754733333e+04
 1500488100, 1.7000000000e+02, 1.1400000000e+02, 3.4000000000e+01, 1.2154533333e+01, 1.6765653333e+04
 1500488400, 1.7000000000e+02, 1.1410666667e+02, 3.4053333333e+01, 1.2057333333e+01, 1.6855826667e+04
 1500488700, 1.7000000000e+02, 1.1800000000e+02, 3.6000000000e+01, 1.1931600000e+01, 1.7106666667e+04
 1500489000, 1.7000000000e+02, 1.1469333333e+02, 3.6000000000e+01, 1.1876933333e+01, 1.6973173333e+04
 1500489300, 1.7000000000e+02, 1.1400000000e+02, 3.6000000000e+01, 1.1830666667e+01, 1.6917426667e+04
 1500489600, 1.7000000000e+02, 1.1485333333e+02, 3.5146666667e+01, 1.1694933333e+01, 1.7201546667e+04
 1500489900, 1.7000000000e+02, 1.1509333333e+02, 3.4000000000e+01, 1.1183066667e+01, 1.7023026667e+04
 1500490200, 1.7000000000e+02, 1.1205333333e+02, 3.4053333333e+01, 1.0542133333e+01, 1.6997893333e+04
 1500490500, 1.7000000000e+02, 1.1400000000e+02, 3.6000000000e+01, 9.9216000000e+00, 1.6977986667e+04
 1500490800, 1.6586666667e+02, 1.1234666667e+02, 3.4346666667e+01, 9.3437333333e+00, 1.7334773333e+04
 1500491100, 1.6813333333e+02, 1.1200000000e+02, 3.5253333333e+01, 8.9309333333e+00, 1.7249000000e+04
 1500491400, 1.6786666667e+02, 1.1200000000e+02, 3.5146666667e+01, 8.6077333333e+00, 1.7111000000e+04
 1500491700, 1.4006666667e+02, 9.2506666667e+01, 2.9013333333e+01, 7.6980000000e+00, 9.8194933333e+03
 1500492000, 5.5000000000e+01, 2.6000000000e+01, 1.2000000000e+01, 5.6828000000e+00, 7.2223733333e+03
 1500492300, 5.5000000000e+01, 2.6000000000e+01, 1.2000000000e+01, 4.1333333333e+00, 7.2217733333e+03
 1500492600, 5.5000000000e+01, 2.6000000000e+01, 1.2000000000e+01, 2.9969333333e+00, 7.2208000000e+03
 1500492900, 5.5000000000e+01, 2.6000000000e+01, 1.2000000000e+01, 2.1824000000e+00, 7.2222533333e+03
 1500493200, 5.5000000000e+01, 2.6000000000e+01, 1.2000000000e+01, 1.6009333333e+00, 7.2228266667e+03
 1500493500, 5.5000000000e+01, 2.6000000000e+01, 1.2000000000e+01, 1.1704000000e+00, 7.2242000000e+03
 1500493800, 5.5000000000e+01, 2.6000000000e+01, 1.2000000000e+01, 8.5506666667e-01, 7.2266800000e+03
 1500494100, 5.5000000000e+01, 2.6000000000e+01, 1.2000000000e+01, 6.3946666667e-01, 7.2270266667e+03
 1500494400, 5.5000000000e+01, 2.6000000000e+01, 1.2000000000e+01, 4.8053333333e-01, 7.2270000000e+03
 1500494700, 5.5000000000e+01, 2.4746666667e+01, 1.2000000000e+01, 3.6560000000e-01, 7.2275466667e+03
 1500495000, 5.5000000000e+01, 2.4853333333e+01, 1.2000000000e+01, 2.8613333333e-01, 7.2278266667e+03
 1500495300, 5.5000000000e+01, 2.6000000000e+01, 1.2000000000e+01, 2.2040000000e-01, 7.2274533333e+03
 1500495600, 5.5000000000e+01, 2.6000000000e+01, 1.2000000000e+01, 1.6040000000e-01, 7.2279466667e+03
 1500495900, 5.5000000000e+01, 2.6000000000e+01, 1.2000000000e+01, 1.2973333333e-01, 7.2262533333e+03
 1500496200, 5.5000000000e+01, 2.6000000000e+01, 1.2000000000e+01, 1.0746666667e-01, 7.2272000000e+03
 1500496500, 5.5000000000e+01, 2.4746666667e+01, 1.2000000000e+01, 8.7466666667e-02, 7.2278000000e+03
 1500496800, 5.5000000000e+01, 2.4853333333e+01, 1.2000000000e+01, 7.5733333333e-02, 7.2280533333e+03
 1500497100, 5.5000000000e+01, 2.6000000000e+01, 1.2000000000e+01, 6.1733333333e-02, 7.2283733333e+03
 1500497400, 5.5000000000e+01, 2.6000000000e+01, 1.2000000000e+01, 5.7733333333e-02, 7.2280000000e+03
 1500497700, 5.5000000000e+01, 2.6000000000e+01, 1.2000000000e+01, 5.0000000000e-02, 7.2282266667e+03
 1500498000, 5.5000000000e+01, 2.6000000000e+01, 1.2000000000e+01, 5.0000000000e-02, 7.2290266667e+03
 1500498300, 5.5000000000e+01, 2.6000000000e+01, 1.2000000000e+01, 5.0000000000e-02, 7.2288933333e+03
 1500498600, 5.5000000000e+01, 2.5146666667e+01, 1.2000000000e+01, 5.0000000000e-02, 7.2284000000e+03
 1500498900, 5.5000000000e+01, 2.4000000000e+01, 1.2000000000e+01, 5.0266666667e-02, 7.2278000000e+03
 1500499200, 5.5000000000e+01, 2.4000000000e+01, 1.2000000000e+01, 5.1733333333e-02, 7.2277733333e+03
 1500499500, 5.5000000000e+01, 2.4000000000e+01, 1.2000000000e+01, 5.0000000000e-02, 7.2280266667e+03
 1500499800, 5.5000000000e+01, 2.4000000000e+01, 1.2000000000e+01, 5.0000000000e-02, 7.2288000000e+03
 1500500100, 5.5000000000e+01, 2.4000000000e+01, 1.2000000000e+01, 5.0000000000e-02, 7.2290266667e+03
 1500500400, 5.5000000000e+01, 2.4000000000e+01, 1.2000000000e+01, 6.0000000000e-02, 7.2295733333e+03
 1500500700, 5.5000000000e+01, 2.4000000000e+01, 1.2000000000e+01, 5.0000000000e-02, 7.2294266667e+03
 1500501000, 5.5000000000e+01, 2.4053333333e+01, 1.2000000000e+01, 5.0000000000e-02, 7.2291733333e+03
 1500501300, 5.5000000000e+01, 2.6000000000e+01, 1.2000000000e+01, 5.2000000000e-02, 7.2296000000e+03
 1500501600, 5.5000000000e+01, 2.6000000000e+01, 1.2000000000e+01, 5.0000000000e-02, 7.2284000000e+03
 1500501900, 5.5000000000e+01, 2.6000000000e+01, 1.2000000000e+01, 5.0000000000e-02, 7.2286000000e+03
 1500502200, 5.5000000000e+01, 2.6000000000e+01, 1.2000000000e+01, 5.0000000000e-02, 7.2281733333e+03
 1500502500, 5.5000000000e+01, 2.5546666667e+01, 1.2000000000e+01, 5.0000000000e-02, 7.2284533333e+03
 1500502800, 5.5000000000e+01, 2.4000000000e+01, 1.2000000000e+01, 5.0000000000e-02, 7.2292000000e+03
 1500503100, 5.5000000000e+01, 2.4000000000e+01, 1.2000000000e+01, 5.0000000000e-02, 7.2287466667e+03
 1500503400, 5.5000000000e+01, 2.4000000000e+01, 1.2000000000e+01, 5.4266666667e-02, 7.2292533333e+03
 1500503700, 5.5000000000e+01, 2.4000000000e+01, 1.2000000000e+01, 5.3733333333e-02, 7.2300000000e+03
 1500504000, 5.9266666667e+01, 2.6560000000e+01, 1.3706666667e+01, 5.0000000000e-02, 7.2294000000e+03
 1500504300, 6.2733333333e+01, 2.9093333333e+01, 1.5093333333e+01, 5.0000000000e-02, 7.2308000000e+03
 1500504600, 5.5000000000e+01, 2.6000000000e+01, 1.2000000000e+01, 5.0000000000e-02, 7.2290000000e+03
 1500504900, 5.5000000000e+01, 2.6000000000e+01, 1.2000000000e+01, 5.0000000000e-02, 7.2291733333e+03
 1500505200, 5.5000000000e+01, 2.6000000000e+01, 1.2000000000e+01, 5.0000000000e-02, 7.2288533333e+03
 1500505500, 5.5000000000e+01, 2.6000000000e+01, 1.2000000000e+01, 5.2000000000e-02, 7.2298000000e+03
 1500505800, 5.5000000000e+01, 2.6000000000e+01, 1.2000000000e+01, 5.0000000000e-02, 7.2299200000e+03
 1500506100, 5.5000000000e+01, 2.5546666667e+01, 1.2000000000e+01, 5.2000000000e-02, 7.2294533333e+03
 1500506400, 5.5000000000e+01, 2.4000000000e+01, 1.2000000000e+01, 5.0533333333e-02, 7.2304266667e+03
 1500506700, 5.5000000000e+01, 2.4000000000e+01, 1.2000000000e+01, 6.3466666667e-02, 7.2311733333e+03
 1500507000, 5.5000000000e+01, 2.4000000000e+01, 1.2000000000e+01, 5.0000000000e-02, 7.2306266667e+03
 1500507300, 5.5000000000e+01, 2.5253333333e+01, 1.2000000000e+01, 5.0000000000e-02, 7.2308533333e+03
 1500507600, 5.5000000000e+01, 2.6000000000e+01, 1.2000000000e+01, 5.0000000000e-02, 7.2313733333e+03
 1500507900, 5.5000000000e+01, 2.6000000000e+01, 1.2000000000e+01, 5.0000000000e-02, 7.2310000000e+03
 1500508200, 5.5000000000e+01, 2.5946666667e+01, 1.2000000000e+01, 5.0000000000e-02, 7.2303466667e+03
 1500508500, 5.5000000000e+01, 2.4000000000e+01, 1.2000000000e+01, 5.0000000000e-02, 7.2298266667e+03
 1500508800, 5.5000000000e+01, 2.5653333333e+01, 1.2000000000e+01, 5.2000000000e-02, 7.2300266667e+03
 1500509100, 5.5000000000e+01, 2.4746666667e+01, 1.2000000000e+01, 5.0000000000e-02, 7.2309733333e+03
 1500509400, 5.5000000000e+01, 2.4853333333e+01, 1.2000000000e+01, 5.2266666667e-02, 7.2308533333e+03
 1500509700, 5.5000000000e+01, 2.5546666667e+01, 1.2000000000e+01, 5.5733333333e-02, 7.2313733333e+03
 1500510000, 5.5000000000e+01, 2.4053333333e+01, 1.2000000000e+01, 5.0000000000e-02, 7.2312000000e+03
 1500510300, 5.5000000000e+01, 2.6000000000e+01, 1.2000000000e+01, 5.0000000000e-02, 7.2296266667e+03
 1500510600, 5.5000000000e+01, 2.4346666667e+01, 1.2000000000e+01, 5.0000000000e-02, 7.2299733333e+03
 1500510900, 5.5000000000e+01, 2.4000000000e+01, 1.2000000000e+01, 5.0000000000e-02, 7.2291733333e+03
 1500511200, 5.5000000000e+01, 2.4000000000e+01, 1.2000000000e+01, 5.0000000000e-02, 7.2298266667e+03
 1500511500, 5.5000000000e+01, 2.4453333333e+01, 1.2000000000e+01, 5.0000000000e-02, 7.2302266667e+03
 1500511800, 5.5000000000e+01, 2.6000000000e+01, 1.2000000000e+01, 5.0000000000e-02, 7.2298266667e+03
 1500512100, 5.5000000000e+01, 2.6000000000e+01, 1.2000000000e+01, 5.0000000000e-02, 7.2306266667e+03
 1500512400, 5.5000000000e+01, 2.6000000000e+01, 1.2000000000e+01, 5.0000000000e-02, 7.2310266667e+03
 1500512700, 5.5000000000e+01, 2.6000000000e+01, 1.2000000000e+01, 5.0266666667e-02, 7.2305733333e+03
 1500513000, 5.5000000000e+01, 2.6000000000e+01, 1.2000000000e+01, 5.3733333333e-02, 7.2302666667e+03
 1500513300, 5.5000000000e+01, 2.5546666667e+01, 1.2000000000e+01, 5.0000000000e-02, 7.2298266667e+03
 1500513600, 5.5000000000e+01, 2.4053333333e+01, 1.2000000000e+01, 5.0000000000e-02, 7.2296000000e+03
 1500513900, 5.5000000000e+01, 2.6000000000e+01, 1.2000000000e+01, 5.0000000000e-02, 7.2303733333e+03
 1500514200, 5.5000000000e+01, 2.6000000000e+01, 1.2000000000e+01, 5.0000000000e-02, 7.2306266667e+03
 1500514500, 5.5000000000e+01, 2.6000000000e+01, 1.2000000000e+01, 5.0000000000e-02, 7.2312000000e+03
 1500514800, 5.5000000000e+01, 2.6000000000e+01, 1.2000000000e+01, 5.0000000000e-02, 7.2314000000e+03
 1500515100, 5.5000000000e+01, 2.6000000000e+01, 1.2000000000e+01, 5.0000000000e-02, 7.2312266667e+03
 1500515400, 5.5000000000e+01, 2.6000000000e+01, 1.2000000000e+01, 5.0266666667e-02, 7.2312000000e+03
 1500515700, 5.5000000000e+01, 2.6000000000e+01, 1.2000000000e+01, 5.1733333333e-02, 7.2313733333e+03
 1500516000, 5.5000000000e+01, 2.6000000000e+01, 1.2000000000e+01, 5.0266666667e-02, 7.2303733333e+03
 1500516300, 5.5000000000e+01, 2.4746666667e+01, 1.2000000000e+01, 5.9733333333e-02, 7.2294000000e+03
 1500516600, 5.5000000000e+01, 2.4000000000e+01, 1.2000000000e+01, 5.2000000000e-02, 7.2300266667e+03
 1500516900, 5.5000000000e+01, 2.4000000000e+01, 1.2000000000e+01, 5.0000000000e-02, 7.2300000000e+03
 1500517200, 5.5000000000e+01, 2.4053333333e+01, 1.2000000000e+01, 5.4000000000e-02, 7.2306000000e+03
 1500517500, 5.5000000000e+01, 2.6000000000e+01, 1.2000000000e+01, 5.0000000000e-02, 7.2310000000e+03
 1500517800, 5.5000000000e+01, 2.4346666667e+01, 1.2000000000e+01, 5.0000000000e-02, 7.2308000000e+03
 1500518100, 5.5000000000e+01, 2.4000000000e+01, 1.2000000000e+01, 5.0000000000e-02, 7.2308266667e+03
 1500518400, 5.5000000000e+01, 2.4853333333e+01, 1.2000000000e+01, 5.0000000000e-02, 7.2318000000e+03
 1500518700, 5.5000000000e+01, 2.5546666667e+01, 1.2000000000e+01, 5.0000000000e-02, 7.2322000000e+03
 1500519000, 5.5000000000e+01, 2.4000000000e+01, 1.2000000000e+01, 5.2266666667e-02, 7.2330533333e+03
 1500519300, 5.5000000000e+01, 2.4000000000e+01, 1.2000000000e+01, 5.1733333333e-02, 7.2315466667e+03
 1500519600, 5.5000000000e+01, 2.4000000000e+01, 1.2000000000e+01, 5.0000000000e-02, 7.2311733333e+03
 1500519900, 5.5000000000e+01, 2.5253333333e+01, 1.2000000000e+01, 5.0000000000e-02, 7.2304266667e+03
 1500520200, 5.5000000000e+01, 2.6000000000e+01, 1.2000000000e+01, 5.0266666667e-02, 7.2316000000e+03
 1500520500, 5.5000000000e+01, 2.5546666667e+01, 1.2000000000e+01, 5.1733333333e-02, 7.2307733333e+03
 1500520800, 5.5000000000e+01, 2.4053333333e+01, 1.2000000000e+01, 5.0000000000e-02, 7.2310266667e+03
 1500521100, 5.5000000000e+01, 2.6000000000e+01, 1.2000000000e+01, 5.0000000000e-02, 7.2314266667e+03
 1500521400, 5.5000000000e+01, 2.6000000000e+01, 1.2000000000e+01, 5.0000000000e-02, 7.2315733333e+03
 1500521700, 5.5000000000e+01, 2.4746666667e+01, 1.2000000000e+01, 5.0266666667e-02, 7.2316000000e+03
 1500522000, 5.5000000000e+01, 2.4000000000e+01, 1.2000000000e+01, 5.1733333333e-02, 7.2314266667e+03
 1500522300, 5.5000000000e+01, 2.4453333333e+01, 1.2000000000e+01, 5.0000000000e-02, 7.2307733333e+03
 1500522600, 5.5000000000e+01, 2.6000000000e+01, 1.2000000000e+01, 5.0000000000e-02, 7.2308000000e+03
 1500522900, 5.5000000000e+01, 2.6000000000e+01, 1.2000000000e+01, 5.0000000000e-02, 7.2308000000e+03
 1500523200, 5.5000000000e+01, 2.4346666667e+01, 1.2000000000e+01, 5.0000000000e-02, 7.2310000000e+03
 1500523500, 5.5000000000e+01, 2.4000000000e+01, 1.2000000000e+01, 5.0000000000e-02, 7.2308000000e+03
 1500523800, 5.5000000000e+01, 2.4000000000e+01, 1.2000000000e+01, 5.2000000000e-02, 7.2308266667e+03
 1500524100, 5.5000000000e+01, 2.4000000000e+01, 1.2000000000e+01, 5.0000000000e-02, 7.2312000000e+03
 1500524400, 5.5133333333e+01, 2.4106666667e+01, 1.2000000000e+01, 5.0000000000e-02, 7.2318000000e+03
 1500524700, 6.0000000000e+01, 2.8000000000e+01, 1.2000000000e+01, 5.0000000000e-02, 7.2316000000e+03
 1500525000, 5.5866666667e+01, 2.6346666667e+01, 1.2000000000e+01, 5.0000000000e-02, 7.2312266667e+03
 1500525300, 5.5000000000e+01, 2.6000000000e+01, 1.2000000000e+01, 5.6266666667e-02, 7.2309733333e+03
 1500525600, 5.5000000000e+01, 2.6000000000e+01, 1.2000000000e+01, 5.1733333333e-02, 7.2307733333e+03
 1500525900, 5.5000000000e+01, 2.5546666667e+01, 1.2000000000e+01, 5.0000000000e-02, 7.2316800000e+03
 1500526200, 5.5000000000e+01, 2.4053333333e+01, 1.2000000000e+01, 5.2000000000e-02, 7.2314000000e+03
 1500526500, 5.5000000000e+01, 2.6000000000e+01, 1.2000000000e+01, 5.0000000000e-02, 7.2320266667e+03
 1500526800, 5.5000000000e+01, 2.6000000000e+01, 1.2000000000e+01, 5.0000000000e-02, 7.2326000000e+03
 1500527100, 5.5000000000e+01, 2.6000000000e+01, 1.2000000000e+01, 5.4000000000e-02, 7.2322266667e+03
 1500527400, 5.5000000000e+01, 2.6000000000e+01, 1.2000000000e+01, 5.0000000000e-02, 7.2320000000e+03
 1500527700, 5.5000000000e+01, 2.5546666667e+01, 1.2000000000e+01, 5.0000000000e-02, 7.2326666667e+03
 1500528000, 5.5000000000e+01, 2.4053333333e+01, 1.2000000000e+01, 5.0000000000e-02, 7.2312266667e+03
 1500528300, 5.5000000000e+01, 2.6000000000e+01, 1.2000000000e+01, 5.0000000000e-02, 7.2317733333e+03
 1500528600, 5.5000000000e+01, 2.4346666667e+01, 1.2000000000e+01, 5.0000000000e-02, 7.2322000000e+03
 1500528900, 5.5000000000e+01, 2.5253333333e+01, 1.2000000000e+01, 5.0000000000e-02, 7.2320266667e+03
 1500529200, 5.5000000000e+01, 2.6000000000e+01, 1.2000000000e+01, 5.0000000000e-02, 7.2318000000e+03
 1500529500, 5.5000000000e+01, 2.5546666667e+01, 1.2000000000e+01, 5.0000000000e-02, 7.2320000000e+03
 1500529800, 5.5000000000e+01, 2.4053333333e+01, 1.2000000000e+01, 5.0000000000e-02, 7.2323733333e+03
 1500530100, 5.5000000000e+01, 2.6000000000e+01, 1.2000000000e+01, 5.0000000000e-02, 7.2324000000e+03
 1500530400, 5.5000000000e+01, 2.6000000000e+01, 1.2000000000e+01, 5.2000000000e-02, 7.2332266667e+03
 1500530700, 5.5000000000e+01, 2.6000000000e+01, 1.2000000000e+01, 5.0000000000e-02, 7.2327733333e+03
 1500531000, 5.5000000000e+01, 2.6000000000e+01, 1.2000000000e+01, 5.2000000000e-02, 7.2320000000e+03
 1500531300, 5.5000000000e+01, 2.6000000000e+01, 1.2000000000e+01, 5.0000000000e-02, 7.2320533333e+03
 1500531600, 5.5000000000e+01, 2.6000000000e+01, 1.2000000000e+01, 5.6000000000e-02, 7.2334000000e+03
 1500531900, 5.5000000000e+01, 2.6000000000e+01, 1.2000000000e+01, 5.0000000000e-02, 7.2331733333e+03
 1500532200, 5.5000000000e+01, 2.6000000000e+01, 1.2000000000e+01, 5.0000000000e-02, 7.2330000000e+03
 1500532500, 5.5000000000e+01, 2.4746666667e+01, 1.2000000000e+01, 5.0000000000e-02, 7.2330266667e+03
 1500532800, 5.5000000000e+01, 2.4000000000e+01, 1.2000000000e+01, 5.0000000000e-02, 7.2342266667e+03
 1500533100, 5.5000000000e+01, 2.4000000000e+01, 1.2000000000e+01, 5.0000000000e-02, 7.2341733333e+03
 1500533400, 5.5000000000e+01, 2.4000000000e+01, 1.2000000000e+01, 5.0000000000e-02, 7.2346000000e+03
 1500533700, 5.5000000000e+01, 2.4000000000e+01, 1.2000000000e+01, 5.0000000000e-02, 7.2345466667e+03
 1500534000, 5.5000000000e+01, 2.4000000000e+01, 1.2000000000e+01, 5.0000000000e-02, 7.2324533333e+03
 1500534300, 5.5000000000e+01, 2.5253333333e+01, 1.2000000000e+01, 5.0000000000e-02, 7.2338000000e+03
 1500534600, 5.5000000000e+01, 2.5146666667e+01, 1.2000000000e+01, 5.0000000000e-02, 7.2334000000e+03
 1500534900, 5.5000000000e+01, 2.4000000000e+01, 1.2000000000e+01, 5.0000000000e-02, 7.2332000000e+03
 1500535200, 5.5000000000e+01, 2.4053333333e+01, 1.2000000000e+01, 5.0000000000e-02, 7.2338000000e+03
 1500535500, 5.5000000000e+01, 2.6000000000e+01, 1.2000000000e+01, 5.0000000000e-02, 7.2342266667e+03
 1500535800, 5.5000000000e+01, 2.4346666667e+01, 1.2000000000e+01, 5.0000000000e-02, 7.2341733333e+03
 1500536100, 5.5000000000e+01, 2.5253333333e+01, 1.2000000000e+01, 5.0000000000e-02, 7.2340266667e+03
 1500536400, 5.5000000000e+01, 2.6000000000e+01, 1.2000000000e+01, 5.0000000000e-02, 7.2345733333e+03
 1500536700, 5.5000000000e+01, 2.5546666667e+01, 1.2000000000e+01, 5.0000000000e-02, 7.2330000000e+03
 1500537000, 5.5000000000e+01, 2.4000000000e+01, 1.2000000000e+01, 5.0000000000e-02, 7.2328266667e+03
 1500537300, 5.5000000000e+01, 2.4000000000e+01, 1.2000000000e+01, 5.0000000000e-02, 7.2338000000e+03
 1500537600, 5.5000000000e+01, 2.4000000000e+01, 1.2000000000e+01, 5.0000000000e-02, 7.2335733333e+03
 1500537900, 5.5000000000e+01, 2.4000000000e+01, 1.2000000000e+01, 5.2000000000e-02, 7.2334266667e+03
 1500538200, 5.5000000000e+01, 2.4000000000e+01, 1.2000000000e+01, 5.0000000000e-02, 7.2340000000e+03
 1500538500, 5.5000000000e+01, 2.4453333333e+01, 1.2000000000e+01, 5.0000000000e-02, 7.2344000000e+03
 1500538800, 5.5000000000e+01, 2.6000000000e+01, 1.2000000000e+01, 5.0000000000e-02, 7.2338000000e+03
 1500539100, 5.5000000000e+01, 2.6000000000e+01, 1.2000000000e+01, 5.0000000000e-02, 7.2348000000e+03
 1500539400, 5.5000000000e+01, 2.6000000000e+01, 1.2000000000e+01, 5.0000000000e-02, 7.2352266667e+03
 1500539700, 5.5000000000e+01, 2.4746666667e+01, 1.2000000000e+01, 5.2000000000e-02, 7.2340000000e+03
 1500540000, 5.5000000000e+01, 2.4853333333e+01, 1.2000000000e+01, 5.0000000000e-02, 7.2344000000e+03
 1500540300, 5.5000000000e+01, 2.6000000000e+01, 1.2000000000e+01, 5.0000000000e-02, 7.2338533333e+03
 1500540600, 5.5000000000e+01, 2.6000000000e+01, 1.2000000000e+01, 5.0266666667e-02, 7.2346000000e+03
 1500540900, 5.5000000000e+01, 2.6000000000e+01, 1.2000000000e+01, 5.7733333333e-02, 7.2346000000e+03
 1500541200, 5.5000000000e+01, 2.6000000000e+01, 1.2000000000e+01, 5.0266666667e-02, 7.2353733333e+03
 1500541500, 5.5000000000e+01, 2.4746666667e+01, 1.2000000000e+01, 5.1766666667e-02, 7.2342600000e+03
 1500541800, 5.5000000000e+01, 2.4853333333e+01, 1.2000000000e+01, 5.0000000000e-02, 7.2345733333e+03
 1500542100, 5.5000000000e+01, 2.5546666667e+01, 1.2000000000e+01, 5.0000000000e-02, 7.2344266667e+03
 1500542400, 5.5000000000e+01, 2.4053333333e+01, 1.2000000000e+01, 5.0000000000e-02, 7.2340666667e+03
 1500542700, 5.5000000000e+01, 2.6000000000e+01, 1.2000000000e+01, 5.4000000000e-02, 7.2332266667e+03
 1500543000, 5.5000000000e+01, 2.6000000000e+01, 1.2000000000e+01, 5.0000000000e-02, 7.2336000000e+03
 1500543300, 5.5000000000e+01, 2.4746666667e+01, 1.2000000000e+01, 5.0000000000e-02, 7.2347733333e+03
 1500543600, 5.5000000000e+01, 2.4853333333e+01, 1.2000000000e+01, 5.0000000000e-02, 7.2344266667e+03
 1500543900, 5.5000000000e+01, 2.5546666667e+01, 1.2000000000e+01, 5.0266666667e-02, 7.2337733333e+03
 1500544200, 5.5000000000e+01, 2.4000000000e+01, 1.2000000000e+01, 6.5733333333e-02, 7.2344266667e+03
 1500544500, 5.5000000000e+01, 2.4000000000e+01, 1.2000000000e+01, 5.0000000000e-02, 7.2339733333e+03
 1500544800, 5.5000000000e+01, 2.4000000000e+01, 1.2000000000e+01, 5.0000000000e-02, 7.2344000000e+03
 1500545100, 5.8133333333e+01, 2.6506666667e+01, 1.2000000000e+01, 5.4000000000e-02, 7.2348266667e+03
 1500545400, 5.7866666667e+01, 2.7146666667e+01, 1.2000000000e+01, 5.0000000000e-02, 7.2356266667e+03
 1500545700, 5.5000000000e+01, 2.5546666667e+01, 1.2000000000e+01, 5.0000000000e-02, 7.2349733333e+03
 1500546000, 5.5000000000e+01, 2.4053333333e+01, 1.2000000000e+01, 5.0000000000e-02, 7.2348033333e+03
 1500546300, 5.5000000000e+01, 2.6000000000e+01, 1.2000000000e+01, 5.0000000000e-02, 7.2348000000e+03
 1500546600, 5.5000000000e+01, 2.4346666667e+01, 1.2000000000e+01, 5.0000000000e-02, 7.2350000000e+03
 1500546900, 5.5000000000e+01, 2.4000000000e+01, 1.2000000000e+01, 5.6533333333e-02, 7.2338000000e+03
 1500547200, 5.5000000000e+01, 2.4000000000e+01, 1.2000000000e+01, 8.0266666667e-02, 7.2344000000e+03
 1500547500, 5.5000000000e+01, 2.4000000000e+01, 1.2000000000e+01, 7.7733333333e-02, 7.2349733333e+03
 1500547800, 5.5000000000e+01, 2.4053333333e+01, 1.2000000000e+01, 6.4000000000e-02, 7.2342000000e+03
 1500548100, 5.5000000000e+01, 2.6000000000e+01, 1.2000000000e+01, 6.3733333333e-02, 7.2342266667e+03
 1500548400, 5.5000000000e+01, 2.6000000000e+01, 1.2000000000e+01, 5.1733333333e-02, 7.2340000000e+03
 1500548700, 5.5000000000e+01, 2.4746666667e+01, 1.2000000000e+01, 5.0000000000e-02, 7.2342000000e+03
 1500549000, 5.5000000000e+01, 2.4000000000e+01, 1.2000000000e+01, 5.0000000000e-02, 7.2346066667e+03
 1500549300, 5.5000000000e+01, 2.4000000000e+01, 1.2000000000e+01, 5.0000000000e-02, 7.2342000000e+03
 1500549600, 5.5000000000e+01, 2.4000000000e+01, 1.2000000000e+01, 5.0000000000e-02, 7.2340266667e+03
 1500549900, 5.5000000000e+01, 2.4000000000e+01, 1.2000000000e+01, 5.0000000000e-02, 7.2343733333e+03
 1500550200, 5.5000000000e+01, 2.5653333333e+01, 1.2000000000e+01, 5.0800000000e-02, 7.2342000000e+03
 1500550500, 5.5000000000e+01, 2.4746666667e+01, 1.2000000000e+01, 8.0000000000e-02, 7.2350000000e+03
 1500550800, 5.5000000000e+01, 2.4000000000e+01, 1.2000000000e+01, 6.3233333333e-02, 7.2348033333e+03
 1500551100, 5.6133333333e+01, 2.4906666667e+01, 1.2453333333e+01, 5.0000000000e-02, 7.2350266667e+03
 1500551400, 5.9866666667e+01, 2.7946666667e+01, 1.3946666667e+01, 5.0000000000e-02, 7.2348000000e+03
 1500551700, 5.5000000000e+01, 2.6000000000e+01, 1.2000000000e+01, 5.0000000000e-02, 7.2338000000e+03
 1500552000, 5.5000000000e+01, 2.6000000000e+01, 1.2000000000e+01, 5.0000000000e-02, 7.2345733333e+03
 1500552300, 5.5000000000e+01, 2.4746666667e+01, 1.2000000000e+01, 5.0000000000e-02, 7.2342266667e+03
 1500552600, 5.5000000000e+01, 2.4000000000e+01, 1.2000000000e+01, 5.0000000000e-02, 7.2354533333e+03
 1500552900, 5.5000000000e+01, 2.4453333333e+01, 1.2000000000e+01, 5.0000000000e-02, 7.2355466667e+03
 1500553200, 5.5000000000e+01, 2.5946666667e+01, 1.2000000000e+01, 5.0266666667e-02, 7.2350000000e+03
 1500553500, 5.5000000000e+01, 2.4000000000e+01, 1.2000000000e+01, 6.4000000000e-02, 7.2348000000e+03
 1500553800, 5.5000000000e+01, 2.4000000000e+01, 1.2000000000e+01, 5.3733333333e-02, 7.2360266667e+03
 1500554100, 5.5000000000e+01, 2.4000000000e+01, 1.2000000000e+01, 5.0000000000e-02, 7.2359733333e+03
 1500554400, 5.5000000000e+01, 2.4853333333e+01, 1.2000000000e+01, 5.0000000000e-02, 7.2344000000e+03
 1500554700, 5.5000000000e+01, 2.5546666667e+01, 1.2000000000e+01, 5.0000000000e-02, 7.2339733333e+03
 1500555000, 5.5000000000e+01, 2.4053333333e+01, 1.2000000000e+01, 5.0000000000e-02, 7.2340800000e+03
 1500555300, 5.5000000000e+01, 2.6000000000e+01, 1.2000000000e+01, 5.0000000000e-02, 7.2351733333e+03
 1500555600, 5.5000000000e+01, 2.4346666667e+01, 1.2000000000e+01, 5.0000000000e-02, 7.2352266667e+03
 1500555900, 5.5000000000e+01, 2.5253333333e+01, 1.2000000000e+01, 9.7650000000e-01, 9.0811400000e+03
 1500556200, 7.1533333333e+01, 3.4266666667e+01, 1.7786666667e+01, 7.9957333333e+00, 1.1727360000e+04
 1500556500, 1.2180000000e+02, 7.2353333333e+01, 2.6446666667e+01, 1.5310000000e+01, 1.1028400000e+04
 1500556800, 2.1550000000e+02, 1.6452000000e+02, 2.8000000000e+01, 2.0506433333e+01, 1.0658123333e+04
 1500557100, 2.4000000000e+02, 1.9000000000e+02, 2.8000000000e+01, 2.3789200000e+01, 1.2593300000e+04
 1500557400, 2.4410000000e+02, 1.9492000000e+02, 2.8000000000e+01, 2.6099600000e+01, 1.3301520000e+04
 1500557700, 2.4808333333e+02, 1.9600000000e+02, 2.8000000000e+01, 2.7771533333e+01, 1.3575173333e+04
 1500558000, 2.4788333333e+02, 1.9600000000e+02, 2.8000000000e+01, 2.9025133333e+01, 1.4195193333e+04
 1500558300, 2.4391666667e+02, 1.9556666667e+02, 2.8000000000e+01, 2.9891533333e+01, 1.4478290000e+04
 1500558600, 2.4000000000e+02, 1.9400000000e+02, 2.8000000000e+01, 3.0504200000e+01, 1.4515960000e+04
 1500558900, 2.4000000000e+02, 1.9400000000e+02, 2.8000000000e+01, 3.0938600000e+01, 1.4542840000e+04
 1500559200, 2.4410000000e+02, 1.9400000000e+02, 2.8000000000e+01, 3.1255800000e+01, 1.4545640000e+04
 1500559500, 2.4500000000e+02, 1.9400000000e+02, 2.8000000000e+01, 3.1510200000e+01, 1.4547800000e+04
 1500559800, 2.4500000000e+02, 1.9400000000e+02, 2.8000000000e+01, 3.1708000000e+01, 1.4546160000e+04
 1500560100, 2.4390000000e+02, 1.9400000000e+02, 2.8000000000e+01, 3.1866000000e+01, 1.4546780000e+04
 1500560400, 2.4000000000e+02, 1.9400000000e+02, 2.8000000000e+01, 3.1943600000e+01, 1.4545820000e+04
 1500560700, 2.4000000000e+02, 1.9400000000e+02, 2.8000000000e+01, 3.2019000000e+01, 1.4546003333e+04
 1500561000, 2.4410000000e+02, 1.9564000000e+02, 2.8000000000e+01, 3.2062600000e+01, 1.4546380000e+04
 1500561300, 2.4190000000e+02, 1.9476000000e+02, 2.8000000000e+01, 3.2096600000e+01, 1.4547220000e+04
 1500561600, 2.4210000000e+02, 1.9400000000e+02, 2.8000000000e+01, 3.2120433333e+01, 1.4546053333e+04
 1500561900, 2.4500000000e+02, 1.9400000000e+02, 2.8000000000e+01, 3.2138833333e+01, 1.4551230000e+04
 1500562200, 2.4505000000e+02, 1.9402000000e+02, 2.8020000000e+01, 3.2214900000e+01, 1.4572840000e+04
 1500562500, 2.5000000000e+02, 1.9600000000e+02, 3.0000000000e+01, 3.2521466667e+01, 1.4664493333e+04
 1500562800, 2.3780000000e+02, 1.8461333333e+02, 3.0000000000e+01, 3.2986333333e+01, 1.4895426667e+04
 1500563100, 1.8286666667e+02, 1.3048000000e+02, 2.7546666667e+01, 3.3389866667e+01, 1.5010176667e+04
 1500563400, 1.3760000000e+02, 8.6426666667e+01, 2.6000000000e+01, 3.3691566667e+01, 1.5090006667e+04
 1500563700, 1.3430000000e+02, 8.1440000000e+01, 2.8640000000e+01, 3.3881000000e+01, 1.5141113333e+04
 1500564000, 1.8400000000e+02, 1.2114000000e+02, 3.7860000000e+01, 3.4052200000e+01, 1.5105190000e+04
 1500564300, 8.5000000000e+01, 3.6000000000e+01, 2.4000000000e+01, 3.4198833333e+01, 1.5146946667e+04
 1500564600, 8.5000000000e+01, 3.6000000000e+01, 2.4000000000e+01, 3.4221833333e+01, 1.5144126667e+04
 1500564900, 1.1245000000e+02, 6.2840000000e+01, 2.6440000000e+01, 3.4246366667e+01, 1.5163536667e+04
 1500565200, 1.1140000000e+02, 6.1813333333e+01, 2.6346666667e+01, 3.4268533333e+01, 1.5115566667e+04
 1500565500, 8.5000000000e+01, 3.6433333333e+01, 2.4000000000e+01, 3.4333600000e+01, 1.5099556667e+04
 1500565800, 8.5000000000e+01, 3.7986666667e+01, 2.4000000000e+01, 3.4611533333e+01, 1.5190266667e+04
 1500566100, 8.5000000000e+01, 3.6000000000e+01, 2.4000000000e+01, 3.4877133333e+01, 1.5131090000e+04
 1500566400, 8.0950000000e+01, 3.6000000000e+01, 2.2380000000e+01, 3.5063766667e+01, 1.5191126667e+04
 1500566700, 8.3016666667e+01, 3.7206666667e+01, 2.4413333333e+01, 3.5284533333e+01, 1.5126346667e+04
 1500567000, 8.2950000000e+01, 3.7180000000e+01, 2.4360000000e+01, 3.5391266667e+01, 1.5289706667e+04
 1500567300, 8.1000000000e+01, 3.6000000000e+01, 2.2400000000e+01, 3.5514433333e+01, 1.5150846667e+04
 1500567600, 8.6866666667e+01, 3.7520000000e+01, 2.4346666667e+01, 3.5614100000e+01, 1.5056000000e+04
 1500567900, 2.2500000000e+02, 1.5000000000e+02, 5.0000000000e+01, 3.5626166667e+01, 1.5298653333e+04
 1500568200, 1.5180000000e+02, 8.9813333333e+01, 3.6986666667e+01, 3.5648200000e+01, 1.5127543333e+04
 1500568500, 1.0466666667e+02, 5.1733333333e+01, 2.7933333333e+01, 3.5710133333e+01, 1.4971883333e+04
 1500568800, 1.0533333333e+02, 5.5520000000e+01, 2.5626666667e+01, 3.5663566667e+01, 1.4932483333e+04
 1500569100, 1.4025000000e+02, 8.8620000000e+01, 2.8420000000e+01, 3.5632400000e+01, 1.4710703333e+04
 1500569400, 1.6108333333e+02, 1.0700000000e+02, 3.0066666667e+01, 3.5619133333e+01, 1.4402760000e+04
 1500569700, 2.2500000000e+02, 1.6600000000e+02, 3.4000000000e+01, 3.5493400000e+01, 1.4115683333e+04
 1500570000, 2.6175000000e+02, 1.9540000000e+02, 4.3800000000e+01, 3.5232633333e+01, 1.3516006667e+04
 1500570300, 2.6075000000e+02, 1.9953333333e+02, 3.7366666667e+01, 3.4763666667e+01, 1.3397463333e+04
 1500570600, 2.5290000000e+02, 1.9800000000e+02, 3.1160000000e+01, 3.4327433333e+01, 1.3748036667e+04
 1500570900, 2.4891666667e+02, 1.9756666667e+02, 2.9566666667e+01, 3.3994200000e+01, 1.3954793333e+04
 1500571200, 2.4500000000e+02, 1.9596666667e+02, 2.8000000000e+01, 3.3788666667e+01, 1.4142366667e+04
 1500571500, 2.4500000000e+02, 1.9400000000e+02, 2.8000000000e+01, 3.3609233333e+01, 1.4336176667e+04
 1500571800, 2.4500000000e+02, 1.9400000000e+02, 2.8000000000e+01, 3.3470066667e+01, 1.4307860000e+04
 1500572100, 2.4191666667e+02, 1.9400000000e+02, 2.8000000000e+01, 3.3356333333e+01, 1.4336483333e+04
 1500572400, 2.4208333333e+02, 1.9400000000e+02, 2.8000000000e+01, 3.3277500000e+01, 1.4342516667e+04
 1500572700, 2.4500000000e+02, 1.9400000000e+02, 2.8000000000e+01, 3.3239166667e+01, 1.4330216667e+04
 1500573000, 2.4491666667e+02, 1.9400000000e+02, 2.8000000000e+01, 3.3203500000e+01, 1.4331633333e+04
 1500573300, 2.4000000000e+02, 1.9400000000e+02, 2.8000000000e+01, 3.3188166667e+01, 1.4333666667e+04
 1500573600, 2.4000000000e+02, 1.9400000000e+02, 2.8000000000e+01, 3.3218500000e+01, 1.4339316667e+04
 1500573900, 2.4308333333e+02, 1.9523333333e+02, 2.8000000000e+01, 3.3255500000e+01, 1.4349916667e+04
 1500574200, 2.4500000000e+02, 1.9516666667e+02, 2.8000000000e+01, 3.3397866667e+01, 1.4397390000e+04
 1500574500, 2.4716666667e+02, 1.9400000000e+02, 2.8866666667e+01, 3.3636500000e+01, 1.4416863333e+04
 1500574800, 2.5500000000e+02, 1.9406666667e+02, 3.2033333333e+01, 3.3862466667e+01, 1.4429860000e+04
 1500575100, 2.5500000000e+02, 1.9800000000e+02, 3.4000000000e+01, 3.4140933333e+01, 1.4486306667e+04
 1500575400, 2.5098333333e+02, 1.8836000000e+02, 3.7213333333e+01, 3.4473900000e+01, 1.4533080000e+04
 1500575700, 2.2853333333e+02, 1.7250666667e+02, 3.3093333333e+01, 3.4793700000e+01, 1.4407423333e+04
 1500576000, 2.2566666667e+02, 1.6741333333e+02, 3.5973333333e+01, 3.5049166667e+01, 1.4487056667e+04
 1500576300, 1.9490000000e+02, 1.3346000000e+02, 3.6620000000e+01, 3.5110233333e+01, 1.4299816667e+04
 1500576600, 1.4220000000e+02, 8.9386666667e+01, 2.7626666667e+01, 3.4779233333e+01, 1.4289306667e+04
 1500576900, 1.7771666667e+02, 1.2305666667e+02, 3.2660000000e+01, 3.4435100000e+01, 1.4203018333e+04
 1500577200, 8.9716666667e+01, 4.4656666667e+01, 2.3060000000e+01, 3.3975700000e+01, 1.4252098333e+04
 1500577500, 8.4050000000e+01, 3.7620000000e+01, 2.3620000000e+01, 3.3564700000e+01, 1.4195536667e+04
 1500577800, 8.5000000000e+01, 3.8000000000e+01, 2.4000000000e+01, 3.3272516667e+01, 1.4251908333e+04
 1500578100, 1.0345000000e+02, 5.0300000000e+01, 2.9740000000e+01, 3.3057516667e+01, 1.4226305000e+04
 1500578400, 1.2040000000e+02, 6.1600000000e+01, 3.5440000000e+01, 3.2870833333e+01, 1.4157236667e+04
 1500578700, 8.5000000000e+01, 3.8000000000e+01, 2.5973333333e+01, 3.2790833333e+01, 1.4184410000e+04
 1500579000, 8.5000000000e+01, 3.8000000000e+01, 2.4000000000e+01, 3.2697633333e+01, 1.4057533333e+04
 1500579300, 8.5000000000e+01, 3.8000000000e+01, 2.5620000000e+01, 3.2679233333e+01, 1.3858480000e+04
 1500579600, 8.5000000000e+01, 3.8000000000e+01, 2.4786666667e+01, 3.2453466667e+01, 1.3634976667e+04
 1500579900, 1.2600000000e+02, 7.5720000000e+01, 2.6460000000e+01, 3.2113300000e+01, 1.3592496667e+04
 1500580200, 1.6505000000e+02, 1.1152000000e+02, 2.8740000000e+01, 3.1595833333e+01, 1.3594943333e+04
 1500580500, 9.0033333333e+01, 4.2013333333e+01, 2.4013333333e+01, 3.1120866667e+01, 1.3562053333e+04
 1500580800, 9.5000000000e+01, 4.4000000000e+01, 2.6000000000e+01, 3.0692866667e+01, 1.3278030000e+04
 1500581100, 1.5575000000e+02, 9.9080000000e+01, 3.0860000000e+01, 3.0347300000e+01, 1.3204203333e+04
 1500581400, 1.2425000000e+02, 7.1740000000e+01, 2.8340000000e+01, 2.9845600000e+01, 1.2621260000e+04
 1500581700, 1.1755000000e+02, 6.7320000000e+01, 2.7640000000e+01, 2.9046933333e+01, 1.2392450000e+04
 1500582000, 1.4560000000e+02, 9.3160000000e+01, 3.0000000000e+01, 2.7868566667e+01, 1.1784600000e+04
 1500582300, 1.2990000000e+02, 7.5920000000e+01, 2.9980000000e+01, 2.6352233333e+01, 1.1215456667e+04
 1500582600, 1.2000000000e+02, 6.8000000000e+01, 2.8000000000e+01, 2.4750000000e+01, 1.1057813333e+04
 1500582900, 1.4450000000e+02, 8.9233333333e+01, 3.1266666667e+01, 2.2936200000e+01, 9.9212666667e+03
 1500583200, 1.0260000000e+02, 5.2920000000e+01, 2.5680000000e+01, 2.0803600000e+01, 1.0435190000e+04
 1500583500, 1.2116666667e+02, 6.8180000000e+01, 2.8986666667e+01, 1.7934750000e+01, 1.3723435000e+04
 1500583800, 1.2200000000e+02, 6.9600000000e+01, 2.9600000000e+01, 1.8562316667e+01, 3.1103448333e+04
 1500584100, 1.3291666667e+02, 7.9633333333e+01, 3.1633333333e+01, 2.0697433333e+01, 3.7611230000e+04
 1500584400, 2.7000000000e+02, 1.9400000000e+02, 5.2040000000e+01, 2.3717633333e+01, 4.1643790000e+04
 1500584700, 2.7000000000e+02, 1.9400000000e+02, 5.4000000000e+01, 2.6262000000e+01, 4.1662126667e+04
 1500585000, 2.7000000000e+02, 1.9400000000e+02, 5.5646666667e+01, 2.8047133333e+01, 4.1948253333e+04
 1500585300, 2.7000000000e+02, 1.9400000000e+02, 5.4760000000e+01, 2.9301466667e+01, 4.2110970000e+04
 1500585600, 2.6788333333e+02, 1.9146000000e+02, 5.4846666667e+01, 3.0185500000e+01, 4.2060386667e+04
 1500585900, 2.6611666667e+02, 1.8889333333e+02, 5.5553333333e+01, 3.0853633333e+01, 4.2473100000e+04
 1500586200, 2.7000000000e+02, 1.9204666667e+02, 5.4000000000e+01, 3.1355966667e+01, 4.3137016667e+04
 1500586500, 2.7000000000e+02, 1.9400000000e+02, 5.4000000000e+01, 3.1740566667e+01, 4.3215736667e+04
 1500586800, 2.7000000000e+02, 1.9235333333e+02, 5.4000000000e+01, 3.1988366667e+01, 4.3287263333e+04
 1500587100, 2.7000000000e+02, 1.9200000000e+02, 5.4000000000e+01, 3.2166800000e+01, 4.3541600000e+04
 1500587400, 2.7000000000e+02, 1.9200000000e+02, 5.4000000000e+01, 3.2311700000e+01, 4.4385293333e+04
 1500587700, 2.7000000000e+02, 1.9244000000e+02, 5.4000000000e+01, 3.2435000000e+01, 4.4818536667e+04
 1500588000, 2.6991666667e+02, 1.9396666667e+02, 5.4000000000e+01, 3.2478866667e+01, 4.5000913333e+04
 1500588300, 2.6500000000e+02, 1.9200000000e+02, 5.4000000000e+01, 3.2576000000e+01, 4.5396916667e+04
 1500588600, 2.6911666667e+02, 1.9200000000e+02, 5.4000000000e+01, 3.2606000000e+01, 4.5327293333e+04
 1500588900, 2.7000000000e+02, 1.9324000000e+02, 5.4000000000e+01, 3.2587100000e+01, 4.5365376667e+04
 1500589200, 2.7000000000e+02, 1.9400000000e+02, 5.4000000000e+01, 3.2530433333e+01, 4.5402380000e+04
 1500589500, 2.7000000000e+02, 1.9400000000e+02, 5.4000000000e+01, 3.2508333333e+01, 4.5265633333e+04
 1500589800, 2.7000000000e+02, 1.9400000000e+02, 5.4000000000e+01, 3.2523566667e+01, 4.5297753333e+04
 1500590100, 2.7000000000e+02, 1.9400000000e+02, 5.4000000000e+01, 3.2574633333e+01, 4.5463433333e+04
 1500590400, 2.7000000000e+02, 1.9236000000e+02, 5.4000000000e+01, 3.2630000000e+01, 4.5497500000e+04
 1500590700, 2.7000000000e+02, 1.9323333333e+02, 5.4000000000e+01, 3.2671666667e+01, 4.5383820000e+04
 1500591000, 2.7000000000e+02, 1.9400000000e+02, 5.4000000000e+01, 3.2501200000e+01, 4.1207870000e+04
 1500591300, 2.3873333333e+02, 1.6764666667e+02, 4.9086666667e+01, 2.8740233333e+01, 2.0963060000e+04
 1500591600, 1.3070000000e+02, 7.6746666667e+01, 3.2046666667e+01, 2.3786733333e+01, 1.6824963333e+04
 1500591900, 1.6000000000e+02, 1.0800000000e+02, 3.4000000000e+01, 1.9663066667e+01, 1.4510446667e+04
 1500592200, 7.3550000000e+01, 4.0486666667e+01, 1.5886666667e+01, 1.4994766667e+01, 7.1967233333e+03
 1500592500, 7.9266666667e+01, 3.9346666667e+01, 2.0493333333e+01, 1.1666866667e+01, 8.4212316667e+03
 1500592800, 9.0766666667e+01, 4.3766666667e+01, 2.5153333333e+01, 1.0317000000e+01, 9.5195383333e+03
 1500593100, 8.7033333333e+01, 4.0033333333e+01, 2.4000000000e+01, 9.0916000000e+00, 1.0217493333e+04
 1500593400, 9.7833333333e+01, 5.0400000000e+01, 2.4433333333e+01, 9.1574000000e+00, 2.5529956667e+04
 1500593700, 2.6500000000e+02, 1.9200000000e+02, 5.0000000000e+01, 1.4701033333e+01, 3.8879030000e+04
 1500594000, 2.6908333333e+02, 1.9363333333e+02, 5.3266666667e+01, 1.9700866667e+01, 3.9528706667e+04
 1500594300, 2.7000000000e+02, 1.9276000000e+02, 5.2760000000e+01, 2.3267900000e+01, 4.0773340000e+04
 1500594600, 2.7000000000e+02, 1.9200000000e+02, 5.2840000000e+01, 2.5860300000e+01, 4.1182976667e+04
 1500594900, 2.7000000000e+02, 1.9200000000e+02, 5.4000000000e+01, 2.7769866667e+01, 4.1194476667e+04
 1500595200, 2.6990000000e+02, 1.9188000000e+02, 5.4000000000e+01, 2.9120400000e+01, 4.1179600000e+04
 1500595500, 2.6500000000e+02, 1.8600000000e+02, 5.4000000000e+01, 3.0114400000e+01, 4.1469153333e+04
 1500595800, 2.6500000000e+02, 1.8928000000e+02, 5.2360000000e+01, 3.0627066667e+01, 3.9598080000e+04
 1500596100, 2.5876666667e+02, 1.8626000000e+02, 5.2000000000e+01, 2.9356333333e+01, 3.4205466667e+04
 1500596400, 2.5500000000e+02, 1.8315333333e+02, 5.1153333333e+01, 2.7893666667e+01, 3.4155983333e+04
 1500596700, 2.4420000000e+02, 1.7516000000e+02, 4.6400000000e+01, 2.6911000000e+01, 3.4359333333e+04
 1500597000, 1.9640000000e+02, 1.4484000000e+02, 3.0466666667e+01, 2.6611766667e+01, 3.4945643333e+04
 1500597300, 2.5500000000e+02, 1.8000000000e+02, 5.0000000000e+01, 2.6664666667e+01, 4.0075126667e+04
 1500597600, 2.6730000000e+02, 1.8984000000e+02, 5.3280000000e+01, 2.8211866667e+01, 4.2410246667e+04
 1500597900, 2.7000000000e+02, 1.9324666667e+02, 5.4000000000e+01, 2.9469333333e+01, 4.2593790000e+04
 1500598200, 2.7000000000e+02, 1.9316000000e+02, 5.4000000000e+01, 3.0368000000e+01, 4.3007756667e+04
 1500598500, 2.7000000000e+02, 1.9200000000e+02, 5.4000000000e+01, 3.1048233333e+01, 4.3271080000e+04
 1500598800, 2.7000000000e+02, 1.9200000000e+02, 5.4000000000e+01, 3.1546266667e+01, 4.3555896667e+04
 1500599100, 2.7000000000e+02, 1.9200000000e+02, 5.4000000000e+01, 3.1903066667e+01, 4.3592693333e+04
 1500599400, 2.7000000000e+02, 1.9200000000e+02, 5.4000000000e+01, 3.2199600000e+01, 4.3569350000e+04
 1500599700, 2.7000000000e+02, 1.9200000000e+02, 5.4000000000e+01, 3.2392133333e+01, 4.3555840000e+04
 1500600000, 2.7000000000e+02, 1.9200000000e+02, 5.4000000000e+01, 3.2491566667e+01, 4.3583800000e+04
 1500600300, 2.7000000000e+02, 1.9200000000e+02, 5.4446666667e+01, 3.2535433333e+01, 4.3708856667e+04
 1500600600, 2.7000000000e+02, 1.9200000000e+02, 5.6000000000e+01, 3.2687333333e+01, 4.3838703333e+04
 1500600900, 2.6508333333e+02, 1.9003333333e+02, 5.4033333333e+01, 3.1605733333e+01, 3.6073480000e+04
 1500601200, 2.3618333333e+02, 1.6694666667e+02, 4.7413333333e+01, 2.9645500000e+01, 3.5473366667e+04
 1500601500, 2.4558333333e+02, 1.7945333333e+02, 4.4753333333e+01, 2.8130333333e+01, 3.5543080000e+04
 1500601800, 2.1690000000e+02, 1.5528666667e+02, 3.9766666667e+01, 2.4732533333e+01, 1.8561615000e+04
 1500602100, 1.6175000000e+02, 1.0540000000e+02, 3.3566666667e+01, 2.1187400000e+01, 1.8422138333e+04
 1500602400, 1.4586666667e+02, 9.2073333333e+01, 3.1380000000e+01, 1.8398233333e+01, 1.9189596667e+04
 1500602700, 1.1386666667e+02, 6.1673333333e+01, 2.6580000000e+01, 1.7398933333e+01, 2.0450983333e+04
 1500603000, 8.5750000000e+01, 3.8600000000e+01, 2.4060000000e+01, 1.6979600000e+01, 2.0706133333e+04
 1500603300, 2.1261666667e+02, 1.5656000000e+02, 3.5526666667e+01, 1.7081200000e+01, 3.1712370000e+04
 1500603600, 2.5246666667e+02, 1.8449333333e+02, 4.6726666667e+01, 1.9020400000e+01, 3.3048253333e+04
 1500603900, 2.6000000000e+02, 1.8600000000e+02, 5.2000000000e+01, 2.0367666667e+01, 3.3118693333e+04
 1500604200, 2.6000000000e+02, 1.8600000000e+02, 5.1553333333e+01, 2.1322666667e+01, 3.3086013333e+04
 1500604500, 2.5988333333e+02, 1.8595333333e+02, 5.0000000000e+01, 2.2047533333e+01, 3.3290853333e+04
 1500604800, 2.5500000000e+02, 1.8400000000e+02, 5.0000000000e+01, 2.2560500000e+01, 3.3762420000e+04
 1500605100, 2.5500000000e+02, 1.8400000000e+02, 5.0000000000e+01, 2.2950400000e+01, 3.3583780000e+04
 1500605400, 2.5500000000e+02, 1.8400000000e+02, 5.0000000000e+01, 2.3232433333e+01, 3.3362360000e+04
 1500605700, 2.5711666667e+02, 1.8484666667e+02, 5.0846666667e+01, 2.3404400000e+01, 3.3498963333e+04
 1500606000, 2.6000000000e+02, 1.8600000000e+02, 5.1553333333e+01, 2.3521966667e+01, 3.3454913333e+04
 1500606300, 2.5988333333e+02, 1.8590666667e+02, 5.0000000000e+01, 2.3704566667e+01, 3.3458360000e+04
 1500606600, 2.5500000000e+02, 1.8200000000e+02, 5.0000000000e+01, 2.3763166667e+01, 3.3968683333e+04
 1500606900, 2.5500000000e+02, 1.8529333333e+02, 5.0000000000e+01, 2.3834133333e+01, 3.3937803333e+04
 1500607200, 2.5500000000e+02, 1.8475333333e+02, 5.0000000000e+01, 2.3831166667e+01, 3.3834733333e+04
 1500607500, 2.5711666667e+02, 1.8484666667e+02, 5.0000000000e+01, 2.3906933333e+01, 3.3634063333e+04
 1500607800, 2.6000000000e+02, 1.8600000000e+02, 5.0000000000e+01, 2.3918233333e+01, 3.3711016667e+04
 1500608100, 2.6000000000e+02, 1.8600000000e+02, 5.0000000000e+01, 2.3908566667e+01, 3.3913360000e+04
 1500608400, 2.6000000000e+02, 1.8600000000e+02, 5.0000000000e+01, 2.3646266667e+01, 2.9224463333e+04
 1500608700, 2.4353333333e+02, 1.7282666667e+02, 4.6706666667e+01, 2.2095266667e+01, 2.5391986667e+04
 1500609000, 2.0571666667e+02, 1.3883333333e+02, 4.4753333333e+01, 2.1225666667e+01, 2.5660506667e+04
 1500609300, 2.1463333333e+02, 1.4709333333e+02, 4.6540000000e+01, 2.0494233333e+01, 3.0538036667e+04
 1500609600, 2.5611666667e+02, 1.8578666667e+02, 4.9106666667e+01, 2.1401600000e+01, 3.3642460000e+04
 1500609900, 2.5813333333e+02, 1.9032000000e+02, 4.5766666667e+01, 2.1931733333e+01, 2.9837426667e+04
 1500610200, 1.8000000000e+02, 1.2000000000e+02, 3.6000000000e+01, 1.9328933333e+01, 1.6058363333e+04
 1500610500, 1.5941666667e+02, 1.0188666667e+02, 3.4353333333e+01, 1.6636100000e+01, 1.6346303333e+04
 1500610800, 1.6435000000e+02, 1.0922000000e+02, 3.4000000000e+01, 1.4550133333e+01, 1.8816350000e+04
 1500611100, 1.9751666667e+02, 1.4140000000e+02, 3.7386666667e+01, 1.4344566667e+01, 3.1520696667e+04
 1500611400, 2.3500000000e+02, 1.7644666667e+02, 4.1106666667e+01, 1.5047766667e+01, 3.7342406667e+04
 1500611700, 2.3511666667e+02, 1.7800000000e+02, 3.8000000000e+01, 1.5570500000e+01, 4.2074686667e+04
 1500612000, 2.4000000000e+02, 1.7800000000e+02, 3.8000000000e+01, 1.5969466667e+01, 4.3040543333e+04
 1500612300, 2.4000000000e+02, 1.7964666667e+02, 3.8000000000e+01, 1.6252933333e+01, 4.4124143333e+04
 1500612600, 2.4000000000e+02, 1.8124666667e+02, 3.8000000000e+01, 1.6446200000e+01, 4.4926086667e+04
 1500612900, 2.4000000000e+02, 1.8030666667e+02, 3.8846666667e+01, 1.6572100000e+01, 4.5471613333e+04
 1500613200, 2.4000000000e+02, 1.7844666667e+02, 3.9553333333e+01, 1.6711033333e+01, 4.6351720000e+04
 1500613500, 2.3976666667e+02, 1.7986000000e+02, 3.8000000000e+01, 1.6803866667e+01, 4.6600593333e+04
 1500613800, 2.3000000000e+02, 1.7400000000e+02, 3.8000000000e+01, 1.6862233333e+01, 4.6837803333e+04
 1500614100, 2.3823333333e+02, 1.7729333333e+02, 3.8000000000e+01, 1.6588400000e+01, 4.0353870000e+04
 1500614400, 1.9636666667e+02, 1.4060000000e+02, 3.1766666667e+01, 1.4790033333e+01, 3.5140450000e+04
 1500614700, 1.7211666667e+02, 1.2054000000e+02, 2.8000000000e+01, 1.3685033333e+01, 3.6308240000e+04
 1500615000, 1.8728333333e+02, 1.3427333333e+02, 3.0233333333e+01, 1.3235433333e+01, 4.0888756667e+04
 1500615300, 2.3058333333e+02, 1.7042000000e+02, 3.8186666667e+01, 1.5345233333e+01, 5.1553976667e+04
 1500615600, 2.5500000000e+02, 1.8800000000e+02, 4.6000000000e+01, 1.7705966667e+01, 5.1678126667e+04
 1500615900, 2.5500000000e+02, 1.8800000000e+02, 4.6000000000e+01, 1.9433366667e+01, 5.1676010000e+04
 1500616200, 2.5500000000e+02, 1.8800000000e+02, 4.6000000000e+01, 2.0668500000e+01, 5.1775500000e+04
 1500616500, 2.5500000000e+02, 1.8800000000e+02, 4.6000000000e+01, 2.1605500000e+01, 5.2287613333e+04
 1500616800, 2.5611666667e+02, 1.8844666667e+02, 4.6000000000e+01, 2.2275533333e+01, 5.2614786667e+04
 1500617100, 2.5988333333e+02, 1.8995333333e+02, 4.6000000000e+01, 2.2769566667e+01, 5.2861303333e+04
 1500617400, 2.5500000000e+02, 1.8800000000e+02, 4.6000000000e+01, 2.3153933333e+01, 5.3088930000e+04
 1500617700, 2.5500000000e+02, 1.8635333333e+02, 4.6000000000e+01, 2.3428666667e+01, 5.3345933333e+04
 1500618000, 2.5500000000e+02, 1.8724666667e+02, 4.7246666667e+01, 2.3607033333e+01, 5.3574576667e+04
 1500618300, 2.5500000000e+02, 1.8800000000e+02, 4.7153333333e+01, 2.3767300000e+01, 5.4124310000e+04
 1500618600, 2.5276666667e+02, 1.8532000000e+02, 4.6000000000e+01, 2.2857300000e+01, 2.6446870000e+04
 1500618900, 2.4476666667e+02, 1.7586000000e+02, 4.5953333333e+01, 2.1459533333e+01, 2.7059526667e+04
 1500619200, 2.3500000000e+02, 1.7000000000e+02, 4.4000000000e+01, 2.0112100000e+01, 2.5712970000e+04
 1500619500, 2.3500000000e+02, 1.6835333333e+02, 4.4000000000e+01, 1.9179333333e+01, 2.5405693333e+04
 1500619800, 2.4123333333e+02, 1.7298666667e+02, 4.5246666667e+01, 1.8522100000e+01, 2.7679743333e+04
 1500620100, 2.4288333333e+02, 1.7515333333e+02, 4.6000000000e+01, 1.8046766667e+01, 2.7570913333e+04
 1500620400, 2.3776666667e+02, 1.7132000000e+02, 4.5553333333e+01, 1.8176466667e+01, 2.8285600000e+04
 1500620700, 2.3070000000e+02, 1.6256000000e+02, 4.4140000000e+01, 1.8308400000e+01, 3.1829126667e+04
 1500621000, 2.6000000000e+02, 1.8600000000e+02, 5.0000000000e+01, 1.9872866667e+01, 3.6458680000e+04
 1500621300, 2.6000000000e+02, 1.8600000000e+02, 5.0000000000e+01, 2.0630133333e+01, 2.9256590000e+04
 1500621600, 2.1325000000e+02, 1.5109333333e+02, 4.1273333333e+01, 1.8440566667e+01, 2.2490073333e+04
 1500621900, 1.8288333333e+02, 1.2830666667e+02, 3.5153333333e+01, 1.6272866667e+01, 2.3270996667e+04
 1500622200, 1.8111666667e+02, 1.2644666667e+02, 3.4000000000e+01, 1.4502633333e+01, 2.3367066667e+04
 1500622500, 1.8488333333e+02, 1.2790666667e+02, 3.4000000000e+01, 1.3239033333e+01, 2.3452730000e+04
 1500622800, 1.8000000000e+02, 1.2400000000e+02, 3.4000000000e+01, 1.2304266667e+01, 2.3709746667e+04
 1500623100, 1.8411666667e+02, 1.2894000000e+02, 3.4000000000e+01, 1.1564033333e+01, 2.1017330000e+04
 1500623400, 1.7876666667e+02, 1.2376666667e+02, 3.4000000000e+01, 1.0869166667e+01, 2.0364716667e+04
 1500623700, 1.7500000000e+02, 1.2084666667e+02, 3.4000000000e+01, 1.0365733333e+01, 2.0423700000e+04
 1500624000, 1.7500000000e+02, 1.2155333333e+02, 3.4000000000e+01, 9.9704333333e+00, 1.9925463333e+04
 1500624300, 1.7220000000e+02, 1.1776000000e+02, 3.3486666667e+01, 8.9431333333e+00, 1.0822963333e+04
 1500624600, 5.5000000000e+01, 2.4000000000e+01, 1.2000000000e+01, 6.6281666667e+00, 7.1088166667e+03
 1500624900, 5.5000000000e+01, 2.4000000000e+01, 1.2000000000e+01, 4.8107666667e+00, 7.0945766667e+03
 1500625200, 5.5000000000e+01, 2.4000000000e+01, 1.2000000000e+01, 3.4908000000e+00, 7.0946000000e+03
 1500625500, 5.5000000000e+01, 2.4000000000e+01, 1.2000000000e+01, 2.5518000000e+00, 7.0953166667e+03
 1500625800, 5.5000000000e+01, 2.4446666667e+01, 1.2000000000e+01, 1.8811666667e+00, 7.0992233333e+03
 1500626100, 5.5000000000e+01, 2.5953333333e+01, 1.2000000000e+01, 1.3842000000e+00, 7.0989533333e+03
 1500626400, 5.5000000000e+01, 2.4000000000e+01, 1.2000000000e+01, 1.0150000000e+00, 7.1033866667e+03
 1500626700, 5.5000000000e+01, 2.4000000000e+01, 1.2000000000e+01, 7.5533333333e-01, 7.1064000000e+03
 1500627000, 5.5000000000e+01, 2.4000000000e+01, 1.2000000000e+01, 5.7203333333e-01, 7.1060000000e+03
 1500627300, 5.5000000000e+01, 2.4000000000e+01, 1.2000000000e+01, 4.2720000000e-01, 7.1068233333e+03
 1500627600, 5.5000000000e+01, 2.4000000000e+01, 1.2000000000e+01, 3.2590000000e-01, 7.1068000000e+03
 1500627900, 5.5116666667e+01, 2.4093333333e+01, 1.2000000000e+01, 2.3636666667e-01, 7.1066000000e+03
 1500628200, 6.0000000000e+01, 2.8000000000e+01, 1.2000000000e+01, 1.8553333333e-01, 7.1062000000e+03
 1500628500, 5.5883333333e+01, 2.4706666667e+01, 1.2000000000e+01, 1.5283333333e-01, 7.1058000000e+03
 1500628800, 5.5000000000e+01, 2.4000000000e+01, 1.2000000000e+01, 1.2130000000e-01, 7.1063966667e+03
 1500629100, 5.5000000000e+01, 2.4000000000e+01, 1.2000000000e+01, 9.7766666667e-02, 7.1066233333e+03
 1500629400, 5.5000000000e+01, 2.4000000000e+01, 1.2000000000e+01, 8.1766666667e-02, 7.1070000000e+03
 1500629700, 5.5000000000e+01, 2.4000000000e+01, 1.2000000000e+01, 7.8000000000e-02, 7.1064466667e+03
 1500630000, 5.5000000000e+01, 2.4000000000e+01, 1.2000000000e+01, 7.3766666667e-02, 7.1069766667e+03
 1500630300, 5.5000000000e+01, -nan, 1.2000000000e+01, 5.7533333333e-02, 7.1070233333e+03
 1500630600, 5.5000000000e+01, -nan, 1.2000000000e+01, 5.0000000000e-02, 7.1070000000e+03
 1500630900, 5.5000000000e+01, -nan, 1.2000000000e+01, 5.0000000000e-02, 7.1069300000e+03
 1500631200, 5.5000000000e+01, -nan, 1.2000000000e+01, 5.0000000000e-02, 7.1063766667e+03
 1500631500, 5.5000000000e+01, -nan, 1.2000000000e+01, 5.2500000000e-02, 7.1063733333e+03
 1500631800, 5.5000000000e+01, -nan, 1.2000000000e+01, -nan, 7.1064233333e+03
 1500632100, 5.5000000000e+01, -nan, 1.2000000000e+01, -nan, 7.1064233333e+03
 1500632400, 5.5000000000e+01, -nan, 1.2000000000e+01, -nan, 7.1066000000e+03
 1500632700, 5.5000000000e+01, -nan, 1.2000000000e+01, -nan, 7.1047300000e+03
 1500633000, 5.5000000000e+01, -nan, -nan, -nan, 7.1045766667e+03
 1500633300, 5.5000000000e+01, -nan, -nan, -nan, 7.1046233333e+03
 1500633600, 5.5000000000e+01, -nan, -nan, -nan, 7.1052000000e+03
 1500633900, 5.5000000000e+01, -nan, -nan, -nan, 7.1048000000e+03
 1500634200, -nan, -nan, -nan, -nan, 7.1046000000e+03
 1500634500, -nan, -nan, -nan, -nan, -nan
 1500634800, -nan, -nan, -nan, -nan, -nan
