 Time, ttl_pwr, cpu_pwr, mem_pwr, cpu_load, mem_load
 1500441000, 5,0000000000e+01, 2,4000000000e+01, 1,0000000000e+01, 5,2000000000e-02, 8,0299266667e+03
 1500441300, 5,0000000000e+01, 2,4000000000e+01, 1,0000000000e+01, 5,0000000000e-02, 8,0290000000e+03
 1500441600, 5,0000000000e+01, 2,4000000000e+01, 1,0000000000e+01, 5,0000000000e-02, 8,0298000000e+03
 1500441900, 5,0000000000e+01, 2,4000000000e+01, 1,0000000000e+01, 5,1266666667e-02, 8,0285266667e+03
 1500442200, 5,0000000000e+01, 2,4000000000e+01, 1,0000000000e+01, 5,0733333333e-02, 8,0277466667e+03
 1500442500, 5,0000000000e+01, 2,4000000000e+01, 1,0000000000e+01, 5,0000000000e-02, 8,0281266667e+03
 1500442800, 5,0000000000e+01, 2,4000000000e+01, 1,0000000000e+01, 5,0000000000e-02, 8,0278733333e+03
 1500443100, 5,0000000000e+01, 2,4000000000e+01, 1,0000000000e+01, 5,0000000000e-02, 8,0276733333e+03
 1500443400, 5,0000000000e+01, 2,4000000000e+01, 1,0000000000e+01, 5,0000000000e-02, 8,0282533333e+03
 1500443700, 5,0000000000e+01, 2,4000000000e+01, 1,0000000000e+01, 5,0000000000e-02, 8,0275466667e+03
 1500444000, 5,0000000000e+01, 2,4000000000e+01, 1,0000000000e+01, 5,1266666667e-02, 8,0288533333e+03
 1500444300, 5,0000000000e+01, 2,4000000000e+01, 1,0000000000e+01, 5,6733333333e-02, 8,0298533333e+03
 1500444600, 5,0000000000e+01, 2,4000000000e+01, 1,0000000000e+01, 5,4000000000e-02, 8,0290733333e+03
 1500444900, 5,0000000000e+01, 2,4000000000e+01, 1,0000000000e+01, 5,0000000000e-02, 8,0294533333e+03
 1500445200, 5,0000000000e+01, 2,4000000000e+01, 1,0000000000e+01, 5,5266666667e-02, 8,0298733333e+03
 1500445500, 5,0000000000e+01, 2,4000000000e+01, 1,0000000000e+01, 5,8000000000e-02, 8,0298733333e+03
 1500445800, 5,0000000000e+01, 2,4000000000e+01, 1,0000000000e+01, 5,0733333333e-02, 8,0295266667e+03
 1500446100, 5,0000000000e+01, 2,4000000000e+01, 1,0000000000e+01, 5,0000000000e-02, 8,0291466667e+03
 1500446400, 5,0000000000e+01, 2,4000000000e+01, 1,0000000000e+01, 5,0000000000e-02, 8,0295266667e+03
 1500446700, 5,0000000000e+01, 2,4000000000e+01, 1,0000000000e+01, 5,0000000000e-02, 8,0297266667e+03
 1500447000, 5,0000000000e+01, 2,4000000000e+01, 1,0000000000e+01, 5,0000000000e-02, 8,0308000000e+03
 1500447300, 5,0000000000e+01, 2,4000000000e+01, 1,0000000000e+01, 5,0000000000e-02, 8,0300000000e+03
 1500447600, 5,0000000000e+01, 2,4000000000e+01, 1,0000000000e+01, 5,0000000000e-02, 8,0298733333e+03
 1500447900, 5,0000000000e+01, 2,4000000000e+01, 1,0000000000e+01, 5,0000000000e-02, 8,0294000000e+03
 1500448200, 5,0000000000e+01, 2,4000000000e+01, 1,0000000000e+01, 5,0000000000e-02, 8,0295266667e+03
 1500448500, 5,0000000000e+01, 2,4000000000e+01, 1,0000000000e+01, 5,2000000000e-02, 8,0294000000e+03
 1500448800, 5,0000000000e+01, 2,4000000000e+01, 1,0000000000e+01, 5,0000000000e-02, 8,0295466667e+03
 1500449100, 5,0000000000e+01, 2,4000000000e+01, 1,0000000000e+01, 5,0000000000e-02, 8,0295800000e+03
 1500449400, 5,0000000000e+01, 2,4000000000e+01, 1,0000000000e+01, 5,0000000000e-02, 8,0296733333e+03
 1500449700, 5,0000000000e+01, 2,4000000000e+01, 1,0000000000e+01, 5,0000000000e-02, 8,0300000000e+03
 1500450000, 5,0000000000e+01, 2,4000000000e+01, 1,0000000000e+01, 5,5266666667e-02, 8,0304000000e+03
 1500450300, 5,0000000000e+01, 2,4000000000e+01, 1,0000000000e+01, 5,0733333333e-02, 8,0310533333e+03
 1500450600, 5,0000000000e+01, 2,4000000000e+01, 1,0000000000e+01, 5,0000000000e-02, 8,0300733333e+03
 1500450900, 5,0000000000e+01, 2,4000000000e+01, 1,0000000000e+01, 5,0000000000e-02, 8,0304733333e+03
 1500451200, 5,0000000000e+01, 2,4000000000e+01, 1,0000000000e+01, 5,0000000000e-02, 8,0305800000e+03
 1500451500, 5,0000000000e+01, 2,4000000000e+01, 1,0000000000e+01, 5,0000000000e-02, 8,0306733333e+03
 1500451800, 5,0000000000e+01, 2,4000000000e+01, 1,0000000000e+01, 6,0533333333e-02, 8,0294000000e+03
 1500452100, 5,0000000000e+01, 2,4000000000e+01, 1,0000000000e+01, 7,6000000000e-02, 8,0294000000e+03
 1500452400, 5,0000000000e+01, 2,4000000000e+01, 1,0000000000e+01, 6,6733333333e-02, 8,0295266667e+03
 1500452700, 5,0000000000e+01, 2,4000000000e+01, 1,0000000000e+01, 5,0733333333e-02, 8,0305266667e+03
 1500453000, 5,0000000000e+01, 2,4000000000e+01, 1,0000000000e+01, 5,0000000000e-02, 8,0313266667e+03
 1500453300, 5,0633333333e+01, 2,4253333333e+01, 1,0000000000e+01, 5,2000000000e-02, 8,0300400000e+03
 1500453600, 5,5000000000e+01, 2,6000000000e+01, 1,0000000000e+01, 5,0000000000e-02, 8,0292000000e+03
 1500453900, 5,0366666667e+01, 2,4146666667e+01, 1,0000000000e+01, 5,2000000000e-02, 8,0296000000e+03
 1500454200, 5,0000000000e+01, 2,4000000000e+01, 1,0000000000e+01, 5,3966666667e-02, 8,0297233333e+03
 1500454500, 5,0000000000e+01, 2,4000000000e+01, 1,0000000000e+01, 5,0000000000e-02, 8,0294733333e+03
 1500454800, 5,0000000000e+01, 2,4000000000e+01, 1,0000000000e+01, 5,0000000000e-02, 8,0298000000e+03
 1500455100, 5,0000000000e+01, 2,4000000000e+01, 1,0000000000e+01, 5,3266666667e-02, 8,0297266667e+03
 1500455400, 5,0000000000e+01, 2,4000000000e+01, 1,0000000000e+01, 6,2000000000e-02, 8,0300733333e+03
 1500455700, 5,0000000000e+01, 2,4000000000e+01, 1,0000000000e+01, 6,6000000000e-02, 8,0304000000e+03
 1500456000, 5,7266666667e+01, 2,6906666667e+01, 1,2906666667e+01, 5,0733333333e-02, 8,0294000000e+03
 1500456300, 5,4733333333e+01, 2,5893333333e+01, 1,1893333333e+01, 5,0000000000e-02, 8,0298733333e+03
 1500456600, 5,0000000000e+01, 2,4000000000e+01, 1,0000000000e+01, 5,0000000000e-02, 8,0299200000e+03
 1500456900, 5,0000000000e+01, 2,4000000000e+01, 1,0000000000e+01, 5,0000000000e-02, 8,0291266667e+03
 1500457200, 5,0000000000e+01, 2,4000000000e+01, 1,0000000000e+01, 5,4000000000e-02, 8,0286266667e+03
 1500457500, 5,0000000000e+01, 2,4000000000e+01, 1,0000000000e+01, 5,0000000000e-02, 8,0305733333e+03
 1500457800, 5,0000000000e+01, 2,4000000000e+01, 1,0000000000e+01, 5,2000000000e-02, 8,0314000000e+03
 1500458100, 5,0000000000e+01, 2,4000000000e+01, 1,0000000000e+01, 5,2000000000e-02, 8,0311266667e+03
 1500458400, 5,0000000000e+01, 2,4000000000e+01, 1,0000000000e+01, 6,1266666667e-02, 8,0314000000e+03
 1500458700, 5,0000000000e+01, 2,4000000000e+01, 1,0000000000e+01, 5,8000000000e-02, 8,0310733333e+03
 1500459000, 5,0000000000e+01, 2,4000000000e+01, 1,0000000000e+01, 5,2733333333e-02, 8,0326000000e+03
 1500459300, 5,0000000000e+01, 2,4000000000e+01, 1,0000000000e+01, 6,7066666667e-02, 8,0300000000e+03
 1500459600, 5,0000000000e+01, 2,4000000000e+01, 1,0000000000e+01, 8,8733333333e-02, 8,0300000000e+03
 1500459900, 5,0000000000e+01, 2,4000000000e+01, 1,0000000000e+01, 7,8000000000e-02, 8,0309266667e+03
 1500460200, 5,0000000000e+01, 2,4000000000e+01, 1,0000000000e+01, 6,6200000000e-02, 8,0308000000e+03
 1500460500, 5,0000000000e+01, 2,4000000000e+01, 1,0000000000e+01, 5,1266666667e-02, 8,0310133333e+03
 1500460800, 5,0000000000e+01, 2,4000000000e+01, 1,0000000000e+01, 6,8000000000e-02, 8,0309333333e+03
 1500461100, 5,4633333333e+01, 2,5853333333e+01, 1,0000000000e+01, 5,6733333333e-02, 8,0306200000e+03
 1500461400, 5,1366666667e+01, 2,4546666667e+01, 1,0000000000e+01, 5,0000000000e-02, 8,0321066667e+03
 1500461700, 5,0000000000e+01, 2,4000000000e+01, 1,0000000000e+01, 5,0000000000e-02, 8,0321466667e+03
 1500462000, 5,1633333333e+01, 2,4653333333e+01, 1,0000000000e+01, 5,2000000000e-02, 8,0324000000e+03
 1500462300, 5,4366666667e+01, 2,5746666667e+01, 1,0000000000e+01, 5,0000000000e-02, 8,0310533333e+03
 1500462600, 5,0000000000e+01, 2,4000000000e+01, 1,0000000000e+01, 5,0000000000e-02, 8,0308200000e+03
 1500462900, 5,0000000000e+01, 2,4000000000e+01, 1,0000000000e+01, 5,4000000000e-02, 8,0305266667e+03
 1500463200, 5,0000000000e+01, 2,4000000000e+01, 1,0000000000e+01, 5,2533333333e-02, 8,0319266667e+03
 1500463500, 5,0000000000e+01, 2,4000000000e+01, 1,0000000000e+01, 7,0000000000e-02, 8,0312733333e+03
 1500463800, 5,0000000000e+01, 2,4000000000e+01, 1,0000000000e+01, 5,3466666667e-02, 8,0319266667e+03
 1500464100, 5,0000000000e+01, 2,4000000000e+01, 1,0000000000e+01, 5,4000000000e-02, 8,0328000000e+03
 1500464400, 5,0000000000e+01, 2,4000000000e+01, 1,0000000000e+01, 6,6533333333e-02, 8,0324000000e+03
 1500464700, 5,4633333333e+01, 2,4000000000e+01, 1,1853333333e+01, 6,9266666667e-02, 8,0333266667e+03
 1500465000, 5,5000000000e+01, 2,5453333333e+01, 1,2000000000e+01, 6,2200000000e-02, 8,0342000000e+03
 1500465300, 5,5000000000e+01, 2,6000000000e+01, 1,2000000000e+01, 5,3266666667e-02, 8,0314733333e+03
 1500465600, 5,3366666667e+01, 2,5346666667e+01, 1,1346666667e+01, 6,5266666667e-02, 8,0328533333e+03
 1500465900, 5,0000000000e+01, 2,4000000000e+01, 1,0000000000e+01, 5,5466666667e-02, 8,0316733333e+03
 1500466200, 5,0000000000e+01, 2,4000000000e+01, 1,0000000000e+01, 3,9246666667e-01, 1,3442086667e+04
 1500466500, 2,1680000000e+02, 1,7041333333e+02, 2,8533333333e+01, 3,8320000000e+00, 2,3342820000e+04
 1500466800, 2,3363333333e+02, 1,8345333333e+02, 3,2906666667e+01, 6,4404666667e+00, 1,6286780000e+04
 1500467100, 1,3756666667e+02, 9,9733333333e+01, 2,1360000000e+01, 5,1015333333e+00, 8,0370000000e+03
 1500467400, 5,0000000000e+01, 2,4000000000e+01, 1,0000000000e+01, 3,7172666667e+00, 8,0364000000e+03
 1500467700, 5,0000000000e+01, 2,4000000000e+01, 1,0000000000e+01, 2,7170666667e+00, 8,0352000000e+03
 1500468000, 5,0000000000e+01, 2,4000000000e+01, 1,0000000000e+01, 1,9782000000e+00, 8,0361666667e+03
 1500468300, 5,0000000000e+01, 2,4000000000e+01, 1,0000000000e+01, 1,4397333333e+00, 8,0357266667e+03
 1500468600, 5,0000000000e+01, 2,4000000000e+01, 1,0000000000e+01, 1,0509333333e+00, 8,0358733333e+03
 1500468900, 5,0000000000e+01, 2,4000000000e+01, 1,0000000000e+01, 7,7086666667e-01, 8,0362000000e+03
 1500469200, 5,0000000000e+01, 2,4000000000e+01, 1,0000000000e+01, 5,8513333333e-01, 8,0362033333e+03
 1500469500, 5,0000000000e+01, 2,4000000000e+01, 1,0000000000e+01, 4,4953333333e-01, 8,0362533333e+03
 1500469800, 5,0000000000e+01, 2,4000000000e+01, 1,0000000000e+01, 3,3333333333e-01, 8,0370733333e+03
 1500470100, 5,0000000000e+01, 2,4000000000e+01, 1,0000000000e+01, 2,4913333333e-01, 8,0371266667e+03
 1500470400, 5,0000000000e+01, 2,4000000000e+01, 1,0000000000e+01, 2,0820000000e-01, 8,0369466667e+03
 1500470700, 5,0000000000e+01, 2,4000000000e+01, 1,0000000000e+01, 1,6693333333e-01, 8,0374000000e+03
 1500471000, 5,0000000000e+01, 2,4000000000e+01, 1,0000000000e+01, 1,3546666667e-01, 8,0380533333e+03
 1500471300, 5,0000000000e+01, 2,4000000000e+01, 1,0000000000e+01, 1,2800000000e-01, 8,0358000000e+03
 1500471600, 5,0000000000e+01, 2,4000000000e+01, 1,0000000000e+01, 1,2546666667e-01, 8,0360200000e+03
 1500471900, 5,0000000000e+01, 2,4000000000e+01, 1,0000000000e+01, 1,1000000000e-01, 8,0361800000e+03
 1500472200, 5,0000000000e+01, 2,4000000000e+01, 1,0000000000e+01, 9,7466666667e-02, 8,0366733333e+03
 1500472500, 5,0000000000e+01, 2,4000000000e+01, 1,0000000000e+01, 8,2733333333e-02, 8,0362733333e+03
 1500472800, 5,0000000000e+01, 2,4000000000e+01, 1,0000000000e+01, 7,8000000000e-02, 8,0368533333e+03
 1500473100, 5,0000000000e+01, 2,4000000000e+01, 1,0000000000e+01, 7,7266666667e-02, 8,0372000000e+03
 1500473400, 5,0000000000e+01, 2,4000000000e+01, 1,0000000000e+01, 8,3466666667e-02, 8,0376533333e+03
 1500473700, 5,0000000000e+01, 2,4000000000e+01, 1,0000000000e+01, 5,9466666667e-02, 8,0375266667e+03
 1500474000, 5,0000000000e+01, 2,4000000000e+01, 1,0000000000e+01, 5,0000000000e-02, 8,0364733333e+03
 1500474300, 5,0000000000e+01, 2,4000000000e+01, 1,0000000000e+01, 5,0000000000e-02, 8,0365266667e+03
 1500474600, 5,0000000000e+01, 2,4000000000e+01, 1,0000000000e+01, 5,2000000000e-02, 8,0366000000e+03
 1500474900, 5,0000000000e+01, 2,4000000000e+01, 1,0000000000e+01, 5,7266666667e-02, 8,0370733333e+03
 1500475200, 5,0000000000e+01, 2,4000000000e+01, 1,0000000000e+01, 5,0733333333e-02, 8,0373266667e+03
 1500475500, 5,0000000000e+01, 2,4000000000e+01, 1,0000000000e+01, 5,0000000000e-02, 8,0371266667e+03
 1500475800, 5,0000000000e+01, 2,4000000000e+01, 1,0000000000e+01, 5,0000000000e-02, 8,0379266667e+03
 1500476100, 5,0000000000e+01, 2,4000000000e+01, 1,0000000000e+01, 5,0000000000e-02, 8,0374200000e+03
 1500476400, 5,0000000000e+01, 2,4000000000e+01, 1,0000000000e+01, 5,1266666667e-02, 8,0375266667e+03
 1500476700, 5,0000000000e+01, 2,4000000000e+01, 1,0000000000e+01, 5,4000000000e-02, 8,0381266667e+03
 1500477000, 5,0000000000e+01, 2,4000000000e+01, 1,0000000000e+01, 5,2000000000e-02, 8,0372733333e+03
 1500477300, 5,0000000000e+01, 2,4000000000e+01, 1,0000000000e+01, 5,4733333333e-02, 8,0373266667e+03
 1500477600, 5,0000000000e+01, 2,4000000000e+01, 1,0000000000e+01, 5,0000000000e-02, 8,0374000000e+03
 1500477900, 5,2633333333e+01, 2,5053333333e+01, 1,1053333333e+01, 5,1266666667e-02, 8,0378000000e+03
 1500478200, 5,5000000000e+01, 2,6000000000e+01, 1,2000000000e+01, 5,6533333333e-02, 8,0393733333e+03
 1500478500, 5,6900000000e+01, 2,6760000000e+01, 1,2760000000e+01, 2,3073333333e-01, 8,0455133333e+03
 1500478800, 7,0000000000e+01, 3,2000000000e+01, 1,8000000000e+01, 4,8260000000e-01, 8,0446200000e+03
 1500479100, 6,0733333333e+01, 3,0146666667e+01, 1,6146666667e+01, 6,6026666667e-01, 8,0428000000e+03
 1500479400, 6,3633333333e+01, 3,0000000000e+01, 1,7453333333e+01, 7,8740000000e-01, 8,0436000000e+03
 1500479700, 6,5000000000e+01, 3,0000000000e+01, 1,8000000000e+01, 8,7286666667e-01, 8,0443800000e+03
 1500480000, 6,3366666667e+01, 2,9346666667e+01, 1,6693333333e+01, 9,3560000000e-01, 8,0440733333e+03
 1500480300, 6,1900000000e+01, 2,8760000000e+01, 1,5013333333e+01, 9,6253333333e-01, 8,0425266667e+03
 1500480600, 7,5000000000e+01, 3,4000000000e+01, 2,2000000000e+01, 9,9380000000e-01, 8,0430733333e+03
 1500480900, 6,1100000000e+01, 2,8440000000e+01, 1,4586666667e+01, 1,0323333333e+00, 8,0430533333e+03
 1500481200, 6,7266666667e+01, 3,0906666667e+01, 1,6906666667e+01, 1,0547333333e+00, 8,0425466667e+03
 1500481500, 6,4733333333e+01, 2,9893333333e+01, 1,6946666667e+01, 1,0520000000e+00, 8,0422000000e+03
 1500481800, 5,8366666667e+01, 2,7346666667e+01, 1,4693333333e+01, 1,0500000000e+00, 8,0443800000e+03
 1500482100, 5,5633333333e+01, 2,6000000000e+01, 1,2253333333e+01, 1,0545333333e+00, 8,0443266667e+03
 1500482400, 6,0000000000e+01, 2,6000000000e+01, 1,4000000000e+01, 1,0594666667e+00, 8,0456533333e+03
 1500482700, 6,4633333333e+01, 3,1560000000e+01, 1,7706666667e+01, 1,0545333333e+00, 8,0441666667e+03
 1500483000, 6,5000000000e+01, 3,0546666667e+01, 1,8000000000e+01, 1,0760000000e+00, 8,0435466667e+03
 1500483300, 6,5000000000e+01, 3,0000000000e+01, 1,6946666667e+01, 1,0687333333e+00, 8,0441266667e+03
 1500483600, 6,5000000000e+01, 3,0000000000e+01, 1,6000000000e+01, 1,0830666667e+00, 8,0436000000e+03
 1500483900, 6,3733333333e+01, 2,9240000000e+01, 1,5240000000e+01, 1,1025333333e+00, 8,0450733333e+03
 1500484200, 5,5000000000e+01, 2,4000000000e+01, 1,0000000000e+01, 1,1220000000e+00, 8,0444000000e+03
 1500484500, 5,5000000000e+01, 2,5853333333e+01, 1,1853333333e+01, 1,1325333333e+00, 8,0441266667e+03
 1500484800, 5,5000000000e+01, 2,6000000000e+01, 1,3453333333e+01, 1,1327333333e+00, 8,0440733333e+03
 1500485100, 6,2900000000e+01, 2,9160000000e+01, 1,7160000000e+01, 1,1450666667e+00, 8,0443266667e+03
 1500485400, 7,1633333333e+01, 3,2653333333e+01, 2,0653333333e+01, 1,1687333333e+00, 8,0463266667e+03
 1500485700, 7,4366666667e+01, 3,4000000000e+01, 2,1746666667e+01, 1,1500000000e+00, 8,0469266667e+03
 1500486000, 7,0000000000e+01, 3,4000000000e+01, 2,0000000000e+01, 1,1509333333e+00, 8,0414466667e+03
 1500486300, 5,6100000000e+01, 2,4733333333e+01, 1,0733333333e+01, 9,5600000000e-01, 8,0296000000e+03
 1500486600, 5,1366666667e+01, 2,4000000000e+01, 1,0000000000e+01, 6,9940000000e-01, 8,0293266667e+03
 1500486900, 5,0000000000e+01, 2,4000000000e+01, 1,0000000000e+01, 5,2173333333e-01, 8,0289466667e+03
 1500487200, 5,0000000000e+01, 2,4000000000e+01, 1,0000000000e+01, 3,9333333333e-01, 8,0305800000e+03
 1500487500, 5,0000000000e+01, 2,4000000000e+01, 1,0000000000e+01, 3,0460000000e-01, 8,0290200000e+03
 1500487800, 5,0000000000e+01, 2,4000000000e+01, 1,0000000000e+01, 2,2313333333e-01, 8,0289466667e+03
 1500488100, 5,0000000000e+01, 2,4000000000e+01, 1,0000000000e+01, 1,6566666667e-01, 8,0288533333e+03
 1500488400, 5,0000000000e+01, 2,4000000000e+01, 1,0000000000e+01, 1,2746666667e-01, 8,0300533333e+03
 1500488700, 5,0000000000e+01, 2,4000000000e+01, 1,0000000000e+01, 1,3326666667e-01, 8,0292733333e+03
 1500489000, 5,0000000000e+01, 2,4000000000e+01, 1,0000000000e+01, 1,2073333333e-01, 8,0298000000e+03
 1500489300, 5,0000000000e+01, 2,4000000000e+01, 1,0000000000e+01, 1,2000000000e-01, 8,0302000000e+03
 1500489600, 5,0000000000e+01, 2,4000000000e+01, 1,0000000000e+01, 1,2200000000e-01, 8,0303266667e+03
 1500489900, 5,4633333333e+01, 2,4000000000e+01, 1,0000000000e+01, 1,1400000000e-01, 8,0296000000e+03
 1500490200, 5,1366666667e+01, 2,4000000000e+01, 1,0000000000e+01, 1,0346666667e-01, 8,0302000000e+03
 1500490500, 5,2633333333e+01, 2,5053333333e+01, 1,0000000000e+01, 8,7466666667e-02, 8,0300000000e+03
 1500490800, 5,5000000000e+01, 2,6000000000e+01, 1,0000000000e+01, 8,6000000000e-02, 8,0314533333e+03
 1500491100, 5,4366666667e+01, 2,5746666667e+01, 1,0000000000e+01, 8,0000000000e-02, 8,0307466667e+03
 1500491400, 5,0000000000e+01, 2,4000000000e+01, 1,0000000000e+01, 6,9466666667e-02, 8,0293466667e+03
 1500491700, 5,0000000000e+01, 2,4000000000e+01, 1,0000000000e+01, 6,0733333333e-02, 8,0292533333e+03
 1500492000, 5,0000000000e+01, 2,4000000000e+01, 1,0000000000e+01, 6,1266666667e-02, 8,0290000000e+03
 1500492300, 5,7900000000e+01, 2,8213333333e+01, 1,2106666667e+01, 5,2733333333e-02, 8,0298000000e+03
 1500492600, 6,0100000000e+01, 2,9386666667e+01, 1,2693333333e+01, 6,6533333333e-02, 8,0298533333e+03
 1500492900, 5,0000000000e+01, 2,4000000000e+01, 1,0000000000e+01, 5,5466666667e-02, 8,0306733333e+03
 1500493200, 5,0000000000e+01, 2,4000000000e+01, 1,0000000000e+01, 5,0000000000e-02, 8,0307266667e+03
 1500493500, 5,0000000000e+01, 2,4000000000e+01, 1,0000000000e+01, 5,0000000000e-02, 8,0302733333e+03
 1500493800, 5,0000000000e+01, 2,4000000000e+01, 1,0000000000e+01, 5,0000000000e-02, 8,0318000000e+03
 1500494100, 5,0000000000e+01, 2,4000000000e+01, 1,0000000000e+01, 5,0000000000e-02, 8,0320000000e+03
 1500494400, 5,0000000000e+01, 2,4000000000e+01, 1,0000000000e+01, 5,0000000000e-02, 8,0303266667e+03
 1500494700, 5,0000000000e+01, 2,4000000000e+01, 1,0000000000e+01, 5,0000000000e-02, 8,0289466667e+03
 1500495000, 5,0000000000e+01, 2,4000000000e+01, 1,0000000000e+01, 5,0000000000e-02, 8,0287266667e+03
 1500495300, 5,0000000000e+01, 2,4000000000e+01, 1,0000000000e+01, 6,5800000000e-02, 8,0293266667e+03
 1500495600, 5,3633333333e+01, 2,4000000000e+01, 1,0000000000e+01, 7,8733333333e-02, 8,0298000000e+03
 1500495900, 5,2366666667e+01, 2,4000000000e+01, 1,0000000000e+01, 7,0733333333e-02, 8,0300000000e+03
 1500496200, 5,0000000000e+01, 2,4000000000e+01, 1,0000000000e+01, 6,4000000000e-02, 8,0304000000e+03
 1500496500, 5,0000000000e+01, 2,4000000000e+01, 1,0000000000e+01, 5,0733333333e-02, 8,0301266667e+03
 1500496800, 5,0000000000e+01, 2,4000000000e+01, 1,0000000000e+01, 5,0000000000e-02, 8,0307266667e+03
 1500497100, 5,0000000000e+01, 2,4000000000e+01, 1,0000000000e+01, 5,0000000000e-02, 8,0305266667e+03
 1500497400, 5,3633333333e+01, 2,4000000000e+01, 1,0000000000e+01, 5,0000000000e-02, 8,0304933333e+03
 1500497700, 5,2366666667e+01, 2,4000000000e+01, 1,0000000000e+01, 6,5266666667e-02, 8,0302733333e+03
 1500498000, 5,1633333333e+01, 2,4000000000e+01, 1,0000000000e+01, 5,4733333333e-02, 8,0304733333e+03
 1500498300, 5,5000000000e+01, 2,4000000000e+01, 1,0253333333e+01, 5,0000000000e-02, 8,0303266667e+03
 1500498600, 5,5000000000e+01, 2,4000000000e+01, 1,2000000000e+01, 5,0000000000e-02, 8,0300000000e+03
 1500498900, 5,0366666667e+01, 2,4000000000e+01, 1,0146666667e+01, 5,2000000000e-02, 8,0315200000e+03
 1500499200, 5,0000000000e+01, 2,4000000000e+01, 1,0000000000e+01, 5,0000000000e-02, 8,0318733333e+03
 1500499500, 5,0000000000e+01, 2,4000000000e+01, 1,0000000000e+01, 5,0000000000e-02, 8,0310000000e+03
 1500499800, 5,1633333333e+01, 2,4000000000e+01, 1,0000000000e+01, 5,0000000000e-02, 8,0304000000e+03
 1500500100, 5,4366666667e+01, 2,4000000000e+01, 1,0000000000e+01, 5,0000000000e-02, 8,0306000000e+03
 1500500400, 5,0000000000e+01, 2,4000000000e+01, 1,0000000000e+01, 5,4000000000e-02, 8,0314533333e+03
 1500500700, 5,0000000000e+01, 2,4000000000e+01, 1,0000000000e+01, 5,0000000000e-02, 8,0300933333e+03
 1500501000, 5,3633333333e+01, 2,4000000000e+01, 1,0000000000e+01, 5,0000000000e-02, 8,0298533333e+03
 1500501300, 5,2366666667e+01, 2,4000000000e+01, 1,0000000000e+01, 5,0000000000e-02, 8,0296733333e+03
 1500501600, 5,0000000000e+01, 2,4000000000e+01, 1,0000000000e+01, 5,8533333333e-02, 8,0304533333e+03
 1500501900, 5,0000000000e+01, 2,4000000000e+01, 1,0000000000e+01, 7,5266666667e-02, 8,0308000000e+03
 1500502200, 5,0000000000e+01, 2,4000000000e+01, 1,0000000000e+01, 6,7466666667e-02, 8,0307466667e+03
 1500502500, 5,0000000000e+01, 2,4000000000e+01, 1,0000000000e+01, 6,2733333333e-02, 8,0311266667e+03
 1500502800, 5,0000000000e+01, 2,4000000000e+01, 1,0000000000e+01, 5,3266666667e-02, 8,0321800000e+03
 1500503100, 5,5266666667e+01, 2,5053333333e+01, 1,2106666667e+01, 6,6533333333e-02, 8,0322933333e+03
 1500503400, 5,6733333333e+01, 2,5346666667e+01, 1,2693333333e+01, 7,2000000000e-02, 8,0313800000e+03
 1500503700, 5,0633333333e+01, 2,4253333333e+01, 1,0000000000e+01, 7,3466666667e-02, 8,0310733333e+03
 1500504000, 5,5000000000e+01, 2,6000000000e+01, 1,0000000000e+01, 5,0733333333e-02, 8,0316000000e+03
 1500504300, 5,5000000000e+01, 2,6000000000e+01, 1,1853333333e+01, 7,5066666667e-02, 8,0315266667e+03
 1500504600, 5,1366666667e+01, 2,4546666667e+01, 1,0546666667e+01, 7,5466666667e-02, 8,0317466667e+03
 1500504900, 5,0000000000e+01, 2,4000000000e+01, 1,0000000000e+01, 6,8000000000e-02, 8,0315266667e+03
 1500505200, 5,0000000000e+01, 2,4000000000e+01, 1,0000000000e+01, 5,7466666667e-02, 8,0312000000e+03
 1500505500, 5,0000000000e+01, 2,4000000000e+01, 1,0000000000e+01, 5,0000000000e-02, 8,0320000000e+03
 1500505800, 5,0000000000e+01, 2,4000000000e+01, 1,0000000000e+01, 5,1266666667e-02, 8,0316733333e+03
 1500506100, 5,0000000000e+01, 2,4000000000e+01, 1,0000000000e+01, 5,2733333333e-02, 8,0318000000e+03
 1500506400, 5,0000000000e+01, 2,4000000000e+01, 1,0000000000e+01, 5,2000000000e-02, 8,0316533333e+03
 1500506700, 5,0000000000e+01, 2,4000000000e+01, 1,0000000000e+01, 5,0000000000e-02, 8,0314000000e+03
 1500507000, 5,0000000000e+01, 2,4000000000e+01, 1,0000000000e+01, 5,0000000000e-02, 8,0316000000e+03
 1500507300, 5,0000000000e+01, 2,4000000000e+01, 1,0000000000e+01, 5,0000000000e-02, 8,0315266667e+03
 1500507600, 5,0000000000e+01, 2,4000000000e+01, 1,0000000000e+01, 5,0000000000e-02, 8,0320000000e+03
 1500507900, 5,0000000000e+01, 2,4000000000e+01, 1,0000000000e+01, 6,3800000000e-02, 8,0319466667e+03
 1500508200, 5,0000000000e+01, 2,4000000000e+01, 1,0000000000e+01, 8,0000000000e-02, 8,0322000000e+03
 1500508500, 5,0000000000e+01, 2,4000000000e+01, 1,0000000000e+01, 7,4733333333e-02, 8,0329266667e+03
 1500508800, 5,0000000000e+01, 2,4000000000e+01, 1,0000000000e+01, 5,5466666667e-02, 8,0326533333e+03
 1500509100, 5,0000000000e+01, 2,4000000000e+01, 1,0000000000e+01, 5,0000000000e-02, 8,0324733333e+03
 1500509400, 5,0000000000e+01, 2,4000000000e+01, 1,0000000000e+01, 6,2433333333e-02, 8,0322000000e+03
 1500509700, 5,0000000000e+01, 2,4000000000e+01, 1,0000000000e+01, 5,3466666667e-02, 8,0316000000e+03
 1500510000, 5,0000000000e+01, 2,4000000000e+01, 1,0000000000e+01, 5,0000000000e-02, 8,0326000000e+03
 1500510300, 5,0000000000e+01, 2,4000000000e+01, 1,0000000000e+01, 5,2000000000e-02, 8,0330533333e+03
 1500510600, 5,0000000000e+01, 2,4000000000e+01, 1,0000000000e+01, 5,0000000000e-02, 8,0326000000e+03
 1500510900, 5,0000000000e+01, 2,4000000000e+01, 1,0000000000e+01, 5,0000000000e-02, 8,0330000000e+03
 1500511200, 5,0000000000e+01, 2,4000000000e+01, 1,0000000000e+01, 5,0000000000e-02, 8,0328000000e+03
 1500511500, 5,0000000000e+01, 2,4000000000e+01, 1,0000000000e+01, 5,0000000000e-02, 8,0322000000e+03
 1500511800, 5,0000000000e+01, 2,4000000000e+01, 1,0000000000e+01, 5,0000000000e-02, 8,0333800000e+03
 1500512100, 5,0000000000e+01, 2,4000000000e+01, 1,0000000000e+01, 5,2000000000e-02, 8,0326400000e+03
 1500512400, 5,0000000000e+01, 2,4000000000e+01, 1,0000000000e+01, 5,0000000000e-02, 8,0319266667e+03
 1500512700, 5,0000000000e+01, 2,4000000000e+01, 1,0000000000e+01, 5,0000000000e-02, 8,0328733333e+03
 1500513000, 5,0000000000e+01, 2,4000000000e+01, 1,0000000000e+01, 5,2000000000e-02, 8,0335266667e+03
 1500513300, 5,0000000000e+01, 2,4000000000e+01, 1,0000000000e+01, 5,3266666667e-02, 8,0338533333e+03
 1500513600, 5,0000000000e+01, 2,4000000000e+01, 1,0000000000e+01, 5,6000000000e-02, 8,0339466667e+03
 1500513900, 5,2633333333e+01, 2,4000000000e+01, 1,0000000000e+01, 5,2733333333e-02, 8,0330733333e+03
 1500514200, 5,3366666667e+01, 2,4000000000e+01, 1,0000000000e+01, 5,0000000000e-02, 8,0321466667e+03
 1500514500, 5,0000000000e+01, 2,4000000000e+01, 1,0000000000e+01, 5,6000000000e-02, 8,0324533333e+03
 1500514800, 5,0000000000e+01, 2,4000000000e+01, 1,0000000000e+01, 6,1266666667e-02, 8,0339266667e+03
 1500515100, 5,0000000000e+01, 2,4000000000e+01, 1,0000000000e+01, 6,7266666667e-02, 8,0344000000e+03
 1500515400, 5,0000000000e+01, 2,4000000000e+01, 1,0000000000e+01, 5,7466666667e-02, 8,0326000000e+03
 1500515700, 5,0000000000e+01, 2,4000000000e+01, 1,0000000000e+01, 5,3266666667e-02, 8,0326733333e+03
 1500516000, 5,1633333333e+01, 2,4653333333e+01, 1,0000000000e+01, 5,4733333333e-02, 8,0327266667e+03
 1500516300, 5,5000000000e+01, 2,6000000000e+01, 1,0000000000e+01, 5,2000000000e-02, 8,0338000000e+03
 1500516600, 5,5000000000e+01, 2,6000000000e+01, 1,0000000000e+01, 5,0000000000e-02, 8,0344000000e+03
 1500516900, 5,0366666667e+01, 2,4146666667e+01, 1,0000000000e+01, 5,0000000000e-02, 8,0344000000e+03
 1500517200, 5,0000000000e+01, 2,4000000000e+01, 1,0000000000e+01, 5,0000000000e-02, 8,0334733333e+03
 1500517500, 5,0000000000e+01, 2,4000000000e+01, 1,0000000000e+01, 5,0000000000e-02, 8,0335266667e+03
 1500517800, 5,0000000000e+01, 2,4000000000e+01, 1,0000000000e+01, 5,0000000000e-02, 8,0335466667e+03
 1500518100, 5,0000000000e+01, 2,4000000000e+01, 1,0000000000e+01, 5,0000000000e-02, 8,0341066667e+03
 1500518400, 5,0000000000e+01, 2,4000000000e+01, 1,0000000000e+01, 5,0000000000e-02, 8,0333466667e+03
 1500518700, 5,0000000000e+01, 2,4000000000e+01, 1,0000000000e+01, 5,0000000000e-02, 8,0330000000e+03
 1500519000, 5,0000000000e+01, 2,4000000000e+01, 1,0000000000e+01, 5,0000000000e-02, 8,0335266667e+03
 1500519300, 5,0000000000e+01, 2,4000000000e+01, 1,0000000000e+01, 5,1266666667e-02, 8,0344000000e+03
 1500519600, 5,0000000000e+01, 2,4000000000e+01, 1,0000000000e+01, 6,2000000000e-02, 8,0334733333e+03
 1500519900, 5,0000000000e+01, 2,4000000000e+01, 1,0000000000e+01, 5,6733333333e-02, 8,0351266667e+03
 1500520200, 5,0000000000e+01, 2,4000000000e+01, 1,0000000000e+01, 5,4533333333e-02, 8,0344733333e+03
 1500520500, 5,0000000000e+01, 2,4000000000e+01, 1,0000000000e+01, 6,6000000000e-02, 8,0347266667e+03
 1500520800, 5,0000000000e+01, 2,4000000000e+01, 1,0000000000e+01, 6,6733333333e-02, 8,0345266667e+03
 1500521100, 5,0000000000e+01, 2,4000000000e+01, 1,0000000000e+01, 7,2533333333e-02, 8,0339266667e+03
 1500521400, 5,0000000000e+01, 2,4000000000e+01, 1,0000000000e+01, 8,0000000000e-02, 8,0350000000e+03
 1500521700, 5,0000000000e+01, 2,4000000000e+01, 1,0000000000e+01, 7,0000000000e-02, 8,0342000000e+03
 1500522000, 5,0000000000e+01, 2,4000000000e+01, 1,0000000000e+01, 6,6733333333e-02, 8,0344200000e+03
 1500522300, 5,0000000000e+01, 2,4000000000e+01, 1,0000000000e+01, 5,7466666667e-02, 8,0346533333e+03
 1500522600, 5,0000000000e+01, 2,4000000000e+01, 1,0000000000e+01, 5,0000000000e-02, 8,0354000000e+03
 1500522900, 5,0000000000e+01, 2,4000000000e+01, 1,0000000000e+01, 5,0000000000e-02, 8,0350000000e+03
 1500523200, 5,0000000000e+01, 2,4000000000e+01, 1,0000000000e+01, 5,0000000000e-02, 8,0350000000e+03
 1500523500, 5,1266666667e+01, 2,4506666667e+01, 1,0506666667e+01, 5,4000000000e-02, 8,0351466667e+03
 1500523800, 6,0000000000e+01, 2,8000000000e+01, 1,4000000000e+01, 5,0000000000e-02, 8,0346733333e+03
 1500524100, 5,0733333333e+01, 2,4293333333e+01, 1,0293333333e+01, 5,2533333333e-02, 8,0331800000e+03
 1500524400, 5,0000000000e+01, 2,4000000000e+01, 1,0000000000e+01, 5,7466666667e-02, 8,0327466667e+03
 1500524700, 5,0000000000e+01, 2,4000000000e+01, 1,0000000000e+01, 5,2000000000e-02, 8,0337800000e+03
 1500525000, 5,0000000000e+01, 2,4000000000e+01, 1,0000000000e+01, 5,0000000000e-02, 8,0333466667e+03
 1500525300, 5,0000000000e+01, 2,4000000000e+01, 1,0000000000e+01, 5,1266666667e-02, 8,0334533333e+03
 1500525600, 5,0000000000e+01, 2,4000000000e+01, 1,0000000000e+01, 5,2733333333e-02, 8,0335266667e+03
 1500525900, 5,0000000000e+01, 2,4000000000e+01, 1,0000000000e+01, 5,3266666667e-02, 8,0344000000e+03
 1500526200, 5,0000000000e+01, 2,4000000000e+01, 1,0000000000e+01, 6,4000000000e-02, 8,0357266667e+03
 1500526500, 5,0000000000e+01, 2,4000000000e+01, 1,0000000000e+01, 5,2733333333e-02, 8,0355266667e+03
 1500526800, 5,0000000000e+01, 2,4000000000e+01, 1,0000000000e+01, 5,6533333333e-02, 8,0344400000e+03
 1500527100, 5,0000000000e+01, 2,4000000000e+01, 1,0000000000e+01, 8,1800000000e-02, 8,0335266667e+03
 1500527400, 5,0000000000e+01, 2,4000000000e+01, 1,0000000000e+01, 8,4200000000e-02, 8,0332200000e+03
 1500527700, 5,0000000000e+01, 2,4000000000e+01, 1,0000000000e+01, 6,1466666667e-02, 8,0339800000e+03
 1500528000, 5,3633333333e+01, 2,4000000000e+01, 1,0000000000e+01, 5,2000000000e-02, 8,0336000000e+03
 1500528300, 5,2366666667e+01, 2,4000000000e+01, 1,0000000000e+01, 5,0000000000e-02, 8,0348000000e+03
 1500528600, 5,1633333333e+01, 2,4653333333e+01, 1,0653333333e+01, 5,0000000000e-02, 8,0346000000e+03
 1500528900, 5,5000000000e+01, 2,5746666667e+01, 1,2000000000e+01, 5,0000000000e-02, 8,0340733333e+03
 1500529200, 5,5000000000e+01, 2,4000000000e+01, 1,2000000000e+01, 5,0000000000e-02, 8,0344000000e+03
 1500529500, 5,5000000000e+01, 2,5853333333e+01, 1,2000000000e+01, 5,1266666667e-02, 8,0356533333e+03
 1500529800, 5,1366666667e+01, 2,4546666667e+01, 1,0546666667e+01, 6,6000000000e-02, 8,0360733333e+03
 1500530100, 5,2633333333e+01, 2,4000000000e+01, 1,0000000000e+01, 5,4733333333e-02, 8,0349266667e+03
 1500530400, 5,3366666667e+01, 2,4000000000e+01, 1,0000000000e+01, 5,0000000000e-02, 8,0352000000e+03
 1500530700, 5,0000000000e+01, 2,4000000000e+01, 1,0000000000e+01, 5,0000000000e-02, 8,0344733333e+03
 1500531000, 5,0000000000e+01, 2,4000000000e+01, 1,0000000000e+01, 5,0000000000e-02, 8,0351100000e+03
 1500531300, 5,0000000000e+01, 2,4000000000e+01, 1,0000000000e+01, 5,0000000000e-02, 8,0357266667e+03
 1500531600, 5,0000000000e+01, 2,4000000000e+01, 1,0000000000e+01, 5,0000000000e-02, 8,0360733333e+03
 1500531900, 5,0000000000e+01, 2,4000000000e+01, 1,0000000000e+01, 6,0533333333e-02, 8,0363266667e+03
 1500532200, 5,0000000000e+01, 2,4000000000e+01, 1,0000000000e+01, 5,9466666667e-02, 8,0362733333e+03
 1500532500, 5,0000000000e+01, 2,4000000000e+01, 1,0000000000e+01, 5,0000000000e-02, 8,0366533333e+03
 1500532800, 5,0000000000e+01, 2,4000000000e+01, 1,0000000000e+01, 5,6000000000e-02, 8,0357500000e+03
 1500533100, 5,4633333333e+01, 2,4000000000e+01, 1,0000000000e+01, 5,3266666667e-02, 8,0360533333e+03
 1500533400, 5,1366666667e+01, 2,4000000000e+01, 1,0000000000e+01, 6,2000000000e-02, 8,0377266667e+03
 1500533700, 5,0000000000e+01, 2,4000000000e+01, 1,0000000000e+01, 5,2733333333e-02, 8,0372733333e+03
 1500534000, 5,0000000000e+01, 2,4000000000e+01, 1,0000000000e+01, 5,0000000000e-02, 8,0372033333e+03
 1500534300, 5,0000000000e+01, 2,4000000000e+01, 1,0000000000e+01, 5,3266666667e-02, 8,0371266667e+03
 1500534600, 5,0000000000e+01, 2,4000000000e+01, 1,0000000000e+01, 5,0733333333e-02, 8,0376733333e+03
 1500534900, 5,0000000000e+01, 2,4000000000e+01, 1,0000000000e+01, 5,0000000000e-02, 8,0384000000e+03
 1500535200, 5,0000000000e+01, 2,4000000000e+01, 1,0000000000e+01, 5,0000000000e-02, 8,0374733333e+03
 1500535500, 5,0000000000e+01, 2,4000000000e+01, 1,0000000000e+01, 5,0000000000e-02, 8,0372000000e+03
 1500535800, 5,0000000000e+01, 2,4000000000e+01, 1,0000000000e+01, 5,0000000000e-02, 8,0368533333e+03
 1500536100, 5,0000000000e+01, 2,4000000000e+01, 1,0000000000e+01, 5,0000000000e-02, 8,0361466667e+03
 1500536400, 5,0000000000e+01, 2,4000000000e+01, 1,0000000000e+01, 5,0000000000e-02, 8,0356000000e+03
 1500536700, 5,0000000000e+01, 2,4000000000e+01, 1,0000000000e+01, 5,0000000000e-02, 8,0363266667e+03
 1500537000, 5,0000000000e+01, 2,4000000000e+01, 1,0000000000e+01, 5,2000000000e-02, 8,0373266667e+03
 1500537300, 5,0000000000e+01, 2,4000000000e+01, 1,0000000000e+01, 5,0000000000e-02, 8,0377466667e+03
 1500537600, 5,0000000000e+01, 2,4000000000e+01, 1,0000000000e+01, 5,0000000000e-02, 8,0366533333e+03
 1500537900, 5,0000000000e+01, 2,4000000000e+01, 1,0000000000e+01, 5,0000000000e-02, 8,0378733333e+03
 1500538200, 5,0000000000e+01, 2,4000000000e+01, 1,0000000000e+01, 5,0000000000e-02, 8,0378733333e+03
 1500538500, 5,0000000000e+01, 2,4000000000e+01, 1,0000000000e+01, 5,1266666667e-02, 8,0383066667e+03
 1500538800, 5,0000000000e+01, 2,4000000000e+01, 1,0000000000e+01, 5,2733333333e-02, 8,0378200000e+03
 1500539100, 5,0000000000e+01, 2,4000000000e+01, 1,0000000000e+01, 5,5266666667e-02, 8,0369266667e+03
 1500539400, 5,0000000000e+01, 2,4000000000e+01, 1,0000000000e+01, 6,4000000000e-02, 8,0376533333e+03
 1500539700, 5,0000000000e+01, 2,4000000000e+01, 1,0000000000e+01, 6,4533333333e-02, 8,0370733333e+03
 1500540000, 5,0000000000e+01, 2,4000000000e+01, 1,0000000000e+01, 8,5266666667e-02, 8,0372000000e+03
 1500540300, 5,0000000000e+01, 2,4000000000e+01, 1,0000000000e+01, 8,6000000000e-02, 8,0375266667e+03
 1500540600, 5,0000000000e+01, 2,4000000000e+01, 1,0000000000e+01, 9,2533333333e-02, 8,0374066667e+03
 1500540900, 5,2633333333e+01, 2,5053333333e+01, 1,0000000000e+01, 9,9466666667e-02, 8,0378000000e+03
 1500541200, 5,5000000000e+01, 2,5346666667e+01, 1,0000000000e+01, 1,0580000000e-01, 8,0376533333e+03
 1500541500, 5,5000000000e+01, 2,4253333333e+01, 1,0000000000e+01, 1,0220000000e-01, 8,0381666667e+03
 1500541800, 5,5000000000e+01, 2,6000000000e+01, 1,0000000000e+01, 7,9466666667e-02, 8,0363466667e+03
 1500542100, 5,5000000000e+01, 2,6000000000e+01, 1,0000000000e+01, 8,5266666667e-02, 8,0368533333e+03
 1500542400, 5,1366666667e+01, 2,4546666667e+01, 1,0000000000e+01, 7,6733333333e-02, 8,0373266667e+03
 1500542700, 5,0000000000e+01, 2,4000000000e+01, 1,0000000000e+01, 5,5466666667e-02, 8,0380733333e+03
 1500543000, 5,0000000000e+01, 2,4000000000e+01, 1,0000000000e+01, 5,5266666667e-02, 8,0383266667e+03
 1500543300, 5,0000000000e+01, 2,4000000000e+01, 1,0000000000e+01, 8,0533333333e-02, 8,0380000000e+03
 1500543600, 5,0000000000e+01, 2,4000000000e+01, 1,0000000000e+01, 7,6733333333e-02, 8,0386733333e+03
 1500543900, 5,0000000000e+01, 2,4000000000e+01, 1,0000000000e+01, 6,1466666667e-02, 8,0376733333e+03
 1500544200, 5,3633333333e+01, 2,6906666667e+01, 1,0000000000e+01, 5,8533333333e-02, 8,0393266667e+03
 1500544500, 5,2366666667e+01, 2,5893333333e+01, 1,0000000000e+01, 6,6000000000e-02, 8,0397266667e+03
 1500544800, 5,0000000000e+01, 2,4000000000e+01, 1,0000000000e+01, 5,9466666667e-02, 8,0387266667e+03
 1500545100, 5,0000000000e+01, 2,4000000000e+01, 1,0000000000e+01, 5,0000000000e-02, 8,0392000000e+03
 1500545400, 5,0000000000e+01, 2,4000000000e+01, 1,0000000000e+01, 5,4000000000e-02, 8,0383466667e+03
 1500545700, 5,0000000000e+01, 2,4000000000e+01, 1,0000000000e+01, 7,9033333333e-02, 8,0391233333e+03
 1500546000, 5,0000000000e+01, 2,4000000000e+01, 1,0000000000e+01, 8,6733333333e-02, 8,0394000000e+03
 1500546300, 5,0000000000e+01, 2,4000000000e+01, 1,0000000000e+01, 8,0733333333e-02, 8,0397266667e+03
 1500546600, 5,0000000000e+01, 2,4000000000e+01, 1,0000000000e+01, 7,3966666667e-02, 8,0399900000e+03
 1500546900, 5,0000000000e+01, 2,4000000000e+01, 1,0000000000e+01, 7,9266666667e-02, 8,0394000000e+03
 1500547200, 5,0000000000e+01, 2,4000000000e+01, 1,0000000000e+01, 6,6733333333e-02, 8,0400000000e+03
 1500547500, 5,0000000000e+01, 2,4000000000e+01, 1,0000000000e+01, 6,8733333333e-02, 8,0394000000e+03
 1500547800, 5,0000000000e+01, 2,4000000000e+01, 1,0000000000e+01, 5,2733333333e-02, 8,0398000000e+03
 1500548100, 5,0000000000e+01, 2,4000000000e+01, 1,0000000000e+01, 5,0000000000e-02, 8,0386000000e+03
 1500548400, 5,0000000000e+01, 2,4000000000e+01, 1,0000000000e+01, 5,0000000000e-02, 8,0392000000e+03
 1500548700, 5,0000000000e+01, 2,4000000000e+01, 1,0000000000e+01, 5,0000000000e-02, 8,0390766667e+03
 1500549000, 5,0000000000e+01, 2,4000000000e+01, 1,0000000000e+01, 5,0000000000e-02, 8,0392000000e+03
 1500549300, 5,0000000000e+01, 2,4000000000e+01, 1,0000000000e+01, 5,1266666667e-02, 8,0401266667e+03
 1500549600, 5,0000000000e+01, 2,4000000000e+01, 1,0000000000e+01, 5,0733333333e-02, 8,0398733333e+03
 1500549900, 5,0000000000e+01, 2,4000000000e+01, 1,0000000000e+01, 5,0000000000e-02, 8,0403333333e+03
 1500550200, 5,0000000000e+01, 2,4000000000e+01, 1,0000000000e+01, 5,0000000000e-02, 8,0400000000e+03
 1500550500, 5,0000000000e+01, 2,4000000000e+01, 1,0000000000e+01, 5,0000000000e-02, 8,0392533333e+03
 1500550800, 5,0000000000e+01, 2,4000000000e+01, 1,0000000000e+01, 5,0000000000e-02, 8,0398733333e+03
 1500551100, 5,0000000000e+01, 2,4000000000e+01, 1,0000000000e+01, 5,2000000000e-02, 8,0399266667e+03
 1500551400, 5,0000000000e+01, 2,4000000000e+01, 1,0000000000e+01, 5,0000000000e-02, 8,0411266667e+03
 1500551700, 5,0000000000e+01, 2,4000000000e+01, 1,0000000000e+01, 5,8000000000e-02, 8,0411466667e+03
 1500552000, 5,0000000000e+01, 2,4000000000e+01, 1,0000000000e+01, 5,3266666667e-02, 8,0412533333e+03
 1500552300, 5,0000000000e+01, 2,4000000000e+01, 1,0000000000e+01, 5,8000000000e-02, 8,0418533333e+03
 1500552600, 5,0000000000e+01, 2,4000000000e+01, 1,0000000000e+01, 6,2000000000e-02, 8,0423466667e+03
 1500552900, 5,0000000000e+01, 2,4000000000e+01, 1,0000000000e+01, 5,8000000000e-02, 8,0416000000e+03
 1500553200, 5,0000000000e+01, 2,4000000000e+01, 1,0000000000e+01, 5,6733333333e-02, 8,0424000000e+03
 1500553500, 5,0000000000e+01, 2,4000000000e+01, 1,0000000000e+01, 5,0000000000e-02, 8,0399466667e+03
 1500553800, 5,1633333333e+01, 2,4653333333e+01, 1,0000000000e+01, 5,2000000000e-02, 8,0402533333e+03
 1500554100, 5,5000000000e+01, 2,6000000000e+01, 1,0253333333e+01, 5,2000000000e-02, 8,0400733333e+03
 1500554400, 5,5000000000e+01, 2,6000000000e+01, 1,2000000000e+01, 5,5266666667e-02, 8,0394000000e+03
 1500554700, 5,5000000000e+01, 2,6000000000e+01, 1,2000000000e+01, 6,7266666667e-02, 8,0400533333e+03
 1500555000, 5,5000000000e+01, 2,6000000000e+01, 1,0546666667e+01, 7,3266666667e-02, 8,0414000000e+03
 1500555300, 5,2366666667e+01, 2,4946666667e+01, 1,0000000000e+01, 6,3466666667e-02, 8,0424533333e+03
 1500555600, 5,0000000000e+01, 2,4000000000e+01, 1,0000000000e+01, 5,0733333333e-02, 8,0410733333e+03
 1500555900, 5,0000000000e+01, 2,4000000000e+01, 1,0000000000e+01, 5,1266666667e-02, 8,0415266667e+03
 1500556200, 5,0000000000e+01, 2,4000000000e+01, 1,0000000000e+01, 5,2733333333e-02, 8,0414400000e+03
 1500556500, 5,0000000000e+01, 2,4000000000e+01, 1,0000000000e+01, 5,0000000000e-02, 8,0404000000e+03
 1500556800, 5,0000000000e+01, 2,4000000000e+01, 1,0000000000e+01, 5,0000000000e-02, 8,0408000000e+03
 1500557100, 5,0000000000e+01, 2,4000000000e+01, 1,0000000000e+01, 5,0000000000e-02, 8,0410533333e+03
 1500557400, 5,0000000000e+01, 2,4000000000e+01, 1,0000000000e+01, 5,0000000000e-02, 8,0410066667e+03
 1500557700, 5,0000000000e+01, 2,4000000000e+01, 1,0000000000e+01, 5,1266666667e-02, 8,0409466667e+03
 1500558000, 5,0000000000e+01, 2,4000000000e+01, 1,0000000000e+01, 5,6000000000e-02, 8,0406533333e+03
 1500558300, 5,0000000000e+01, 2,4000000000e+01, 1,0000000000e+01, 5,0733333333e-02, 8,0405466667e+03
 1500558600, 5,0000000000e+01, 2,4000000000e+01, 1,0000000000e+01, 5,0000000000e-02, 8,0409266667e+03
 1500558900, 5,0000000000e+01, 2,4000000000e+01, 1,0000000000e+01, 5,2000000000e-02, 8,0416000000e+03
 1500559200, 5,0000000000e+01, 2,4000000000e+01, 1,0000000000e+01, 5,0000000000e-02, 8,0419266667e+03
 1500559500, 5,0000000000e+01, 2,4000000000e+01, 1,0000000000e+01, 5,0000000000e-02, 8,0408000000e+03
 1500559800, 5,0000000000e+01, 2,4000000000e+01, 1,0000000000e+01, 5,2000000000e-02, 8,0406733333e+03
 1500560100, 5,0000000000e+01, 2,4000000000e+01, 1,0000000000e+01, 5,0000000000e-02, 8,0407266667e+03
 1500560400, 5,0000000000e+01, 2,4000000000e+01, 1,0000000000e+01, 5,0000000000e-02, 8,0404000000e+03
 1500560700, 5,0000000000e+01, 2,4000000000e+01, 1,0000000000e+01, 5,0000000000e-02, 8,0413466667e+03
 1500561000, 5,0000000000e+01, 2,4000000000e+01, 1,0000000000e+01, 5,4000000000e-02, 8,0415800000e+03
 1500561300, 5,0000000000e+01, 2,4000000000e+01, 1,0000000000e+01, 5,2000000000e-02, 8,0419466667e+03
 1500561600, 5,0000000000e+01, 2,4000000000e+01, 1,0000000000e+01, 5,0000000000e-02, 8,0423866667e+03
 1500561900, 5,0000000000e+01, 2,4000000000e+01, 1,0000000000e+01, 5,2000000000e-02, 8,0436733333e+03
 1500562200, 5,0000000000e+01, 2,4000000000e+01, 1,0000000000e+01, 5,0000000000e-02, 8,0432000000e+03
 1500562500, 5,0000000000e+01, 2,4000000000e+01, 1,0000000000e+01, 5,6533333333e-02, 8,0433066667e+03
 1500562800, 5,0000000000e+01, 2,4000000000e+01, 1,0000000000e+01, 5,7466666667e-02, 8,0467266667e+03
 1500563100, 5,0633333333e+01, 2,4253333333e+01, 1,0253333333e+01, 5,5266666667e-02, 8,0464733333e+03
 1500563400, 5,5000000000e+01, 2,6000000000e+01, 1,2000000000e+01, 6,5266666667e-02, 8,0475266667e+03
 1500563700, 5,0366666667e+01, 2,4146666667e+01, 1,0146666667e+01, 5,7466666667e-02, 8,0476000000e+03
 1500564000, 5,0000000000e+01, 2,4000000000e+01, 1,0000000000e+01, 5,6533333333e-02, 8,0470000000e+03
 1500564300, 5,0000000000e+01, 2,4000000000e+01, 1,0000000000e+01, 5,8000000000e-02, 8,0478533333e+03
 1500564600, 5,0000000000e+01, 2,4000000000e+01, 1,0000000000e+01, 7,7800000000e-02, 8,0498133333e+03
 1500564900, 5,1900000000e+01, 2,5013333333e+01, 1,1013333333e+01, 4,1426666667e-01, 8,2027600000e+03
 1500565200, 6,5000000000e+01, 3,2000000000e+01, 1,8000000000e+01, 3,8624666667e+00, 1,1143240000e+04
 1500565500, 1,9936666667e+02, 1,5802666667e+02, 2,5413333333e+01, 7,5059333333e+00, 1,2519480000e+04
 1500565800, 2,2090000000e+02, 1,7962666667e+02, 2,6000000000e+01, 1,0093200000e+01, 1,1136366667e+04
 1500566100, 2,2500000000e+02, 1,8294666667e+02, 2,6000000000e+01, 1,1873666667e+01, 1,1936680000e+04
 1500566400, 2,0213333333e+02, 1,5913333333e+02, 2,3386666667e+01, 1,3093600000e+01, 1,3025780000e+04
 1500566700, 1,6386666667e+02, 1,2112000000e+02, 1,9013333333e+01, 1,4039266667e+01, 1,1137200000e+04
 1500567000, 2,2500000000e+02, 1,8400000000e+02, 2,6000000000e+01, 1,4796666667e+01, 1,3208173333e+04
 1500567300, 7,2100000000e+01, 4,3146666667e+01, 1,3026666667e+01, 1,5044800000e+01, 1,0271566667e+04
 1500567600, 1,3630000000e+02, 1,0030666667e+02, 2,0720000000e+01, 1,5469466667e+01, 1,4113713333e+04
 1500567900, 1,8343333333e+02, 1,4285333333e+02, 2,5053333333e+01, 1,5791800000e+01, 1,3181746667e+04
 1500568200, 2,0980000000e+02, 1,6126666667e+02, 3,0573333333e+01, 1,6075000000e+01, 1,3204046667e+04
 1500568500, 2,2936666667e+02, 1,6952000000e+02, 3,8226666667e+01, 1,6159333333e+01, 1,0271913333e+04
 1500568800, 2,2500000000e+02, 1,8000000000e+02, 2,6000000000e+01, 1,6313600000e+01, 1,4115713333e+04
 1500569100, 2,2500000000e+02, 1,8185333333e+02, 2,6000000000e+01, 1,6451333333e+01, 1,6870386667e+04
 1500569400, 1,6323333333e+02, 1,2386666667e+02, 2,0186666667e+01, 1,6415666667e+01, 9,6110266667e+03
 1500569700, 1,8476666667e+02, 1,4097333333e+02, 2,6426666667e+01, 1,6497800000e+01, 1,3311460000e+04
 1500570000, 2,1683333333e+02, 1,7012000000e+02, 3,1386666667e+01, 1,6561800000e+01, 1,3111433333e+04
 1500570300, 2,0633333333e+02, 1,6205333333e+02, 2,8026666667e+01, 1,6629000000e+01, 1,2524866667e+04
 1500570600, 2,5000000000e+02, 1,9000000000e+02, 4,2000000000e+01, 1,6689466667e+01, 1,4125006667e+04
 1500570900, 2,2220000000e+02, 1,7888000000e+02, 2,7173333333e+01, 1,6652066667e+01, 1,0912180000e+04
 1500571200, 2,2000000000e+02, 1,7654666667e+02, 2,6000000000e+01, 1,6589466667e+01, 1,0982326667e+04
 1500571500, 2,1736666667e+02, 1,7494666667e+02, 2,6000000000e+01, 1,6625733333e+01, 1,2511760000e+04
 1500571800, 2,1500000000e+02, 1,7269333333e+02, 2,6000000000e+01, 1,6549866667e+01, 9,7590933333e+03
 1500572100, 2,1626666667e+02, 1,7126666667e+02, 2,6000000000e+01, 1,6512600000e+01, 1,1132333333e+04
 1500572400, 2,2500000000e+02, 1,8000000000e+02, 2,6000000000e+01, 1,6548733333e+01, 1,3317253333e+04
 1500572700, 2,1573333333e+02, 1,7073333333e+02, 2,6000000000e+01, 1,6579266667e+01, 1,3184600000e+04
 1500573000, 2,1500000000e+02, 1,7000000000e+02, 2,6000000000e+01, 1,6569333333e+01, 1,1141366667e+04
 1500573300, 2,1500000000e+02, 1,7000000000e+02, 2,6000000000e+01, 1,6516800000e+01, 1,0345886667e+04
 1500573600, 2,1826666667e+02, 1,7392000000e+02, 2,6000000000e+01, 1,6585466667e+01, 1,4122326667e+04
 1500573900, 2,2246666667e+02, 1,7921333333e+02, 2,6000000000e+01, 1,6612333333e+01, 1,5365786667e+04
 1500574200, 2,0500000000e+02, 1,6000000000e+02, 2,6000000000e+01, 1,6440600000e+01, 1,2467173333e+04
 1500574500, 2,0500000000e+02, 1,5629333333e+02, 2,9706666667e+01, 1,6483266667e+01, 1,1053113333e+04
 1500574800, 2,3406666667e+02, 1,7925333333e+02, 3,7266666667e+01, 1,6625733333e+01, 1,1890526667e+04
 1500575100, 2,4500000000e+02, 1,8694666667e+02, 4,0000000000e+01, 1,6716533333e+01, 1,3331073333e+04
 1500575400, 2,4336666667e+02, 1,8534666667e+02, 3,9346666667e+01, 1,6765800000e+01, 1,3324733333e+04
 1500575700, 2,3810000000e+02, 1,8248000000e+02, 3,7240000000e+01, 1,6649200000e+01, 1,2499040000e+04
 1500576000, 2,2500000000e+02, 1,7200000000e+02, 3,2000000000e+01, 1,6409400000e+01, 1,1038526667e+04
 1500576300, 2,1110000000e+02, 1,6829333333e+02, 2,6440000000e+01, 1,6298600000e+01, 1,1867693333e+04
 1500576600, 2,1000000000e+02, 1,6654666667e+02, 2,6000000000e+01, 1,6198066667e+01, 1,3293946667e+04
 1500576900, 2,1263333333e+02, 1,6705333333e+02, 2,6000000000e+01, 1,6129466667e+01, 1,3011453333e+04
 1500577200, 2,1500000000e+02, 1,6996000000e+02, 2,6000000000e+01, 1,6130000000e+01, 1,2511453333e+04
 1500577500, 2,1563333333e+02, 1,7450666667e+02, 2,6000000000e+01, 1,6055866667e+01, 1,1120666667e+04
 1500577800, 2,2000000000e+02, 1,7800000000e+02, 2,6000000000e+01, 1,5979133333e+01, 1,1118143333e+04
 1500578100, 2,5243333333e+02, 1,9282666667e+02, 4,0826666667e+01, 1,5921666667e+01, 1,1117746667e+04
 1500578400, 1,4600000000e+02, 9,9533333333e+01, 2,8920000000e+01, 1,5875666667e+01, 9,7502933333e+03
 1500578700, 1,6030000000e+02, 1,1877333333e+02, 2,5053333333e+01, 1,5912333333e+01, 8,8154200000e+03
 1500579000, 2,1653333333e+02, 1,7322666667e+02, 2,6000000000e+01, 1,5942533333e+01, 1,1118726667e+04
 1500579300, 2,2936666667e+02, 1,8400000000e+02, 2,6000000000e+01, 1,5921666667e+01, 1,3300073333e+04
 1500579600, 2,2500000000e+02, 1,8400000000e+02, 2,6000000000e+01, 1,5890200000e+01, 1,1122126667e+04
 1500579900, 2,2036666667e+02, 1,7473333333e+02, 2,6000000000e+01, 1,5857466667e+01, 1,1118653333e+04
 1500580200, 2,2363333333e+02, 1,7690666667e+02, 2,6000000000e+01, 1,5871066667e+01, 1,1118673333e+04
 1500580500, 2,4080000000e+02, 1,8748000000e+02, 3,4426666667e+01, 1,5872200000e+01, 1,1120073333e+04
 1500580800, 2,0926666667e+02, 1,5549333333e+02, 3,5466666667e+01, 1,5877800000e+01, 1,0966053333e+04
 1500581100, 1,2830000000e+02, 8,5173333333e+01, 2,2506666667e+01, 1,5902533333e+01, 1,1123420000e+04
 1500581400, 2,2000000000e+02, 1,7600000000e+02, 2,6000000000e+01, 1,5914200000e+01, 1,1119253333e+04
 1500581700, 2,2000000000e+02, 1,7785333333e+02, 2,6000000000e+01, 1,5888933333e+01, 1,1136126667e+04
 1500582000, 2,2363333333e+02, 1,8090666667e+02, 2,6000000000e+01, 1,5863066667e+01, 1,2508226667e+04
 1500582300, 2,2500000000e+02, 1,8305333333e+02, 2,6000000000e+01, 1,5837466667e+01, 1,1122733333e+04
 1500582600, 2,2500000000e+02, 1,8400000000e+02, 2,6000000000e+01, 1,5875800000e+01, 1,0407353333e+04
 1500582900, 2,2436666667e+02, 1,8298666667e+02, 2,6000000000e+01, 1,5856733333e+01, 1,0708353333e+04
 1500583200, 2,2000000000e+02, 1,7600000000e+02, 2,6000000000e+01, 1,5915600000e+01, 1,1119346667e+04
 1500583500, 2,2926666667e+02, 1,7785333333e+02, 3,3413333333e+01, 1,5961066667e+01, 1,1918786667e+04
 1500583800, 2,4090000000e+02, 1,8381333333e+02, 3,6906666667e+01, 1,5992533333e+01, 1,1123673333e+04
 1500584100, 2,0550000000e+02, 1,5018666667e+02, 3,5893333333e+01, 1,5962200000e+01, 1,0965926667e+04
 1500584400, 1,9613333333e+02, 1,4086666667e+02, 3,6613333333e+01, 1,5973266667e+01, 1,3127253333e+04
 1500584700, 2,4936666667e+02, 1,8774666667e+02, 4,1746666667e+01, 1,5984533333e+01, 1,1126220000e+04
 1500585000, 2,4500000000e+02, 1,8600000000e+02, 4,0000000000e+01, 1,5989866667e+01, 1,1118766667e+04
 1500585300, 2,2646666667e+02, 1,8229333333e+02, 2,7026666667e+01, 1,5943066667e+01, 8,9569266667e+03
 1500585600, 2,2500000000e+02, 1,8054666667e+02, 2,6000000000e+01, 1,5968533333e+01, 8,9573266667e+03
 1500585900, 2,1973333333e+02, 1,7473333333e+02, 2,6000000000e+01, 1,5988533333e+01, 8,9537066667e+03
 1500586200, 2,1826666667e+02, 1,7392000000e+02, 2,6000000000e+01, 1,5989866667e+01, 8,8614266667e+03
 1500586500, 2,2436666667e+02, 1,8149333333e+02, 2,6000000000e+01, 1,5937800000e+01, 1,0266786667e+04
 1500586800, 2,2000000000e+02, 1,7800000000e+02, 2,6000000000e+01, 1,5959266667e+01, 1,1121673333e+04
 1500587100, 2,4316666667e+02, 1,8726666667e+02, 3,8973333333e+01, 1,5960000000e+01, 9,5911666667e+03
 1500587400, 2,4500000000e+02, 1,8800000000e+02, 4,0000000000e+01, 1,5910400000e+01, 1,1123220000e+04
 1500587700, 2,4500000000e+02, 1,8694666667e+02, 4,0000000000e+01, 1,5919800000e+01, 1,3299653333e+04
 1500588000, 2,3356666667e+02, 1,8012000000e+02, 3,5426666667e+01, 1,5907666667e+01, 1,1121293333e+04
 1500588300, 2,1000000000e+02, 1,6800000000e+02, 2,6000000000e+01, 1,5901066667e+01, 8,9513800000e+03
 1500588600, 2,1000000000e+02, 1,6800000000e+02, 2,6000000000e+01, 1,5891666667e+01, 8,7934200000e+03
 1500588900, 2,2853333333e+02, 1,8282666667e+02, 2,6000000000e+01, 1,5846933333e+01, 8,7683800000e+03
 1500589200, 2,1910000000e+02, 1,7673333333e+02, 2,6000000000e+01, 1,5864533333e+01, 1,1120873333e+04
 1500589500, 2,2026666667e+02, 1,7716000000e+02, 2,6000000000e+01, 1,5880333333e+01, 1,3256673333e+04
 1500589800, 2,2500000000e+02, 1,8000000000e+02, 2,6000000000e+01, 1,5926333333e+01, 1,2501646667e+04
 1500590100, 2,2500000000e+02, 1,7974666667e+02, 2,6000000000e+01, 1,5960533333e+01, 1,1125040000e+04
 1500590400, 2,2500000000e+02, 1,7800000000e+02, 2,6000000000e+01, 1,5927666667e+01, 1,1921966667e+04
 1500590700, 2,2500000000e+02, 1,7800000000e+02, 2,6000000000e+01, 1,5941066667e+01, 1,0947980000e+04
 1500591000, 2,2500000000e+02, 1,7800000000e+02, 2,6000000000e+01, 1,5952400000e+01, 1,5399486667e+04
 1500591300, 2,2500000000e+02, 1,7905333333e+02, 2,6000000000e+01, 1,5917033333e+01, 1,0269663333e+04
 1500591600, 2,2663333333e+02, 1,8130666667e+02, 2,6000000000e+01, 1,5886933333e+01, 1,1123500000e+04
 1500591900, 2,2873333333e+02, 1,8273333333e+02, 2,6000000000e+01, 1,5868200000e+01, 1,1921606667e+04
 1500592200, 2,2000000000e+02, 1,7400000000e+02, 2,6000000000e+01, 1,5848000000e+01, 1,1124673333e+04
 1500592500, 2,2463333333e+02, 1,7956000000e+02, 2,6000000000e+01, 1,5846733333e+01, 1,0973780000e+04
 1500592800, 2,2500000000e+02, 1,8000000000e+02, 2,6000000000e+01, 1,5838933333e+01, 8,7708733333e+03
 1500593100, 2,4080000000e+02, 1,8632000000e+02, 3,4426666667e+01, 1,5855600000e+01, 1,1124020000e+04
 1500593400, 2,5336666667e+02, 1,9134666667e+02, 4,2000000000e+01, 1,5895800000e+01, 1,5485600000e+04
 1500593700, 2,4620000000e+02, 1,8797333333e+02, 3,9973333333e+01, 1,5929066667e+01, 1,2455693333e+04
 1500594000, 2,2000000000e+02, 1,7400000000e+02, 2,6000000000e+01, 1,5896766667e+01, 1,1125353333e+04
 1500594300, 2,4316666667e+02, 1,8512000000e+02, 3,8973333333e+01, 1,5920533333e+01, 1,1121806667e+04
 1500594600, 1,7233333333e+02, 1,2496000000e+02, 2,8373333333e+01, 1,5880933333e+01, 9,5904400000e+03
 1500594900, 1,8976666667e+02, 1,4518666667e+02, 2,5053333333e+01, 1,5841466667e+01, 8,7706533333e+03
 1500595200, 2,2510000000e+02, 1,7877333333e+02, 2,6000000000e+01, 1,5885066667e+01, 1,0971326667e+04
 1500595500, 2,1563333333e+02, 1,6926666667e+02, 2,6000000000e+01, 1,5903466667e+01, 1,1123073333e+04
 1500595800, 2,2000000000e+02, 1,7800000000e+02, 2,6000000000e+01, 1,5916333333e+01, 1,1120306667e+04
 1500596100, 2,2926666667e+02, 1,8356000000e+02, 2,6000000000e+01, 1,5935200000e+01, 1,3339006667e+04
 1500596400, 2,2273333333e+02, 1,7818666667e+02, 2,6000000000e+01, 1,5900200000e+01, 1,1124400000e+04
 1500596700, 2,2000000000e+02, 1,7705333333e+02, 2,6000000000e+01, 1,5896333333e+01, 1,1138800000e+04
 1500597000, 2,2163333333e+02, 1,7865333333e+02, 2,6000000000e+01, 1,5928933333e+01, 1,1129673333e+04
 1500597300, 2,2816666667e+02, 1,8126666667e+02, 2,7773333333e+01, 1,5885666667e+01, 1,1026266667e+04
 1500597600, 2,5000000000e+02, 1,9000000000e+02, 4,0000000000e+01, 1,5865600000e+01, 1,0272173333e+04
 1500597900, 2,5463333333e+02, 1,9370666667e+02, 4,1853333333e+01, 1,5914333333e+01, 1,1125620000e+04
 1500598200, 2,2956666667e+02, 1,7946666667e+02, 3,0373333333e+01, 1,5892600000e+01, 1,1124986667e+04
 1500598500, 2,2263333333e+02, 1,7821333333e+02, 2,6000000000e+01, 1,5927800000e+01, 1,1121746667e+04
 1500598800, 1,8090000000e+02, 1,3888000000e+02, 2,5346666667e+01, 1,4060800000e+01, 8,9211066667e+03
 1500599100, 8,5566666667e+01, 4,6706666667e+01, 2,2226666667e+01, 1,0435266667e+01, 8,0465000000e+03
 1500599400, 5,5000000000e+01, 2,4000000000e+01, 1,0000000000e+01, 7,6043333333e+00, 8,0437366667e+03
 1500599700, 5,5000000000e+01, 2,4000000000e+01, 1,0000000000e+01, 5,5325666667e+00, 8,0450100000e+03
 1500600000, 5,0366666667e+01, 2,4000000000e+01, 1,0000000000e+01, 4,0240666667e+00, 8,0450000000e+03
 1500600300, 5,3633333333e+01, 2,4000000000e+01, 1,0000000000e+01, 2,9209333333e+00, 8,0461266667e+03
 1500600600, 5,5000000000e+01, 2,4000000000e+01, 1,0000000000e+01, 2,1242666667e+00, 8,0461033333e+03
 1500600900, 5,3366666667e+01, 2,4000000000e+01, 1,0000000000e+01, 1,5586666667e+00, 8,0456733333e+03
 1500601200, 5,0000000000e+01, 2,4000000000e+01, 1,0000000000e+01, 1,1376666667e+00, 8,0448533333e+03
 1500601500, 5,0000000000e+01, 2,4000000000e+01, 1,0000000000e+01, 8,3560000000e-01, 8,0447666667e+03
 1500601800, 5,4633333333e+01, 2,5853333333e+01, 1,1853333333e+01, 6,4320000000e-01, 8,0446733333e+03
 1500602100, 5,5000000000e+01, 2,6000000000e+01, 1,2000000000e+01, 4,9480000000e-01, 8,0447266667e+03
 1500602400, 5,5000000000e+01, 2,6000000000e+01, 1,2000000000e+01, 3,8606666667e-01, 8,0450000000e+03
 1500602700, 5,5000000000e+01, 2,6000000000e+01, 1,2000000000e+01, 2,9126666667e-01, 8,0461400000e+03
 1500603000, 5,3366666667e+01, 2,5346666667e+01, 1,1346666667e+01, 2,2440000000e-01, 8,0456000000e+03
 1500603300, 5,0000000000e+01, 2,4000000000e+01, 1,0000000000e+01, 1,7893333333e-01, 8,0446200000e+03
 1500603600, 5,0000000000e+01, 2,4000000000e+01, 1,0000000000e+01, 1,5346666667e-01, 8,0447266667e+03
 1500603900, 5,0000000000e+01, 2,4000000000e+01, 1,0000000000e+01, 1,2943333333e-01, 8,0466000000e+03
 1500604200, 5,3633333333e+01, 2,4000000000e+01, 1,1453333333e+01, 1,3326666667e-01, 8,0455266667e+03
 1500604500, 5,2366666667e+01, 2,4000000000e+01, 1,0946666667e+01, 1,2673333333e-01, 8,0464000000e+03
 1500604800, 5,0000000000e+01, 2,4000000000e+01, 1,0000000000e+01, 1,1146666667e-01, 8,0455266667e+03
 1500605100, 5,0000000000e+01, 2,4000000000e+01, 1,0000000000e+01, 8,4200000000e-02, 8,0451466667e+03
 1500605400, 5,0000000000e+01, 2,4000000000e+01, 1,0000000000e+01, 5,5466666667e-02, 8,0457266667e+03
 1500605700, 5,0000000000e+01, 2,4000000000e+01, 1,0000000000e+01, 5,5266666667e-02, 8,0462733333e+03
 1500606000, 5,3633333333e+01, 2,4000000000e+01, 1,0000000000e+01, 5,6733333333e-02, 8,0463800000e+03
 1500606300, 5,2366666667e+01, 2,4000000000e+01, 1,0000000000e+01, 5,0000000000e-02, 8,0460200000e+03
 1500606600, 5,0000000000e+01, 2,4000000000e+01, 1,0000000000e+01, 5,0000000000e-02, 8,0452000000e+03
 1500606900, 5,0633333333e+01, 2,4000000000e+01, 1,0000000000e+01, 5,5966666667e-02, 8,0460400000e+03
 1500607200, 5,4450000000e+01, 2,4000000000e+01, 1,0000000000e+01, 5,0000000000e-02, 8,0462000000e+03
 1500607500, 5,0000000000e+01, 2,4000000000e+01, 1,0000000000e+01, 6,6533333333e-02, 8,0466733333e+03
 1500607800, 5,0000000000e+01, 2,4000000000e+01, 1,0000000000e+01, 6,3266666667e-02, 8,0455266667e+03
 1500608100, 5,0000000000e+01, 2,4000000000e+01, 1,0000000000e+01, 7,2733333333e-02, 8,0464000000e+03
 1500608400, 5,0000000000e+01, 2,4000000000e+01, 1,0000000000e+01, 7,0000000000e-02, 8,0456733333e+03
 1500608700, 5,0000000000e+01, 2,4000000000e+01, 1,0000000000e+01, 7,7266666667e-02, 8,0462533333e+03
 1500609000, 5,0000000000e+01, 2,4000000000e+01, 1,0000000000e+01, 7,6733333333e-02, 8,0473266667e+03
 1500609300, 5,0000000000e+01, 2,4000000000e+01, 1,0000000000e+01, 6,1466666667e-02, 8,0476000000e+03
 1500609600, 5,0000000000e+01, 2,4000000000e+01, 1,0000000000e+01, 5,0000000000e-02, 8,0479466667e+03
 1500609900, 5,0000000000e+01, 2,4000000000e+01, 1,0000000000e+01, 5,5266666667e-02, 8,0479266667e+03
 1500610200, 5,0000000000e+01, 2,4000000000e+01, 1,0000000000e+01, 5,6733333333e-02, 8,0480533333e+03
 1500610500, 5,0000000000e+01, 2,4000000000e+01, 1,0000000000e+01, 5,0000000000e-02, 8,0472733333e+03
 1500610800, 5,0000000000e+01, 2,4000000000e+01, 1,0000000000e+01, 5,0000000000e-02, 8,0460200000e+03
 1500611100, 5,0000000000e+01, 2,4000000000e+01, 1,0000000000e+01, 5,0000000000e-02, 8,0465800000e+03
 1500611400, 5,0000000000e+01, 2,4000000000e+01, 1,0000000000e+01, 5,0000000000e-02, 8,0474733333e+03
 1500611700, 5,0000000000e+01, 2,4000000000e+01, 1,0000000000e+01, 5,2000000000e-02, 8,0468000000e+03
 1500612000, 5,0000000000e+01, 2,4000000000e+01, 1,0000000000e+01, 5,3266666667e-02, 8,0464000000e+03
 1500612300, 5,0000000000e+01, 2,4000000000e+01, 1,0000000000e+01, 5,8000000000e-02, 8,0472000000e+03
 1500612600, 5,0000000000e+01, 2,4000000000e+01, 1,0000000000e+01, 5,6000000000e-02, 8,0485800000e+03
 1500612900, 5,0000000000e+01, 2,4000000000e+01, 1,0000000000e+01, 5,4733333333e-02, 8,0490100000e+03
 1500613200, 5,0000000000e+01, 2,4000000000e+01, 1,0000000000e+01, 5,2000000000e-02, 8,0500733333e+03
 1500613500, 5,0000000000e+01, 2,4000000000e+01, 1,0000000000e+01, 5,1266666667e-02, 8,0475466667e+03
 1500613800, 5,2633333333e+01, 2,5053333333e+01, 1,1053333333e+01, 6,1233333333e-02, 8,0463966667e+03
 1500614100, 5,5000000000e+01, 2,5346666667e+01, 1,1346666667e+01, 6,7266666667e-02, 8,0462000000e+03
 1500614400, 5,4366666667e+01, 2,4000000000e+01, 1,0000000000e+01, 6,5466666667e-02, 8,0463266667e+03
 1500614700, 5,0000000000e+01, 2,4000000000e+01, 1,0000000000e+01, 6,0000000000e-02, 8,0466000000e+03
 1500615000, 5,4633333333e+01, 2,4000000000e+01, 1,0000000000e+01, 6,2000000000e-02, 8,0476533333e+03
 1500615300, 5,1366666667e+01, 2,4000000000e+01, 1,0000000000e+01, 5,4000000000e-02, 8,0478000000e+03
 1500615600, 5,0000000000e+01, 2,4000000000e+01, 1,0000000000e+01, 5,8733333333e-02, 8,0470533333e+03
 1500615900, 5,0000000000e+01, 2,4000000000e+01, 1,0000000000e+01, 5,0000000000e-02, 8,0470733333e+03
 1500616200, 5,0000000000e+01, 2,4000000000e+01, 1,0000000000e+01, 5,3266666667e-02, 8,0483066667e+03
 1500616500, 5,0000000000e+01, 2,4000000000e+01, 1,0000000000e+01, 5,4000000000e-02, 8,0472600000e+03
 1500616800, 5,0000000000e+01, 2,4000000000e+01, 1,0000000000e+01, 6,2733333333e-02, 8,0457266667e+03
 1500617100, 5,0000000000e+01, 2,4000000000e+01, 1,0000000000e+01, 5,2000000000e-02, 8,0466733333e+03
 1500617400, 5,0000000000e+01, 2,4000000000e+01, 1,0000000000e+01, 5,0000000000e-02, 8,0458000000e+03
 1500617700, 5,0000000000e+01, 2,4000000000e+01, 1,0000000000e+01, 5,2533333333e-02, 8,0475266667e+03
 1500618000, 5,0000000000e+01, 2,4000000000e+01, 1,0000000000e+01, 5,5466666667e-02, 8,0472733333e+03
 1500618300, 5,0000000000e+01, 2,4000000000e+01, 1,0000000000e+01, 5,0000000000e-02, 8,0483266667e+03
 1500618600, 5,0000000000e+01, 2,4000000000e+01, 1,0000000000e+01, 5,2000000000e-02, 8,0480733333e+03
 1500618900, 5,0000000000e+01, 2,4000000000e+01, 1,0000000000e+01, 5,0000000000e-02, 8,0486533333e+03
 1500619200, 5,0000000000e+01, 2,4000000000e+01, 1,0000000000e+01, 5,0000000000e-02, 8,0488766667e+03
 1500619500, 5,0000000000e+01, 2,4000000000e+01, 1,0000000000e+01, 5,0000000000e-02, 8,0468000000e+03
 1500619800, 5,0000000000e+01, 2,4000000000e+01, 1,0000000000e+01, 5,1266666667e-02, 8,0474000000e+03
 1500620100, 5,0000000000e+01, 2,4000000000e+01, 1,0000000000e+01, 5,2733333333e-02, 8,0480000000e+03
 1500620400, 5,0000000000e+01, 2,4000000000e+01, 1,0000000000e+01, 6,4533333333e-02, 8,0472000000e+03
 1500620700, 5,0000000000e+01, 2,4000000000e+01, 1,0000000000e+01, 7,3266666667e-02, 8,0480000000e+03
 1500621000, 5,0000000000e+01, 2,4000000000e+01, 1,0000000000e+01, 8,6000000000e-02, 8,0474533333e+03
 1500621300, 5,0000000000e+01, 2,4000000000e+01, 1,0000000000e+01, 8,9266666667e-02, 8,0481466667e+03
 1500621600, 5,0000000000e+01, 2,4000000000e+01, 1,0000000000e+01, 8,2733333333e-02, 8,0485266667e+03
 1500621900, 5,0000000000e+01, 2,4000000000e+01, 1,0000000000e+01, 7,6733333333e-02, 8,0484000000e+03
 1500622200, 5,0000000000e+01, 2,4000000000e+01, 1,0000000000e+01, 5,4733333333e-02, 8,0503266667e+03
 1500622500, 5,0000000000e+01, 2,4000000000e+01, 1,0000000000e+01, 5,8000000000e-02, 8,0492000000e+03
 1500622800, 5,0000000000e+01, 2,4000000000e+01, 1,0000000000e+01, 6,3266666667e-02, 8,0489266667e+03
 1500623100, 5,0000000000e+01, 2,4000000000e+01, 1,0000000000e+01, 5,7466666667e-02, 8,0491266667e+03
 1500623400, 5,0000000000e+01, 2,4000000000e+01, 1,0000000000e+01, -nan, 8,0497466667e+03
 1500623700, 5,0000000000e+01, 2,4000000000e+01, 1,0000000000e+01, -nan, 8,0493466667e+03
 1500624000, 5,0000000000e+01, 2,4000000000e+01, 1,0000000000e+01, -nan, 8,0486000000e+03
 1500624300, 5,0000000000e+01, 2,4000000000e+01, -nan, -nan, 8,0479266667e+03
 1500624600, 5,0000000000e+01, 2,4000000000e+01, -nan, -nan, 8,0486066667e+03
 1500624900, 5,1633333333e+01, 2,5306666667e+01, -nan, -nan, 8,0496000000e+03
 1500625200, 5,4366666667e+01, 2,7493333333e+01, -nan, -nan, 8,0485266667e+03
 1500625500, 5,0000000000e+01, 2,4000000000e+01, -nan, -nan, 8,0486733333e+03
 1500625800, 5,0000000000e+01, 2,4000000000e+01, -nan, -nan, 8,0487266667e+03
 1500626100, 5,0000000000e+01, 2,4000000000e+01, -nan, -nan, 8,0480733333e+03
 1500626400, -nan, 2,4000000000e+01, -nan, -nan, 8,0495800000e+03
 1500626700, -nan, 2,4653333333e+01, -nan, -nan, -nan
 1500627000, -nan, -nan, -nan, -nan, -nan
 1500627300, -nan, -nan, -nan, -nan, -nan
