 Time, ttl_pwr, cpu_pwr, mem_pwr, cpu_load, mem_load
 1500441000, 5,9616666667e+01, 2,8000000000e+01, 1,2000000000e+01, 5,0000000000e-02, 8,8676000000e+03
 1500441300, 6,3616666667e+01, 3,0893333333e+01, 1,3446666667e+01, 5,4000000000e-02, 8,8673233333e+03
 1500441600, 6,2383333333e+01, 2,9906666667e+01, 1,2953333333e+01, 6,0466666667e-02, 8,8660766667e+03
 1500441900, 6,0000000000e+01, 2,8000000000e+01, 1,2000000000e+01, 6,5533333333e-02, 8,8658000000e+03
 1500442200, 6,0000000000e+01, 2,8000000000e+01, 1,2000000000e+01, 5,0000000000e-02, 8,8658466667e+03
 1500442500, 6,0000000000e+01, 2,8000000000e+01, 1,2000000000e+01, 5,2000000000e-02, 8,8688166667e+03
 1500442800, 6,0000000000e+01, 2,8000000000e+01, 1,2000000000e+01, 5,0000000000e-02, 8,8667366667e+03
 1500443100, 6,0000000000e+01, 3,0893333333e+01, 1,2000000000e+01, 5,9233333333e-02, 8,8664466667e+03
 1500443400, 6,0000000000e+01, 3,0953333333e+01, 1,2000000000e+01, 6,7700000000e-02, 8,8678000000e+03
 1500443700, 6,0000000000e+01, 2,9353333333e+01, 1,2000000000e+01, 9,7233333333e-02, 8,8688000000e+03
 1500444000, 6,0000000000e+01, 2,8246666667e+01, 1,2000000000e+01, 9,8766666667e-02, 8,8683233333e+03
 1500444300, 6,0000000000e+01, 3,0000000000e+01, 1,2000000000e+01, 8,4766666667e-02, 8,8684766667e+03
 1500444600, 5,5383333333e+01, 2,8153333333e+01, 1,2000000000e+01, 6,4300000000e-02, 8,8664766667e+03
 1500444900, 5,5000000000e+01, 2,8000000000e+01, 1,2000000000e+01, 5,6000000000e-02, 8,8678466667e+03
 1500445200, 5,5000000000e+01, 2,8000000000e+01, 1,2000000000e+01, 5,5233333333e-02, 8,8680000000e+03
 1500445500, 5,5000000000e+01, 2,8000000000e+01, 1,2000000000e+01, 5,4766666667e-02, 8,8678000000e+03
 1500445800, 5,5000000000e+01, 2,8000000000e+01, 1,2000000000e+01, 5,0000000000e-02, 8,8685233333e+03
 1500446100, 5,5000000000e+01, 2,8000000000e+01, 1,2000000000e+01, 5,7233333333e-02, 8,8686000000e+03
 1500446400, 5,5000000000e+01, 2,8000000000e+01, 1,2000000000e+01, 5,8000000000e-02, 8,8685533333e+03
 1500446700, 5,5000000000e+01, 2,8000000000e+01, 1,2000000000e+01, 6,0766666667e-02, 8,8683700000e+03
 1500447000, 5,5000000000e+01, 2,8000000000e+01, 1,2000000000e+01, 5,0000000000e-02, 8,8688766667e+03
 1500447300, 5,5000000000e+01, 2,8000000000e+01, 1,2000000000e+01, 5,0000000000e-02, 8,8692000000e+03
 1500447600, 5,5616666667e+01, 2,8000000000e+01, 1,2000000000e+01, 5,5233333333e-02, 8,8692466667e+03
 1500447900, 6,0000000000e+01, 2,8000000000e+01, 1,2000000000e+01, 5,4766666667e-02, 8,8690000000e+03
 1500448200, 6,0000000000e+01, 2,8000000000e+01, 1,2000000000e+01, 5,0000000000e-02, 8,8693533333e+03
 1500448500, 6,0000000000e+01, 2,8000000000e+01, 1,2000000000e+01, 5,3233333333e-02, 8,8688000000e+03
 1500448800, 6,7850000000e+01, 3,0093333333e+01, 1,8280000000e+01, 6,7233333333e-02, 8,8686000000e+03
 1500449100, 7,1766666667e+01, 3,2000000000e+01, 2,0766666667e+01, 6,4766666667e-02, 8,8687233333e+03
 1500449400, 6,3766666667e+01, 3,1506666667e+01, 1,3753333333e+01, 6,9233333333e-02, 8,8701233333e+03
 1500449700, 5,5000000000e+01, 2,8000000000e+01, 1,2000000000e+01, 6,4766666667e-02, 8,8700766667e+03
 1500450000, 5,5000000000e+01, 2,8000000000e+01, 1,2000000000e+01, 6,0000000000e-02, 8,8696766667e+03
 1500450300, 5,5000000000e+01, 2,8000000000e+01, 1,2000000000e+01, 5,5233333333e-02, 8,8689233333e+03
 1500450600, 5,7616666667e+01, 2,8000000000e+01, 1,2000000000e+01, 5,5533333333e-02, 8,8685233333e+03
 1500450900, 5,8383333333e+01, 2,8000000000e+01, 1,2000000000e+01, 5,4000000000e-02, 8,8692766667e+03
 1500451200, 5,5000000000e+01, 2,8000000000e+01, 1,2000000000e+01, 5,0000000000e-02, 8,8692466667e+03
 1500451500, 5,5000000000e+01, 2,8000000000e+01, 1,2000000000e+01, 5,0000000000e-02, 8,8720766667e+03
 1500451800, 5,5000000000e+01, 2,8000000000e+01, 1,2000000000e+01, 5,0000000000e-02, 8,8698000000e+03
 1500452100, 5,8616666667e+01, 2,8000000000e+01, 1,2000000000e+01, 5,0000000000e-02, 8,8699233333e+03
 1500452400, 5,7383333333e+01, 2,8000000000e+01, 1,2000000000e+01, 5,0000000000e-02, 8,8697233333e+03
 1500452700, 5,6616666667e+01, 2,8000000000e+01, 1,2000000000e+01, 5,0000000000e-02, 8,8703233333e+03
 1500453000, 5,9383333333e+01, 2,8000000000e+01, 1,2000000000e+01, 5,5233333333e-02, 8,8685533333e+03
 1500453300, 5,5000000000e+01, 2,8000000000e+01, 1,2000000000e+01, 5,0766666667e-02, 8,8687833333e+03
 1500453600, 5,5000000000e+01, 2,8000000000e+01, 1,2000000000e+01, 5,0000000000e-02, 8,8695233333e+03
 1500453900, 5,5000000000e+01, 2,8000000000e+01, 1,2000000000e+01, 5,6433333333e-02, 8,8690400000e+03
 1500454200, 5,5000000000e+01, 2,8000000000e+01, 1,2000000000e+01, 9,4166666667e-02, 8,8694766667e+03
 1500454500, 5,5000000000e+01, 2,8000000000e+01, 1,2000000000e+01, 1,2723333333e-01, 8,8697233333e+03
 1500454800, 5,5616666667e+01, 2,8493333333e+01, 1,2000000000e+01, 1,2276666667e-01, 8,8712766667e+03
 1500455100, 6,0000000000e+01, 3,2000000000e+01, 1,2000000000e+01, 1,3523333333e-01, 8,8704000000e+03
 1500455400, 6,0000000000e+01, 3,2000000000e+01, 1,2000000000e+01, 1,3446666667e-01, 8,8706000000e+03
 1500455700, 5,6383333333e+01, 2,9106666667e+01, 1,2000000000e+01, 1,4676666667e-01, 8,8700000000e+03
 1500456000, 5,5000000000e+01, 2,8000000000e+01, 1,2000000000e+01, 1,3000000000e-01, 8,8701233333e+03
 1500456300, 5,6616666667e+01, 2,8000000000e+01, 1,2000000000e+01, 1,3476666667e-01, 8,8709533333e+03
 1500456600, 6,0000000000e+01, 2,8000000000e+01, 1,2000000000e+01, 1,3600000000e-01, 8,8688766667e+03
 1500456900, 6,0000000000e+01, 2,8000000000e+01, 1,2000000000e+01, 1,2476666667e-01, 8,8705866667e+03
 1500457200, 6,0000000000e+01, 2,8000000000e+01, 1,2000000000e+01, 1,2723333333e-01, 8,8708000000e+03
 1500457500, 6,0000000000e+01, 2,8000000000e+01, 1,2000000000e+01, 1,1353333333e-01, 8,8702000000e+03
 1500457800, 6,0000000000e+01, 2,8000000000e+01, 1,2000000000e+01, 1,1000000000e-01, 8,8700000000e+03
 1500458100, 6,0000000000e+01, 2,8000000000e+01, 1,2000000000e+01, 9,7533333333e-02, 8,8706000000e+03
 1500458400, 6,0000000000e+01, 2,8000000000e+01, 1,2000000000e+01, 8,3533333333e-02, 8,8704000000e+03
 1500458700, 6,0000000000e+01, 2,8000000000e+01, 1,2000000000e+01, 7,7233333333e-02, 8,8724166667e+03
 1500459000, 6,0000000000e+01, 2,8000000000e+01, 1,2000000000e+01, 7,0766666667e-02, 8,8719366667e+03
 1500459300, 6,0000000000e+01, 2,8000000000e+01, 1,2000000000e+01, 5,7533333333e-02, 8,8701700000e+03
 1500459600, 6,0000000000e+01, 2,8000000000e+01, 1,2000000000e+01, 5,0000000000e-02, 8,8706000000e+03
 1500459900, 5,8383333333e+01, 2,8000000000e+01, 1,2000000000e+01, 5,0000000000e-02, 8,8702000000e+03
 1500460200, 5,5000000000e+01, 2,8000000000e+01, 1,2000000000e+01, 7,0933333333e-02, 8,8705233333e+03
 1500460500, 5,5000000000e+01, 2,8000000000e+01, 1,2000000000e+01, 9,9233333333e-02, 8,8714200000e+03
 1500460800, 5,9616666667e+01, 3,1693333333e+01, 1,2000000000e+01, 1,0323333333e-01, 8,8713533333e+03
 1500461100, 6,3616666667e+01, 3,2000000000e+01, 1,3446666667e+01, 1,1323333333e-01, 8,8713233333e+03
 1500461400, 6,2383333333e+01, 2,9906666667e+01, 1,2953333333e+01, 1,2000000000e-01, 8,8725233333e+03
 1500461700, 6,0000000000e+01, 2,8000000000e+01, 1,2000000000e+01, 1,2400000000e-01, 8,8710000000e+03
 1500462000, 6,0000000000e+01, 2,8000000000e+01, 1,2000000000e+01, 1,2600000000e-01, 8,8718766667e+03
 1500462300, 6,0000000000e+01, 2,8000000000e+01, 1,2000000000e+01, 1,1800000000e-01, 8,8710000000e+03
 1500462600, 5,5383333333e+01, 2,8000000000e+01, 1,2000000000e+01, 1,3323333333e-01, 8,8717166667e+03
 1500462900, 5,5000000000e+01, 2,8000000000e+01, 1,2000000000e+01, 1,2076666667e-01, 8,8721233333e+03
 1500463200, 5,5000000000e+01, 2,8000000000e+01, 1,2000000000e+01, 1,1353333333e-01, 8,8734000000e+03
 1500463500, 5,6616666667e+01, 2,8000000000e+01, 1,2000000000e+01, 1,0200000000e-01, 8,8730766667e+03
 1500463800, 5,9383333333e+01, 2,8000000000e+01, 1,2000000000e+01, 9,0766666667e-02, 8,8727233333e+03
 1500464100, 5,5000000000e+01, 2,8000000000e+01, 1,2000000000e+01, 8,1566666667e-02, 8,8716833333e+03
 1500464400, 5,5000000000e+01, 2,8000000000e+01, 1,2000000000e+01, 6,8766666667e-02, 8,8729233333e+03
 1500464700, 5,5000000000e+01, 2,8000000000e+01, 1,2000000000e+01, 5,8766666667e-02, 8,8725233333e+03
 1500465000, 5,5000000000e+01, 2,8000000000e+01, 1,2000000000e+01, 5,0000000000e-02, 8,8712766667e+03
 1500465300, 5,5000000000e+01, 2,8000000000e+01, 1,2000000000e+01, 5,2000000000e-02, 8,8714766667e+03
 1500465600, 5,5616666667e+01, 2,8000000000e+01, 1,2246666667e+01, 5,5233333333e-02, 8,8730166667e+03
 1500465900, 6,0000000000e+01, 2,8000000000e+01, 1,4000000000e+01, 6,2000000000e-02, 8,8726300000e+03
 1500466200, 5,5383333333e+01, 2,8000000000e+01, 1,2153333333e+01, 3,9303333333e-01, 1,4245370000e+04
 1500466500, 1,9605000000e+02, 1,4807333333e+02, 3,0806666667e+01, 3,8808666667e+00, 2,4217863333e+04
 1500466800, 2,4738333333e+02, 1,9609333333e+02, 3,3813333333e+01, 6,4719333333e+00, 1,7203013333e+04
 1500467100, 1,8356666667e+02, 1,4303333333e+02, 2,4180000000e+01, 5,1222000000e+00, 8,8724766667e+03
 1500467400, 5,5000000000e+01, 2,8000000000e+01, 1,2000000000e+01, 3,7247666667e+00, 8,8722000000e+03
 1500467700, 5,5000000000e+01, 2,8000000000e+01, 1,2000000000e+01, 2,7039333333e+00, 8,8726466667e+03
 1500468000, 6,4233333333e+01, 3,1693333333e+01, 1,3846666667e+01, 1,9767666667e+00, 8,8727833333e+03
 1500468300, 5,7766666667e+01, 2,9106666667e+01, 1,2553333333e+01, 1,4612666667e+00, 8,8726000000e+03
 1500468600, 5,5000000000e+01, 2,8000000000e+01, 1,2000000000e+01, 1,0693000000e+00, 8,8720000000e+03
 1500468900, 5,5000000000e+01, 2,8000000000e+01, 1,2000000000e+01, 7,8316666667e-01, 8,8722766667e+03
 1500469200, 5,5000000000e+01, 2,8000000000e+01, 1,2000000000e+01, 5,8426666667e-01, 8,8735700000e+03
 1500469500, 5,5000000000e+01, 2,8000000000e+01, 1,2000000000e+01, 4,3720000000e-01, 8,8736766667e+03
 1500469800, 5,5000000000e+01, 2,8000000000e+01, 1,2000000000e+01, 3,4613333333e-01, 8,8737233333e+03
 1500470100, 5,5000000000e+01, 2,8000000000e+01, 1,2000000000e+01, 2,7136666667e-01, 8,8734766667e+03
 1500470400, 5,5000000000e+01, 2,8000000000e+01, 1,2000000000e+01, 2,1383333333e-01, 8,8745700000e+03
 1500470700, 5,5000000000e+01, 2,8000000000e+01, 1,2000000000e+01, 1,6906666667e-01, 8,8739066667e+03
 1500471000, 5,5000000000e+01, 2,8000000000e+01, 1,2000000000e+01, 1,3030000000e-01, 8,8738466667e+03
 1500471300, 5,5000000000e+01, 2,8000000000e+01, 1,2000000000e+01, 1,0230000000e-01, 8,8722300000e+03
 1500471600, 5,5000000000e+01, 2,8000000000e+01, 1,2000000000e+01, 8,8766666667e-02, 8,8730466667e+03
 1500471900, 5,5000000000e+01, 2,8000000000e+01, 1,2000000000e+01, 8,2000000000e-02, 8,8737233333e+03
 1500472200, 5,5000000000e+01, 2,8000000000e+01, 1,2000000000e+01, 6,9533333333e-02, 8,8730766667e+03
 1500472500, 5,6616666667e+01, 2,9293333333e+01, 1,2646666667e+01, 7,0466666667e-02, 8,8738000000e+03
 1500472800, 6,0000000000e+01, 3,1506666667e+01, 1,3753333333e+01, 7,2766666667e-02, 8,8742000000e+03
 1500473100, 6,0000000000e+01, 2,8000000000e+01, 1,2000000000e+01, 6,9233333333e-02, 8,8760000000e+03
 1500473400, 5,5383333333e+01, 2,8000000000e+01, 1,2000000000e+01, 9,7700000000e-02, 8,8744766667e+03
 1500473700, 5,5000000000e+01, 2,8000000000e+01, 1,2000000000e+01, 1,0553333333e-01, 8,8745233333e+03
 1500474000, 5,7616666667e+01, 2,8000000000e+01, 1,2000000000e+01, 9,9233333333e-02, 8,8730766667e+03
 1500474300, 5,8383333333e+01, 2,8000000000e+01, 1,2000000000e+01, 1,0723333333e-01, 8,8732000000e+03
 1500474600, 5,5000000000e+01, 2,8000000000e+01, 1,2000000000e+01, 1,1323333333e-01, 8,8730466667e+03
 1500474900, 5,5000000000e+01, 2,8000000000e+01, 1,2000000000e+01, 1,2000000000e-01, 8,8734000000e+03
 1500475200, 5,5000000000e+01, 2,8000000000e+01, 1,2000000000e+01, 1,1553333333e-01, 8,8736766667e+03
 1500475500, 5,5000000000e+01, 2,8000000000e+01, 1,2000000000e+01, 1,0123333333e-01, 8,8738000000e+03
 1500475800, 5,5000000000e+01, 2,8000000000e+01, 1,2000000000e+01, 9,3533333333e-02, 8,8743233333e+03
 1500476100, 5,5000000000e+01, 2,8000000000e+01, 1,2000000000e+01, 7,9533333333e-02, 8,8750766667e+03
 1500476400, 5,5000000000e+01, 2,8000000000e+01, 1,2000000000e+01, 6,6766666667e-02, 8,8740000000e+03
 1500476700, 5,5000000000e+01, 2,8000000000e+01, 1,2000000000e+01, 5,6000000000e-02, 8,8740000000e+03
 1500477000, 5,5000000000e+01, 2,8000000000e+01, 1,2000000000e+01, 6,0000000000e-02, 8,8736933333e+03
 1500477300, 5,5000000000e+01, 2,8000000000e+01, 1,2000000000e+01, 5,6000000000e-02, 8,8743533333e+03
 1500477600, 5,5000000000e+01, 2,8000000000e+01, 1,2000000000e+01, 5,4000000000e-02, 8,8773533333e+03
 1500477900, 5,5000000000e+01, 2,8000000000e+01, 1,2000000000e+01, 5,8766666667e-02, 8,8738000000e+03
 1500478200, 5,5000000000e+01, 2,8000000000e+01, 1,2000000000e+01, 5,1233333333e-02, 8,8737233333e+03
 1500478500, 5,5000000000e+01, 2,8000000000e+01, 1,2000000000e+01, 5,0766666667e-02, 8,8738000000e+03
 1500478800, 5,9616666667e+01, 2,8000000000e+01, 1,3846666667e+01, 5,6466666667e-02, 8,8747233333e+03
 1500479100, 5,6383333333e+01, 2,8000000000e+01, 1,2553333333e+01, 8,7700000000e-02, 8,8736300000e+03
 1500479400, 5,5000000000e+01, 2,8000000000e+01, 1,2000000000e+01, 1,1970000000e-01, 8,8737233333e+03
 1500479700, 5,5000000000e+01, 2,8000000000e+01, 1,2000000000e+01, 1,2276666667e-01, 8,8749233333e+03
 1500480000, 5,5000000000e+01, 2,8000000000e+01, 1,2000000000e+01, 1,2046666667e-01, 8,8730766667e+03
 1500480300, 5,5000000000e+01, 2,8000000000e+01, 1,2000000000e+01, 2,9053333333e-01, 8,8746466667e+03
 1500480600, 6,4233333333e+01, 3,1693333333e+01, 1,3846666667e+01, 5,2943333333e-01, 8,8758166667e+03
 1500480900, 7,2233333333e+01, 3,6340000000e+01, 1,8340000000e+01, 7,0296666667e-01, 8,8760300000e+03
 1500481200, 7,7616666667e+01, 3,8000000000e+01, 2,2093333333e+01, 8,5726666667e-01, 8,8751700000e+03
 1500481500, 7,8383333333e+01, 3,7353333333e+01, 2,3353333333e+01, 9,5263333333e-01, 8,8764766667e+03
 1500481800, 7,3150000000e+01, 3,5260000000e+01, 2,0766666667e+01, 9,9523333333e-01, 8,8762466667e+03
 1500482100, 6,0000000000e+01, 3,0000000000e+01, 1,2000000000e+01, 1,0032333333e+00, 8,8757533333e+03
 1500482400, 7,8466666667e+01, 3,7386666667e+01, 2,1233333333e+01, 1,0361666667e+00, 8,8760466667e+03
 1500482700, 7,6383333333e+01, 3,6553333333e+01, 2,2000000000e+01, 1,0640000000e+00, 8,8748600000e+03
 1500483000, 7,2383333333e+01, 3,6000000000e+01, 2,0953333333e+01, 1,0652333333e+00, 8,8755233333e+03
 1500483300, 6,6766666667e+01, 3,4060000000e+01, 1,8060000000e+01, 1,0635333333e+00, 8,8768000000e+03
 1500483600, 6,0000000000e+01, 3,0000000000e+01, 1,4000000000e+01, 1,0520000000e+00, 8,8765233333e+03
 1500483900, 6,0000000000e+01, 3,0000000000e+01, 1,4000000000e+01, 1,0500000000e+00, 8,8768000000e+03
 1500484200, 7,3850000000e+01, 3,5540000000e+01, 1,9540000000e+01, 1,0540000000e+00, 8,8768766667e+03
 1500484500, 6,7766666667e+01, 3,3106666667e+01, 1,5660000000e+01, 1,0500000000e+00, 8,8771233333e+03
 1500484800, 6,7616666667e+01, 3,3046666667e+01, 1,6093333333e+01, 1,0584666667e+00, 8,8780766667e+03
 1500485100, 6,8383333333e+01, 3,4000000000e+01, 1,7353333333e+01, 1,0687666667e+00, 8,8781233333e+03
 1500485400, 6,5000000000e+01, 3,3753333333e+01, 1,5506666667e+01, 1,0612333333e+00, 8,8776000000e+03
 1500485700, 6,5000000000e+01, 3,2000000000e+01, 1,2000000000e+01, 1,0700000000e+00, 8,8786000000e+03
 1500486000, 6,5000000000e+01, 3,2000000000e+01, 1,5693333333e+01, 1,0567666667e+00, 8,8769533333e+03
 1500486300, 6,1383333333e+01, 3,0553333333e+01, 1,3106666667e+01, 1,0507666667e+00, 8,8763233333e+03
 1500486600, 6,5233333333e+01, 3,2093333333e+01, 1,5140000000e+01, 1,0612333333e+00, 8,8770000000e+03
 1500486900, 6,8383333333e+01, 3,3353333333e+01, 1,7353333333e+01, 1,0672333333e+00, 8,8766000000e+03
 1500487200, 6,4383333333e+01, 3,1753333333e+01, 1,5753333333e+01, 1,0917000000e+00, 8,8793700000e+03
 1500487500, 6,0000000000e+01, 3,0000000000e+01, 1,4000000000e+01, 1,1000000000e+00, 8,8794766667e+03
 1500487800, 6,4616666667e+01, 3,1846666667e+01, 1,7693333333e+01, 1,1104666667e+00, 8,8798466667e+03
 1500488100, 6,8616666667e+01, 3,4893333333e+01, 1,6553333333e+01, 1,1172333333e+00, 8,8787066667e+03
 1500488400, 7,0000000000e+01, 3,6000000000e+01, 1,7046666667e+01, 1,1352333333e+00, 8,8788466667e+03
 1500488700, 7,0000000000e+01, 3,6000000000e+01, 1,8000000000e+01, 1,1320000000e+00, 8,8787233333e+03
 1500489000, 7,0616666667e+01, 3,6246666667e+01, 1,8493333333e+01, 1,1452333333e+00, 8,8786766667e+03
 1500489300, 7,5000000000e+01, 3,8000000000e+01, 2,2000000000e+01, 1,1343000000e+00, 8,8778766667e+03
 1500489600, 7,9616666667e+01, 3,9846666667e+01, 2,3846666667e+01, 1,1324666667e+00, 8,8792466667e+03
 1500489900, 8,3616666667e+01, 4,1446666667e+01, 2,4000000000e+01, 1,1460000000e+00, 8,8790000000e+03
 1500490200, 7,1916666667e+01, 3,4673333333e+01, 1,7720000000e+01, 1,0211666667e+00, 8,8711666667e+03
 1500490500, 5,8383333333e+01, 2,8000000000e+01, 1,2000000000e+01, 7,6363333333e-01, 8,8700000000e+03
 1500490800, 5,5616666667e+01, 2,8000000000e+01, 1,2000000000e+01, 5,7103333333e-01, 8,8706466667e+03
 1500491100, 6,0000000000e+01, 2,8000000000e+01, 1,2000000000e+01, 4,3243333333e-01, 8,8712766667e+03
 1500491400, 6,0000000000e+01, 2,8000000000e+01, 1,2000000000e+01, 3,4736666667e-01, 8,8706766667e+03
 1500491700, 5,6383333333e+01, 2,8000000000e+01, 1,2000000000e+01, 2,6813333333e-01, 8,8688000000e+03
 1500492000, 6,5466666667e+01, 3,2186666667e+01, 1,7233333333e+01, 2,0706666667e-01, 8,8703233333e+03
 1500492300, 6,8533333333e+01, 3,3413333333e+01, 1,8766666667e+01, 1,6506666667e-01, 8,8702000000e+03
 1500492600, 5,5616666667e+01, 2,8000000000e+01, 1,2493333333e+01, 1,3676666667e-01, 8,8698000000e+03
 1500492900, 6,0000000000e+01, 2,8000000000e+01, 1,6000000000e+01, 1,2876666667e-01, 8,8695233333e+03
 1500493200, 5,5383333333e+01, 2,8000000000e+01, 1,2306666667e+01, 1,2923333333e-01, 8,8700766667e+03
 1500493500, 5,5000000000e+01, 2,8000000000e+01, 1,2000000000e+01, 1,3153333333e-01, 8,8702000000e+03
 1500493800, 5,5000000000e+01, 2,8000000000e+01, 1,2000000000e+01, 1,3323333333e-01, 8,8697700000e+03
 1500494100, 5,5000000000e+01, 2,8000000000e+01, 1,2000000000e+01, 1,3200000000e-01, 8,8702300000e+03
 1500494400, 5,5000000000e+01, 2,8000000000e+01, 1,2000000000e+01, 1,2076666667e-01, 8,8698466667e+03
 1500494700, 5,5000000000e+01, 2,8000000000e+01, 1,2000000000e+01, 1,1076666667e-01, 8,8694300000e+03
 1500495000, 5,5000000000e+01, 2,8000000000e+01, 1,2000000000e+01, 1,0476666667e-01, 8,8726466667e+03
 1500495300, 6,9466666667e+01, 3,3786666667e+01, 1,7786666667e+01, 1,0523333333e-01, 8,8711233333e+03
 1500495600, 6,7150000000e+01, 3,3906666667e+01, 1,6860000000e+01, 9,4300000000e-02, 8,8709233333e+03
 1500495900, 5,8383333333e+01, 3,0706666667e+01, 1,3353333333e+01, 7,6766666667e-02, 8,8712000000e+03
 1500496200, 5,5000000000e+01, 2,8000000000e+01, 1,2000000000e+01, 6,2766666667e-02, 8,8705233333e+03
 1500496500, 5,5000000000e+01, 2,8000000000e+01, 1,2000000000e+01, 5,6766666667e-02, 8,8703700000e+03
 1500496800, 5,5000000000e+01, 2,8000000000e+01, 1,2000000000e+01, 5,0000000000e-02, 8,8731533333e+03
 1500497100, 6,2233333333e+01, 3,0893333333e+01, 1,4893333333e+01, 5,0000000000e-02, 8,8704766667e+03
 1500497400, 5,9766666667e+01, 2,9906666667e+01, 1,3906666667e+01, 5,3233333333e-02, 8,8697066667e+03
 1500497700, 5,5000000000e+01, 2,8000000000e+01, 1,2000000000e+01, 5,2766666667e-02, 8,8693533333e+03
 1500498000, 5,5000000000e+01, 2,8000000000e+01, 1,2000000000e+01, 5,2000000000e-02, 8,8687233333e+03
 1500498300, 5,5000000000e+01, 2,8000000000e+01, 1,2000000000e+01, 5,0000000000e-02, 8,8721233333e+03
 1500498600, 5,9616666667e+01, 2,8000000000e+01, 1,2000000000e+01, 5,2000000000e-02, 8,8704766667e+03
 1500498900, 5,6383333333e+01, 2,8000000000e+01, 1,2000000000e+01, 5,0000000000e-02, 8,8698766667e+03
 1500499200, 5,5000000000e+01, 2,8000000000e+01, 1,2000000000e+01, 5,2000000000e-02, 8,8705700000e+03
 1500499500, 5,5000000000e+01, 2,8000000000e+01, 1,2000000000e+01, 5,3233333333e-02, 8,8716000000e+03
 1500499800, 5,5000000000e+01, 2,8000000000e+01, 1,2000000000e+01, 5,2766666667e-02, 8,8710000000e+03
 1500500100, 5,5000000000e+01, 2,8000000000e+01, 1,2000000000e+01, 5,0000000000e-02, 8,8714000000e+03
 1500500400, 5,5000000000e+01, 2,8000000000e+01, 1,2000000000e+01, 5,0000000000e-02, 8,8718766667e+03
 1500500700, 5,5000000000e+01, 2,8000000000e+01, 1,2000000000e+01, 5,0000000000e-02, 8,8698000000e+03
 1500501000, 5,7616666667e+01, 2,8000000000e+01, 1,3046666667e+01, 5,3233333333e-02, 8,8712000000e+03
 1500501300, 6,0000000000e+01, 2,9293333333e+01, 1,4000000000e+01, 5,2766666667e-02, 8,8702766667e+03
 1500501600, 6,0000000000e+01, 3,1753333333e+01, 1,4000000000e+01, 5,0000000000e-02, 8,8703233333e+03
 1500501900, 6,0000000000e+01, 3,0000000000e+01, 1,4000000000e+01, 5,0000000000e-02, 8,8712000000e+03
 1500502200, 5,5383333333e+01, 2,8153333333e+01, 1,2153333333e+01, 5,4000000000e-02, 8,8704000000e+03
 1500502500, 5,5000000000e+01, 2,8000000000e+01, 1,2000000000e+01, 5,0000000000e-02, 8,8716000000e+03
 1500502800, 5,7616666667e+01, 2,8000000000e+01, 1,2000000000e+01, 5,0000000000e-02, 8,8710466667e+03
 1500503100, 5,8383333333e+01, 2,8000000000e+01, 1,2000000000e+01, 5,0000000000e-02, 8,8724766667e+03
 1500503400, 5,5000000000e+01, 2,8000000000e+01, 1,2000000000e+01, 5,0000000000e-02, 8,8712000000e+03
 1500503700, 5,5000000000e+01, 2,8000000000e+01, 1,2000000000e+01, 5,0000000000e-02, 8,8703533333e+03
 1500504000, 5,5000000000e+01, 2,8000000000e+01, 1,2000000000e+01, 5,5233333333e-02, 8,8709233333e+03
 1500504300, 5,5000000000e+01, 2,8000000000e+01, 1,2000000000e+01, 5,8766666667e-02, 8,8716466667e+03
 1500504600, 5,5000000000e+01, 2,8000000000e+01, 1,2000000000e+01, 5,0000000000e-02, 8,8713533333e+03
 1500504900, 5,5000000000e+01, 2,8000000000e+01, 1,2000000000e+01, 5,0000000000e-02, 8,8704766667e+03
 1500505200, 5,5616666667e+01, 2,8000000000e+01, 1,2000000000e+01, 5,0000000000e-02, 8,8706466667e+03
 1500505500, 6,0000000000e+01, 2,8000000000e+01, 1,2000000000e+01, 5,7233333333e-02, 8,8710000000e+03
 1500505800, 5,5383333333e+01, 2,8000000000e+01, 1,2000000000e+01, 6,8466666667e-02, 8,8709533333e+03
 1500506100, 5,5000000000e+01, 2,8000000000e+01, 1,2000000000e+01, 7,1533333333e-02, 8,8713233333e+03
 1500506400, 5,5000000000e+01, 2,8000000000e+01, 1,2000000000e+01, 6,4000000000e-02, 8,8708000000e+03
 1500506700, 5,5000000000e+01, 2,8000000000e+01, 1,2000000000e+01, 5,2766666667e-02, 8,8705233333e+03
 1500507000, 5,5616666667e+01, 2,8246666667e+01, 1,2000000000e+01, 5,0000000000e-02, 8,8710000000e+03
 1500507300, 6,0000000000e+01, 3,0000000000e+01, 1,2000000000e+01, 5,0000000000e-02, 8,8710000000e+03
 1500507600, 6,0000000000e+01, 3,1846666667e+01, 1,2000000000e+01, 5,0000000000e-02, 8,8712766667e+03
 1500507900, 6,0000000000e+01, 3,0553333333e+01, 1,2000000000e+01, 5,0000000000e-02, 8,8702000000e+03
 1500508200, 5,7383333333e+01, 2,8953333333e+01, 1,2000000000e+01, 5,0000000000e-02, 8,8709233333e+03
 1500508500, 5,5000000000e+01, 2,8000000000e+01, 1,2000000000e+01, 5,3233333333e-02, 8,8721233333e+03
 1500508800, 5,6233333333e+01, 2,8493333333e+01, 1,2246666667e+01, 5,0766666667e-02, 8,8724000000e+03
 1500509100, 6,5000000000e+01, 3,2000000000e+01, 1,4000000000e+01, 5,0000000000e-02, 8,8715233333e+03
 1500509400, 5,5766666667e+01, 2,8306666667e+01, 1,2153333333e+01, 5,0000000000e-02, 8,8720000000e+03
 1500509700, 5,5000000000e+01, 2,8000000000e+01, 1,2000000000e+01, 5,0000000000e-02, 8,8722000000e+03
 1500510000, 5,7616666667e+01, 2,8000000000e+01, 1,2000000000e+01, 5,0000000000e-02, 8,8729233333e+03
 1500510300, 6,0000000000e+01, 2,8000000000e+01, 1,2000000000e+01, 5,9233333333e-02, 8,8722466667e+03
 1500510600, 5,9383333333e+01, 2,8000000000e+01, 1,2000000000e+01, 5,0766666667e-02, 8,8732766667e+03
 1500510900, 5,5000000000e+01, 2,8000000000e+01, 1,2000000000e+01, 5,0000000000e-02, 8,8728000000e+03
 1500511200, 5,5000000000e+01, 2,8000000000e+01, 1,2000000000e+01, 5,0000000000e-02, 8,8735233333e+03
 1500511500, 5,5000000000e+01, 2,8000000000e+01, 1,2000000000e+01, 5,0000000000e-02, 8,8726000000e+03
 1500511800, 5,5000000000e+01, 2,8000000000e+01, 1,2000000000e+01, 5,0000000000e-02, 8,8729233333e+03
 1500512100, 5,5000000000e+01, 2,8000000000e+01, 1,2000000000e+01, 5,0000000000e-02, 8,8718600000e+03
 1500512400, 5,5000000000e+01, 2,8000000000e+01, 1,2000000000e+01, 5,0000000000e-02, 8,8709233333e+03
 1500512700, 5,5000000000e+01, 2,8000000000e+01, 1,2000000000e+01, 5,0000000000e-02, 8,8722766667e+03
 1500513000, 5,5000000000e+01, 2,8000000000e+01, 1,2000000000e+01, 5,5233333333e-02, 8,8717533333e+03
 1500513300, 6,2233333333e+01, 3,0893333333e+01, 1,3446666667e+01, 5,4000000000e-02, 8,8712466667e+03
 1500513600, 5,9766666667e+01, 2,9906666667e+01, 1,2953333333e+01, 5,2766666667e-02, 8,8716766667e+03
 1500513900, 5,5000000000e+01, 2,8000000000e+01, 1,2000000000e+01, 5,1233333333e-02, 8,8716000000e+03
 1500514200, 5,5000000000e+01, 2,8000000000e+01, 1,2000000000e+01, 5,0766666667e-02, 8,8715400000e+03
 1500514500, 5,5000000000e+01, 2,8000000000e+01, 1,2000000000e+01, 5,0000000000e-02, 8,8726600000e+03
 1500514800, 5,5000000000e+01, 2,8000000000e+01, 1,2000000000e+01, 5,2000000000e-02, 8,8726466667e+03
 1500515100, 5,5000000000e+01, 2,8000000000e+01, 1,2000000000e+01, 5,0000000000e-02, 8,8734766667e+03
 1500515400, 5,7616666667e+01, 2,8000000000e+01, 1,2000000000e+01, 5,0000000000e-02, 8,8712766667e+03
 1500515700, 5,8383333333e+01, 2,8000000000e+01, 1,2000000000e+01, 5,0000000000e-02, 8,8713233333e+03
 1500516000, 5,5000000000e+01, 2,8000000000e+01, 1,2000000000e+01, 5,0000000000e-02, 8,8712000000e+03
 1500516300, 5,5000000000e+01, 2,8000000000e+01, 1,2000000000e+01, 5,0000000000e-02, 8,8720000000e+03
 1500516600, 5,5000000000e+01, 2,8000000000e+01, 1,2000000000e+01, 5,0000000000e-02, 8,8724000000e+03
 1500516900, 5,5000000000e+01, 2,8000000000e+01, 1,2000000000e+01, 5,0000000000e-02, 8,8723233333e+03
 1500517200, 5,5000000000e+01, 2,8000000000e+01, 1,2000000000e+01, 5,0000000000e-02, 8,8731233333e+03
 1500517500, 5,5000000000e+01, 2,8000000000e+01, 1,2000000000e+01, 5,0000000000e-02, 8,8732766667e+03
 1500517800, 5,5000000000e+01, 2,8000000000e+01, 1,2000000000e+01, 5,2000000000e-02, 8,8736466667e+03
 1500518100, 5,5000000000e+01, 2,8000000000e+01, 1,2000000000e+01, 5,0000000000e-02, 8,8723533333e+03
 1500518400, 5,5000000000e+01, 2,8000000000e+01, 1,2000000000e+01, 5,4000000000e-02, 8,8721233333e+03
 1500518700, 5,5000000000e+01, 2,8000000000e+01, 1,2000000000e+01, 5,3233333333e-02, 8,8724000000e+03
 1500519000, 5,7616666667e+01, 3,0093333333e+01, 1,2000000000e+01, 5,2000000000e-02, 8,8730000000e+03
 1500519300, 5,8383333333e+01, 3,0706666667e+01, 1,2000000000e+01, 5,2766666667e-02, 8,8736000000e+03
 1500519600, 5,5000000000e+01, 2,8000000000e+01, 1,2000000000e+01, 5,5233333333e-02, 8,8735233333e+03
 1500519900, 5,5000000000e+01, 2,8000000000e+01, 1,2000000000e+01, 5,8766666667e-02, 8,8740766667e+03
 1500520200, 5,5000000000e+01, 2,8000000000e+01, 1,2000000000e+01, 5,0000000000e-02, 8,8740000000e+03
 1500520500, 5,8616666667e+01, 2,8000000000e+01, 1,2000000000e+01, 5,0000000000e-02, 8,8740000000e+03
 1500520800, 5,7383333333e+01, 2,8000000000e+01, 1,2000000000e+01, 5,0000000000e-02, 8,8741233333e+03
 1500521100, 5,5000000000e+01, 2,8000000000e+01, 1,2000000000e+01, 5,0000000000e-02, 8,8728300000e+03
 1500521400, 5,5000000000e+01, 2,8000000000e+01, 1,2000000000e+01, 5,0000000000e-02, 8,8720466667e+03
 1500521700, 5,5000000000e+01, 2,8000000000e+01, 1,2000000000e+01, 5,0000000000e-02, 8,8735233333e+03
 1500522000, 5,5000000000e+01, 2,8000000000e+01, 1,2000000000e+01, 5,0000000000e-02, 8,8744633333e+03
 1500522300, 5,5000000000e+01, 2,8000000000e+01, 1,2000000000e+01, 5,3233333333e-02, 8,8744600000e+03
 1500522600, 5,5000000000e+01, 2,8000000000e+01, 1,2000000000e+01, 5,2766666667e-02, 8,8729533333e+03
 1500522900, 5,5000000000e+01, 2,8000000000e+01, 1,2000000000e+01, 5,0000000000e-02, 8,8728000000e+03
 1500523200, 5,5616666667e+01, 2,8000000000e+01, 1,2000000000e+01, 5,0000000000e-02, 8,8737700000e+03
 1500523500, 6,0000000000e+01, 2,8000000000e+01, 1,2000000000e+01, 5,0000000000e-02, 8,8746766667e+03
 1500523800, 6,0000000000e+01, 2,8000000000e+01, 1,2000000000e+01, 5,6000000000e-02, 8,8778466667e+03
 1500524100, 5,6383333333e+01, 2,8000000000e+01, 1,2000000000e+01, 5,2000000000e-02, 8,8740300000e+03
 1500524400, 5,7616666667e+01, 3,0093333333e+01, 1,2000000000e+01, 5,0000000000e-02, 8,8731233333e+03
 1500524700, 6,0000000000e+01, 3,2000000000e+01, 1,2000000000e+01, 5,0000000000e-02, 8,8736000000e+03
 1500525000, 5,9383333333e+01, 3,1506666667e+01, 1,2000000000e+01, 5,2000000000e-02, 8,8743233333e+03
 1500525300, 5,5000000000e+01, 2,8000000000e+01, 1,2000000000e+01, 5,0000000000e-02, 8,8744000000e+03
 1500525600, 5,5000000000e+01, 2,8000000000e+01, 1,2000000000e+01, 5,2000000000e-02, 8,8746466667e+03
 1500525900, 5,5000000000e+01, 2,8000000000e+01, 1,2000000000e+01, 5,0000000000e-02, 8,8742766667e+03
 1500526200, 5,5000000000e+01, 2,8000000000e+01, 1,2000000000e+01, 5,0000000000e-02, 8,8742000000e+03
 1500526500, 5,5000000000e+01, 2,8000000000e+01, 1,2000000000e+01, 5,0000000000e-02, 8,8743233333e+03
 1500526800, 5,5000000000e+01, 2,8000000000e+01, 1,2000000000e+01, 5,2000000000e-02, 8,8733066667e+03
 1500527100, 5,5000000000e+01, 2,8000000000e+01, 1,2000000000e+01, 5,2000000000e-02, 8,8740000000e+03
 1500527400, 5,5000000000e+01, 2,8000000000e+01, 1,2000000000e+01, 5,0000000000e-02, 8,8738000000e+03
 1500527700, 5,5000000000e+01, 2,8000000000e+01, 1,2000000000e+01, 5,0000000000e-02, 8,8736766667e+03
 1500528000, 5,5000000000e+01, 2,8000000000e+01, 1,2000000000e+01, 5,0000000000e-02, 8,8742000000e+03
 1500528300, 5,6616666667e+01, 2,8000000000e+01, 1,2000000000e+01, 5,0000000000e-02, 8,8740000000e+03
 1500528600, 5,9383333333e+01, 2,8000000000e+01, 1,2000000000e+01, 5,2000000000e-02, 8,8750466667e+03
 1500528900, 5,5000000000e+01, 2,8000000000e+01, 1,2000000000e+01, 5,4000000000e-02, 8,8748766667e+03
 1500529200, 5,5000000000e+01, 2,8000000000e+01, 1,2000000000e+01, 5,1233333333e-02, 8,8748000000e+03
 1500529500, 5,5000000000e+01, 2,8000000000e+01, 1,2000000000e+01, 6,0766666667e-02, 8,8744766667e+03
 1500529800, 5,5000000000e+01, 2,8000000000e+01, 1,2000000000e+01, 5,0000000000e-02, 8,8750766667e+03
 1500530100, 5,6616666667e+01, 2,8000000000e+01, 1,2000000000e+01, 5,0000000000e-02, 8,8727233333e+03
 1500530400, 6,0616666667e+01, 2,8493333333e+01, 1,2246666667e+01, 5,2000000000e-02, 8,8757700000e+03
 1500530700, 6,5000000000e+01, 3,2000000000e+01, 1,4000000000e+01, 5,4000000000e-02, 8,8748300000e+03
 1500531000, 6,0383333333e+01, 2,8306666667e+01, 1,2153333333e+01, 5,2133333333e-02, 8,8752833333e+03
 1500531300, 5,6383333333e+01, 2,8000000000e+01, 1,2000000000e+01, 5,2000000000e-02, 8,8757233333e+03
 1500531600, 5,5000000000e+01, 2,8000000000e+01, 1,2000000000e+01, 5,0000000000e-02, 8,8752766667e+03
 1500531900, 5,6616666667e+01, 2,8000000000e+01, 1,2000000000e+01, 5,2000000000e-02, 8,8754466667e+03
 1500532200, 6,0000000000e+01, 2,8000000000e+01, 1,2000000000e+01, 5,0000000000e-02, 8,8762000000e+03
 1500532500, 6,0000000000e+01, 2,8000000000e+01, 1,2000000000e+01, 5,3233333333e-02, 8,8755533333e+03
 1500532800, 5,5383333333e+01, 2,8000000000e+01, 1,2000000000e+01, 5,8000000000e-02, 8,8753233333e+03
 1500533100, 5,8616666667e+01, 2,8000000000e+01, 1,2000000000e+01, 5,0766666667e-02, 8,8746766667e+03
 1500533400, 5,7383333333e+01, 2,8000000000e+01, 1,2000000000e+01, 5,0000000000e-02, 8,8749233333e+03
 1500533700, 5,6616666667e+01, 2,8000000000e+01, 1,2000000000e+01, 5,0000000000e-02, 8,8750000000e+03
 1500534000, 5,9383333333e+01, 2,8000000000e+01, 1,2000000000e+01, 5,0000000000e-02, 8,8748000000e+03
 1500534300, 5,5000000000e+01, 2,8000000000e+01, 1,2000000000e+01, 5,0000000000e-02, 8,8756766667e+03
 1500534600, 5,9616666667e+01, 2,8000000000e+01, 1,2000000000e+01, 5,0000000000e-02, 8,8752000000e+03
 1500534900, 5,6383333333e+01, 2,8000000000e+01, 1,2000000000e+01, 5,0000000000e-02, 8,8790466667e+03
 1500535200, 5,5000000000e+01, 2,8000000000e+01, 1,2000000000e+01, 5,3233333333e-02, 8,8760000000e+03
 1500535500, 5,6616666667e+01, 2,8000000000e+01, 1,2000000000e+01, 5,2766666667e-02, 8,8756300000e+03
 1500535800, 6,0616666667e+01, 2,8493333333e+01, 1,2246666667e+01, 5,2000000000e-02, 8,8744466667e+03
 1500536100, 6,5000000000e+01, 3,2000000000e+01, 1,4000000000e+01, 5,2000000000e-02, 8,8752766667e+03
 1500536400, 6,0383333333e+01, 2,8306666667e+01, 1,2153333333e+01, 5,0000000000e-02, 8,8755233333e+03
 1500536700, 5,6383333333e+01, 2,8000000000e+01, 1,2000000000e+01, 5,0000000000e-02, 8,8753233333e+03
 1500537000, 5,5000000000e+01, 2,8000000000e+01, 1,2000000000e+01, 5,4000000000e-02, 8,8760000000e+03
 1500537300, 5,6616666667e+01, 2,8000000000e+01, 1,2000000000e+01, 5,0000000000e-02, 8,8756000000e+03
 1500537600, 6,0000000000e+01, 2,8000000000e+01, 1,2000000000e+01, 5,0000000000e-02, 8,8758000000e+03
 1500537900, 6,0000000000e+01, 2,8000000000e+01, 1,2000000000e+01, 5,1233333333e-02, 8,8765233333e+03
 1500538200, 5,5383333333e+01, 2,8000000000e+01, 1,2000000000e+01, 6,6000000000e-02, 8,8770766667e+03
 1500538500, 5,5000000000e+01, 2,8000000000e+01, 1,2000000000e+01, 6,4466666667e-02, 8,8774000000e+03
 1500538800, 5,7616666667e+01, 2,8000000000e+01, 1,2000000000e+01, 7,6766666667e-02, 8,8767400000e+03
 1500539100, 6,0000000000e+01, 2,8000000000e+01, 1,2000000000e+01, 6,4000000000e-02, 8,8768300000e+03
 1500539400, 6,0000000000e+01, 2,8000000000e+01, 1,2000000000e+01, 5,9533333333e-02, 8,8764766667e+03
 1500539700, 6,0000000000e+01, 2,8000000000e+01, 1,2000000000e+01, 6,5233333333e-02, 8,8770466667e+03
 1500540000, 6,0000000000e+01, 2,8000000000e+01, 1,2000000000e+01, 5,2766666667e-02, 8,8774000000e+03
 1500540300, 6,0000000000e+01, 2,8000000000e+01, 1,2000000000e+01, 5,0000000000e-02, 8,8782000000e+03
 1500540600, 6,0000000000e+01, 2,8000000000e+01, 1,2000000000e+01, 5,0000000000e-02, 8,8776466667e+03
 1500540900, 5,8383333333e+01, 2,8000000000e+01, 1,2000000000e+01, 5,0000000000e-02, 8,8778766667e+03
 1500541200, 5,5000000000e+01, 2,8000000000e+01, 1,2000000000e+01, 5,7233333333e-02, 8,8786466667e+03
 1500541500, 5,5000000000e+01, 2,8000000000e+01, 1,2000000000e+01, 7,1233333333e-02, 8,8794100000e+03
 1500541800, 6,4233333333e+01, 3,1693333333e+01, 1,3846666667e+01, 7,4000000000e-02, 8,8772766667e+03
 1500542100, 6,5000000000e+01, 3,2000000000e+01, 1,4000000000e+01, 7,7233333333e-02, 8,8776000000e+03
 1500542400, 5,9766666667e+01, 2,9906666667e+01, 1,2953333333e+01, 7,3533333333e-02, 8,8780766667e+03
 1500542700, 5,5000000000e+01, 2,8000000000e+01, 1,2000000000e+01, 5,6000000000e-02, 8,8768000000e+03
 1500543000, 5,5000000000e+01, 2,8000000000e+01, 1,2000000000e+01, 6,6000000000e-02, 8,8768000000e+03
 1500543300, 5,5000000000e+01, 2,8000000000e+01, 1,2000000000e+01, 6,7233333333e-02, 8,8762766667e+03
 1500543600, 5,9616666667e+01, 3,1693333333e+01, 1,2000000000e+01, 6,6766666667e-02, 8,8772000000e+03
 1500543900, 5,6383333333e+01, 2,9106666667e+01, 1,2000000000e+01, 7,1233333333e-02, 8,8780466667e+03
 1500544200, 5,7600000000e+01, 2,8000000000e+01, 1,2000000000e+01, 7,1233333333e-02, 8,8780000000e+03
 1500544500, 5,8383333333e+01, 2,8000000000e+01, 1,2000000000e+01, 9,0000000000e-02, 8,8778766667e+03
 1500544800, 5,5000000000e+01, 2,8000000000e+01, 1,2000000000e+01, 8,4000000000e-02, 8,8764000000e+03
 1500545100, 5,5000000000e+01, 2,8000000000e+01, 1,2000000000e+01, 6,7533333333e-02, 8,8768000000e+03
 1500545400, 5,5000000000e+01, 2,8000000000e+01, 1,2000000000e+01, 7,1233333333e-02, 8,8772000000e+03
 1500545700, 5,5000000000e+01, 2,8000000000e+01, 1,2000000000e+01, 6,1533333333e-02, 8,8770466667e+03
 1500546000, 5,5000000000e+01, 2,8000000000e+01, 1,2000000000e+01, 5,8466666667e-02, 8,8784766667e+03
 1500546300, 5,5000000000e+01, 2,8000000000e+01, 1,2000000000e+01, 7,1233333333e-02, 8,8774000000e+03
 1500546600, 5,5616666667e+01, 2,8000000000e+01, 1,2000000000e+01, 7,2000000000e-02, 8,8778000000e+03
 1500546900, 6,0000000000e+01, 2,8000000000e+01, 1,2000000000e+01, 7,1533333333e-02, 8,8782766667e+03
 1500547200, 5,5383333333e+01, 2,8000000000e+01, 1,2000000000e+01, 5,6766666667e-02, 8,8771233333e+03
 1500547500, 6,2233333333e+01, 3,0893333333e+01, 1,3446666667e+01, 5,4000000000e-02, 8,8789233333e+03
 1500547800, 6,2383333333e+01, 3,2000000000e+01, 1,4000000000e+01, 5,6000000000e-02, 8,8766766667e+03
 1500548100, 5,8383333333e+01, 3,0706666667e+01, 1,3353333333e+01, 5,6000000000e-02, 8,8772000000e+03
 1500548400, 5,5000000000e+01, 2,8000000000e+01, 1,2000000000e+01, 5,0000000000e-02, 8,8768000000e+03
 1500548700, 5,5000000000e+01, 2,8000000000e+01, 1,2000000000e+01, 5,0000000000e-02, 8,8776766667e+03
 1500549000, 5,5000000000e+01, 2,8000000000e+01, 1,2000000000e+01, 5,0000000000e-02, 8,8782000000e+03
 1500549300, 5,5000000000e+01, 2,8000000000e+01, 1,2000000000e+01, 5,1233333333e-02, 8,8780466667e+03
 1500549600, 5,5000000000e+01, 2,8000000000e+01, 1,2000000000e+01, 5,4000000000e-02, 8,8784766667e+03
 1500549900, 5,5000000000e+01, 2,8000000000e+01, 1,2000000000e+01, 6,0000000000e-02, 8,8784000000e+03
 1500550200, 5,5000000000e+01, 2,8000000000e+01, 1,2000000000e+01, 5,2766666667e-02, 8,8777233333e+03
 1500550500, 5,5000000000e+01, 2,8000000000e+01, 1,2000000000e+01, 5,0000000000e-02, 8,8768666667e+03
 1500550800, 5,5000000000e+01, 2,8000000000e+01, 1,2000000000e+01, 5,0000000000e-02, 8,8775233333e+03
 1500551100, 5,5000000000e+01, 2,8000000000e+01, 1,2000000000e+01, 5,0000000000e-02, 8,8784000000e+03
 1500551400, 5,5000000000e+01, 2,8000000000e+01, 1,2000000000e+01, 5,0000000000e-02, 8,8778000000e+03
 1500551700, 5,5000000000e+01, 2,8000000000e+01, 1,2000000000e+01, 5,3233333333e-02, 8,8783300000e+03
 1500552000, 5,5616666667e+01, 2,8000000000e+01, 1,2000000000e+01, 5,2766666667e-02, 8,8788000000e+03
 1500552300, 6,0000000000e+01, 2,8000000000e+01, 1,2000000000e+01, 5,6000000000e-02, 8,8788766667e+03
 1500552600, 5,5383333333e+01, 2,8000000000e+01, 1,2000000000e+01, 5,1233333333e-02, 8,8788933333e+03
 1500552900, 5,5000000000e+01, 2,8000000000e+01, 1,2000000000e+01, 5,2766666667e-02, 8,8809533333e+03
 1500553200, 6,0233333333e+01, 3,0093333333e+01, 1,2000000000e+01, 5,0000000000e-02, 8,8802000000e+03
 1500553500, 6,3383333333e+01, 3,2000000000e+01, 1,2000000000e+01, 5,0000000000e-02, 8,8796466667e+03
 1500553800, 5,9383333333e+01, 3,1506666667e+01, 1,2000000000e+01, 5,0000000000e-02, 8,8796766667e+03
 1500554100, 5,5000000000e+01, 2,8000000000e+01, 1,2000000000e+01, 5,0000000000e-02, 8,8785533333e+03
 1500554400, 5,5000000000e+01, 2,8000000000e+01, 1,2000000000e+01, 5,0000000000e-02, 8,8790466667e+03
 1500554700, 5,8616666667e+01, 2,8000000000e+01, 1,2000000000e+01, 5,1233333333e-02, 8,8788000000e+03
 1500555000, 6,0000000000e+01, 2,8000000000e+01, 1,2000000000e+01, 5,0766666667e-02, 8,8795233333e+03
 1500555300, 5,8383333333e+01, 2,8000000000e+01, 1,2000000000e+01, 5,0000000000e-02, 8,8797233333e+03
 1500555600, 5,5616666667e+01, 2,8000000000e+01, 1,2000000000e+01, 5,0000000000e-02, 8,8801700000e+03
 1500555900, 6,0000000000e+01, 2,8000000000e+01, 1,2000000000e+01, 5,0000000000e-02, 8,8812766667e+03
 1500556200, 6,4616666667e+01, 3,1693333333e+01, 1,3846666667e+01, 5,0000000000e-02, 8,8808600000e+03
 1500556500, 6,1383333333e+01, 2,9106666667e+01, 1,2553333333e+01, 5,2000000000e-02, 8,8792000000e+03
 1500556800, 5,7383333333e+01, 2,8000000000e+01, 1,2000000000e+01, 5,1233333333e-02, 8,8790000000e+03
 1500557100, 5,6616666667e+01, 2,8000000000e+01, 1,2000000000e+01, 6,0766666667e-02, 8,8794000000e+03
 1500557400, 6,0000000000e+01, 2,8000000000e+01, 1,2000000000e+01, 6,4466666667e-02, 8,8795233333e+03
 1500557700, 6,0000000000e+01, 2,8000000000e+01, 1,2000000000e+01, 5,5533333333e-02, 8,8798000000e+03
 1500558000, 5,5383333333e+01, 2,8000000000e+01, 1,2000000000e+01, 5,0000000000e-02, 8,8802766667e+03
 1500558300, 5,8616666667e+01, 2,8000000000e+01, 1,2000000000e+01, 5,1233333333e-02, 8,8798000000e+03
 1500558600, 5,7383333333e+01, 2,8000000000e+01, 1,2000000000e+01, 5,4766666667e-02, 8,8806000000e+03
 1500558900, 5,6616666667e+01, 2,9293333333e+01, 1,2000000000e+01, 5,3233333333e-02, 8,8796766667e+03
 1500559200, 6,0000000000e+01, 3,2000000000e+01, 1,2000000000e+01, 5,0766666667e-02, 8,8796466667e+03
 1500559500, 6,0000000000e+01, 3,2000000000e+01, 1,2000000000e+01, 5,4000000000e-02, 8,8794766667e+03
 1500559800, 5,5383333333e+01, 2,8306666667e+01, 1,2000000000e+01, 5,0000000000e-02, 8,8790000000e+03
 1500560100, 5,5000000000e+01, 2,8000000000e+01, 1,2000000000e+01, 5,0000000000e-02, 8,8796766667e+03
 1500560400, 5,7616666667e+01, 2,8000000000e+01, 1,2000000000e+01, 5,0000000000e-02, 8,8797233333e+03
 1500560700, 6,0000000000e+01, 2,8000000000e+01, 1,2000000000e+01, 5,0000000000e-02, 8,8794000000e+03
 1500561000, 5,9383333333e+01, 2,8000000000e+01, 1,2000000000e+01, 5,0000000000e-02, 8,8808000000e+03
 1500561300, 5,5000000000e+01, 2,8000000000e+01, 1,2000000000e+01, 5,0000000000e-02, 8,8806000000e+03
 1500561600, 5,9616666667e+01, 2,8000000000e+01, 1,2000000000e+01, 5,5233333333e-02, 8,8805233333e+03
 1500561900, 5,6383333333e+01, 2,8000000000e+01, 1,2000000000e+01, 6,8000000000e-02, 8,8806000000e+03
 1500562200, 5,5000000000e+01, 2,8000000000e+01, 1,2000000000e+01, 6,4000000000e-02, 8,8823233333e+03
 1500562500, 5,5000000000e+01, 2,8000000000e+01, 1,2000000000e+01, 8,8800000000e-02, 9,7510500000e+03
 1500562800, 6,0550000000e+01, 3,1453333333e+01, 1,3480000000e+01, 3,1683333333e-01, 1,4812810000e+04
 1500563100, 1,0000000000e+02, 5,6000000000e+01, 2,4000000000e+01, 3,0603333333e+00, 1,5244366667e+04
 1500563400, 1,7386666667e+02, 1,2063333333e+02, 3,3233333333e+01, 4,6759333333e+00, 1,5182140000e+04
 1500563700, 1,4383333333e+02, 9,5620000000e+01, 2,9660000000e+01, 4,2736000000e+00, 1,5171446667e+04
 1500564000, 1,2476666667e+02, 7,9813333333e+01, 2,6953333333e+01, 3,7664333333e+00, 1,5219640000e+04
 1500564300, 1,1353333333e+02, 6,9533333333e+01, 2,5353333333e+01, 3,1216666667e+00, 1,4189306667e+04
 1500564600, 1,0740000000e+02, 6,2660000000e+01, 2,4986666667e+01, 5,2812666667e+00, 1,4433226667e+04
 1500564900, 1,6000000000e+02, 1,1000000000e+02, 3,2000000000e+01, 5,4190333333e+00, 1,4348153333e+04
 1500565200, 1,2768333333e+02, 8,2300000000e+01, 2,8306666667e+01, 4,7661666667e+00, 1,4348123333e+04
 1500565500, 1,2861666667e+02, 8,0000000000e+01, 2,8000000000e+01, 4,1441000000e+00, 1,2877356667e+04
 1500565800, 9,3366666667e+01, 5,3833333333e+01, 1,9626666667e+01, 3,3212000000e+00, 1,4508210000e+04
 1500566100, 7,1316666667e+01, 3,8406666667e+01, 1,5880000000e+01, 2,6986333333e+00, 1,4756753333e+04
 1500566400, 1,1165000000e+02, 7,0553333333e+01, 2,5480000000e+01, 4,8247666667e+00, 1,5295570000e+04
 1500566700, 2,3000000000e+02, 1,7400000000e+02, 3,6000000000e+01, 6,7096333333e+00, 1,5237563333e+04
 1500567000, 1,3766666667e+02, 9,0900000000e+01, 2,8613333333e+01, 6,0690666667e+00, 1,5217323333e+04
 1500567300, 1,3000000000e+02, 8,4000000000e+01, 2,8000000000e+01, 5,4698333333e+00, 1,5174070000e+04
 1500567600, 1,1430000000e+02, 6,9346666667e+01, 2,5906666667e+01, 4,6656333333e+00, 1,3629193333e+04
 1500567900, 9,3533333333e+01, 5,0826666667e+01, 2,2706666667e+01, 4,3446333333e+00, 1,4148053333e+04
 1500568200, 8,7400000000e+01, 4,6166666667e+01, 2,1233333333e+01, 6,8914333333e+00, 1,4451396667e+04
 1500568500, 1,4000000000e+02, 9,0000000000e+01, 3,0000000000e+01, 6,5193333333e+00, 1,4397736667e+04
 1500568800, 1,3076666667e+02, 8,0766666667e+01, 2,8153333333e+01, 5,8346000000e+00, 1,4373740000e+04
 1500569100, 1,2276666667e+02, 7,5660000000e+01, 2,6553333333e+01, 5,0514666667e+00, 1,3912966667e+04
 1500569400, 1,0430000000e+02, 6,2486666667e+01, 2,2860000000e+01, 4,2304333333e+00, 1,3965676667e+04
 1500569700, 1,4011666667e+02, 9,5973333333e+01, 2,5820000000e+01, 5,8300666667e+00, 1,4500146667e+04
 1500570000, 2,3081666667e+02, 1,7517333333e+02, 3,6766666667e+01, 6,8332000000e+00, 1,4441743333e+04
 1500570300, 1,3000000000e+02, 8,4000000000e+01, 2,8000000000e+01, 6,0886000000e+00, 1,4435400000e+04
 1500570600, 1,3000000000e+02, 8,4000000000e+01, 2,8000000000e+01, 5,4133333333e+00, 1,4407603333e+04
 1500570900, 1,0830000000e+02, 6,3746666667e+01, 2,5106666667e+01, 4,5578000000e+00, 1,4007323333e+04
 1500571200, 9,7383333333e+01, 5,6000000000e+01, 2,4000000000e+01, 4,3456333333e+00, 1,4149513333e+04
 1500571500, 1,1116666667e+02, 6,8933333333e+01, 2,5940000000e+01, 6,8756666667e+00, 1,4450903333e+04
 1500571800, 1,4315000000e+02, 9,4273333333e+01, 2,9753333333e+01, 6,4767333333e+00, 1,4396000000e+04
 1500572100, 1,3000000000e+02, 8,2000000000e+01, 2,8000000000e+01, 5,8277000000e+00, 1,4394106667e+04
 1500572400, 1,2076666667e+02, 7,6460000000e+01, 2,6153333333e+01, 5,1057666667e+00, 1,3650336667e+04
 1500572700, 1,0553333333e+02, 6,1533333333e+01, 2,4553333333e+01, 4,3008000000e+00, 1,4015320000e+04
 1500573000, 1,7588333333e+02, 1,2508000000e+02, 3,0280000000e+01, 6,4465000000e+00, 1,4519743333e+04
 1500573300, 2,0781666667e+02, 1,5437333333e+02, 3,3413333333e+01, 6,8547000000e+00, 1,4436780000e+04
 1500573600, 1,3000000000e+02, 8,4000000000e+01, 2,8000000000e+01, 6,0933666667e+00, 1,4435893333e+04
 1500573900, 1,3000000000e+02, 8,4000000000e+01, 2,8000000000e+01, 5,3240666667e+00, 1,4363423333e+04
 1500574200, 1,0230000000e+02, 5,8146666667e+01, 2,6153333333e+01, 4,7577666667e+00, 9,6926266667e+03
 1500574500, 2,2658333333e+02, 1,6160666667e+02, 4,6253333333e+01, 6,8367000000e+00, 9,8347733333e+03
 1500574800, 2,1220000000e+02, 1,5490000000e+02, 3,9346666667e+01, 7,5456666667e+00, 2,0312916667e+04
 1500575100, 1,5661666667e+02, 1,1394000000e+02, 2,6000000000e+01, 7,9656333333e+00, 4,3966123333e+04
 1500575400, 1,6000000000e+02, 1,1800000000e+02, 2,6000000000e+01, 8,2820666667e+00, 4,3966523333e+04
 1500575700, 1,6000000000e+02, 1,1800000000e+02, 2,6000000000e+01, 8,4982000000e+00, 4,3966600000e+04
 1500576000, 1,6461666667e+02, 1,1800000000e+02, 2,6000000000e+01, 8,6448000000e+00, 4,3967476667e+04
 1500576300, 1,6138333333e+02, 1,1800000000e+02, 2,6000000000e+01, 8,7563333333e+00, 4,3967723333e+04
 1500576600, 1,1813333333e+02, 7,7180000000e+01, 2,4953333333e+01, 8,7912333333e+00, 4,5634826667e+04
 1500576900, 7,6766666667e+01, 3,8060000000e+01, 2,2060000000e+01, 8,7787666667e+00, 5,1088203333e+04
 1500577200, 7,8016666667e+01, 4,1400000000e+01, 1,8986666667e+01, 8,8723333333e+00, 5,3895876667e+04
 1500577500, 1,3500000000e+02, 9,4000000000e+01, 2,6000000000e+01, 8,9301666667e+00, 5,3884370000e+04
 1500577800, 7,9600000000e+01, 4,2293333333e+01, 1,8613333333e+01, 8,8302333333e+00, 5,4037830000e+04
 1500578100, 1,4371666667e+02, 9,8760000000e+01, 2,5233333333e+01, 8,3678666667e+00, 5,4055676667e+04
 1500578400, 1,7261666667e+02, 1,2409333333e+02, 2,8000000000e+01, 8,0131666667e+00, 5,4069693333e+04
 1500578700, 1,7015000000e+02, 1,2276666667e+02, 2,7353333333e+01, 7,6991666667e+00, 5,4104153333e+04
 1500579000, 1,6123333333e+02, 1,1698666667e+02, 2,6246666667e+01, 7,4336333333e+00, 5,4104846667e+04
 1500579300, 1,7000000000e+02, 1,2400000000e+02, 2,8000000000e+01, 7,2154666667e+00, 5,4095920000e+04
 1500579600, 1,7000000000e+02, 1,2215333333e+02, 2,8000000000e+01, 6,9822333333e+00, 5,4046476667e+04
 1500579900, 1,7000000000e+02, 1,2200000000e+02, 2,8000000000e+01, 6,6374666667e+00, 5,4094570000e+04
 1500580200, 1,6738333333e+02, 1,1886000000e+02, 2,8000000000e+01, 6,4826000000e+00, 4,8762880000e+04
 1500580500, 1,6338333333e+02, 1,1535333333e+02, 2,7353333333e+01, 6,7033333333e+00, 9,4015100000e+03
 1500580800, 1,6000000000e+02, 1,1424666667e+02, 2,6000000000e+01, 7,0734666667e+00, 3,4291290000e+04
 1500581100, 1,6000000000e+02, 1,1600000000e+02, 2,6000000000e+01, 7,3443666667e+00, 4,3966076667e+04
 1500581400, 1,6000000000e+02, 1,1600000000e+02, 2,6000000000e+01, 7,5345000000e+00, 4,3967323333e+04
 1500581700, 1,6000000000e+02, 1,1600000000e+02, 2,6000000000e+01, 7,6655666667e+00, 4,3967000000e+04
 1500582000, 1,6000000000e+02, 1,1704666667e+02, 2,6000000000e+01, 7,7578666667e+00, 4,3968000000e+04
 1500582300, 1,6000000000e+02, 1,1670666667e+02, 2,6000000000e+01, 7,8232333333e+00, 4,6154383333e+04
 1500582600, 1,6061666667e+02, 1,1474000000e+02, 2,6246666667e+01, 7,5960333333e+00, 5,4081153333e+04
 1500582900, 1,6500000000e+02, 1,2000000000e+02, 2,8000000000e+01, 7,2373333333e+00, 5,4101000000e+04
 1500583200, 1,6961666667e+02, 1,2184666667e+02, 2,8000000000e+01, 7,1044333333e+00, 5,4100923333e+04
 1500583500, 1,6638333333e+02, 1,1910666667e+02, 2,8000000000e+01, 6,9156333333e+00, 5,4104770000e+04
 1500583800, 1,6761666667e+02, 1,2009333333e+02, 2,8000000000e+01, 6,6782666667e+00, 5,4102076667e+04
 1500584100, 1,6838333333e+02, 1,2070666667e+02, 2,8000000000e+01, 6,5961333333e+00, 5,4102723333e+04
 1500584400, 1,6561666667e+02, 1,1824666667e+02, 2,8000000000e+01, 6,4955000000e+00, 5,4102123333e+04
 1500584700, 1,7000000000e+02, 1,2000000000e+02, 2,8000000000e+01, 6,3241333333e+00, 5,4103200000e+04
 1500585000, 1,6538333333e+02, 1,2000000000e+02, 2,8000000000e+01, 6,2935333333e+00, 4,0053033333e+04
 1500585300, 1,5415000000e+02, 1,0842666667e+02, 2,6553333333e+01, 6,5744333333e+00, 9,3606166667e+03
 1500585600, 1,5523333333e+02, 1,1028000000e+02, 2,6000000000e+01, 6,9747000000e+00, 3,4291720000e+04
 1500585900, 1,6000000000e+02, 1,1600000000e+02, 2,6000000000e+01, 7,2608333333e+00, 4,3968046667e+04
 1500586200, 1,6000000000e+02, 1,1600000000e+02, 2,6000000000e+01, 7,4702000000e+00, 4,3967200000e+04
 1500586500, 1,6000000000e+02, 1,1600000000e+02, 2,6000000000e+01, 7,6252666667e+00, 4,3967953333e+04
 1500586800, 1,6000000000e+02, 1,1600000000e+02, 2,6000000000e+01, 7,7403333333e+00, 4,3967876667e+04
 1500587100, 1,6000000000e+02, 1,1455333333e+02, 2,6000000000e+01, 7,8358666667e+00, 4,3968000000e+04
 1500587400, 1,2336666667e+02, 7,8413333333e+01, 2,6000000000e+01, 7,7819333333e+00, 5,2182613333e+04
 1500587700, 1,1586666667e+02, 7,0573333333e+01, 2,6646666667e+01, 7,3559000000e+00, 5,4074276667e+04
 1500588000, 1,6938333333e+02, 1,2175333333e+02, 2,8000000000e+01, 7,1155000000e+00, 5,4004600000e+04
 1500588300, 1,6500000000e+02, 1,2000000000e+02, 2,8000000000e+01, 7,0852000000e+00, 5,4100076667e+04
 1500588600, 1,6961666667e+02, 1,2000000000e+02, 2,8000000000e+01, 6,7984000000e+00, 5,4099923333e+04
 1500588900, 1,6638333333e+02, 1,1855333333e+02, 2,8000000000e+01, 6,7212666667e+00, 3,1130866667e+04
 1500589200, 1,5976666667e+02, 1,1486000000e+02, 2,6953333333e+01, 7,0254666667e+00, 1,3311440000e+04
 1500589500, 1,5661666667e+02, 1,1329333333e+02, 2,6000000000e+01, 7,3056000000e+00, 4,3954353333e+04
 1500589800, 1,6000000000e+02, 1,1600000000e+02, 2,6000000000e+01, 7,5009666667e+00, 4,3954723333e+04
 1500590100, 1,6000000000e+02, 1,1600000000e+02, 2,6000000000e+01, 7,6415666667e+00, 4,3954123333e+04
 1500590400, 1,6000000000e+02, 1,1600000000e+02, 2,6000000000e+01, 7,7443333333e+00, 4,3955723333e+04
 1500590700, 1,6000000000e+02, 1,1600000000e+02, 2,6000000000e+01, 7,8214000000e+00, 4,3955876667e+04
 1500591000, 1,6523333333e+02, 1,1390666667e+02, 3,3326666667e+01, 7,8766333333e+00, 4,7459150000e+04
 1500591300, 1,6676666667e+02, 1,1200000000e+02, 3,6120000000e+01, 7,8883000000e+00, 5,3545450000e+04
 1500591600, 1,6061666667e+02, 1,1298666667e+02, 2,8000000000e+01, 7,6424666667e+00, 5,4097370000e+04
 1500591900, 1,6500000000e+02, 1,2000000000e+02, 2,8000000000e+01, 7,1968666667e+00, 5,4098600000e+04
 1500592200, 1,6961666667e+02, 1,2184666667e+02, 2,8000000000e+01, 6,9282333333e+00, 5,4064676667e+04
 1500592500, 1,7000000000e+02, 1,2200000000e+02, 2,8000000000e+01, 6,6945666667e+00, 5,4052323333e+04
 1500592800, 1,6738333333e+02, 1,2095333333e+02, 2,8000000000e+01, 6,5027333333e+00, 5,4052876667e+04
 1500593100, 1,6661666667e+02, 1,2064666667e+02, 2,8000000000e+01, 6,4826333333e+00, 5,4075200000e+04
 1500593400, 1,7000000000e+02, 1,2200000000e+02, 2,8000000000e+01, 6,4664333333e+00, 5,4098970000e+04
 1500593700, 1,7000000000e+02, 1,2200000000e+02, 2,8000000000e+01, 6,3643000000e+00, 5,4101786667e+04
 1500594000, 1,6538333333e+02, 1,2015333333e+02, 2,8000000000e+01, 6,3597000000e+00, 3,0832233333e+04
 1500594300, 8,5433333333e+01, 5,3453333333e+01, 1,6426666667e+01, 5,0549666667e+00, 8,8788000000e+03
 1500594600, 5,5000000000e+01, 2,8000000000e+01, 1,2000000000e+01, 3,6857000000e+00, 8,8797233333e+03
 1500594900, 5,5000000000e+01, 2,8000000000e+01, 1,2000000000e+01, 2,6864000000e+00, 8,8792766667e+03
 1500595200, 5,5000000000e+01, 2,8000000000e+01, 1,2000000000e+01, 1,9583000000e+00, 8,8803700000e+03
 1500595500, 5,5000000000e+01, 2,8000000000e+01, 1,2000000000e+01, 1,4377333333e+00, 8,8814766667e+03
 1500595800, 5,5000000000e+01, 2,8000000000e+01, 1,2000000000e+01, 1,0558666667e+00, 8,8819166667e+03
 1500596100, 5,5000000000e+01, 2,8000000000e+01, 1,2000000000e+01, 7,9936666667e-01, 8,8836066667e+03
 1500596400, 5,5000000000e+01, 2,8000000000e+01, 1,2000000000e+01, 5,9393333333e-01, 8,8861233333e+03
 1500596700, 5,5000000000e+01, 2,8000000000e+01, 1,2000000000e+01, 4,3596666667e-01, 8,8868000000e+03
 1500597000, 5,5000000000e+01, 2,8000000000e+01, 1,2000000000e+01, 3,2490000000e-01, 8,8877233333e+03
 1500597300, 5,5000000000e+01, 2,8000000000e+01, 1,2000000000e+01, 2,5136666667e-01, 8,8872766667e+03
 1500597600, 5,5000000000e+01, 2,8000000000e+01, 1,2000000000e+01, 1,9630000000e-01, 8,8828133333e+03
 1500597900, 5,5000000000e+01, 2,8000000000e+01, 1,2000000000e+01, 1,8923333333e-01, 8,8802633333e+03
 1500598200, 5,5000000000e+01, 2,8000000000e+01, 1,2000000000e+01, 2,2053333333e-01, 8,8796800000e+03
 1500598500, 5,5000000000e+01, 2,8000000000e+01, 1,2000000000e+01, 2,0953333333e-01, 8,8808000000e+03
 1500598800, 5,5000000000e+01, 2,8000000000e+01, 1,2000000000e+01, 1,6860000000e-01, 8,8804466667e+03
 1500599100, 5,5000000000e+01, 2,8000000000e+01, 1,2000000000e+01, 1,3876666667e-01, 8,8834166667e+03
 1500599400, 5,9583333333e+01, 2,9833333333e+01, 1,2000000000e+01, 1,4246666667e-01, 8,8880600000e+03
 1500599700, 6,0000000000e+01, 3,0000000000e+01, 1,2000000000e+01, 1,3760000000e-01, 8,8858733333e+03
 1500600000, 5,7383333333e+01, 2,8953333333e+01, 1,2000000000e+01, 1,3000000000e-01, 8,8786000000e+03
 1500600300, 5,6616666667e+01, 2,8000000000e+01, 1,2000000000e+01, 1,1753333333e-01, 8,8799233333e+03
 1500600600, 5,9400000000e+01, 2,8000000000e+01, 1,2000000000e+01, 1,0076666667e-01, 8,8810400000e+03
 1500600900, 5,5000000000e+01, 2,8000000000e+01, 1,2000000000e+01, 9,6766666667e-02, 8,8808133333e+03
 1500601200, 5,5000000000e+01, 2,8000000000e+01, 1,2000000000e+01, 8,4766666667e-02, 8,8798000000e+03
 1500601500, 5,5000000000e+01, 2,8000000000e+01, 1,2000000000e+01, 8,4466666667e-02, 8,8796766667e+03
 1500601800, 5,5000000000e+01, 2,8000000000e+01, 1,2000000000e+01, 9,4766666667e-02, 8,8792300000e+03
 1500602100, 5,5000000000e+01, 2,8000000000e+01, 1,2000000000e+01, 7,7533333333e-02, 8,8782766667e+03
 1500602400, 5,5616666667e+01, 2,8000000000e+01, 1,2000000000e+01, 6,6000000000e-02, 8,8792466667e+03
 1500602700, 6,0000000000e+01, 2,8000000000e+01, 1,2000000000e+01, 7,0000000000e-02, 8,8832866667e+03
 1500603000, 5,5383333333e+01, 2,8000000000e+01, 1,2000000000e+01, 7,2000000000e-02, 8,8851700000e+03
 1500603300, 5,5000000000e+01, 2,8000000000e+01, 1,2000000000e+01, 8,6466666667e-02, 8,8883233333e+03
 1500603600, 5,7616666667e+01, 2,8000000000e+01, 1,2000000000e+01, 8,6766666667e-02, 8,8859066667e+03
 1500603900, 5,8383333333e+01, 2,8000000000e+01, 1,2000000000e+01, 7,2800000000e-02, 8,8853333333e+03
 1500604200, 5,5616666667e+01, 2,8000000000e+01, 1,2246666667e+01, 9,9400000000e-02, 8,8856000000e+03
 1500604500, 6,0000000000e+01, 2,8000000000e+01, 1,4000000000e+01, 1,3600000000e-01, 8,8858766667e+03
 1500604800, 5,5383333333e+01, 2,8000000000e+01, 1,2153333333e+01, 1,3600000000e-01, 8,8871233333e+03
 1500605100, 5,5000000000e+01, 2,8000000000e+01, 1,2000000000e+01, 1,2676666667e-01, 8,8869233333e+03
 1500605400, 5,5000000000e+01, 2,8000000000e+01, 1,2000000000e+01, 1,2723333333e-01, 8,8853533333e+03
 1500605700, 5,5000000000e+01, 2,8000000000e+01, 1,2000000000e+01, 1,3323333333e-01, 8,8864000000e+03
 1500606000, 5,5000000000e+01, 2,8000000000e+01, 1,2000000000e+01, 1,5000000000e-01, 8,8853233333e+03
 1500606300, 5,5000000000e+01, 2,8000000000e+01, 1,2000000000e+01, 1,3876666667e-01, 8,8858000000e+03
 1500606600, 5,5000000000e+01, 2,8000000000e+01, 1,2000000000e+01, 1,2400000000e-01, 8,8858000000e+03
 1500606900, 5,8583333333e+01, 2,8000000000e+01, 1,2000000000e+01, 1,3400000000e-01, 8,8871333333e+03
 1500607200, 5,7383333333e+01, 2,8000000000e+01, 1,2000000000e+01, 1,2076666667e-01, 8,8858900000e+03
 1500607500, 5,5000000000e+01, 2,8000000000e+01, 1,2000000000e+01, 1,1153333333e-01, 8,8859233333e+03
 1500607800, 5,5000000000e+01, 2,8000000000e+01, 1,2000000000e+01, 9,8766666667e-02, 8,8851233333e+03
 1500608100, 5,5000000000e+01, 2,8000000000e+01, 1,2000000000e+01, 9,2000000000e-02, 8,8856766667e+03
 1500608400, 5,5000000000e+01, 2,8000000000e+01, 1,2000000000e+01, 8,8000000000e-02, 8,8848766667e+03
 1500608700, 5,5000000000e+01, 2,8000000000e+01, 1,2000000000e+01, 8,8766666667e-02, 8,8877700000e+03
 1500609000, 5,5000000000e+01, 2,8000000000e+01, 1,2000000000e+01, 7,8766666667e-02, 8,8863533333e+03
 1500609300, 5,5000000000e+01, 2,8000000000e+01, 1,2000000000e+01, 7,8000000000e-02, 8,8860000000e+03
 1500609600, 5,5616666667e+01, 2,8000000000e+01, 1,2246666667e+01, 7,0766666667e-02, 8,8861233333e+03
 1500609900, 6,0000000000e+01, 2,8000000000e+01, 1,4000000000e+01, 6,0000000000e-02, 8,8864000000e+03
 1500610200, 6,0000000000e+01, 3,1693333333e+01, 1,4000000000e+01, 7,1700000000e-02, 8,8858766667e+03
 1500610500, 5,6383333333e+01, 2,9106666667e+01, 1,2553333333e+01, 1,0893333333e-01, 8,8856000000e+03
 1500610800, 5,5000000000e+01, 2,8000000000e+01, 1,2000000000e+01, 1,3000000000e-01, 8,8854000000e+03
 1500611100, 5,6616666667e+01, 2,8000000000e+01, 1,2000000000e+01, 1,3400000000e-01, 8,8856000000e+03
 1500611400, 5,9383333333e+01, 2,8000000000e+01, 1,2000000000e+01, 1,3200000000e-01, 8,8863233333e+03
 1500611700, 5,5000000000e+01, 2,8000000000e+01, 1,2000000000e+01, 1,2353333333e-01, 8,8858000000e+03
 1500612000, 5,5000000000e+01, 2,8000000000e+01, 1,2000000000e+01, 1,1923333333e-01, 8,8858000000e+03
 1500612300, 5,5000000000e+01, 2,8000000000e+01, 1,2000000000e+01, 1,3123333333e-01, 8,8871233333e+03
 1500612600, 5,5000000000e+01, 2,8000000000e+01, 1,2000000000e+01, 1,3400000000e-01, 8,8872466667e+03
 1500612900, 5,6616666667e+01, 2,8000000000e+01, 1,2000000000e+01, 1,3000000000e-01, 8,8878766667e+03
 1500613200, 6,1233333333e+01, 2,8246666667e+01, 1,2986666667e+01, 1,3000000000e-01, 8,8884466667e+03
 1500613500, 7,0000000000e+01, 3,0000000000e+01, 2,0000000000e+01, 1,3403333333e-01, 8,8883000000e+03
 1500613800, 5,6150000000e+01, 2,8153333333e+01, 1,2613333333e+01, 1,3123333333e-01, 8,8869533333e+03
 1500614100, 5,5000000000e+01, 2,8000000000e+01, 1,2000000000e+01, 1,2876666667e-01, 8,8862000000e+03
 1500614400, 5,5000000000e+01, 2,8000000000e+01, 1,2000000000e+01, 1,3400000000e-01, 8,8858000000e+03
 1500614700, 5,5000000000e+01, 2,8000000000e+01, 1,2000000000e+01, 1,2276666667e-01, 8,8875400000e+03
 1500615000, 5,5000000000e+01, 2,8000000000e+01, 1,2000000000e+01, 1,1153333333e-01, 8,8880300000e+03
 1500615300, 5,5000000000e+01, 2,8000000000e+01, 1,2000000000e+01, 9,0766666667e-02, 8,8871233333e+03
 1500615600, 5,9616666667e+01, 3,1693333333e+01, 1,2000000000e+01, 8,4766666667e-02, 8,8866766667e+03
 1500615900, 5,6383333333e+01, 2,9106666667e+01, 1,2000000000e+01, 7,6766666667e-02, 8,8884000000e+03
 1500616200, 5,5000000000e+01, 2,8000000000e+01, 1,2000000000e+01, 6,0766666667e-02, 8,8877233333e+03
 1500616500, 5,5000000000e+01, 2,8000000000e+01, 1,2000000000e+01, 5,4766666667e-02, 8,8874600000e+03
 1500616800, 5,5000000000e+01, 2,8000000000e+01, 1,2000000000e+01, 5,7233333333e-02, 8,8865700000e+03
 1500617100, 5,5000000000e+01, 2,8000000000e+01, 1,2000000000e+01, 6,7233333333e-02, 8,8868766667e+03
 1500617400, 5,5000000000e+01, 2,8000000000e+01, 1,2000000000e+01, 7,6000000000e-02, 8,8875233333e+03
 1500617700, 5,5000000000e+01, 2,8000000000e+01, 1,2000000000e+01, 7,2000000000e-02, 8,8887233333e+03
 1500618000, 5,5000000000e+01, 2,8000000000e+01, 1,2000000000e+01, 5,7533333333e-02, 8,8886766667e+03
 1500618300, 5,5000000000e+01, 2,8000000000e+01, 1,2000000000e+01, 7,3700000000e-02, 8,8889233333e+03
 1500618600, 5,5000000000e+01, 2,8000000000e+01, 1,2000000000e+01, 8,3233333333e-02, 8,8886766667e+03
 1500618900, 5,5000000000e+01, 2,8000000000e+01, 1,2000000000e+01, 8,8766666667e-02, 8,8884766667e+03
 1500619200, 5,5000000000e+01, 2,8000000000e+01, 1,2000000000e+01, 8,7233333333e-02, 8,8884466667e+03
 1500619500, 5,8616666667e+01, 2,9446666667e+01, 1,2000000000e+01, 8,8000000000e-02, 8,8891533333e+03
 1500619800, 6,0000000000e+01, 2,8953333333e+01, 1,2000000000e+01, 9,4000000000e-02, 8,8878000000e+03
 1500620100, 5,8383333333e+01, 2,8000000000e+01, 1,2000000000e+01, 9,2000000000e-02, 8,8874000000e+03
 1500620400, 5,5616666667e+01, 2,8000000000e+01, 1,2000000000e+01, 7,5533333333e-02, 8,8883233333e+03
 1500620700, 6,0000000000e+01, 2,8000000000e+01, 1,2000000000e+01, 6,6000000000e-02, 8,8883233333e+03
 1500621000, 6,0000000000e+01, 2,8000000000e+01, 1,2000000000e+01, 6,6766666667e-02, 8,8888700000e+03
 1500621300, 5,6383333333e+01, 2,8000000000e+01, 1,2000000000e+01, 6,4766666667e-02, 8,8884000000e+03
 1500621600, 5,7616666667e+01, 2,9046666667e+01, 1,2000000000e+01, 5,0000000000e-02, 8,8895233333e+03
 1500621900, 5,8383333333e+01, 2,9353333333e+01, 1,2000000000e+01, 5,0000000000e-02, 8,8892766667e+03
 1500622200, 5,5000000000e+01, 2,8000000000e+01, 1,2000000000e+01, 5,0000000000e-02, 8,8889233333e+03
 1500622500, 5,5000000000e+01, 2,8000000000e+01, 1,2000000000e+01, 5,0000000000e-02, 8,8886766667e+03
 1500622800, 5,5000000000e+01, 2,8000000000e+01, 1,2000000000e+01, 6,7700000000e-02, 8,8876766667e+03
 1500623100, 5,5000000000e+01, 2,8000000000e+01, 1,2000000000e+01, 1,0370000000e-01, 8,8870766667e+03
 1500623400, 5,5000000000e+01, 2,8000000000e+01, 1,2000000000e+01, 1,2123333333e-01, 8,8868766667e+03
 1500623700, 5,5000000000e+01, 2,8000000000e+01, 1,2000000000e+01, 1,1076666667e-01, 8,8872466667e+03
 1500624000, 5,5000000000e+01, 2,8000000000e+01, 1,2000000000e+01, 9,8300000000e-02, 8,8878000000e+03
 1500624300, 5,5000000000e+01, 2,8000000000e+01, 1,2000000000e+01, 9,0466666667e-02, 8,8881233333e+03
 1500624600, 5,5000000000e+01, 2,8000000000e+01, -nan, -nan, 8,8893233333e+03
 1500624900, 5,5000000000e+01, 2,8000000000e+01, -nan, -nan, 8,8891533333e+03
 1500625200, 5,5000000000e+01, 2,8000000000e+01, -nan, -nan, 8,8887233333e+03
 1500625500, 5,5000000000e+01, 2,8000000000e+01, -nan, -nan, 8,8888766667e+03
 1500625800, 5,5000000000e+01, 2,8000000000e+01, -nan, -nan, 8,8877700000e+03
 1500626100, 5,5000000000e+01, -nan, -nan, -nan, 8,8884766667e+03
 1500626400, 5,5000000000e+01, -nan, -nan, -nan, -nan
 1500626700, 5,5000000000e+01, -nan, -nan, -nan, -nan
 1500627000, 6,0233333333e+01, -nan, -nan, -nan, -nan
 1500627300, -nan, -nan, -nan, -nan, -nan
