 Time, ttl_pwr, cpu_pwr, mem_pwr, cpu_load, mem_load
 1500448500, 5.0866666667e+01, 2.4000000000e+01, 1.0000000000e+01, 5.0000000000e-02, 7.4146000000e+03
 1500448800, 5.0000000000e+01, 2.4000000000e+01, 1.0000000000e+01, 5.0000000000e-02, 7.4143733333e+03
 1500449100, 5.0000000000e+01, 2.4000000000e+01, 1.0000000000e+01, 5.0000000000e-02, 7.4133733333e+03
 1500449400, 5.1133333333e+01, 2.4000000000e+01, 1.0000000000e+01, 5.0000000000e-02, 7.4128800000e+03
 1500449700, 5.5000000000e+01, 2.4000000000e+01, 1.0000000000e+01, 5.0000000000e-02, 7.4136000000e+03
 1500450000, 5.5000000000e+01, 2.4000000000e+01, 1.0000000000e+01, 5.0000000000e-02, 7.4135466667e+03
 1500450300, 5.0866666667e+01, 2.4000000000e+01, 1.0000000000e+01, 5.0000000000e-02, 7.4136800000e+03
 1500450600, 5.0000000000e+01, 2.4000000000e+01, 1.0000000000e+01, 5.0000000000e-02, 7.4141733333e+03
 1500450900, 5.0000000000e+01, 2.4000000000e+01, 1.0000000000e+01, 5.0000000000e-02, 7.4136000000e+03
 1500451200, 5.0000000000e+01, 2.4000000000e+01, 1.0000000000e+01, 5.2000000000e-02, 7.4146533333e+03
 1500451500, 5.0000000000e+01, 2.4000000000e+01, 1.0000000000e+01, 5.0000000000e-02, 7.4144266667e+03
 1500451800, 5.0000000000e+01, 2.4000000000e+01, 1.0000000000e+01, 5.0000000000e-02, 7.4143733333e+03
 1500452100, 5.4116666667e+01, 2.5646666667e+01, 1.0000000000e+01, 5.0000000000e-02, 7.4150700000e+03
 1500452400, 5.1866666667e+01, 2.4746666667e+01, 1.0000000000e+01, 5.2266666667e-02, 7.4148266667e+03
 1500452700, 5.0000000000e+01, 2.4000000000e+01, 1.0000000000e+01, 5.1733333333e-02, 7.4146000000e+03
 1500453000, 5.0000000000e+01, 2.4000000000e+01, 1.0000000000e+01, 5.8266666667e-02, 7.4156533333e+03
 1500453300, 5.0000000000e+01, 2.4000000000e+01, 1.0000000000e+01, 7.0533333333e-02, 7.4155466667e+03
 1500453600, 5.0000000000e+01, 2.4000000000e+01, 1.0000000000e+01, 6.7200000000e-02, 7.4150000000e+03
 1500453900, 5.0000000000e+01, 2.4000000000e+01, 1.0000000000e+01, 5.2266666667e-02, 7.4148066667e+03
 1500454200, 5.0000000000e+01, 2.4000000000e+01, 1.0000000000e+01, 5.3733333333e-02, 7.4152266667e+03
 1500454500, 5.2133333333e+01, 2.4000000000e+01, 1.0000000000e+01, 5.2000000000e-02, 7.4157466667e+03
 1500454800, 5.3866666667e+01, 2.4000000000e+01, 1.0000000000e+01, 5.0000000000e-02, 7.4158800000e+03
 1500455100, 5.0133333333e+01, 2.4000000000e+01, 1.0000000000e+01, 5.0000000000e-02, 7.4154933333e+03
 1500455400, 5.5000000000e+01, 2.4000000000e+01, 1.0000000000e+01, 5.0000000000e-02, 7.4132533333e+03
 1500455700, 5.0866666667e+01, 2.4000000000e+01, 1.0000000000e+01, 5.0000000000e-02, 7.4146000000e+03
 1500456000, 5.3133333333e+01, 2.4000000000e+01, 1.0000000000e+01, 5.0000000000e-02, 7.4148000000e+03
 1500456300, 5.2866666667e+01, 2.4000000000e+01, 1.0000000000e+01, 5.0000000000e-02, 7.4143733333e+03
 1500456600, 5.1133333333e+01, 2.4000000000e+01, 1.0000000000e+01, 5.0000000000e-02, 7.4148800000e+03
 1500456900, 5.4866666667e+01, 2.4000000000e+01, 1.0000000000e+01, 5.0000000000e-02, 7.4149466667e+03
 1500457200, 5.0000000000e+01, 2.4000000000e+01, 1.0000000000e+01, 5.0000000000e-02, 7.4147733333e+03
 1500457500, 5.0000000000e+01, 2.4000000000e+01, 1.0000000000e+01, 5.0000000000e-02, 7.4146800000e+03
 1500457800, 5.0000000000e+01, 2.4000000000e+01, 1.0000000000e+01, 5.0000000000e-02, 7.4157733333e+03
 1500458100, 5.0000000000e+01, 2.4000000000e+01, 1.0000000000e+01, 5.0000000000e-02, 7.4143733333e+03
 1500458400, 5.1133333333e+01, 2.4000000000e+01, 1.0000000000e+01, 5.0000000000e-02, 7.4146266667e+03
 1500458700, 5.4866666667e+01, 2.4000000000e+01, 1.0000000000e+01, 5.0000000000e-02, 7.4147733333e+03
 1500459000, 5.0000000000e+01, 2.4000000000e+01, 1.0000000000e+01, 5.0000000000e-02, 7.4144000000e+03
 1500459300, 5.0000000000e+01, 2.4000000000e+01, 1.0000000000e+01, 5.0000000000e-02, 7.4146266667e+03
 1500459600, 5.0000000000e+01, 2.4000000000e+01, 1.0000000000e+01, 5.0000000000e-02, 7.4154266667e+03
 1500459900, 5.0000000000e+01, 2.4000000000e+01, 1.0000000000e+01, 5.0000000000e-02, 7.4157466667e+03
 1500460200, 5.0000000000e+01, 2.4000000000e+01, 1.0000000000e+01, 5.6533333333e-02, 7.4158800000e+03
 1500460500, 5.0000000000e+01, 2.4000000000e+01, 1.0000000000e+01, 6.1466666667e-02, 7.4165800000e+03
 1500460800, 5.0000000000e+01, 2.4000000000e+01, 1.0000000000e+01, 5.0000000000e-02, 7.4167733333e+03
 1500461100, 5.0000000000e+01, 2.4000000000e+01, 1.0000000000e+01, 5.0000000000e-02, 7.4162000000e+03
 1500461400, 5.0000000000e+01, 2.4000000000e+01, 1.0000000000e+01, 5.0266666667e-02, 7.4156000000e+03
 1500461700, 5.0000000000e+01, 2.4000000000e+01, 1.0000000000e+01, 5.7733333333e-02, 7.4156000000e+03
 1500462000, 5.0000000000e+01, 2.4000000000e+01, 1.0000000000e+01, 5.0000000000e-02, 7.4152533333e+03
 1500462300, 5.0000000000e+01, 2.4000000000e+01, 1.0000000000e+01, 5.0000000000e-02, 7.4163733333e+03
 1500462600, 5.0000000000e+01, 2.4000000000e+01, 1.0000000000e+01, 5.0000000000e-02, 7.4170000000e+03
 1500462900, 5.4133333333e+01, 2.4000000000e+01, 1.0000000000e+01, 5.0000000000e-02, 7.4166000000e+03
 1500463200, 5.5000000000e+01, 2.5253333333e+01, 1.0000000000e+01, 5.0000000000e-02, 7.4161733333e+03
 1500463500, 5.2866666667e+01, 2.5146666667e+01, 1.0000000000e+01, 5.4266666667e-02, 7.4166266667e+03
 1500463800, 5.1133333333e+01, 2.4000000000e+01, 1.0000000000e+01, 6.8000000000e-02, 7.4164000000e+03
 1500464100, 5.4866666667e+01, 2.4000000000e+01, 1.0000000000e+01, 5.3733333333e-02, 7.4160000000e+03
 1500464400, 5.0000000000e+01, 2.4000000000e+01, 1.0000000000e+01, 5.0000000000e-02, 7.4161733333e+03
 1500464700, 5.4133333333e+01, 2.5653333333e+01, 1.0000000000e+01, 5.0000000000e-02, 7.4160266667e+03
 1500465000, 5.5000000000e+01, 2.4746666667e+01, 1.0000000000e+01, 5.0000000000e-02, 7.4156000000e+03
 1500465300, 5.2866666667e+01, 2.4000000000e+01, 1.0000000000e+01, 5.0000000000e-02, 7.4154266667e+03
 1500465600, 5.0000000000e+01, 2.4000000000e+01, 1.0000000000e+01, 5.0000000000e-02, 7.4171733333e+03
 1500465900, 5.0000000000e+01, 2.4000000000e+01, 1.0000000000e+01, 5.0266666667e-02, 7.4162533333e+03
 1500466200, 5.0000000000e+01, 2.4000000000e+01, 1.0000000000e+01, 3.7120000000e-01, 1.2776760000e+04
 1500466500, 1.9880000000e+02, 1.6122666667e+02, 2.1573333333e+01, 3.8664000000e+00, 2.4366240000e+04
 1500466800, 2.3626666667e+02, 1.8498666667e+02, 3.4026666667e+01, 6.5108000000e+00, 1.4013226667e+04
 1500467100, 1.5893333333e+02, 1.1458666667e+02, 2.7200000000e+01, 5.1293333333e+00, 7.4191466667e+03
 1500467400, 5.0000000000e+01, 2.4000000000e+01, 1.0000000000e+01, 3.7273333333e+00, 7.4179733333e+03
 1500467700, 5.0000000000e+01, 2.4000000000e+01, 1.0000000000e+01, 2.7153333333e+00, 7.4173733333e+03
 1500468000, 5.0000000000e+01, 2.4000000000e+01, 1.0000000000e+01, 1.9714666667e+00, 7.4172000000e+03
 1500468300, 5.0000000000e+01, 2.4000000000e+01, 1.0000000000e+01, 1.4405333333e+00, 7.4186533333e+03
 1500468600, 5.0000000000e+01, 2.4000000000e+01, 1.0000000000e+01, 1.0802666667e+00, 7.4175466667e+03
 1500468900, 5.0000000000e+01, 2.4000000000e+01, 1.0000000000e+01, 7.9960000000e-01, 7.4178533333e+03
 1500469200, 5.1133333333e+01, 2.4000000000e+01, 1.0000000000e+01, 5.8693333333e-01, 7.4181733333e+03
 1500469500, 5.4866666667e+01, 2.4000000000e+01, 1.0000000000e+01, 4.2480000000e-01, 7.4188266667e+03
 1500469800, 5.0000000000e+01, 2.4000000000e+01, 1.0000000000e+01, 3.1960000000e-01, 7.4191733333e+03
 1500470100, 5.0000000000e+01, 2.4000000000e+01, 1.0000000000e+01, 2.3413333333e-01, 7.4176000000e+03
 1500470400, 5.0000000000e+01, 2.4000000000e+01, 1.0000000000e+01, 1.8066666667e-01, 7.4176000000e+03
 1500470700, 5.0000000000e+01, 2.4000000000e+01, 1.0000000000e+01, 1.3546666667e-01, 7.4171733333e+03
 1500471000, 5.0000000000e+01, 2.4000000000e+01, 1.0000000000e+01, 1.1720000000e-01, 7.4174533333e+03
 1500471300, 5.0000000000e+01, 2.4000000000e+01, 1.0000000000e+01, 9.3466666667e-02, 7.4178000000e+03
 1500471600, 5.0000000000e+01, 2.4000000000e+01, 1.0000000000e+01, 6.7200000000e-02, 7.4177733333e+03
 1500471900, 5.0000000000e+01, 2.4000000000e+01, 1.0000000000e+01, 5.0000000000e-02, 7.4179733333e+03
 1500472200, 5.3133333333e+01, 2.4000000000e+01, 1.0000000000e+01, 6.0266666667e-02, 7.4172000000e+03
 1500472500, 5.5000000000e+01, 2.4853333333e+01, 1.0853333333e+01, 5.1733333333e-02, 7.4178000000e+03
 1500472800, 5.3866666667e+01, 2.5546666667e+01, 1.1546666667e+01, 6.2800000000e-02, 7.4174800000e+03
 1500473100, 5.0000000000e+01, 2.4000000000e+01, 1.0000000000e+01, 8.2000000000e-02, 7.4185733333e+03
 1500473400, 5.0000000000e+01, 2.4000000000e+01, 1.0000000000e+01, 6.5466666667e-02, 7.4177733333e+03
 1500473700, 5.0000000000e+01, 2.4000000000e+01, 1.0000000000e+01, 5.9766666667e-02, 7.4176266667e+03
 1500474000, 5.3133333333e+01, 2.4000000000e+01, 1.0000000000e+01, 5.0000000000e-02, 7.4181733333e+03
 1500474300, 5.2866666667e+01, 2.4000000000e+01, 1.0000000000e+01, 5.0000000000e-02, 7.4182000000e+03
 1500474600, 5.0000000000e+01, 2.4000000000e+01, 1.0000000000e+01, 5.0000000000e-02, 7.4180533333e+03
 1500474900, 5.0000000000e+01, 2.4000000000e+01, 1.0000000000e+01, 5.0000000000e-02, 7.4179200000e+03
 1500475200, 5.0000000000e+01, 2.4000000000e+01, 1.0000000000e+01, 5.0000000000e-02, 7.4174000000e+03
 1500475500, 5.0000000000e+01, 2.4000000000e+01, 1.0000000000e+01, 5.0000000000e-02, 7.4170266667e+03
 1500475800, 5.0000000000e+01, 2.4000000000e+01, 1.0000000000e+01, 5.0000000000e-02, 7.4164266667e+03
 1500476100, 5.0000000000e+01, 2.4000000000e+01, 1.0000000000e+01, 5.0000000000e-02, 7.4175733333e+03
 1500476400, 5.0000000000e+01, 2.4000000000e+01, 1.0000000000e+01, 5.0000000000e-02, 7.4172266667e+03
 1500476700, 5.0000000000e+01, 2.4000000000e+01, 1.0000000000e+01, 5.0000000000e-02, 7.4173466667e+03
 1500477000, 5.0000000000e+01, 2.4000000000e+01, 1.0000000000e+01, 5.0000000000e-02, 7.4174533333e+03
 1500477300, 5.0000000000e+01, 2.4000000000e+01, 1.0000000000e+01, 5.0000000000e-02, 7.4178033333e+03
 1500477600, 5.0000000000e+01, 2.4000000000e+01, 1.0000000000e+01, 5.0000000000e-02, 7.4182000000e+03
 1500477900, 5.0000000000e+01, 2.4000000000e+01, 1.0000000000e+01, 5.0000000000e-02, 7.4180266667e+03
 1500478200, 5.1133333333e+01, 2.4000000000e+01, 1.0000000000e+01, 5.7600000000e-02, 7.4185200000e+03
 1500478500, 5.5400000000e+01, 2.4320000000e+01, 1.0213333333e+01, 2.4826666667e-01, 7.4258133333e+03
 1500478800, 7.0000000000e+01, 3.6000000000e+01, 1.8000000000e+01, 5.2560000000e-01, 7.4228000000e+03
 1500479100, 6.5866666667e+01, 3.2693333333e+01, 1.4693333333e+01, 6.9146666667e-01, 7.4240266667e+03
 1500479400, 6.8133333333e+01, 3.3253333333e+01, 1.5253333333e+01, 8.0693333333e-01, 7.4232000000e+03
 1500479700, 7.0000000000e+01, 3.4000000000e+01, 1.6853333333e+01, 8.8560000000e-01, 7.4240266667e+03
 1500480000, 7.0000000000e+01, 3.4000000000e+01, 1.8000000000e+01, 9.5560000000e-01, 7.4244533333e+03
 1500480300, 6.9600000000e+01, 3.3786666667e+01, 1.7840000000e+01, 9.9853333333e-01, 7.4248266667e+03
 1500480600, 5.5000000000e+01, 2.6000000000e+01, 1.2000000000e+01, 1.0310666667e+00, 7.4246000000e+03
 1500480900, 5.9133333333e+01, 2.9306666667e+01, 1.3653333333e+01, 1.0500000000e+00, 7.4260533333e+03
 1500481200, 6.3133333333e+01, 3.1253333333e+01, 1.5253333333e+01, 1.0522666667e+00, 7.4266533333e+03
 1500481500, 6.2866666667e+01, 3.0293333333e+01, 1.4293333333e+01, 1.0580000000e+00, 7.4263866667e+03
 1500481800, 5.8866666667e+01, 2.7546666667e+01, 1.1546666667e+01, 1.0625333333e+00, 7.4252266667e+03
 1500482100, 5.5400000000e+01, 2.6213333333e+01, 1.0160000000e+01, 1.0820000000e+00, 7.4256000000e+03
 1500482400, 7.0000000000e+01, 3.4000000000e+01, 1.6000000000e+01, 1.0862666667e+00, 7.4264533333e+03
 1500482700, 6.5866666667e+01, 3.0693333333e+01, 1.4346666667e+01, 1.0860000000e+00, 7.4275733333e+03
 1500483000, 5.8733333333e+01, 2.6240000000e+01, 1.2746666667e+01, 1.0882666667e+00, 7.4271733333e+03
 1500483300, 5.9266666667e+01, 2.7413333333e+01, 1.3706666667e+01, 1.0957333333e+00, 7.4253466667e+03
 1500483600, 6.2733333333e+01, 3.0640000000e+01, 1.5093333333e+01, 1.0860000000e+00, 7.4259733333e+03
 1500483900, 5.5133333333e+01, 2.6053333333e+01, 1.2000000000e+01, 1.0837333333e+00, 7.4254266667e+03
 1500484200, 6.0000000000e+01, 2.8000000000e+01, 1.2000000000e+01, 1.0780000000e+00, 7.4260000000e+03
 1500484500, 6.4133333333e+01, 2.9653333333e+01, 1.5306666667e+01, 1.0820000000e+00, 7.4262000000e+03
 1500484800, 6.1866666667e+01, 2.8746666667e+01, 1.4746666667e+01, 1.0865333333e+00, 7.4248266667e+03
 1500485100, 6.0000000000e+01, 2.8000000000e+01, 1.4000000000e+01, 1.0834666667e+00, 7.4248000000e+03
 1500485400, 6.1133333333e+01, 2.8906666667e+01, 1.4453333333e+01, 1.0802666667e+00, 7.4247733333e+03
 1500485700, 6.5000000000e+01, 3.1946666667e+01, 1.5946666667e+01, 1.0837333333e+00, 7.4250533333e+03
 1500486000, 6.5000000000e+01, 3.0000000000e+01, 1.4000000000e+01, 1.0800000000e+00, 7.4259733333e+03
 1500486300, 6.0866666667e+01, 3.0000000000e+01, 1.4000000000e+01, 1.0714666667e+00, 7.4252000000e+03
 1500486600, 6.6266666667e+01, 3.2506666667e+01, 1.5253333333e+01, 1.0582666667e+00, 7.4255733333e+03
 1500486900, 6.3600000000e+01, 3.0586666667e+01, 1.4293333333e+01, 1.0594666667e+00, 7.4250266667e+03
 1500487200, 5.7266666667e+01, 2.7360000000e+01, 1.2906666667e+01, 1.0622666667e+00, 7.4264000000e+03
 1500487500, 6.5133333333e+01, 3.2053333333e+01, 1.6000000000e+01, 1.0725333333e+00, 7.4252533333e+03
 1500487800, 7.0000000000e+01, 3.4000000000e+01, 1.6000000000e+01, 1.1045333333e+00, 7.4266000000e+03
 1500488100, 5.7600000000e+01, 2.7386666667e+01, 1.2693333333e+01, 1.1000000000e+00, 7.4286000000e+03
 1500488400, 6.1266666667e+01, 2.9760000000e+01, 1.4506666667e+01, 1.1000000000e+00, 7.4280266667e+03
 1500488700, 6.7133333333e+01, 3.2000000000e+01, 1.6000000000e+01, 1.1122666667e+00, 7.4273200000e+03
 1500489000, 6.6600000000e+01, 3.0186666667e+01, 1.4640000000e+01, 9.9080000000e-01, 7.4161333333e+03
 1500489300, 5.5000000000e+01, 2.4000000000e+01, 1.0000000000e+01, 7.4213333333e-01, 7.4150000000e+03
 1500489600, 5.5000000000e+01, 2.4000000000e+01, 1.0000000000e+01, 5.5173333333e-01, 7.4154000000e+03
 1500489900, 5.5000000000e+01, 2.4000000000e+01, 1.0000000000e+01, 4.1506666667e-01, 7.4160533333e+03
 1500490200, 5.5000000000e+01, 2.4000000000e+01, 1.0000000000e+01, 3.1813333333e-01, 7.4169733333e+03
 1500490500, 5.5000000000e+01, 2.4000000000e+01, 1.0000000000e+01, 2.5240000000e-01, 7.4151733333e+03
 1500490800, 5.5000000000e+01, 2.4000000000e+01, 1.0000000000e+01, 2.0746666667e-01, 7.4150266667e+03
 1500491100, 5.5000000000e+01, 2.4000000000e+01, 1.0000000000e+01, 1.8693333333e-01, 7.4149466667e+03
 1500491400, 5.5000000000e+01, 2.4000000000e+01, 1.0000000000e+01, 1.3546666667e-01, 7.4150266667e+03
 1500491700, 5.5000000000e+01, 2.4000000000e+01, 1.0000000000e+01, 1.2946666667e-01, 7.4149466667e+03
 1500492000, 5.5000000000e+01, 2.4000000000e+01, 1.0000000000e+01, 1.0520000000e-01, 7.4144800000e+03
 1500492300, 5.5000000000e+01, 2.4000000000e+01, 1.0000000000e+01, 8.6000000000e-02, 7.4154000000e+03
 1500492600, 5.5000000000e+01, 2.4000000000e+01, 1.0000000000e+01, 8.5466666667e-02, 7.4150000000e+03
 1500492900, 5.5133333333e+01, 2.4106666667e+01, 1.0053333333e+01, 5.9466666667e-02, 7.4149466667e+03
 1500493200, 6.0000000000e+01, 2.8000000000e+01, 1.2000000000e+01, 5.0000000000e-02, 7.4138266667e+03
 1500493500, 5.5866666667e+01, 2.4693333333e+01, 1.0346666667e+01, 5.2266666667e-02, 7.4148000000e+03
 1500493800, 5.5000000000e+01, 2.4000000000e+01, 1.0000000000e+01, 5.3733333333e-02, 7.4146000000e+03
 1500494100, 5.5000000000e+01, 2.4853333333e+01, 1.0000000000e+01, 5.0000000000e-02, 7.4152800000e+03
 1500494400, 5.8400000000e+01, 2.7813333333e+01, 1.1360000000e+01, 5.6000000000e-02, 7.4158266667e+03
 1500494700, 6.9600000000e+01, 3.3733333333e+01, 1.5840000000e+01, 5.0000000000e-02, 7.4159733333e+03
 1500495000, 5.5000000000e+01, 2.4000000000e+01, 1.0000000000e+01, 5.0000000000e-02, 7.4164533333e+03
 1500495300, 5.5000000000e+01, 2.4000000000e+01, 1.0000000000e+01, 5.0000000000e-02, 7.4163466667e+03
 1500495600, 5.5000000000e+01, 2.4000000000e+01, 1.0000000000e+01, 5.0000000000e-02, 7.4158800000e+03
 1500495900, 5.5000000000e+01, 2.4000000000e+01, 1.0000000000e+01, 5.0000000000e-02, 7.4159733333e+03
 1500496200, 5.5000000000e+01, 2.4000000000e+01, 1.0000000000e+01, 5.0000000000e-02, 7.4160666667e+03
 1500496500, 5.5000000000e+01, 2.4000000000e+01, 1.0000000000e+01, 5.0000000000e-02, 7.4151733333e+03
 1500496800, 5.5000000000e+01, 2.4000000000e+01, 1.0000000000e+01, 5.2266666667e-02, 7.4142266667e+03
 1500497100, 5.5000000000e+01, 2.4000000000e+01, 1.0000000000e+01, 5.1733333333e-02, 7.4147733333e+03
 1500497400, 5.5000000000e+01, 2.5253333333e+01, 1.0000000000e+01, 5.0000000000e-02, 7.4158800000e+03
 1500497700, 5.5000000000e+01, 2.5146666667e+01, 1.0000000000e+01, 5.0000000000e-02, 7.4165733333e+03
 1500498000, 5.5000000000e+01, 2.4000000000e+01, 1.0000000000e+01, 5.0000000000e-02, 7.4155733333e+03
 1500498300, 5.5000000000e+01, 2.4000000000e+01, 1.0000000000e+01, 5.0000000000e-02, 7.4162266667e+03
 1500498600, 5.5000000000e+01, 2.4000000000e+01, 1.0000000000e+01, 5.2533333333e-02, 7.4163733333e+03
 1500498900, 5.5000000000e+01, 2.5653333333e+01, 1.0000000000e+01, 5.9466666667e-02, 7.4166000000e+03
 1500499200, 5.5000000000e+01, 2.4746666667e+01, 1.0000000000e+01, 5.2000000000e-02, 7.4169733333e+03
 1500499500, 5.5000000000e+01, 2.4000000000e+01, 1.0000000000e+01, 5.0000000000e-02, 7.4146266667e+03
 1500499800, 5.5000000000e+01, 2.4000000000e+01, 1.0000000000e+01, 5.0000000000e-02, 7.4154000000e+03
 1500500100, 5.5000000000e+01, 2.4000000000e+01, 1.0000000000e+01, 5.0000000000e-02, 7.4156000000e+03
 1500500400, 5.5000000000e+01, 2.4000000000e+01, 1.0000000000e+01, 5.0000000000e-02, 7.4157733333e+03
 1500500700, 5.5000000000e+01, 2.4000000000e+01, 1.1653333333e+01, 5.0000000000e-02, 7.4146000000e+03
 1500501000, 5.5000000000e+01, 2.4000000000e+01, 1.0746666667e+01, 5.0000000000e-02, 7.4150000000e+03
 1500501300, 5.2866666667e+01, 2.4000000000e+01, 1.0000000000e+01, 5.0000000000e-02, 7.4150000000e+03
 1500501600, 5.1133333333e+01, 2.4000000000e+01, 1.0000000000e+01, 5.0000000000e-02, 7.4156266667e+03
 1500501900, 5.5000000000e+01, 2.4000000000e+01, 1.0000000000e+01, 5.0000000000e-02, 7.4152000000e+03
 1500502200, 5.5000000000e+01, 2.4000000000e+01, 1.0000000000e+01, 5.0000000000e-02, 7.4141733333e+03
 1500502500, 5.5000000000e+01, 2.4000000000e+01, 1.0000000000e+01, 5.0000000000e-02, 7.4142266667e+03
 1500502800, 5.5000000000e+01, 2.4000000000e+01, 1.0000000000e+01, 5.6266666667e-02, 7.4146266667e+03
 1500503100, 5.5000000000e+01, 2.4000000000e+01, 1.0000000000e+01, 6.4000000000e-02, 7.4146000000e+03
 1500503400, 5.5000000000e+01, 2.4000000000e+01, 1.0000000000e+01, 5.2000000000e-02, 7.4148000000e+03
 1500503700, 5.5000000000e+01, 2.4000000000e+01, 1.0000000000e+01, 6.2266666667e-02, 7.4153466667e+03
 1500504000, 5.5000000000e+01, 2.4000000000e+01, 1.0000000000e+01, 6.6000000000e-02, 7.4152000000e+03
 1500504300, 5.5000000000e+01, 2.4000000000e+01, 1.0000000000e+01, 7.2000000000e-02, 7.4158533333e+03
 1500504600, 5.5000000000e+01, 2.4000000000e+01, 1.0000000000e+01, 6.7733333333e-02, 7.4164266667e+03
 1500504900, 5.2866666667e+01, 2.4000000000e+01, 1.0000000000e+01, 5.1733333333e-02, 7.4161466667e+03
 1500505200, 5.0000000000e+01, 2.4000000000e+01, 1.0000000000e+01, 5.0000000000e-02, 7.4151733333e+03
 1500505500, 5.0000000000e+01, 2.4000000000e+01, 1.0000000000e+01, 5.0000000000e-02, 7.4154266667e+03
 1500505800, 5.0000000000e+01, 2.4000000000e+01, 1.0000000000e+01, 5.0000000000e-02, 7.4154000000e+03
 1500506100, 5.0000000000e+01, 2.4000000000e+01, 1.0000000000e+01, 5.0000000000e-02, 7.4158266667e+03
 1500506400, 5.0000000000e+01, 2.4000000000e+01, 1.0000000000e+01, 5.0000000000e-02, 7.4155466667e+03
 1500506700, 5.0000000000e+01, 2.4000000000e+01, 1.0000000000e+01, 5.0000000000e-02, 7.4160533333e+03
 1500507000, 5.1133333333e+01, 2.4000000000e+01, 1.0000000000e+01, 5.0000000000e-02, 7.4160000000e+03
 1500507300, 5.5000000000e+01, 2.4053333333e+01, 1.0000000000e+01, 5.2000000000e-02, 7.4161733333e+03
 1500507600, 5.5000000000e+01, 2.6000000000e+01, 1.0000000000e+01, 5.4000000000e-02, 7.4158266667e+03
 1500507900, 5.0866666667e+01, 2.4346666667e+01, 1.0000000000e+01, 5.2000000000e-02, 7.4154266667e+03
 1500508200, 5.0000000000e+01, 2.4000000000e+01, 1.0000000000e+01, 5.0000000000e-02, 7.4156000000e+03
 1500508500, 5.0000000000e+01, 2.4000000000e+01, 1.0000000000e+01, 5.0000000000e-02, 7.4162000000e+03
 1500508800, 5.0000000000e+01, 2.4000000000e+01, 1.0000000000e+01, 5.0000000000e-02, 7.4162266667e+03
 1500509100, 5.0000000000e+01, 2.4000000000e+01, 1.0000000000e+01, 5.2266666667e-02, 7.4160266667e+03
 1500509400, 5.0000000000e+01, 2.4000000000e+01, 1.0000000000e+01, 5.1733333333e-02, 7.4158000000e+03
 1500509700, 5.0000000000e+01, 2.4000000000e+01, 1.0000000000e+01, 5.2000000000e-02, 7.4158000000e+03
 1500510000, 5.3133333333e+01, 2.4000000000e+01, 1.0000000000e+01, 5.0000000000e-02, 7.4160266667e+03
 1500510300, 5.5000000000e+01, 2.4853333333e+01, 1.0000000000e+01, 5.2533333333e-02, 7.4168266667e+03
 1500510600, 5.3866666667e+01, 2.5546666667e+01, 1.0000000000e+01, 6.1500000000e-02, 7.4172366667e+03
 1500510900, 5.0000000000e+01, 2.4000000000e+01, 1.0000000000e+01, 5.2000000000e-02, 7.4180400000e+03
 1500511200, 5.0000000000e+01, 2.4000000000e+01, 1.0000000000e+01, 5.0000000000e-02, 7.4164000000e+03
 1500511500, 5.0000000000e+01, 2.4000000000e+01, 1.0000000000e+01, 5.0000000000e-02, 7.4170000000e+03
 1500511800, 5.3133333333e+01, 2.5253333333e+01, 1.0000000000e+01, 5.0000000000e-02, 7.4160000000e+03
 1500512100, 5.5000000000e+01, 2.6000000000e+01, 1.0000000000e+01, 5.0000000000e-02, 7.4167733333e+03
 1500512400, 5.5000000000e+01, 2.5546666667e+01, 1.0000000000e+01, 5.0000000000e-02, 7.4166266667e+03
 1500512700, 5.4866666667e+01, 2.4000000000e+01, 1.0000000000e+01, 5.0000000000e-02, 7.4162000000e+03
 1500513000, 5.0000000000e+01, 2.4000000000e+01, 1.0000000000e+01, 5.0000000000e-02, 7.4172000000e+03
 1500513300, 5.4133333333e+01, 2.4000000000e+01, 1.0000000000e+01, 5.0000000000e-02, 7.4163733333e+03
 1500513600, 5.8133333333e+01, 2.6506666667e+01, 1.2506666667e+01, 5.0000000000e-02, 7.4166266667e+03
 1500513900, 5.5733333333e+01, 2.6293333333e+01, 1.2293333333e+01, 5.0000000000e-02, 7.4186000000e+03
 1500514200, 5.0000000000e+01, 2.4000000000e+01, 1.0000000000e+01, 5.0000000000e-02, 7.4162533333e+03
 1500514500, 5.0000000000e+01, 2.4000000000e+01, 1.0000000000e+01, 5.0000000000e-02, 7.4171466667e+03
 1500514800, 5.0000000000e+01, 2.4000000000e+01, 1.0000000000e+01, 5.0000000000e-02, 7.4164000000e+03
 1500515100, 5.0000000000e+01, 2.4000000000e+01, 1.0000000000e+01, 5.0000000000e-02, 7.4163733333e+03
 1500515400, 5.3133333333e+01, 2.4000000000e+01, 1.0000000000e+01, 5.0266666667e-02, 7.4162266667e+03
 1500515700, 5.5000000000e+01, 2.4853333333e+01, 1.0000000000e+01, 5.1733333333e-02, 7.4163733333e+03
 1500516000, 5.3866666667e+01, 2.5546666667e+01, 1.0000000000e+01, 5.0000000000e-02, 7.4163733333e+03
 1500516300, 5.0133333333e+01, 2.4000000000e+01, 1.0000000000e+01, 5.6266666667e-02, 7.4164533333e+03
 1500516600, 5.5000000000e+01, 2.4000000000e+01, 1.0000000000e+01, 5.5733333333e-02, 7.4168000000e+03
 1500516900, 5.0866666667e+01, 2.4000000000e+01, 1.0000000000e+01, 5.0000000000e-02, 7.4162266667e+03
 1500517200, 5.0000000000e+01, 2.4000000000e+01, 1.0000000000e+01, 5.0000000000e-02, 7.4157733333e+03
 1500517500, 5.0000000000e+01, 2.4000000000e+01, 1.0000000000e+01, 5.0000000000e-02, 7.4162000000e+03
 1500517800, 5.0000000000e+01, 2.4000000000e+01, 1.0000000000e+01, 5.0000000000e-02, 7.4161733333e+03
 1500518100, 5.0133333333e+01, 2.4053333333e+01, 1.0000000000e+01, 5.0000000000e-02, 7.4164266667e+03
 1500518400, 5.5000000000e+01, 2.6000000000e+01, 1.0000000000e+01, 5.0000000000e-02, 7.4168266667e+03
 1500518700, 5.0866666667e+01, 2.4346666667e+01, 1.0000000000e+01, 5.0000000000e-02, 7.4178000000e+03
 1500519000, 5.0000000000e+01, 2.4000000000e+01, 1.0000000000e+01, 5.0000000000e-02, 7.4175466667e+03
 1500519300, 5.0000000000e+01, 2.4000000000e+01, 1.0000000000e+01, 5.0000000000e-02, 7.4172266667e+03
 1500519600, 5.0000000000e+01, 2.4000000000e+01, 1.0000000000e+01, 5.2000000000e-02, 7.4174533333e+03
 1500519900, 5.0000000000e+01, 2.4000000000e+01, 1.0000000000e+01, 5.0000000000e-02, 7.4175466667e+03
 1500520200, 5.0000000000e+01, 2.4000000000e+01, 1.0000000000e+01, 5.0000000000e-02, 7.4172266667e+03
 1500520500, 5.0000000000e+01, 2.4000000000e+01, 1.0000000000e+01, 5.0000000000e-02, 7.4178266667e+03
 1500520800, 5.0000000000e+01, 2.4000000000e+01, 1.0000000000e+01, 5.2000000000e-02, 7.4179733333e+03
 1500521100, 5.0000000000e+01, 2.4000000000e+01, 1.0000000000e+01, 5.0000000000e-02, 7.4174266667e+03
 1500521400, 5.1133333333e+01, 2.4453333333e+01, 1.0000000000e+01, 5.0000000000e-02, 7.4182266667e+03
 1500521700, 5.4866666667e+01, 2.5946666667e+01, 1.0000000000e+01, 5.0266666667e-02, 7.4182266667e+03
 1500522000, 5.0000000000e+01, 2.4000000000e+01, 1.0000000000e+01, 5.1733333333e-02, 7.4187466667e+03
 1500522300, 5.4133333333e+01, 2.4000000000e+01, 1.0000000000e+01, 5.0000000000e-02, 7.4186533333e+03
 1500522600, 5.1866666667e+01, 2.4000000000e+01, 1.0000000000e+01, 5.0000000000e-02, 7.4183733333e+03
 1500522900, 5.0000000000e+01, 2.4000000000e+01, 1.0000000000e+01, 5.2000000000e-02, 7.4181733333e+03
 1500523200, 5.0000000000e+01, 2.4000000000e+01, 1.0000000000e+01, 5.0000000000e-02, 7.4172266667e+03
 1500523500, 5.0000000000e+01, 2.4000000000e+01, 1.0000000000e+01, 5.0000000000e-02, 7.4176000000e+03
 1500523800, 5.0000000000e+01, 2.4000000000e+01, 1.0000000000e+01, 5.0000000000e-02, 7.4180533333e+03
 1500524100, 5.0000000000e+01, 2.4000000000e+01, 1.0000000000e+01, 5.0000000000e-02, 7.4177733333e+03
 1500524400, 5.0000000000e+01, 2.4000000000e+01, 1.0000000000e+01, 5.2000000000e-02, 7.4176000000e+03
 1500524700, 5.0000000000e+01, 2.4000000000e+01, 1.0000000000e+01, 5.0000000000e-02, 7.4182533333e+03
 1500525000, 5.0000000000e+01, 2.4000000000e+01, 1.0000000000e+01, 5.0000000000e-02, 7.4182000000e+03
 1500525300, 5.0133333333e+01, 2.4000000000e+01, 1.0000000000e+01, 5.0000000000e-02, 7.4186000000e+03
 1500525600, 5.5000000000e+01, 2.4000000000e+01, 1.0000000000e+01, 5.0000000000e-02, 7.4189200000e+03
 1500525900, 5.5000000000e+01, 2.5653333333e+01, 1.0000000000e+01, 5.0000000000e-02, 7.4186000000e+03
 1500526200, 5.1866666667e+01, 2.4746666667e+01, 1.0000000000e+01, 5.0000000000e-02, 7.4179733333e+03
 1500526500, 5.0000000000e+01, 2.4000000000e+01, 1.0000000000e+01, 5.0000000000e-02, 7.4185733333e+03
 1500526800, 5.0000000000e+01, 2.4000000000e+01, 1.0000000000e+01, 5.0000000000e-02, 7.4184266667e+03
 1500527100, 5.0000000000e+01, 2.4000000000e+01, 1.0000000000e+01, 5.0000000000e-02, 7.4185733333e+03
 1500527400, 5.0000000000e+01, 2.4000000000e+01, 1.0000000000e+01, 5.0000000000e-02, 7.4182266667e+03
 1500527700, 5.0000000000e+01, 2.4000000000e+01, 1.0000000000e+01, 5.0000000000e-02, 7.4186266667e+03
 1500528000, 5.3133333333e+01, 2.4000000000e+01, 1.0000000000e+01, 5.0266666667e-02, 7.4192000000e+03
 1500528300, 5.5000000000e+01, 2.4853333333e+01, 1.0000000000e+01, 5.7733333333e-02, 7.4195466667e+03
 1500528600, 5.5000000000e+01, 2.5546666667e+01, 1.0000000000e+01, 5.0000000000e-02, 7.4196533333e+03
 1500528900, 5.5000000000e+01, 2.4053333333e+01, 1.0000000000e+01, 5.0000000000e-02, 7.4194266667e+03
 1500529200, 5.5000000000e+01, 2.6000000000e+01, 1.0000000000e+01, 5.0000000000e-02, 7.4196000000e+03
 1500529500, 5.0866666667e+01, 2.4346666667e+01, 1.0000000000e+01, 5.0000000000e-02, 7.4200000000e+03
 1500529800, 5.3133333333e+01, 2.5253333333e+01, 1.0000000000e+01, 6.2266666667e-02, 7.4197733333e+03
 1500530100, 5.5000000000e+01, 2.5146666667e+01, 1.0000000000e+01, 6.0000000000e-02, 7.4200000000e+03
 1500530400, 5.5000000000e+01, 2.4453333333e+01, 1.0000000000e+01, 5.1733333333e-02, 7.4202533333e+03
 1500530700, 5.5000000000e+01, 2.6000000000e+01, 1.0000000000e+01, 5.0000000000e-02, 7.4209733333e+03
 1500531000, 5.5000000000e+01, 2.6000000000e+01, 1.0000000000e+01, 5.0000000000e-02, 7.4209733333e+03
 1500531300, 5.0866666667e+01, 2.4346666667e+01, 1.0000000000e+01, 5.2000000000e-02, 7.4208533333e+03
 1500531600, 5.0000000000e+01, 2.4000000000e+01, 1.0000000000e+01, 5.0000000000e-02, 7.4214000000e+03
 1500531900, 5.0000000000e+01, 2.4000000000e+01, 1.0000000000e+01, 5.0000000000e-02, 7.4210266667e+03
 1500532200, 5.0000000000e+01, 2.4000000000e+01, 1.0000000000e+01, 5.0000000000e-02, 7.4213733333e+03
 1500532500, 5.0000000000e+01, 2.4000000000e+01, 1.0000000000e+01, 5.0000000000e-02, 7.4216000000e+03
 1500532800, 5.0000000000e+01, 2.4000000000e+01, 1.0000000000e+01, 5.0000000000e-02, 7.4203733333e+03
 1500533100, 5.0000000000e+01, 2.4000000000e+01, 1.0000000000e+01, 5.0000000000e-02, 7.4208266667e+03
 1500533400, 5.0000000000e+01, 2.4000000000e+01, 1.0000000000e+01, 5.0000000000e-02, 7.4220000000e+03
 1500533700, 5.0000000000e+01, 2.4000000000e+01, 1.0000000000e+01, 5.0000000000e-02, 7.4224000000e+03
 1500534000, 5.1133333333e+01, 2.4000000000e+01, 1.0000000000e+01, 5.0000000000e-02, 7.4224266667e+03
 1500534300, 5.4866666667e+01, 2.4000000000e+01, 1.0000000000e+01, 5.0000000000e-02, 7.4226000000e+03
 1500534600, 5.0000000000e+01, 2.4000000000e+01, 1.0000000000e+01, 5.4000000000e-02, 7.4215733333e+03
 1500534900, 5.4133333333e+01, 2.4000000000e+01, 1.0000000000e+01, 5.2266666667e-02, 7.4216266667e+03
 1500535200, 5.1866666667e+01, 2.4000000000e+01, 1.0000000000e+01, 5.8000000000e-02, 7.4218266667e+03
 1500535500, 5.0000000000e+01, 2.4000000000e+01, 1.0000000000e+01, 5.5733333333e-02, 7.4220000000e+03
 1500535800, 5.0000000000e+01, 2.4000000000e+01, 1.0000000000e+01, 5.0000000000e-02, 7.4225733333e+03
 1500536100, 5.0133333333e+01, 2.4000000000e+01, 1.0000000000e+01, 5.0000000000e-02, 7.4226266667e+03
 1500536400, 5.5000000000e+01, 2.4000000000e+01, 1.0000000000e+01, 5.0000000000e-02, 7.4230000000e+03
 1500536700, 5.0866666667e+01, 2.4000000000e+01, 1.0000000000e+01, 5.2000000000e-02, 7.4236000000e+03
 1500537000, 5.0000000000e+01, 2.4000000000e+01, 1.0000000000e+01, 5.0000000000e-02, 7.4236000000e+03
 1500537300, 5.0000000000e+01, 2.4000000000e+01, 1.0000000000e+01, 5.0000000000e-02, 7.4218266667e+03
 1500537600, 5.0000000000e+01, 2.4000000000e+01, 1.0000000000e+01, 5.0000000000e-02, 7.4231733333e+03
 1500537900, 5.0000000000e+01, 2.4000000000e+01, 1.0000000000e+01, 5.0000000000e-02, 7.4234533333e+03
 1500538200, 5.0000000000e+01, 2.4000000000e+01, 1.0000000000e+01, 5.0000000000e-02, 7.4239733333e+03
 1500538500, 5.0000000000e+01, 2.4000000000e+01, 1.0000000000e+01, 5.0000000000e-02, 7.4236533333e+03
 1500538800, 5.3133333333e+01, 2.4000000000e+01, 1.0000000000e+01, 5.0000000000e-02, 7.4237733333e+03
 1500539100, 5.2866666667e+01, 2.4000000000e+01, 1.0000000000e+01, 5.2533333333e-02, 7.4236800000e+03
 1500539400, 5.0000000000e+01, 2.4000000000e+01, 1.0000000000e+01, 6.5733333333e-02, 7.4245733333e+03
 1500539700, 5.0000000000e+01, 2.4000000000e+01, 1.0000000000e+01, 5.3733333333e-02, 7.4243733333e+03
 1500540000, 5.0000000000e+01, 2.4000000000e+01, 1.0000000000e+01, 5.0000000000e-02, 7.4232266667e+03
 1500540300, 5.4133333333e+01, 2.5653333333e+01, 1.0000000000e+01, 5.0000000000e-02, 7.4234666667e+03
 1500540600, 5.1866666667e+01, 2.4746666667e+01, 1.0000000000e+01, 5.0000000000e-02, 7.4228000000e+03
 1500540900, 5.0000000000e+01, 2.4000000000e+01, 1.0000000000e+01, 5.2000000000e-02, 7.4228266667e+03
 1500541200, 5.1133333333e+01, 2.4453333333e+01, 1.0000000000e+01, 5.0000000000e-02, 7.4232266667e+03
 1500541500, 5.4866666667e+01, 2.5946666667e+01, 1.0000000000e+01, 5.2000000000e-02, 7.4237733333e+03
 1500541800, 5.0000000000e+01, 2.4000000000e+01, 1.0000000000e+01, 5.0000000000e-02, 7.4242000000e+03
 1500542100, 5.0000000000e+01, 2.4000000000e+01, 1.0000000000e+01, 5.0000000000e-02, 7.4240533333e+03
 1500542400, 5.0000000000e+01, 2.4000000000e+01, 1.0000000000e+01, 5.0000000000e-02, 7.4245466667e+03
 1500542700, 5.0000000000e+01, 2.4000000000e+01, 1.0000000000e+01, 5.0000000000e-02, 7.4242266667e+03
 1500543000, 5.0000000000e+01, 2.4000000000e+01, 1.0000000000e+01, 5.0000000000e-02, 7.4249733333e+03
 1500543300, 5.0000000000e+01, 2.4000000000e+01, 1.0000000000e+01, 5.0000000000e-02, 7.4242533333e+03
 1500543600, 5.0000000000e+01, 2.4000000000e+01, 1.0000000000e+01, 5.0000000000e-02, 7.4241466667e+03
 1500543900, 5.0000000000e+01, 2.4000000000e+01, 1.0000000000e+01, 5.0000000000e-02, 7.4230266667e+03
 1500544200, 5.3133333333e+01, 2.4000000000e+01, 1.0000000000e+01, 5.0000000000e-02, 7.4235733333e+03
 1500544500, 5.5000000000e+01, 2.4853333333e+01, 1.0000000000e+01, 5.2000000000e-02, 7.4234000000e+03
 1500544800, 5.5000000000e+01, 2.6000000000e+01, 1.0000000000e+01, 5.0000000000e-02, 7.4238266667e+03
 1500545100, 5.5000000000e+01, 2.6000000000e+01, 1.0000000000e+01, 5.0000000000e-02, 7.4250000000e+03
 1500545400, 5.5000000000e+01, 2.6000000000e+01, 1.0000000000e+01, 5.0000000000e-02, 7.4248266667e+03
 1500545700, 5.5000000000e+01, 2.6000000000e+01, 1.0000000000e+01, 5.0000000000e-02, 7.4245466667e+03
 1500546000, 5.5000000000e+01, 2.6000000000e+01, 1.0000000000e+01, 5.0000000000e-02, 7.4250533333e+03
 1500546300, 5.5000000000e+01, 2.6000000000e+01, 1.0000000000e+01, 5.0000000000e-02, 7.4245733333e+03
 1500546600, 5.5000000000e+01, 2.5546666667e+01, 1.0000000000e+01, 5.0000000000e-02, 7.4238000000e+03
 1500546900, 5.4866666667e+01, 2.4000000000e+01, 1.0000000000e+01, 5.8266666667e-02, 7.4239733333e+03
 1500547200, 5.0000000000e+01, 2.4000000000e+01, 1.0000000000e+01, 5.3733333333e-02, 7.4236000000e+03
 1500547500, 5.4133333333e+01, 2.4000000000e+01, 1.0000000000e+01, 5.2000000000e-02, 7.4231733333e+03
 1500547800, 5.1866666667e+01, 2.4000000000e+01, 1.0000000000e+01, 5.8266666667e-02, 7.4234266667e+03
 1500548100, 5.2133333333e+01, 2.4853333333e+01, 1.0000000000e+01, 5.3733333333e-02, 7.4236000000e+03
 1500548400, 5.3866666667e+01, 2.5546666667e+01, 1.0000000000e+01, 5.0000000000e-02, 7.4236266667e+03
 1500548700, 5.0000000000e+01, 2.4000000000e+01, 1.0000000000e+01, 5.0000000000e-02, 7.4245733333e+03
 1500549000, 5.0000000000e+01, 2.4000000000e+01, 1.0000000000e+01, 5.0000000000e-02, 7.4246000000e+03
 1500549300, 5.4133333333e+01, 2.4000000000e+01, 1.0000000000e+01, 5.0000000000e-02, 7.4232000000e+03
 1500549600, 5.1866666667e+01, 2.4000000000e+01, 1.0000000000e+01, 5.0000000000e-02, 7.4232000000e+03
 1500549900, 5.0000000000e+01, 2.4000000000e+01, 1.0000000000e+01, 5.0000000000e-02, 7.4229733333e+03
 1500550200, 5.0000000000e+01, 2.4000000000e+01, 1.0000000000e+01, 5.0000000000e-02, 7.4232533333e+03
 1500550500, 5.0000000000e+01, 2.4000000000e+01, 1.0000000000e+01, 5.0000000000e-02, 7.4233733333e+03
 1500550800, 5.0000000000e+01, 2.4000000000e+01, 1.0000000000e+01, 5.0000000000e-02, 7.4238300000e+03
 1500551100, 5.0000000000e+01, 2.4000000000e+01, 1.0000000000e+01, 5.0000000000e-02, 7.4245733333e+03
 1500551400, 5.3133333333e+01, 2.5253333333e+01, 1.0000000000e+01, 5.0000000000e-02, 7.4234000000e+03
 1500551700, 5.2866666667e+01, 2.5146666667e+01, 1.0000000000e+01, 5.0000000000e-02, 7.4234000000e+03
 1500552000, 5.1133333333e+01, 2.4000000000e+01, 1.0000000000e+01, 5.0000000000e-02, 7.4234533333e+03
 1500552300, 5.4866666667e+01, 2.4000000000e+01, 1.0000000000e+01, 5.0000000000e-02, 7.4227733333e+03
 1500552600, 5.0000000000e+01, 2.4000000000e+01, 1.0000000000e+01, 5.0000000000e-02, 7.4230000000e+03
 1500552900, 5.0000000000e+01, 2.4000000000e+01, 1.0000000000e+01, 5.0000000000e-02, 7.4228266667e+03
 1500553200, 5.0000000000e+01, 2.4000000000e+01, 1.0000000000e+01, 5.0000000000e-02, 7.4234000000e+03
 1500553500, 5.0000000000e+01, 2.4000000000e+01, 1.0000000000e+01, 5.2000000000e-02, 7.4224000000e+03
 1500553800, 5.1133333333e+01, 2.4000000000e+01, 1.0000000000e+01, 5.2000000000e-02, 7.4234533333e+03
 1500554100, 5.4866666667e+01, 2.4000000000e+01, 1.0000000000e+01, 5.2266666667e-02, 7.4233733333e+03
 1500554400, 5.0000000000e+01, 2.4000000000e+01, 1.0000000000e+01, 5.7733333333e-02, 7.4224266667e+03
 1500554700, 5.0000000000e+01, 2.4000000000e+01, 1.0000000000e+01, 5.0000000000e-02, 7.4230000000e+03
 1500555000, 5.0000000000e+01, 2.4000000000e+01, 1.0000000000e+01, 5.2000000000e-02, 7.4226400000e+03
 1500555300, 5.0000000000e+01, 2.4000000000e+01, 1.0000000000e+01, 5.0000000000e-02, 7.4230266667e+03
 1500555600, 5.0000000000e+01, 2.4000000000e+01, 1.0000000000e+01, 5.0000000000e-02, 7.4230266667e+03
 1500555900, 5.0000000000e+01, 2.4000000000e+01, 1.0000000000e+01, 5.0000000000e-02, 7.4231733333e+03
 1500556200, 5.0000000000e+01, 2.4000000000e+01, 1.0000000000e+01, 5.0266666667e-02, 7.4231733333e+03
 1500556500, 5.4133333333e+01, 2.4000000000e+01, 1.1653333333e+01, 5.1733333333e-02, 7.4222000000e+03
 1500556800, 5.1866666667e+01, 2.4000000000e+01, 1.0746666667e+01, 5.0000000000e-02, 7.4228266667e+03
 1500557100, 5.0000000000e+01, 2.4000000000e+01, 1.0000000000e+01, 5.0000000000e-02, 7.4231733333e+03
 1500557400, 5.0000000000e+01, 2.4000000000e+01, 1.0000000000e+01, 5.0000000000e-02, 7.4228533333e+03
 1500557700, 5.0000000000e+01, 2.4000000000e+01, 1.0000000000e+01, 5.0000000000e-02, 7.4240000000e+03
 1500558000, 5.0000000000e+01, 2.4000000000e+01, 1.0000000000e+01, 5.0000000000e-02, 7.4241466667e+03
 1500558300, 5.0000000000e+01, 2.4000000000e+01, 1.0000000000e+01, 5.0000000000e-02, 7.4226266667e+03
 1500558600, 5.0000000000e+01, 2.4000000000e+01, 1.0000000000e+01, 5.0000000000e-02, 7.4230000000e+03
 1500558900, 5.0000000000e+01, 2.4000000000e+01, 1.0000000000e+01, 5.0000000000e-02, 7.4224000000e+03
 1500559200, 5.0000000000e+01, 2.4000000000e+01, 1.0000000000e+01, 5.2000000000e-02, 7.4222000000e+03
 1500559500, 5.0000000000e+01, 2.4000000000e+01, 1.0000000000e+01, 5.4000000000e-02, 7.4223733333e+03
 1500559800, 5.0000000000e+01, 2.4000000000e+01, 1.0000000000e+01, 5.2000000000e-02, 7.4220000000e+03
 1500560100, 5.0000000000e+01, 2.4000000000e+01, 1.0000000000e+01, 5.4000000000e-02, 7.4222266667e+03
 1500560400, 5.0000000000e+01, 2.4000000000e+01, 1.0000000000e+01, 6.0266666667e-02, 7.4230000000e+03
 1500560700, 5.4266666667e+01, 2.5706666667e+01, 1.0853333333e+01, 5.1733333333e-02, 7.4232000000e+03
 1500561000, 5.7733333333e+01, 2.7093333333e+01, 1.1546666667e+01, 5.0000000000e-02, 7.4217733333e+03
 1500561300, 5.0133333333e+01, 2.4000000000e+01, 1.0000000000e+01, 5.0000000000e-02, 7.4214266667e+03
 1500561600, 5.5000000000e+01, 2.4000000000e+01, 1.0000000000e+01, 5.2000000000e-02, 7.4217733333e+03
 1500561900, 5.0866666667e+01, 2.4000000000e+01, 1.0000000000e+01, 5.0000000000e-02, 7.4218000000e+03
 1500562200, 5.0000000000e+01, 2.4000000000e+01, 1.0000000000e+01, 5.0000000000e-02, 7.4214266667e+03
 1500562500, 5.0000000000e+01, 2.4000000000e+01, 1.0000000000e+01, 5.0000000000e-02, 7.4220000000e+03
 1500562800, 5.1133333333e+01, 2.4000000000e+01, 1.0000000000e+01, 5.0000000000e-02, 7.4217733333e+03
 1500563100, 5.4866666667e+01, 2.4000000000e+01, 1.0000000000e+01, 5.0000000000e-02, 7.4226000000e+03
 1500563400, 5.0000000000e+01, 2.4000000000e+01, 1.0000000000e+01, 5.0000000000e-02, 7.4224000000e+03
 1500563700, 5.0000000000e+01, 2.4000000000e+01, 1.0000000000e+01, 5.2266666667e-02, 7.4226000000e+03
 1500564000, 5.0000000000e+01, 2.4000000000e+01, 1.0000000000e+01, 5.3733333333e-02, 7.4220266667e+03
 1500564300, 5.2133333333e+01, 2.4853333333e+01, 1.0853333333e+01, 5.4266666667e-02, 7.4226533333e+03
 1500564600, 5.3866666667e+01, 2.5546666667e+01, 1.1546666667e+01, 5.5066666667e-02, 7.4237600000e+03
 1500564900, 5.4266666667e+01, 2.7893333333e+01, 1.0266666667e+01, 4.1893333333e-01, 7.6396666667e+03
 1500565200, 2.1000000000e+02, 1.7000000000e+02, 2.0000000000e+01, 3.8889333333e+00, 1.2693173333e+04
 1500565500, 2.1413333333e+02, 1.7496000000e+02, 2.1653333333e+01, 7.5382666667e+00, 1.0802853333e+04
 1500565800, 2.2126666667e+02, 1.8352000000e+02, 2.2000000000e+01, 1.0062933333e+01, 1.0495573333e+04
 1500566100, 2.3140000000e+02, 1.8885333333e+02, 2.6266666667e+01, 1.1899200000e+01, 1.4464946667e+04
 1500566400, 2.4226666667e+02, 1.9136000000e+02, 3.2453333333e+01, 1.3216000000e+01, 1.2561173333e+04
 1500566700, 2.4946666667e+02, 1.9578666667e+02, 3.3680000000e+01, 1.4160133333e+01, 1.0513253333e+04
 1500567000, 2.3000000000e+02, 1.8800000000e+02, 2.2000000000e+01, 1.4885466667e+01, 1.0505586667e+04
 1500567300, 1.0238333333e+02, 6.6146666667e+01, 1.5413333333e+01, 1.5279033333e+01, 8.4909100000e+03
 1500567600, 1.7785000000e+02, 1.3225333333e+02, 2.6466666667e+01, 1.5689433333e+01, 1.2432793333e+04
 1500567900, 2.4000000000e+02, 1.8970666667e+02, 3.1440000000e+01, 1.5957333333e+01, 1.2485746667e+04
 1500568200, 2.3206666667e+02, 1.8565333333e+02, 2.6186666667e+01, 1.6180666667e+01, 1.2534000000e+04
 1500568500, 2.0553333333e+02, 1.6453333333e+02, 2.0053333333e+01, 1.6041733333e+01, 8.4719866667e+03
 1500568800, 2.2500000000e+02, 1.8400000000e+02, 2.2000000000e+01, 1.6159200000e+01, 1.0493226667e+04
 1500569100, 1.8780000000e+02, 1.4762666667e+02, 2.0346666667e+01, 1.6246133333e+01, 1.4460320000e+04
 1500569400, 2.0820000000e+02, 1.6757333333e+02, 2.1253333333e+01, 1.6305600000e+01, 1.2683920000e+04
 1500569700, 2.2500000000e+02, 1.8400000000e+02, 2.2000000000e+01, 1.6254666667e+01, 8.4682800000e+03
 1500570000, 2.2613333333e+02, 1.8536000000e+02, 2.2000000000e+01, 1.6391200000e+01, 1.0456173333e+04
 1500570300, 2.2973333333e+02, 1.8973333333e+02, 2.2000000000e+01, 1.6414666667e+01, 1.2282293333e+04
 1500570600, 2.2000000000e+02, 1.8000000000e+02, 2.2000000000e+01, 1.6476266667e+01, 1.2561373333e+04
 1500570900, 2.1586666667e+02, 1.7834666667e+02, 2.2000000000e+01, 1.6518266667e+01, 1.0801026667e+04
 1500571200, 2.0246666667e+02, 1.6797333333e+02, 1.5733333333e+01, 1.6389333333e+01, 1.0045026667e+04
 1500571500, 2.1206666667e+02, 1.7224000000e+02, 1.9680000000e+01, 1.6370800000e+01, 1.2638920000e+04
 1500571800, 2.2820000000e+02, 1.8101333333e+02, 2.7733333333e+01, 1.6468800000e+01, 1.2858533333e+04
 1500572100, 2.0553333333e+02, 1.6458666667e+02, 2.0053333333e+01, 1.6413333333e+01, 1.0044920000e+04
 1500572400, 2.2500000000e+02, 1.8600000000e+02, 2.2000000000e+01, 1.6463066667e+01, 1.0513626667e+04
 1500572700, 2.2500000000e+02, 1.8600000000e+02, 2.2000000000e+01, 1.6491066667e+01, 1.0297600000e+04
 1500573000, 2.2500000000e+02, 1.8474666667e+02, 2.2000000000e+01, 1.6595600000e+01, 1.2692600000e+04
 1500573300, 2.2500000000e+02, 1.8485333333e+02, 2.2000000000e+01, 1.6663200000e+01, 1.0289146667e+04
 1500573600, 2.2500000000e+02, 1.8554666667e+02, 2.2000000000e+01, 1.6631466667e+01, 1.0808093333e+04
 1500573900, 2.2513333333e+02, 1.8416000000e+02, 2.2000000000e+01, 1.6718533333e+01, 1.4586360000e+04
 1500574200, 2.3000000000e+02, 1.9000000000e+02, 2.2000000000e+01, 1.6766000000e+01, 1.2697520000e+04
 1500574500, 2.2586666667e+02, 1.8669333333e+02, 2.2000000000e+01, 1.6635200000e+01, 1.0675333333e+04
 1500574800, 2.1560000000e+02, 1.7722666667e+02, 2.2000000000e+01, 1.6567600000e+01, 1.0495600000e+04
 1500575100, 1.8226666667e+02, 1.4384000000e+02, 2.1146666667e+01, 1.6625600000e+01, 1.2132346667e+04
 1500575400, 1.6426666667e+02, 1.2458666667e+02, 2.0453333333e+01, 1.6693333333e+01, 1.0519800000e+04
 1500575700, 2.3000000000e+02, 1.8805333333e+02, 2.2000000000e+01, 1.6700933333e+01, 1.0207400000e+04
 1500576000, 2.3000000000e+02, 1.9000000000e+02, 2.2000000000e+01, 1.6698266667e+01, 1.0517480000e+04
 1500576300, 2.1760000000e+02, 1.7677333333e+02, 2.2000000000e+01, 1.6698400000e+01, 1.0289920000e+04
 1500576600, 2.2440000000e+02, 1.8402666667e+02, 2.2000000000e+01, 1.6674533333e+01, 1.0517573333e+04
 1500576900, 2.2786666667e+02, 1.8914666667e+02, 2.2000000000e+01, 1.6626800000e+01, 1.0792186667e+04
 1500577200, 2.2386666667e+02, 1.8618666667e+02, 2.2000000000e+01, 1.6406400000e+01, 1.0210680000e+04
 1500577500, 2.1986666667e+02, 1.7989333333e+02, 2.2000000000e+01, 1.6250800000e+01, 1.0502640000e+04
 1500577800, 2.1500000000e+02, 1.7600000000e+02, 2.2000000000e+01, 1.6147066667e+01, 1.2610693333e+04
 1500578100, 2.2326666667e+02, 1.8426666667e+02, 2.2000000000e+01, 1.6049866667e+01, 1.0494346667e+04
 1500578400, 2.2500000000e+02, 1.8600000000e+02, 2.2000000000e+01, 1.5986400000e+01, 1.0494546667e+04
 1500578700, 2.2073333333e+02, 1.8258666667e+02, 2.2000000000e+01, 1.5960533333e+01, 1.2545280000e+04
 1500579000, 2.1726666667e+02, 1.7936000000e+02, 2.2000000000e+01, 1.5972533333e+01, 8.1698266667e+03
 1500579300, 2.2460000000e+02, 1.8362666667e+02, 2.1946666667e+01, 1.5990000000e+01, 1.0495440000e+04
 1500579600, 2.1000000000e+02, 1.7000000000e+02, 2.0000000000e+01, 1.5990266667e+01, 8.6170933333e+03
 1500579900, 2.3480000000e+02, 1.8653333333e+02, 2.9920000000e+01, 1.6000000000e+01, 1.0496906667e+04
 1500580200, 1.6166666667e+02, 1.1730666667e+02, 2.4480000000e+01, 1.6008266667e+01, 1.0205693333e+04
 1500580500, 1.6406666667e+02, 1.2434666667e+02, 2.0853333333e+01, 1.5968400000e+01, 1.0505093333e+04
 1500580800, 2.3000000000e+02, 1.9154666667e+02, 2.2000000000e+01, 1.5916933333e+01, 1.0496546667e+04
 1500581100, 2.3000000000e+02, 1.9005333333e+02, 2.2000000000e+01, 1.5889200000e+01, 1.0317226667e+04
 1500581400, 2.3000000000e+02, 1.9200000000e+02, 2.2000000000e+01, 1.5897066667e+01, 1.0495173333e+04
 1500581700, 2.3000000000e+02, 1.9034666667e+02, 2.2000000000e+01, 1.5930800000e+01, 1.0449653333e+04
 1500582000, 2.2373333333e+02, 1.8498666667e+02, 2.2000000000e+01, 1.5924400000e+01, 8.3212000000e+03
 1500582300, 2.2213333333e+02, 1.8370666667e+02, 2.2000000000e+01, 1.5886933333e+01, 1.0504746667e+04
 1500582600, 2.2500000000e+02, 1.8418666667e+02, 2.3813333333e+01, 1.5867066667e+01, 1.0493400000e+04
 1500582900, 2.2553333333e+02, 1.7837333333e+02, 3.0053333333e+01, 1.5900666667e+01, 1.0510826667e+04
 1500583200, 2.4500000000e+02, 1.9200000000e+02, 3.2000000000e+01, 1.5863600000e+01, 1.0496066667e+04
 1500583500, 2.3260000000e+02, 1.9034666667e+02, 2.3733333333e+01, 1.5910800000e+01, 1.0472106667e+04
 1500583800, 2.2060000000e+02, 1.8122666667e+02, 2.2000000000e+01, 1.5940533333e+01, 8.4880933333e+03
 1500584100, 2.2140000000e+02, 1.8112000000e+02, 2.2000000000e+01, 1.5896666667e+01, 1.0499693333e+04
 1500584400, 2.2773333333e+02, 1.8573333333e+02, 2.2000000000e+01, 1.5888000000e+01, 1.2386600000e+04
 1500584700, 2.1986666667e+02, 1.7794666667e+02, 2.2000000000e+01, 1.5877700000e+01, 1.0495186667e+04
 1500585000, 2.1500000000e+02, 1.7600000000e+02, 2.2000000000e+01, 1.5852933333e+01, 8.1686666667e+03
 1500585300, 2.2740000000e+02, 1.8096000000e+02, 2.2000000000e+01, 1.5845733333e+01, 1.0499493333e+04
 1500585600, 2.2686666667e+02, 1.8325333333e+02, 2.2000000000e+01, 1.5833466667e+01, 1.0340800000e+04
 1500585900, 2.2500000000e+02, 1.8485333333e+02, 2.2000000000e+01, 1.5841600000e+01, 1.0494053333e+04
 1500586200, 2.2726666667e+02, 1.8600000000e+02, 2.3813333333e+01, 1.5871200000e+01, 1.0340626667e+04
 1500586500, 2.3540000000e+02, 1.8621333333e+02, 3.0106666667e+01, 1.5867066667e+01, 1.0497746667e+04
 1500586800, 2.5000000000e+02, 1.9400000000e+02, 3.4000000000e+01, 1.5907066667e+01, 1.0475200000e+04
 1500587100, 2.4586666667e+02, 1.9400000000e+02, 3.4000000000e+01, 1.5885200000e+01, 8.4583466667e+03
 1500587400, 2.2933333333e+02, 1.8397333333e+02, 2.6480000000e+01, 1.5911066667e+01, 1.0496666667e+04
 1500587700, 2.2000000000e+02, 1.7970666667e+02, 2.2000000000e+01, 1.5946266667e+01, 1.0497146667e+04
 1500588000, 2.1886666667e+02, 1.8064000000e+02, 2.2000000000e+01, 1.5950000000e+01, 1.2382320000e+04
 1500588300, 2.1526666667e+02, 1.7621333333e+02, 2.2000000000e+01, 1.5910933333e+01, 1.0496080000e+04
 1500588600, 2.2500000000e+02, 1.8400000000e+02, 2.2000000000e+01, 1.5887200000e+01, 1.0495293333e+04
 1500588900, 2.2500000000e+02, 1.8400000000e+02, 2.2000000000e+01, 1.5863166667e+01, 1.2670423333e+04
 1500589200, 2.2500000000e+02, 1.8400000000e+02, 2.2000000000e+01, 1.5867066667e+01, 1.0495373333e+04
 1500589500, 2.1646666667e+02, 1.7546666667e+02, 2.1146666667e+01, 1.5894533333e+01, 1.4718693333e+04
 1500589800, 2.0953333333e+02, 1.6898666667e+02, 2.0453333333e+01, 1.5791733333e+01, 1.0476000000e+04
 1500590100, 2.2500000000e+02, 1.8600000000e+02, 2.2000000000e+01, 1.5785866667e+01, 8.1680666667e+03
 1500590400, 2.2500000000e+02, 1.8600000000e+02, 2.2000000000e+01, 1.5851600000e+01, 8.4784133333e+03
 1500590700, 2.4566666667e+02, 1.9261333333e+02, 3.1920000000e+01, 1.5899333333e+01, 1.0490613333e+04
 1500591000, 2.0613333333e+02, 1.5640000000e+02, 3.0240000000e+01, 1.5897200000e+01, 1.0013040000e+04
 1500591300, 2.0133333333e+02, 1.5789333333e+02, 2.5440000000e+01, 1.5921066667e+01, 1.0496973333e+04
 1500591600, 2.2886666667e+02, 1.8909333333e+02, 2.2000000000e+01, 1.5927200000e+01, 1.2672173333e+04
 1500591900, 2.2526666667e+02, 1.8616000000e+02, 2.2000000000e+01, 1.5886933333e+01, 1.0495080000e+04
 1500592200, 2.3500000000e+02, 1.9200000000e+02, 2.2000000000e+01, 1.5864933333e+01, 1.2676146667e+04
 1500592500, 2.3500000000e+02, 1.9200000000e+02, 2.2000000000e+01, 1.5853600000e+01, 1.1651386667e+04
 1500592800, 2.2246666667e+02, 1.8072000000e+02, 2.2000000000e+01, 1.5847466667e+01, 1.0498373333e+04
 1500593100, 2.2993333333e+02, 1.8338666667e+02, 2.7973333333e+01, 1.5876666667e+01, 1.8932866667e+04
 1500593400, 2.4433333333e+02, 1.9373333333e+02, 3.2826666667e+01, 1.5857866667e+01, 1.0499413333e+04
 1500593700, 2.2540000000e+02, 1.8600000000e+02, 2.2266666667e+01, 1.5905066667e+01, 1.0786173333e+04
 1500594000, 2.4000000000e+02, 1.8600000000e+02, 3.2000000000e+01, 1.5891133333e+01, 1.0499146667e+04
 1500594300, 2.5240000000e+02, 1.9757333333e+02, 3.5306666667e+01, 1.5859200000e+01, 1.0497773333e+04
 1500594600, 2.3306666667e+02, 1.8746666667e+02, 2.7226666667e+01, 1.5829466667e+01, 1.0497146667e+04
 1500594900, 2.2000000000e+02, 1.8000000000e+02, 2.2000000000e+01, 1.5867066667e+01, 1.0493146667e+04
 1500595200, 2.2113333333e+02, 1.8045333333e+02, 2.2000000000e+01, 1.5861200000e+01, 1.2386400000e+04
 1500595500, 2.2500000000e+02, 1.8205333333e+02, 2.2000000000e+01, 1.5845466667e+01, 1.2675226667e+04
 1500595800, 2.2500000000e+02, 1.8400000000e+02, 2.2000000000e+01, 1.5861266667e+01, 1.0500566667e+04
 1500596100, 2.2086666667e+02, 1.7738666667e+02, 2.2000000000e+01, 1.5921866667e+01, 1.2674333333e+04
 1500596400, 2.2626666667e+02, 1.8477333333e+02, 2.2000000000e+01, 1.5896933333e+01, 1.0343826667e+04
 1500596700, 2.2786666667e+02, 1.8744000000e+02, 2.2000000000e+01, 1.5883733333e+01, 1.0506320000e+04
 1500597000, 2.2500000000e+02, 1.8400000000e+02, 2.2000000000e+01, 1.5875733333e+01, 1.0499173333e+04
 1500597300, 2.2580000000e+02, 1.8437333333e+02, 2.2373333333e+01, 1.5865333333e+01, 1.0494253333e+04
 1500597600, 2.5500000000e+02, 1.9800000000e+02, 3.6000000000e+01, 1.5900800000e+01, 1.0785533333e+04
 1500597900, 2.5086666667e+02, 1.9469333333e+02, 3.6000000000e+01, 1.5947066667e+01, 1.0464956667e+04
 1500598200, 2.3753333333e+02, 1.9026000000e+02, 2.7273333333e+01, 1.5915033333e+01, 1.0350006667e+04
 1500598500, 1.7026666667e+02, 1.3082666667e+02, 2.1146666667e+01, 1.4998133333e+01, 1.1824653333e+04
 1500598800, 9.0000000000e+01, 5.3546666667e+01, 2.0000000000e+01, 1.1391066667e+01, 7.4327733333e+03
 1500599100, 8.9066666667e+01, 5.1253333333e+01, 1.9733333333e+01, 8.4358666667e+00, 7.4196000000e+03
 1500599400, 5.5000000000e+01, 2.4000000000e+01, 1.0000000000e+01, 6.1482333333e+00, 7.4166500000e+03
 1500599700, 5.5000000000e+01, 2.4000000000e+01, 1.0000000000e+01, 4.4786666667e+00, 7.4176266667e+03
 1500600000, 5.5000000000e+01, 2.4000000000e+01, 1.0000000000e+01, 3.2530666667e+00, 7.4183066667e+03
 1500600300, 5.5000000000e+01, 2.4000000000e+01, 1.0000000000e+01, 2.3645333333e+00, 7.4183600000e+03
 1500600600, 5.5000000000e+01, 2.4000000000e+01, 1.0000000000e+01, 1.7333333333e+00, 7.4166133333e+03
 1500600900, 5.5000000000e+01, 2.4000000000e+01, 1.0000000000e+01, 1.2738666667e+00, 7.4176000000e+03
 1500601200, 5.5000000000e+01, 2.4000000000e+01, 1.0000000000e+01, 9.3400000000e-01, 7.4186533333e+03
 1500601500, 5.5000000000e+01, 2.5653333333e+01, 1.0000000000e+01, 6.8293333333e-01, 7.4190000000e+03
 1500601800, 5.5000000000e+01, 2.4746666667e+01, 1.0000000000e+01, 5.0773333333e-01, 7.4194000000e+03
 1500602100, 5.5000000000e+01, 2.4000000000e+01, 1.0000000000e+01, 3.7306666667e-01, 7.4196266667e+03
 1500602400, 5.5000000000e+01, 2.4000000000e+01, 1.0000000000e+01, 2.7386666667e-01, 7.4200000000e+03
 1500602700, 5.5000000000e+01, 2.4000000000e+01, 1.0000000000e+01, 2.0880000000e-01, 7.4206533333e+03
 1500603000, 5.5000000000e+01, 2.4000000000e+01, 1.0000000000e+01, 1.6293333333e-01, 7.4201733333e+03
 1500603300, 5.5000000000e+01, 2.4000000000e+01, 1.0000000000e+01, 1.2546666667e-01, 7.4194266667e+03
 1500603600, 5.5000000000e+01, 2.4000000000e+01, 1.0000000000e+01, 1.2200000000e-01, 7.4198000000e+03
 1500603900, 5.2866666667e+01, 2.4000000000e+01, 1.0000000000e+01, 1.0746666667e-01, 7.4206000000e+03
 1500604200, 5.1133333333e+01, 2.4000000000e+01, 1.0000000000e+01, 1.1426666667e-01, 7.4202033333e+03
 1500604500, 5.5000000000e+01, 2.4000000000e+01, 1.0000000000e+01, 9.9466666667e-02, 7.4210000000e+03
 1500604800, 5.5000000000e+01, 2.4000000000e+01, 1.0000000000e+01, 7.7466666667e-02, 7.4206266667e+03
 1500605100, 5.5000000000e+01, 2.4000000000e+01, 1.0000000000e+01, 5.7466666667e-02, 7.4211733333e+03
 1500605400, 5.5000000000e+01, 2.4000000000e+01, 1.0000000000e+01, 5.0000000000e-02, 7.4207733333e+03
 1500605700, 5.7133333333e+01, 2.6560000000e+01, 1.0000000000e+01, 5.0000000000e-02, 7.4206466667e+03
 1500606000, 5.8866666667e+01, 2.8640000000e+01, 1.0000000000e+01, 5.2000000000e-02, 7.4208000000e+03
 1500606300, 5.5000000000e+01, 2.4000000000e+01, 1.0000000000e+01, 5.0000000000e-02, 7.4200000000e+03
 1500606600, 5.5000000000e+01, 2.4000000000e+01, 1.0000000000e+01, 5.0000000000e-02, 7.4196266667e+03
 1500606900, 5.5000000000e+01, 2.5653333333e+01, 1.0000000000e+01, 5.5800000000e-02, 7.4204400000e+03
 1500607200, 5.5000000000e+01, 2.4746666667e+01, 1.0000000000e+01, 5.0000000000e-02, 7.4212533333e+03
 1500607500, 5.2866666667e+01, 2.4000000000e+01, 1.0000000000e+01, 5.0000000000e-02, 7.4203200000e+03
 1500607800, 5.1116666667e+01, 2.4000000000e+01, 1.0000000000e+01, 5.0000000000e-02, 7.4198300000e+03
 1500608100, 5.5000000000e+01, 2.4000000000e+01, 1.0000000000e+01, 5.0000000000e-02, 7.4202000000e+03
 1500608400, 5.5000000000e+01, 2.4000000000e+01, 1.0000000000e+01, 5.0000000000e-02, 7.4204266667e+03
 1500608700, 5.5000000000e+01, 2.4000000000e+01, 1.0000000000e+01, 5.0000000000e-02, 7.4207733333e+03
 1500609000, 5.1866666667e+01, 2.4000000000e+01, 1.0000000000e+01, 5.0000000000e-02, 7.4202266667e+03
 1500609300, 5.0000000000e+01, 2.4000000000e+01, 1.0000000000e+01, 5.0000000000e-02, 7.4205733333e+03
 1500609600, 5.0000000000e+01, 2.4000000000e+01, 1.0000000000e+01, 5.0000000000e-02, 7.4198000000e+03
 1500609900, 5.0000000000e+01, 2.4000000000e+01, 1.0000000000e+01, 5.0000000000e-02, 7.4206266667e+03
 1500610200, 5.0000000000e+01, 2.4000000000e+01, 1.0000000000e+01, 5.0000000000e-02, 7.4214266667e+03
 1500610500, 5.0000000000e+01, 2.4000000000e+01, 1.0000000000e+01, 5.4000000000e-02, 7.4211733333e+03
 1500610800, 5.0000000000e+01, 2.4000000000e+01, 1.0000000000e+01, 5.0000000000e-02, 7.4212000000e+03
 1500611100, 5.0000000000e+01, 2.4000000000e+01, 1.0000000000e+01, 5.0000000000e-02, 7.4208000000e+03
 1500611400, 5.0000000000e+01, 2.4000000000e+01, 1.0000000000e+01, 5.0000000000e-02, 7.4224000000e+03
 1500611700, 5.0000000000e+01, 2.4000000000e+01, 1.0000000000e+01, 5.0000000000e-02, 7.4216533333e+03
 1500612000, 5.0000000000e+01, 2.4000000000e+01, 1.0000000000e+01, 5.0000000000e-02, 7.4219733333e+03
 1500612300, 5.0000000000e+01, 2.4000000000e+01, 1.0000000000e+01, 5.0000000000e-02, 7.4220000000e+03
 1500612600, 5.0000000000e+01, 2.4000000000e+01, 1.0000000000e+01, 5.0000000000e-02, 7.4205733333e+03
 1500612900, 5.0000000000e+01, 2.4000000000e+01, 1.0000000000e+01, 5.0000000000e-02, 7.4202266667e+03
 1500613200, 5.0000000000e+01, 2.4000000000e+01, 1.0000000000e+01, 5.0000000000e-02, 7.4203733333e+03
 1500613500, 5.0000000000e+01, 2.4000000000e+01, 1.0000000000e+01, 5.0000000000e-02, 7.4204266667e+03
 1500613800, 5.0000000000e+01, 2.4000000000e+01, 1.0000000000e+01, 5.0000000000e-02, 7.4206000000e+03
 1500614100, 5.4133333333e+01, 2.5653333333e+01, 1.0000000000e+01, 5.0000000000e-02, 7.4206533333e+03
 1500614400, 5.5000000000e+01, 2.6000000000e+01, 1.0000000000e+01, 5.0000000000e-02, 7.4212000000e+03
 1500614700, 5.2866666667e+01, 2.5146666667e+01, 1.0000000000e+01, 5.0000000000e-02, 7.4210533333e+03
 1500615000, 5.0000000000e+01, 2.4000000000e+01, 1.0000000000e+01, 5.0000000000e-02, 7.4210400000e+03
 1500615300, 5.0133333333e+01, 2.4000000000e+01, 1.0000000000e+01, 5.0000000000e-02, 7.4196000000e+03
 1500615600, 5.5000000000e+01, 2.4000000000e+01, 1.0000000000e+01, 5.0000000000e-02, 7.4206266667e+03
 1500615900, 5.5000000000e+01, 2.5653333333e+01, 1.0000000000e+01, 5.0000000000e-02, 7.4214000000e+03
 1500616200, 5.5000000000e+01, 2.6000000000e+01, 1.1253333333e+01, 5.0000000000e-02, 7.4209466667e+03
 1500616500, 5.5000000000e+01, 2.6000000000e+01, 1.2000000000e+01, 5.0533333333e-02, 7.4204266667e+03
 1500616800, 5.3866666667e+01, 2.5546666667e+01, 1.1546666667e+01, 6.1466666667e-02, 7.4220533333e+03
 1500617100, 5.0000000000e+01, 2.4000000000e+01, 1.0000000000e+01, 5.0000000000e-02, 7.4217200000e+03
 1500617400, 5.0000000000e+01, 2.4000000000e+01, 1.0000000000e+01, 5.0000000000e-02, 7.4214533333e+03
 1500617700, 5.0000000000e+01, 2.4000000000e+01, 1.0000000000e+01, 5.0000000000e-02, 7.4224000000e+03
 1500618000, 5.3133333333e+01, 2.5253333333e+01, 1.0000000000e+01, 5.0000000000e-02, 7.4214000000e+03
 1500618300, 5.2866666667e+01, 2.5146666667e+01, 1.0000000000e+01, 5.0000000000e-02, 7.4212266667e+03
 1500618600, 5.1133333333e+01, 2.4453333333e+01, 1.0000000000e+01, 5.0000000000e-02, 7.4213466667e+03
 1500618900, 5.4866666667e+01, 2.5946666667e+01, 1.0000000000e+01, 5.0000000000e-02, 7.4204000000e+03
 1500619200, 5.0000000000e+01, 2.4000000000e+01, 1.0000000000e+01, 5.2000000000e-02, 7.4205733333e+03
 1500619500, 5.0000000000e+01, 2.4000000000e+01, 1.0000000000e+01, 5.0000000000e-02, 7.4204266667e+03
 1500619800, 5.0000000000e+01, 2.4000000000e+01, 1.0000000000e+01, 5.0000000000e-02, 7.4206000000e+03
 1500620100, 5.0000000000e+01, 2.4000000000e+01, 1.0000000000e+01, 5.0000000000e-02, 7.4207466667e+03
 1500620400, 5.0000000000e+01, 2.4000000000e+01, 1.0000000000e+01, 5.0533333333e-02, 7.4208533333e+03
 1500620700, 5.0000000000e+01, 2.4000000000e+01, 1.0000000000e+01, 6.1466666667e-02, 7.4212266667e+03
 1500621000, 5.0000000000e+01, 2.4000000000e+01, 1.0000000000e+01, 5.0000000000e-02, 7.4200000000e+03
 1500621300, 5.0000000000e+01, 2.4000000000e+01, 1.0000000000e+01, 5.0000000000e-02, 7.4193466667e+03
 1500621600, 5.0000000000e+01, 2.4000000000e+01, 1.0000000000e+01, 5.0266666667e-02, 7.4198266667e+03
 1500621900, 5.0000000000e+01, 2.4000000000e+01, 1.0000000000e+01, 6.1733333333e-02, 7.4214266667e+03
 1500622200, 5.0000000000e+01, 2.4000000000e+01, 1.0000000000e+01, 5.8266666667e-02, 7.4218266667e+03
 1500622500, 5.0000000000e+01, 2.4000000000e+01, 1.0000000000e+01, 6.1733333333e-02, 7.4211733333e+03
 1500622800, 5.0000000000e+01, 2.4000000000e+01, 1.0000000000e+01, 5.2266666667e-02, 7.4205733333e+03
 1500623100, 5.0000000000e+01, 2.4000000000e+01, 1.0000000000e+01, 5.3733333333e-02, 7.4218800000e+03
 1500623400, 5.0000000000e+01, 2.4000000000e+01, 1.0000000000e+01, 5.0000000000e-02, 7.4223466667e+03
 1500623700, 5.0000000000e+01, 2.4000000000e+01, 1.0000000000e+01, 5.0000000000e-02, 7.4212266667e+03
 1500624000, 5.0000000000e+01, 2.4000000000e+01, 1.0000000000e+01, 5.0000000000e-02, 7.4218000000e+03
 1500624300, 5.0000000000e+01, 2.4000000000e+01, 1.0000000000e+01, 5.0000000000e-02, 7.4211733333e+03
 1500624600, 5.0000000000e+01, 2.4000000000e+01, 1.0000000000e+01, 5.0000000000e-02, 7.4214266667e+03
 1500624900, 5.0000000000e+01, 2.4000000000e+01, 1.0000000000e+01, 5.0000000000e-02, 7.4221733333e+03
 1500625200, 5.0000000000e+01, 2.4000000000e+01, 1.0000000000e+01, 5.0000000000e-02, 7.4214266667e+03
 1500625500, 5.0000000000e+01, 2.4000000000e+01, 1.0000000000e+01, 5.0000000000e-02, 7.4214000000e+03
 1500625800, 5.0000000000e+01, 2.4000000000e+01, 1.0000000000e+01, 5.0000000000e-02, 7.4213733333e+03
 1500626100, 5.0000000000e+01, 2.4000000000e+01, 1.0000000000e+01, 5.0000000000e-02, 7.4214000000e+03
 1500626400, 5.0000000000e+01, 2.4000000000e+01, 1.0000000000e+01, 5.0000000000e-02, 7.4213733333e+03
 1500626700, 5.0000000000e+01, 2.4000000000e+01, 1.0000000000e+01, 5.0000000000e-02, 7.4200533333e+03
 1500627000, 5.0000000000e+01, 2.4000000000e+01, 1.0000000000e+01, 5.6000000000e-02, 7.4211733333e+03
 1500627300, 5.0000000000e+01, 2.4000000000e+01, 1.0000000000e+01, 5.2266666667e-02, 7.4210533333e+03
 1500627600, 5.0000000000e+01, 2.4000000000e+01, 1.0000000000e+01, 5.3733333333e-02, 7.4220266667e+03
 1500627900, 5.0000000000e+01, 2.4000000000e+01, 1.0000000000e+01, 5.0000000000e-02, 7.4213800000e+03
 1500628200, 5.0000000000e+01, 2.4000000000e+01, 1.0000000000e+01, 5.2266666667e-02, 7.4222266667e+03
 1500628500, 5.0000000000e+01, 2.4000000000e+01, 1.0000000000e+01, 5.3733333333e-02, 7.4224000000e+03
 1500628800, 5.0000000000e+01, 2.4000000000e+01, 1.0000000000e+01, 5.2000000000e-02, 7.4222266667e+03
 1500629100, 5.0000000000e+01, 2.4000000000e+01, 1.0000000000e+01, 5.6266666667e-02, 7.4221733333e+03
 1500629400, 5.0000000000e+01, 2.4000000000e+01, 1.0000000000e+01, 5.3733333333e-02, 7.4222800000e+03
 1500629700, 5.0000000000e+01, 2.4000000000e+01, 1.0000000000e+01, 5.0000000000e-02, 7.4236933333e+03
 1500630000, 5.0000000000e+01, 2.4000000000e+01, 1.0000000000e+01, 5.4000000000e-02, 7.4225466667e+03
 1500630300, 5.4133333333e+01, 2.5653333333e+01, 1.0000000000e+01, 5.0000000000e-02, 7.4216266667e+03
 1500630600, 5.5000000000e+01, 2.6000000000e+01, 1.0000000000e+01, 5.0000000000e-02, 7.4219733333e+03
 1500630900, 5.5000000000e+01, 2.6000000000e+01, 1.0000000000e+01, 5.0000000000e-02, 7.4224000000e+03
 1500631200, 5.3866666667e+01, 2.5546666667e+01, 1.0000000000e+01, 5.0000000000e-02, 7.4222266667e+03
 1500631500, 5.0133333333e+01, 2.4053333333e+01, 1.0000000000e+01, 5.0000000000e-02, 7.4225733333e+03
 1500631800, -nan, 2.6000000000e+01, -nan, 5.0000000000e-02, -nan
 1500632100, -nan, 2.4346666667e+01, -nan, 5.0000000000e-02, -nan
 1500632400, -nan, 2.6506666667e+01, -nan, 5.0000000000e-02, -nan
 1500632700, -nan, -nan, -nan, 5.0000000000e-02, -nan
 1500633000, -nan, -nan, -nan, -nan, -nan
 1500633300, -nan, -nan, -nan, -nan, -nan
 1500633600, -nan, -nan, -nan, -nan, -nan
 1500633900, -nan, -nan, -nan, -nan, -nan
 1500634200, -nan, -nan, -nan, -nan, -nan
 1500634500, -nan, -nan, -nan, -nan, -nan
 1500634800, -nan, -nan, -nan, -nan, -nan
