 Time, ttl_pwr, cpu_pwr, mem_pwr, cpu_load, mem_load
 1500448500, 5.5000000000e+01, 2.4000000000e+01, 1.0386666667e+01, 5.6066666667e-02, 7.8456000000e+03
 1500448800, 5.5000000000e+01, 2.4000000000e+01, 1.1206666667e+01, 5.1933333333e-02, 7.8460000000e+03
 1500449100, 5.5000000000e+01, 2.4000000000e+01, 1.2000000000e+01, 5.0000000000e-02, 7.8466066667e+03
 1500449400, 5.5000000000e+01, 2.4000000000e+01, 1.2000000000e+01, 5.0000000000e-02, 7.8462000000e+03
 1500449700, 5.5000000000e+01, 2.4000000000e+01, 1.1986666667e+01, 5.0000000000e-02, 7.8468000000e+03
 1500450000, 5.5000000000e+01, 2.4000000000e+01, 1.0000000000e+01, 5.0000000000e-02, 7.8467933333e+03
 1500450300, 5.5000000000e+01, 2.4000000000e+01, 1.1613333333e+01, 5.2066666667e-02, 7.8464066667e+03
 1500450600, 5.5000000000e+01, 2.4000000000e+01, 1.0786666667e+01, 5.1933333333e-02, 7.8463933333e+03
 1500450900, 5.5000000000e+01, 2.4000000000e+01, 1.0000000000e+01, 5.2000000000e-02, 7.8450000000e+03
 1500451200, 5.5000000000e+01, 2.4000000000e+01, 1.0413333333e+01, 5.0000000000e-02, 7.8458000000e+03
 1500451500, 5.5000000000e+01, 2.4000000000e+01, 1.2000000000e+01, 5.0000000000e-02, 7.8454133333e+03
 1500451800, 5.5000000000e+01, 2.4000000000e+01, 1.2000000000e+01, 5.0000000000e-02, 7.8453866667e+03
 1500452100, 5.5000000000e+01, 2.4000000000e+01, 1.0386666667e+01, 5.0000000000e-02, 7.8452066667e+03
 1500452400, 5.5000000000e+01, 2.4000000000e+01, 1.1213333333e+01, 5.0000000000e-02, 7.8458000000e+03
 1500452700, 5.5000000000e+01, 2.4000000000e+01, 1.2000000000e+01, 5.0000000000e-02, 7.8454133333e+03
 1500453000, 5.5000000000e+01, 2.4000000000e+01, 1.2000000000e+01, 5.2000000000e-02, 7.8462000000e+03
 1500453300, 5.5000000000e+01, 2.4000000000e+01, 1.1986666667e+01, 5.4066666667e-02, 7.8468066667e+03
 1500453600, 5.5000000000e+01, 2.4000000000e+01, 1.0000000000e+01, 6.2000000000e-02, 7.8463666667e+03
 1500453900, 5.5000000000e+01, 2.4000000000e+01, 1.0000000000e+01, 5.6000000000e-02, 7.8451966667e+03
 1500454200, 5.5000000000e+01, 2.4000000000e+01, 1.0000000000e+01, 7.2000000000e-02, 7.8455966667e+03
 1500454500, 5.5000000000e+01, 2.4000000000e+01, 1.0000000000e+01, 7.8133333333e-02, 7.8456066667e+03
 1500454800, 5.5000000000e+01, 2.4000000000e+01, 1.0000000000e+01, 7.7800000000e-02, 7.8464000000e+03
 1500455100, 5.5000000000e+01, 2.4000000000e+01, 1.0000000000e+01, 5.5933333333e-02, 7.8466000000e+03
 1500455400, 5.5000000000e+01, 2.4000000000e+01, 1.0000000000e+01, 5.4000000000e-02, 7.8473866667e+03
 1500455700, 5.5000000000e+01, 2.4000000000e+01, 1.0000000000e+01, 5.6066666667e-02, 7.8464133333e+03
 1500456000, 5.5000000000e+01, 2.4000000000e+01, 1.1213333333e+01, 5.1933333333e-02, 7.8467933333e+03
 1500456300, 5.5000000000e+01, 2.4000000000e+01, 1.1186666667e+01, 5.0000000000e-02, 7.8464066667e+03
 1500456600, 5.3966666667e+01, 2.4000000000e+01, 1.0000000000e+01, 5.0000000000e-02, 7.8468066667e+03
 1500456900, 5.0000000000e+01, 2.4000000000e+01, 1.0000000000e+01, 5.0000000000e-02, 7.8463866667e+03
 1500457200, 5.0000000000e+01, 2.4000000000e+01, 1.0000000000e+01, 5.0000000000e-02, 7.8452066667e+03
 1500457500, 5.0000000000e+01, 2.4000000000e+01, 1.0000000000e+01, 5.0000000000e-02, 7.8473933333e+03
 1500457800, 5.3033333333e+01, 2.4000000000e+01, 1.0000000000e+01, 5.0000000000e-02, 7.8465933333e+03
 1500458100, 5.5000000000e+01, 2.4000000000e+01, 1.0000000000e+01, 5.0000000000e-02, 7.8453933333e+03
 1500458400, 5.5000000000e+01, 2.4000000000e+01, 1.0000000000e+01, 5.0000000000e-02, 7.8463866667e+03
 1500458700, 5.5000000000e+01, 2.4000000000e+01, 1.0000000000e+01, 5.0000000000e-02, 7.8471866667e+03
 1500459000, 5.5000000000e+01, 2.4000000000e+01, 1.0000000000e+01, 5.0000000000e-02, 7.8458066667e+03
 1500459300, 5.5000000000e+01, 2.4000000000e+01, 1.0000000000e+01, 5.0000000000e-02, 7.8474066667e+03
 1500459600, 5.5000000000e+01, 2.4000000000e+01, 1.1213333333e+01, 5.0000000000e-02, 7.8477933333e+03
 1500459900, 5.5000000000e+01, 2.4000000000e+01, 1.1186666667e+01, 5.2066666667e-02, 7.8464033333e+03
 1500460200, 5.5000000000e+01, 2.4000000000e+01, 1.0000000000e+01, 6.4066666667e-02, 7.8466066667e+03
 1500460500, 5.5000000000e+01, 2.4000000000e+01, 1.0206666667e+01, 7.5033333333e-02, 7.8462900000e+03
 1500460800, 5.5000000000e+01, 2.4000000000e+01, 1.1806666667e+01, 7.2900000000e-02, 7.8461133333e+03
 1500461100, 5.5000000000e+01, 2.4000000000e+01, 1.2000000000e+01, 5.7933333333e-02, 7.8468000000e+03
 1500461400, 5.5000000000e+01, 2.4000000000e+01, 1.0786666667e+01, 5.4000000000e-02, 7.8466066667e+03
 1500461700, 5.5000000000e+01, 2.4000000000e+01, 1.0000000000e+01, 5.0066666667e-02, 7.8474000000e+03
 1500462000, 5.5000000000e+01, 2.4000000000e+01, 1.0000000000e+01, 5.1933333333e-02, 7.8476000000e+03
 1500462300, 5.5000000000e+01, 2.4000000000e+01, 1.0013333333e+01, 5.0000000000e-02, 7.8472000000e+03
 1500462600, 5.5000000000e+01, 2.4000000000e+01, 1.2000000000e+01, 5.0000000000e-02, 7.8465933333e+03
 1500462900, 5.5000000000e+01, 2.4000000000e+01, 1.2000000000e+01, 5.0000000000e-02, 7.8458000000e+03
 1500463200, 5.5000000000e+01, 2.4000000000e+01, 1.2000000000e+01, 5.0000000000e-02, 7.8468066667e+03
 1500463500, 5.5000000000e+01, 2.4000000000e+01, 1.2000000000e+01, 5.0000000000e-02, 7.8465933333e+03
 1500463800, 5.5000000000e+01, 2.4413333333e+01, 1.2000000000e+01, 5.2000000000e-02, 7.8466133333e+03
 1500464100, 5.5000000000e+01, 2.5986666667e+01, 1.2000000000e+01, 5.0000000000e-02, 7.8475933333e+03
 1500464400, 5.5000000000e+01, 2.4000000000e+01, 1.2000000000e+01, 5.0000000000e-02, 7.8473866667e+03
 1500464700, 5.5000000000e+01, 2.5613333333e+01, 1.2000000000e+01, 5.0000000000e-02, 7.8466133333e+03
 1500465000, 5.5000000000e+01, 2.4786666667e+01, 1.2000000000e+01, 5.0000000000e-02, 7.8475933333e+03
 1500465300, 6.1100000000e+01, 2.8066666667e+01, 1.4440000000e+01, 5.0000000000e-02, 7.8466066667e+03
 1500465600, 6.5866666667e+01, 3.1933333333e+01, 1.6346666667e+01, 5.6066666667e-02, 7.8470133333e+03
 1500465900, 5.0033333333e+01, 2.4013333333e+01, 1.0013333333e+01, 6.8066666667e-02, 7.8476000000e+03
 1500466200, 5.5000000000e+01, 2.6000000000e+01, 1.2000000000e+01, 3.8513333333e-01, 1.2840490000e+04
 1500466500, 1.9213333333e+02, 1.4861333333e+02, 2.4906666667e+01, 3.8591333333e+00, 2.4833700000e+04
 1500466800, 2.2500000000e+02, 1.7314666667e+02, 3.4066666667e+01, 6.5009333333e+00, 1.4789806667e+04
 1500467100, 1.5383333333e+02, 1.1062666667e+02, 2.6613333333e+01, 5.1534000000e+00, 7.8493800000e+03
 1500467400, 5.0000000000e+01, 2.4000000000e+01, 1.0000000000e+01, 3.7564000000e+00, 7.8476133333e+03
 1500467700, 5.0000000000e+01, 2.4000000000e+01, 1.0000000000e+01, 2.7524666667e+00, 7.8475866667e+03
 1500468000, 5.0000000000e+01, 2.4000000000e+01, 1.0000000000e+01, 2.0118666667e+00, 7.8472066667e+03
 1500468300, 5.4033333333e+01, 2.7226666667e+01, 1.0000000000e+01, 1.4650000000e+00, 7.8490066667e+03
 1500468600, 5.1966666667e+01, 2.5573333333e+01, 1.0000000000e+01, 1.0638000000e+00, 7.8489666667e+03
 1500468900, 5.0000000000e+01, 2.4000000000e+01, 1.0000000000e+01, 7.7240000000e-01, 7.8480133333e+03
 1500469200, 5.0000000000e+01, 2.4000000000e+01, 1.0000000000e+01, 5.6686666667e-01, 7.8483933333e+03
 1500469500, 5.0000000000e+01, 2.4000000000e+01, 1.0013333333e+01, 4.2526666667e-01, 7.8486066667e+03
 1500469800, 5.0000000000e+01, 2.4000000000e+01, 1.2000000000e+01, 3.2140000000e-01, 7.8485933333e+03
 1500470100, 5.0000000000e+01, 2.4000000000e+01, 1.2000000000e+01, 2.3560000000e-01, 7.8482000000e+03
 1500470400, 5.0000000000e+01, 2.4000000000e+01, 1.0786666667e+01, 1.8966666667e-01, 7.8483866667e+03
 1500470700, 5.0000000000e+01, 2.4000000000e+01, 1.0000000000e+01, 1.4980000000e-01, 7.8478066667e+03
 1500471000, 5.0000000000e+01, 2.4000000000e+01, 1.0000000000e+01, 1.1780000000e-01, 7.8486066667e+03
 1500471300, 5.0000000000e+01, 2.4000000000e+01, 1.0000000000e+01, 9.3866666667e-02, 7.8492066667e+03
 1500471600, 5.0000000000e+01, 2.4000000000e+01, 1.0000000000e+01, 7.3933333333e-02, 7.8483866667e+03
 1500471900, 5.0000000000e+01, 2.4000000000e+01, 1.0000000000e+01, 8.0066666667e-02, 7.8480066667e+03
 1500472200, 5.0000000000e+01, 2.4000000000e+01, 1.0000000000e+01, 9.0066666667e-02, 7.8483933333e+03
 1500472500, 5.0000000000e+01, 2.4000000000e+01, 1.0000000000e+01, 9.4000000000e-02, 7.8494133333e+03
 1500472800, 5.0000000000e+01, 2.4000000000e+01, 1.0000000000e+01, 8.5933333333e-02, 7.8494000000e+03
 1500473100, 5.0000000000e+01, 2.4000000000e+01, 1.0000000000e+01, 9.6066666667e-02, 7.8502200000e+03
 1500473400, 5.0000000000e+01, 2.4000000000e+01, 1.0000000000e+01, 9.4066666667e-02, 7.8503800000e+03
 1500473700, 5.0000000000e+01, 2.4000000000e+01, 1.0000000000e+01, 1.1413333333e-01, 7.8504000000e+03
 1500474000, 5.0000000000e+01, 2.4000000000e+01, 1.0000000000e+01, 1.0986666667e-01, 7.8506133333e+03
 1500474300, 5.2016666667e+01, 2.4000000000e+01, 1.1613333333e+01, 1.0200000000e-01, 7.8512000000e+03
 1500474600, 5.3966666667e+01, 2.4000000000e+01, 1.3586666667e+01, 9.1866666667e-02, 7.8493933333e+03
 1500474900, 5.0000000000e+01, 2.4000000000e+01, 1.2000000000e+01, 6.7866666667e-02, 7.8486066667e+03
 1500475200, 5.0000000000e+01, 2.4000000000e+01, 1.2000000000e+01, 5.1933333333e-02, 7.8493933333e+03
 1500475500, 5.0000000000e+01, 2.4000000000e+01, 1.2000000000e+01, 5.0000000000e-02, 7.8488133333e+03
 1500475800, 5.0000000000e+01, 2.4000000000e+01, 1.0786666667e+01, 5.4000000000e-02, 7.8512200000e+03
 1500476100, 5.0000000000e+01, 2.4000000000e+01, 1.0813333333e+01, 5.0000000000e-02, 7.8523666667e+03
 1500476400, 5.1033333333e+01, 2.4000000000e+01, 1.2000000000e+01, 5.0000000000e-02, 7.8496066667e+03
 1500476700, 5.4966666667e+01, 2.4000000000e+01, 1.2000000000e+01, 5.0000000000e-02, 7.8496066667e+03
 1500477000, 5.0000000000e+01, 2.4000000000e+01, 1.2000000000e+01, 5.0000000000e-02, 7.8499933333e+03
 1500477300, 5.0000000000e+01, 2.4000000000e+01, 1.2000000000e+01, 5.0000000000e-02, 7.8491866667e+03
 1500477600, 5.3033333333e+01, 2.4000000000e+01, 1.2000000000e+01, 5.2000000000e-02, 7.8488133333e+03
 1500477900, 5.5000000000e+01, 2.4000000000e+01, 1.2000000000e+01, 5.0000000000e-02, 7.8491933333e+03
 1500478200, 5.3966666667e+01, 2.4000000000e+01, 1.2000000000e+01, 5.4533333333e-02, 7.8488600000e+03
 1500478500, 5.0166666667e+01, 2.4066666667e+01, 1.2066666667e+01, 2.4786666667e-01, 7.8563866667e+03
 1500478800, 7.5000000000e+01, 3.4000000000e+01, 2.2000000000e+01, 5.1153333333e-01, 7.8550000000e+03
 1500479100, 7.0966666667e+01, 3.2386666667e+01, 2.0386666667e+01, 6.9493333333e-01, 7.8553933333e+03
 1500479400, 7.0000000000e+01, 3.2000000000e+01, 2.1213333333e+01, 8.1460000000e-01, 7.8552066667e+03
 1500479700, 7.0000000000e+01, 3.2000000000e+01, 2.1186666667e+01, 9.0453333333e-01, 7.8563866667e+03
 1500480000, 7.0000000000e+01, 3.2000000000e+01, 2.0000000000e+01, 9.6213333333e-01, 7.8554133333e+03
 1500480300, 7.0033333333e+01, 3.2013333333e+01, 2.0013333333e+01, 9.9426666667e-01, 7.8544000000e+03
 1500480600, 7.5000000000e+01, 3.4000000000e+01, 2.2000000000e+01, 1.0302666667e+00, 7.8552066667e+03
 1500480900, 6.6933333333e+01, 3.2386666667e+01, 2.0386666667e+01, 1.0520666667e+00, 7.8555933333e+03
 1500481200, 6.5000000000e+01, 3.0786666667e+01, 1.8786666667e+01, 1.0519333333e+00, 7.8548000000e+03
 1500481500, 6.5000000000e+01, 3.0000000000e+01, 1.8000000000e+01, 1.0620666667e+00, 7.8552266667e+03
 1500481800, 6.1900000000e+01, 2.8760000000e+01, 1.6760000000e+01, 1.0661333333e+00, 7.8568000000e+03
 1500482100, 5.0100000000e+01, 2.4053333333e+01, 1.2026666667e+01, 1.0759333333e+00, 7.8564000000e+03
 1500482400, 6.5000000000e+01, 3.2000000000e+01, 1.6000000000e+01, 1.0700000000e+00, 7.8560066667e+03
 1500482700, 6.0966666667e+01, 3.0386666667e+01, 1.6000000000e+01, 1.0782000000e+00, 7.8552066667e+03
 1500483000, 6.3033333333e+01, 3.0000000000e+01, 1.7213333333e+01, 1.0959333333e+00, 7.8570266667e+03
 1500483300, 6.5000000000e+01, 3.0000000000e+01, 1.8000000000e+01, 1.0818666667e+00, 7.8591400000e+03
 1500483600, 6.3966666667e+01, 2.9586666667e+01, 1.7173333333e+01, 1.0618666667e+00, 7.8572000000e+03
 1500483900, 6.0033333333e+01, 2.8013333333e+01, 1.4026666667e+01, 1.0520000000e+00, 7.8570000000e+03
 1500484200, 6.5000000000e+01, 3.0000000000e+01, 1.8000000000e+01, 1.0520000000e+00, 7.8572066667e+03
 1500484500, 6.5000000000e+01, 3.1613333333e+01, 1.8000000000e+01, 1.0500000000e+00, 7.8578000000e+03
 1500484800, 6.1966666667e+01, 2.9573333333e+01, 1.5573333333e+01, 1.0580666667e+00, 7.8574066667e+03
 1500485100, 6.0000000000e+01, 2.8000000000e+01, 1.4000000000e+01, 1.0519333333e+00, 7.8583800000e+03
 1500485400, 6.0000000000e+01, 2.8000000000e+01, 1.4413333333e+01, 1.0620666667e+00, 7.8572133333e+03
 1500485700, 6.0033333333e+01, 2.8013333333e+01, 1.6013333333e+01, 1.0620666667e+00, 7.8582000000e+03
 1500486000, 6.5000000000e+01, 3.0000000000e+01, 1.8000000000e+01, 1.0782000000e+00, 7.8586000000e+03
 1500486300, 6.0966666667e+01, 2.8386666667e+01, 1.4773333333e+01, 1.1040000000e+00, 7.8582000000e+03
 1500486600, 6.0000000000e+01, 2.8000000000e+01, 1.4000000000e+01, 1.0980333333e+00, 7.8575966667e+03
 1500486900, 6.0000000000e+01, 2.8000000000e+01, 1.4000000000e+01, 1.1080000000e+00, 7.8578133333e+03
 1500487200, 6.0000000000e+01, 2.8000000000e+01, 1.4000000000e+01, 1.1140666667e+00, 7.8586000000e+03
 1500487500, 6.0000000000e+01, 2.8013333333e+01, 1.4013333333e+01, 1.1260666667e+00, 7.8571800000e+03
 1500487800, 6.0000000000e+01, 3.0000000000e+01, 1.6000000000e+01, 1.1380000000e+00, 7.8576200000e+03
 1500488100, 6.0000000000e+01, 2.6773333333e+01, 1.4386666667e+01, 1.1234000000e+00, 7.8571333333e+03
 1500488400, 5.6966666667e+01, 2.4786666667e+01, 1.2786666667e+01, 9.2013333333e-01, 7.8485866667e+03
 1500488700, 5.2966666667e+01, 2.4000000000e+01, 1.2000000000e+01, 6.7873333333e-01, 7.8494133333e+03
 1500489000, 5.0000000000e+01, 2.4000000000e+01, 1.1586666667e+01, 5.0093333333e-01, 7.8500000000e+03
 1500489300, 5.0000000000e+01, 2.4000000000e+01, 1.0000000000e+01, 3.7140000000e-01, 7.8478000000e+03
 1500489600, 5.0000000000e+01, 2.4000000000e+01, 1.0000000000e+01, 2.8746666667e-01, 7.8482000000e+03
 1500489900, 5.0000000000e+01, 2.4000000000e+01, 1.1613333333e+01, 2.2173333333e-01, 7.8478066667e+03
 1500490200, 5.3033333333e+01, 2.4000000000e+01, 1.2000000000e+01, 1.7760000000e-01, 7.8492000000e+03
 1500490500, 5.2966666667e+01, 2.4000000000e+01, 1.1186666667e+01, 1.3193333333e-01, 7.8491933333e+03
 1500490800, 5.0000000000e+01, 2.4000000000e+01, 1.0000000000e+01, 1.2800000000e-01, 7.8488133333e+03
 1500491100, 5.0000000000e+01, 2.4000000000e+01, 1.0013333333e+01, 1.2386666667e-01, 7.8501866667e+03
 1500491400, 5.0000000000e+01, 2.4000000000e+01, 1.2000000000e+01, 1.0386666667e-01, 7.8496133333e+03
 1500491700, 5.0000000000e+01, 2.4000000000e+01, 1.0386666667e+01, 9.6033333333e-02, 7.8506033333e+03
 1500492000, 5.0000000000e+01, 2.4000000000e+01, 1.0000000000e+01, 1.0213333333e-01, 7.8494000000e+03
 1500492300, 5.2033333333e+01, 2.4000000000e+01, 1.0813333333e+01, 1.1793333333e-01, 7.8485933333e+03
 1500492600, 5.3966666667e+01, 2.4000000000e+01, 1.2000000000e+01, 1.0586666667e-01, 7.8486000000e+03
 1500492900, 5.0000000000e+01, 2.4000000000e+01, 1.2000000000e+01, 7.9866666667e-02, 7.8488133333e+03
 1500493200, 5.0000000000e+01, 2.4000000000e+01, 1.2000000000e+01, 6.3933333333e-02, 7.8493933333e+03
 1500493500, 5.4033333333e+01, 2.4000000000e+01, 1.2000000000e+01, 5.3933333333e-02, 7.8496066667e+03
 1500493800, 5.1966666667e+01, 2.4000000000e+01, 1.2000000000e+01, 5.0000000000e-02, 7.8491900000e+03
 1500494100, 5.0000000000e+01, 2.4000000000e+01, 1.2000000000e+01, 5.0000000000e-02, 7.8486200000e+03
 1500494400, 5.0000000000e+01, 2.4000000000e+01, 1.1586666667e+01, 5.0000000000e-02, 7.8502000000e+03
 1500494700, 5.0000000000e+01, 2.4000000000e+01, 1.0013333333e+01, 5.0000000000e-02, 7.8504000000e+03
 1500495000, 5.0000000000e+01, 2.4000000000e+01, 1.2000000000e+01, 5.0000000000e-02, 7.8483933333e+03
 1500495300, 5.0000000000e+01, 2.4000000000e+01, 1.0386666667e+01, 5.0000000000e-02, 7.8484133333e+03
 1500495600, 5.0000000000e+01, 2.4000000000e+01, 1.1213333333e+01, 5.0000000000e-02, 7.8504000000e+03
 1500495900, 5.0000000000e+01, 2.4000000000e+01, 1.1186666667e+01, 5.2000000000e-02, 7.8498066667e+03
 1500496200, 5.0000000000e+01, 2.4000000000e+01, 1.0000000000e+01, 5.2133333333e-02, 7.8500000000e+03
 1500496500, 5.0000000000e+01, 2.4000000000e+01, 1.0013333333e+01, 5.5866666667e-02, 7.8500000000e+03
 1500496800, 5.0000000000e+01, 2.4000000000e+01, 1.2000000000e+01, 5.2066666667e-02, 7.8504133333e+03
 1500497100, 5.0000000000e+01, 2.4000000000e+01, 1.2000000000e+01, 5.3933333333e-02, 7.8507933333e+03
 1500497400, 5.0000000000e+01, 2.4000000000e+01, 1.2000000000e+01, 5.4000000000e-02, 7.8490000000e+03
 1500497700, 5.0000000000e+01, 2.4000000000e+01, 1.2000000000e+01, 5.0066666667e-02, 7.8504000000e+03
 1500498000, 5.1033333333e+01, 2.4000000000e+01, 1.2000000000e+01, 5.1933333333e-02, 7.8505733333e+03
 1500498300, 5.4966666667e+01, 2.4000000000e+01, 1.2000000000e+01, 5.0000000000e-02, 7.8494066667e+03
 1500498600, 5.0000000000e+01, 2.4000000000e+01, 1.2000000000e+01, 5.4000000000e-02, 7.8503933333e+03
 1500498900, 5.4033333333e+01, 2.5613333333e+01, 1.2000000000e+01, 5.0000000000e-02, 7.8506066667e+03
 1500499200, 5.5000000000e+01, 2.6000000000e+01, 1.2000000000e+01, 5.0000000000e-02, 7.8512000000e+03
 1500499500, 5.5000000000e+01, 2.6000000000e+01, 1.2000000000e+01, 5.0000000000e-02, 7.8513933333e+03
 1500499800, 5.3966666667e+01, 2.5586666667e+01, 1.2000000000e+01, 5.0000000000e-02, 7.8498066667e+03
 1500500100, 5.0033333333e+01, 2.4013333333e+01, 1.1986666667e+01, 5.0000000000e-02, 7.8502066667e+03
 1500500400, 5.5000000000e+01, 2.6000000000e+01, 1.0000000000e+01, 5.4000000000e-02, 7.8505933333e+03
 1500500700, 5.0966666667e+01, 2.4386666667e+01, 1.0000000000e+01, 5.0000000000e-02, 7.8509933333e+03
 1500501000, 5.0000000000e+01, 2.4000000000e+01, 1.1213333333e+01, 5.0000000000e-02, 7.8494066667e+03
 1500501300, 5.0000000000e+01, 2.4000000000e+01, 1.1186666667e+01, 5.0000000000e-02, 7.8497933333e+03
 1500501600, 5.0000000000e+01, 2.4000000000e+01, 1.0000000000e+01, 5.0000000000e-02, 7.8502066667e+03
 1500501900, 5.0000000000e+01, 2.4000000000e+01, 1.0013333333e+01, 5.0000000000e-02, 7.8504000000e+03
 1500502200, 5.0000000000e+01, 2.4000000000e+01, 1.2000000000e+01, 5.0000000000e-02, 7.8507933333e+03
 1500502500, 5.0000000000e+01, 2.4000000000e+01, 1.2000000000e+01, 5.0000000000e-02, 7.8508066667e+03
 1500502800, 5.0000000000e+01, 2.4000000000e+01, 1.2000000000e+01, 5.0000000000e-02, 7.8510066667e+03
 1500503100, 5.0000000000e+01, 2.4000000000e+01, 1.2000000000e+01, 5.2000000000e-02, 7.8501866667e+03
 1500503400, 5.0000000000e+01, 2.4000000000e+01, 1.1586666667e+01, 5.4000000000e-02, 7.8498000000e+03
 1500503700, 5.0033333333e+01, 2.4000000000e+01, 1.0013333333e+01, 5.0066666667e-02, 7.8502000000e+03
 1500504000, 5.5000000000e+01, 2.4000000000e+01, 1.2000000000e+01, 5.6000000000e-02, 7.8494000000e+03
 1500504300, 5.0966666667e+01, 2.4000000000e+01, 1.0386666667e+01, 5.6000000000e-02, 7.8498066667e+03
 1500504600, 5.0000000000e+01, 2.4000000000e+01, 1.0000000000e+01, 5.3933333333e-02, 7.8506000000e+03
 1500504900, 5.0000000000e+01, 2.4000000000e+01, 1.0000000000e+01, 5.0000000000e-02, 7.8497933333e+03
 1500505200, 5.0000000000e+01, 2.4000000000e+01, 1.0413333333e+01, 5.0000000000e-02, 7.8500000000e+03
 1500505500, 5.0000000000e+01, 2.4000000000e+01, 1.1986666667e+01, 5.0000000000e-02, 7.8502133333e+03
 1500505800, 5.0000000000e+01, 2.4000000000e+01, 1.0000000000e+01, 5.6000000000e-02, 7.8505933333e+03
 1500506100, 5.0000000000e+01, 2.4000000000e+01, 1.1613333333e+01, 5.2000000000e-02, 7.8500066667e+03
 1500506400, 5.0000000000e+01, 2.4000000000e+01, 1.0786666667e+01, 5.0000000000e-02, 7.8508000000e+03
 1500506700, 5.2033333333e+01, 2.4000000000e+01, 1.0813333333e+01, 5.0000000000e-02, 7.8497866667e+03
 1500507000, 5.3966666667e+01, 2.4000000000e+01, 1.1586666667e+01, 5.0000000000e-02, 7.8494200000e+03
 1500507300, 5.0000000000e+01, 2.4000000000e+01, 1.0000000000e+01, 5.2000000000e-02, 7.8511866667e+03
 1500507600, 5.0000000000e+01, 2.4000000000e+01, 1.0000000000e+01, 5.0000000000e-02, 7.8494000000e+03
 1500507900, 5.0000000000e+01, 2.4000000000e+01, 1.1613333333e+01, 5.0000000000e-02, 7.8498066667e+03
 1500508200, 5.3033333333e+01, 2.4000000000e+01, 1.2000000000e+01, 5.0000000000e-02, 7.8516066667e+03
 1500508500, 5.2966666667e+01, 2.4000000000e+01, 1.2000000000e+01, 5.0000000000e-02, 7.8511933333e+03
 1500508800, 5.1033333333e+01, 2.4000000000e+01, 1.2000000000e+01, 5.2000000000e-02, 7.8516133333e+03
 1500509100, 5.4966666667e+01, 2.4000000000e+01, 1.2000000000e+01, 5.0000000000e-02, 7.8521933333e+03
 1500509400, 5.0000000000e+01, 2.4000000000e+01, 1.2000000000e+01, 5.4000000000e-02, 7.8519933333e+03
 1500509700, 5.0000000000e+01, 2.4000000000e+01, 1.2000000000e+01, 5.0000000000e-02, 7.8504000000e+03
 1500510000, 5.0000000000e+01, 2.4000000000e+01, 1.2000000000e+01, 5.0000000000e-02, 7.8506066667e+03
 1500510300, 5.0000000000e+01, 2.4000000000e+01, 1.2000000000e+01, 5.2066666667e-02, 7.8506000000e+03
 1500510600, 5.0000000000e+01, 2.4000000000e+01, 1.2000000000e+01, 5.1933333333e-02, 7.8516000000e+03
 1500510900, 5.0000000000e+01, 2.4000000000e+01, 1.1986666667e+01, 5.0000000000e-02, 7.8510066667e+03
 1500511200, 5.0000000000e+01, 2.4000000000e+01, 1.0000000000e+01, 5.2066666667e-02, 7.8512133333e+03
 1500511500, 5.4033333333e+01, 2.4000000000e+01, 1.1613333333e+01, 5.1933333333e-02, 7.8523933333e+03
 1500511800, 5.1966666667e+01, 2.4000000000e+01, 1.2000000000e+01, 5.0000000000e-02, 7.8522133333e+03
 1500512100, 5.2033333333e+01, 2.4000000000e+01, 1.2000000000e+01, 5.0000000000e-02, 7.8525933333e+03
 1500512400, 5.3966666667e+01, 2.4000000000e+01, 1.2000000000e+01, 5.0000000000e-02, 7.8520200000e+03
 1500512700, 5.0000000000e+01, 2.4000000000e+01, 1.1986666667e+01, 5.0000000000e-02, 7.8525533333e+03
 1500513000, 5.0000000000e+01, 2.4000000000e+01, 1.0000000000e+01, 5.0000000000e-02, 7.8507933333e+03
 1500513300, 5.0000000000e+01, 2.4000000000e+01, 1.0000000000e+01, 5.2000000000e-02, 7.8516000000e+03
 1500513600, 5.0000000000e+01, 2.4000000000e+01, 1.0000000000e+01, 5.0000000000e-02, 7.8512000000e+03
 1500513900, 5.0000000000e+01, 2.4000000000e+01, 1.0813333333e+01, 5.0000000000e-02, 7.8512000000e+03
 1500514200, 5.0000000000e+01, 2.4000000000e+01, 1.1586666667e+01, 5.0000000000e-02, 7.8518066667e+03
 1500514500, 5.0000000000e+01, 2.4000000000e+01, 1.0013333333e+01, 5.0000000000e-02, 7.8520000000e+03
 1500514800, 5.0000000000e+01, 2.4000000000e+01, 1.2000000000e+01, 5.0000000000e-02, 7.8517966667e+03
 1500515100, 5.0000000000e+01, 2.4000000000e+01, 1.2000000000e+01, 5.0000000000e-02, 7.8516000000e+03
 1500515400, 5.6066666667e+01, 2.6426666667e+01, 1.3213333333e+01, 5.2000000000e-02, 7.8519933333e+03
 1500515700, 5.5933333333e+01, 2.6373333333e+01, 1.3186666667e+01, 5.6000000000e-02, 7.8496000000e+03
 1500516000, 5.1033333333e+01, 2.4413333333e+01, 1.2000000000e+01, 5.8066666667e-02, 7.8508200000e+03
 1500516300, 5.5000000000e+01, 2.6000000000e+01, 1.2000000000e+01, 6.4066666667e-02, 7.8521933333e+03
 1500516600, 5.5000000000e+01, 2.6000000000e+01, 1.2000000000e+01, 6.1933333333e-02, 7.8511933333e+03
 1500516900, 5.5000000000e+01, 2.6000000000e+01, 1.2000000000e+01, 5.8000000000e-02, 7.8504000000e+03
 1500517200, 5.1966666667e+01, 2.4786666667e+01, 1.2000000000e+01, 5.8000000000e-02, 7.8518133333e+03
 1500517500, 5.0000000000e+01, 2.4000000000e+01, 1.1186666667e+01, 5.1933333333e-02, 7.8521933333e+03
 1500517800, 5.0000000000e+01, 2.4000000000e+01, 1.0000000000e+01, 5.0000000000e-02, 7.8528000000e+03
 1500518100, 5.0000000000e+01, 2.4000000000e+01, 1.0000000000e+01, 5.0000000000e-02, 7.8518000000e+03
 1500518400, 5.0000000000e+01, 2.4000000000e+01, 1.0000000000e+01, 5.0000000000e-02, 7.8522000000e+03
 1500518700, 5.0000000000e+01, 2.4000000000e+01, 1.0000000000e+01, 5.0000000000e-02, 7.8510000000e+03
 1500519000, 5.0000000000e+01, 2.4000000000e+01, 1.1213333333e+01, 5.4000000000e-02, 7.8520066667e+03
 1500519300, 5.0000000000e+01, 2.4000000000e+01, 1.2000000000e+01, 5.0000000000e-02, 7.8527933333e+03
 1500519600, 5.0000000000e+01, 2.4000000000e+01, 1.2000000000e+01, 5.0000000000e-02, 7.8528133333e+03
 1500519900, 5.0000000000e+01, 2.4000000000e+01, 1.1986666667e+01, 5.0000000000e-02, 7.8534000000e+03
 1500520200, 5.0000000000e+01, 2.4000000000e+01, 1.0000000000e+01, 5.0000000000e-02, 7.8540000000e+03
 1500520500, 5.0000000000e+01, 2.4000000000e+01, 1.0000000000e+01, 5.0000000000e-02, 7.8532000000e+03
 1500520800, 5.0000000000e+01, 2.4000000000e+01, 1.0000000000e+01, 5.0000000000e-02, 7.8533933333e+03
 1500521100, 5.0000000000e+01, 2.4000000000e+01, 1.0000000000e+01, 5.0000000000e-02, 7.8540000000e+03
 1500521400, 5.0000000000e+01, 2.4000000000e+01, 1.0413333333e+01, 5.0000000000e-02, 7.8534066667e+03
 1500521700, 5.0000000000e+01, 2.4000000000e+01, 1.1986666667e+01, 5.0000000000e-02, 7.8513933333e+03
 1500522000, 5.0000000000e+01, 2.4000000000e+01, 1.0000000000e+01, 5.0000000000e-02, 7.8522000000e+03
 1500522300, 5.0000000000e+01, 2.4000000000e+01, 1.0000000000e+01, 5.0066666667e-02, 7.8518000000e+03
 1500522600, 5.0000000000e+01, 2.4000000000e+01, 1.0000000000e+01, 5.1933333333e-02, 7.8524066667e+03
 1500522900, 5.0000000000e+01, 2.4000000000e+01, 1.0000000000e+01, 5.6000000000e-02, 7.8527933333e+03
 1500523200, 5.0000000000e+01, 2.4000000000e+01, 1.0413333333e+01, 5.2000000000e-02, 7.8522133333e+03
 1500523500, 5.0000000000e+01, 2.4000000000e+01, 1.1986666667e+01, 5.0000000000e-02, 7.8524000000e+03
 1500523800, 5.0000000000e+01, 2.4000000000e+01, 1.0000000000e+01, 5.4000000000e-02, 7.8532000000e+03
 1500524100, 5.4033333333e+01, 2.4000000000e+01, 1.1613333333e+01, 5.4000000000e-02, 7.8538000000e+03
 1500524400, 5.5000000000e+01, 2.4000000000e+01, 1.2000000000e+01, 5.0000000000e-02, 7.8525933333e+03
 1500524700, 5.5000000000e+01, 2.4000000000e+01, 1.2000000000e+01, 5.0000000000e-02, 7.8526066667e+03
 1500525000, 5.3966666667e+01, 2.4000000000e+01, 1.2000000000e+01, 5.0000000000e-02, 7.8526066667e+03
 1500525300, 5.0000000000e+01, 2.4000000000e+01, 1.2000000000e+01, 5.0000000000e-02, 7.8529933333e+03
 1500525600, 5.0000000000e+01, 2.4000000000e+01, 1.2000000000e+01, 5.0000000000e-02, 7.8532066667e+03
 1500525900, 5.4033333333e+01, 2.4000000000e+01, 1.2000000000e+01, 5.0000000000e-02, 7.8532066667e+03
 1500526200, 5.1966666667e+01, 2.4000000000e+01, 1.2000000000e+01, 5.2000000000e-02, 7.8538000000e+03
 1500526500, 5.0000000000e+01, 2.4000000000e+01, 1.1186666667e+01, 5.0000000000e-02, 7.8533933333e+03
 1500526800, 5.0000000000e+01, 2.4000000000e+01, 1.0000000000e+01, 5.0000000000e-02, 7.8526066667e+03
 1500527100, 5.0000000000e+01, 2.4000000000e+01, 1.0013333333e+01, 5.0000000000e-02, 7.8536066667e+03
 1500527400, 5.0000000000e+01, 2.4000000000e+01, 1.2000000000e+01, 5.0000000000e-02, 7.8541600000e+03
 1500527700, 5.0000000000e+01, 2.4000000000e+01, 1.2000000000e+01, 5.0000000000e-02, 7.8520000000e+03
 1500528000, 5.0000000000e+01, 2.4000000000e+01, 1.0786666667e+01, 5.0066666667e-02, 7.8518066667e+03
 1500528300, 5.0000000000e+01, 2.4000000000e+01, 1.0813333333e+01, 5.3933333333e-02, 7.8522000000e+03
 1500528600, 5.1033333333e+01, 2.4000000000e+01, 1.2000000000e+01, 5.0000000000e-02, 7.8525933333e+03
 1500528900, 5.4966666667e+01, 2.4000000000e+01, 1.2000000000e+01, 5.0000000000e-02, 7.8526133333e+03
 1500529200, 5.0000000000e+01, 2.4000000000e+01, 1.2000000000e+01, 5.4133333333e-02, 7.8529933333e+03
 1500529500, 5.0000000000e+01, 2.4000000000e+01, 1.2000000000e+01, 6.5866666667e-02, 7.8530000000e+03
 1500529800, 5.0000000000e+01, 2.4000000000e+01, 1.2000000000e+01, 5.4066666667e-02, 7.8530066667e+03
 1500530100, 5.0000000000e+01, 2.4000000000e+01, 1.2000000000e+01, 5.3933333333e-02, 7.8531866667e+03
 1500530400, 5.0000000000e+01, 2.4000000000e+01, 1.2000000000e+01, 5.2000000000e-02, 7.8520066667e+03
 1500530700, 5.0000000000e+01, 2.4000000000e+01, 1.1986666667e+01, 5.4000000000e-02, 7.8520000000e+03
 1500531000, 5.0000000000e+01, 2.4000000000e+01, 1.0000000000e+01, 5.0000000000e-02, 7.8522000000e+03
 1500531300, 5.0000000000e+01, 2.4000000000e+01, 1.1613333333e+01, 5.0000000000e-02, 7.8526066667e+03
 1500531600, 5.0000000000e+01, 2.4000000000e+01, 1.2000000000e+01, 5.0000000000e-02, 7.8529866667e+03
 1500531900, 5.0000000000e+01, 2.4000000000e+01, 1.2000000000e+01, 5.2000000000e-02, 7.8532066667e+03
 1500532200, 5.0000000000e+01, 2.4000000000e+01, 1.2000000000e+01, 5.0000000000e-02, 7.8523933333e+03
 1500532500, 5.0000000000e+01, 2.4000000000e+01, 1.2000000000e+01, 5.0000000000e-02, 7.8520066667e+03
 1500532800, 5.0000000000e+01, 2.4000000000e+01, 1.2000000000e+01, 5.2000000000e-02, 7.8528133333e+03
 1500533100, 5.0000000000e+01, 2.4000000000e+01, 1.0386666667e+01, 5.0000000000e-02, 7.8545933333e+03
 1500533400, 5.0000000000e+01, 2.4000000000e+01, 1.0000000000e+01, 5.0000000000e-02, 7.8530000000e+03
 1500533700, 5.2033333333e+01, 2.4813333333e+01, 1.0813333333e+01, 5.2066666667e-02, 7.8519866667e+03
 1500534000, 5.5000000000e+01, 2.6000000000e+01, 1.2000000000e+01, 5.3933333333e-02, 7.8520066667e+03
 1500534300, 5.5000000000e+01, 2.6000000000e+01, 1.2000000000e+01, 5.0000000000e-02, 7.8523933333e+03
 1500534600, 5.5000000000e+01, 2.6000000000e+01, 1.2000000000e+01, 5.6066666667e-02, 7.8522066667e+03
 1500534900, 5.0966666667e+01, 2.4386666667e+01, 1.2000000000e+01, 5.1933333333e-02, 7.8526000000e+03
 1500535200, 5.3033333333e+01, 2.5213333333e+01, 1.2000000000e+01, 5.0000000000e-02, 7.8520000000e+03
 1500535500, 5.2966666667e+01, 2.5186666667e+01, 1.2000000000e+01, 6.0133333333e-02, 7.8521933333e+03
 1500535800, 5.1033333333e+01, 2.4826666667e+01, 1.1586666667e+01, 8.0066666667e-02, 7.8524000000e+03
 1500536100, 5.4966666667e+01, 2.7973333333e+01, 1.0013333333e+01, 6.9866666667e-02, 7.8530066667e+03
 1500536400, 5.0000000000e+01, 2.4000000000e+01, 1.2000000000e+01, 5.1933333333e-02, 7.8524000000e+03
 1500536700, 5.0000000000e+01, 2.4000000000e+01, 1.0386666667e+01, 5.0000000000e-02, 7.8526066667e+03
 1500537000, 5.0000000000e+01, 2.4000000000e+01, 1.0000000000e+01, 5.0000000000e-02, 7.8534000000e+03
 1500537300, 5.0000000000e+01, 2.4000000000e+01, 1.0813333333e+01, 5.2000000000e-02, 7.8536000000e+03
 1500537600, 5.0000000000e+01, 2.4000000000e+01, 1.2000000000e+01, 5.0000000000e-02, 7.8523933333e+03
 1500537900, 5.0000000000e+01, 2.4000000000e+01, 1.2000000000e+01, 5.0000000000e-02, 7.8524066667e+03
 1500538200, 5.0000000000e+01, 2.4000000000e+01, 1.2000000000e+01, 5.0000000000e-02, 7.8532000000e+03
 1500538500, 5.0000000000e+01, 2.4000000000e+01, 1.2000000000e+01, 5.0066666667e-02, 7.8532000000e+03
 1500538800, 5.0000000000e+01, 2.4000000000e+01, 1.2000000000e+01, 5.1933333333e-02, 7.8532066667e+03
 1500539100, 5.2033333333e+01, 2.4000000000e+01, 1.2000000000e+01, 5.0000000000e-02, 7.8525933333e+03
 1500539400, 5.3966666667e+01, 2.4000000000e+01, 1.2000000000e+01, 5.0000000000e-02, 7.8528066667e+03
 1500539700, 5.0000000000e+01, 2.4000000000e+01, 1.2000000000e+01, 5.4000000000e-02, 7.8528000000e+03
 1500540000, 5.0000000000e+01, 2.4000000000e+01, 1.2000000000e+01, 5.0000000000e-02, 7.8530066667e+03
 1500540300, 5.0000000000e+01, 2.4000000000e+01, 1.2000000000e+01, 5.0000000000e-02, 7.8528000000e+03
 1500540600, 5.0000000000e+01, 2.4000000000e+01, 1.0786666667e+01, 5.0066666667e-02, 7.8532133333e+03
 1500540900, 5.0000000000e+01, 2.4000000000e+01, 1.0813333333e+01, 5.6000000000e-02, 7.8545933333e+03
 1500541200, 5.0000000000e+01, 2.4000000000e+01, 1.2000000000e+01, 5.4000000000e-02, 7.8540066667e+03
 1500541500, 5.0000000000e+01, 2.4000000000e+01, 1.2000000000e+01, 5.4133333333e-02, 7.8542233333e+03
 1500541800, 5.0000000000e+01, 2.4000000000e+01, 1.2000000000e+01, 8.4133333333e-02, 7.8549866667e+03
 1500542100, 5.0000000000e+01, 2.4000000000e+01, 1.2000000000e+01, 1.1613333333e-01, 7.8545666667e+03
 1500542400, 5.0000000000e+01, 2.4000000000e+01, 1.2000000000e+01, 1.1193333333e-01, 7.8540066667e+03
 1500542700, 5.0000000000e+01, 2.4000000000e+01, 1.2000000000e+01, 1.0186666667e-01, 7.8540066667e+03
 1500543000, 5.0000000000e+01, 2.4000000000e+01, 1.1586666667e+01, 8.3933333333e-02, 7.8546066667e+03
 1500543300, 5.0000000000e+01, 2.4000000000e+01, 1.0000000000e+01, 6.5800000000e-02, 7.8551866667e+03
 1500543600, 5.0000000000e+01, 2.4000000000e+01, 1.0000000000e+01, 5.0000000000e-02, 7.8544133333e+03
 1500543900, 5.0000000000e+01, 2.4000000000e+01, 1.0000000000e+01, 5.0000000000e-02, 7.8547800000e+03
 1500544200, 5.0000000000e+01, 2.4000000000e+01, 1.0000000000e+01, 5.0000000000e-02, 7.8544133333e+03
 1500544500, 5.0000000000e+01, 2.4000000000e+01, 1.0000000000e+01, 5.0000000000e-02, 7.8548000000e+03
 1500544800, 5.0000000000e+01, 2.4000000000e+01, 1.0000000000e+01, 5.0000000000e-02, 7.8547933333e+03
 1500545100, 5.0000000000e+01, 2.4000000000e+01, 1.0000000000e+01, 5.0066666667e-02, 7.8540066667e+03
 1500545400, 5.0000000000e+01, 2.4000000000e+01, 1.0000000000e+01, 6.2000000000e-02, 7.8552066667e+03
 1500545700, 5.0000000000e+01, 2.4000000000e+01, 1.1613333333e+01, 5.1933333333e-02, 7.8539866667e+03
 1500546000, 5.0000000000e+01, 2.4000000000e+01, 1.2000000000e+01, 5.0000000000e-02, 7.8535933333e+03
 1500546300, 5.0000000000e+01, 2.4000000000e+01, 1.2000000000e+01, 5.0000000000e-02, 7.8534133333e+03
 1500546600, 5.0000000000e+01, 2.4000000000e+01, 1.2000000000e+01, 5.0000000000e-02, 7.8540000000e+03
 1500546900, 5.0000000000e+01, 2.4000000000e+01, 1.1986666667e+01, 5.2133333333e-02, 7.8544000000e+03
 1500547200, 5.0000000000e+01, 2.4000000000e+01, 1.0000000000e+01, 6.3866666667e-02, 7.8547933333e+03
 1500547500, 5.0000000000e+01, 2.4000000000e+01, 1.0000000000e+01, 5.2000000000e-02, 7.8538000000e+03
 1500547800, 5.0000000000e+01, 2.4000000000e+01, 1.0000000000e+01, 5.2066666667e-02, 7.8546000000e+03
 1500548100, 5.0000000000e+01, 2.4000000000e+01, 1.0813333333e+01, 6.0066666667e-02, 7.8538000000e+03
 1500548400, 5.0000000000e+01, 2.4000000000e+01, 1.1586666667e+01, 6.9933333333e-02, 7.8534133333e+03
 1500548700, 5.0000000000e+01, 2.4000000000e+01, 1.0000000000e+01, 7.0066666667e-02, 7.8543933333e+03
 1500549000, 5.0000000000e+01, 2.4000000000e+01, 1.0000000000e+01, 6.4000000000e-02, 7.8542000000e+03
 1500549300, 5.0000000000e+01, 2.4000000000e+01, 1.0000000000e+01, 6.5900000000e-02, 7.8542000000e+03
 1500549600, 5.0000000000e+01, 2.4000000000e+01, 1.1213333333e+01, 5.0000000000e-02, 7.8540066667e+03
 1500549900, 5.2033333333e+01, 2.4000000000e+01, 1.2000000000e+01, 5.0000000000e-02, 7.8543933333e+03
 1500550200, 5.5000000000e+01, 2.4413333333e+01, 1.2000000000e+01, 5.2000000000e-02, 7.8546000000e+03
 1500550500, 5.4966666667e+01, 2.5986666667e+01, 1.1986666667e+01, 5.0000000000e-02, 7.8542066667e+03
 1500550800, 5.0000000000e+01, 2.4000000000e+01, 1.0000000000e+01, 5.0000000000e-02, 7.8551933333e+03
 1500551100, 5.4033333333e+01, 2.5613333333e+01, 1.0000000000e+01, 5.0000000000e-02, 7.8533933333e+03
 1500551400, 5.5000000000e+01, 2.4786666667e+01, 1.1213333333e+01, 5.0000000000e-02, 7.8532066667e+03
 1500551700, 5.5000000000e+01, 2.4000000000e+01, 1.1186666667e+01, 5.0000000000e-02, 7.8546000000e+03
 1500552000, 5.5000000000e+01, 2.4000000000e+01, 1.0413333333e+01, 5.0000000000e-02, 7.8540000000e+03
 1500552300, 5.5000000000e+01, 2.4000000000e+01, 1.2000000000e+01, 5.0000000000e-02, 7.8538000000e+03
 1500552600, 5.5000000000e+01, 2.4000000000e+01, 1.2000000000e+01, 5.0000000000e-02, 7.8542066667e+03
 1500552900, 5.5000000000e+01, 2.4000000000e+01, 1.0386666667e+01, 5.0000000000e-02, 7.8541866667e+03
 1500553200, 5.5000000000e+01, 2.4000000000e+01, 1.0000000000e+01, 5.0000000000e-02, 7.8538066667e+03
 1500553500, 5.5000000000e+01, 2.4000000000e+01, 1.0000000000e+01, 5.8133333333e-02, 7.8538000000e+03
 1500553800, 5.5000000000e+01, 2.4000000000e+01, 1.0000000000e+01, 6.2000000000e-02, 7.8528066667e+03
 1500554100, 5.5000000000e+01, 2.4000000000e+01, 1.0000000000e+01, 7.2000000000e-02, 7.8538066667e+03
 1500554400, 5.5000000000e+01, 2.4000000000e+01, 1.0000000000e+01, 7.8000000000e-02, 7.8537933333e+03
 1500554700, 5.0966666667e+01, 2.4000000000e+01, 1.0000000000e+01, 6.5866666667e-02, 7.8542200000e+03
 1500555000, 5.3033333333e+01, 2.4000000000e+01, 1.0000000000e+01, 5.8066666667e-02, 7.8564000000e+03
 1500555300, 5.5000000000e+01, 2.4000000000e+01, 1.0000000000e+01, 6.0066666667e-02, 7.8555933333e+03
 1500555600, 5.5000000000e+01, 2.4000000000e+01, 1.0413333333e+01, 6.9933333333e-02, 7.8554066667e+03
 1500555900, 5.5000000000e+01, 2.4000000000e+01, 1.2000000000e+01, 5.8000000000e-02, 7.8554066667e+03
 1500556200, 5.5000000000e+01, 2.4000000000e+01, 1.2000000000e+01, 5.7933333333e-02, 7.8550066667e+03
 1500556500, 5.9033333333e+01, 2.7226666667e+01, 1.2000000000e+01, 5.0000000000e-02, 7.8563933333e+03
 1500556800, 5.6966666667e+01, 2.5573333333e+01, 1.2000000000e+01, 5.0000000000e-02, 7.8559733333e+03
 1500557100, 5.5000000000e+01, 2.4000000000e+01, 1.2000000000e+01, 5.0066666667e-02, 7.8556000000e+03
 1500557400, 5.5000000000e+01, 2.4000000000e+01, 1.2000000000e+01, 5.5933333333e-02, 7.8554066667e+03
 1500557700, 5.5000000000e+01, 2.4000000000e+01, 1.2000000000e+01, 5.0000000000e-02, 7.8559933333e+03
 1500558000, 5.5000000000e+01, 2.4000000000e+01, 1.2000000000e+01, 5.0000000000e-02, 7.8541933333e+03
 1500558300, 5.5000000000e+01, 2.4000000000e+01, 1.2000000000e+01, 5.0000000000e-02, 7.8547866667e+03
 1500558600, 5.5000000000e+01, 2.4000000000e+01, 1.2000000000e+01, 5.0000000000e-02, 7.8546133333e+03
 1500558900, 5.5000000000e+01, 2.4000000000e+01, 1.2000000000e+01, 5.0000000000e-02, 7.8550000000e+03
 1500559200, 5.5000000000e+01, 2.4000000000e+01, 1.2000000000e+01, 5.0066666667e-02, 7.8552000000e+03
 1500559500, 5.5000000000e+01, 2.4000000000e+01, 1.1986666667e+01, 5.1933333333e-02, 7.8556066667e+03
 1500559800, 5.5000000000e+01, 2.4000000000e+01, 1.0000000000e+01, 5.0000000000e-02, 7.8547933333e+03
 1500560100, 5.5000000000e+01, 2.4000000000e+01, 1.0000000000e+01, 5.0000000000e-02, 7.8544066667e+03
 1500560400, 5.5000000000e+01, 2.4000000000e+01, 1.1213333333e+01, 5.0000000000e-02, 7.8543933333e+03
 1500560700, 5.5000000000e+01, 2.4000000000e+01, 1.2000000000e+01, 5.0000000000e-02, 7.8554066667e+03
 1500561000, 5.5000000000e+01, 2.4000000000e+01, 1.2000000000e+01, 5.0000000000e-02, 7.8550000000e+03
 1500561300, 5.4966666667e+01, 2.4000000000e+01, 1.1986666667e+01, 5.0000000000e-02, 7.8550066667e+03
 1500561600, 5.0000000000e+01, 2.4000000000e+01, 1.0000000000e+01, 5.0000000000e-02, 7.8555933333e+03
 1500561900, 5.4033333333e+01, 2.4000000000e+01, 1.0000000000e+01, 5.0000000000e-02, 7.8555933333e+03
 1500562200, 5.5000000000e+01, 2.4000000000e+01, 1.0000000000e+01, 5.0000000000e-02, 7.8558000000e+03
 1500562500, 5.5000000000e+01, 2.4000000000e+01, 1.0813333333e+01, 5.0000000000e-02, 7.8556066667e+03
 1500562800, 5.5000000000e+01, 2.4000000000e+01, 1.2000000000e+01, 5.0000000000e-02, 7.8554066667e+03
 1500563100, 5.5000000000e+01, 2.4000000000e+01, 1.1986666667e+01, 5.0000000000e-02, 7.8558000000e+03
 1500563400, 5.5000000000e+01, 2.4000000000e+01, 1.0000000000e+01, 5.0000000000e-02, 7.8555933333e+03
 1500563700, 5.5000000000e+01, 2.4000000000e+01, 1.0000000000e+01, 5.0000000000e-02, 7.8554000000e+03
 1500564000, 5.5000000000e+01, 2.4000000000e+01, 1.1213333333e+01, 5.0000000000e-02, 7.8554000000e+03
 1500564300, 5.5000000000e+01, 2.4000000000e+01, 1.2000000000e+01, 5.2000000000e-02, 7.8557933333e+03
 1500564600, 5.5000000000e+01, 2.4000000000e+01, 1.1586666667e+01, 5.0466666667e-02, 7.8556133333e+03
 1500564900, 5.6033333333e+01, 2.4946666667e+01, 1.0106666667e+01, 4.1526666667e-01, 8.0484533333e+03
 1500565200, 2.1000000000e+02, 1.6600000000e+02, 2.6000000000e+01, 3.8874666667e+00, 1.0940786667e+04
 1500565500, 2.1000000000e+02, 1.6761333333e+02, 2.6000000000e+01, 7.4930666667e+00, 1.0938786667e+04
 1500565800, 2.1606666667e+02, 1.7285333333e+02, 2.6000000000e+01, 1.0006000000e+01, 1.0781613333e+04
 1500566100, 2.2000000000e+02, 1.7518666667e+02, 2.6000000000e+01, 1.1900333333e+01, 1.0950746667e+04
 1500566400, 2.1896666667e+02, 1.7317333333e+02, 2.6000000000e+01, 1.3259933333e+01, 1.0878233333e+04
 1500566700, 2.1500000000e+02, 1.7001333333e+02, 2.6000000000e+01, 1.4263533333e+01, 1.0939666667e+04
 1500567000, 2.1500000000e+02, 1.7200000000e+02, 2.6000000000e+01, 1.4976433333e+01, 1.0699636667e+04
 1500567300, 2.1500000000e+02, 1.7200000000e+02, 2.6000000000e+01, 1.5393566667e+01, 1.0898523333e+04
 1500567600, 2.0286666667e+02, 1.5986666667e+02, 2.6000000000e+01, 1.5734266667e+01, 1.0653846667e+04
 1500567900, 1.6653333333e+02, 1.2516000000e+02, 2.3560000000e+01, 1.5980600000e+01, 1.0781586667e+04
 1500568200, 1.4256666667e+02, 1.0129333333e+02, 2.2480000000e+01, 1.6108400000e+01, 1.0815780000e+04
 1500568500, 2.1020000000e+02, 1.6014666667e+02, 3.2066666667e+01, 1.6215800000e+01, 1.2060713333e+04
 1500568800, 2.4000000000e+02, 1.8200000000e+02, 4.2000000000e+01, 1.6332400000e+01, 1.0938733333e+04
 1500569100, 2.0370000000e+02, 1.5780000000e+02, 2.9093333333e+01, 1.6435133333e+01, 1.7278973333e+04
 1500569400, 2.0713333333e+02, 1.6292000000e+02, 2.6000000000e+01, 1.6379666667e+01, 1.2979893333e+04
 1500569700, 2.1500000000e+02, 1.7000000000e+02, 2.6000000000e+01, 1.6236666667e+01, 8.6627333333e+03
 1500570000, 2.1396666667e+02, 1.6876000000e+02, 2.6000000000e+01, 1.6340333333e+01, 1.3036800000e+04
 1500570300, 2.1003333333e+02, 1.6404000000e+02, 2.6000000000e+01, 1.6410200000e+01, 1.2982986667e+04
 1500570600, 2.1500000000e+02, 1.7000000000e+02, 2.6000000000e+01, 1.6488600000e+01, 1.2983786667e+04
 1500570900, 2.1903333333e+02, 1.7645333333e+02, 2.6000000000e+01, 1.6534933333e+01, 1.0713606667e+04
 1500571200, 2.2000000000e+02, 1.7800000000e+02, 2.6000000000e+01, 1.6436266667e+01, 1.0938193333e+04
 1500571500, 2.2000000000e+02, 1.7718666667e+02, 2.6000000000e+01, 1.6478066667e+01, 1.0803680000e+04
 1500571800, 2.1896666667e+02, 1.7517333333e+02, 2.6000000000e+01, 1.6491333333e+01, 8.6597200000e+03
 1500572100, 2.1503333333e+02, 1.7202666667e+02, 2.6000000000e+01, 1.6551600000e+01, 1.2735993333e+04
 1500572400, 2.2000000000e+02, 1.7600000000e+02, 2.6000000000e+01, 1.6522400000e+01, 1.3110800000e+04
 1500572700, 2.2000000000e+02, 1.7600000000e+02, 2.6000000000e+01, 1.6403466667e+01, 1.3055920000e+04
 1500573000, 2.1696666667e+02, 1.7478666667e+02, 2.6000000000e+01, 1.6264666667e+01, 1.0932100000e+04
 1500573300, 2.1703333333e+02, 1.7481333333e+02, 2.6000000000e+01, 1.6360800000e+01, 1.0563206667e+04
 1500573600, 2.1793333333e+02, 1.7393333333e+02, 2.6000000000e+01, 1.6456266667e+01, 8.5857466667e+03
 1500573900, 2.1003333333e+02, 1.6605333333e+02, 2.6000000000e+01, 1.6488133333e+01, 1.0939026667e+04
 1500574200, 2.1500000000e+02, 1.7400000000e+02, 2.6000000000e+01, 1.6500066667e+01, 1.0656180000e+04
 1500574500, 2.1903333333e+02, 1.7400000000e+02, 2.6000000000e+01, 1.6534933333e+01, 1.3118793333e+04
 1500574800, 2.1696666667e+02, 1.7400000000e+02, 2.6000000000e+01, 1.6446800000e+01, 1.0785433333e+04
 1500575100, 2.1703333333e+02, 1.7481333333e+02, 2.6000000000e+01, 1.6564466667e+01, 1.0938980000e+04
 1500575400, 2.1896666667e+02, 1.7558666667e+02, 2.6000000000e+01, 1.6621733333e+01, 1.0938513333e+04
 1500575700, 2.1500000000e+02, 1.7398666667e+02, 2.6000000000e+01, 1.6472533333e+01, 8.7494800000e+03
 1500576000, 2.1500000000e+02, 1.7200000000e+02, 2.6000000000e+01, 1.6277466667e+01, 8.6606733333e+03
 1500576300, 2.3516666667e+02, 1.8006666667e+02, 3.8906666667e+01, 1.6207633333e+01, 1.3035266667e+04
 1500576600, 2.4000000000e+02, 1.8200000000e+02, 4.2000000000e+01, 1.6135200000e+01, 1.5290786667e+04
 1500576900, 2.2983333333e+02, 1.7712000000e+02, 3.5493333333e+01, 1.6049400000e+01, 1.0935760000e+04
 1500577200, 2.1500000000e+02, 1.7000000000e+02, 2.6000000000e+01, 1.5960066667e+01, 8.8370066667e+03
 1500577500, 2.1500000000e+02, 1.7001333333e+02, 2.6000000000e+01, 1.5994200000e+01, 1.0929926667e+04
 1500577800, 2.1500000000e+02, 1.7200000000e+02, 2.6000000000e+01, 1.5973600000e+01, 1.5210313333e+04
 1500578100, 2.1500000000e+02, 1.7038666667e+02, 2.6000000000e+01, 1.5935666667e+01, 1.3103593333e+04
 1500578400, 2.1500000000e+02, 1.7000000000e+02, 2.6000000000e+01, 1.5910266667e+01, 1.0926800000e+04
 1500578700, 2.1296666667e+02, 1.6918666667e+02, 2.6000000000e+01, 1.5947133333e+01, 1.3057373333e+04
 1500579000, 2.1103333333e+02, 1.6924000000e+02, 2.6000000000e+01, 1.5834533333e+01, 1.0926993333e+04
 1500579300, 2.1500000000e+02, 1.7397333333e+02, 2.6000000000e+01, 1.5898266667e+01, 8.8351400000e+03
 1500579600, 2.1500000000e+02, 1.7000000000e+02, 2.6000000000e+01, 1.5877800000e+01, 1.0929220000e+04
 1500579900, 2.3113333333e+02, 1.7645333333e+02, 3.7293333333e+01, 1.5851866667e+01, 1.0702486667e+04
 1500580200, 2.3803333333e+02, 1.7921333333e+02, 4.0000000000e+01, 1.5841933333e+01, 1.0929806667e+04
 1500580500, 2.4000000000e+02, 1.8000000000e+02, 4.0000000000e+01, 1.5878266667e+01, 1.5287800000e+04
 1500580800, 2.3483333333e+02, 1.7793333333e+02, 3.7106666667e+01, 1.5913733333e+01, 1.0936773333e+04
 1500581100, 2.1516666667e+02, 1.7009333333e+02, 2.6093333333e+01, 1.5875800000e+01, 1.0927393333e+04
 1500581400, 2.4000000000e+02, 1.8400000000e+02, 4.0000000000e+01, 1.5850266667e+01, 1.0926786667e+04
 1500581700, 2.2386666667e+02, 1.7916000000e+02, 2.8706666667e+01, 1.5893866667e+01, 1.0925606667e+04
 1500582000, 2.2000000000e+02, 1.7557333333e+02, 2.6000000000e+01, 1.5868266667e+01, 1.0927593333e+04
 1500582300, 2.1593333333e+02, 1.7074666667e+02, 2.6000000000e+01, 1.5900200000e+01, 1.1001053333e+04
 1500582600, 2.1000000000e+02, 1.6641333333e+02, 2.6000000000e+01, 1.5873733333e+01, 1.0932106667e+04
 1500582900, 2.1006666667e+02, 1.6804000000e+02, 2.6000000000e+01, 1.5841933333e+01, 1.0930206667e+04
 1500583200, 2.2000000000e+02, 1.7400000000e+02, 2.6000000000e+01, 1.5825866667e+01, 1.0859100000e+04
 1500583500, 2.1193333333e+02, 1.6754666667e+02, 2.6000000000e+01, 1.5870266667e+01, 1.0940793333e+04
 1500583800, 2.2516666667e+02, 1.7449333333e+02, 3.3280000000e+01, 1.5904266667e+01, 1.0928593333e+04
 1500584100, 1.7603333333e+02, 1.2632000000e+02, 3.2306666667e+01, 1.5938200000e+01, 8.7567866667e+03
 1500584400, 1.0136666667e+02, 5.9573333333e+01, 2.4000000000e+01, 1.5960066667e+01, 1.0929806667e+04
 1500584700, 1.4550000000e+02, 1.0449333333e+02, 2.4013333333e+01, 1.5953600000e+01, 1.0941406667e+04
 1500585000, 2.2000000000e+02, 1.7800000000e+02, 2.6000000000e+01, 1.5924266667e+01, 1.0772806667e+04
 1500585300, 2.2000000000e+02, 1.7638666667e+02, 2.6000000000e+01, 1.5952266667e+01, 1.0923266667e+04
 1500585600, 2.1090000000e+02, 1.6750666667e+02, 2.6000000000e+01, 1.5996066667e+01, 8.6796866667e+03
 1500585900, 2.0906666667e+02, 1.6688000000e+02, 2.6000000000e+01, 1.6004066667e+01, 1.0930093333e+04
 1500586200, 2.1603333333e+02, 1.7441333333e+02, 2.6000000000e+01, 1.5967600000e+01, 1.3033373333e+04
 1500586500, 2.1993333333e+02, 1.7593333333e+02, 2.6000000000e+01, 1.5950066667e+01, 1.0793986667e+04
 1500586800, 2.1000000000e+02, 1.6600000000e+02, 2.6000000000e+01, 1.5933600000e+01, 1.0931973333e+04
 1500587100, 2.1403333333e+02, 1.7084000000e+02, 2.6000000000e+01, 1.5905800000e+01, 1.3104393333e+04
 1500587400, 2.1500000000e+02, 1.7078666667e+02, 2.6000000000e+01, 1.5878200000e+01, 1.0928413333e+04
 1500587700, 2.1500000000e+02, 1.7081333333e+02, 2.6000000000e+01, 1.5916266667e+01, 1.3182486667e+04
 1500588000, 2.1603333333e+02, 1.7324000000e+02, 2.6000000000e+01, 1.5899666667e+01, 1.3044313333e+04
 1500588300, 2.1993333333e+02, 1.7790666667e+02, 2.6000000000e+01, 1.5908333333e+01, 8.7602066667e+03
 1500588600, 2.1000000000e+02, 1.6400000000e+02, 2.6000000000e+01, 1.5952200000e+01, 8.7595933333e+03
 1500588900, 2.1403333333e+02, 1.7045333333e+02, 2.6000000000e+01, 1.5978066667e+01, 8.6127933333e+03
 1500589200, 2.1196666667e+02, 1.6957333333e+02, 2.6000000000e+01, 1.5937600000e+01, 8.6120000000e+03
 1500589500, 2.0390000000e+02, 1.6149333333e+02, 2.6000000000e+01, 1.5930666667e+01, 1.5155386667e+04
 1500589800, 1.9913333333e+02, 1.5572000000e+02, 2.6000000000e+01, 1.5762000000e+01, 1.0929766667e+04
 1500590100, 2.1496666667e+02, 1.6996000000e+02, 2.6000000000e+01, 1.5758533333e+01, 1.0953573333e+04
 1500590400, 2.1000000000e+02, 1.6400000000e+02, 2.6000000000e+01, 1.5768000000e+01, 1.0929960000e+04
 1500590700, 2.3016666667e+02, 1.7690666667e+02, 3.5680000000e+01, 1.5828466667e+01, 1.0927366667e+04
 1500591000, 2.3803333333e+02, 1.8000000000e+02, 3.9213333333e+01, 1.5849933333e+01, 1.3032346667e+04
 1500591300, 2.2983333333e+02, 1.7674666667e+02, 3.4306666667e+01, 1.5835866667e+01, 1.0928406667e+04
 1500591600, 2.1603333333e+02, 1.7282666667e+02, 2.6000000000e+01, 1.5820000000e+01, 1.0929606667e+04
 1500591900, 2.1996666667e+02, 1.7596000000e+02, 2.6000000000e+01, 1.5862333333e+01, 1.0781806667e+04
 1500592200, 2.1500000000e+02, 1.7000000000e+02, 2.6000000000e+01, 1.5904200000e+01, 1.0937186667e+04
 1500592500, 2.1500000000e+02, 1.7322666667e+02, 2.6000000000e+01, 1.5929866667e+01, 1.2824793333e+04
 1500592800, 2.1500000000e+02, 1.7400000000e+02, 2.6000000000e+01, 1.5913666667e+01, 1.0933966667e+04
 1500593100, 2.1093333333e+02, 1.6912000000e+02, 2.6000000000e+01, 1.5872266667e+01, 1.0998233333e+04
 1500593400, 2.0810000000e+02, 1.6489333333e+02, 2.6000000000e+01, 1.5910333333e+01, 1.0931920000e+04
 1500593700, 2.1996666667e+02, 1.7596000000e+02, 2.6000000000e+01, 1.5948133333e+01, 1.0929433333e+04
 1500594000, 2.1500000000e+02, 1.7000000000e+02, 2.6000000000e+01, 1.5915733333e+01, 1.0704646667e+04
 1500594300, 2.1500000000e+02, 1.7000000000e+02, 2.6000000000e+01, 1.5889733333e+01, 1.0940806667e+04
 1500594600, 2.3016666667e+02, 1.7606666667e+02, 3.5706666667e+01, 1.5843800000e+01, 1.0775000000e+04
 1500594900, 2.0950000000e+02, 1.5560000000e+02, 3.5493333333e+01, 1.5870266667e+01, 8.6086000000e+03
 1500595200, 1.7326666667e+02, 1.2868000000e+02, 2.6000000000e+01, 1.5906200000e+01, 8.7674200000e+03
 1500595500, 2.0510000000e+02, 1.6209333333e+02, 2.6000000000e+01, 1.5942200000e+01, 8.7604000000e+03
 1500595800, 2.2000000000e+02, 1.7600000000e+02, 2.6000000000e+01, 1.5950000000e+01, 1.0945803333e+04
 1500596100, 2.1193333333e+02, 1.6954666667e+02, 2.6000000000e+01, 1.5929066667e+01, 1.1147780000e+04
 1500596400, 2.1606666667e+02, 1.7164000000e+02, 2.6000000000e+01, 1.5879800000e+01, 8.6062000000e+03
 1500596700, 2.1796666667e+02, 1.7318666667e+02, 2.6000000000e+01, 1.5861666667e+01, 1.0928813333e+04
 1500597000, 2.2016666667e+02, 1.7406666667e+02, 2.8480000000e+01, 1.5829933333e+01, 1.0776006667e+04
 1500597300, 2.3986666667e+02, 1.8189333333e+02, 3.7973333333e+01, 1.5836400000e+01, 8.6091733333e+03
 1500597600, 2.2000000000e+02, 1.6600000000e+02, 3.4000000000e+01, 1.5873800000e+01, 8.7656200000e+03
 1500597900, 2.2000000000e+02, 1.7568000000e+02, 2.7546666667e+01, 1.5872400000e+01, 1.1019813333e+04
 1500598200, 2.2000000000e+02, 1.7557333333e+02, 2.6000000000e+01, 1.5576866667e+01, 1.1001493333e+04
 1500598500, 2.1593333333e+02, 1.7074666667e+02, 2.6000000000e+01, 1.5641466667e+01, 1.1110153333e+04
 1500598800, 1.8520000000e+02, 1.4202666667e+02, 2.5586666667e+01, 1.4225200000e+01, 1.0142713333e+04
 1500599100, 8.9733333333e+01, 4.9826666667e+01, 2.3906666667e+01, 1.0590200000e+01, 7.8537133333e+03
 1500599400, 5.0000000000e+01, 2.4000000000e+01, 1.0000000000e+01, 7.6814000000e+00, 7.8521900000e+03
 1500599700, 5.0000000000e+01, 2.4000000000e+01, 1.0000000000e+01, 5.5897666667e+00, 7.8522100000e+03
 1500600000, 5.0000000000e+01, 2.4000000000e+01, 1.0000000000e+01, 4.0615333333e+00, 7.8522066667e+03
 1500600300, 5.2033333333e+01, 2.4000000000e+01, 1.0813333333e+01, 2.9459333333e+00, 7.8528066667e+03
 1500600600, 5.3966666667e+01, 2.4000000000e+01, 1.2000000000e+01, 2.1428333333e+00, 7.8535933333e+03
 1500600900, 5.0000000000e+01, 2.4000000000e+01, 1.2000000000e+01, 1.5611666667e+00, 7.8541966667e+03
 1500601200, 5.0000000000e+01, 2.4000000000e+01, 1.2000000000e+01, 1.1356666667e+00, 7.8540000000e+03
 1500601500, 5.0000000000e+01, 2.4000000000e+01, 1.2000000000e+01, 8.2633333333e-01, 7.8536000000e+03
 1500601800, 5.0000000000e+01, 2.4000000000e+01, 1.0786666667e+01, 6.0873333333e-01, 7.8542066667e+03
 1500602100, 5.0000000000e+01, 2.4000000000e+01, 1.0000000000e+01, 4.5130000000e-01, 7.8541666667e+03
 1500602400, 5.0000000000e+01, 2.4000000000e+01, 1.0000000000e+01, 3.3933333333e-01, 7.8534000000e+03
 1500602700, 5.0033333333e+01, 2.4000000000e+01, 1.0013333333e+01, 2.4973333333e-01, 7.8534033333e+03
 1500603000, 5.5000000000e+01, 2.4000000000e+01, 1.2000000000e+01, 1.8766666667e-01, 7.8537933333e+03
 1500603300, 5.0966666667e+01, 2.4000000000e+01, 1.2000000000e+01, 1.4980000000e-01, 7.8534200000e+03
 1500603600, 5.0000000000e+01, 2.4000000000e+01, 1.2000000000e+01, 1.3200000000e-01, 7.8538000000e+03
 1500603900, 5.0000000000e+01, 2.4000000000e+01, 1.2000000000e+01, 1.1780000000e-01, 7.8546000000e+03
 1500604200, 5.0000000000e+01, 2.4000000000e+01, 1.1586666667e+01, 1.0600000000e-01, 7.8546000000e+03
 1500604500, 5.0000000000e+01, 2.4000000000e+01, 1.0000000000e+01, 9.7933333333e-02, 7.8531933333e+03
 1500604800, 5.0000000000e+01, 2.4000000000e+01, 1.0000000000e+01, 9.8066666667e-02, 7.8537933333e+03
 1500605100, 5.0000000000e+01, 2.4000000000e+01, 1.0000000000e+01, 9.7933333333e-02, 7.8532066667e+03
 1500605400, 5.0000000000e+01, 2.4000000000e+01, 1.0000000000e+01, 8.3933333333e-02, 7.8535933333e+03
 1500605700, 5.0000000000e+01, 2.4000000000e+01, 1.0813333333e+01, 7.1866666667e-02, 7.8528066667e+03
 1500606000, 5.0000000000e+01, 2.4000000000e+01, 1.2000000000e+01, 5.1933333333e-02, 7.8536066667e+03
 1500606300, 5.0000000000e+01, 2.4000000000e+01, 1.2000000000e+01, 5.0000000000e-02, 7.8544000000e+03
 1500606600, 5.0000000000e+01, 2.4000000000e+01, 1.2000000000e+01, 5.0000000000e-02, 7.8539933333e+03
 1500606900, 5.0000000000e+01, 2.4000000000e+01, 1.2000000000e+01, 5.6066666667e-02, 7.8541466667e+03
 1500607200, 5.0000000000e+01, 2.4000000000e+01, 1.0786666667e+01, 5.5933333333e-02, 7.8546066667e+03
 1500607500, 5.0000000000e+01, 2.4000000000e+01, 1.0000000000e+01, 5.0000000000e-02, 7.8552000000e+03
 1500607800, 5.0000000000e+01, 2.4000000000e+01, 1.0000000000e+01, 5.0000000000e-02, 7.8556066667e+03
 1500608100, 5.0000000000e+01, 2.4000000000e+01, 1.0000000000e+01, 5.0000000000e-02, 7.8545933333e+03
 1500608400, 5.0000000000e+01, 2.4000000000e+01, 1.0000000000e+01, 5.0000000000e-02, 7.8544000000e+03
 1500608700, 5.0000000000e+01, 2.4000000000e+01, 1.0000000000e+01, 5.0000000000e-02, 7.8545933333e+03
 1500609000, 5.0000000000e+01, 2.4000000000e+01, 1.0000000000e+01, 5.0000000000e-02, 7.8540066667e+03
 1500609300, 5.0000000000e+01, 2.4000000000e+01, 1.0000000000e+01, 5.0000000000e-02, 7.8546000000e+03
 1500609600, 5.0000000000e+01, 2.4000000000e+01, 1.0413333333e+01, 5.2133333333e-02, 7.8549933333e+03
 1500609900, 5.0033333333e+01, 2.4013333333e+01, 1.1986666667e+01, 7.6000000000e-02, 7.8548066667e+03
 1500610200, 5.5000000000e+01, 2.6000000000e+01, 1.0000000000e+01, 6.3933333333e-02, 7.8541966667e+03
 1500610500, 5.5000000000e+01, 2.4386666667e+01, 1.1613333333e+01, 6.3933333333e-02, 7.8546066667e+03
 1500610800, 5.5000000000e+01, 2.5213333333e+01, 1.2000000000e+01, 5.0000000000e-02, 7.8542000000e+03
 1500611100, 5.2966666667e+01, 2.5186666667e+01, 1.2000000000e+01, 5.2066666667e-02, 7.8533933333e+03
 1500611400, 5.1033333333e+01, 2.4413333333e+01, 1.2000000000e+01, 5.3933333333e-02, 7.8542066667e+03
 1500611700, 5.5000000000e+01, 2.5986666667e+01, 1.2000000000e+01, 5.0000000000e-02, 7.8538066667e+03
 1500612000, 5.5000000000e+01, 2.4000000000e+01, 1.2000000000e+01, 5.2000000000e-02, 7.8545933333e+03
 1500612300, 5.0966666667e+01, 2.4000000000e+01, 1.0386666667e+01, 5.0000000000e-02, 7.8540066667e+03
 1500612600, 5.0000000000e+01, 2.4000000000e+01, 1.1213333333e+01, 5.0000000000e-02, 7.8548000000e+03
 1500612900, 5.0000000000e+01, 2.4000000000e+01, 1.2000000000e+01, 5.0000000000e-02, 7.8558000000e+03
 1500613200, 5.0000000000e+01, 2.4000000000e+01, 1.1586666667e+01, 5.0000000000e-02, 7.8550066667e+03
 1500613500, 5.0033333333e+01, 2.4026666667e+01, 1.0013333333e+01, 5.0000000000e-02, 7.8549866667e+03
 1500613800, 5.5000000000e+01, 2.8000000000e+01, 1.2000000000e+01, 5.0000000000e-02, 7.8534000000e+03
 1500614100, 5.0966666667e+01, 2.4773333333e+01, 1.2000000000e+01, 5.6000000000e-02, 7.8534000000e+03
 1500614400, 5.0000000000e+01, 2.4000000000e+01, 1.2000000000e+01, 5.0000000000e-02, 7.8532133333e+03
 1500614700, 5.0000000000e+01, 2.4000000000e+01, 1.2000000000e+01, 5.0000000000e-02, 7.8544000000e+03
 1500615000, 5.0000000000e+01, 2.4000000000e+01, 1.2000000000e+01, 5.0000000000e-02, 7.8542000000e+03
 1500615300, 5.0000000000e+01, 2.4000000000e+01, 1.1986666667e+01, 5.0000000000e-02, 7.8540133333e+03
 1500615600, 5.0000000000e+01, 2.4000000000e+01, 1.0000000000e+01, 5.0066666667e-02, 7.8551933333e+03
 1500615900, 5.0000000000e+01, 2.4000000000e+01, 1.0000000000e+01, 6.4000000000e-02, 7.8554133333e+03
 1500616200, 5.0000000000e+01, 2.4000000000e+01, 1.0000000000e+01, 6.0000000000e-02, 7.8552000000e+03
 1500616500, 5.2033333333e+01, 2.4000000000e+01, 1.0813333333e+01, 6.1933333333e-02, 7.8552066667e+03
 1500616800, 5.3966666667e+01, 2.4000000000e+01, 1.1586666667e+01, 6.2066666667e-02, 7.8557600000e+03
 1500617100, 5.0000000000e+01, 2.4000000000e+01, 1.0206666667e+01, 5.7933333333e-02, 7.8548066667e+03
 1500617400, 5.0000000000e+01, 2.4000000000e+01, 1.1806666667e+01, 5.1833333333e-02, 7.8555666667e+03
 1500617700, 5.0000000000e+01, 2.4000000000e+01, 1.2000000000e+01, 5.4000000000e-02, 7.8548000000e+03
 1500618000, 5.0000000000e+01, 2.4000000000e+01, 1.2000000000e+01, 5.0000000000e-02, 7.8551866667e+03
 1500618300, 5.0000000000e+01, 2.4000000000e+01, 1.2000000000e+01, 5.0000000000e-02, 7.8550066667e+03
 1500618600, 5.0000000000e+01, 2.4000000000e+01, 1.2000000000e+01, 5.0000000000e-02, 7.8562000000e+03
 1500618900, 5.0000000000e+01, 2.4000000000e+01, 1.2000000000e+01, 5.2133333333e-02, 7.8562066667e+03
 1500619200, 5.0000000000e+01, 2.4000000000e+01, 1.2000000000e+01, 6.4000000000e-02, 7.8555933333e+03
 1500619500, 5.0000000000e+01, 2.4000000000e+01, 1.2000000000e+01, 6.1866666667e-02, 7.8558000000e+03
 1500619800, 5.0000000000e+01, 2.4000000000e+01, 1.2000000000e+01, 5.0000000000e-02, 7.8546000000e+03
 1500620100, 5.2033333333e+01, 2.4000000000e+01, 1.2000000000e+01, 5.0000000000e-02, 7.8558066667e+03
 1500620400, 5.3966666667e+01, 2.4000000000e+01, 1.2000000000e+01, 5.0066666667e-02, 7.8557933333e+03
 1500620700, 5.0000000000e+01, 2.4000000000e+01, 1.2000000000e+01, 5.1933333333e-02, 7.8553866667e+03
 1500621000, 5.0000000000e+01, 2.4000000000e+01, 1.2000000000e+01, 5.0000000000e-02, 7.8550133333e+03
 1500621300, 5.0000000000e+01, 2.4000000000e+01, 1.2000000000e+01, 5.0000000000e-02, 7.8558000000e+03
 1500621600, 5.0000000000e+01, 2.4000000000e+01, 1.2000000000e+01, 5.0000000000e-02, 7.8555933333e+03
 1500621900, 5.0000000000e+01, 2.4000000000e+01, 1.1186666667e+01, 5.2000000000e-02, 7.8558000000e+03
 1500622200, 5.1033333333e+01, 2.4000000000e+01, 1.0413333333e+01, 5.0000000000e-02, 7.8558000000e+03
 1500622500, 5.4966666667e+01, 2.4000000000e+01, 1.2000000000e+01, 5.0000000000e-02, 7.8560066667e+03
 1500622800, 5.0000000000e+01, 2.4000000000e+01, 1.2000000000e+01, 5.0066666667e-02, 7.8550000000e+03
 1500623100, 5.0000000000e+01, 2.4000000000e+01, 1.2000000000e+01, 5.3933333333e-02, 7.8549933333e+03
 1500623400, 5.0000000000e+01, 2.4000000000e+01, 1.2000000000e+01, 5.4200000000e-02, 7.8550133333e+03
 1500623700, 5.0000000000e+01, 2.4000000000e+01, 1.1186666667e+01, 7.1933333333e-02, 7.8560000000e+03
 1500624000, 5.0000000000e+01, 2.4000000000e+01, 1.0413333333e+01, 5.9866666667e-02, 7.8568066667e+03
 1500624300, 5.0000000000e+01, 2.4000000000e+01, 1.1986666667e+01, 5.0000000000e-02, 7.8567866667e+03
 1500624600, 5.0000000000e+01, 2.4000000000e+01, 1.0000000000e+01, 5.0000000000e-02, 7.8558000000e+03
 1500624900, 5.0000000000e+01, 2.4000000000e+01, 1.0000000000e+01, 5.0000000000e-02, 7.8560066667e+03
 1500625200, 5.0000000000e+01, 2.4000000000e+01, 1.1213333333e+01, 5.0000000000e-02, 7.8566000000e+03
 1500625500, 5.0000000000e+01, 2.4000000000e+01, 1.2000000000e+01, 5.0000000000e-02, 7.8567933333e+03
 1500625800, 5.0000000000e+01, 2.4000000000e+01, 1.2000000000e+01, 5.0000000000e-02, 7.8552000000e+03
 1500626100, 5.0000000000e+01, 2.4000000000e+01, 1.1986666667e+01, 5.0000000000e-02, 7.8554066667e+03
 1500626400, 5.0000000000e+01, 2.4000000000e+01, 1.0000000000e+01, 5.0000000000e-02, 7.8560000000e+03
 1500626700, 5.0000000000e+01, 2.4000000000e+01, 1.0000000000e+01, 5.0000000000e-02, 7.8569866667e+03
 1500627000, 5.0000000000e+01, 2.4000000000e+01, 1.1213333333e+01, 5.0000000000e-02, 7.8562200000e+03
 1500627300, 5.0000000000e+01, 2.4000000000e+01, 1.1186666667e+01, 5.0000000000e-02, 7.8567866667e+03
 1500627600, 5.0000000000e+01, 2.4000000000e+01, 1.0000000000e+01, 5.0000000000e-02, 7.8560133333e+03
 1500627900, 5.0033333333e+01, 2.4013333333e+01, 1.0013333333e+01, 5.2000000000e-02, 7.8560000000e+03
 1500628200, 5.5000000000e+01, 2.6000000000e+01, 1.2000000000e+01, 5.0000000000e-02, 7.8583933333e+03
 1500628500, 5.5000000000e+01, 2.6000000000e+01, 1.2000000000e+01, 5.2000000000e-02, 7.8558066667e+03
 1500628800, 5.5000000000e+01, 2.6000000000e+01, 1.2000000000e+01, 5.2000000000e-02, 7.8566000000e+03
 1500629100, 5.5000000000e+01, 2.5186666667e+01, 1.2000000000e+01, 5.2133333333e-02, 7.8568133333e+03
 1500629400, 5.3966666667e+01, 2.4000000000e+01, 1.2000000000e+01, 5.5866666667e-02, 7.8576000000e+03
 1500629700, 5.0000000000e+01, 2.4000000000e+01, 1.1986666667e+01, 5.0000000000e-02, 7.8565866667e+03
 1500630000, 5.0000000000e+01, 2.4000000000e+01, 1.0000000000e+01, 5.6033333333e-02, 7.8554133333e+03
 1500630300, 5.0000000000e+01, 2.4000000000e+01, 1.0000000000e+01, 5.3933333333e-02, 7.8566133333e+03
 1500630600, 5.0000000000e+01, 2.4000000000e+01, 1.0000000000e+01, 5.2066666667e-02, 7.8578000000e+03
 1500630900, 5.0000000000e+01, 2.4000000000e+01, 1.0000000000e+01, 5.3933333333e-02, 7.8574000000e+03
 1500631200, 5.0000000000e+01, 2.4000000000e+01, 1.0000000000e+01, 5.0000000000e-02, 7.8572033333e+03
 1500631500, 5.0000000000e+01, 2.4000000000e+01, 1.0013333333e+01, 5.0000000000e-02, 7.8573733333e+03
 1500631800, 5.0000000000e+01, 2.4000000000e+01, 1.2000000000e+01, 5.0000000000e-02, 7.8563866667e+03
 1500632100, 5.0000000000e+01, 2.4000000000e+01, 1.0386666667e+01, -nan, 7.8562066667e+03
 1500632400, 5.0000000000e+01, 2.4000000000e+01, 1.0000000000e+01, -nan, 7.8561933333e+03
 1500632700, 5.0000000000e+01, 2.4000000000e+01, 1.0813333333e+01, -nan, 7.8568000000e+03
 1500633000, -nan, 2.4000000000e+01, 1.1586666667e+01, -nan, 7.8554066667e+03
 1500633300, -nan, 2.4000000000e+01, 1.0000000000e+01, -nan, 7.8558000000e+03
 1500633600, -nan, 2.4000000000e+01, 1.0000000000e+01, -nan, 7.8566000000e+03
 1500633900, -nan, 2.4000000000e+01, -nan, -nan, 7.8570066667e+03
 1500634200, -nan, -nan, -nan, -nan, -nan
 1500634500, -nan, -nan, -nan, -nan, -nan
 1500634800, -nan, -nan, -nan, -nan, -nan
