 Time, ttl_pwr, cpu_pwr, mem_pwr, cpu_load, mem_load
 1500441000, 5,0000000000e+01, 2,4000000000e+01, 1,0000000000e+01, 5,9266666667e-02, 7,3630000000e+03
 1500441300, 5,0000000000e+01, 2,4000000000e+01, 1,0000000000e+01, 5,2733333333e-02, 7,3617266667e+03
 1500441600, 5,0000000000e+01, 2,4000000000e+01, 1,0000000000e+01, 5,7266666667e-02, 7,3626000000e+03
 1500441900, 5,0000000000e+01, 2,4000000000e+01, 1,0000000000e+01, 5,0733333333e-02, 7,3614200000e+03
 1500442200, 5,0000000000e+01, 2,4000000000e+01, 1,0000000000e+01, 5,7266666667e-02, 7,3604000000e+03
 1500442500, 5,0000000000e+01, 2,4000000000e+01, 1,0000000000e+01, 5,0733333333e-02, 7,3602000000e+03
 1500442800, 5,0000000000e+01, 2,4000000000e+01, 1,0000000000e+01, 5,0000000000e-02, 7,3602733333e+03
 1500443100, 5,0000000000e+01, 2,4000000000e+01, 1,0000000000e+01, 5,0000000000e-02, 7,3612533333e+03
 1500443400, 5,0000000000e+01, 2,4000000000e+01, 1,0000000000e+01, 5,0000000000e-02, 7,3610000000e+03
 1500443700, 5,0000000000e+01, 2,4000000000e+01, 1,0000000000e+01, 5,0000000000e-02, 7,3613266667e+03
 1500444000, 5,0000000000e+01, 2,4000000000e+01, 1,0000000000e+01, 5,0000000000e-02, 7,3638533333e+03
 1500444300, 5,0000000000e+01, 2,4000000000e+01, 1,0000000000e+01, 5,0000000000e-02, 7,3626000000e+03
 1500444600, 5,0000000000e+01, 2,4000000000e+01, 1,0000000000e+01, 5,0000000000e-02, 7,3617466667e+03
 1500444900, 5,0000000000e+01, 2,4000000000e+01, 1,0000000000e+01, 5,2000000000e-02, 7,3611266667e+03
 1500445200, 5,0000000000e+01, 2,4000000000e+01, 1,0000000000e+01, 5,1266666667e-02, 7,3610733333e+03
 1500445500, 5,0000000000e+01, 2,4000000000e+01, 1,0000000000e+01, 5,4733333333e-02, 7,3617266667e+03
 1500445800, 5,0000000000e+01, 2,4000000000e+01, 1,0000000000e+01, 5,3266666667e-02, 7,3616000000e+03
 1500446100, 5,0000000000e+01, 2,4000000000e+01, 1,0000000000e+01, 5,6733333333e-02, 7,3623266667e+03
 1500446400, 5,0000000000e+01, 2,4000000000e+01, 1,0000000000e+01, 5,0000000000e-02, 7,3624000000e+03
 1500446700, 5,0000000000e+01, 2,4000000000e+01, 1,0000000000e+01, 5,0000000000e-02, 7,3618533333e+03
 1500447000, 5,0000000000e+01, 2,5453333333e+01, 1,0000000000e+01, 5,0000000000e-02, 7,3618733333e+03
 1500447300, 5,0000000000e+01, 2,4946666667e+01, 1,0000000000e+01, 5,0000000000e-02, 7,3615466667e+03
 1500447600, 5,0000000000e+01, 2,4653333333e+01, 1,0000000000e+01, 5,1266666667e-02, 7,3614733333e+03
 1500447900, 5,0000000000e+01, 2,6000000000e+01, 1,0000000000e+01, 5,6000000000e-02, 7,3612733333e+03
 1500448200, 5,0000000000e+01, 2,6000000000e+01, 1,0000000000e+01, 5,2733333333e-02, 7,3618000000e+03
 1500448500, 5,4633333333e+01, 2,6000000000e+01, 1,1853333333e+01, 5,0000000000e-02, 7,3618733333e+03
 1500448800, 5,1366666667e+01, 2,4546666667e+01, 1,0546666667e+01, 5,0000000000e-02, 7,3622533333e+03
 1500449100, 6,0533333333e+01, 2,8213333333e+01, 1,5266666667e+01, 5,0000000000e-02, 7,3621466667e+03
 1500449400, 6,3466666667e+01, 2,9386666667e+01, 1,7386666667e+01, 5,3266666667e-02, 7,3613266667e+03
 1500449700, 5,1266666667e+01, 2,4760000000e+01, 1,2506666667e+01, 5,8000000000e-02, 7,3612000000e+03
 1500450000, 6,0000000000e+01, 3,0000000000e+01, 1,6000000000e+01, 6,0733333333e-02, 7,3622000000e+03
 1500450300, 5,0733333333e+01, 2,4440000000e+01, 1,0440000000e+01, 5,0000000000e-02, 7,3641266667e+03
 1500450600, 5,0000000000e+01, 2,4000000000e+01, 1,0000000000e+01, 5,0000000000e-02, 7,3622000000e+03
 1500450900, 5,0000000000e+01, 2,4000000000e+01, 1,0000000000e+01, 5,2000000000e-02, 7,3616000000e+03
 1500451200, 5,1633333333e+01, 2,5306666667e+01, 1,0653333333e+01, 5,0000000000e-02, 7,3625266667e+03
 1500451500, 5,6900000000e+01, 2,8760000000e+01, 1,3013333333e+01, 5,7800000000e-02, 7,3619466667e+03
 1500451800, 7,0000000000e+01, 3,4000000000e+01, 2,0000000000e+01, 9,5800000000e-02, 7,3610000000e+03
 1500452100, 5,6100000000e+01, 2,6586666667e+01, 1,4440000000e+01, 1,2853333333e-01, 7,3604733333e+03
 1500452400, 5,8633333333e+01, 2,7453333333e+01, 1,4000000000e+01, 1,3400000000e-01, 7,3604000000e+03
 1500452700, 6,2633333333e+01, 3,0106666667e+01, 1,6106666667e+01, 1,3200000000e-01, 7,3614000000e+03
 1500453000, 6,3366666667e+01, 3,0693333333e+01, 1,6693333333e+01, 1,3000000000e-01, 7,3621266667e+03
 1500453300, 6,0000000000e+01, 2,8000000000e+01, 1,4253333333e+01, 1,1946666667e-01, 7,3596733333e+03
 1500453600, 6,0000000000e+01, 2,8000000000e+01, 1,6000000000e+01, 1,0400000000e-01, 7,3600733333e+03
 1500453900, 6,4633333333e+01, 2,9853333333e+01, 1,6000000000e+01, 1,2253333333e-01, 7,3593266667e+03
 1500454200, 6,5000000000e+01, 3,0000000000e+01, 1,7453333333e+01, 1,3000000000e-01, 7,3600733333e+03
 1500454500, 5,7100000000e+01, 2,6840000000e+01, 1,3786666667e+01, 1,2600000000e-01, 7,3606533333e+03
 1500454800, 5,3266666667e+01, 2,5306666667e+01, 1,2613333333e+01, 1,4200000000e-01, 7,3612000000e+03
 1500455100, 6,0000000000e+01, 2,8253333333e+01, 1,7746666667e+01, 1,3726666667e-01, 7,3612733333e+03
 1500455400, 6,0000000000e+01, 3,0000000000e+01, 1,6000000000e+01, 1,4073333333e-01, 7,3609266667e+03
 1500455700, 6,0000000000e+01, 3,0000000000e+01, 1,4146666667e+01, 1,2546666667e-01, 7,3620000000e+03
 1500456000, 5,6366666667e+01, 2,7093333333e+01, 1,2546666667e+01, 1,0473333333e-01, 7,3620000000e+03
 1500456300, 5,5000000000e+01, 2,6000000000e+01, 1,2000000000e+01, 1,0400000000e-01, 7,3613266667e+03
 1500456600, 5,6633333333e+01, 2,7306666667e+01, 1,3306666667e+01, 8,8733333333e-02, 7,3606733333e+03
 1500456900, 6,0000000000e+01, 3,0000000000e+01, 1,6000000000e+01, 9,2733333333e-02, 7,3601466667e+03
 1500457200, 6,0000000000e+01, 3,0000000000e+01, 1,6000000000e+01, 9,1266666667e-02, 7,3602466667e+03
 1500457500, 5,5366666667e+01, 2,6293333333e+01, 1,4146666667e+01, 8,8000000000e-02, 7,3607233333e+03
 1500457800, 5,5000000000e+01, 2,6000000000e+01, 1,2546666667e+01, 9,3266666667e-02, 7,3618733333e+03
 1500458100, 5,2366666667e+01, 2,6000000000e+01, 1,0946666667e+01, 1,0853333333e-01, 7,3616000000e+03
 1500458400, 5,4900000000e+01, 2,7306666667e+01, 1,2613333333e+01, 1,2926666667e-01, 7,3610533333e+03
 1500458700, 6,4366666667e+01, 2,9746666667e+01, 1,7493333333e+01, 1,3473333333e-01, 7,3628733333e+03
 1500459000, 6,0000000000e+01, 2,8000000000e+01, 1,4000000000e+01, 1,2926666667e-01, 7,3603466667e+03
 1500459300, 6,0000000000e+01, 2,9853333333e+01, 1,4000000000e+01, 1,3926666667e-01, 7,3601800000e+03
 1500459600, 6,3633333333e+01, 3,0000000000e+01, 1,6906666667e+01, 1,3673333333e-01, 7,3604733333e+03
 1500459900, 6,2366666667e+01, 3,0000000000e+01, 1,5893333333e+01, 1,3600000000e-01, 7,3600000000e+03
 1500460200, 5,8366666667e+01, 2,8693333333e+01, 1,3346666667e+01, 1,3326666667e-01, 7,3592000000e+03
 1500460500, 5,5633333333e+01, 2,6000000000e+01, 1,2253333333e+01, 1,3073333333e-01, 7,3590733333e+03
 1500460800, 6,0000000000e+01, 2,6000000000e+01, 1,4000000000e+01, 1,3726666667e-01, 7,3614533333e+03
 1500461100, 5,5366666667e+01, 2,7853333333e+01, 1,4000000000e+01, 1,2620000000e-01, 7,3616533333e+03
 1500461400, 6,2266666667e+01, 3,0906666667e+01, 1,4000000000e+01, 1,0873333333e-01, 7,3616000000e+03
 1500461700, 5,9733333333e+01, 2,8840000000e+01, 1,2946666667e+01, 9,6733333333e-02, 7,3614733333e+03
 1500462000, 5,3366666667e+01, 2,5346666667e+01, 1,1346666667e+01, 9,8000000000e-02, 7,3608933333e+03
 1500462300, 5,1900000000e+01, 2,4760000000e+01, 1,1013333333e+01, 8,0733333333e-02, 7,3607266667e+03
 1500462600, 6,5000000000e+01, 3,0000000000e+01, 1,8000000000e+01, 7,3466666667e-02, 7,3606000000e+03
 1500462900, 5,5733333333e+01, 2,6293333333e+01, 1,2440000000e+01, 5,9266666667e-02, 7,3610733333e+03
 1500463200, 5,5000000000e+01, 2,6000000000e+01, 1,2000000000e+01, 7,0733333333e-02, 7,3608733333e+03
 1500463500, 5,7633333333e+01, 2,8106666667e+01, 1,3053333333e+01, 5,4733333333e-02, 7,3611266667e+03
 1500463800, 5,6733333333e+01, 2,8040000000e+01, 1,2693333333e+01, 5,2000000000e-02, 7,3614533333e+03
 1500464100, 5,1266666667e+01, 2,4506666667e+01, 1,0506666667e+01, 6,5800000000e-02, 7,3620733333e+03
 1500464400, 6,0000000000e+01, 2,8000000000e+01, 1,4000000000e+01, 9,1800000000e-02, 7,3618000000e+03
 1500464700, 5,5366666667e+01, 2,6146666667e+01, 1,2146666667e+01, 1,3180000000e-01, 7,3621266667e+03
 1500465000, 5,1366666667e+01, 2,4546666667e+01, 1,0546666667e+01, 1,2346666667e-01, 7,3642000000e+03
 1500465300, 5,0000000000e+01, 2,4000000000e+01, 1,0000000000e+01, 1,1873333333e-01, 7,3622000000e+03
 1500465600, 5,0000000000e+01, 2,4000000000e+01, 1,0000000000e+01, 1,1126666667e-01, 7,3646533333e+03
 1500465900, 5,0000000000e+01, 2,4000000000e+01, 1,0000000000e+01, 1,0746666667e-01, 7,3631466667e+03
 1500466200, 5,0000000000e+01, 2,4000000000e+01, 1,0000000000e+01, 4,3120000000e-01, 1,2744866667e+04
 1500466500, 2,1216666667e+02, 1,6670666667e+02, 2,6680000000e+01, 3,8700000000e+00, 2,2415960000e+04
 1500466800, 2,2863333333e+02, 1,8090666667e+02, 2,8000000000e+01, 6,4692000000e+00, 1,5623153333e+04
 1500467100, 1,4310000000e+02, 1,0194666667e+02, 2,2733333333e+01, 5,1442666667e+00, 7,3656000000e+03
 1500467400, 6,0100000000e+01, 2,8040000000e+01, 1,5386666667e+01, 3,7585333333e+00, 7,3640000000e+03
 1500467700, 5,0633333333e+01, 2,4000000000e+01, 1,0253333333e+01, 2,7358000000e+00, 7,3642200000e+03
 1500468000, 5,5000000000e+01, 2,4000000000e+01, 1,2000000000e+01, 2,0358000000e+00, 7,3622733333e+03
 1500468300, 6,4266666667e+01, 3,1413333333e+01, 1,7560000000e+01, 1,5277333333e+00, 7,3617266667e+03
 1500468600, 6,1366666667e+01, 2,9093333333e+01, 1,5093333333e+01, 1,1329333333e+00, 7,3624000000e+03
 1500468900, 6,0000000000e+01, 2,8000000000e+01, 1,4000000000e+01, 8,4560000000e-01, 7,3622000000e+03
 1500469200, 6,0000000000e+01, 2,8000000000e+01, 1,4000000000e+01, 6,4986666667e-01, 7,3622000000e+03
 1500469500, 6,1266666667e+01, 2,8506666667e+01, 1,4506666667e+01, 4,9753333333e-01, 7,3631800000e+03
 1500469800, 7,0000000000e+01, 3,2000000000e+01, 1,8000000000e+01, 4,0260000000e-01, 7,3642200000e+03
 1500470100, 5,6100000000e+01, 2,8293333333e+01, 1,2440000000e+01, 3,1260000000e-01, 7,3630000000e+03
 1500470400, 6,2266666667e+01, 3,0906666667e+01, 1,3453333333e+01, 2,7346666667e-01, 7,3635266667e+03
 1500470700, 5,9733333333e+01, 2,9893333333e+01, 1,4000000000e+01, 2,4546666667e-01, 7,3638733333e+03
 1500471000, 5,6633333333e+01, 2,8000000000e+01, 1,4653333333e+01, 2,2146666667e-01, 7,3624533333e+03
 1500471300, 6,0000000000e+01, 2,8000000000e+01, 1,5746666667e+01, 1,9620000000e-01, 7,3626733333e+03
 1500471600, 6,0000000000e+01, 2,8000000000e+01, 1,4000000000e+01, 1,6220000000e-01, 7,3620733333e+03
 1500471900, 5,0733333333e+01, 2,4293333333e+01, 1,0293333333e+01, 1,3346666667e-01, 7,3627266667e+03
 1500472200, 5,3633333333e+01, 2,5453333333e+01, 1,1453333333e+01, 1,2473333333e-01, 7,3632733333e+03
 1500472500, 5,2366666667e+01, 2,4946666667e+01, 1,0946666667e+01, 1,1073333333e-01, 7,3633266667e+03
 1500472800, 5,1633333333e+01, 2,4653333333e+01, 1,0653333333e+01, 1,0273333333e-01, 7,3643266667e+03
 1500473100, 5,4366666667e+01, 2,5746666667e+01, 1,1746666667e+01, 9,1466666667e-02, 7,3640733333e+03
 1500473400, 5,0000000000e+01, 2,4000000000e+01, 1,0000000000e+01, 7,2800000000e-02, 7,3648466667e+03
 1500473700, 5,0000000000e+01, 2,4000000000e+01, 1,0000000000e+01, 8,2533333333e-02, 7,3644533333e+03
 1500474000, 5,3633333333e+01, 2,6906666667e+01, 1,1453333333e+01, 8,4000000000e-02, 7,3644200000e+03
 1500474300, 5,5000000000e+01, 2,6946666667e+01, 1,3053333333e+01, 7,2200000000e-02, 7,3636000000e+03
 1500474600, 5,5000000000e+01, 2,6000000000e+01, 1,3346666667e+01, 5,8000000000e-02, 7,3630000000e+03
 1500474900, 5,5000000000e+01, 2,6000000000e+01, 1,2000000000e+01, 5,0733333333e-02, 7,3633266667e+03
 1500475200, 5,5000000000e+01, 2,6000000000e+01, 1,2000000000e+01, 5,2533333333e-02, 7,3634000000e+03
 1500475500, 5,9633333333e+01, 2,6000000000e+01, 1,5706666667e+01, 8,5266666667e-02, 7,3635266667e+03
 1500475800, 6,0000000000e+01, 2,7453333333e+01, 1,4546666667e+01, 8,3266666667e-02, 7,3634733333e+03
 1500476100, 6,0000000000e+01, 2,6946666667e+01, 1,4000000000e+01, 8,8000000000e-02, 7,3642533333e+03
 1500476400, 5,8366666667e+01, 2,6000000000e+01, 1,3346666667e+01, 7,8733333333e-02, 7,3639266667e+03
 1500476700, 5,5633333333e+01, 2,6253333333e+01, 1,2253333333e+01, 9,0533333333e-02, 7,3630400000e+03
 1500477000, 6,0000000000e+01, 2,8000000000e+01, 1,4000000000e+01, 1,1580000000e-01, 7,3633800000e+03
 1500477300, 5,5366666667e+01, 2,6146666667e+01, 1,0293333333e+01, 1,2873333333e-01, 7,3626733333e+03
 1500477600, 5,1366666667e+01, 2,4546666667e+01, 1,0000000000e+01, 1,2000000000e-01, 7,3647266667e+03
 1500477900, 5,5266666667e+01, 2,6106666667e+01, 1,3160000000e+01, 1,3053333333e-01, 7,3646733333e+03
 1500478200, 5,8366666667e+01, 2,7346666667e+01, 1,4693333333e+01, 1,3526666667e-01, 7,3657400000e+03
 1500478500, 5,7533333333e+01, 2,7266666667e+01, 1,3266666667e+01, 3,0800000000e-01, 7,3686933333e+03
 1500478800, 7,5000000000e+01, 3,6000000000e+01, 2,2000000000e+01, 5,6006666667e-01, 7,3681466667e+03
 1500479100, 7,5000000000e+01, 3,6000000000e+01, 2,0146666667e+01, 7,1500000000e-01, 7,3684000000e+03
 1500479400, 7,5000000000e+01, 3,6000000000e+01, 2,1453333333e+01, 8,4340000000e-01, 7,3684000000e+03
 1500479700, 7,5000000000e+01, 3,6000000000e+01, 2,2000000000e+01, 9,2140000000e-01, 7,3688000000e+03
 1500480000, 7,5000000000e+01, 3,6000000000e+01, 2,2000000000e+01, 9,7653333333e-01, 7,3670000000e+03
 1500480300, 7,5000000000e+01, 3,6000000000e+01, 2,2000000000e+01, 1,0136000000e+00, 7,3669266667e+03
 1500480600, 7,5000000000e+01, 3,6000000000e+01, 2,2000000000e+01, 1,0512666667e+00, 7,3672733333e+03
 1500480900, 7,0366666667e+01, 3,2293333333e+01, 2,2000000000e+01, 1,0572666667e+00, 7,3680000000e+03
 1500481200, 7,3633333333e+01, 3,4906666667e+01, 2,2000000000e+01, 1,0765333333e+00, 7,3676000000e+03
 1500481500, 7,5000000000e+01, 3,6000000000e+01, 2,2000000000e+01, 1,0925333333e+00, 7,3683266667e+03
 1500481800, 7,3366666667e+01, 3,5346666667e+01, 2,1346666667e+01, 1,1113000000e+00, 7,3684566667e+03
 1500482100, 7,0000000000e+01, 3,4000000000e+01, 2,0000000000e+01, 1,1180000000e+00, 7,3698733333e+03
 1500482400, 7,0000000000e+01, 3,4000000000e+01, 2,0000000000e+01, 1,1292666667e+00, 7,3702733333e+03
 1500482700, 7,4633333333e+01, 3,5853333333e+01, 2,1853333333e+01, 1,1392666667e+00, 7,3670733333e+03
 1500483000, 7,5000000000e+01, 3,6000000000e+01, 2,2000000000e+01, 1,1432666667e+00, 7,3671266667e+03
 1500483300, 7,5000000000e+01, 3,6000000000e+01, 2,2000000000e+01, 1,1380000000e+00, 7,3670733333e+03
 1500483600, 7,3366666667e+01, 3,5346666667e+01, 2,1346666667e+01, 1,1565333333e+00, 7,3684000000e+03
 1500483900, 6,8733333333e+01, 3,3493333333e+01, 1,9493333333e+01, 1,1542000000e+00, 7,3681800000e+03
 1500484200, 6,0000000000e+01, 3,0000000000e+01, 1,6000000000e+01, 1,1307333333e+00, 7,3687466667e+03
 1500484500, 5,5366666667e+01, 2,8146666667e+01, 1,4146666667e+01, 1,1207333333e+00, 7,3692533333e+03
 1500484800, 6,2266666667e+01, 2,9453333333e+01, 1,6906666667e+01, 1,1200000000e+00, 7,3697466667e+03
 1500485100, 7,0266666667e+01, 3,3160000000e+01, 2,0106666667e+01, 1,1272666667e+00, 7,3689266667e+03
 1500485400, 7,5000000000e+01, 3,6000000000e+01, 2,2000000000e+01, 1,1280000000e+00, 7,3704733333e+03
 1500485700, 7,5000000000e+01, 3,6000000000e+01, 2,2000000000e+01, 1,1252666667e+00, 7,3684000000e+03
 1500486000, 7,5000000000e+01, 3,6000000000e+01, 2,2000000000e+01, 1,1334666667e+00, 7,3695800000e+03
 1500486300, 7,5000000000e+01, 3,6000000000e+01, 2,2000000000e+01, 1,1292666667e+00, 7,3696200000e+03
 1500486600, 7,5000000000e+01, 3,6000000000e+01, 2,2000000000e+01, 1,1352666667e+00, 7,3692533333e+03
 1500486900, 6,4466666667e+01, 3,1786666667e+01, 1,7786666667e+01, 1,1334666667e+00, 7,3698733333e+03
 1500487200, 5,6633333333e+01, 2,8000000000e+01, 1,4653333333e+01, 1,0261333333e+00, 7,3640400000e+03
 1500487500, 6,1900000000e+01, 2,9013333333e+01, 1,6760000000e+01, 7,8013333333e-01, 7,3598933333e+03
 1500487800, 7,5000000000e+01, 3,6000000000e+01, 2,2000000000e+01, 6,0100000000e-01, 7,3604533333e+03
 1500488100, 7,5000000000e+01, 3,6000000000e+01, 2,2000000000e+01, 4,7333333333e-01, 7,3607466667e+03
 1500488400, 7,5000000000e+01, 3,6000000000e+01, 2,2000000000e+01, 3,7333333333e-01, 7,3597266667e+03
 1500488700, 7,5000000000e+01, 3,6000000000e+01, 2,2000000000e+01, 2,9966666667e-01, 7,3603800000e+03
 1500489000, 7,5000000000e+01, 3,5346666667e+01, 2,2000000000e+01, 2,4766666667e-01, 7,3612733333e+03
 1500489300, 7,3733333333e+01, 3,3746666667e+01, 2,1240000000e+01, 2,2673333333e-01, 7,3606000000e+03
 1500489600, 6,5000000000e+01, 3,2000000000e+01, 1,6000000000e+01, 2,2600000000e-01, 7,3598733333e+03
 1500489900, 7,4266666667e+01, 3,3853333333e+01, 2,1560000000e+01, 2,2326666667e-01, 7,3598000000e+03
 1500490200, 7,1366666667e+01, 3,2546666667e+01, 2,0546666667e+01, 2,1620000000e-01, 7,3609066667e+03
 1500490500, 5,9466666667e+01, 2,7786666667e+01, 1,4733333333e+01, 1,8293333333e-01, 7,3612733333e+03
 1500490800, 5,0000000000e+01, 2,4000000000e+01, 1,0000000000e+01, 1,3493333333e-01, 7,3623266667e+03
 1500491100, 5,0000000000e+01, 2,4000000000e+01, 1,0000000000e+01, 1,2926666667e-01, 7,3621266667e+03
 1500491400, 5,0000000000e+01, 2,4000000000e+01, 1,0000000000e+01, 1,1820000000e-01, 7,3626933333e+03
 1500491700, 5,0000000000e+01, 2,4000000000e+01, 1,0000000000e+01, 1,0726666667e-01, 7,3626000000e+03
 1500492000, 5,7266666667e+01, 2,6906666667e+01, 1,4360000000e+01, 1,0346666667e-01, 7,3610733333e+03
 1500492300, 5,4733333333e+01, 2,6946666667e+01, 1,3893333333e+01, 8,8733333333e-02, 7,3614733333e+03
 1500492600, 5,0000000000e+01, 2,5346666667e+01, 1,2000000000e+01, 6,7466666667e-02, 7,3626533333e+03
 1500492900, 5,0000000000e+01, 2,4253333333e+01, 1,1746666667e+01, 5,6733333333e-02, 7,3620733333e+03
 1500493200, 5,0000000000e+01, 2,6000000000e+01, 1,0000000000e+01, 5,0000000000e-02, 7,3628533333e+03
 1500493500, 5,0000000000e+01, 2,4146666667e+01, 1,0000000000e+01, 5,0000000000e-02, 7,3635466667e+03
 1500493800, 5,0000000000e+01, 2,4000000000e+01, 1,0000000000e+01, 5,2000000000e-02, 7,3627266667e+03
 1500494100, 5,0000000000e+01, 2,4000000000e+01, 1,1053333333e+01, 5,0000000000e-02, 7,3636000000e+03
 1500494400, 5,1633333333e+01, 2,4653333333e+01, 1,2000000000e+01, 5,1266666667e-02, 7,3626000000e+03
 1500494700, 5,5000000000e+01, 2,6253333333e+01, 1,2000000000e+01, 5,0733333333e-02, 7,3628733333e+03
 1500495000, 5,5000000000e+01, 2,8000000000e+01, 1,2000000000e+01, 5,0000000000e-02, 7,3619266667e+03
 1500495300, 5,0366666667e+01, 2,4293333333e+01, 1,0146666667e+01, 5,0000000000e-02, 7,3625266667e+03
 1500495600, 5,0000000000e+01, 2,4000000000e+01, 1,0000000000e+01, 5,1266666667e-02, 7,3620733333e+03
 1500495900, 5,0000000000e+01, 2,4000000000e+01, 1,0000000000e+01, 5,6000000000e-02, 7,3620000000e+03
 1500496200, 5,0000000000e+01, 2,4000000000e+01, 1,0000000000e+01, 5,4733333333e-02, 7,3624000000e+03
 1500496500, 5,0000000000e+01, 2,4000000000e+01, 1,0000000000e+01, 5,0000000000e-02, 7,3623466667e+03
 1500496800, 5,0000000000e+01, 2,4000000000e+01, 1,0000000000e+01, 5,2000000000e-02, 7,3633800000e+03
 1500497100, 5,0000000000e+01, 2,4000000000e+01, 1,0000000000e+01, 5,0000000000e-02, 7,3634733333e+03
 1500497400, 5,0000000000e+01, 2,4000000000e+01, 1,0000000000e+01, 5,0000000000e-02, 7,3618000000e+03
 1500497700, 5,0000000000e+01, 2,4000000000e+01, 1,0000000000e+01, 5,5266666667e-02, 7,3628000000e+03
 1500498000, 5,0000000000e+01, 2,4000000000e+01, 1,0000000000e+01, 5,0733333333e-02, 7,3616000000e+03
 1500498300, 5,0000000000e+01, 2,4000000000e+01, 1,0000000000e+01, 5,0000000000e-02, 7,3620733333e+03
 1500498600, 5,0000000000e+01, 2,4000000000e+01, 1,0000000000e+01, 5,2000000000e-02, 7,3629266667e+03
 1500498900, 5,0000000000e+01, 2,4000000000e+01, 1,0000000000e+01, 5,0000000000e-02, 7,3627966667e+03
 1500499200, 5,0000000000e+01, 2,4000000000e+01, 1,0000000000e+01, 5,5266666667e-02, 7,3626000000e+03
 1500499500, 5,0000000000e+01, 2,4000000000e+01, 1,0000000000e+01, 5,2733333333e-02, 7,3619266667e+03
 1500499800, 5,1633333333e+01, 2,5306666667e+01, 1,1306666667e+01, 5,0000000000e-02, 7,3630000000e+03
 1500500100, 5,4366666667e+01, 2,7493333333e+01, 1,3493333333e+01, 5,0000000000e-02, 7,3638733333e+03
 1500500400, 5,0000000000e+01, 2,4000000000e+01, 1,0000000000e+01, 6,5266666667e-02, 7,3625266667e+03
 1500500700, 5,0000000000e+01, 2,4000000000e+01, 1,0000000000e+01, 5,6000000000e-02, 7,3622733333e+03
 1500501000, 5,0000000000e+01, 2,4000000000e+01, 1,0000000000e+01, 5,0733333333e-02, 7,3635800000e+03
 1500501300, 5,0000000000e+01, 2,4000000000e+01, 1,0000000000e+01, 5,2000000000e-02, 7,3642733333e+03
 1500501600, 5,0000000000e+01, 2,4000000000e+01, 1,0000000000e+01, 5,0000000000e-02, 7,3631466667e+03
 1500501900, 5,0000000000e+01, 2,4000000000e+01, 1,0000000000e+01, 5,1266666667e-02, 7,3616000000e+03
 1500502200, 5,0000000000e+01, 2,4000000000e+01, 1,0000000000e+01, 6,3266666667e-02, 7,3619466667e+03
 1500502500, 5,4633333333e+01, 2,7706666667e+01, 1,1853333333e+01, 7,7266666667e-02, 7,3617800000e+03
 1500502800, 5,1366666667e+01, 2,5093333333e+01, 1,0546666667e+01, 8,0000000000e-02, 7,3628000000e+03
 1500503100, 6,3166666667e+01, 3,0320000000e+01, 1,6320000000e+01, 1,0506666667e-01, 7,3616733333e+03
 1500503400, 6,6833333333e+01, 3,2080000000e+01, 1,8080000000e+01, 1,0273333333e-01, 7,3630533333e+03
 1500503700, 5,0633333333e+01, 2,4253333333e+01, 1,0253333333e+01, 1,0673333333e-01, 7,3617466667e+03
 1500504000, 5,5000000000e+01, 2,6000000000e+01, 1,2000000000e+01, 1,0000000000e-01, 7,3621800000e+03
 1500504300, 5,0366666667e+01, 2,4146666667e+01, 1,2000000000e+01, 9,1466666667e-02, 7,3624733333e+03
 1500504600, 5,0000000000e+01, 2,4000000000e+01, 1,0546666667e+01, 6,8733333333e-02, 7,3629266667e+03
 1500504900, 5,0000000000e+01, 2,4000000000e+01, 1,1053333333e+01, 7,9233333333e-02, 7,3626100000e+03
 1500505200, 5,1633333333e+01, 2,4653333333e+01, 1,2000000000e+01, 9,5266666667e-02, 7,3637266667e+03
 1500505500, 5,4366666667e+01, 2,5746666667e+01, 1,1746666667e+01, 8,0733333333e-02, 7,3648533333e+03
 1500505800, 5,0000000000e+01, 2,4000000000e+01, 1,0000000000e+01, 6,8733333333e-02, 7,3644733333e+03
 1500506100, 5,0000000000e+01, 2,4000000000e+01, 1,1853333333e+01, 5,7466666667e-02, 7,3625666667e+03
 1500506400, 5,0000000000e+01, 2,4000000000e+01, 1,0546666667e+01, 5,0000000000e-02, 7,3622000000e+03
 1500506700, 5,0000000000e+01, 2,4000000000e+01, 1,0000000000e+01, 5,0000000000e-02, 7,3618000000e+03
 1500507000, 5,0000000000e+01, 2,4000000000e+01, 1,0000000000e+01, 5,0000000000e-02, 7,3623266667e+03
 1500507300, 5,0000000000e+01, 2,4000000000e+01, 1,0000000000e+01, 5,0000000000e-02, 7,3631266667e+03
 1500507600, 5,0000000000e+01, 2,4000000000e+01, 1,0000000000e+01, 5,0000000000e-02, 7,3631466667e+03
 1500507900, 5,0000000000e+01, 2,4000000000e+01, 1,0000000000e+01, 5,3266666667e-02, 7,3631266667e+03
 1500508200, 5,0000000000e+01, 2,4000000000e+01, 1,0000000000e+01, 5,0733333333e-02, 7,3632733333e+03
 1500508500, 5,0000000000e+01, 2,4000000000e+01, 1,0000000000e+01, 6,6533333333e-02, 7,3643266667e+03
 1500508800, 5,0000000000e+01, 2,4000000000e+01, 1,0000000000e+01, 5,6733333333e-02, 7,3646733333e+03
 1500509100, 5,0000000000e+01, 2,4000000000e+01, 1,0000000000e+01, 5,6733333333e-02, 7,3627266667e+03
 1500509400, 5,0000000000e+01, 2,4000000000e+01, 1,0000000000e+01, 5,0000000000e-02, 7,3630000000e+03
 1500509700, 5,0000000000e+01, 2,4000000000e+01, 1,0000000000e+01, 5,0000000000e-02, 7,3622733333e+03
 1500510000, 5,0000000000e+01, 2,4000000000e+01, 1,0000000000e+01, 5,0000000000e-02, 7,3617466667e+03
 1500510300, 5,0000000000e+01, 2,4000000000e+01, 1,0000000000e+01, 5,0000000000e-02, 7,3614000000e+03
 1500510600, 5,0000000000e+01, 2,4000000000e+01, 1,0000000000e+01, 5,0000000000e-02, 7,3617800000e+03
 1500510900, 5,0000000000e+01, 2,4000000000e+01, 1,0000000000e+01, 5,0000000000e-02, 7,3630000000e+03
 1500511200, 5,0000000000e+01, 2,4000000000e+01, 1,0000000000e+01, 5,0000000000e-02, 7,3640000000e+03
 1500511500, 5,0000000000e+01, 2,4000000000e+01, 1,0000000000e+01, 5,0000000000e-02, 7,3640000000e+03
 1500511800, 5,0000000000e+01, 2,4000000000e+01, 1,0000000000e+01, 5,0000000000e-02, 7,3635466667e+03
 1500512100, 5,0000000000e+01, 2,4000000000e+01, 1,0000000000e+01, 5,0000000000e-02, 7,3619266667e+03
 1500512400, 5,1633333333e+01, 2,4653333333e+01, 1,0653333333e+01, 5,0000000000e-02, 7,3619266667e+03
 1500512700, 5,4366666667e+01, 2,5746666667e+01, 1,1746666667e+01, 5,0000000000e-02, 7,3628733333e+03
 1500513000, 5,0000000000e+01, 2,4000000000e+01, 1,0000000000e+01, 5,9266666667e-02, 7,3625266667e+03
 1500513300, 5,0000000000e+01, 2,4000000000e+01, 1,0000000000e+01, 5,2000000000e-02, 7,3626733333e+03
 1500513600, 5,0000000000e+01, 2,4000000000e+01, 1,0000000000e+01, 5,2000000000e-02, 7,3638000000e+03
 1500513900, 5,0000000000e+01, 2,4000000000e+01, 1,0000000000e+01, 5,2733333333e-02, 7,3632533333e+03
 1500514200, 5,0000000000e+01, 2,4000000000e+01, 1,0000000000e+01, 5,6533333333e-02, 7,3633266667e+03
 1500514500, 5,0000000000e+01, 2,4000000000e+01, 1,0000000000e+01, 7,0000000000e-02, 7,3632933333e+03
 1500514800, 5,0000000000e+01, 2,4000000000e+01, 1,0000000000e+01, 7,4000000000e-02, 7,3644533333e+03
 1500515100, 5,0000000000e+01, 2,4000000000e+01, 1,0000000000e+01, 6,6733333333e-02, 7,3624733333e+03
 1500515400, 5,0000000000e+01, 2,4000000000e+01, 1,0000000000e+01, 6,4000000000e-02, 7,3622000000e+03
 1500515700, 5,0000000000e+01, 2,4000000000e+01, 1,0000000000e+01, 5,2733333333e-02, 7,3634533333e+03
 1500516000, 5,0000000000e+01, 2,4000000000e+01, 1,0000000000e+01, 5,1266666667e-02, 7,3626733333e+03
 1500516300, 5,0000000000e+01, 2,4000000000e+01, 1,0000000000e+01, 5,0733333333e-02, 7,3620733333e+03
 1500516600, 5,0000000000e+01, 2,4000000000e+01, 1,0000000000e+01, 5,0000000000e-02, 7,3626000000e+03
 1500516900, 5,0000000000e+01, 2,4000000000e+01, 1,0000000000e+01, 5,1266666667e-02, 7,3626533333e+03
 1500517200, 5,0000000000e+01, 2,4000000000e+01, 1,0000000000e+01, 6,5266666667e-02, 7,3634733333e+03
 1500517500, 5,0000000000e+01, 2,4000000000e+01, 1,0000000000e+01, 5,7466666667e-02, 7,3630733333e+03
 1500517800, 5,3266666667e+01, 2,4000000000e+01, 1,2613333333e+01, 5,3266666667e-02, 7,3625800000e+03
 1500518100, 5,8733333333e+01, 2,4000000000e+01, 1,6986666667e+01, 5,2000000000e-02, 7,3629466667e+03
 1500518400, 5,0000000000e+01, 2,4000000000e+01, 1,0000000000e+01, 5,8000000000e-02, 7,3612000000e+03
 1500518700, 5,0000000000e+01, 2,4000000000e+01, 1,0000000000e+01, 6,0533333333e-02, 7,3614733333e+03
 1500519000, 5,0000000000e+01, 2,4000000000e+01, 1,0000000000e+01, 6,0200000000e-02, 7,3611266667e+03
 1500519300, 5,0000000000e+01, 2,4000000000e+01, 1,0000000000e+01, 5,0000000000e-02, 7,3606533333e+03
 1500519600, 5,0000000000e+01, 2,4000000000e+01, 1,0000000000e+01, 5,0000000000e-02, 7,3616733333e+03
 1500519900, 5,0000000000e+01, 2,4000000000e+01, 1,0000000000e+01, 5,0000000000e-02, 7,3617266667e+03
 1500520200, 5,0000000000e+01, 2,4000000000e+01, 1,0000000000e+01, 5,8533333333e-02, 7,3619266667e+03
 1500520500, 5,0000000000e+01, 2,4000000000e+01, 1,0000000000e+01, 7,9266666667e-02, 7,3627266667e+03
 1500520800, 5,0000000000e+01, 2,4000000000e+01, 1,0000000000e+01, 9,2533333333e-02, 7,3616933333e+03
 1500521100, 5,0000000000e+01, 2,4000000000e+01, 1,0000000000e+01, 1,1126666667e-01, 7,3617466667e+03
 1500521400, 5,0000000000e+01, 2,4000000000e+01, 1,0000000000e+01, 1,2126666667e-01, 7,3621266667e+03
 1500521700, 5,0000000000e+01, 2,4000000000e+01, 1,0000000000e+01, 1,0746666667e-01, 7,3624000000e+03
 1500522000, 5,0000000000e+01, 2,4000000000e+01, 1,0000000000e+01, 9,8000000000e-02, 7,3639266667e+03
 1500522300, 5,0000000000e+01, 2,4000000000e+01, 1,0000000000e+01, 8,7466666667e-02, 7,3634733333e+03
 1500522600, 5,0000000000e+01, 2,4000000000e+01, 1,0000000000e+01, 7,3466666667e-02, 7,3632733333e+03
 1500522900, 5,0000000000e+01, 2,4000000000e+01, 1,0000000000e+01, 5,2733333333e-02, 7,3629266667e+03
 1500523200, 5,0000000000e+01, 2,4000000000e+01, 1,0000000000e+01, 5,0000000000e-02, 7,3637266667e+03
 1500523500, 5,0000000000e+01, 2,4000000000e+01, 1,0000000000e+01, 5,0000000000e-02, 7,3640000000e+03
 1500523800, 5,0000000000e+01, 2,4000000000e+01, 1,0000000000e+01, 5,0000000000e-02, 7,3622733333e+03
 1500524100, 5,0000000000e+01, 2,4000000000e+01, 1,0000000000e+01, 5,0000000000e-02, 7,3618733333e+03
 1500524400, 5,0000000000e+01, 2,4000000000e+01, 1,0000000000e+01, 5,0000000000e-02, 7,3620533333e+03
 1500524700, 5,0000000000e+01, 2,4000000000e+01, 1,0000000000e+01, 5,2533333333e-02, 7,3620000000e+03
 1500525000, 5,0000000000e+01, 2,4000000000e+01, 1,0000000000e+01, 7,8000000000e-02, 7,3628733333e+03
 1500525300, 5,0000000000e+01, 2,4000000000e+01, 1,0000000000e+01, 5,6733333333e-02, 7,3632000000e+03
 1500525600, 5,0000000000e+01, 2,4000000000e+01, 1,0000000000e+01, 5,4733333333e-02, 7,3626000000e+03
 1500525900, 5,0000000000e+01, 2,4000000000e+01, 1,0000000000e+01, 5,9266666667e-02, 7,3639266667e+03
 1500526200, 5,0000000000e+01, 2,4000000000e+01, 1,0000000000e+01, 5,2733333333e-02, 7,3640733333e+03
 1500526500, 5,2633333333e+01, 2,6106666667e+01, 1,1053333333e+01, 5,5800000000e-02, 7,3624733333e+03
 1500526800, 5,3366666667e+01, 2,6693333333e+01, 1,1346666667e+01, 8,1266666667e-02, 7,3622533333e+03
 1500527100, 5,0000000000e+01, 2,4000000000e+01, 1,0000000000e+01, 8,8000000000e-02, 7,3618733333e+03
 1500527400, 5,0000000000e+01, 2,4000000000e+01, 1,0000000000e+01, 8,0733333333e-02, 7,3618733333e+03
 1500527700, 5,0000000000e+01, 2,4000000000e+01, 1,0000000000e+01, 8,2000000000e-02, 7,3617266667e+03
 1500528000, 5,0000000000e+01, 2,4000000000e+01, 1,0000000000e+01, 6,6200000000e-02, 7,3615466667e+03
 1500528300, 5,0000000000e+01, 2,4000000000e+01, 1,0000000000e+01, 5,0000000000e-02, 7,3617800000e+03
 1500528600, 5,0000000000e+01, 2,4000000000e+01, 1,0000000000e+01, 5,0000000000e-02, 7,3634000000e+03
 1500528900, 5,0000000000e+01, 2,4000000000e+01, 1,0000000000e+01, 5,1266666667e-02, 7,3630000000e+03
 1500529200, 5,0000000000e+01, 2,4000000000e+01, 1,0000000000e+01, 5,0733333333e-02, 7,3635466667e+03
 1500529500, 5,0000000000e+01, 2,4000000000e+01, 1,0000000000e+01, 6,7800000000e-02, 7,3638533333e+03
 1500529800, 5,0000000000e+01, 2,4000000000e+01, 1,0000000000e+01, 7,4000000000e-02, 7,3632000000e+03
 1500530100, 5,0000000000e+01, 2,4000000000e+01, 1,0000000000e+01, 7,4733333333e-02, 7,3633466667e+03
 1500530400, 5,0000000000e+01, 2,4000000000e+01, 1,0000000000e+01, 6,6000000000e-02, 7,3631800000e+03
 1500530700, 5,0000000000e+01, 2,4000000000e+01, 1,0000000000e+01, 6,1466666667e-02, 7,3631466667e+03
 1500531000, 5,0000000000e+01, 2,4000000000e+01, 1,0000000000e+01, 5,9266666667e-02, 7,3621433333e+03
 1500531300, 5,9266666667e+01, 2,7706666667e+01, 1,5560000000e+01, 5,8000000000e-02, 7,3634000000e+03
 1500531600, 5,2733333333e+01, 2,5093333333e+01, 1,1640000000e+01, 5,0733333333e-02, 7,3633266667e+03
 1500531900, 5,0000000000e+01, 2,4000000000e+01, 1,0000000000e+01, 5,1266666667e-02, 7,3644000000e+03
 1500532200, 5,0000000000e+01, 2,4000000000e+01, 1,0000000000e+01, 5,0733333333e-02, 7,3646533333e+03
 1500532500, 5,0000000000e+01, 2,4000000000e+01, 1,0000000000e+01, 5,2000000000e-02, 7,3646733333e+03
 1500532800, 5,0000000000e+01, 2,4000000000e+01, 1,0000000000e+01, 5,2533333333e-02, 7,3642733333e+03
 1500533100, 5,0000000000e+01, 2,4000000000e+01, 1,0000000000e+01, 6,8000000000e-02, 7,3638533333e+03
 1500533400, 5,0000000000e+01, 2,4000000000e+01, 1,1453333333e+01, 7,8533333333e-02, 7,3640733333e+03
 1500533700, 5,0000000000e+01, 2,4000000000e+01, 1,0946666667e+01, 7,9466666667e-02, 7,3637266667e+03
 1500534000, 5,0000000000e+01, 2,4000000000e+01, 1,0000000000e+01, 6,9266666667e-02, 7,3634000000e+03
 1500534300, 5,0000000000e+01, 2,4000000000e+01, 1,0253333333e+01, 6,5466666667e-02, 7,3638000000e+03
 1500534600, 5,0000000000e+01, 2,4000000000e+01, 1,2000000000e+01, 6,7266666667e-02, 7,3643266667e+03
 1500534900, 5,4633333333e+01, 2,5853333333e+01, 1,2000000000e+01, 6,8000000000e-02, 7,3645266667e+03
 1500535200, 5,5000000000e+01, 2,6000000000e+01, 1,2000000000e+01, 6,6733333333e-02, 7,3643266667e+03
 1500535500, 5,2366666667e+01, 2,4946666667e+01, 1,0946666667e+01, 6,0033333333e-02, 7,3631133333e+03
 1500535800, 5,0000000000e+01, 2,4000000000e+01, 1,0000000000e+01, 5,4733333333e-02, 7,3620000000e+03
 1500536100, 5,1266666667e+01, 2,4506666667e+01, 1,0506666667e+01, 6,1266666667e-02, 7,3622000000e+03
 1500536400, 6,0000000000e+01, 2,8000000000e+01, 1,4000000000e+01, 5,6733333333e-02, 7,3628000000e+03
 1500536700, 6,0000000000e+01, 2,9853333333e+01, 1,2146666667e+01, 5,5266666667e-02, 7,3629266667e+03
 1500537000, 6,0000000000e+01, 3,0000000000e+01, 1,3453333333e+01, 6,0000000000e-02, 7,3635266667e+03
 1500537300, 5,7366666667e+01, 2,6840000000e+01, 1,2946666667e+01, 5,8733333333e-02, 7,3646733333e+03
 1500537600, 5,6633333333e+01, 2,4653333333e+01, 1,2653333333e+01, 5,9266666667e-02, 7,3628000000e+03
 1500537900, 6,0000000000e+01, 2,6506666667e+01, 1,4253333333e+01, 5,0733333333e-02, 7,3634000000e+03
 1500538200, 6,0000000000e+01, 3,0000000000e+01, 1,6000000000e+01, 6,3266666667e-02, 7,3640733333e+03
 1500538500, 6,4633333333e+01, 3,0000000000e+01, 1,6000000000e+01, 6,9266666667e-02, 7,3638000000e+03
 1500538800, 6,1366666667e+01, 2,8546666667e+01, 1,4546666667e+01, 7,5266666667e-02, 7,3631266667e+03
 1500539100, 6,0000000000e+01, 2,9053333333e+01, 1,4000000000e+01, 1,1160000000e-01, 7,3638000000e+03
 1500539400, 6,1633333333e+01, 3,0000000000e+01, 1,5306666667e+01, 1,4000000000e-01, 7,3639266667e+03
 1500539700, 6,4366666667e+01, 2,9746666667e+01, 1,7493333333e+01, 1,4400000000e-01, 7,3643266667e+03
 1500540000, 6,0000000000e+01, 2,8000000000e+01, 1,4000000000e+01, 1,3673333333e-01, 7,3647466667e+03
 1500540300, 6,0000000000e+01, 2,9853333333e+01, 1,4000000000e+01, 1,3073333333e-01, 7,3647266667e+03
 1500540600, 6,3633333333e+01, 3,0000000000e+01, 1,5453333333e+01, 1,3856666667e-01, 7,3646000000e+03
 1500540900, 6,2366666667e+01, 3,0000000000e+01, 1,6000000000e+01, 1,4126666667e-01, 7,3650000000e+03
 1500541200, 5,8366666667e+01, 2,8693333333e+01, 1,5346666667e+01, 1,3746666667e-01, 7,3650733333e+03
 1500541500, 5,5000000000e+01, 2,6000000000e+01, 1,3746666667e+01, 1,2273333333e-01, 7,3657966667e+03
 1500541800, 5,5000000000e+01, 2,6000000000e+01, 1,2000000000e+01, 1,1146666667e-01, 7,3626000000e+03
 1500542100, 5,5000000000e+01, 2,6000000000e+01, 1,2000000000e+01, 1,0073333333e-01, 7,3624000000e+03
 1500542400, 5,5000000000e+01, 2,6000000000e+01, 1,2000000000e+01, 8,8733333333e-02, 7,3636000000e+03
 1500542700, 5,5000000000e+01, 2,4946666667e+01, 1,2000000000e+01, 6,9466666667e-02, 7,3638000000e+03
 1500543000, 5,8266666667e+01, 2,6613333333e+01, 1,3960000000e+01, 5,6733333333e-02, 7,3628733333e+03
 1500543300, 6,3733333333e+01, 3,1240000000e+01, 1,7240000000e+01, 6,1266666667e-02, 7,3642533333e+03
 1500543600, 5,5000000000e+01, 2,6000000000e+01, 1,2000000000e+01, 5,6733333333e-02, 7,3640733333e+03
 1500543900, 6,8900000000e+01, 3,1560000000e+01, 1,7560000000e+01, 5,0000000000e-02, 7,3640733333e+03
 1500544200, 5,9100000000e+01, 2,7640000000e+01, 1,5093333333e+01, 6,1266666667e-02, 7,3638533333e+03
 1500544500, 6,0266666667e+01, 2,8106666667e+01, 1,6106666667e+01, 5,0733333333e-02, 7,3634000000e+03
 1500544800, 6,1733333333e+01, 2,9346666667e+01, 1,6693333333e+01, 5,0000000000e-02, 7,3634000000e+03
 1500545100, 5,6900000000e+01, 2,8506666667e+01, 1,4760000000e+01, 5,2000000000e-02, 7,3628733333e+03
 1500545400, 7,0000000000e+01, 3,2000000000e+01, 2,0000000000e+01, 7,3600000000e-02, 7,3635266667e+03
 1500545700, 6,0733333333e+01, 2,8293333333e+01, 1,4440000000e+01, 1,3183333333e-01, 7,3639266667e+03
 1500546000, 6,7266666667e+01, 3,2360000000e+01, 1,8360000000e+01, 1,4400000000e-01, 7,3634733333e+03
 1500546300, 7,0000000000e+01, 3,1893333333e+01, 2,0000000000e+01, 1,4326666667e-01, 7,3639266667e+03
 1500546600, 6,5100000000e+01, 2,9346666667e+01, 1,7386666667e+01, 1,3950000000e-01, 7,3641966667e+03
 1500546900, 5,5633333333e+01, 2,8000000000e+01, 1,2253333333e+01, 1,3070000000e-01, 7,3645500000e+03
 1500547200, 6,0000000000e+01, 2,8000000000e+01, 1,4000000000e+01, 1,2800000000e-01, 7,3641266667e+03
 1500547500, 6,4633333333e+01, 2,9853333333e+01, 1,7706666667e+01, 1,2453333333e-01, 7,3634533333e+03
 1500547800, 6,1366666667e+01, 2,8546666667e+01, 1,8000000000e+01, 1,3073333333e-01, 7,3640733333e+03
 1500548100, 5,7366666667e+01, 2,6946666667e+01, 1,4840000000e+01, 1,3126666667e-01, 7,3640000000e+03
 1500548400, 5,8266666667e+01, 2,7306666667e+01, 1,3960000000e+01, 1,3473333333e-01, 7,3636000000e+03
 1500548700, 6,3733333333e+01, 2,9493333333e+01, 1,7493333333e+01, 1,3526666667e-01, 7,3640533333e+03
 1500549000, 5,5000000000e+01, 2,6000000000e+01, 1,4000000000e+01, 1,4000000000e-01, 7,3636000000e+03
 1500549300, 5,5000000000e+01, 2,6000000000e+01, 1,2146666667e+01, 1,2746666667e-01, 7,3632733333e+03
 1500549600, 5,1366666667e+01, 2,4546666667e+01, 1,0546666667e+01, 1,2926666667e-01, 7,3636000000e+03
 1500549900, 5,5266666667e+01, 2,7160000000e+01, 1,2106666667e+01, 1,1950000000e-01, 7,3638366667e+03
 1500550200, 6,3266666667e+01, 3,0653333333e+01, 1,5306666667e+01, 1,0146666667e-01, 7,3634400000e+03
 1500550500, 6,8100000000e+01, 3,1240000000e+01, 1,7493333333e+01, 7,8233333333e-02, 7,3630533333e+03
 1500550800, 5,5000000000e+01, 2,6000000000e+01, 1,4000000000e+01, 6,2000000000e-02, 7,3642733333e+03
 1500551100, 5,5000000000e+01, 2,6000000000e+01, 1,0293333333e+01, 5,4733333333e-02, 7,3636733333e+03
 1500551400, 5,5000000000e+01, 2,4546666667e+01, 1,2906666667e+01, 5,0000000000e-02, 7,3639266667e+03
 1500551700, 5,2366666667e+01, 2,4000000000e+01, 1,1893333333e+01, 5,7266666667e-02, 7,3647266667e+03
 1500552000, 5,4900000000e+01, 2,6613333333e+01, 1,1960000000e+01, 5,8733333333e-02, 7,3647266667e+03
 1500552300, 6,3100000000e+01, 3,0986666667e+01, 1,5240000000e+01, 5,1266666667e-02, 7,3640200000e+03
 1500552600, 5,0000000000e+01, 2,4000000000e+01, 1,0000000000e+01, 5,8000000000e-02, 7,3638000000e+03
 1500552900, 5,4633333333e+01, 2,5853333333e+01, 1,1853333333e+01, 5,4733333333e-02, 7,3630733333e+03
 1500553200, 5,8633333333e+01, 2,6000000000e+01, 1,4906666667e+01, 6,3266666667e-02, 7,3634000000e+03
 1500553500, 5,4733333333e+01, 2,4946666667e+01, 1,2840000000e+01, 5,6000000000e-02, 7,3631800000e+03
 1500553800, 5,0000000000e+01, 2,4000000000e+01, 1,0000000000e+01, 6,1266666667e-02, 7,3636000000e+03
 1500554100, 5,1266666667e+01, 2,4760000000e+01, 1,0506666667e+01, 7,7266666667e-02, 7,3636733333e+03
 1500554400, 6,0000000000e+01, 3,0000000000e+01, 1,4000000000e+01, 8,9266666667e-02, 7,3637266667e+03
 1500554700, 6,0000000000e+01, 3,0000000000e+01, 1,5853333333e+01, 1,0053333333e-01, 7,3642000000e+03
 1500555000, 6,3633333333e+01, 3,0000000000e+01, 1,8906666667e+01, 1,3706666667e-01, 7,3640733333e+03
 1500555300, 5,9733333333e+01, 2,7893333333e+01, 1,6840000000e+01, 1,4873333333e-01, 7,3634733333e+03
 1500555600, 5,8266666667e+01, 2,7960000000e+01, 1,5306666667e+01, 1,3800000000e-01, 7,3629266667e+03
 1500555900, 6,5000000000e+01, 3,2000000000e+01, 1,8253333333e+01, 1,2946666667e-01, 7,3652533333e+03
 1500556200, 6,5000000000e+01, 3,2000000000e+01, 2,0000000000e+01, 1,2926666667e-01, 7,3642733333e+03
 1500556500, 6,5000000000e+01, 3,0146666667e+01, 1,6293333333e+01, 1,4453333333e-01, 7,3642000000e+03
 1500556800, 6,1366666667e+01, 3,0000000000e+01, 1,4546666667e+01, 1,5400000000e-01, 7,3640000000e+03
 1500557100, 6,0000000000e+01, 2,8946666667e+01, 1,5053333333e+01, 1,3946666667e-01, 7,3648733333e+03
 1500557400, 6,0000000000e+01, 2,8653333333e+01, 1,5346666667e+01, 1,3200000000e-01, 7,3632000000e+03
 1500557700, 5,8733333333e+01, 2,9493333333e+01, 1,3493333333e+01, 1,3273333333e-01, 7,3631266667e+03
 1500558000, 5,0000000000e+01, 2,6000000000e+01, 1,0000000000e+01, 1,3053333333e-01, 7,3649266667e+03
 1500558300, 5,9266666667e+01, 2,9706666667e+01, 1,3706666667e+01, 1,3473333333e-01, 7,3654000000e+03
 1500558600, 5,2733333333e+01, 2,7093333333e+01, 1,1093333333e+01, 1,3526666667e-01, 7,3660000000e+03
 1500558900, 6,0533333333e+01, 3,0213333333e+01, 1,6320000000e+01, 1,4600000000e-01, 7,3654200000e+03
 1500559200, 6,3466666667e+01, 3,0733333333e+01, 1,8080000000e+01, 1,3073333333e-01, 7,3647800000e+03
 1500559500, 5,2533333333e+01, 2,5013333333e+01, 1,1266666667e+01, 1,2073333333e-01, 7,3648733333e+03
 1500559800, 7,0000000000e+01, 3,2000000000e+01, 2,0000000000e+01, 1,1146666667e-01, 7,3649266667e+03
 1500560100, 5,1466666667e+01, 2,4586666667e+01, 1,0733333333e+01, 9,8000000000e-02, 7,3657266667e+03
 1500560400, 5,3633333333e+01, 2,6906666667e+01, 1,1453333333e+01, 9,2733333333e-02, 7,3645466667e+03
 1500560700, 5,7633333333e+01, 2,6946666667e+01, 1,4106666667e+01, 7,2200000000e-02, 7,3654533333e+03
 1500561000, 5,8366666667e+01, 2,6653333333e+01, 1,4693333333e+01, 5,8733333333e-02, 7,3648733333e+03
 1500561300, 5,5000000000e+01, 2,7746666667e+01, 1,2000000000e+01, 5,6000000000e-02, 7,3655266667e+03
 1500561600, 5,5000000000e+01, 2,6000000000e+01, 1,2000000000e+01, 5,0000000000e-02, 7,3653433333e+03
 1500561900, 5,0366666667e+01, 2,4146666667e+01, 1,0146666667e+01, 5,1266666667e-02, 7,3659800000e+03
 1500562200, 5,3633333333e+01, 2,5453333333e+01, 1,0000000000e+01, 5,0733333333e-02, 7,3649466667e+03
 1500562500, 5,7633333333e+01, 2,7053333333e+01, 1,2106666667e+01, 5,5266666667e-02, 7,3647266667e+03
 1500562800, 5,6733333333e+01, 2,7346666667e+01, 1,2693333333e+01, 5,4733333333e-02, 7,3655266667e+03
 1500563100, 5,1266666667e+01, 2,6253333333e+01, 1,0760000000e+01, 5,0000000000e-02, 7,3658733333e+03
 1500563400, 6,0000000000e+01, 2,8000000000e+01, 1,6000000000e+01, 5,4000000000e-02, 7,3651266667e+03
 1500563700, 6,0000000000e+01, 2,8000000000e+01, 1,6000000000e+01, 5,3266666667e-02, 7,3644000000e+03
 1500564000, 5,6366666667e+01, 2,6546666667e+01, 1,3093333333e+01, 6,2000000000e-02, 7,3659266667e+03
 1500564300, 5,2366666667e+01, 2,4946666667e+01, 1,0946666667e+01, 6,3266666667e-02, 7,3660000000e+03
 1500564600, 5,0000000000e+01, 2,4000000000e+01, 1,0000000000e+01, 8,3066666667e-02, 7,3669400000e+03
 1500564900, 5,3166666667e+01, 2,5520000000e+01, 1,1520000000e+01, 4,2153333333e-01, 7,5025266667e+03
 1500565200, 7,5000000000e+01, 3,6000000000e+01, 2,2000000000e+01, 3,8543333333e+00, 1,0453640000e+04
 1500565500, 1,9546666667e+02, 1,5461333333e+02, 2,3853333333e+01, 7,4946000000e+00, 1,0402873333e+04
 1500565800, 2,1590000000e+02, 1,7417333333e+02, 2,5453333333e+01, 1,0186266667e+01, 9,6655533333e+03
 1500566100, 2,2000000000e+02, 1,7905333333e+02, 2,6000000000e+01, 1,2044866667e+01, 1,0449493333e+04
 1500566400, 2,2000000000e+02, 1,7934666667e+02, 2,5346666667e+01, 1,3231933333e+01, 8,9179066667e+03
 1500566700, 2,1936666667e+02, 1,7724000000e+02, 2,4000000000e+01, 1,4178066667e+01, 1,0448753333e+04
 1500567000, 2,1500000000e+02, 1,7200000000e+02, 2,4000000000e+01, 1,4931800000e+01, 1,4673673333e+04
 1500567300, 2,1036666667e+02, 1,6644000000e+02, 2,4000000000e+01, 1,5448200000e+01, 1,2625800000e+04
 1500567600, 2,1726666667e+02, 1,7472000000e+02, 2,4000000000e+01, 1,5727533333e+01, 1,0449946667e+04
 1500567900, 2,2263333333e+02, 1,7905333333e+02, 2,5053333333e+01, 1,6106000000e+01, 1,1699773333e+04
 1500568200, 2,2173333333e+02, 1,7673333333e+02, 2,5346666667e+01, 1,6314066667e+01, 1,0421466667e+04
 1500568500, 2,1563333333e+02, 1,7076000000e+02, 2,4000000000e+01, 1,6457933333e+01, 8,8773933333e+03
 1500568800, 2,2000000000e+02, 1,7600000000e+02, 2,4000000000e+01, 1,6520200000e+01, 1,2624746667e+04
 1500569100, 2,2463333333e+02, 1,7970666667e+02, 2,4000000000e+01, 1,6480266667e+01, 1,0271453333e+04
 1500569400, 2,1410000000e+02, 1,7273333333e+02, 2,4000000000e+01, 1,6423066667e+01, 1,0294873333e+04
 1500569700, 2,1263333333e+02, 1,7105333333e+02, 2,4000000000e+01, 1,6503533333e+01, 1,1829206667e+04
 1500570000, 2,1663333333e+02, 1,7396000000e+02, 2,4000000000e+01, 1,6398066667e+01, 1,0368120000e+04
 1500570300, 2,2316666667e+02, 1,7901333333e+02, 2,6026666667e+01, 1,6508866667e+01, 1,7567666667e+04
 1500570600, 2,4500000000e+02, 1,8600000000e+02, 4,0000000000e+01, 1,6377666667e+01, 9,5897466667e+03
 1500570900, 2,4500000000e+02, 1,8600000000e+02, 4,0000000000e+01, 1,6354600000e+01, 8,8959866667e+03
 1500571200, 2,4863333333e+02, 1,8890666667e+02, 4,1453333333e+01, 1,6128533333e+01, 1,0293746667e+04
 1500571500, 2,5000000000e+02, 1,9000000000e+02, 4,2000000000e+01, 1,6227333333e+01, 1,0451653333e+04
 1500571800, 1,9283333333e+02, 1,3904000000e+02, 3,5466666667e+01, 1,6283666667e+01, 1,0296180000e+04
 1500572100, 9,4000000000e+01, 5,2493333333e+01, 2,2253333333e+01, 1,6353400000e+01, 1,0454293333e+04
 1500572400, 2,2500000000e+02, 1,8000000000e+02, 2,4000000000e+01, 1,6431133333e+01, 1,2495986667e+04
 1500572700, 1,0916666667e+02, 6,5093333333e+01, 2,4000000000e+01, 1,6413133333e+01, 9,6591333333e+03
 1500573000, 1,7266666667e+02, 1,2866666667e+02, 2,6906666667e+01, 1,6517066667e+01, 1,1249786667e+04
 1500573300, 2,0263333333e+02, 1,5810666667e+02, 2,5893333333e+01, 1,6615400000e+01, 1,2497820000e+04
 1500573600, 2,1970000000e+02, 1,6980000000e+02, 2,9880000000e+01, 1,6685800000e+01, 1,1502200000e+04
 1500573900, 2,4556666667e+02, 1,8696000000e+02, 4,0733333333e+01, 1,6692533333e+01, 1,1500786667e+04
 1500574200, 2,1500000000e+02, 1,6600000000e+02, 3,2000000000e+01, 1,6491066667e+01, 1,0306153333e+04
 1500574500, 8,9900000000e+01, 4,9240000000e+01, 2,2733333333e+01, 1,6533533333e+01, 9,6028666667e+03
 1500574800, 1,8536666667e+02, 1,4318666667e+02, 2,4906666667e+01, 1,6613600000e+01, 1,0370846667e+04
 1500575100, 2,2500000000e+02, 1,8094666667e+02, 2,6000000000e+01, 1,6730666667e+01, 1,1200946667e+04
 1500575400, 2,2500000000e+02, 1,8000000000e+02, 2,6000000000e+01, 1,6726266667e+01, 1,2620006667e+04
 1500575700, 2,2183333333e+02, 1,7721333333e+02, 2,5746666667e+01, 1,6541000000e+01, 1,0297926667e+04
 1500576000, 2,0000000000e+02, 1,5800000000e+02, 2,4000000000e+01, 1,6412800000e+01, 1,1822026667e+04
 1500576300, 2,4170000000e+02, 1,8209333333e+02, 3,8826666667e+01, 1,6247000000e+01, 1,0441660000e+04
 1500576600, 2,1956666667e+02, 1,6801333333e+02, 3,1280000000e+01, 1,6143333333e+01, 1,1238786667e+04
 1500576900, 2,0473333333e+02, 1,6094666667e+02, 2,5893333333e+01, 1,6080400000e+01, 1,2436873333e+04
 1500577200, 2,1633333333e+02, 1,6980000000e+02, 2,9880000000e+01, 1,6039666667e+01, 1,0439053333e+04
 1500577500, 2,4873333333e+02, 1,8898666667e+02, 4,1746666667e+01, 1,6015066667e+01, 1,3868800000e+04
 1500577800, 2,4000000000e+02, 1,8200000000e+02, 4,0000000000e+01, 1,5983666667e+01, 1,0445000000e+04
 1500578100, 2,3536666667e+02, 1,8014666667e+02, 3,4440000000e+01, 1,5936200000e+01, 8,9136266667e+03
 1500578400, 2,4590000000e+02, 1,8581333333e+02, 3,9813333333e+01, 1,5983066667e+01, 1,0264546667e+04
 1500578700, 2,4473333333e+02, 1,8484000000e+02, 4,0946666667e+01, 1,6009800000e+01, 1,2622800000e+04
 1500579000, 2,4000000000e+02, 1,8265333333e+02, 3,9346666667e+01, 1,6015133333e+01, 1,0440146667e+04
 1500579300, 2,4126666667e+02, 1,8450666667e+02, 3,8253333333e+01, 1,5971800000e+01, 1,0447493333e+04
 1500579600, 2,5000000000e+02, 1,8800000000e+02, 4,0000000000e+01, 1,5999800000e+01, 1,1780853333e+04
 1500579900, 2,4073333333e+02, 1,8244000000e+02, 3,8146666667e+01, 1,5966933333e+01, 1,0444273333e+04
 1500580200, 1,5280000000e+02, 1,0206666667e+02, 3,0733333333e+01, 1,6018333333e+01, 8,9143133333e+03
 1500580500, 1,6740000000e+02, 1,2150666667e+02, 2,5893333333e+01, 1,5973133333e+01, 1,0442520000e+04
 1500580800, 2,1000000000e+02, 1,6730666667e+02, 2,4000000000e+01, 1,5963266667e+01, 1,0439820000e+04
 1500581100, 2,1126666667e+02, 1,7076000000e+02, 2,4000000000e+01, 1,5918400000e+01, 1,0438146667e+04
 1500581400, 2,2000000000e+02, 1,7600000000e+02, 2,4000000000e+01, 1,5884733333e+01, 1,0442326667e+04
 1500581700, 2,2000000000e+02, 1,7600000000e+02, 2,4000000000e+01, 1,5868200000e+01, 1,0441180000e+04
 1500582000, 2,4180000000e+02, 1,8617333333e+02, 3,7080000000e+01, 1,5838200000e+01, 1,0442020000e+04
 1500582300, 2,3683333333e+02, 1,8578666667e+02, 3,3573333333e+01, 1,5820733333e+01, 1,0440946667e+04
 1500582600, 2,2173333333e+02, 1,7873333333e+02, 2,5346666667e+01, 1,5860333333e+01, 1,0286106667e+04
 1500582900, 2,1436666667e+02, 1,7124000000e+02, 2,4000000000e+01, 1,5904333333e+01, 1,0443673333e+04
 1500583200, 2,1000000000e+02, 1,6600000000e+02, 2,4000000000e+01, 1,5932933333e+01, 1,0263473333e+04
 1500583500, 2,2390000000e+02, 1,7897333333e+02, 2,5853333333e+01, 1,5928866667e+01, 1,0442600000e+04
 1500583800, 2,1773333333e+02, 1,7418666667e+02, 2,4546666667e+01, 1,5937133333e+01, 1,0441326667e+04
 1500584100, 2,1763333333e+02, 1,7516000000e+02, 2,4000000000e+01, 1,5898933333e+01, 1,2615200000e+04
 1500584400, 2,2000000000e+02, 1,7734666667e+02, 2,4000000000e+01, 1,5864933333e+01, 1,0438840000e+04
 1500584700, 2,2000000000e+02, 1,7600000000e+02, 2,4000000000e+01, 1,5843600000e+01, 9,6523666667e+03
 1500585000, 2,2000000000e+02, 1,7600000000e+02, 2,4000000000e+01, 1,5896333333e+01, 1,0441986667e+04
 1500585300, 2,3853333333e+02, 1,8341333333e+02, 3,8826666667e+01, 1,5889466667e+01, 9,0715333333e+03
 1500585600, 2,4000000000e+02, 1,8254666667e+02, 4,0000000000e+01, 1,5866200000e+01, 1,0446200000e+04
 1500585900, 2,2946666667e+02, 1,8094666667e+02, 3,2626666667e+01, 1,5839466667e+01, 1,0440546667e+04
 1500586200, 2,1510000000e+02, 1,7477333333e+02, 2,5346666667e+01, 1,5861266667e+01, 1,1492980000e+04
 1500586500, 2,0690000000e+02, 1,6552000000e+02, 2,4000000000e+01, 1,5881066667e+01, 1,0262746667e+04
 1500586800, 2,2000000000e+02, 1,7600000000e+02, 2,4000000000e+01, 1,5885666667e+01, 1,0440400000e+04
 1500587100, 2,2463333333e+02, 1,7970666667e+02, 2,4000000000e+01, 1,5873066667e+01, 1,0439546667e+04
 1500587400, 2,1410000000e+02, 1,6982666667e+02, 2,4000000000e+01, 1,5892200000e+01, 1,0438946667e+04
 1500587700, 2,1263333333e+02, 1,7126666667e+02, 2,4000000000e+01, 1,5870933333e+01, 1,0449653333e+04
 1500588000, 2,1500000000e+02, 1,7534666667e+02, 2,4000000000e+01, 1,5836200000e+01, 1,0438693333e+04
 1500588300, 2,1500000000e+02, 1,7349333333e+02, 2,4000000000e+01, 1,5835400000e+01, 9,6545200000e+03
 1500588600, 2,1500000000e+02, 1,7000000000e+02, 2,4000000000e+01, 1,5859266667e+01, 1,0440760000e+04
 1500588900, 2,3816666667e+02, 1,7926666667e+02, 4,0680000000e+01, 1,5917066667e+01, 1,1241533333e+04
 1500589200, 2,3636666667e+02, 1,8000000000e+02, 3,7640000000e+01, 1,5901466667e+01, 1,0264073333e+04
 1500589500, 2,1656666667e+02, 1,6841333333e+02, 2,9680000000e+01, 1,5915200000e+01, 1,4584866667e+04
 1500589800, 2,0490000000e+02, 1,6257333333e+02, 2,4000000000e+01, 1,5783400000e+01, 9,5900200000e+03
 1500590100, 2,1563333333e+02, 1,7276000000e+02, 2,4000000000e+01, 1,5799266667e+01, 1,0437913333e+04
 1500590400, 2,2000000000e+02, 1,7800000000e+02, 2,4000000000e+01, 1,5806733333e+01, 8,8850933333e+03
 1500590700, 2,2000000000e+02, 1,7614666667e+02, 2,4000000000e+01, 1,5852333333e+01, 1,0440780000e+04
 1500591000, 2,4180000000e+02, 1,8617333333e+02, 3,7080000000e+01, 1,5892333333e+01, 1,0439926667e+04
 1500591300, 2,3683333333e+02, 1,8473333333e+02, 3,2520000000e+01, 1,5882200000e+01, 1,0405976667e+04
 1500591600, 2,2500000000e+02, 1,8000000000e+02, 2,4000000000e+01, 1,5857466667e+01, 1,0440053333e+04
 1500591900, 2,2436666667e+02, 1,8000000000e+02, 2,4253333333e+01, 1,5885800000e+01, 1,0449146667e+04
 1500592200, 2,2000000000e+02, 1,8000000000e+02, 2,6000000000e+01, 1,5919066667e+01, 1,0442073333e+04
 1500592500, 2,2463333333e+02, 1,8185333333e+02, 2,4146666667e+01, 1,5940400000e+01, 1,4664400000e+04
 1500592800, 2,1410000000e+02, 1,7328000000e+02, 2,4000000000e+01, 1,5891800000e+01, 1,1819713333e+04
 1500593100, 2,1526666667e+02, 1,7526666667e+02, 2,4000000000e+01, 1,5879466667e+01, 1,0441120000e+04
 1500593400, 2,2816666667e+02, 1,8196000000e+02, 2,9880000000e+01, 1,5890200000e+01, 1,5590820000e+04
 1500593700, 2,4563333333e+02, 1,8650666667e+02, 4,2000000000e+01, 1,5879800000e+01, 1,2617726667e+04
 1500594000, 2,5000000000e+02, 1,9000000000e+02, 4,2000000000e+01, 1,5902766667e+01, 1,0441040000e+04
 1500594300, 2,2683333333e+02, 1,8073333333e+02, 2,5320000000e+01, 1,5879066667e+01, 1,0438926667e+04
 1500594600, 2,2500000000e+02, 1,8145333333e+02, 2,4000000000e+01, 1,5913066667e+01, 9,6587266667e+03
 1500594900, 2,1973333333e+02, 1,7778666667e+02, 2,4000000000e+01, 1,5878933333e+01, 1,0444166667e+04
 1500595200, 2,1663333333e+02, 1,7530666667e+02, 2,4000000000e+01, 1,5854200000e+01, 1,1243246667e+04
 1500595500, 2,2000000000e+02, 1,7800000000e+02, 2,4000000000e+01, 1,5838733333e+01, 1,0442913333e+04
 1500595800, 2,2000000000e+02, 1,7800000000e+02, 2,4000000000e+01, 1,5828666667e+01, 1,0439566667e+04
 1500596100, 2,1536666667e+02, 1,7429333333e+02, 2,4000000000e+01, 1,5540800000e+01, 1,2449286667e+04
 1500596400, 2,1863333333e+02, 1,7690666667e+02, 2,4000000000e+01, 1,5413333333e+01, 1,0440146667e+04
 1500596700, 2,1736666667e+02, 1,7589333333e+02, 2,4000000000e+01, 1,5570866667e+01, 1,2617000000e+04
 1500597000, 2,1663333333e+02, 1,7465333333e+02, 2,4000000000e+01, 1,5630333333e+01, 1,0342246667e+04
 1500597300, 2,2000000000e+02, 1,7600000000e+02, 2,4000000000e+01, 1,5663800000e+01, 8,1159466667e+03
 1500597600, 2,2000000000e+02, 1,7600000000e+02, 2,4000000000e+01, 1,5702666667e+01, 9,5883133333e+03
 1500597900, 2,4316666667e+02, 1,8526666667e+02, 3,8826666667e+01, 1,5792866667e+01, 9,0718200000e+03
 1500598200, 1,4326666667e+02, 9,8800000000e+01, 2,8373333333e+01, 1,5852300000e+01, 8,2734366667e+03
 1500598500, 1,6293333333e+02, 1,2077333333e+02, 2,4000000000e+01, 1,5889800000e+01, 8,2765400000e+03
 1500598800, 1,7416666667e+02, 1,3080000000e+02, 2,3346666667e+01, 1,4460733333e+01, 9,7993733333e+03
 1500599100, 8,4933333333e+01, 4,6706666667e+01, 2,0480000000e+01, 1,0717733333e+01, 7,3655000000e+03
 1500599400, 5,0000000000e+01, 2,4000000000e+01, 1,0000000000e+01, 7,7928000000e+00, 7,3618133333e+03
 1500599700, 5,0000000000e+01, 2,4000000000e+01, 1,0000000000e+01, 5,6576000000e+00, 7,3620133333e+03
 1500600000, 5,0000000000e+01, 2,4000000000e+01, 1,0000000000e+01, 4,1135333333e+00, 7,3619466667e+03
 1500600300, 5,0000000000e+01, 2,4000000000e+01, 1,0000000000e+01, 2,9884000000e+00, 7,3613266667e+03
 1500600600, 5,0000000000e+01, 2,4000000000e+01, 1,0000000000e+01, 2,1705666667e+00, 7,3618400000e+03
 1500600900, 5,0000000000e+01, 2,4000000000e+01, 1,0000000000e+01, 1,5846666667e+00, 7,3624733333e+03
 1500601200, 5,0000000000e+01, 2,4000000000e+01, 1,0000000000e+01, 1,1696666667e+00, 7,3629266667e+03
 1500601500, 5,0000000000e+01, 2,4000000000e+01, 1,0000000000e+01, 8,7033333333e-01, 7,3623466667e+03
 1500601800, 5,0000000000e+01, 2,4000000000e+01, 1,0000000000e+01, 6,6246666667e-01, 7,3617266667e+03
 1500602100, 5,0000000000e+01, 2,4000000000e+01, 1,0000000000e+01, 5,2280000000e-01, 7,3621266667e+03
 1500602400, 5,0000000000e+01, 2,4000000000e+01, 1,0000000000e+01, 4,1660000000e-01, 7,3620733333e+03
 1500602700, 5,0000000000e+01, 2,4000000000e+01, 1,0000000000e+01, 3,3606666667e-01, 7,3622433333e+03
 1500603000, 5,0000000000e+01, 2,4000000000e+01, 1,0000000000e+01, 2,5186666667e-01, 7,3617266667e+03
 1500603300, 5,0000000000e+01, 2,4000000000e+01, 1,0000000000e+01, 1,9820000000e-01, 7,3623266667e+03
 1500603600, 5,0000000000e+01, 2,4000000000e+01, 1,0000000000e+01, 1,7093333333e-01, 7,3622733333e+03
 1500603900, 5,0000000000e+01, 2,4000000000e+01, 1,0000000000e+01, 1,3023333333e-01, 7,3637966667e+03
 1500604200, 5,0000000000e+01, 2,4000000000e+01, 1,0000000000e+01, 1,1676666667e-01, 7,3630100000e+03
 1500604500, 5,0000000000e+01, 2,4000000000e+01, 1,0000000000e+01, 9,7466666667e-02, 7,3621266667e+03
 1500604800, 5,0000000000e+01, 2,4000000000e+01, 1,0000000000e+01, 8,1466666667e-02, 7,3621466667e+03
 1500605100, 5,0000000000e+01, 2,4000000000e+01, 1,0000000000e+01, 5,9466666667e-02, 7,3617266667e+03
 1500605400, 5,0000000000e+01, 2,4000000000e+01, 1,0000000000e+01, 5,0000000000e-02, 7,3623266667e+03
 1500605700, 5,0000000000e+01, 2,4000000000e+01, 1,0000000000e+01, 5,0000000000e-02, 7,3624000000e+03
 1500606000, 5,0000000000e+01, 2,4000000000e+01, 1,0000000000e+01, 5,0000000000e-02, 7,3640000000e+03
 1500606300, 5,0000000000e+01, 2,4000000000e+01, 1,0000000000e+01, 5,0000000000e-02, 7,3630000000e+03
 1500606600, 5,0000000000e+01, 2,4000000000e+01, 1,0000000000e+01, 5,0000000000e-02, 7,3630000000e+03
 1500606900, 5,0000000000e+01, 2,4000000000e+01, 1,0000000000e+01, 5,0000000000e-02, 7,3624733333e+03
 1500607200, 5,0000000000e+01, 2,4000000000e+01, 1,0000000000e+01, 5,1133333333e-02, 7,3634800000e+03
 1500607500, 5,0000000000e+01, 2,4000000000e+01, 1,0000000000e+01, 5,8000000000e-02, 7,3618000000e+03
 1500607800, 5,0000000000e+01, 2,4000000000e+01, 1,0000000000e+01, 5,0733333333e-02, 7,3606000000e+03
 1500608100, 5,0000000000e+01, 2,4000000000e+01, 1,0000000000e+01, 6,6533333333e-02, 7,3614533333e+03
 1500608400, 5,0000000000e+01, 2,4000000000e+01, 1,0000000000e+01, 7,7266666667e-02, 7,3610733333e+03
 1500608700, 5,0000000000e+01, 2,4000000000e+01, 1,0000000000e+01, 7,6733333333e-02, 7,3612000000e+03
 1500609000, 5,0000000000e+01, 2,4000000000e+01, 1,0000000000e+01, 8,1266666667e-02, 7,3613266667e+03
 1500609300, 5,0000000000e+01, 2,4000000000e+01, 1,0000000000e+01, 7,1466666667e-02, 7,3614000000e+03
 1500609600, 5,0000000000e+01, 2,4000000000e+01, 1,0000000000e+01, 5,2733333333e-02, 7,3623266667e+03
 1500609900, 5,0000000000e+01, 2,4000000000e+01, 1,0000000000e+01, 5,0000000000e-02, 7,3620000000e+03
 1500610200, 5,0000000000e+01, 2,4000000000e+01, 1,0000000000e+01, 5,0000000000e-02, 7,3614200000e+03
 1500610500, 5,0000000000e+01, 2,4000000000e+01, 1,0000000000e+01, 5,0000000000e-02, 7,3613466667e+03
 1500610800, 5,0000000000e+01, 2,4000000000e+01, 1,0000000000e+01, 5,0000000000e-02, 7,3608000000e+03
 1500611100, 5,0000000000e+01, 2,4000000000e+01, 1,0000000000e+01, 5,0000000000e-02, 7,3613266667e+03
 1500611400, 5,0000000000e+01, 2,4000000000e+01, 1,0000000000e+01, 5,1266666667e-02, 7,3618000000e+03
 1500611700, 5,0000000000e+01, 2,4000000000e+01, 1,0000000000e+01, 5,6733333333e-02, 7,3628533333e+03
 1500612000, 5,0000000000e+01, 2,4000000000e+01, 1,0000000000e+01, 5,2000000000e-02, 7,3620733333e+03
 1500612300, 5,0000000000e+01, 2,4000000000e+01, 1,0000000000e+01, 5,0000000000e-02, 7,3626000000e+03
 1500612600, 5,0000000000e+01, 2,4000000000e+01, 1,0000000000e+01, 5,0000000000e-02, 7,3628000000e+03
 1500612900, 5,3633333333e+01, 2,6906666667e+01, 1,0000000000e+01, 5,0000000000e-02, 7,3626000000e+03
 1500613200, 5,2366666667e+01, 2,5893333333e+01, 1,0000000000e+01, 5,2000000000e-02, 7,3630733333e+03
 1500613500, 5,0000000000e+01, 2,4000000000e+01, 1,0000000000e+01, 5,0000000000e-02, 7,3624000000e+03
 1500613800, 5,0000000000e+01, 2,4000000000e+01, 1,0000000000e+01, 5,0000000000e-02, 7,3621233333e+03
 1500614100, 5,0000000000e+01, 2,4000000000e+01, 1,0000000000e+01, 5,1266666667e-02, 7,3622000000e+03
 1500614400, 5,0000000000e+01, 2,4000000000e+01, 1,0000000000e+01, 5,6733333333e-02, 7,3622733333e+03
 1500614700, 5,0000000000e+01, 2,4000000000e+01, 1,0000000000e+01, 5,0000000000e-02, 7,3621266667e+03
 1500615000, 5,0000000000e+01, 2,4000000000e+01, 1,0000000000e+01, 5,0000000000e-02, 7,3612733333e+03
 1500615300, 5,0000000000e+01, 2,4000000000e+01, 1,0000000000e+01, 5,0000000000e-02, 7,3624000000e+03
 1500615600, 5,0000000000e+01, 2,4000000000e+01, 1,0000000000e+01, 5,0000000000e-02, 7,3616000000e+03
 1500615900, 5,0000000000e+01, 2,4000000000e+01, 1,0000000000e+01, 5,1266666667e-02, 7,3620733333e+03
 1500616200, 5,0000000000e+01, 2,4000000000e+01, 1,0000000000e+01, 5,8733333333e-02, 7,3614533333e+03
 1500616500, 5,0000000000e+01, 2,4000000000e+01, 1,1453333333e+01, 5,0000000000e-02, 7,3616733333e+03
 1500616800, 5,0000000000e+01, 2,4000000000e+01, 1,0946666667e+01, 5,6533333333e-02, 7,3623266667e+03
 1500617100, 5,0000000000e+01, 2,4000000000e+01, 1,0000000000e+01, 8,8533333333e-02, 7,3622000000e+03
 1500617400, 5,0000000000e+01, 2,4000000000e+01, 1,0000000000e+01, 9,6000000000e-02, 7,3616733333e+03
 1500617700, 5,0000000000e+01, 2,4000000000e+01, 1,0000000000e+01, 8,2733333333e-02, 7,3612000000e+03
 1500618000, 5,0000000000e+01, 2,4000000000e+01, 1,0000000000e+01, 7,4733333333e-02, 7,3620000000e+03
 1500618300, 5,0000000000e+01, 2,4000000000e+01, 1,0000000000e+01, 5,5466666667e-02, 7,3630533333e+03
 1500618600, 5,0000000000e+01, 2,4000000000e+01, 1,0000000000e+01, 5,0000000000e-02, 7,3632000000e+03
 1500618900, 5,1633333333e+01, 2,5306666667e+01, 1,0000000000e+01, 5,0000000000e-02, 7,3636733333e+03
 1500619200, 5,4383333333e+01, 2,7506666667e+01, 1,0000000000e+01, 5,0000000000e-02, 7,3625300000e+03
 1500619500, 5,0000000000e+01, 2,4000000000e+01, 1,0000000000e+01, 5,0000000000e-02, 7,3629266667e+03
 1500619800, 5,0000000000e+01, 2,5853333333e+01, 1,0000000000e+01, 5,5266666667e-02, 7,3620200000e+03
 1500620100, 5,3633333333e+01, 2,7453333333e+01, 1,1453333333e+01, 5,0733333333e-02, 7,3614000000e+03
 1500620400, 5,2366666667e+01, 2,5893333333e+01, 1,0946666667e+01, 5,3266666667e-02, 7,3617266667e+03
 1500620700, 5,1633333333e+01, 2,4000000000e+01, 1,1306666667e+01, 6,1266666667e-02, 7,3625266667e+03
 1500621000, 5,6266666667e+01, 2,4760000000e+01, 1,4506666667e+01, 8,7800000000e-02, 7,3620733333e+03
 1500621300, 6,5000000000e+01, 3,0000000000e+01, 1,8000000000e+01, 8,8733333333e-02, 7,3616000000e+03
 1500621600, 5,1100000000e+01, 2,4440000000e+01, 1,0586666667e+01, 9,7266666667e-02, 7,3628000000e+03
 1500621900, 5,0000000000e+01, 2,4000000000e+01, 1,0000000000e+01, 1,0126666667e-01, 7,3628733333e+03
 1500622200, 5,0000000000e+01, 2,5053333333e+01, 1,0000000000e+01, 1,0800000000e-01, 7,3615266667e+03
 1500622500, 5,1633333333e+01, 2,6000000000e+01, 1,0653333333e+01, 1,1326666667e-01, 7,3618533333e+03
 1500622800, 5,4366666667e+01, 2,6000000000e+01, 1,1746666667e+01, 1,0946666667e-01, 7,3629266667e+03
 1500623100, 5,0000000000e+01, 2,6000000000e+01, 1,0000000000e+01, 8,4200000000e-02, 7,3641266667e+03
 1500623400, 5,4633333333e+01, 2,6000000000e+01, 1,1853333333e+01, 6,2733333333e-02, 7,3638733333e+03
 1500623700, 5,1366666667e+01, 2,4546666667e+01, 1,0546666667e+01, 7,5266666667e-02, 7,3638000000e+03
 1500624000, 5,0000000000e+01, 2,4000000000e+01, 1,0000000000e+01, 5,9466666667e-02, 7,3631266667e+03
 1500624300, 5,6533333333e+01, 2,6613333333e+01, -nan, 5,0000000000e-02, 7,3626000000e+03
 1500624600, 6,9366666667e+01, 3,2000000000e+01, -nan, 5,0000000000e-02, 7,3624000000e+03
 1500624900, 6,5000000000e+01, 3,2000000000e+01, -nan, 5,1266666667e-02, 7,3615666667e+03
 1500625200, 6,0366666667e+01, 2,8293333333e+01, -nan, 6,5266666667e-02, 7,3599466667e+03
 1500625500, 6,0000000000e+01, 2,8000000000e+01, -nan, -nan, 7,3610533333e+03
 1500625800, 6,2633333333e+01, 2,9053333333e+01, -nan, -nan, 7,3604733333e+03
 1500626100, 6,5000000000e+01, 3,0653333333e+01, -nan, -nan, 7,3602000000e+03
 1500626400, 6,5000000000e+01, 3,2000000000e+01, -nan, -nan, -nan
 1500626700, 6,5000000000e+01, 3,2000000000e+01, -nan, -nan, -nan
 1500627000, -nan, -nan, -nan, -nan, -nan
 1500627300, -nan, -nan, -nan, -nan, -nan
