 Time, ttl_pwr, cpu_pwr, mem_pwr, cpu_load, mem_load
 1500448500, 5.1500000000e+01, 2.4600000000e+01, 1.0000000000e+01, 8.3133333333e-02, 7.3024066667e+03
 1500448800, 5.2533333333e+01, 2.4000000000e+01, 1.0000000000e+01, 6.5866666667e-02, 7.3018000000e+03
 1500449100, 5.5000000000e+01, 2.4613333333e+01, 1.0000000000e+01, 5.0933333333e-02, 7.3020000000e+03
 1500449400, 5.4466666667e+01, 2.5786666667e+01, 1.0000000000e+01, 5.0000000000e-02, 7.3018933333e+03
 1500449700, 5.0000000000e+01, 2.4000000000e+01, 1.0000000000e+01, 5.0000000000e-02, 7.3009066667e+03
 1500450000, 5.0000000000e+01, 2.4000000000e+01, 1.0000000000e+01, 5.2000000000e-02, 7.3020000000e+03
 1500450300, 5.0000000000e+01, 2.4000000000e+01, 1.0000000000e+01, 5.0000000000e-02, 7.3018000000e+03
 1500450600, 5.0000000000e+01, 2.4000000000e+01, 1.0000000000e+01, 5.2000000000e-02, 7.3016000000e+03
 1500450900, 5.1533333333e+01, 2.4000000000e+01, 1.0000000000e+01, 5.0000000000e-02, 7.3016000000e+03
 1500451200, 5.4466666667e+01, 2.4000000000e+01, 1.0000000000e+01, 5.0000000000e-02, 7.3020000000e+03
 1500451500, 5.0000000000e+01, 2.4000000000e+01, 1.0000000000e+01, 5.0000000000e-02, 7.3016933333e+03
 1500451800, 5.0000000000e+01, 2.4000000000e+01, 1.0000000000e+01, 5.2000000000e-02, 7.3008000000e+03
 1500452100, 5.0000000000e+01, 2.4000000000e+01, 1.0000000000e+01, 5.0000000000e-02, 7.3018133333e+03
 1500452400, 5.0000000000e+01, 2.4000000000e+01, 1.0000000000e+01, 5.4000000000e-02, 7.3016000000e+03
 1500452700, 5.0000000000e+01, 2.4000000000e+01, 1.0000000000e+01, 5.0000000000e-02, 7.3019866667e+03
 1500453000, 5.0000000000e+01, 2.4000000000e+01, 1.0000000000e+01, 5.0000000000e-02, 7.3024133333e+03
 1500453300, 5.0000000000e+01, 2.4000000000e+01, 1.0000000000e+01, 5.0000000000e-02, 7.3024000000e+03
 1500453600, 5.0000000000e+01, 2.4000000000e+01, 1.0000000000e+01, 5.0000000000e-02, 7.3020933333e+03
 1500453900, 5.3533333333e+01, 2.4000000000e+01, 1.0000000000e+01, 5.0000000000e-02, 7.3026033333e+03
 1500454200, 5.5000000000e+01, 2.4000000000e+01, 1.0000000000e+01, 5.6133333333e-02, 7.3020933333e+03
 1500454500, 5.3466666667e+01, 2.4000000000e+01, 1.0000000000e+01, 7.7066666667e-02, 7.3023066667e+03
 1500454800, 5.0000000000e+01, 2.4000000000e+01, 1.0000000000e+01, 7.6000000000e-02, 7.3023066667e+03
 1500455100, 5.0000000000e+01, 2.4000000000e+01, 1.0000000000e+01, 7.3866666667e-02, 7.3026000000e+03
 1500455400, 5.0000000000e+01, 2.4000000000e+01, 1.0000000000e+01, 5.2933333333e-02, 7.3016000000e+03
 1500455700, 5.0000000000e+01, 2.4000000000e+01, 1.0000000000e+01, 5.0000000000e-02, 7.3029066667e+03
 1500456000, 5.7600000000e+01, 2.7040000000e+01, 1.3040000000e+01, 5.6000000000e-02, 7.3026933333e+03
 1500456300, 6.0400000000e+01, 2.8160000000e+01, 1.4160000000e+01, 5.0000000000e-02, 7.3021866667e+03
 1500456600, 5.0000000000e+01, 2.4000000000e+01, 1.0000000000e+01, 5.1066666667e-02, 7.3022133333e+03
 1500456900, 5.0000000000e+01, 2.4000000000e+01, 1.0000000000e+01, 5.2933333333e-02, 7.3023966667e+03
 1500457200, 5.0000000000e+01, 2.4000000000e+01, 1.0000000000e+01, 5.4000000000e-02, 7.3022000000e+03
 1500457500, 5.0000000000e+01, 2.4000000000e+01, 1.0000000000e+01, 5.3066666667e-02, 7.3024000000e+03
 1500457800, 5.0000000000e+01, 2.4000000000e+01, 1.0000000000e+01, 5.0933333333e-02, 7.3037066667e+03
 1500458100, 5.0000000000e+01, 2.4000000000e+01, 1.0000000000e+01, 5.4000000000e-02, 7.3027866667e+03
 1500458400, 5.0000000000e+01, 2.4000000000e+01, 1.0000000000e+01, 5.0000000000e-02, 7.3028000000e+03
 1500458700, 5.0000000000e+01, 2.4000000000e+01, 1.0000000000e+01, 5.0000000000e-02, 7.3030133333e+03
 1500459000, 5.0000000000e+01, 2.4000000000e+01, 1.0000000000e+01, 5.0000000000e-02, 7.3029866667e+03
 1500459300, 5.0000000000e+01, 2.4000000000e+01, 1.0000000000e+01, 5.0000000000e-02, 7.3028133333e+03
 1500459600, 5.0000000000e+01, 2.4000000000e+01, 1.0000000000e+01, 5.0000000000e-02, 7.3030933333e+03
 1500459900, 5.1533333333e+01, 2.4000000000e+01, 1.0000000000e+01, 5.0000000000e-02, 7.3023866667e+03
 1500460200, 5.5000000000e+01, 2.4213333333e+01, 1.0000000000e+01, 5.0000000000e-02, 7.3028133333e+03
 1500460500, 5.5000000000e+01, 2.6000000000e+01, 1.0000000000e+01, 6.1200000000e-02, 7.3022933333e+03
 1500460800, 5.5000000000e+01, 2.6000000000e+01, 1.0000000000e+01, 9.6133333333e-02, 7.3027066667e+03
 1500461100, 5.1466666667e+01, 2.4586666667e+01, 1.0000000000e+01, 9.0933333333e-02, 7.3031066667e+03
 1500461400, 5.0000000000e+01, 2.4000000000e+01, 1.0000000000e+01, 8.6933333333e-02, 7.3034933333e+03
 1500461700, 5.0000000000e+01, 2.4000000000e+01, 1.0000000000e+01, 7.0933333333e-02, 7.3038000000e+03
 1500462000, 5.0500000000e+01, 2.4200000000e+01, 1.0000000000e+01, 6.2933333333e-02, 7.3037066667e+03
 1500462300, 5.5000000000e+01, 2.6000000000e+01, 1.0000000000e+01, 6.6000000000e-02, 7.3028933333e+03
 1500462600, 5.0466666667e+01, 2.4186666667e+01, 1.0000000000e+01, 5.8933333333e-02, 7.3026933333e+03
 1500462900, 5.0000000000e+01, 2.4000000000e+01, 1.0000000000e+01, 5.0000000000e-02, 7.3028000000e+03
 1500463200, 5.0000000000e+01, 2.5013333333e+01, 1.0000000000e+01, 5.0000000000e-02, 7.3029066667e+03
 1500463500, 5.0000000000e+01, 2.5386666667e+01, 1.0000000000e+01, 5.0000000000e-02, 7.3036000000e+03
 1500463800, 5.0000000000e+01, 2.4000000000e+01, 1.0000000000e+01, 5.0000000000e-02, 7.3026933333e+03
 1500464100, 5.0000000000e+01, 2.4000000000e+01, 1.0000000000e+01, 5.4000000000e-02, 7.3021066667e+03
 1500464400, 5.0000000000e+01, 2.4000000000e+01, 1.0000000000e+01, 5.0000000000e-02, 7.3022000000e+03
 1500464700, 5.0000000000e+01, 2.4000000000e+01, 1.0000000000e+01, 5.0000000000e-02, 7.3026000000e+03
 1500465000, 5.0000000000e+01, 2.4000000000e+01, 1.0000000000e+01, 5.0000000000e-02, 7.3026000000e+03
 1500465300, 5.0000000000e+01, 2.4000000000e+01, 1.0000000000e+01, 5.0000000000e-02, 7.3030133333e+03
 1500465600, 5.0000000000e+01, 2.4000000000e+01, 1.0000000000e+01, 5.0000000000e-02, 7.3042000000e+03
 1500465900, 5.0000000000e+01, 2.4000000000e+01, 1.0000000000e+01, 5.1066666667e-02, 7.3034933333e+03
 1500466200, 5.4533333333e+01, 2.4000000000e+01, 1.0000000000e+01, 4.0680000000e-01, 1.2408746667e+04
 1500466500, 1.7866666667e+02, 1.3706666667e+02, 2.2720000000e+01, 3.9161333333e+00, 2.2518746667e+04
 1500466800, 2.3000000000e+02, 1.8400000000e+02, 2.8000000000e+01, 6.5037333333e+00, 1.5865973333e+04
 1500467100, 1.7633333333e+02, 1.3493333333e+02, 2.2480000000e+01, 5.1390666667e+00, 7.2997066667e+03
 1500467400, 5.5000000000e+01, 2.4213333333e+01, 1.0000000000e+01, 3.7370666667e+00, 7.2994000000e+03
 1500467700, 5.5000000000e+01, 2.6000000000e+01, 1.0000000000e+01, 2.7222666667e+00, 7.2996933333e+03
 1500468000, 5.0466666667e+01, 2.4186666667e+01, 1.0000000000e+01, 2.0009333333e+00, 7.3002133333e+03
 1500468300, 5.0000000000e+01, 2.4000000000e+01, 1.0000000000e+01, 1.4730666667e+00, 7.3011066667e+03
 1500468600, 5.0000000000e+01, 2.4000000000e+01, 1.0000000000e+01, 1.1049333333e+00, 7.3010000000e+03
 1500468900, 5.0000000000e+01, 2.4000000000e+01, 1.0000000000e+01, 8.2440000000e-01, 7.3008933333e+03
 1500469200, 5.0533333333e+01, 2.4213333333e+01, 1.0000000000e+01, 6.2680000000e-01, 7.3010933333e+03
 1500469500, 5.5000000000e+01, 2.6000000000e+01, 1.0000000000e+01, 4.7413333333e-01, 7.3001066667e+03
 1500469800, 5.0466666667e+01, 2.4186666667e+01, 1.0000000000e+01, 3.5533333333e-01, 7.3010000000e+03
 1500470100, 5.0000000000e+01, 2.4000000000e+01, 1.0000000000e+01, 2.6440000000e-01, 7.3014000000e+03
 1500470400, 5.0000000000e+01, 2.4000000000e+01, 1.0000000000e+01, 1.9466666667e-01, 7.3006000000e+03
 1500470700, 5.0000000000e+01, 2.4000000000e+01, 1.0000000000e+01, 1.4466666667e-01, 7.3008000000e+03
 1500471000, 5.0000000000e+01, 2.4000000000e+01, 1.0000000000e+01, 1.2093333333e-01, 7.3006000000e+03
 1500471300, 5.0000000000e+01, 2.4000000000e+01, 1.0000000000e+01, 1.1706666667e-01, 7.3004933333e+03
 1500471600, 5.0000000000e+01, 2.4000000000e+01, 1.0000000000e+01, 1.1200000000e-01, 7.2999066667e+03
 1500471900, 5.0000000000e+01, 2.4000000000e+01, 1.0000000000e+01, 1.0480000000e-01, 7.3011066667e+03
 1500472200, 5.2533333333e+01, 2.5013333333e+01, 1.0000000000e+01, 7.8800000000e-02, 7.3003866667e+03
 1500472500, 5.3466666667e+01, 2.5386666667e+01, 1.0000000000e+01, 5.6933333333e-02, 7.3011066667e+03
 1500472800, 5.0000000000e+01, 2.4000000000e+01, 1.0000000000e+01, 5.0000000000e-02, 7.3011066667e+03
 1500473100, 5.0000000000e+01, 2.4000000000e+01, 1.0000000000e+01, 7.2266666667e-02, 7.3016933333e+03
 1500473400, 5.0000000000e+01, 2.4000000000e+01, 1.0000000000e+01, 8.6000000000e-02, 7.3016000000e+03
 1500473700, 5.0000000000e+01, 2.4000000000e+01, 1.0000000000e+01, 8.2000000000e-02, 7.3012933333e+03
 1500474000, 5.0000000000e+01, 2.4000000000e+01, 1.0000000000e+01, 8.0933333333e-02, 7.3009066667e+03
 1500474300, 5.0000000000e+01, 2.4000000000e+01, 1.0000000000e+01, 6.8933333333e-02, 7.3017066667e+03
 1500474600, 5.0000000000e+01, 2.4213333333e+01, 1.0000000000e+01, 7.1066666667e-02, 7.3020000000e+03
 1500474900, 5.0000000000e+01, 2.6000000000e+01, 1.0000000000e+01, 7.1866666667e-02, 7.3020933333e+03
 1500475200, 5.4533333333e+01, 2.4186666667e+01, 1.0000000000e+01, 5.0933333333e-02, 7.3008000000e+03
 1500475500, 5.1466666667e+01, 2.4000000000e+01, 1.0000000000e+01, 5.0000000000e-02, 7.3017066667e+03
 1500475800, 5.2533333333e+01, 2.5013333333e+01, 1.0000000000e+01, 5.0000000000e-02, 7.3012000000e+03
 1500476100, 5.3466666667e+01, 2.5386666667e+01, 1.0000000000e+01, 5.0000000000e-02, 7.3013866667e+03
 1500476400, 5.0533333333e+01, 2.4213333333e+01, 1.0213333333e+01, 5.2000000000e-02, 7.3010133333e+03
 1500476700, 5.5000000000e+01, 2.6000000000e+01, 1.2000000000e+01, 5.0000000000e-02, 7.3014000000e+03
 1500477000, 5.0466666667e+01, 2.6000000000e+01, 1.0186666667e+01, 5.0000000000e-02, 7.3018000000e+03
 1500477300, 5.0000000000e+01, 2.6000000000e+01, 1.0000000000e+01, 5.0000000000e-02, 7.3010933333e+03
 1500477600, 5.0000000000e+01, 2.4986666667e+01, 1.0000000000e+01, 5.0000000000e-02, 7.3025066667e+03
 1500477900, 5.0000000000e+01, 2.4000000000e+01, 1.0000000000e+01, 5.0000000000e-02, 7.3014000000e+03
 1500478200, 5.0000000000e+01, 2.4000000000e+01, 1.0000000000e+01, 5.0000000000e-02, 7.3014000000e+03
 1500478500, 5.0000000000e+01, 2.4000000000e+01, 1.0000000000e+01, 5.0000000000e-02, 7.3008933333e+03
 1500478800, 5.0000000000e+01, 2.4000000000e+01, 1.0000000000e+01, 5.0000000000e-02, 7.3008000000e+03
 1500479100, 5.0000000000e+01, 2.4000000000e+01, 1.0000000000e+01, 5.0000000000e-02, 7.3013066667e+03
 1500479400, 5.0000000000e+01, 2.4000000000e+01, 1.0000000000e+01, 7.1200000000e-02, 7.3016000000e+03
 1500479700, 5.0000000000e+01, 2.4000000000e+01, 1.0000000000e+01, 8.4000000000e-02, 7.3018000000e+03
 1500480000, 5.0000000000e+01, 2.4000000000e+01, 1.0000000000e+01, 7.2933333333e-02, 7.3017933333e+03
 1500480300, 5.0000000000e+01, 2.4000000000e+01, 1.0000000000e+01, 5.5866666667e-02, 7.3006933333e+03
 1500480600, 5.0000000000e+01, 2.4000000000e+01, 1.0000000000e+01, 5.1066666667e-02, 7.3015066667e+03
 1500480900, 5.0000000000e+01, 2.4000000000e+01, 1.0000000000e+01, 5.8000000000e-02, 7.3017066667e+03
 1500481200, 5.0000000000e+01, 2.4000000000e+01, 1.0000000000e+01, 5.7066666667e-02, 7.3024000000e+03
 1500481500, 5.0000000000e+01, 2.4000000000e+01, 1.0000000000e+01, 5.5866666667e-02, 7.3022933333e+03
 1500481800, 5.0000000000e+01, 2.4000000000e+01, 1.0000000000e+01, 5.0000000000e-02, 7.3015066667e+03
 1500482100, 5.0000000000e+01, 2.4000000000e+01, 1.0000000000e+01, 5.5066666667e-02, 7.3016933333e+03
 1500482400, 5.0000000000e+01, 2.4000000000e+01, 1.0000000000e+01, 5.8000000000e-02, 7.3016000000e+03
 1500482700, 5.0000000000e+01, 2.4000000000e+01, 1.0000000000e+01, 5.2933333333e-02, 7.3020133333e+03
 1500483000, 5.0000000000e+01, 2.5013333333e+01, 1.0000000000e+01, 5.0000000000e-02, 7.3023866667e+03
 1500483300, 5.0000000000e+01, 2.5386666667e+01, 1.0000000000e+01, 5.0000000000e-02, 7.3022000000e+03
 1500483600, 5.0533333333e+01, 2.4213333333e+01, 1.0000000000e+01, 5.2000000000e-02, 7.3024000000e+03
 1500483900, 5.5000000000e+01, 2.6000000000e+01, 1.0000000000e+01, 5.0000000000e-02, 7.3018933333e+03
 1500484200, 5.0466666667e+01, 2.4186666667e+01, 1.0000000000e+01, 5.8000000000e-02, 7.3019066667e+03
 1500484500, 5.0000000000e+01, 2.4000000000e+01, 1.0000000000e+01, 5.4000000000e-02, 7.3026133333e+03
 1500484800, 5.0000000000e+01, 2.4000000000e+01, 1.0000000000e+01, 5.2000000000e-02, 7.3025866667e+03
 1500485100, 5.1533333333e+01, 2.4000000000e+01, 1.0000000000e+01, 5.2000000000e-02, 7.3024000000e+03
 1500485400, 5.4466666667e+01, 2.4000000000e+01, 1.0000000000e+01, 5.1066666667e-02, 7.3014933333e+03
 1500485700, 5.0000000000e+01, 2.4000000000e+01, 1.0000000000e+01, 6.8133333333e-02, 7.3011066667e+03
 1500486000, 5.4533333333e+01, 2.5813333333e+01, 1.0000000000e+01, 8.2933333333e-02, 7.3018000000e+03
 1500486300, 5.1466666667e+01, 2.6000000000e+01, 1.0000000000e+01, 6.4933333333e-02, 7.3014000000e+03
 1500486600, 6.0133333333e+01, 3.0053333333e+01, 1.5066666667e+01, 6.0933333333e-02, 7.3017066667e+03
 1500486900, 6.3866666667e+01, 3.0933333333e+01, 1.6933333333e+01, 5.4000000000e-02, 7.3018800000e+03
 1500487200, 5.0533333333e+01, 2.4213333333e+01, 1.0000000000e+01, 5.2000000000e-02, 7.3023200000e+03
 1500487500, 5.5000000000e+01, 2.6000000000e+01, 1.0000000000e+01, 5.0000000000e-02, 7.3024933333e+03
 1500487800, 5.0466666667e+01, 2.4186666667e+01, 1.0000000000e+01, 5.0000000000e-02, 7.3020933333e+03
 1500488100, 5.0000000000e+01, 2.5413333333e+01, 1.0000000000e+01, 5.4000000000e-02, 7.3011066667e+03
 1500488400, 5.0000000000e+01, 2.4986666667e+01, 1.0000000000e+01, 5.8133333333e-02, 7.3012933333e+03
 1500488700, 5.0000000000e+01, 2.4000000000e+01, 1.0000000000e+01, 7.9066666667e-02, 7.3014000000e+03
 1500489000, 5.0000000000e+01, 2.4000000000e+01, 1.0000000000e+01, 7.2000000000e-02, 7.3011066667e+03
 1500489300, 5.0000000000e+01, 2.4000000000e+01, 1.0000000000e+01, 7.2933333333e-02, 7.3010933333e+03
 1500489600, 5.0000000000e+01, 2.4000000000e+01, 1.0000000000e+01, 5.5866666667e-02, 7.3010000000e+03
 1500489900, 5.0000000000e+01, 2.4000000000e+01, 1.0000000000e+01, 5.0000000000e-02, 7.3011066667e+03
 1500490200, 5.0000000000e+01, 2.4000000000e+01, 1.0000000000e+01, 5.0000000000e-02, 7.3016933333e+03
 1500490500, 5.0000000000e+01, 2.4000000000e+01, 1.0000000000e+01, 5.0000000000e-02, 7.3014933333e+03
 1500490800, 5.0000000000e+01, 2.4000000000e+01, 1.0000000000e+01, 5.3066666667e-02, 7.3014133333e+03
 1500491100, 5.0000000000e+01, 2.4000000000e+01, 1.0000000000e+01, 5.6933333333e-02, 7.3016000000e+03
 1500491400, 5.0000000000e+01, 2.4000000000e+01, 1.0000000000e+01, 5.0000000000e-02, 7.3014933333e+03
 1500491700, 5.3533333333e+01, 2.5413333333e+01, 1.0000000000e+01, 5.3066666667e-02, 7.3011066667e+03
 1500492000, 5.5000000000e+01, 2.4986666667e+01, 1.0000000000e+01, 6.0133333333e-02, 7.3016000000e+03
 1500492300, 5.5000000000e+01, 2.4000000000e+01, 1.0000000000e+01, 8.7066666667e-02, 7.3022933333e+03
 1500492600, 5.5000000000e+01, 2.4000000000e+01, 1.0000000000e+01, 8.4933333333e-02, 7.3009066667e+03
 1500492900, 5.5000000000e+01, 2.4000000000e+01, 1.0000000000e+01, 7.4000000000e-02, 7.3018933333e+03
 1500493200, 5.5000000000e+01, 2.4000000000e+01, 1.0000000000e+01, 7.3066666667e-02, 7.3020133333e+03
 1500493500, 5.5000000000e+01, 2.5413333333e+01, 1.0000000000e+01, 9.2000000000e-02, 7.3018933333e+03
 1500493800, 5.5000000000e+01, 2.4986666667e+01, 1.1013333333e+01, 1.0106666667e-01, 7.3012933333e+03
 1500494100, 5.5000000000e+01, 2.4000000000e+01, 1.1386666667e+01, 8.9866666667e-02, 7.3018000000e+03
 1500494400, 5.5000000000e+01, 2.4000000000e+01, 1.0000000000e+01, 7.4933333333e-02, 7.3013066667e+03
 1500494700, 5.5000000000e+01, 2.4000000000e+01, 1.0000000000e+01, 6.8933333333e-02, 7.3016000000e+03
 1500495000, 5.5000000000e+01, 2.4000000000e+01, 1.0000000000e+01, 5.6000000000e-02, 7.3011866667e+03
 1500495300, 5.5000000000e+01, 2.4000000000e+01, 1.0000000000e+01, 5.0933333333e-02, 7.3007066667e+03
 1500495600, 5.5000000000e+01, 2.4000000000e+01, 1.0000000000e+01, 5.4000000000e-02, 7.3012000000e+03
 1500495900, 5.3466666667e+01, 2.4000000000e+01, 1.0000000000e+01, 5.0000000000e-02, 7.3012000000e+03
 1500496200, 5.0533333333e+01, 2.4000000000e+01, 1.0000000000e+01, 5.5066666667e-02, 7.3017066667e+03
 1500496500, 5.5000000000e+01, 2.4000000000e+01, 1.0000000000e+01, 5.2933333333e-02, 7.3024000000e+03
 1500496800, 5.5000000000e+01, 2.5813333333e+01, 1.0000000000e+01, 5.0000000000e-02, 7.3024933333e+03
 1500497100, 5.5000000000e+01, 2.6000000000e+01, 1.0000000000e+01, 5.0000000000e-02, 7.3017066667e+03
 1500497400, 5.5000000000e+01, 2.6000000000e+01, 1.1013333333e+01, 5.0000000000e-02, 7.3015866667e+03
 1500497700, 5.5000000000e+01, 2.6000000000e+01, 1.1386666667e+01, 5.0000000000e-02, 7.3014133333e+03
 1500498000, 5.5000000000e+01, 2.6000000000e+01, 1.0000000000e+01, 5.6100000000e-02, 7.3019966667e+03
 1500498300, 5.5000000000e+01, 2.6000000000e+01, 1.0000000000e+01, 8.2133333333e-02, 7.3016933333e+03
 1500498600, 5.5000000000e+01, 2.4186666667e+01, 1.0000000000e+01, 7.9866666667e-02, 7.3018000000e+03
 1500498900, 5.5000000000e+01, 2.4000000000e+01, 1.0000000000e+01, 6.2933333333e-02, 7.3019066667e+03
 1500499200, 5.2466666667e+01, 2.4000000000e+01, 1.0000000000e+01, 5.8933333333e-02, 7.3018933333e+03
 1500499500, 5.0000000000e+01, 2.4000000000e+01, 1.0000000000e+01, 5.4133333333e-02, 7.3010933333e+03
 1500499800, 5.0000000000e+01, 2.4000000000e+01, 1.0000000000e+01, 6.2933333333e-02, 7.3019200000e+03
 1500500100, 5.0000000000e+01, 2.4000000000e+01, 1.0000000000e+01, 5.8000000000e-02, 7.3011866667e+03
 1500500400, 5.4533333333e+01, 2.5813333333e+01, 1.1813333333e+01, 5.4933333333e-02, 7.3017066667e+03
 1500500700, 5.5000000000e+01, 2.6000000000e+01, 1.0586666667e+01, 5.0000000000e-02, 7.3021066667e+03
 1500501000, 5.5000000000e+01, 2.6000000000e+01, 1.0000000000e+01, 5.0000000000e-02, 7.3022933333e+03
 1500501300, 5.5000000000e+01, 2.6000000000e+01, 1.0000000000e+01, 5.0000000000e-02, 7.3027066667e+03
 1500501600, 5.5000000000e+01, 2.5786666667e+01, 1.0000000000e+01, 5.3200000000e-02, 7.3030666667e+03
 1500501900, 5.5000000000e+01, 2.4000000000e+01, 1.0000000000e+01, 2.3800000000e-01, 7.3119866667e+03
 1500502200, 7.7666666667e+01, 3.8506666667e+01, 2.2693333333e+01, 4.9640000000e-01, 7.3112000000e+03
 1500502500, 8.0000000000e+01, 3.8586666667e+01, 2.4000000000e+01, 6.7400000000e-01, 7.3112133333e+03
 1500502800, 8.0000000000e+01, 3.8000000000e+01, 2.4000000000e+01, 8.1400000000e-01, 7.3118000000e+03
 1500503100, 7.6933333333e+01, 3.7386666667e+01, 2.0933333333e+01, 9.1533333333e-01, 7.3102800000e+03
 1500503400, 7.1066666667e+01, 3.6213333333e+01, 1.5066666667e+01, 9.7333333333e-01, 7.3112000000e+03
 1500503700, 8.0000000000e+01, 3.8000000000e+01, 2.4000000000e+01, 1.0294666667e+00, 7.3100000000e+03
 1500504000, 8.0000000000e+01, 3.8000000000e+01, 2.2186666667e+01, 1.0802666667e+00, 7.3105200000e+03
 1500504300, 7.6466666667e+01, 3.8000000000e+01, 2.2000000000e+01, 1.1394666667e+00, 7.3110933333e+03
 1500504600, 7.5000000000e+01, 3.6986666667e+01, 2.2000000000e+01, 1.1629333333e+00, 7.3110800000e+03
 1500504900, 7.6533333333e+01, 3.6613333333e+01, 2.2613333333e+01, 1.1640000000e+00, 7.3102266667e+03
 1500505200, 7.7866666667e+01, 3.6933333333e+01, 2.3146666667e+01, 1.1158666667e+00, 7.3049866667e+03
 1500505500, 6.0000000000e+01, 2.8000000000e+01, 1.6000000000e+01, 8.5333333333e-01, 7.2957866667e+03
 1500505800, 5.5466666667e+01, 2.4373333333e+01, 1.0560000000e+01, 6.4480000000e-01, 7.2947066667e+03
 1500506100, 6.2066666667e+01, 2.8240000000e+01, 1.2826666667e+01, 4.9013333333e-01, 7.2968133333e+03
 1500506400, 5.9933333333e+01, 2.6960000000e+01, 1.1973333333e+01, 3.7026666667e-01, 7.2966000000e+03
 1500506700, 5.3466666667e+01, 2.4000000000e+01, 1.0000000000e+01, 2.7546666667e-01, 7.2962933333e+03
 1500507000, 5.0000000000e+01, 2.4000000000e+01, 1.0000000000e+01, 2.0560000000e-01, 7.2967066667e+03
 1500507300, 5.0000000000e+01, 2.4000000000e+01, 1.0000000000e+01, 1.5773333333e-01, 7.2969066667e+03
 1500507600, 5.0000000000e+01, 2.4000000000e+01, 1.0000000000e+01, 1.2893333333e-01, 7.2982000000e+03
 1500507900, 5.3533333333e+01, 2.5413333333e+01, 1.2826666667e+01, 1.2093333333e-01, 7.2979066667e+03
 1500508200, 5.7533333333e+01, 2.6000000000e+01, 1.4000000000e+01, 1.0080000000e-01, 7.2974933333e+03
 1500508500, 5.6933333333e+01, 2.5386666667e+01, 1.2773333333e+01, 8.0933333333e-02, 7.2978933333e+03
 1500508800, 5.0000000000e+01, 2.4000000000e+01, 1.0000000000e+01, 7.3866666667e-02, 7.2991200000e+03
 1500509100, 5.0000000000e+01, 2.4000000000e+01, 1.0000000000e+01, 5.0933333333e-02, 7.2981733333e+03
 1500509400, 5.4533333333e+01, 2.5813333333e+01, 1.1813333333e+01, 5.0000000000e-02, 7.2978133333e+03
 1500509700, 5.5000000000e+01, 2.4586666667e+01, 1.2000000000e+01, 5.1066666667e-02, 7.2976000000e+03
 1500510000, 5.5000000000e+01, 2.5013333333e+01, 1.0986666667e+01, 5.0933333333e-02, 7.2972000000e+03
 1500510300, 5.5000000000e+01, 2.6000000000e+01, 1.0000000000e+01, 5.0000000000e-02, 7.2978933333e+03
 1500510600, 5.5000000000e+01, 2.6000000000e+01, 1.0000000000e+01, 5.3066666667e-02, 7.2974000000e+03
 1500510900, 5.5000000000e+01, 2.6000000000e+01, 1.0000000000e+01, 5.2933333333e-02, 7.2975066667e+03
 1500511200, 5.0466666667e+01, 2.4186666667e+01, 1.0000000000e+01, 5.2000000000e-02, 7.2978933333e+03
 1500511500, 5.3533333333e+01, 2.5413333333e+01, 1.1413333333e+01, 5.8000000000e-02, 7.2973066667e+03
 1500511800, 5.5000000000e+01, 2.6000000000e+01, 1.3013333333e+01, 5.0000000000e-02, 7.2978933333e+03
 1500512100, 5.3466666667e+01, 2.5386666667e+01, 1.2773333333e+01, 5.0000000000e-02, 7.2970000000e+03
 1500512400, 5.0000000000e+01, 2.4000000000e+01, 1.0000000000e+01, 5.4000000000e-02, 7.2975066667e+03
 1500512700, 5.0000000000e+01, 2.4000000000e+01, 1.0000000000e+01, 5.0000000000e-02, 7.2982000000e+03
 1500513000, 6.8133333333e+01, 3.3066666667e+01, 1.5440000000e+01, 5.0000000000e-02, 7.2976000000e+03
 1500513300, 5.9400000000e+01, 2.6933333333e+01, 1.1760000000e+01, 5.1066666667e-02, 7.2986000000e+03
 1500513600, 5.5000000000e+01, 2.5013333333e+01, 1.1013333333e+01, 5.2933333333e-02, 7.2969866667e+03
 1500513900, 5.3466666667e+01, 2.5386666667e+01, 1.1386666667e+01, 5.0000000000e-02, 7.2967066667e+03
 1500514200, 5.0000000000e+01, 2.4000000000e+01, 1.0000000000e+01, 5.0000000000e-02, 7.2969066667e+03
 1500514500, 5.0000000000e+01, 2.4000000000e+01, 1.0000000000e+01, 6.1066666667e-02, 7.2966933333e+03
 1500514800, 5.0000000000e+01, 2.4000000000e+01, 1.0000000000e+01, 5.0933333333e-02, 7.2962933333e+03
 1500515100, 5.0000000000e+01, 2.4000000000e+01, 1.0000000000e+01, 5.0000000000e-02, 7.2968133333e+03
 1500515400, 5.0000000000e+01, 2.4000000000e+01, 1.0000000000e+01, 5.0000000000e-02, 7.2977066667e+03
 1500515700, 5.1533333333e+01, 2.4613333333e+01, 1.0000000000e+01, 5.0000000000e-02, 7.2977866667e+03
 1500516000, 5.4466666667e+01, 2.5786666667e+01, 1.0000000000e+01, 5.0000000000e-02, 7.2973066667e+03
 1500516300, 5.0000000000e+01, 2.4000000000e+01, 1.0000000000e+01, 5.0000000000e-02, 7.2972933333e+03
 1500516600, 5.4533333333e+01, 2.4000000000e+01, 1.0000000000e+01, 5.2000000000e-02, 7.2966933333e+03
 1500516900, 5.1466666667e+01, 2.4000000000e+01, 1.0000000000e+01, 5.6000000000e-02, 7.2971066667e+03
 1500517200, 5.0000000000e+01, 2.4000000000e+01, 1.0000000000e+01, 5.0000000000e-02, 7.2976000000e+03
 1500517500, 5.0000000000e+01, 2.4000000000e+01, 1.0000000000e+01, 5.4000000000e-02, 7.2972000000e+03
 1500517800, 5.0000000000e+01, 2.4000000000e+01, 1.0000000000e+01, 5.0000000000e-02, 7.2975066667e+03
 1500518100, 5.0000000000e+01, 2.4000000000e+01, 1.0000000000e+01, 5.0000000000e-02, 7.2974000000e+03
 1500518400, 5.0000000000e+01, 2.4000000000e+01, 1.0000000000e+01, 5.0000000000e-02, 7.2971866667e+03
 1500518700, 5.0000000000e+01, 2.4000000000e+01, 1.0000000000e+01, 6.0000000000e-02, 7.2963066667e+03
 1500519000, 5.0000000000e+01, 2.4000000000e+01, 1.0000000000e+01, 5.1066666667e-02, 7.2974000000e+03
 1500519300, 5.1533333333e+01, 2.4613333333e+01, 1.0613333333e+01, 5.2933333333e-02, 7.2968000000e+03
 1500519600, 5.4466666667e+01, 2.5786666667e+01, 1.1786666667e+01, 5.0000000000e-02, 7.2975066667e+03
 1500519900, 5.0000000000e+01, 2.4000000000e+01, 1.0000000000e+01, 5.0000000000e-02, 7.2970933333e+03
 1500520200, 5.0000000000e+01, 2.4000000000e+01, 1.0000000000e+01, 5.0000000000e-02, 7.2972000000e+03
 1500520500, 5.0000000000e+01, 2.4000000000e+01, 1.0000000000e+01, 5.0000000000e-02, 7.2980133333e+03
 1500520800, 5.0000000000e+01, 2.4000000000e+01, 1.0000000000e+01, 5.1066666667e-02, 7.2974933333e+03
 1500521100, 5.0000000000e+01, 2.4000000000e+01, 1.0613333333e+01, 5.0933333333e-02, 7.2978000000e+03
 1500521400, 5.0000000000e+01, 2.4213333333e+01, 1.1786666667e+01, 5.2000000000e-02, 7.2979066667e+03
 1500521700, 5.0000000000e+01, 2.6000000000e+01, 1.0000000000e+01, 5.2000000000e-02, 7.2984933333e+03
 1500522000, 5.4533333333e+01, 2.6000000000e+01, 1.0000000000e+01, 5.0000000000e-02, 7.2974000000e+03
 1500522300, 5.5000000000e+01, 2.6000000000e+01, 1.0000000000e+01, 5.0000000000e-02, 7.2980000000e+03
 1500522600, 5.2466666667e+01, 2.4986666667e+01, 1.0000000000e+01, 5.0000000000e-02, 7.2984000000e+03
 1500522900, 5.1533333333e+01, 2.4613333333e+01, 1.0000000000e+01, 5.0000000000e-02, 7.2983066667e+03
 1500523200, 5.4466666667e+01, 2.5786666667e+01, 1.0000000000e+01, 5.0000000000e-02, 7.2982933333e+03
 1500523500, 5.0000000000e+01, 2.4000000000e+01, 1.0000000000e+01, 5.7066666667e-02, 7.2970933333e+03
 1500523800, 5.4533333333e+01, 2.5813333333e+01, 1.1813333333e+01, 5.0933333333e-02, 7.2974000000e+03
 1500524100, 5.1466666667e+01, 2.4586666667e+01, 1.0586666667e+01, 5.0000000000e-02, 7.2972933333e+03
 1500524400, 5.2533333333e+01, 2.5013333333e+01, 1.1013333333e+01, 5.1066666667e-02, 7.2970133333e+03
 1500524700, 5.5000000000e+01, 2.6000000000e+01, 1.1386666667e+01, 5.2933333333e-02, 7.2978000000e+03
 1500525000, 5.4466666667e+01, 2.5786666667e+01, 1.0000000000e+01, 5.4000000000e-02, 7.2977066667e+03
 1500525300, 5.0000000000e+01, 2.4000000000e+01, 1.0000000000e+01, 5.0000000000e-02, 7.2990000000e+03
 1500525600, 5.0000000000e+01, 2.4000000000e+01, 1.0000000000e+01, 5.0000000000e-02, 7.2993066667e+03
 1500525900, 5.0000000000e+01, 2.4000000000e+01, 1.0000000000e+01, 5.0000000000e-02, 7.2990933333e+03
 1500526200, 5.0000000000e+01, 2.4000000000e+01, 1.0000000000e+01, 5.0000000000e-02, 7.2988933333e+03
 1500526500, 5.0000000000e+01, 2.4000000000e+01, 1.0000000000e+01, 5.0000000000e-02, 7.2981066667e+03
 1500526800, 5.0000000000e+01, 2.4000000000e+01, 1.0000000000e+01, 5.0000000000e-02, 7.2975866667e+03
 1500527100, 5.0000000000e+01, 2.4000000000e+01, 1.0000000000e+01, 5.4000000000e-02, 7.2981200000e+03
 1500527400, 5.0000000000e+01, 2.4000000000e+01, 1.0000000000e+01, 5.0000000000e-02, 7.2980800000e+03
 1500527700, 5.3533333333e+01, 2.5413333333e+01, 1.1413333333e+01, 5.0000000000e-02, 7.2983066667e+03
 1500528000, 5.5000000000e+01, 2.6000000000e+01, 1.0986666667e+01, 5.0000000000e-02, 7.2980933333e+03
 1500528300, 5.3466666667e+01, 2.6000000000e+01, 1.0000000000e+01, 5.0000000000e-02, 7.2975066667e+03
 1500528600, 5.0000000000e+01, 2.6000000000e+01, 1.0000000000e+01, 5.1066666667e-02, 7.2974000000e+03
 1500528900, 5.0000000000e+01, 2.6000000000e+01, 1.0000000000e+01, 5.0933333333e-02, 7.2982000000e+03
 1500529200, 5.0000000000e+01, 2.4186666667e+01, 1.0000000000e+01, 5.1066666667e-02, 7.2981066667e+03
 1500529500, 5.3533333333e+01, 2.4000000000e+01, 1.0000000000e+01, 5.6933333333e-02, 7.2986000000e+03
 1500529800, 5.2466666667e+01, 2.4000000000e+01, 1.0000000000e+01, 5.0000000000e-02, 7.2984000000e+03
 1500530100, 5.0000000000e+01, 2.4000000000e+01, 1.0000000000e+01, 5.0000000000e-02, 7.2986933333e+03
 1500530400, 5.0533333333e+01, 2.4426666667e+01, 1.0213333333e+01, 5.0000000000e-02, 7.2991066667e+03
 1500530700, 5.5000000000e+01, 2.8000000000e+01, 1.2000000000e+01, 5.0000000000e-02, 7.2989066667e+03
 1500531000, 5.5000000000e+01, 2.6186666667e+01, 1.0186666667e+01, 5.0000000000e-02, 7.2983866667e+03
 1500531300, 5.1466666667e+01, 2.4586666667e+01, 1.0000000000e+01, 5.0000000000e-02, 7.2991066667e+03
 1500531600, 5.2533333333e+01, 2.4000000000e+01, 1.0000000000e+01, 5.0000000000e-02, 7.3001066667e+03
 1500531900, 5.3466666667e+01, 2.4613333333e+01, 1.0000000000e+01, 5.0000000000e-02, 7.3000000000e+03
 1500532200, 5.0000000000e+01, 2.5786666667e+01, 1.0000000000e+01, 5.0000000000e-02, 7.2998000000e+03
 1500532500, 5.0000000000e+01, 2.4000000000e+01, 1.0000000000e+01, 5.3066666667e-02, 7.2994000000e+03
 1500532800, 5.0000000000e+01, 2.4000000000e+01, 1.0000000000e+01, 5.0933333333e-02, 7.3005066667e+03
 1500533100, 5.0000000000e+01, 2.5413333333e+01, 1.0000000000e+01, 5.0000000000e-02, 7.3002933333e+03
 1500533400, 5.0000000000e+01, 2.4986666667e+01, 1.0000000000e+01, 5.0000000000e-02, 7.2996000000e+03
 1500533700, 5.0000000000e+01, 2.4000000000e+01, 1.0000000000e+01, 5.0000000000e-02, 7.2999066667e+03
 1500534000, 5.0000000000e+01, 2.4000000000e+01, 1.0000000000e+01, 5.0000000000e-02, 7.3008000000e+03
 1500534300, 5.0000000000e+01, 2.4000000000e+01, 1.0000000000e+01, 5.0000000000e-02, 7.3004933333e+03
 1500534600, 5.4533333333e+01, 2.4000000000e+01, 1.1813333333e+01, 5.0000000000e-02, 7.3007066667e+03
 1500534900, 5.1466666667e+01, 2.4000000000e+01, 1.0586666667e+01, 5.0000000000e-02, 7.3002000000e+03
 1500535200, 5.0000000000e+01, 2.4000000000e+01, 1.0000000000e+01, 5.0000000000e-02, 7.3006933333e+03
 1500535500, 5.0000000000e+01, 2.4000000000e+01, 1.0000000000e+01, 5.0000000000e-02, 7.2996000000e+03
 1500535800, 5.0000000000e+01, 2.4000000000e+01, 1.0000000000e+01, 5.0000000000e-02, 7.3004933333e+03
 1500536100, 5.0000000000e+01, 2.4000000000e+01, 1.0000000000e+01, 5.1066666667e-02, 7.2996000000e+03
 1500536400, 5.0000000000e+01, 2.5813333333e+01, 1.0000000000e+01, 5.0933333333e-02, 7.3003066667e+03
 1500536700, 5.0000000000e+01, 2.4586666667e+01, 1.0000000000e+01, 5.0000000000e-02, 7.3006000000e+03
 1500537000, 5.0000000000e+01, 2.4000000000e+01, 1.0000000000e+01, 5.0000000000e-02, 7.3003066667e+03
 1500537300, 5.1533333333e+01, 2.4613333333e+01, 1.0000000000e+01, 5.5066666667e-02, 7.3010933333e+03
 1500537600, 5.5000000000e+01, 2.6000000000e+01, 1.0000000000e+01, 6.9066666667e-02, 7.3005066667e+03
 1500537900, 5.5000000000e+01, 2.6000000000e+01, 1.0000000000e+01, 5.5866666667e-02, 7.3008933333e+03
 1500538200, 5.5000000000e+01, 2.6000000000e+01, 1.1813333333e+01, 5.0000000000e-02, 7.3006000000e+03
 1500538500, 5.5000000000e+01, 2.6000000000e+01, 1.0586666667e+01, 5.4000000000e-02, 7.3005066667e+03
 1500538800, 5.5000000000e+01, 2.6000000000e+01, 1.0000000000e+01, 5.0000000000e-02, 7.3006000000e+03
 1500539100, 5.5000000000e+01, 2.6000000000e+01, 1.0000000000e+01, 5.0000000000e-02, 7.3010933333e+03
 1500539400, 5.4466666667e+01, 2.5786666667e+01, 1.0000000000e+01, 5.0000000000e-02, 7.3011066667e+03
 1500539700, 5.0000000000e+01, 2.4000000000e+01, 1.0000000000e+01, 5.0000000000e-02, 7.3008000000e+03
 1500540000, 5.0000000000e+01, 2.4000000000e+01, 1.0000000000e+01, 5.0000000000e-02, 7.3010000000e+03
 1500540300, 5.0000000000e+01, 2.4000000000e+01, 1.0000000000e+01, 5.2000000000e-02, 7.3015066667e+03
 1500540600, 5.0000000000e+01, 2.4000000000e+01, 1.0000000000e+01, 5.0000000000e-02, 7.3018933333e+03
 1500540900, 5.0000000000e+01, 2.4000000000e+01, 1.0000000000e+01, 5.0000000000e-02, 7.3018933333e+03
 1500541200, 5.0533333333e+01, 2.4213333333e+01, 1.0000000000e+01, 5.0000000000e-02, 7.3009100000e+03
 1500541500, 5.5000000000e+01, 2.6000000000e+01, 1.0000000000e+01, 5.0000000000e-02, 7.3013066667e+03
 1500541800, 5.5000000000e+01, 2.6000000000e+01, 1.0000000000e+01, 5.0000000000e-02, 7.3025066667e+03
 1500542100, 5.5000000000e+01, 2.6000000000e+01, 1.0000000000e+01, 5.0000000000e-02, 7.3022933333e+03
 1500542400, 5.2466666667e+01, 2.4986666667e+01, 1.0000000000e+01, 5.0000000000e-02, 7.3006933333e+03
 1500542700, 5.9200000000e+01, 2.8293333333e+01, 1.4293333333e+01, 5.0000000000e-02, 7.3010000000e+03
 1500543000, 7.6800000000e+01, 3.6506666667e+01, 2.2506666667e+01, 5.0000000000e-02, 7.3012933333e+03
 1500543300, 5.0000000000e+01, 2.4000000000e+01, 1.0000000000e+01, 5.0000000000e-02, 7.3016133333e+03
 1500543600, 5.4533333333e+01, 2.5813333333e+01, 1.0000000000e+01, 5.5066666667e-02, 7.3022000000e+03
 1500543900, 5.1466666667e+01, 2.4586666667e+01, 1.0000000000e+01, 5.8000000000e-02, 7.3018000000e+03
 1500544200, 5.0000000000e+01, 2.4000000000e+01, 1.0000000000e+01, 5.0933333333e-02, 7.3023066667e+03
 1500544500, 5.0000000000e+01, 2.4000000000e+01, 1.0000000000e+01, 5.4000000000e-02, 7.3026933333e+03
 1500544800, 5.0000000000e+01, 2.4000000000e+01, 1.0000000000e+01, 5.0000000000e-02, 7.3017066667e+03
 1500545100, 5.0000000000e+01, 2.4000000000e+01, 1.0000000000e+01, 5.0000000000e-02, 7.3030000000e+03
 1500545400, 5.4533333333e+01, 2.5813333333e+01, 1.0000000000e+01, 5.0000000000e-02, 7.3022933333e+03
 1500545700, 5.5000000000e+01, 2.6000000000e+01, 1.1413333333e+01, 5.0000000000e-02, 7.3020000000e+03
 1500546000, 5.2466666667e+01, 2.4986666667e+01, 1.0986666667e+01, 5.0000000000e-02, 7.3016933333e+03
 1500546300, 5.0000000000e+01, 2.4000000000e+01, 1.0000000000e+01, 5.0000000000e-02, 7.3015066667e+03
 1500546600, 5.0000000000e+01, 2.4000000000e+01, 1.0000000000e+01, 5.0000000000e-02, 7.3027066667e+03
 1500546900, 5.0000000000e+01, 2.4000000000e+01, 1.0000000000e+01, 5.0000000000e-02, 7.3028933333e+03
 1500547200, 5.0000000000e+01, 2.4000000000e+01, 1.0000000000e+01, 5.0000000000e-02, 7.3022000000e+03
 1500547500, 5.0000000000e+01, 2.4000000000e+01, 1.0000000000e+01, 5.0000000000e-02, 7.3014933333e+03
 1500547800, 5.0000000000e+01, 2.5013333333e+01, 1.0000000000e+01, 5.0000000000e-02, 7.3008000000e+03
 1500548100, 5.0000000000e+01, 2.5386666667e+01, 1.0000000000e+01, 5.3066666667e-02, 7.3014000000e+03
 1500548400, 5.0000000000e+01, 2.4000000000e+01, 1.0000000000e+01, 5.2933333333e-02, 7.3020133333e+03
 1500548700, 5.0000000000e+01, 2.4000000000e+01, 1.0000000000e+01, 5.0000000000e-02, 7.3028000000e+03
 1500549000, 5.4533333333e+01, 2.4000000000e+01, 1.0000000000e+01, 5.0000000000e-02, 7.3019866667e+03
 1500549300, 5.1466666667e+01, 2.4000000000e+01, 1.0000000000e+01, 5.0000000000e-02, 7.3012000000e+03
 1500549600, 5.2533333333e+01, 2.5013333333e+01, 1.0000000000e+01, 5.9066666667e-02, 7.3019066667e+03
 1500549900, 5.3466666667e+01, 2.5386666667e+01, 1.0000000000e+01, 6.5066666667e-02, 7.3024933333e+03
 1500550200, 5.0533333333e+01, 2.4213333333e+01, 1.0000000000e+01, 5.7866666667e-02, 7.3016000000e+03
 1500550500, 5.5000000000e+01, 2.6000000000e+01, 1.0000000000e+01, 5.0000000000e-02, 7.3013066667e+03
 1500550800, 5.5000000000e+01, 2.6000000000e+01, 1.0000000000e+01, 5.0000000000e-02, 7.3020000000e+03
 1500551100, 5.1466666667e+01, 2.4586666667e+01, 1.0000000000e+01, 5.0000000000e-02, 7.3016000000e+03
 1500551400, 5.0000000000e+01, 2.4000000000e+01, 1.0000000000e+01, 5.1066666667e-02, 7.3016000000e+03
 1500551700, 5.1533333333e+01, 2.4613333333e+01, 1.0000000000e+01, 5.4933333333e-02, 7.3012000000e+03
 1500552000, 5.5000000000e+01, 2.6000000000e+01, 1.0213333333e+01, 5.2000000000e-02, 7.3030133333e+03
 1500552300, 5.5000000000e+01, 2.6000000000e+01, 1.2000000000e+01, 5.0000000000e-02, 7.3021866667e+03
 1500552600, 5.0466666667e+01, 2.4186666667e+01, 1.0186666667e+01, 5.0000000000e-02, 7.3018100000e+03
 1500552900, 5.0000000000e+01, 2.4000000000e+01, 1.0000000000e+01, 5.0000000000e-02, 7.3019066667e+03
 1500553200, 5.0000000000e+01, 2.4000000000e+01, 1.0000000000e+01, 5.2000000000e-02, 7.3018933333e+03
 1500553500, 5.1533333333e+01, 2.4000000000e+01, 1.0000000000e+01, 5.0000000000e-02, 7.3022000000e+03
 1500553800, 5.5000000000e+01, 2.4213333333e+01, 1.0000000000e+01, 5.0000000000e-02, 7.3016000000e+03
 1500554100, 5.5000000000e+01, 2.6000000000e+01, 1.0000000000e+01, 5.0000000000e-02, 7.3026000000e+03
 1500554400, 5.5000000000e+01, 2.4186666667e+01, 1.0000000000e+01, 5.0000000000e-02, 7.3016000000e+03
 1500554700, 5.5000000000e+01, 2.4000000000e+01, 1.0000000000e+01, 5.7066666667e-02, 7.3016933333e+03
 1500555000, 5.2466666667e+01, 2.4000000000e+01, 1.0000000000e+01, 5.6000000000e-02, 7.3019066667e+03
 1500555300, 5.0000000000e+01, 2.4000000000e+01, 1.0000000000e+01, 5.2000000000e-02, 7.3014933333e+03
 1500555600, 5.0533333333e+01, 2.4213333333e+01, 1.0000000000e+01, 5.0933333333e-02, 7.3017066667e+03
 1500555900, 5.5000000000e+01, 2.6000000000e+01, 1.0000000000e+01, 5.0000000000e-02, 7.3016000000e+03
 1500556200, 5.5000000000e+01, 2.4186666667e+01, 1.0000000000e+01, 5.0000000000e-02, 7.3022933333e+03
 1500556500, 5.5000000000e+01, 2.4000000000e+01, 1.0000000000e+01, 5.0000000000e-02, 7.3011066667e+03
 1500556800, 5.2466666667e+01, 2.4000000000e+01, 1.0000000000e+01, 5.0000000000e-02, 7.3014933333e+03
 1500557100, 5.0000000000e+01, 2.4000000000e+01, 1.0000000000e+01, 5.0000000000e-02, 7.3014000000e+03
 1500557400, 5.0000000000e+01, 2.4000000000e+01, 1.0000000000e+01, 5.0000000000e-02, 7.3015066667e+03
 1500557700, 5.0000000000e+01, 2.4000000000e+01, 1.0000000000e+01, 5.0000000000e-02, 7.3027066667e+03
 1500558000, 5.4533333333e+01, 2.4000000000e+01, 1.0000000000e+01, 5.0000000000e-02, 7.3030000000e+03
 1500558300, 5.1466666667e+01, 2.4000000000e+01, 1.0000000000e+01, 5.0000000000e-02, 7.3030000000e+03
 1500558600, 5.0000000000e+01, 2.4000000000e+01, 1.0000000000e+01, 5.1066666667e-02, 7.3022933333e+03
 1500558900, 5.0000000000e+01, 2.4000000000e+01, 1.0000000000e+01, 5.0933333333e-02, 7.3023066667e+03
 1500559200, 5.0000000000e+01, 2.4000000000e+01, 1.0000000000e+01, 5.0000000000e-02, 7.3024000000e+03
 1500559500, 5.0000000000e+01, 2.4000000000e+01, 1.0000000000e+01, 5.0000000000e-02, 7.3022933333e+03
 1500559800, 5.0000000000e+01, 2.4000000000e+01, 1.0000000000e+01, 5.0000000000e-02, 7.3024000000e+03
 1500560100, 5.0000000000e+01, 2.4000000000e+01, 1.0000000000e+01, 5.0000000000e-02, 7.3018000000e+03
 1500560400, 5.0000000000e+01, 2.4000000000e+01, 1.0000000000e+01, 5.4000000000e-02, 7.3016000000e+03
 1500560700, 5.0000000000e+01, 2.4000000000e+01, 1.0000000000e+01, 5.0000000000e-02, 7.3023066667e+03
 1500561000, 5.0000000000e+01, 2.4000000000e+01, 1.0000000000e+01, 5.0000000000e-02, 7.3031066667e+03
 1500561300, 5.0000000000e+01, 2.4000000000e+01, 1.0000000000e+01, 5.8000000000e-02, 7.3030933333e+03
 1500561600, 5.4533333333e+01, 2.5813333333e+01, 1.0000000000e+01, 5.0000000000e-02, 7.3026000000e+03
 1500561900, 5.1466666667e+01, 2.4586666667e+01, 1.0000000000e+01, 5.1066666667e-02, 7.3032000000e+03
 1500562200, 5.2533333333e+01, 2.4000000000e+01, 1.0000000000e+01, 6.4133333333e-02, 7.3026933333e+03
 1500562500, 5.3466666667e+01, 2.4000000000e+01, 1.0000000000e+01, 7.8933333333e-02, 7.3026133333e+03
 1500562800, 5.0000000000e+01, 2.4000000000e+01, 1.0000000000e+01, 5.9866666667e-02, 7.3034000000e+03
 1500563100, 5.0000000000e+01, 2.4000000000e+01, 1.0000000000e+01, 5.0000000000e-02, 7.3034933333e+03
 1500563400, 5.0000000000e+01, 2.4000000000e+01, 1.0000000000e+01, 5.0000000000e-02, 7.3022933333e+03
 1500563700, 5.0000000000e+01, 2.4000000000e+01, 1.0000000000e+01, 5.4000000000e-02, 7.3028133333e+03
 1500564000, 5.2533333333e+01, 2.5013333333e+01, 1.0000000000e+01, 5.0000000000e-02, 7.3033866667e+03
 1500564300, 5.5000000000e+01, 2.5386666667e+01, 1.0000000000e+01, 5.0000000000e-02, 7.3026000000e+03
 1500564600, 5.5000000000e+01, 2.4000000000e+01, 1.0000000000e+01, 5.0000000000e-02, 7.3028133333e+03
 1500564900, 5.5000000000e+01, 2.4000000000e+01, 1.0000000000e+01, 2.1280000000e-01, 7.4308266667e+03
 1500565200, 1.9553333333e+02, 1.5093333333e+02, 2.4506666667e+01, 3.3962666667e+00, 8.2058800000e+03
 1500565500, 2.1353333333e+02, 1.6824000000e+02, 2.6000000000e+01, 6.8552000000e+00, 8.0564933333e+03
 1500565800, 2.1753333333e+02, 1.7202666667e+02, 2.6000000000e+01, 9.3364000000e+00, 1.0380373333e+04
 1500566100, 2.2000000000e+02, 1.7461333333e+02, 2.6000000000e+01, 1.1176400000e+01, 1.1538160000e+04
 1500566400, 2.2000000000e+02, 1.7578666667e+02, 2.6000000000e+01, 1.2455200000e+01, 1.0347093333e+04
 1500566700, 2.2000000000e+02, 1.7400000000e+02, 2.6000000000e+01, 1.3357733333e+01, 1.3539573333e+04
 1500567000, 2.2000000000e+02, 1.7400000000e+02, 2.6000000000e+01, 1.4011733333e+01, 1.2505813333e+04
 1500567300, 2.2353333333e+02, 1.7824000000e+02, 2.6000000000e+01, 1.4518266667e+01, 1.3524360000e+04
 1500567600, 2.1740000000e+02, 1.7290666667e+02, 2.6000000000e+01, 1.4810533333e+01, 9.0892266667e+03
 1500567900, 2.1000000000e+02, 1.6600000000e+02, 2.6000000000e+01, 1.5103466667e+01, 1.2554506667e+04
 1500568200, 2.1373333333e+02, 1.6792000000e+02, 2.7493333333e+01, 1.5320533333e+01, 1.5763186667e+04
 1500568500, 2.4500000000e+02, 1.8400000000e+02, 4.0000000000e+01, 1.5488533333e+01, 1.5754613333e+04
 1500568800, 2.1326666667e+02, 1.6768000000e+02, 2.7306666667e+01, 1.5568933333e+01, 1.2553493333e+04
 1500569100, 2.1000000000e+02, 1.6600000000e+02, 2.6000000000e+01, 1.5567866667e+01, 1.1411773333e+04
 1500569400, 2.1000000000e+02, 1.6701333333e+02, 2.6000000000e+01, 1.5634400000e+01, 9.0661333333e+03
 1500569700, 2.1000000000e+02, 1.6738666667e+02, 2.6000000000e+01, 1.5682133333e+01, 1.0224000000e+04
 1500570000, 2.0893333333e+02, 1.6493333333e+02, 2.6000000000e+01, 1.5740533333e+01, 1.4729480000e+04
 1500570300, 2.0000000000e+02, 1.5600000000e+02, 2.6000000000e+01, 1.5702800000e+01, 1.1539226667e+04
 1500570600, 2.3626666667e+02, 1.8138666667e+02, 3.8693333333e+01, 1.5770933333e+01, 1.5749200000e+04
 1500570900, 2.2586666667e+02, 1.7834666667e+02, 3.0106666667e+01, 1.5787466667e+01, 1.2331280000e+04
 1500571200, 2.2253333333e+02, 1.7904000000e+02, 2.6000000000e+01, 1.5782933333e+01, 9.2151333333e+03
 1500571500, 2.2500000000e+02, 1.8077333333e+02, 2.6000000000e+01, 1.5777600000e+01, 1.3507186667e+04
 1500571800, 2.2500000000e+02, 1.7821333333e+02, 2.6000000000e+01, 1.5682133333e+01, 1.0378906667e+04
 1500572100, 2.2500000000e+02, 1.8000000000e+02, 2.6000000000e+01, 1.5653200000e+01, 1.0387200000e+04
 1500572400, 2.2500000000e+02, 1.8181333333e+02, 2.6000000000e+01, 1.5656666667e+01, 1.0377386667e+04
 1500572700, 2.2146666667e+02, 1.7776000000e+02, 2.6000000000e+01, 1.5639333333e+01, 1.0098626667e+04
 1500573000, 2.2000000000e+02, 1.7498666667e+02, 2.6000000000e+01, 1.5696266667e+01, 1.0305266667e+04
 1500573300, 2.2000000000e+02, 1.7522666667e+02, 2.6000000000e+01, 1.5735600000e+01, 9.2940400000e+03
 1500573600, 2.2053333333e+02, 1.7821333333e+02, 2.6000000000e+01, 1.5806400000e+01, 1.0311106667e+04
 1500573900, 2.2500000000e+02, 1.8000000000e+02, 2.6000000000e+01, 1.5818933333e+01, 1.1332173333e+04
 1500574200, 2.2046666667e+02, 1.7637333333e+02, 2.6000000000e+01, 1.5832000000e+01, 1.2554693333e+04
 1500574500, 2.2000000000e+02, 1.7600000000e+02, 2.6000000000e+01, 1.5840933333e+01, 1.2555306667e+04
 1500574800, 2.2000000000e+02, 1.7600000000e+02, 2.6000000000e+01, 1.5843866667e+01, 1.2555053333e+04
 1500575100, 2.2000000000e+02, 1.7600000000e+02, 2.6000000000e+01, 1.5833466667e+01, 1.1493853333e+04
 1500575400, 2.2000000000e+02, 1.7621333333e+02, 2.6000000000e+01, 1.5819866667e+01, 1.0311813333e+04
 1500575700, 2.2000000000e+02, 1.7800000000e+02, 2.6000000000e+01, 1.5821866667e+01, 1.1331266667e+04
 1500576000, 2.2000000000e+02, 1.7618666667e+02, 2.6000000000e+01, 1.5861333333e+01, 1.2424600000e+04
 1500576300, 2.2000000000e+02, 1.7741333333e+02, 2.6000000000e+01, 1.5895200000e+01, 1.0205893333e+04
 1500576600, 2.1746666667e+02, 1.7394666667e+02, 2.6000000000e+01, 1.5928266667e+01, 1.5762253333e+04
 1500576900, 2.1806666667e+02, 1.7368000000e+02, 2.6000000000e+01, 1.5896666667e+01, 1.0312586667e+04
 1500577200, 2.2766666667e+02, 1.8285333333e+02, 2.7706666667e+01, 1.5926266667e+01, 1.9025573333e+04
 1500577500, 2.5000000000e+02, 1.9000000000e+02, 4.2000000000e+01, 1.5958133333e+01, 1.0312933333e+04
 1500577800, 2.1373333333e+02, 1.6461333333e+02, 2.9306666667e+01, 1.5969066667e+01, 1.1333066667e+04
 1500578100, 2.1353333333e+02, 1.6624000000e+02, 2.8000000000e+01, 1.5927066667e+01, 1.4600213333e+04
 1500578400, 2.1753333333e+02, 1.7306666667e+02, 2.6986666667e+01, 1.5854933333e+01, 1.2555693333e+04
 1500578700, 2.2000000000e+02, 1.7738666667e+02, 2.6000000000e+01, 1.5851333333e+01, 8.0288800000e+03
 1500579000, 2.2373333333e+02, 1.7792000000e+02, 2.7706666667e+01, 1.5883733333e+01, 1.0378506667e+04
 1500579300, 2.5500000000e+02, 1.9400000000e+02, 4.2000000000e+01, 1.5860000000e+01, 1.0378786667e+04
 1500579600, 1.8246666667e+02, 1.3778666667e+02, 2.7493333333e+01, 1.5855333333e+01, 9.3769733333e+03
 1500579900, 2.0326666667e+02, 1.6026666667e+02, 2.6000000000e+01, 1.5852000000e+01, 1.0379173333e+04
 1500580200, 2.2006666667e+02, 1.7605333333e+02, 2.6000000000e+01, 1.5857866667e+01, 1.1395266667e+04
 1500580500, 2.2500000000e+02, 1.8122666667e+02, 2.6000000000e+01, 1.5878266667e+01, 1.0379106667e+04
 1500580800, 2.2340000000e+02, 1.8229333333e+02, 2.6000000000e+01, 1.5877866667e+01, 1.2555413333e+04
 1500581100, 2.1000000000e+02, 1.6800000000e+02, 2.6000000000e+01, 1.5861866667e+01, 1.0383000000e+04
 1500581400, 2.2360000000e+02, 1.8069333333e+02, 2.6000000000e+01, 1.5842800000e+01, 1.0379986667e+04
 1500581700, 2.2146666667e+02, 1.7634666667e+02, 2.6000000000e+01, 1.5837866667e+01, 1.2554400000e+04
 1500582000, 2.2000000000e+02, 1.7602666667e+02, 2.6000000000e+01, 1.5822933333e+01, 1.0379600000e+04
 1500582300, 2.1846666667e+02, 1.7554666667e+02, 2.6000000000e+01, 1.5819866667e+01, 1.0391413333e+04
 1500582600, 2.1820000000e+02, 1.7192000000e+02, 2.7493333333e+01, 1.5822533333e+01, 1.1541386667e+04
 1500582900, 2.4500000000e+02, 1.8800000000e+02, 4.0000000000e+01, 1.5820000000e+01, 1.0380373333e+04
 1500583200, 2.3593333333e+02, 1.8256000000e+02, 3.6373333333e+01, 1.5875200000e+01, 9.2213466667e+03
 1500583500, 2.4913333333e+02, 1.8906666667e+02, 4.0240000000e+01, 1.5856800000e+01, 1.0378986667e+04
 1500583800, 2.3726666667e+02, 1.8389333333e+02, 3.3893333333e+01, 1.5831866667e+01, 1.0380813333e+04
 1500584100, 2.1846666667e+02, 1.7416000000e+02, 2.6000000000e+01, 1.5862266667e+01, 1.0378680000e+04
 1500584400, 2.1553333333e+02, 1.7042666667e+02, 2.6000000000e+01, 1.5846800000e+01, 1.0377600000e+04
 1500584700, 2.2000000000e+02, 1.7400000000e+02, 2.6000000000e+01, 1.5818800000e+01, 1.0377306667e+04
 1500585000, 2.2000000000e+02, 1.7762666667e+02, 2.6000000000e+01, 1.5814933333e+01, 1.0391893333e+04
 1500585300, 2.2000000000e+02, 1.7800000000e+02, 2.6000000000e+01, 1.5846400000e+01, 1.0379706667e+04
 1500585600, 2.3013333333e+02, 1.8104000000e+02, 3.3093333333e+01, 1.5859866667e+01, 1.0379693333e+04
 1500585900, 2.4153333333e+02, 1.8522666667e+02, 4.0000000000e+01, 1.5874266667e+01, 1.5893400000e+04
 1500586200, 2.4286666667e+02, 1.8714666667e+02, 3.8506666667e+01, 1.5918266667e+01, 1.0382306667e+04
 1500586500, 2.2500000000e+02, 1.8000000000e+02, 2.6000000000e+01, 1.5946133333e+01, 1.1396906667e+04
 1500586800, 2.2046666667e+02, 1.7637333333e+02, 2.6000000000e+01, 1.5924800000e+01, 1.0378480000e+04
 1500587100, 2.4120000000e+02, 1.8448000000e+02, 3.7306666667e+01, 1.5907866667e+01, 1.2554813333e+04
 1500587400, 2.2900000000e+02, 1.8100000000e+02, 3.0800000000e+01, 1.5933266667e+01, 1.0304360000e+04
 1500587700, 2.2000000000e+02, 1.7293333333e+02, 3.1066666667e+01, 1.5918666667e+01, 1.0379213333e+04
 1500588000, 2.2153333333e+02, 1.7229333333e+02, 3.2933333333e+01, 1.5927466667e+01, 1.0378760000e+04
 1500588300, 2.2446666667e+02, 1.8157333333e+02, 2.6000000000e+01, 1.6140133333e+01, 1.0388906667e+04
 1500588600, 2.2000000000e+02, 1.7800000000e+02, 2.6000000000e+01, 1.6405200000e+01, 1.2566786667e+04
 1500588900, 2.1093333333e+02, 1.6893333333e+02, 2.6000000000e+01, 1.6546800000e+01, 1.0390013333e+04
 1500589200, 2.1353333333e+02, 1.6941333333e+02, 2.6000000000e+01, 1.6673066667e+01, 1.0238706667e+04
 1500589500, 2.2006666667e+02, 1.7405333333e+02, 2.6000000000e+01, 1.6788533333e+01, 1.1556280000e+04
 1500589800, 2.2500000000e+02, 1.7861333333e+02, 2.6000000000e+01, 1.6810133333e+01, 1.0391586667e+04
 1500590100, 2.2446666667e+02, 1.7957333333e+02, 2.6000000000e+01, 1.6839066667e+01, 1.1406626667e+04
 1500590400, 2.2000000000e+02, 1.7600000000e+02, 2.6000000000e+01, 1.6900533333e+01, 1.0236080000e+04
 1500590700, 2.2000000000e+02, 1.7418666667e+02, 2.6000000000e+01, 1.6920800000e+01, 1.0390920000e+04
 1500591000, 2.2000000000e+02, 1.7541333333e+02, 2.6000000000e+01, 1.6899866667e+01, 1.0391200000e+04
 1500591300, 2.1240000000e+02, 1.6384000000e+02, 3.0053333333e+01, 1.6906933333e+01, 1.2567693333e+04
 1500591600, 2.1726666667e+02, 1.6242666667e+02, 3.5840000000e+01, 1.6911200000e+01, 1.3739666667e+04
 1500591900, 2.4233333333e+02, 1.8493333333e+02, 3.8506666667e+01, 1.6745200000e+01, 1.0381706667e+04
 1500592200, 2.2000000000e+02, 1.7600000000e+02, 2.6000000000e+01, 1.6516400000e+01, 1.3567733333e+04
 1500592500, 2.2000000000e+02, 1.7418666667e+02, 2.6000000000e+01, 1.6345333333e+01, 1.4730493333e+04
 1500592800, 2.2353333333e+02, 1.7965333333e+02, 2.6000000000e+01, 1.6243866667e+01, 1.0280480000e+04
 1500593100, 2.2500000000e+02, 1.8200000000e+02, 2.6000000000e+01, 1.6128933333e+01, 9.2804000000e+03
 1500593400, 2.2346666667e+02, 1.8077333333e+02, 2.6000000000e+01, 1.6112933333e+01, 9.0643733333e+03
 1500593700, 2.2000000000e+02, 1.7778666667e+02, 2.6000000000e+01, 1.6110933333e+01, 1.0375880000e+04
 1500594000, 2.2000000000e+02, 1.7600000000e+02, 2.6000000000e+01, 1.6052433333e+01, 1.2551863333e+04
 1500594300, 2.2000000000e+02, 1.7781333333e+02, 2.6000000000e+01, 1.5981600000e+01, 1.0376986667e+04
 1500594600, 2.2000000000e+02, 1.7800000000e+02, 2.6000000000e+01, 1.5931733333e+01, 1.0377000000e+04
 1500594900, 2.3266666667e+02, 1.8306666667e+02, 3.3093333333e+01, 1.5928266667e+01, 1.0222400000e+04
 1500595200, 2.0973333333e+02, 1.5672000000e+02, 3.5093333333e+01, 1.5913600000e+01, 8.0522133333e+03
 1500595500, 1.4013333333e+02, 9.6240000000e+01, 2.4213333333e+01, 1.5877733333e+01, 8.0257866667e+03
 1500595800, 2.2406666667e+02, 1.8088000000e+02, 2.6000000000e+01, 1.5851600000e+01, 1.0375866667e+04
 1500596100, 2.1500000000e+02, 1.7000000000e+02, 2.6000000000e+01, 1.5863333333e+01, 1.3712653333e+04
 1500596400, 2.4661666667e+02, 1.8626000000e+02, 4.0453333333e+01, 1.5848766667e+01, 1.1395353333e+04
 1500596700, 2.4646666667e+02, 1.8658666667e+02, 4.0586666667e+01, 1.5881333333e+01, 1.2552880000e+04
 1500597000, 2.4753333333e+02, 1.8802666667e+02, 4.0000000000e+01, 1.5928400000e+01, 1.0223320000e+04
 1500597300, 2.4846666667e+02, 1.8877333333e+02, 4.0000000000e+01, 1.5965066667e+01, 1.0384893333e+04
 1500597600, 2.4500000000e+02, 1.8600000000e+02, 3.9786666667e+01, 1.5970000000e+01, 1.2550893333e+04
 1500597900, 2.4500000000e+02, 1.8600000000e+02, 3.8000000000e+01, 1.5961466667e+01, 1.0380093333e+04
 1500598200, 2.2706666667e+02, 1.8241333333e+02, 2.7240000000e+01, 1.5874766667e+01, 1.0483863333e+04
 1500598500, 2.2146666667e+02, 1.7776000000e+02, 2.6000000000e+01, 1.5554933333e+01, 1.1536346667e+04
 1500598800, 1.5666666667e+02, 1.1418666667e+02, 2.4986666667e+01, 1.3475200000e+01, 8.4128800000e+03
 1500599100, 8.2733333333e+01, 4.5413333333e+01, 1.9706666667e+01, 9.9417333333e+00, 7.3000800000e+03
 1500599400, 5.5000000000e+01, 2.6000000000e+01, 1.0580000000e+01, 7.2401000000e+00, 7.2976066667e+03
 1500599700, 5.5000000000e+01, 2.5786666667e+01, 1.1786666667e+01, 5.2889333333e+00, 7.2986000000e+03
 1500600000, 5.5000000000e+01, 2.4000000000e+01, 1.0000000000e+01, 3.8538666667e+00, 7.2996933333e+03
 1500600300, 5.0466666667e+01, 2.4000000000e+01, 1.0000000000e+01, 2.8080000000e+00, 7.2990000000e+03
 1500600600, 5.3533333333e+01, 2.4000000000e+01, 1.0000000000e+01, 2.0396666667e+00, 7.2990000000e+03
 1500600900, 5.5000000000e+01, 2.5013333333e+01, 1.0000000000e+01, 1.4818666667e+00, 7.2990000000e+03
 1500601200, 5.5000000000e+01, 2.6000000000e+01, 1.0000000000e+01, 1.0806666667e+00, 7.2990000000e+03
 1500601500, 5.5000000000e+01, 2.6000000000e+01, 1.0000000000e+01, 7.9640000000e-01, 7.2992000000e+03
 1500601800, 5.5000000000e+01, 2.6000000000e+01, 1.0000000000e+01, 5.9293333333e-01, 7.2988000000e+03
 1500602100, 5.0466666667e+01, 2.4186666667e+01, 1.0000000000e+01, 4.5013333333e-01, 7.2994933333e+03
 1500602400, 5.0000000000e+01, 2.4000000000e+01, 1.0000000000e+01, 3.3640000000e-01, 7.2988133333e+03
 1500602700, 5.2500000000e+01, 2.5000000000e+01, 1.0000000000e+01, 2.6066666667e-01, 7.3003066667e+03
 1500603000, 5.5000000000e+01, 2.5386666667e+01, 1.0000000000e+01, 2.0373333333e-01, 7.3004933333e+03
 1500603300, 5.5000000000e+01, 2.4000000000e+01, 1.0000000000e+01, 1.7480000000e-01, 7.3000000000e+03
 1500603600, 5.5000000000e+01, 2.4000000000e+01, 1.0000000000e+01, 1.5186666667e-01, 7.2994000000e+03
 1500603900, 5.5000000000e+01, 2.5813333333e+01, 1.0000000000e+01, 1.2393333333e-01, 7.3004000000e+03
 1500604200, 5.5000000000e+01, 2.6000000000e+01, 1.0000000000e+01, 1.2400000000e-01, 7.2996933333e+03
 1500604500, 5.5000000000e+01, 2.4986666667e+01, 1.0000000000e+01, 1.3306666667e-01, 7.2998000000e+03
 1500604800, 5.5000000000e+01, 2.4613333333e+01, 1.0000000000e+01, 1.3200000000e-01, 7.2990000000e+03
 1500605100, 5.5000000000e+01, 2.6000000000e+01, 1.0000000000e+01, 1.3400000000e-01, 7.2994133333e+03
 1500605400, 5.5000000000e+01, 2.6000000000e+01, 1.0000000000e+01, 1.2186666667e-01, 7.2994933333e+03
 1500605700, 5.5000000000e+01, 2.4186666667e+01, 1.0000000000e+01, 1.1000000000e-01, 7.2992000000e+03
 1500606000, 5.1466666667e+01, 2.4000000000e+01, 1.0000000000e+01, 1.0093333333e-01, 7.2996000000e+03
 1500606300, 5.0000000000e+01, 2.4000000000e+01, 1.0000000000e+01, 9.4933333333e-02, 7.2994933333e+03
 1500606600, 5.1533333333e+01, 2.4613333333e+01, 1.0000000000e+01, 7.7866666667e-02, 7.2997066667e+03
 1500606900, 5.5000000000e+01, 2.5786666667e+01, 1.0000000000e+01, 6.6933333333e-02, 7.3000000000e+03
 1500607200, 5.4500000000e+01, 2.4000000000e+01, 1.0000000000e+01, 6.9066666667e-02, 7.2992933333e+03
 1500607500, 5.0000000000e+01, 2.4000000000e+01, 1.0000000000e+01, 5.9866666667e-02, 7.2997866667e+03
 1500607800, 5.0000000000e+01, 2.4000000000e+01, 1.0000000000e+01, 5.0000000000e-02, 7.3010266667e+03
 1500608100, 5.3533333333e+01, 2.4000000000e+01, 1.0000000000e+01, 5.6000000000e-02, 7.3002800000e+03
 1500608400, 5.2466666667e+01, 2.4000000000e+01, 1.0000000000e+01, 5.0000000000e-02, 7.2999066667e+03
 1500608700, 5.1533333333e+01, 2.4000000000e+01, 1.0000000000e+01, 5.0000000000e-02, 7.2998933333e+03
 1500609000, 5.5000000000e+01, 2.4000000000e+01, 1.0000000000e+01, 5.2000000000e-02, 7.2994000000e+03
 1500609300, 5.5000000000e+01, 2.4000000000e+01, 1.0000000000e+01, 5.0000000000e-02, 7.2998933333e+03
 1500609600, 5.5000000000e+01, 2.5813333333e+01, 1.0000000000e+01, 5.0000000000e-02, 7.3004133333e+03
 1500609900, 5.5000000000e+01, 2.6000000000e+01, 1.0000000000e+01, 5.0000000000e-02, 7.3008933333e+03
 1500610200, 5.7533333333e+01, 2.7013333333e+01, 1.3040000000e+01, 5.2000000000e-02, 7.3004000000e+03
 1500610500, 5.6933333333e+01, 2.6773333333e+01, 1.4160000000e+01, 5.2133333333e-02, 7.3008000000e+03
 1500610800, 5.0000000000e+01, 2.4000000000e+01, 1.0000000000e+01, 6.4000000000e-02, 7.3007066667e+03
 1500611100, 5.0000000000e+01, 2.4000000000e+01, 1.0000000000e+01, 6.8933333333e-02, 7.3000933333e+03
 1500611400, 5.0000000000e+01, 2.4000000000e+01, 1.0000000000e+01, 6.2000000000e-02, 7.3002000000e+03
 1500611700, 5.0000000000e+01, 2.4000000000e+01, 1.0000000000e+01, 5.4933333333e-02, 7.2998933333e+03
 1500612000, 5.0000000000e+01, 2.4000000000e+01, 1.0000000000e+01, 5.0000000000e-02, 7.2994000000e+03
 1500612300, 5.0000000000e+01, 2.4000000000e+01, 1.0000000000e+01, 5.8133333333e-02, 7.2992000000e+03
 1500612600, 5.0533333333e+01, 2.4000000000e+01, 1.0000000000e+01, 6.3066666667e-02, 7.2999066667e+03
 1500612900, 5.5000000000e+01, 2.4000000000e+01, 1.0000000000e+01, 6.1866666667e-02, 7.3003066667e+03
 1500613200, 5.0466666667e+01, 2.4000000000e+01, 1.0000000000e+01, 5.6000000000e-02, 7.3004933333e+03
 1500613500, 5.0000000000e+01, 2.4000000000e+01, 1.0000000000e+01, 5.0933333333e-02, 7.3002966667e+03
 1500613800, 5.0000000000e+01, 2.4000000000e+01, 1.0000000000e+01, 5.1066666667e-02, 7.3005066667e+03
 1500614100, 5.0000000000e+01, 2.4000000000e+01, 1.0000000000e+01, 5.0933333333e-02, 7.3000000000e+03
 1500614400, 5.0000000000e+01, 2.4000000000e+01, 1.0000000000e+01, 5.0000000000e-02, 7.2994933333e+03
 1500614700, 5.0000000000e+01, 2.4000000000e+01, 1.0000000000e+01, 5.5066666667e-02, 7.2992000000e+03
 1500615000, 5.0000000000e+01, 2.4000000000e+01, 1.0000000000e+01, 5.6000000000e-02, 7.3001066667e+03
 1500615300, 5.0000000000e+01, 2.4000000000e+01, 1.0000000000e+01, 5.2933333333e-02, 7.3001066667e+03
 1500615600, 5.0000000000e+01, 2.4000000000e+01, 1.0000000000e+01, 5.0000000000e-02, 7.2997866667e+03
 1500615900, 5.0000000000e+01, 2.4613333333e+01, 1.0000000000e+01, 5.0000000000e-02, 7.2998133333e+03
 1500616200, 5.0000000000e+01, 2.5786666667e+01, 1.0000000000e+01, 5.0000000000e-02, 7.2995066667e+03
 1500616500, 5.0000000000e+01, 2.4000000000e+01, 1.0000000000e+01, 5.0000000000e-02, 7.2999866667e+03
 1500616800, 5.0000000000e+01, 2.5813333333e+01, 1.0000000000e+01, 5.4133333333e-02, 7.3011066667e+03
 1500617100, 5.0000000000e+01, 2.6000000000e+01, 1.0000000000e+01, 9.2400000000e-02, 7.3020133333e+03
 1500617400, 5.2533333333e+01, 2.6000000000e+01, 1.0000000000e+01, 1.1693333333e-01, 7.3019866667e+03
 1500617700, 5.3466666667e+01, 2.6000000000e+01, 1.0000000000e+01, 1.0280000000e-01, 7.3017066667e+03
 1500618000, 5.0000000000e+01, 2.5786666667e+01, 1.0000000000e+01, 8.6933333333e-02, 7.3014000000e+03
 1500618300, 5.0000000000e+01, 2.4000000000e+01, 1.0000000000e+01, 8.5066666667e-02, 7.3011866667e+03
 1500618600, 5.4533333333e+01, 2.5813333333e+01, 1.0000000000e+01, 8.4933333333e-02, 7.3015066667e+03
 1500618900, 5.1466666667e+01, 2.4586666667e+01, 1.0000000000e+01, 8.2933333333e-02, 7.3013066667e+03
 1500619200, 5.0000000000e+01, 2.5013333333e+01, 1.0000000000e+01, 6.3866666667e-02, 7.3010933333e+03
 1500619500, 5.0000000000e+01, 2.5386666667e+01, 1.0000000000e+01, 5.0000000000e-02, 7.3020133333e+03
 1500619800, 5.0000000000e+01, 2.4000000000e+01, 1.0000000000e+01, 5.0000000000e-02, 7.3018933333e+03
 1500620100, 5.0000000000e+01, 2.4000000000e+01, 1.0000000000e+01, 5.0000000000e-02, 7.3020000000e+03
 1500620400, 5.0000000000e+01, 2.4000000000e+01, 1.0000000000e+01, 5.0000000000e-02, 7.3014000000e+03
 1500620700, 5.3533333333e+01, 2.5413333333e+01, 1.0000000000e+01, 5.0000000000e-02, 7.3020933333e+03
 1500621000, 5.2466666667e+01, 2.6000000000e+01, 1.0000000000e+01, 5.0000000000e-02, 7.3016000000e+03
 1500621300, 5.0000000000e+01, 2.5386666667e+01, 1.0000000000e+01, 5.0000000000e-02, 7.3014133333e+03
 1500621600, 5.0000000000e+01, 2.4000000000e+01, 1.0000000000e+01, 5.0000000000e-02, 7.3020933333e+03
 1500621900, 5.0000000000e+01, 2.4000000000e+01, 1.0000000000e+01, 5.0000000000e-02, 7.3025066667e+03
 1500622200, 5.0000000000e+01, 2.4000000000e+01, 1.0000000000e+01, 5.5066666667e-02, 7.3025066667e+03
 1500622500, 5.0000000000e+01, 2.4000000000e+01, 1.0000000000e+01, 5.0933333333e-02, 7.3036000000e+03
 1500622800, 5.0000000000e+01, 2.4000000000e+01, 1.0000000000e+01, 5.0000000000e-02, 7.3030933333e+03
 1500623100, 5.0000000000e+01, 2.4000000000e+01, 1.0000000000e+01, 5.5066666667e-02, 7.3034133333e+03
 1500623400, 5.0000000000e+01, 2.4000000000e+01, 1.0000000000e+01, 8.3333333333e-02, 7.3038000000e+03
 1500623700, 5.0000000000e+01, 2.4000000000e+01, 1.0000000000e+01, 1.1000000000e-01, 7.3040933333e+03
 1500624000, 5.0000000000e+01, 2.4000000000e+01, 1.0000000000e+01, 1.0293333333e-01, 7.3038000000e+03
 1500624300, 5.0000000000e+01, 2.4000000000e+01, 1.0000000000e+01, 9.8933333333e-02, 7.3032000000e+03
 1500624600, 5.0000000000e+01, 2.4000000000e+01, 1.0000000000e+01, 8.7066666667e-02, 7.3036000000e+03
 1500624900, 5.0000000000e+01, 2.4613333333e+01, 1.0000000000e+01, 8.9866666667e-02, 7.3030933333e+03
 1500625200, 5.0000000000e+01, 2.5786666667e+01, 1.0000000000e+01, 7.3866666667e-02, 7.3030000000e+03
 1500625500, 5.0000000000e+01, 2.4000000000e+01, 1.0000000000e+01, 5.8000000000e-02, 7.3028000000e+03
 1500625800, 5.0000000000e+01, 2.4000000000e+01, 1.0000000000e+01, 6.5066666667e-02, 7.3032000000e+03
 1500626100, 5.0000000000e+01, 2.4000000000e+01, 1.0000000000e+01, 6.6000000000e-02, 7.3024000000e+03
 1500626400, 5.0000000000e+01, 2.4000000000e+01, 1.0000000000e+01, 5.7866666667e-02, 7.3024933333e+03
 1500626700, 5.0000000000e+01, 2.4000000000e+01, 1.0000000000e+01, 6.0133333333e-02, 7.3038133333e+03
 1500627000, 5.0000000000e+01, 2.4000000000e+01, 1.0000000000e+01, 5.8933333333e-02, 7.3036000000e+03
 1500627300, 5.0000000000e+01, 2.4000000000e+01, 1.0000000000e+01, 5.2000000000e-02, 7.3028933333e+03
 1500627600, 5.0000000000e+01, 2.4000000000e+01, 1.0000000000e+01, 5.2933333333e-02, 7.3029066667e+03
 1500627900, 5.0000000000e+01, 2.4000000000e+01, 1.0000000000e+01, 5.4000000000e-02, 7.3030000000e+03
 1500628200, 5.0000000000e+01, 2.4000000000e+01, 1.0000000000e+01, 5.0000000000e-02, 7.3030933333e+03
 1500628500, 5.1533333333e+01, 2.4613333333e+01, 1.0613333333e+01, 5.9066666667e-02, 7.3033066667e+03
 1500628800, 5.5000000000e+01, 2.6000000000e+01, 1.1786666667e+01, 5.0933333333e-02, 7.3032933333e+03
 1500629100, 5.5000000000e+01, 2.6000000000e+01, 1.0000000000e+01, 5.2000000000e-02, 7.3032000000e+03
 1500629400, 5.0466666667e+01, 2.4186666667e+01, 1.0000000000e+01, 5.5066666667e-02, 7.3029066667e+03
 1500629700, 5.0000000000e+01, 2.4000000000e+01, 1.0000000000e+01, 7.6133333333e-02, 7.3032933333e+03
 1500630000, 5.0000000000e+01, 2.5013333333e+01, 1.0000000000e+01, 8.0000000000e-02, 7.3026933333e+03
 1500630300, 5.0000000000e+01, 2.5386666667e+01, 1.0000000000e+01, 6.8933333333e-02, 7.3027066667e+03
 1500630600, 5.0000000000e+01, 2.4000000000e+01, 1.0000000000e+01, -nan, 7.3024000000e+03
 1500630900, 5.0000000000e+01, 2.4000000000e+01, 1.0000000000e+01, -nan, 7.3026933333e+03
 1500631200, -nan, 2.4000000000e+01, 1.0000000000e+01, -nan, 7.3021066667e+03
 1500631500, -nan, 2.4000000000e+01, 1.0000000000e+01, -nan, -nan
 1500631800, -nan, 2.4000000000e+01, 1.0000000000e+01, -nan, -nan
 1500632100, -nan, 2.4000000000e+01, 1.0000000000e+01, -nan, -nan
 1500632400, -nan, 2.4000000000e+01, 1.0000000000e+01, -nan, -nan
 1500632700, -nan, 2.4000000000e+01, -nan, -nan, -nan
 1500633000, -nan, 2.4000000000e+01, -nan, -nan, -nan
 1500633300, -nan, 2.5413333333e+01, -nan, -nan, -nan
 1500633600, -nan, 2.4986666667e+01, -nan, -nan, -nan
 1500633900, -nan, 2.4613333333e+01, -nan, -nan, -nan
 1500634200, -nan, -nan, -nan, -nan, -nan
 1500634500, -nan, -nan, -nan, -nan, -nan
 1500634800, -nan, -nan, -nan, -nan, -nan
