 Time, ttl_pwr, cpu_pwr, mem_pwr, cpu_load, mem_load
 1500441000, 5,5000000000e+01, 2,5573333333e+01, 1,2000000000e+01, 5,0000000000e-02, 7,2320000000e+03
 1500441300, 5,5000000000e+01, 2,4000000000e+01, 1,2000000000e+01, 5,0000000000e-02, 7,2324133333e+03
 1500441600, 5,5000000000e+01, 2,4000000000e+01, 1,2000000000e+01, 5,6000000000e-02, 7,2325733333e+03
 1500441900, 5,5000000000e+01, 2,4000000000e+01, 1,2000000000e+01, 5,4000000000e-02, 7,2326133333e+03
 1500442200, 5,5000000000e+01, 2,4000000000e+01, 1,2000000000e+01, 5,2000000000e-02, 7,2330133333e+03
 1500442500, 5,5000000000e+01, 2,4000000000e+01, 1,2000000000e+01, 5,2000000000e-02, 7,2333866667e+03
 1500442800, 5,5000000000e+01, 2,4426666667e+01, 1,2000000000e+01, 5,0000000000e-02, 7,2323866667e+03
 1500443100, 5,5000000000e+01, 2,6000000000e+01, 1,2000000000e+01, 5,0000000000e-02, 7,2320133333e+03
 1500443400, 5,5000000000e+01, 2,6000000000e+01, 1,2000000000e+01, 5,0000000000e-02, 7,2315866667e+03
 1500443700, 5,5000000000e+01, 2,4373333333e+01, 1,2000000000e+01, 5,0000000000e-02, 7,2316133333e+03
 1500444000, 5,5000000000e+01, 2,4000000000e+01, 1,2000000000e+01, 5,0000000000e-02, 7,2322000000e+03
 1500444300, 5,5000000000e+01, 2,4000000000e+01, 1,2000000000e+01, 5,4133333333e-02, 7,2330266667e+03
 1500444600, 5,5000000000e+01, 2,4426666667e+01, 1,2000000000e+01, 5,1866666667e-02, 7,2329733333e+03
 1500444900, 5,5000000000e+01, 2,6000000000e+01, 1,2000000000e+01, 5,0000000000e-02, 7,2330133333e+03
 1500445200, 5,5000000000e+01, 2,6000000000e+01, 1,2000000000e+01, 5,0000000000e-02, 7,2334000000e+03
 1500445500, 5,5000000000e+01, 2,4373333333e+01, 1,2000000000e+01, 5,0000000000e-02, 7,2332000000e+03
 1500445800, 5,5000000000e+01, 2,5226666667e+01, 1,2000000000e+01, 5,0000000000e-02, 7,2333866667e+03
 1500446100, 5,5000000000e+01, 2,5173333333e+01, 1,2000000000e+01, 5,0000000000e-02, 7,2334266667e+03
 1500446400, 5,5000000000e+01, 2,4426666667e+01, 1,2000000000e+01, 5,0000000000e-02, 7,2327733333e+03
 1500446700, 5,5000000000e+01, 2,5973333333e+01, 1,2000000000e+01, 5,2000000000e-02, 7,2324133333e+03
 1500447000, 5,5000000000e+01, 2,4000000000e+01, 1,2000000000e+01, 5,0000000000e-02, 7,2330000000e+03
 1500447300, 5,5000000000e+01, 2,5626666667e+01, 1,2000000000e+01, 5,0000000000e-02, 7,2328000000e+03
 1500447600, 5,5000000000e+01, 2,4773333333e+01, 1,2000000000e+01, 5,0266666667e-02, 7,2332000000e+03
 1500447900, 5,5000000000e+01, 2,4826666667e+01, 1,2000000000e+01, 6,1866666667e-02, 7,2332000000e+03
 1500448200, 5,5000000000e+01, 2,6000000000e+01, 1,2000000000e+01, 5,1866666667e-02, 7,2330133333e+03
 1500448500, 5,5000000000e+01, 2,6000000000e+01, 1,2000000000e+01, 5,2400000000e-02, 7,2339866667e+03
 1500448800, 5,5000000000e+01, 2,6000000000e+01, 1,2000000000e+01, 6,5600000000e-02, 7,2336000000e+03
 1500449100, 5,5000000000e+01, 2,6000000000e+01, 1,2000000000e+01, 5,2000000000e-02, 7,2334133333e+03
 1500449400, 5,5000000000e+01, 2,6000000000e+01, 1,2000000000e+01, 5,0000000000e-02, 7,2337866667e+03
 1500449700, 5,5000000000e+01, 2,5173333333e+01, 1,2000000000e+01, 5,0000000000e-02, 7,2328266667e+03
 1500450000, 5,5000000000e+01, 2,4426666667e+01, 1,2000000000e+01, 5,0000000000e-02, 7,2340000000e+03
 1500450300, 5,5000000000e+01, 2,6000000000e+01, 1,2000000000e+01, 5,0000000000e-02, 7,2340000000e+03
 1500450600, 5,5000000000e+01, 2,6000000000e+01, 1,2000000000e+01, 5,0000000000e-02, 7,2334133333e+03
 1500450900, 5,5000000000e+01, 2,4373333333e+01, 1,2000000000e+01, 5,0000000000e-02, 7,2340000000e+03
 1500451200, 5,5000000000e+01, 2,5226666667e+01, 1,2000000000e+01, 5,0000000000e-02, 7,2332133333e+03
 1500451500, 5,5000000000e+01, 2,5173333333e+01, 1,2000000000e+01, 5,0133333333e-02, 7,2340000000e+03
 1500451800, 5,5000000000e+01, 2,4000000000e+01, 1,2000000000e+01, 5,1866666667e-02, 7,2338133333e+03
 1500452100, 5,5000000000e+01, 2,4026666667e+01, 1,2000000000e+01, 5,0000000000e-02, 7,2337333333e+03
 1500452400, 5,5000000000e+01, 2,6000000000e+01, 1,2000000000e+01, 5,0133333333e-02, 7,2321866667e+03
 1500452700, 5,5000000000e+01, 2,4373333333e+01, 1,2000000000e+01, 5,9866666667e-02, 7,2324133333e+03
 1500453000, 5,5000000000e+01, 2,4000000000e+01, 1,2000000000e+01, 5,2000000000e-02, 7,2331866667e+03
 1500453300, 5,5000000000e+01, 2,4000000000e+01, 1,2000000000e+01, 5,0000000000e-02, 7,2330133333e+03
 1500453600, 5,5000000000e+01, 2,4000000000e+01, 1,2000000000e+01, 5,0000000000e-02, 7,2333866667e+03
 1500453900, 5,5000000000e+01, 2,4000000000e+01, 1,2000000000e+01, 5,4133333333e-02, 7,2328000000e+03
 1500454200, 5,5000000000e+01, 2,4000000000e+01, 1,2000000000e+01, 5,6000000000e-02, 7,2323866667e+03
 1500454500, 5,5000000000e+01, 2,4000000000e+01, 1,2000000000e+01, 6,5866666667e-02, 7,2334266667e+03
 1500454800, 5,8066666667e+01, 2,7680000000e+01, 1,3226666667e+01, 5,0000000000e-02, 7,2339866667e+03
 1500455100, 5,7933333333e+01, 2,7520000000e+01, 1,3173333333e+01, 5,0000000000e-02, 7,2328133333e+03
 1500455400, 5,5000000000e+01, 2,4000000000e+01, 1,2000000000e+01, 5,2000000000e-02, 7,2328000000e+03
 1500455700, 5,5000000000e+01, 2,4000000000e+01, 1,2000000000e+01, 5,0000000000e-02, 7,2317733333e+03
 1500456000, 5,5000000000e+01, 2,4000000000e+01, 1,2000000000e+01, 5,0000000000e-02, 7,2320133333e+03
 1500456300, 5,5000000000e+01, 2,5626666667e+01, 1,2000000000e+01, 5,0000000000e-02, 7,2324000000e+03
 1500456600, 5,5000000000e+01, 2,4773333333e+01, 1,2000000000e+01, 5,2000000000e-02, 7,2332000000e+03
 1500456900, 5,5000000000e+01, 2,4826666667e+01, 1,2000000000e+01, 5,0000000000e-02, 7,2334233333e+03
 1500457200, 5,5000000000e+01, 2,5573333333e+01, 1,2000000000e+01, 5,0000000000e-02, 7,2335733333e+03
 1500457500, 5,5000000000e+01, 2,4000000000e+01, 1,2000000000e+01, 5,0000000000e-02, 7,2340200000e+03
 1500457800, 5,5000000000e+01, 2,4000000000e+01, 1,2000000000e+01, 5,0000000000e-02, 7,2343600000e+03
 1500458100, 5,5000000000e+01, 2,4000000000e+01, 1,2000000000e+01, 5,0000000000e-02, 7,2324133333e+03
 1500458400, 7,0333333333e+01, 3,1360000000e+01, 1,9360000000e+01, 5,0000000000e-02, 7,2326000000e+03
 1500458700, 6,9666666667e+01, 3,1866666667e+01, 1,9040000000e+01, 5,0000000000e-02, 7,2332133333e+03
 1500459000, 5,5000000000e+01, 2,5573333333e+01, 1,2000000000e+01, 5,0000000000e-02, 7,2337866667e+03
 1500459300, 5,5000000000e+01, 2,4000000000e+01, 1,2000000000e+01, 5,0000000000e-02, 7,2340133333e+03
 1500459600, 5,5000000000e+01, 2,4000000000e+01, 1,2000000000e+01, 5,0000000000e-02, 7,2346000000e+03
 1500459900, 5,5000000000e+01, 2,4000000000e+01, 1,2000000000e+01, 5,0000000000e-02, 7,2335866667e+03
 1500460200, 5,5000000000e+01, 2,4000000000e+01, 1,2000000000e+01, 5,0000000000e-02, 7,2338133333e+03
 1500460500, 5,5000000000e+01, 2,4000000000e+01, 1,2000000000e+01, 5,0000000000e-02, 7,2347866667e+03
 1500460800, 5,6066666667e+01, 2,4426666667e+01, 1,2426666667e+01, 5,4000000000e-02, 7,2342266667e+03
 1500461100, 6,0200000000e+01, 2,6133333333e+01, 1,4106666667e+01, 5,0000000000e-02, 7,2339600000e+03
 1500461400, 7,5000000000e+01, 3,6000000000e+01, 2,2000000000e+01, 5,2133333333e-02, 7,2330266667e+03
 1500461700, 5,8733333333e+01, 2,6240000000e+01, 1,3866666667e+01, 5,3866666667e-02, 7,2338000000e+03
 1500462000, 5,5000000000e+01, 2,5226666667e+01, 1,2000000000e+01, 5,0000000000e-02, 7,2333866667e+03
 1500462300, 5,5000000000e+01, 2,5173333333e+01, 1,2000000000e+01, 5,0000000000e-02, 7,2340133333e+03
 1500462600, 5,5000000000e+01, 2,4000000000e+01, 1,2000000000e+01, 5,0000000000e-02, 7,2344100000e+03
 1500462900, 5,5000000000e+01, 2,4000000000e+01, 1,2000000000e+01, 5,0000000000e-02, 7,2349866667e+03
 1500463200, 5,5000000000e+01, 2,4000000000e+01, 1,2000000000e+01, 5,0000000000e-02, 7,2346133333e+03
 1500463500, 5,5000000000e+01, 2,4000000000e+01, 1,2000000000e+01, 5,0000000000e-02, 7,2349866667e+03
 1500463800, 5,5000000000e+01, 2,4000000000e+01, 1,2000000000e+01, 5,0000000000e-02, 7,2338000000e+03
 1500464100, 5,5000000000e+01, 2,4000000000e+01, 1,2000000000e+01, 5,0000000000e-02, 7,2336133333e+03
 1500464400, 5,5000000000e+01, 2,4000000000e+01, 1,2000000000e+01, 5,0000000000e-02, 7,2335866667e+03
 1500464700, 5,5000000000e+01, 2,4000000000e+01, 1,2000000000e+01, 5,0000000000e-02, 7,2336000000e+03
 1500465000, 5,5000000000e+01, 2,4000000000e+01, 1,2000000000e+01, 5,0000000000e-02, 7,2330133333e+03
 1500465300, 5,5000000000e+01, 2,4000000000e+01, 1,2000000000e+01, 5,0000000000e-02, 7,2338266667e+03
 1500465600, 5,5000000000e+01, 2,5226666667e+01, 1,2000000000e+01, 5,0000000000e-02, 7,2350133333e+03
 1500465900, 5,5000000000e+01, 2,5173333333e+01, 1,2000000000e+01, 5,0133333333e-02, 7,2348000000e+03
 1500466200, 8,8066666667e+01, 5,3440000000e+01, 1,5413333333e+01, 3,7866666667e-01, 1,2298186667e+04
 1500466500, 2,1040000000e+02, 1,6237333333e+02, 2,8053333333e+01, 3,8890666667e+00, 2,4133346667e+04
 1500466800, 2,4000000000e+02, 1,9000000000e+02, 3,2000000000e+01, 6,5301333333e+00, 1,4045813333e+04
 1500467100, 8,9533333333e+01, 5,6613333333e+01, 1,5733333333e+01, 5,1865333333e+00, 7,2337866667e+03
 1500467400, 5,5000000000e+01, 2,6000000000e+01, 1,2000000000e+01, 3,7868000000e+00, 7,2342000000e+03
 1500467700, 5,5000000000e+01, 2,6000000000e+01, 1,2000000000e+01, 2,7705333333e+00, 7,2342000000e+03
 1500468000, 5,5000000000e+01, 2,6000000000e+01, 1,2000000000e+01, 2,0136000000e+00, 7,2336133333e+03
 1500468300, 5,5000000000e+01, 2,5973333333e+01, 1,2000000000e+01, 1,4620000000e+00, 7,2340000000e+03
 1500468600, 5,5000000000e+01, 2,4000000000e+01, 1,2000000000e+01, 1,0758666667e+00, 7,2339866667e+03
 1500468900, 5,5000000000e+01, 2,4000000000e+01, 1,2000000000e+01, 7,9880000000e-01, 7,2344000000e+03
 1500469200, 5,5000000000e+01, 2,5226666667e+01, 1,2000000000e+01, 5,9186666667e-01, 7,2345866667e+03
 1500469500, 5,5000000000e+01, 2,5173333333e+01, 1,2000000000e+01, 4,4026666667e-01, 7,2344000000e+03
 1500469800, 5,5000000000e+01, 2,4426666667e+01, 1,2000000000e+01, 3,2880000000e-01, 7,2330000000e+03
 1500470100, 5,5000000000e+01, 2,6000000000e+01, 1,2000000000e+01, 2,5323333333e-01, 7,2330266667e+03
 1500470400, 5,5000000000e+01, 2,6000000000e+01, 1,2000000000e+01, 2,1360000000e-01, 7,2327733333e+03
 1500470700, 5,5000000000e+01, 2,6000000000e+01, 1,2000000000e+01, 1,6720000000e-01, 7,2322000000e+03
 1500471000, 5,5000000000e+01, 2,4773333333e+01, 1,2000000000e+01, 1,3200000000e-01, 7,2328133333e+03
 1500471300, 5,5000000000e+01, 2,4000000000e+01, 1,2000000000e+01, 1,1973333333e-01, 7,2334133333e+03
 1500471600, 5,5000000000e+01, 2,4426666667e+01, 1,2000000000e+01, 1,0186666667e-01, 7,2347866667e+03
 1500471900, 5,5000000000e+01, 2,5973333333e+01, 1,2000000000e+01, 9,5733333333e-02, 7,2344133333e+03
 1500472200, 5,5000000000e+01, 2,4000000000e+01, 1,2000000000e+01, 7,7733333333e-02, 7,2343866667e+03
 1500472500, 5,5000000000e+01, 2,4000000000e+01, 1,2000000000e+01, 5,7866666667e-02, 7,2342000000e+03
 1500472800, 5,5000000000e+01, 2,4000000000e+01, 1,2000000000e+01, 5,6133333333e-02, 7,2330000000e+03
 1500473100, 5,5000000000e+01, 2,4000000000e+01, 1,2000000000e+01, 6,8133333333e-02, 7,2329866667e+03
 1500473400, 5,5000000000e+01, 2,4426666667e+01, 1,2000000000e+01, 6,6000000000e-02, 7,2332133333e+03
 1500473700, 5,5000000000e+01, 2,6000000000e+01, 1,2000000000e+01, 6,9866666667e-02, 7,2335966667e+03
 1500474000, 5,5000000000e+01, 2,6000000000e+01, 1,2000000000e+01, 5,7866666667e-02, 7,2342400000e+03
 1500474300, 5,5000000000e+01, 2,4373333333e+01, 1,2000000000e+01, 5,0000000000e-02, 7,2343600000e+03
 1500474600, 5,5000000000e+01, 2,4000000000e+01, 1,2000000000e+01, 5,4100000000e-02, 7,2333833333e+03
 1500474900, 5,5000000000e+01, 2,4000000000e+01, 1,2000000000e+01, 5,5866666667e-02, 7,2342000000e+03
 1500475200, 5,6066666667e+01, 2,4853333333e+01, 1,2000000000e+01, 5,0000000000e-02, 7,2338133333e+03
 1500475500, 5,9933333333e+01, 2,7946666667e+01, 1,2000000000e+01, 5,0000000000e-02, 7,2339733333e+03
 1500475800, 5,5000000000e+01, 2,4000000000e+01, 1,2000000000e+01, 5,0000000000e-02, 7,2324133333e+03
 1500476100, 5,5000000000e+01, 2,5626666667e+01, 1,2000000000e+01, 5,0000000000e-02, 7,2330133333e+03
 1500476400, 5,5000000000e+01, 2,4773333333e+01, 1,2000000000e+01, 5,0000000000e-02, 7,2336133333e+03
 1500476700, 5,5000000000e+01, 2,4000000000e+01, 1,2000000000e+01, 5,0000000000e-02, 7,2341733333e+03
 1500477000, 5,5000000000e+01, 2,4000000000e+01, 1,2000000000e+01, 5,4266666667e-02, 7,2328000000e+03
 1500477300, 5,5000000000e+01, 2,4026666667e+01, 1,2000000000e+01, 5,5733333333e-02, 7,2336266667e+03
 1500477600, 5,5000000000e+01, 2,6000000000e+01, 1,2000000000e+01, 5,2000000000e-02, 7,2342133333e+03
 1500477900, 5,5000000000e+01, 2,4373333333e+01, 1,2000000000e+01, 5,0000000000e-02, 7,2349733333e+03
 1500478200, 5,5000000000e+01, 2,4000000000e+01, 1,2000000000e+01, 5,0000000000e-02, 7,2342133333e+03
 1500478500, 5,5000000000e+01, 2,4000000000e+01, 1,2000000000e+01, 5,0000000000e-02, 7,2336133333e+03
 1500478800, 5,5000000000e+01, 2,4000000000e+01, 1,2000000000e+01, 5,0000000000e-02, 7,2343866667e+03
 1500479100, 5,5000000000e+01, 2,4000000000e+01, 1,2000000000e+01, 5,0933333333e-02, 7,2340666667e+03
 1500479400, 5,5000000000e+01, 2,4000000000e+01, 1,2000000000e+01, 2,4400000000e-01, 7,2373600000e+03
 1500479700, 6,7200000000e+01, 3,0506666667e+01, 1,8506666667e+01, 5,0906666667e-01, 7,2362266667e+03
 1500480000, 6,6933333333e+01, 3,0773333333e+01, 1,8773333333e+01, 7,0766666667e-01, 7,2363933333e+03
 1500480300, 6,5000000000e+01, 3,0000000000e+01, 1,8000000000e+01, 8,1520000000e-01, 7,2390266667e+03
 1500480600, 6,6066666667e+01, 3,0426666667e+01, 1,8426666667e+01, 8,8853333333e-01, 7,2373866667e+03
 1500480900, 7,0000000000e+01, 3,2000000000e+01, 2,0000000000e+01, 9,3866666667e-01, 7,2364266667e+03
 1500481200, 7,0000000000e+01, 3,2000000000e+01, 2,0000000000e+01, 9,6613333333e-01, 7,2374000000e+03
 1500481500, 6,5933333333e+01, 3,0373333333e+01, 1,6746666667e+01, 9,7226666667e-01, 7,2385466667e+03
 1500481800, 5,8866666667e+01, 2,7546666667e+01, 1,3546666667e+01, 9,9426666667e-01, 7,2381866667e+03
 1500482100, 6,1200000000e+01, 2,8480000000e+01, 1,6133333333e+01, 1,0245333333e+00, 7,2363866667e+03
 1500482400, 7,0000000000e+01, 3,2000000000e+01, 2,1573333333e+01, 1,0500000000e+00, 7,2354000000e+03
 1500482700, 6,9933333333e+01, 3,1973333333e+01, 1,9946666667e+01, 1,0501333333e+00, 7,2370000000e+03
 1500483000, 6,5000000000e+01, 3,0000000000e+01, 1,6000000000e+01, 1,0558666667e+00, 7,2368133333e+03
 1500483300, 6,0933333333e+01, 3,0000000000e+01, 1,6000000000e+01, 1,0501333333e+00, 7,2369866667e+03
 1500483600, 5,6933333333e+01, 2,7546666667e+01, 1,3546666667e+01, 1,0620000000e+00, 7,2386133333e+03
 1500483900, 5,9133333333e+01, 2,8480000000e+01, 1,4480000000e+01, 1,0540000000e+00, 7,2384133333e+03
 1500484200, 6,3933333333e+01, 3,1146666667e+01, 1,7146666667e+01, 1,0538666667e+00, 7,2388000000e+03
 1500484500, 5,9933333333e+01, 2,7946666667e+01, 1,4000000000e+01, 1,0500000000e+00, 7,2379866667e+03
 1500484800, 5,5000000000e+01, 2,4000000000e+01, 1,4000000000e+01, 1,0520000000e+00, 7,2369866667e+03
 1500485100, 6,3133333333e+01, 2,8880000000e+01, 1,5626666667e+01, 1,0501333333e+00, 7,2368000000e+03
 1500485400, 5,8866666667e+01, 2,7546666667e+01, 1,3546666667e+01, 1,0580000000e+00, 7,2366133333e+03
 1500485700, 5,9133333333e+01, 2,7653333333e+01, 1,3653333333e+01, 1,0822666667e+00, 7,2382133333e+03
 1500486000, 6,5000000000e+01, 3,0000000000e+01, 1,6000000000e+01, 1,0861333333e+00, 7,2383866667e+03
 1500486300, 6,5000000000e+01, 3,0026666667e+01, 1,6026666667e+01, 1,0817333333e+00, 7,2388266667e+03
 1500486600, 6,5000000000e+01, 3,2000000000e+01, 1,8000000000e+01, 1,0638666667e+00, 7,2394000000e+03
 1500486900, 6,0933333333e+01, 2,8746666667e+01, 1,6373333333e+01, 1,0538666667e+00, 7,2401866667e+03
 1500487200, 6,3066666667e+01, 2,9226666667e+01, 1,7226666667e+01, 1,0581333333e+00, 7,2382000000e+03
 1500487500, 6,5000000000e+01, 3,0826666667e+01, 1,8000000000e+01, 1,0540000000e+00, 7,2378133333e+03
 1500487800, 6,5000000000e+01, 3,1573333333e+01, 1,7573333333e+01, 1,0580000000e+00, 7,2406533333e+03
 1500488100, 6,4866666667e+01, 2,9946666667e+01, 1,5973333333e+01, 1,0488000000e+00, 7,2388266667e+03
 1500488400, 5,5000000000e+01, 2,6000000000e+01, 1,4000000000e+01, 8,6066666667e-01, 7,2308000000e+03
 1500488700, 5,5000000000e+01, 2,6000000000e+01, 1,4000000000e+01, 6,3346666667e-01, 7,2307866667e+03
 1500489000, 5,5000000000e+01, 2,4773333333e+01, 1,2773333333e+01, 4,7640000000e-01, 7,2302266667e+03
 1500489300, 5,5000000000e+01, 2,4000000000e+01, 1,2000000000e+01, 3,6466666667e-01, 7,2310133333e+03
 1500489600, 5,5000000000e+01, 2,4000000000e+01, 1,2000000000e+01, 2,7493333333e-01, 7,2318000000e+03
 1500489900, 5,5000000000e+01, 2,4000000000e+01, 1,2000000000e+01, 2,1360000000e-01, 7,2329866667e+03
 1500490200, 5,5000000000e+01, 2,4000000000e+01, 1,2000000000e+01, 1,8333333333e-01, 7,2332133333e+03
 1500490500, 5,5000000000e+01, 2,4000000000e+01, 1,2000000000e+01, 1,3360000000e-01, 7,2324000000e+03
 1500490800, 5,5000000000e+01, 2,5226666667e+01, 1,2000000000e+01, 1,0573333333e-01, 7,2318000000e+03
 1500491100, 5,5000000000e+01, 2,6000000000e+01, 1,2000000000e+01, 1,0000000000e-01, 7,2320000000e+03
 1500491400, 5,5000000000e+01, 2,6000000000e+01, 1,2000000000e+01, 9,6000000000e-02, 7,2320133333e+03
 1500491700, 5,5000000000e+01, 2,5973333333e+01, 1,2000000000e+01, 8,7733333333e-02, 7,2328000000e+03
 1500492000, 5,5000000000e+01, 2,4000000000e+01, 1,2000000000e+01, 8,4133333333e-02, 7,2325733333e+03
 1500492300, 7,1266666667e+01, 3,0506666667e+01, 2,0133333333e+01, 8,7866666667e-02, 7,2326133333e+03
 1500492600, 6,2733333333e+01, 2,7093333333e+01, 1,5866666667e+01, 6,7600000000e-02, 7,2326000000e+03
 1500492900, 5,5000000000e+01, 2,4826666667e+01, 1,2000000000e+01, 5,2000000000e-02, 7,2320000000e+03
 1500493200, 5,5000000000e+01, 2,5573333333e+01, 1,2000000000e+01, 5,6000000000e-02, 7,2313866667e+03
 1500493500, 5,5000000000e+01, 2,4000000000e+01, 1,2000000000e+01, 5,0000000000e-02, 7,2308400000e+03
 1500493800, 5,5000000000e+01, 2,4000000000e+01, 1,2000000000e+01, 5,0000000000e-02, 7,2324000000e+03
 1500494100, 5,5000000000e+01, 2,5626666667e+01, 1,2000000000e+01, 5,0000000000e-02, 7,2324000000e+03
 1500494400, 6,7266666667e+01, 3,2133333333e+01, 1,9360000000e+01, 5,0000000000e-02, 7,2326266667e+03
 1500494700, 6,6733333333e+01, 3,1040000000e+01, 1,9040000000e+01, 5,0000000000e-02, 7,2331733333e+03
 1500495000, 5,5000000000e+01, 2,4426666667e+01, 1,2000000000e+01, 5,0000000000e-02, 7,2318133333e+03
 1500495300, 5,5000000000e+01, 2,6000000000e+01, 1,2000000000e+01, 5,0000000000e-02, 7,2320133333e+03
 1500495600, 5,5000000000e+01, 2,6000000000e+01, 1,2000000000e+01, 5,0000000000e-02, 7,2325866667e+03
 1500495900, 6,3133333333e+01, 2,9253333333e+01, 1,5253333333e+01, 5,0000000000e-02, 7,2320133333e+03
 1500496200, 5,8866666667e+01, 2,6320000000e+01, 1,3546666667e+01, 5,0000000000e-02, 7,2325200000e+03
 1500496500, 6,3266666667e+01, 2,7306666667e+01, 1,6133333333e+01, 5,0000000000e-02, 7,2310033333e+03
 1500496800, 7,0733333333e+01, 3,0293333333e+01, 1,9866666667e+01, 5,4000000000e-02, 7,2310133333e+03
 1500497100, 5,5000000000e+01, 2,4026666667e+01, 1,2000000000e+01, 5,0000000000e-02, 7,2312133333e+03
 1500497400, 5,5000000000e+01, 2,6000000000e+01, 1,2000000000e+01, 5,0000000000e-02, 7,2315866667e+03
 1500497700, 6,7200000000e+01, 3,2506666667e+01, 1,8506666667e+01, 5,4266666667e-02, 7,2318000000e+03
 1500498000, 6,0800000000e+01, 2,7866666667e+01, 1,5093333333e+01, 6,5866666667e-02, 7,2316000000e+03
 1500498300, 5,5000000000e+01, 2,4000000000e+01, 1,2000000000e+01, 5,8000000000e-02, 7,2317866667e+03
 1500498600, 5,5000000000e+01, 2,4426666667e+01, 1,2000000000e+01, 5,3866666667e-02, 7,2324133333e+03
 1500498900, 5,5000000000e+01, 2,6000000000e+01, 1,2000000000e+01, 5,0000000000e-02, 7,2320000000e+03
 1500499200, 5,5000000000e+01, 2,6000000000e+01, 1,2000000000e+01, 5,0000000000e-02, 7,2316000000e+03
 1500499500, 5,5000000000e+01, 2,6000000000e+01, 1,2000000000e+01, 5,0000000000e-02, 7,2310000000e+03
 1500499800, 5,5000000000e+01, 2,6000000000e+01, 1,2000000000e+01, 5,0000000000e-02, 7,2313866667e+03
 1500500100, 5,7066666667e+01, 2,7653333333e+01, 1,2000000000e+01, 5,0000000000e-02, 7,2316000000e+03
 1500500400, 5,8933333333e+01, 2,9146666667e+01, 1,2426666667e+01, 5,0000000000e-02, 7,2304133333e+03
 1500500700, 5,5000000000e+01, 2,6000000000e+01, 1,3973333333e+01, 5,0000000000e-02, 7,2309866667e+03
 1500501000, 5,5000000000e+01, 2,6000000000e+01, 1,2000000000e+01, 5,0000000000e-02, 7,2312000000e+03
 1500501300, 5,5000000000e+01, 2,4373333333e+01, 1,2000000000e+01, 5,0000000000e-02, 7,2318166667e+03
 1500501600, 5,5000000000e+01, 2,5226666667e+01, 1,2000000000e+01, 5,0000000000e-02, 7,2323866667e+03
 1500501900, 5,5000000000e+01, 2,5173333333e+01, 1,2000000000e+01, 5,0000000000e-02, 7,2322133333e+03
 1500502200, 5,5000000000e+01, 2,4426666667e+01, 1,2000000000e+01, 5,0000000000e-02, 7,2316000000e+03
 1500502500, 5,5000000000e+01, 2,6000000000e+01, 1,2000000000e+01, 5,0000000000e-02, 7,2312133333e+03
 1500502800, 5,5000000000e+01, 2,6000000000e+01, 1,2000000000e+01, 5,8000000000e-02, 7,2318000000e+03
 1500503100, 5,5000000000e+01, 2,4373333333e+01, 1,2000000000e+01, 5,0000000000e-02, 7,2320000000e+03
 1500503400, 5,5000000000e+01, 2,4000000000e+01, 1,2000000000e+01, 5,0000000000e-02, 7,2317866667e+03
 1500503700, 5,5000000000e+01, 2,4000000000e+01, 1,2000000000e+01, 5,4000000000e-02, 7,2316266667e+03
 1500504000, 5,5000000000e+01, 2,4426666667e+01, 1,2000000000e+01, 5,4133333333e-02, 7,2329866667e+03
 1500504300, 5,5000000000e+01, 2,5973333333e+01, 1,2000000000e+01, 5,6000000000e-02, 7,2336133333e+03
 1500504600, 5,5000000000e+01, 2,4000000000e+01, 1,2000000000e+01, 6,0000000000e-02, 7,2337866667e+03
 1500504900, 5,5000000000e+01, 2,5626666667e+01, 1,2000000000e+01, 5,3866666667e-02, 7,2339866667e+03
 1500505200, 5,5000000000e+01, 2,6000000000e+01, 1,2000000000e+01, 5,2000000000e-02, 7,2318000000e+03
 1500505500, 5,5000000000e+01, 2,5173333333e+01, 1,2000000000e+01, 5,0000000000e-02, 7,2324133333e+03
 1500505800, 5,5000000000e+01, 2,4426666667e+01, 1,2000000000e+01, 5,0000000000e-02, 7,2322133333e+03
 1500506100, 5,5000000000e+01, 2,5973333333e+01, 1,2000000000e+01, 5,0000000000e-02, 7,2321733333e+03
 1500506400, 5,5000000000e+01, 2,4000000000e+01, 1,2000000000e+01, 5,0000000000e-02, 7,2314133333e+03
 1500506700, 5,5000000000e+01, 2,4000000000e+01, 1,2000000000e+01, 5,0000000000e-02, 7,2326000000e+03
 1500507000, 5,5000000000e+01, 2,4000000000e+01, 1,2000000000e+01, 5,0000000000e-02, 7,2320000000e+03
 1500507300, 5,5000000000e+01, 2,4826666667e+01, 1,2000000000e+01, 5,2133333333e-02, 7,2326133333e+03
 1500507600, 5,5000000000e+01, 2,5573333333e+01, 1,2000000000e+01, 5,1866666667e-02, 7,2331866667e+03
 1500507900, 5,5000000000e+01, 2,4026666667e+01, 1,2000000000e+01, 5,0000000000e-02, 7,2312000000e+03
 1500508200, 5,5000000000e+01, 2,6000000000e+01, 1,2000000000e+01, 5,0000000000e-02, 7,2312000000e+03
 1500508500, 5,5000000000e+01, 2,6000000000e+01, 1,2000000000e+01, 5,0000000000e-02, 7,2314133333e+03
 1500508800, 5,5000000000e+01, 2,4773333333e+01, 1,2000000000e+01, 5,0000000000e-02, 7,2322000000e+03
 1500509100, 5,5000000000e+01, 2,4000000000e+01, 1,2000000000e+01, 5,0133333333e-02, 7,2318266667e+03
 1500509400, 5,5000000000e+01, 2,4000000000e+01, 1,2000000000e+01, 5,1866666667e-02, 7,2307666667e+03
 1500509700, 5,5000000000e+01, 2,4000000000e+01, 1,2000000000e+01, 5,0000000000e-02, 7,2312000000e+03
 1500510000, 5,5000000000e+01, 2,4000000000e+01, 1,2000000000e+01, 5,0000000000e-02, 7,2312266667e+03
 1500510300, 5,5000000000e+01, 2,5626666667e+01, 1,2000000000e+01, 5,8266666667e-02, 7,2322266667e+03
 1500510600, 5,5000000000e+01, 2,4773333333e+01, 1,2000000000e+01, 6,1866666667e-02, 7,2322000000e+03
 1500510900, 5,5000000000e+01, 2,4826666667e+01, 1,2000000000e+01, 6,1866666667e-02, 7,2321066667e+03
 1500511200, 5,5000000000e+01, 2,5573333333e+01, 1,2000000000e+01, 5,0000000000e-02, 7,2312000000e+03
 1500511500, 5,5000000000e+01, 2,4026666667e+01, 1,2000000000e+01, 5,4000000000e-02, 7,2314400000e+03
 1500511800, 5,5000000000e+01, 2,6000000000e+01, 1,2000000000e+01, 5,0000000000e-02, 7,2323733333e+03
 1500512100, 5,5000000000e+01, 2,6000000000e+01, 1,2000000000e+01, 5,0133333333e-02, 7,2322000000e+03
 1500512400, 5,5000000000e+01, 2,6000000000e+01, 1,2000000000e+01, 5,3866666667e-02, 7,2328266667e+03
 1500512700, 5,5000000000e+01, 2,6000000000e+01, 1,2000000000e+01, 5,0000000000e-02, 7,2330000000e+03
 1500513000, 5,5000000000e+01, 2,6000000000e+01, 1,2000000000e+01, 5,2133333333e-02, 7,2329733333e+03
 1500513300, 5,5000000000e+01, 2,5973333333e+01, 1,2000000000e+01, 5,1866666667e-02, 7,2332133333e+03
 1500513600, 5,5000000000e+01, 2,4000000000e+01, 1,2000000000e+01, 5,0000000000e-02, 7,2331866667e+03
 1500513900, 5,5000000000e+01, 2,5626666667e+01, 1,2000000000e+01, 5,0000000000e-02, 7,2322266667e+03
 1500514200, 5,5000000000e+01, 2,6000000000e+01, 1,2000000000e+01, 5,0000000000e-02, 7,2325866667e+03
 1500514500, 5,5000000000e+01, 2,6000000000e+01, 1,2000000000e+01, 5,0000000000e-02, 7,2324000000e+03
 1500514800, 5,5000000000e+01, 2,5573333333e+01, 1,2000000000e+01, 5,0000000000e-02, 7,2325733333e+03
 1500515100, 5,5000000000e+01, 2,4026666667e+01, 1,2000000000e+01, 5,0000000000e-02, 7,2326133333e+03
 1500515400, 5,5000000000e+01, 2,6000000000e+01, 1,2000000000e+01, 5,0000000000e-02, 7,2320133333e+03
 1500515700, 5,5000000000e+01, 2,6000000000e+01, 1,2000000000e+01, 5,0000000000e-02, 7,2323866667e+03
 1500516000, 5,5000000000e+01, 2,6000000000e+01, 1,2000000000e+01, 5,2133333333e-02, 7,2330266667e+03
 1500516300, 5,5000000000e+01, 2,5173333333e+01, 1,2000000000e+01, 5,5866666667e-02, 7,2331866667e+03
 1500516600, 5,5000000000e+01, 2,4426666667e+01, 1,2000000000e+01, 5,2000000000e-02, 7,2321866667e+03
 1500516900, 5,5000000000e+01, 2,5973333333e+01, 1,2000000000e+01, 5,0000000000e-02, 7,2316133333e+03
 1500517200, 5,5000000000e+01, 2,4000000000e+01, 1,2000000000e+01, 5,8000000000e-02, 7,2316000000e+03
 1500517500, 5,5000000000e+01, 2,5626666667e+01, 1,2000000000e+01, 5,2000000000e-02, 7,2322000000e+03
 1500517800, 5,5000000000e+01, 2,4773333333e+01, 1,2000000000e+01, 5,0000000000e-02, 7,2319866667e+03
 1500518100, 5,5000000000e+01, 2,4826666667e+01, 1,2000000000e+01, 5,0000000000e-02, 7,2322133333e+03
 1500518400, 5,5000000000e+01, 2,6000000000e+01, 1,2000000000e+01, 5,0000000000e-02, 7,2325866667e+03
 1500518700, 5,5000000000e+01, 2,6000000000e+01, 1,2000000000e+01, 5,0000000000e-02, 7,2330133333e+03
 1500519000, 5,5000000000e+01, 2,6000000000e+01, 1,2000000000e+01, 5,0000000000e-02, 7,2329866667e+03
 1500519300, 5,5000000000e+01, 2,6000000000e+01, 1,2000000000e+01, 5,0000000000e-02, 7,2324133333e+03
 1500519600, 5,5000000000e+01, 2,4773333333e+01, 1,2000000000e+01, 5,0000000000e-02, 7,2334000000e+03
 1500519900, 5,5000000000e+01, 2,4000000000e+01, 1,2000000000e+01, 5,0000000000e-02, 7,2322000000e+03
 1500520200, 5,5000000000e+01, 2,4000000000e+01, 1,2000000000e+01, 5,0000000000e-02, 7,2313866667e+03
 1500520500, 5,5000000000e+01, 2,4000000000e+01, 1,2000000000e+01, 5,0000000000e-02, 7,2314133333e+03
 1500520800, 5,5000000000e+01, 2,4000000000e+01, 1,2000000000e+01, 5,0000000000e-02, 7,2317866667e+03
 1500521100, 5,5000000000e+01, 2,4000000000e+01, 1,2000000000e+01, 5,0000000000e-02, 7,2316266667e+03
 1500521400, 5,5000000000e+01, 2,4000000000e+01, 1,2000000000e+01, 5,0000000000e-02, 7,2326133333e+03
 1500521700, 5,5000000000e+01, 2,4000000000e+01, 1,2000000000e+01, 5,0000000000e-02, 7,2323866667e+03
 1500522000, 5,5000000000e+01, 2,4426666667e+01, 1,2000000000e+01, 5,0000000000e-02, 7,2330000000e+03
 1500522300, 5,5066666667e+01, 2,6026666667e+01, 1,2026666667e+01, 5,2000000000e-02, 7,2328000000e+03
 1500522600, 6,0000000000e+01, 2,8000000000e+01, 1,4000000000e+01, 5,0000000000e-02, 7,2323866667e+03
 1500522900, 5,5933333333e+01, 2,4746666667e+01, 1,2373333333e+01, 5,4000000000e-02, 7,2318000000e+03
 1500523200, 5,5000000000e+01, 2,4000000000e+01, 1,2000000000e+01, 5,0000000000e-02, 7,2320266667e+03
 1500523500, 5,5000000000e+01, 2,4000000000e+01, 1,2000000000e+01, 5,0133333333e-02, 7,2318000000e+03
 1500523800, 5,5000000000e+01, 2,4426666667e+01, 1,2000000000e+01, 5,1866666667e-02, 7,2322133333e+03
 1500524100, 5,5000000000e+01, 2,5973333333e+01, 1,2000000000e+01, 5,0000000000e-02, 7,2336000000e+03
 1500524400, 5,5000000000e+01, 2,4000000000e+01, 1,2000000000e+01, 5,0000000000e-02, 7,2330000000e+03
 1500524700, 5,5000000000e+01, 2,5626666667e+01, 1,2000000000e+01, 5,2133333333e-02, 7,2330000000e+03
 1500525000, 5,5000000000e+01, 2,6000000000e+01, 1,2000000000e+01, 5,1866666667e-02, 7,2332133333e+03
 1500525300, 5,5000000000e+01, 2,5173333333e+01, 1,2000000000e+01, 5,4000000000e-02, 7,2324133333e+03
 1500525600, 5,5000000000e+01, 2,4426666667e+01, 1,2000000000e+01, 5,0000000000e-02, 7,2331333333e+03
 1500525900, 5,5000000000e+01, 2,5973333333e+01, 1,2000000000e+01, 5,0000000000e-02, 7,2327866667e+03
 1500526200, 5,5000000000e+01, 2,4000000000e+01, 1,2000000000e+01, 5,0000000000e-02, 7,2326000000e+03
 1500526500, 5,5000000000e+01, 2,4000000000e+01, 1,2000000000e+01, 5,0000000000e-02, 7,2318000000e+03
 1500526800, 5,5000000000e+01, 2,4000000000e+01, 1,2000000000e+01, 5,4000000000e-02, 7,2328133333e+03
 1500527100, 5,5000000000e+01, 2,4826666667e+01, 1,2000000000e+01, 5,0000000000e-02, 7,2328133333e+03
 1500527400, 5,5000000000e+01, 2,6000000000e+01, 1,2000000000e+01, 5,0000000000e-02, 7,2335866667e+03
 1500527700, 5,5000000000e+01, 2,6000000000e+01, 1,2000000000e+01, 5,0000000000e-02, 7,2325866667e+03
 1500528000, 5,5000000000e+01, 2,6000000000e+01, 1,2000000000e+01, 5,0000000000e-02, 7,2318000000e+03
 1500528300, 5,5000000000e+01, 2,6000000000e+01, 1,2000000000e+01, 5,0000000000e-02, 7,2324266667e+03
 1500528600, 5,5000000000e+01, 2,6000000000e+01, 1,2000000000e+01, 5,0000000000e-02, 7,2321733333e+03
 1500528900, 5,5000000000e+01, 2,6000000000e+01, 1,2000000000e+01, 5,0000000000e-02, 7,2322266667e+03
 1500529200, 5,5000000000e+01, 2,6000000000e+01, 1,2000000000e+01, 5,6266666667e-02, 7,2329866667e+03
 1500529500, 5,5000000000e+01, 2,6000000000e+01, 1,2000000000e+01, 7,2000000000e-02, 7,2332000000e+03
 1500529800, 5,5000000000e+01, 2,6000000000e+01, 1,2000000000e+01, 6,5733333333e-02, 7,2326000000e+03
 1500530100, 5,5000000000e+01, 2,6000000000e+01, 1,2000000000e+01, 5,0000000000e-02, 7,2330000000e+03
 1500530400, 5,5000000000e+01, 2,6000000000e+01, 1,2000000000e+01, 5,0000000000e-02, 7,2334133333e+03
 1500530700, 5,5000000000e+01, 2,5173333333e+01, 1,2000000000e+01, 5,0000000000e-02, 7,2335866667e+03
 1500531000, 5,5000000000e+01, 2,4000000000e+01, 1,2000000000e+01, 5,0000000000e-02, 7,2330000000e+03
 1500531300, 5,5000000000e+01, 2,4000000000e+01, 1,2000000000e+01, 5,2000000000e-02, 7,2338266667e+03
 1500531600, 5,5000000000e+01, 2,4000000000e+01, 1,2000000000e+01, 5,0000000000e-02, 7,2339866667e+03
 1500531900, 5,5000000000e+01, 2,4000000000e+01, 1,2000000000e+01, 5,0000000000e-02, 7,2338000000e+03
 1500532200, 5,5000000000e+01, 2,4000000000e+01, 1,2000000000e+01, 5,0000000000e-02, 7,2332000000e+03
 1500532500, 5,5000000000e+01, 2,4000000000e+01, 1,2000000000e+01, 5,0000000000e-02, 7,2339866667e+03
 1500532800, 5,5000000000e+01, 2,4000000000e+01, 1,2000000000e+01, 5,0000000000e-02, 7,2330000000e+03
 1500533100, 5,5000000000e+01, 2,4026666667e+01, 1,2000000000e+01, 5,0000000000e-02, 7,2332400000e+03
 1500533400, 5,5000000000e+01, 2,6000000000e+01, 1,2000000000e+01, 5,0000000000e-02, 7,2343733333e+03
 1500533700, 5,5000000000e+01, 2,4373333333e+01, 1,2000000000e+01, 5,0000000000e-02, 7,2337866667e+03
 1500534000, 5,5000000000e+01, 2,5226666667e+01, 1,2000000000e+01, 5,0000000000e-02, 7,2336100000e+03
 1500534300, 5,5000000000e+01, 2,5173333333e+01, 1,2000000000e+01, 5,0000000000e-02, 7,2334000000e+03
 1500534600, 5,5000000000e+01, 2,4426666667e+01, 1,2000000000e+01, 5,0000000000e-02, 7,2328266667e+03
 1500534900, 5,5000000000e+01, 2,6000000000e+01, 1,2000000000e+01, 5,0000000000e-02, 7,2337866667e+03
 1500535200, 5,5000000000e+01, 2,6000000000e+01, 1,2000000000e+01, 5,0133333333e-02, 7,2342000000e+03
 1500535500, 5,5000000000e+01, 2,4373333333e+01, 1,2000000000e+01, 7,2400000000e-02, 7,2336133333e+03
 1500535800, 5,5000000000e+01, 2,4000000000e+01, 1,2000000000e+01, 1,1240000000e-01, 7,2335866667e+03
 1500536100, 5,5000000000e+01, 2,4000000000e+01, 1,2000000000e+01, 1,2200000000e-01, 7,2338000000e+03
 1500536400, 5,5000000000e+01, 2,4426666667e+01, 1,2000000000e+01, 1,1186666667e-01, 7,2340133333e+03
 1500536700, 5,5000000000e+01, 2,6000000000e+01, 1,2000000000e+01, 1,0586666667e-01, 7,2339733333e+03
 1500537000, 5,5000000000e+01, 2,6000000000e+01, 1,2000000000e+01, 8,5733333333e-02, 7,2342133333e+03
 1500537300, 5,5000000000e+01, 2,4373333333e+01, 1,2000000000e+01, 7,1733333333e-02, 7,2326000000e+03
 1500537600, 5,5000000000e+01, 2,4000000000e+01, 1,2000000000e+01, 5,5866666667e-02, 7,2336133333e+03
 1500537900, 5,5000000000e+01, 2,4000000000e+01, 1,2000000000e+01, 5,0000000000e-02, 7,2337866667e+03
 1500538200, 5,5000000000e+01, 2,4000000000e+01, 1,2000000000e+01, 5,0000000000e-02, 7,2330400000e+03
 1500538500, 5,5000000000e+01, 2,4026666667e+01, 1,2000000000e+01, 5,0000000000e-02, 7,2339866667e+03
 1500538800, 5,5000000000e+01, 2,6000000000e+01, 1,2000000000e+01, 5,4133333333e-02, 7,2342000000e+03
 1500539100, 5,5000000000e+01, 2,4373333333e+01, 1,2000000000e+01, 5,1866666667e-02, 7,2338133333e+03
 1500539400, 5,5000000000e+01, 2,4000000000e+01, 1,2000000000e+01, 5,0000000000e-02, 7,2342000000e+03
 1500539700, 5,5000000000e+01, 2,4000000000e+01, 1,2000000000e+01, 5,0000000000e-02, 7,2350133333e+03
 1500540000, 5,5000000000e+01, 2,4000000000e+01, 1,2000000000e+01, 5,0000000000e-02, 7,2352133333e+03
 1500540300, 5,5000000000e+01, 2,4000000000e+01, 1,2000000000e+01, 5,0000000000e-02, 7,2343066667e+03
 1500540600, 5,5000000000e+01, 2,4000000000e+01, 1,2000000000e+01, 5,0000000000e-02, 7,2334133333e+03
 1500540900, 5,5000000000e+01, 2,4000000000e+01, 1,2000000000e+01, 5,0000000000e-02, 7,2334000000e+03
 1500541200, 5,5000000000e+01, 2,5226666667e+01, 1,2000000000e+01, 5,0000000000e-02, 7,2334000000e+03
 1500541500, 5,5000000000e+01, 2,5173333333e+01, 1,2000000000e+01, 5,2133333333e-02, 7,2336000000e+03
 1500541800, 5,5000000000e+01, 2,4426666667e+01, 1,2000000000e+01, 5,3866666667e-02, 7,2340133333e+03
 1500542100, 5,5000000000e+01, 2,5973333333e+01, 1,2000000000e+01, 5,2000000000e-02, 7,2346133333e+03
 1500542400, 5,5000000000e+01, 2,4000000000e+01, 1,2000000000e+01, 5,2133333333e-02, 7,2347733333e+03
 1500542700, 5,5000000000e+01, 2,4000000000e+01, 1,2000000000e+01, 5,1866666667e-02, 7,2340000000e+03
 1500543000, 5,8066666667e+01, 2,6453333333e+01, 1,3226666667e+01, 5,0000000000e-02, 7,2346266667e+03
 1500543300, 5,7933333333e+01, 2,6346666667e+01, 1,3173333333e+01, 5,0000000000e-02, 7,2335866667e+03
 1500543600, 5,5000000000e+01, 2,4426666667e+01, 1,2000000000e+01, 5,0000000000e-02, 7,2338000000e+03
 1500543900, 5,5000000000e+01, 2,6000000000e+01, 1,2000000000e+01, 5,0000000000e-02, 7,2348133333e+03
 1500544200, 5,5000000000e+01, 2,6000000000e+01, 1,2000000000e+01, 5,2000000000e-02, 7,2349733333e+03
 1500544500, 5,5000000000e+01, 2,4373333333e+01, 1,2000000000e+01, 5,0000000000e-02, 7,2344133333e+03
 1500544800, 5,5000000000e+01, 2,4000000000e+01, 1,2000000000e+01, 5,0000000000e-02, 7,2347866667e+03
 1500545100, 5,5000000000e+01, 2,4000000000e+01, 1,2000000000e+01, 5,0000000000e-02, 7,2348133333e+03
 1500545400, 5,5000000000e+01, 2,4000000000e+01, 1,2000000000e+01, 5,0000000000e-02, 7,2346000000e+03
 1500545700, 5,5000000000e+01, 2,4000000000e+01, 1,2000000000e+01, 5,0000000000e-02, 7,2356100000e+03
 1500546000, 5,5000000000e+01, 2,4000000000e+01, 1,2000000000e+01, 5,0000000000e-02, 7,2357600000e+03
 1500546300, 5,5000000000e+01, 2,4000000000e+01, 1,2000000000e+01, 5,0000000000e-02, 7,2332266667e+03
 1500546600, 5,5000000000e+01, 2,4000000000e+01, 1,2000000000e+01, 5,0000000000e-02, 7,2345866667e+03
 1500546900, 5,5000000000e+01, 2,4000000000e+01, 1,2000000000e+01, 5,0000000000e-02, 7,2340000000e+03
 1500547200, 5,5000000000e+01, 2,4426666667e+01, 1,2000000000e+01, 5,0000000000e-02, 7,2336000000e+03
 1500547500, 5,5000000000e+01, 2,5973333333e+01, 1,2000000000e+01, 5,0000000000e-02, 7,2346000000e+03
 1500547800, 5,5000000000e+01, 2,4000000000e+01, 1,2000000000e+01, 5,6133333333e-02, 7,2338000000e+03
 1500548100, 5,5000000000e+01, 2,4000000000e+01, 1,2000000000e+01, 6,1866666667e-02, 7,2344000000e+03
 1500548400, 5,5000000000e+01, 2,5226666667e+01, 1,2000000000e+01, 5,0000000000e-02, 7,2344133333e+03
 1500548700, 5,5000000000e+01, 2,5173333333e+01, 1,2000000000e+01, 5,0000000000e-02, 7,2345733333e+03
 1500549000, 5,5000000000e+01, 2,4000000000e+01, 1,2000000000e+01, 5,0000000000e-02, 7,2342000000e+03
 1500549300, 5,5066666667e+01, 2,4026666667e+01, 1,2026666667e+01, 5,2133333333e-02, 7,2328000000e+03
 1500549600, 6,0000000000e+01, 2,6000000000e+01, 1,4000000000e+01, 5,1866666667e-02, 7,2332266667e+03
 1500549900, 5,5933333333e+01, 2,6000000000e+01, 1,2373333333e+01, 5,0000000000e-02, 7,2339866667e+03
 1500550200, 5,5000000000e+01, 2,4773333333e+01, 1,2000000000e+01, 5,0000000000e-02, 7,2346133333e+03
 1500550500, 5,5000000000e+01, 2,4000000000e+01, 1,2000000000e+01, 5,0133333333e-02, 7,2345866667e+03
 1500550800, 5,5000000000e+01, 2,4000000000e+01, 1,2000000000e+01, 5,3866666667e-02, 7,2331733333e+03
 1500551100, 5,5000000000e+01, 2,4026666667e+01, 1,2000000000e+01, 5,2000000000e-02, 7,2334400000e+03
 1500551400, 5,5000000000e+01, 2,6000000000e+01, 1,2000000000e+01, 5,6000000000e-02, 7,2337733333e+03
 1500551700, 5,5000000000e+01, 2,4373333333e+01, 1,2000000000e+01, 5,0000000000e-02, 7,2337866667e+03
 1500552000, 5,5000000000e+01, 2,4000000000e+01, 1,2000000000e+01, 5,0000000000e-02, 7,2334133333e+03
 1500552300, 5,5000000000e+01, 2,4826666667e+01, 1,2000000000e+01, 5,0000000000e-02, 7,2332133333e+03
 1500552600, 5,5000000000e+01, 2,5573333333e+01, 1,2000000000e+01, 5,0000000000e-02, 7,2337866667e+03
 1500552900, 5,5000000000e+01, 2,4000000000e+01, 1,2000000000e+01, 5,0000000000e-02, 7,2326266667e+03
 1500553200, 5,5000000000e+01, 2,4000000000e+01, 1,2000000000e+01, 5,0000000000e-02, 7,2336000000e+03
 1500553500, 5,5000000000e+01, 2,4000000000e+01, 1,2000000000e+01, 5,0000000000e-02, 7,2338366667e+03
 1500553800, 5,5000000000e+01, 2,4000000000e+01, 1,2000000000e+01, 5,0000000000e-02, 7,2345866667e+03
 1500554100, 5,5000000000e+01, 2,4000000000e+01, 1,2000000000e+01, 6,0266666667e-02, 7,2342133333e+03
 1500554400, 5,5000000000e+01, 2,4000000000e+01, 1,2000000000e+01, 7,0000000000e-02, 7,2337866667e+03
 1500554700, 5,5000000000e+01, 2,4026666667e+01, 1,2000000000e+01, 7,2000000000e-02, 7,2340400000e+03
 1500555000, 5,5000000000e+01, 2,6000000000e+01, 1,2000000000e+01, 6,3866666667e-02, 7,2351200000e+03
 1500555300, 5,5000000000e+01, 2,4373333333e+01, 1,2000000000e+01, 5,5866666667e-02, 7,2335866667e+03
 1500555600, 6,1133333333e+01, 2,7680000000e+01, 1,5680000000e+01, 5,0000000000e-02, 7,2332000000e+03
 1500555900, 6,5000000000e+01, 3,1640000000e+01, 1,5540000000e+01, 5,0000000000e-02, 7,2342133333e+03
 1500556200, 6,5000000000e+01, 3,3146666667e+01, 1,2426666667e+01, 5,0000000000e-02, 7,2348066667e+03
 1500556500, 6,4866666667e+01, 2,9946666667e+01, 1,3973333333e+01, 5,0000000000e-02, 7,2346033333e+03
 1500556800, 5,5000000000e+01, 2,6000000000e+01, 1,2000000000e+01, 5,0000000000e-02, 7,2339733333e+03
 1500557100, 5,5000000000e+01, 2,6000000000e+01, 1,2000000000e+01, 5,0000000000e-02, 7,2334133333e+03
 1500557400, 5,5000000000e+01, 2,4773333333e+01, 1,2000000000e+01, 5,0000000000e-02, 7,2346000000e+03
 1500557700, 5,5000000000e+01, 2,4000000000e+01, 1,2000000000e+01, 5,0000000000e-02, 7,2348133333e+03
 1500558000, 5,5000000000e+01, 2,4000000000e+01, 1,2000000000e+01, 5,2000000000e-02, 7,2358000000e+03
 1500558300, 5,5000000000e+01, 2,4000000000e+01, 1,2000000000e+01, 5,0000000000e-02, 7,2335866667e+03
 1500558600, 5,5000000000e+01, 2,4000000000e+01, 1,2000000000e+01, 5,0000000000e-02, 7,2332000000e+03
 1500558900, 5,5000000000e+01, 2,4000000000e+01, 1,2000000000e+01, 5,0000000000e-02, 7,2334133333e+03
 1500559200, 5,5000000000e+01, 2,4000000000e+01, 1,2000000000e+01, 5,0000000000e-02, 7,2341866667e+03
 1500559500, 5,5000000000e+01, 2,4000000000e+01, 1,2000000000e+01, 5,0000000000e-02, 7,2340000000e+03
 1500559800, 5,9266666667e+01, 2,5706666667e+01, 1,4133333333e+01, 5,0000000000e-02, 7,2340266667e+03
 1500560100, 7,4733333333e+01, 3,1893333333e+01, 2,1866666667e+01, 5,0000000000e-02, 7,2351866667e+03
 1500560400, 5,5000000000e+01, 2,4000000000e+01, 1,2000000000e+01, 5,6133333333e-02, 7,2351866667e+03
 1500560700, 5,5000000000e+01, 2,4000000000e+01, 1,2000000000e+01, 6,2266666667e-02, 7,2348133333e+03
 1500561000, 5,5000000000e+01, 2,5226666667e+01, 1,2000000000e+01, 8,4000000000e-02, 7,2338000000e+03
 1500561300, 5,5000000000e+01, 2,6000000000e+01, 1,2000000000e+01, 8,4000000000e-02, 7,2339866667e+03
 1500561600, 5,5000000000e+01, 2,6000000000e+01, 1,2000000000e+01, 7,7733333333e-02, 7,2338000000e+03
 1500561900, 5,5000000000e+01, 2,6000000000e+01, 1,2000000000e+01, 6,0133333333e-02, 7,2334133333e+03
 1500562200, 5,5000000000e+01, 2,6000000000e+01, 1,2000000000e+01, 6,1733333333e-02, 7,2346133333e+03
 1500562500, 5,5000000000e+01, 2,6000000000e+01, 1,2000000000e+01, 5,0000000000e-02, 7,2342000000e+03
 1500562800, 5,5000000000e+01, 2,6000000000e+01, 1,2000000000e+01, 5,0000000000e-02, 7,2347400000e+03
 1500563100, 6,3266666667e+01, 2,9306666667e+01, 1,6960000000e+01, 5,0000000000e-02, 7,2338266667e+03
 1500563400, 7,0733333333e+01, 3,1866666667e+01, 2,1866666667e+01, 5,0000000000e-02, 7,2344000000e+03
 1500563700, 5,5000000000e+01, 2,4000000000e+01, 1,3973333333e+01, 5,0000000000e-02, 7,2346000000e+03
 1500564000, 5,5000000000e+01, 2,4000000000e+01, 1,2000000000e+01, 5,0000000000e-02, 7,2338000000e+03
 1500564300, 5,5000000000e+01, 2,4000000000e+01, 1,2000000000e+01, 5,0000000000e-02, 7,2333733333e+03
 1500564600, 5,5000000000e+01, 2,4000000000e+01, 1,2000000000e+01, 5,0000000000e-02, 7,2332133333e+03
 1500564900, 5,5000000000e+01, 2,4000000000e+01, 1,2000000000e+01, 2,1773333333e-01, 7,4307200000e+03
 1500565200, 9,8733333333e+01, 6,0693333333e+01, 1,8826666667e+01, 3,4188000000e+00, 1,0314600000e+04
 1500565500, 2,5966666667e+02, 1,9586666667e+02, 4,3786666667e+01, 6,8778666667e+00, 1,0313880000e+04
 1500565800, 2,3500000000e+02, 1,8600000000e+02, 2,8000000000e+01, 9,4773333333e+00, 1,0165946667e+04
 1500566100, 2,2686666667e+02, 1,8274666667e+02, 2,6373333333e+01, 1,1449333333e+01, 1,0323986667e+04
 1500566400, 2,3113333333e+02, 1,8568000000e+02, 2,7226666667e+01, 1,2861733333e+01, 1,0336306667e+04
 1500566700, 2,2673333333e+02, 1,8056000000e+02, 2,7173333333e+01, 1,3953200000e+01, 1,2347093333e+04
 1500567000, 1,8726666667e+02, 1,4354666667e+02, 2,5573333333e+01, 1,4720400000e+01, 1,2209413333e+04
 1500567300, 8,6666666667e+01, 4,7546666667e+01, 2,4026666667e+01, 1,5310600000e+01, 1,0140793333e+04
 1500567600, 2,1000000000e+02, 1,6200000000e+02, 2,6000000000e+01, 1,5669866667e+01, 1,0461080000e+04
 1500567900, 2,1000000000e+02, 1,6200000000e+02, 2,6000000000e+01, 1,5944533333e+01, 1,0309973333e+04
 1500568200, 2,3146666667e+02, 1,7672000000e+02, 3,3360000000e+01, 1,6122533333e+01, 1,4400600000e+04
 1500568500, 2,3466666667e+02, 1,8021333333e+02, 3,3040000000e+01, 1,6227833333e+01, 1,0366630000e+04
 1500568800, 2,1893333333e+02, 1,7114666667e+02, 2,6426666667e+01, 1,6318133333e+01, 1,0010000000e+04
 1500569100, 2,1473333333e+02, 1,6776000000e+02, 2,7973333333e+01, 1,6356666667e+01, 1,0416960000e+04
 1500569400, 1,9500000000e+02, 1,5000000000e+02, 2,6000000000e+01, 1,6422400000e+01, 1,0242066667e+04
 1500569700, 2,1533333333e+02, 1,6952000000e+02, 2,6000000000e+01, 1,6482400000e+01, 8,9453733333e+03
 1500570000, 2,4453333333e+02, 1,8872000000e+02, 3,7040000000e+01, 1,6359333333e+01, 1,0315813333e+04
 1500570300, 2,6000000000e+02, 1,9717333333e+02, 4,4000000000e+01, 1,6350666667e+01, 1,0175200000e+04
 1500570600, 2,5893333333e+02, 1,9514666667e+02, 4,3573333333e+01, 1,6460400000e+01, 1,2639160000e+04
 1500570900, 2,5460000000e+02, 1,9186666667e+02, 4,1786666667e+01, 1,6496000000e+01, 1,0049800000e+04
 1500571200, 2,2500000000e+02, 1,8200000000e+02, 2,6000000000e+01, 1,6576666667e+01, 1,2439640000e+04
 1500571500, 2,2093333333e+02, 1,7549333333e+02, 2,6000000000e+01, 1,6656400000e+01, 1,2496826667e+04
 1500571800, 2,2920000000e+02, 1,8258666667e+02, 2,7226666667e+01, 1,6689466667e+01, 1,0336973333e+04
 1500572100, 2,3086666667e+02, 1,8552000000e+02, 2,7173333333e+01, 1,6255600000e+01, 1,0020626667e+04
 1500572400, 2,2606666667e+02, 1,8285333333e+02, 2,6000000000e+01, 1,6331866667e+01, 1,2497986667e+04
 1500572700, 2,3033333333e+02, 1,8608000000e+02, 2,6240000000e+01, 1,6475333333e+01, 1,3660200000e+04
 1500573000, 2,5500000000e+02, 1,9200000000e+02, 4,4000000000e+01, 1,6450533333e+01, 1,0417546667e+04
 1500573300, 2,5500000000e+02, 1,9200000000e+02, 4,2373333333e+01, 1,6504400000e+01, 1,0318720000e+04
 1500573600, 2,4580000000e+02, 1,8586666667e+02, 4,2000000000e+01, 1,6441466667e+01, 1,2170746667e+04
 1500573900, 2,4826666667e+02, 1,8778666667e+02, 4,2826666667e+01, 1,6433333333e+01, 1,0318186667e+04
 1500574200, 2,2053333333e+02, 1,6186666667e+02, 3,8880000000e+01, 1,6516400000e+01, 1,0014200000e+04
 1500574500, 7,6733333333e+01, 3,7680000000e+01, 2,0080000000e+01, 1,6578800000e+01, 1,2491213333e+04
 1500574800, 2,0500000000e+02, 1,6200000000e+02, 2,6000000000e+01, 1,6504266667e+01, 1,0462466667e+04
 1500575100, 2,0500000000e+02, 1,6200000000e+02, 2,6000000000e+01, 1,6538000000e+01, 1,0022160000e+04
 1500575400, 2,0806666667e+02, 1,6322666667e+02, 2,6000000000e+01, 1,6632933333e+01, 1,2498426667e+04
 1500575700, 2,1000000000e+02, 1,5738666667e+02, 3,2613333333e+01, 1,6647333333e+01, 1,0322760000e+04
 1500576000, 2,1853333333e+02, 1,5653333333e+02, 4,2000000000e+01, 1,6620666667e+01, 1,2212186667e+04
 1500576300, 2,4986666667e+02, 1,8794666667e+02, 4,1946666667e+01, 1,6584800000e+01, 1,0309733333e+04
 1500576600, 2,4000000000e+02, 1,8400000000e+02, 3,8000000000e+01, 1,6631600000e+01, 8,1471600000e+03
 1500576900, 2,2780000000e+02, 1,7586666667e+02, 3,3120000000e+01, 1,6684400000e+01, 1,0308920000e+04
 1500577200, 2,3420000000e+02, 1,8013333333e+02, 3,5680000000e+01, 1,6728533333e+01, 1,2228186667e+04
 1500577500, 1,7800000000e+02, 1,2861333333e+02, 3,1386666667e+01, 1,6717333333e+01, 1,0125013333e+04
 1500577800, 9,1066666667e+01, 5,0853333333e+01, 2,2853333333e+01, 1,6726266667e+01, 1,0318786667e+04
 1500578100, 9,7200000000e+01, 5,5866666667e+01, 2,6240000000e+01, 1,6783466667e+01, 1,4691400000e+04
 1500578400, 2,6000000000e+02, 1,9400000000e+02, 4,4000000000e+01, 1,6757066667e+01, 1,0025426667e+04
 1500578700, 2,3153333333e+02, 1,8261333333e+02, 2,9360000000e+01, 1,6774266667e+01, 1,0330600000e+04
 1500579000, 2,1886666667e+02, 1,6896000000e+02, 3,0906666667e+01, 1,6802400000e+01, 1,2496173333e+04
 1500579300, 2,1293333333e+02, 1,6365333333e+02, 3,1520000000e+01, 1,6826933333e+01, 1,0317080000e+04
 1500579600, 2,1853333333e+02, 1,7154666667e+02, 3,0986666667e+01, 1,6665466667e+01, 1,2481586667e+04
 1500579900, 2,5006666667e+02, 1,9200000000e+02, 4,2026666667e+01, 1,6506266667e+01, 1,2632640000e+04
 1500580200, 2,5500000000e+02, 1,9200000000e+02, 4,4000000000e+01, 1,6378400000e+01, 1,0016386667e+04
 1500580500, 2,3060000000e+02, 1,8386666667e+02, 2,9360000000e+01, 1,6280933333e+01, 1,0307986667e+04
 1500580800, 2,2193333333e+02, 1,7832000000e+02, 2,6000000000e+01, 1,6209333333e+01, 1,0308786667e+04
 1500581100, 2,3446666667e+02, 1,8261333333e+02, 3,2613333333e+01, 1,6130666667e+01, 1,2483413333e+04
 1500581400, 2,5073333333e+02, 1,9114666667e+02, 3,9013333333e+01, 1,6042800000e+01, 1,0308040000e+04
 1500581700, 2,3500000000e+02, 1,8800000000e+02, 2,8000000000e+01, 1,5961200000e+01, 1,0309173333e+04
 1500582000, 2,3500000000e+02, 1,8800000000e+02, 2,8000000000e+01, 1,5925333333e+01, 1,2485800000e+04
 1500582300, 2,1873333333e+02, 1,7498666667e+02, 2,6373333333e+01, 1,5877600000e+01, 1,0309200000e+04
 1500582600, 2,1806666667e+02, 1,7322666667e+02, 2,6000000000e+01, 1,5851600000e+01, 1,0155413333e+04
 1500582900, 2,2413333333e+02, 1,7813333333e+02, 2,6000000000e+01, 1,5843733333e+01, 1,0315573333e+04
 1500583200, 2,3000000000e+02, 1,8357333333e+02, 2,6000000000e+01, 1,5819733333e+01, 1,0311920000e+04
 1500583500, 2,2986666667e+02, 1,8186666667e+02, 2,6080000000e+01, 1,5800800000e+01, 1,0452786667e+04
 1500583800, 2,2000000000e+02, 1,7200000000e+02, 3,2000000000e+01, 1,5862533333e+01, 1,0310960000e+04
 1500584100, 2,3626666667e+02, 1,8013333333e+02, 3,8506666667e+01, 1,5839866667e+01, 1,0304080000e+04
 1500584400, 2,0933333333e+02, 1,5992000000e+02, 3,2640000000e+01, 1,5880400000e+01, 1,0192653333e+04
 1500584700, 2,0240000000e+02, 1,5922666667e+02, 2,7173333333e+01, 1,5865600000e+01, 1,1290080000e+04
 1500585000, 2,2213333333e+02, 1,7928000000e+02, 2,6426666667e+01, 1,5837600000e+01, 1,0309293333e+04
 1500585300, 2,3006666667e+02, 1,8405333333e+02, 2,8000000000e+01, 1,5842133333e+01, 1,2481053333e+04
 1500585600, 2,3500000000e+02, 1,8800000000e+02, 2,8000000000e+01, 1,5866533333e+01, 1,2484760000e+04
 1500585900, 2,3093333333e+02, 1,8474666667e+02, 2,6373333333e+01, 1,5906400000e+01, 1,0309013333e+04
 1500586200, 2,3306666667e+02, 1,8645333333e+02, 2,7226666667e+01, 1,5935333333e+01, 1,2439800000e+04
 1500586500, 2,3086666667e+02, 1,8386666667e+02, 2,7173333333e+01, 1,5883333333e+01, 1,0310120000e+04
 1500586800, 2,2606666667e+02, 1,7885333333e+02, 2,6000000000e+01, 1,5846666667e+01, 8,2895866667e+03
 1500587100, 2,3000000000e+02, 1,8200000000e+02, 2,6000000000e+01, 1,5884533333e+01, 1,0310146667e+04
 1500587400, 2,3000000000e+02, 1,8200000000e+02, 2,6000000000e+01, 1,5865466667e+01, 1,0010746667e+04
 1500587700, 2,3000000000e+02, 1,8200000000e+02, 2,6000000000e+01, 1,5842133333e+01, 7,9828266667e+03
 1500588000, 2,4226666667e+02, 1,8813333333e+02, 3,5813333333e+01, 1,5851600000e+01, 1,0312133333e+04
 1500588300, 2,5206666667e+02, 1,9200000000e+02, 4,2000000000e+01, 1,5837600000e+01, 1,0321613333e+04
 1500588600, 2,3580000000e+02, 1,7706666667e+02, 3,8586666667e+01, 1,5813866667e+01, 1,0154040000e+04
 1500588900, 1,6573333333e+02, 1,2266666667e+02, 2,6000000000e+01, 1,5813733333e+01, 1,0313973333e+04
 1500589200, 2,2000000000e+02, 1,7200000000e+02, 2,6000000000e+01, 1,5793733333e+01, 1,0155813333e+04
 1500589500, 2,2406666667e+02, 1,7850666667e+02, 2,6000000000e+01, 1,5802933333e+01, 1,0454453333e+04
 1500589800, 2,2500000000e+02, 1,8122666667e+02, 2,6000000000e+01, 1,5803733333e+01, 1,0311600000e+04
 1500590100, 2,2913333333e+02, 1,8448000000e+02, 2,6826666667e+01, 1,5803866667e+01, 1,2338946667e+04
 1500590400, 2,3500000000e+02, 1,8800000000e+02, 2,8000000000e+01, 1,5785833333e+01, 1,0309826667e+04
 1500590700, 2,3493333333e+02, 1,8794666667e+02, 2,7973333333e+01, 1,5822800000e+01, 1,2361786667e+04
 1500591000, 2,3000000000e+02, 1,8400000000e+02, 2,6000000000e+01, 1,5841466667e+01, 1,0159400000e+04
 1500591300, 2,2593333333e+02, 1,8237333333e+02, 2,6000000000e+01, 1,5829733333e+01, 1,0309773333e+04
 1500591600, 2,3113333333e+02, 1,8568000000e+02, 2,7226666667e+01, 1,5836000000e+01, 1,2485413333e+04
 1500591900, 2,2880000000e+02, 1,8386666667e+02, 2,7173333333e+01, 1,5822800000e+01, 1,0300186667e+04
 1500592200, 2,2106666667e+02, 1,7800000000e+02, 2,6000000000e+01, 1,5834133333e+01, 8,1155733333e+03
 1500592500, 2,2506666667e+02, 1,7808000000e+02, 2,6000000000e+01, 1,5706133333e+01, 1,0011040000e+04
 1500592800, 2,3000000000e+02, 1,8400000000e+02, 2,6000000000e+01, 1,5704133333e+01, 7,9804000000e+03
 1500593100, 2,2593333333e+02, 1,8237333333e+02, 2,6000000000e+01, 1,5781333333e+01, 1,2484813333e+04
 1500593400, 2,2500000000e+02, 1,8200000000e+02, 2,6000000000e+01, 1,5833866667e+01, 1,0158986667e+04
 1500593700, 2,2500000000e+02, 1,8200000000e+02, 2,6000000000e+01, 1,5860800000e+01, 1,0311813333e+04
 1500594000, 2,2393333333e+02, 1,7858666667e+02, 2,7706666667e+01, 1,5887466667e+01, 1,0160806667e+04
 1500594300, 2,2046666667e+02, 1,6634666667e+02, 3,4106666667e+01, 1,5865466667e+01, 1,0310160000e+04
 1500594600, 2,5500000000e+02, 1,9200000000e+02, 4,2000000000e+01, 1,5840933333e+01, 1,0454813333e+04
 1500594900, 2,5500000000e+02, 1,9362666667e+02, 4,2000000000e+01, 1,5898533333e+01, 1,0311133333e+04
 1500595200, 2,3353333333e+02, 1,8173333333e+02, 3,2186666667e+01, 1,5875600000e+01, 1,0309960000e+04
 1500595500, 2,1793333333e+02, 1,7317333333e+02, 2,6000000000e+01, 1,5845733333e+01, 1,0307600000e+04
 1500595800, 2,1603333333e+02, 1,7241333333e+02, 2,6000000000e+01, 1,5825733333e+01, 1,0011353333e+04
 1500596100, 2,1833333333e+02, 1,7237333333e+02, 2,5973333333e+01, 1,4897033333e+01, 9,7649133333e+03
 1500596400, 9,5000000000e+01, 5,2000000000e+01, 2,4000000000e+01, 1,2596000000e+01, 8,1162666667e+03
 1500596700, 2,2513333333e+02, 1,6586666667e+02, 3,8640000000e+01, 1,3404000000e+01, 1,0311306667e+04
 1500597000, 2,5193333333e+02, 1,9077333333e+02, 4,2000000000e+01, 1,4053200000e+01, 9,9875333333e+03
 1500597300, 2,4380000000e+02, 1,8917333333e+02, 3,6213333333e+01, 1,4541200000e+01, 1,0308400000e+04
 1500597600, 2,3286666667e+02, 1,8672000000e+02, 2,7573333333e+01, 1,4891600000e+01, 1,1358813333e+04
 1500597900, 2,2503333333e+02, 1,8202000000e+02, 2,6006666667e+01, 1,5148466667e+01, 1,0309366667e+04
 1500598200, 2,3500000000e+02, 1,8800000000e+02, 2,8000000000e+01, 1,5364266667e+01, 1,4808013333e+04
 1500598500, 2,1873333333e+02, 1,6034666667e+02, 4,1013333333e+01, 1,5554133333e+01, 8,1387733333e+03
 1500598800, 1,9353333333e+02, 1,4418666667e+02, 3,2960000000e+01, 1,4505066667e+01, 9,4444800000e+03
 1500599100, 1,2833333333e+02, 9,1706666667e+01, 2,0213333333e+01, 1,0806533333e+01, 7,2335600000e+03
 1500599400, 5,5000000000e+01, 2,6000000000e+01, 1,2000000000e+01, 7,8187333333e+00, 7,2311966667e+03
 1500599700, 5,5000000000e+01, 2,6000000000e+01, 1,2000000000e+01, 5,6924000000e+00, 7,2306133333e+03
 1500600000, 5,5000000000e+01, 2,6000000000e+01, 1,2000000000e+01, 4,1286666667e+00, 7,2315333333e+03
 1500600300, 5,5000000000e+01, 2,6000000000e+01, 1,3626666667e+01, 2,9957333333e+00, 7,2315866667e+03
 1500600600, 5,5000000000e+01, 2,4773333333e+01, 1,2773333333e+01, 2,1839666667e+00, 7,2308133333e+03
 1500600900, 5,5000000000e+01, 2,4000000000e+01, 1,2000000000e+01, 1,5953333333e+00, 7,2310133333e+03
 1500601200, 5,5000000000e+01, 2,4000000000e+01, 1,2000000000e+01, 1,1693333333e+00, 7,2315866667e+03
 1500601500, 5,5000000000e+01, 2,4026666667e+01, 1,2000000000e+01, 8,5253333333e-01, 7,2316133333e+03
 1500601800, 5,5000000000e+01, 2,6000000000e+01, 1,2000000000e+01, 6,2960000000e-01, 7,2321866667e+03
 1500602100, 5,5000000000e+01, 2,4373333333e+01, 1,2000000000e+01, 4,7450000000e-01, 7,2316133333e+03
 1500602400, 5,5000000000e+01, 2,4000000000e+01, 1,2000000000e+01, 3,6053333333e-01, 7,2313866667e+03
 1500602700, 5,5000000000e+01, 2,4000000000e+01, 1,2000000000e+01, 2,7093333333e-01, 7,2316400000e+03
 1500603000, 5,5000000000e+01, 2,4000000000e+01, 1,2000000000e+01, 1,9933333333e-01, 7,2314133333e+03
 1500603300, 5,5000000000e+01, 2,4000000000e+01, 1,2000000000e+01, 1,5546666667e-01, 7,2309866667e+03
 1500603600, 5,5000000000e+01, 2,4000000000e+01, 1,2000000000e+01, 1,2173333333e-01, 7,2303733333e+03
 1500603900, 5,5000000000e+01, 2,4000000000e+01, 1,2000000000e+01, 9,5600000000e-02, 7,2304266667e+03
 1500604200, 5,5000000000e+01, 2,4000000000e+01, 1,2000000000e+01, 9,4400000000e-02, 7,2314000000e+03
 1500604500, 5,5000000000e+01, 2,4000000000e+01, 1,2000000000e+01, 1,1400000000e-01, 7,2312133333e+03
 1500604800, 5,5000000000e+01, 2,4000000000e+01, 1,2000000000e+01, 1,0586666667e-01, 7,2317866667e+03
 1500605100, 5,5000000000e+01, 2,4026666667e+01, 1,2000000000e+01, 8,9733333333e-02, 7,2310133333e+03
 1500605400, 5,5000000000e+01, 2,6000000000e+01, 1,2000000000e+01, 6,7733333333e-02, 7,2317866667e+03
 1500605700, 5,5000000000e+01, 2,4373333333e+01, 1,2000000000e+01, 6,1933333333e-02, 7,2318000000e+03
 1500606000, 5,5000000000e+01, 2,4000000000e+01, 1,3226666667e+01, 5,0000000000e-02, 7,2328000000e+03
 1500606300, 5,5000000000e+01, 2,4000000000e+01, 1,3173333333e+01, 5,4000000000e-02, 7,2310133333e+03
 1500606600, 5,5000000000e+01, 2,4000000000e+01, 1,2000000000e+01, 5,0000000000e-02, 7,2313933333e+03
 1500606900, 5,5000000000e+01, 2,4000000000e+01, 1,2000000000e+01, 5,0000000000e-02, 7,2311866667e+03
 1500607200, 5,5000000000e+01, 2,4000000000e+01, 1,2000000000e+01, 5,0000000000e-02, 7,2316400000e+03
 1500607500, 5,5000000000e+01, 2,4000000000e+01, 1,2000000000e+01, 5,0000000000e-02, 7,2323866667e+03
 1500607800, 5,5000000000e+01, 2,4000000000e+01, 1,2000000000e+01, 5,0000000000e-02, 7,2315933333e+03
 1500608100, 5,5000000000e+01, 2,4000000000e+01, 1,2000000000e+01, 5,0000000000e-02, 7,2325866667e+03
 1500608400, 5,5000000000e+01, 2,4000000000e+01, 1,2000000000e+01, 5,0000000000e-02, 7,2328133333e+03
 1500608700, 5,5000000000e+01, 2,4000000000e+01, 1,2000000000e+01, 5,0000000000e-02, 7,2334266667e+03
 1500609000, 5,5000000000e+01, 2,4000000000e+01, 1,2000000000e+01, 5,0000000000e-02, 7,2333866667e+03
 1500609300, 5,5000000000e+01, 2,4000000000e+01, 1,2000000000e+01, 5,0000000000e-02, 7,2326133333e+03
 1500609600, 5,5000000000e+01, 2,4000000000e+01, 1,2000000000e+01, 5,0000000000e-02, 7,2327733333e+03
 1500609900, 5,5000000000e+01, 2,4826666667e+01, 1,2000000000e+01, 5,0000000000e-02, 7,2322133333e+03
 1500610200, 5,5000000000e+01, 2,6000000000e+01, 1,2000000000e+01, 5,0133333333e-02, 7,2326000000e+03
 1500610500, 5,5000000000e+01, 2,5973333333e+01, 1,2000000000e+01, 7,0133333333e-02, 7,2334000000e+03
 1500610800, 5,5000000000e+01, 2,4000000000e+01, 1,2000000000e+01, 7,2133333333e-02, 7,2330000000e+03
 1500611100, 5,5000000000e+01, 2,5626666667e+01, 1,2000000000e+01, 8,8266666667e-02, 7,2328000000e+03
 1500611400, 5,5000000000e+01, 2,4773333333e+01, 1,2000000000e+01, 9,1733333333e-02, 7,2333733333e+03
 1500611700, 5,5000000000e+01, 2,4826666667e+01, 1,2000000000e+01, 7,5866666667e-02, 7,2324000000e+03
 1500612000, 5,5000000000e+01, 2,5573333333e+01, 1,2000000000e+01, 5,9866666667e-02, 7,2314133333e+03
 1500612300, 5,5000000000e+01, 2,4000000000e+01, 1,2000000000e+01, 5,4000000000e-02, 7,2316133333e+03
 1500612600, 5,5000000000e+01, 2,4000000000e+01, 1,2000000000e+01, 5,3866666667e-02, 7,2320000000e+03
 1500612900, 5,5000000000e+01, 2,4000000000e+01, 1,2000000000e+01, 5,0000000000e-02, 7,2323866667e+03
 1500613200, 5,5000000000e+01, 2,5226666667e+01, 1,2000000000e+01, 5,0000000000e-02, 7,2314266667e+03
 1500613500, 5,5000000000e+01, 2,6000000000e+01, 1,2000000000e+01, 5,0000000000e-02, 7,2316000000e+03
 1500613800, 5,5000000000e+01, 2,6000000000e+01, 1,2000000000e+01, 5,0000000000e-02, 7,2311900000e+03
 1500614100, 5,5000000000e+01, 2,6000000000e+01, 1,2000000000e+01, 5,0000000000e-02, 7,2318400000e+03
 1500614400, 5,5000000000e+01, 2,6000000000e+01, 1,2000000000e+01, 5,0000000000e-02, 7,2326000000e+03
 1500614700, 5,9066666667e+01, 2,7626666667e+01, 1,3626666667e+01, 5,0000000000e-02, 7,2332133333e+03
 1500615000, 5,6933333333e+01, 2,5546666667e+01, 1,2773333333e+01, 5,0000000000e-02, 7,2325333333e+03
 1500615300, 5,5000000000e+01, 2,4000000000e+01, 1,2000000000e+01, 5,0000000000e-02, 7,2303733333e+03
 1500615600, 5,5000000000e+01, 2,4000000000e+01, 1,2000000000e+01, 5,0000000000e-02, 7,2310266667e+03
 1500615900, 5,5000000000e+01, 2,4000000000e+01, 1,2000000000e+01, 5,0000000000e-02, 7,2319866667e+03
 1500616200, 5,5000000000e+01, 2,4000000000e+01, 1,2000000000e+01, 5,0000000000e-02, 7,2314000000e+03
 1500616500, 6,3133333333e+01, 2,5626666667e+01, 1,8506666667e+01, 5,0133333333e-02, 7,2314000000e+03
 1500616800, 5,8866666667e+01, 2,6000000000e+01, 1,5093333333e+01, 6,8133333333e-02, 7,2324133333e+03
 1500617100, 5,5000000000e+01, 2,5173333333e+01, 1,2000000000e+01, 7,6000000000e-02, 7,2322000000e+03
 1500617400, 5,5000000000e+01, 2,4426666667e+01, 1,2000000000e+01, 7,0000000000e-02, 7,2324000000e+03
 1500617700, 5,5000000000e+01, 2,5973333333e+01, 1,2000000000e+01, 5,9733333333e-02, 7,2322000000e+03
 1500618000, 5,5000000000e+01, 2,4000000000e+01, 1,2000000000e+01, 5,0000000000e-02, 7,2315866667e+03
 1500618300, 5,5000000000e+01, 2,5626666667e+01, 1,2000000000e+01, 5,2000000000e-02, 7,2316000000e+03
 1500618600, 5,5000000000e+01, 2,6000000000e+01, 1,2000000000e+01, 5,0000000000e-02, 7,2318000000e+03
 1500618900, 5,5000000000e+01, 2,5173333333e+01, 1,2000000000e+01, 5,0000000000e-02, 7,2324266667e+03
 1500619200, 5,5000000000e+01, 2,4000000000e+01, 1,2000000000e+01, 5,8266666667e-02, 7,2325733333e+03
 1500619500, 5,5000000000e+01, 2,4000000000e+01, 1,2000000000e+01, 6,1866666667e-02, 7,2324266667e+03
 1500619800, 5,5000000000e+01, 2,4000000000e+01, 1,2000000000e+01, 5,5866666667e-02, 7,2330000000e+03
 1500620100, 5,5000000000e+01, 2,4000000000e+01, 1,2000000000e+01, 5,0000000000e-02, 7,2335866667e+03
 1500620400, 5,5000000000e+01, 2,4000000000e+01, 1,2000000000e+01, 5,0000000000e-02, 7,2332000000e+03
 1500620700, 5,5000000000e+01, 2,4000000000e+01, 1,2000000000e+01, 5,0000000000e-02, 7,2333866667e+03
 1500621000, 5,5000000000e+01, 2,4426666667e+01, 1,2000000000e+01, 5,2000000000e-02, 7,2320000000e+03
 1500621300, 5,5000000000e+01, 2,5973333333e+01, 1,2026666667e+01, 5,0000000000e-02, 7,2310133333e+03
 1500621600, 5,5000000000e+01, 2,4000000000e+01, 1,4000000000e+01, 5,0133333333e-02, 7,2323866667e+03
 1500621900, 5,5000000000e+01, 2,4000000000e+01, 1,2373333333e+01, 5,1866666667e-02, 7,2322133333e+03
 1500622200, 5,5000000000e+01, 2,4000000000e+01, 1,2000000000e+01, 5,0000000000e-02, 7,2328000000e+03
 1500622500, 5,5000000000e+01, 2,4000000000e+01, 1,2000000000e+01, 5,0000000000e-02, 7,2324133333e+03
 1500622800, 5,5000000000e+01, 2,4000000000e+01, 1,2000000000e+01, 5,2133333333e-02, 7,2324000000e+03
 1500623100, 5,5000000000e+01, 2,4000000000e+01, 1,2000000000e+01, 5,8133333333e-02, 7,2328000000e+03
 1500623400, 5,5000000000e+01, 2,4000000000e+01, -nan, 6,6000000000e-02, 7,2333866667e+03
 1500623700, 5,5000000000e+01, 2,4000000000e+01, -nan, 8,2266666667e-02, 7,2320000000e+03
 1500624000, 5,5000000000e+01, 2,5226666667e+01, -nan, 8,9733333333e-02, 7,2320000000e+03
 1500624300, 5,5000000000e+01, 2,5173333333e+01, -nan, 6,1733333333e-02, 7,2322000000e+03
 1500624600, 5,5000000000e+01, 2,4426666667e+01, -nan, 5,0000000000e-02, 7,2321866667e+03
 1500624900, -nan, 2,6000000000e+01, -nan, 5,0000000000e-02, -nan
 1500625200, -nan, 2,6000000000e+01, -nan, 5,0000000000e-02, -nan
 1500625500, -nan, -nan, -nan, 5,0000000000e-02, -nan
 1500625800, -nan, -nan, -nan, 5,0000000000e-02, -nan
 1500626100, -nan, -nan, -nan, -nan, -nan
 1500626400, -nan, -nan, -nan, -nan, -nan
 1500626700, -nan, -nan, -nan, -nan, -nan
 1500627000, -nan, -nan, -nan, -nan, -nan
 1500627300, -nan, -nan, -nan, -nan, -nan
