 Time, ttl_pwr, cpu_pwr, mem_pwr, cpu_load, mem_load
 1500620520, 5,5000000000e+01, 2,6000000000e+01, 1,0000000000e+01, 5,0000000000e-02, 7,3737500000e+03
 1500620580, 5,5000000000e+01, 2,6000000000e+01, 1,0000000000e+01, 5,0000000000e-02, 7,3726666667e+03
 1500620640, 5,5000000000e+01, 2,6000000000e+01, 1,0000000000e+01, 5,0000000000e-02, 7,3704166667e+03
 1500620700, 5,5000000000e+01, 2,6000000000e+01, 1,0000000000e+01, 5,0000000000e-02, 7,3705833333e+03
 1500620760, 5,5000000000e+01, 2,6000000000e+01, 1,0000000000e+01, 5,0000000000e-02, 7,3710000000e+03
 1500620820, 5,5000000000e+01, 2,6000000000e+01, 1,0000000000e+01, 5,0000000000e-02, 7,3704166667e+03
 1500620880, 5,5000000000e+01, 2,6000000000e+01, 1,0000000000e+01, 5,0000000000e-02, 7,3711666667e+03
 1500620940, 5,5000000000e+01, 2,6000000000e+01, 1,0000000000e+01, 5,0000000000e-02, 7,3708333333e+03
 1500621000, 5,5000000000e+01, 2,6000000000e+01, 1,0000000000e+01, 5,0000000000e-02, 7,3705833333e+03
 1500621060, 5,5000000000e+01, 2,6000000000e+01, 1,0000000000e+01, 5,0000000000e-02, 7,3710000000e+03
 1500621120, 5,5000000000e+01, 2,6000000000e+01, 1,0000000000e+01, 5,0000000000e-02, 7,3710000000e+03
 1500621180, 5,5000000000e+01, 2,6000000000e+01, 1,0000000000e+01, 5,0000000000e-02, 7,3721666667e+03
 1500621240, 5,5000000000e+01, 2,6000000000e+01, 1,0000000000e+01, 5,0000000000e-02, 7,3724166667e+03
 1500621300, 5,5000000000e+01, 2,6000000000e+01, 1,0000000000e+01, 5,0000000000e-02, 7,3720000000e+03
 1500621360, 5,5000000000e+01, 2,6000000000e+01, 1,0000000000e+01, 5,0000000000e-02, 7,3714166667e+03
 1500621420, 5,5000000000e+01, -nan, 1,0000000000e+01, 5,0000000000e-02, 7,3710000000e+03
 1500621480, 5,5000000000e+01, -nan, 1,0000000000e+01, 5,0000000000e-02, 7,3721666667e+03
 1500621540, 5,5000000000e+01, -nan, 1,0000000000e+01, 5,0000000000e-02, 7,3724166667e+03
 1500621600, 5,5000000000e+01, -nan, 1,0000000000e+01, 5,0000000000e-02, 7,3708333333e+03
 1500621660, 5,5000000000e+01, -nan, 1,0000000000e+01, 5,0000000000e-02, 7,3711666667e+03
 1500621720, 5,5000000000e+01, -nan, 1,0000000000e+01, 5,0000000000e-02, 7,3708333333e+03
 1500621780, 5,5000000000e+01, -nan, 1,0000000000e+01, 5,0000000000e-02, 7,3711666667e+03
 1500621840, 5,5000000000e+01, -nan, 1,0000000000e+01, 5,0000000000e-02, 7,3708333333e+03
 1500621900, 5,5000000000e+01, -nan, 1,0000000000e+01, 5,0000000000e-02, 7,3705833333e+03
 1500621960, 5,5000000000e+01, -nan, 1,0000000000e+01, 5,0000000000e-02, 7,3715833333e+03
 1500622020, 5,5000000000e+01, -nan, 1,0000000000e+01, 5,0000000000e-02, 7,3708333333e+03
 1500622080, 5,5000000000e+01, -nan, 1,0000000000e+01, 5,5833333333e-02, 7,3711666667e+03
 1500622140, 5,5000000000e+01, -nan, 1,0000000000e+01, 6,0000000000e-02, 7,3720000000e+03
 1500622200, 5,5000000000e+01, -nan, -nan, 5,4166666667e-02, 7,3714166667e+03
 1500622260, 5,5000000000e+01, -nan, -nan, 5,0000000000e-02, 7,3710000000e+03
 1500622320, 5,5000000000e+01, -nan, -nan, 5,0000000000e-02, 7,3710000000e+03
 1500622380, 5,5000000000e+01, -nan, -nan, 5,0000000000e-02, 7,3727500000e+03
 1500622440, 5,5000000000e+01, -nan, -nan, 5,0000000000e-02, 7,3722500000e+03
 1500622500, 5,5000000000e+01, -nan, -nan, 5,0000000000e-02, 7,3710000000e+03
 1500622560, 5,5000000000e+01, -nan, -nan, 5,0000000000e-02, 7,3715833333e+03
 1500622620, 5,5000000000e+01, -nan, -nan, 5,0000000000e-02, -nan
 1500622680, 5,5000000000e+01, -nan, -nan, 5,0000000000e-02, -nan
 1500622740, 5,5000000000e+01, -nan, -nan, 5,0000000000e-02, -nan
 1500622800, 5,5000000000e+01, -nan, -nan, 5,0000000000e-02, -nan
 1500622860, 5,5000000000e+01, -nan, -nan, 5,0000000000e-02, -nan
 1500622920, 5,5000000000e+01, -nan, -nan, 5,0000000000e-02, -nan
 1500622980, 5,5000000000e+01, -nan, -nan, 5,0000000000e-02, -nan
 1500623040, 5,5000000000e+01, -nan, -nan, 5,0000000000e-02, -nan
 1500623100, 5,5000000000e+01, -nan, -nan, 5,0000000000e-02, -nan
 1500623160, 5,5000000000e+01, -nan, -nan, 5,0000000000e-02, -nan
 1500623220, 5,5000000000e+01, -nan, -nan, 5,0000000000e-02, -nan
 1500623280, 5,5000000000e+01, -nan, -nan, 5,0000000000e-02, -nan
 1500623340, 5,5000000000e+01, -nan, -nan, 5,0000000000e-02, -nan
 1500623400, 5,5000000000e+01, -nan, -nan, 5,0000000000e-02, -nan
 1500623460, 5,5000000000e+01, -nan, -nan, 5,0000000000e-02, -nan
 1500623520, 5,5000000000e+01, -nan, -nan, 5,0000000000e-02, -nan
 1500623580, 5,5000000000e+01, -nan, -nan, 5,0000000000e-02, -nan
 1500623640, 5,5000000000e+01, -nan, -nan, -nan, -nan
 1500623700, 5,5000000000e+01, -nan, -nan, -nan, -nan
 1500623760, 5,2083333333e+01, -nan, -nan, -nan, -nan
 1500623820, 5,0000000000e+01, -nan, -nan, -nan, -nan
 1500623880, 5,0000000000e+01, -nan, -nan, -nan, -nan
 1500623940, 5,0000000000e+01, -nan, -nan, -nan, -nan
 1500624000, -nan, -nan, -nan, -nan, -nan
 1500624060, -nan, -nan, -nan, -nan, -nan
 1500624120, -nan, -nan, -nan, -nan, -nan
