 Time, ttl_pwr, cpu_pwr, mem_pwr, cpu_load, mem_load
 1500448500, 4.5000000000e+01, 2.2000000000e+01, 1.0000000000e+01, 7.6500000000e-02, 8.9126166667e+03
 1500448800, 4.5000000000e+01, 2.2000000000e+01, 1.0000000000e+01, 8.1666666667e-02, 8.9128333333e+03
 1500449100, 4.5000000000e+01, 2.2000000000e+01, 1.0000000000e+01, 6.6000000000e-02, 8.9131500000e+03
 1500449400, 4.5000000000e+01, 2.2000000000e+01, 1.0000000000e+01, 7.3833333333e-02, 8.9116333333e+03
 1500449700, 4.5000000000e+01, 2.2000000000e+01, 1.0000000000e+01, 5.5833333333e-02, 8.9125833333e+03
 1500450000, 4.5000000000e+01, 2.2000000000e+01, 1.0000000000e+01, 5.0000000000e-02, 8.9128166667e+03
 1500450300, 4.5000000000e+01, 2.2000000000e+01, 1.0000000000e+01, 5.0000000000e-02, 8.9123833333e+03
 1500450600, 4.5000000000e+01, 2.2000000000e+01, 1.0000000000e+01, 5.0000000000e-02, 8.9123666667e+03
 1500450900, 4.5000000000e+01, 2.2000000000e+01, 1.0000000000e+01, 5.0000000000e-02, 8.9118333333e+03
 1500451200, 4.5000000000e+01, 2.2000000000e+01, 1.0000000000e+01, 5.0000000000e-02, 8.9136166667e+03
 1500451500, 4.5000000000e+01, 2.2000000000e+01, 1.0000000000e+01, 5.0000000000e-02, 8.9144000000e+03
 1500451800, 4.7083333333e+01, 2.3666666667e+01, 1.0000000000e+01, 5.0000000000e-02, 8.9140000000e+03
 1500452100, 4.8916666667e+01, 2.5133333333e+01, 1.0000000000e+01, 5.2000000000e-02, 8.9142000000e+03
 1500452400, 4.5000000000e+01, 2.2000000000e+01, 1.0000000000e+01, 5.2166666667e-02, 8.9130000000e+03
 1500452700, 4.5000000000e+01, 2.2000000000e+01, 1.0000000000e+01, 5.2166666667e-02, 8.9126000000e+03
 1500453000, 4.9083333333e+01, 2.3633333333e+01, 1.0000000000e+01, 6.3666666667e-02, 8.9127833333e+03
 1500453300, 4.6916666667e+01, 2.2766666667e+01, 1.0000000000e+01, 5.0000000000e-02, 8.9118166667e+03
 1500453600, 4.5000000000e+01, 2.2000000000e+01, 1.0000000000e+01, 5.0000000000e-02, 8.9115833333e+03
 1500453900, 4.5000000000e+01, 2.2000000000e+01, 9.5666666667e+00, 5.0000000000e-02, 8.9118000000e+03
 1500454200, 4.5000000000e+01, 2.2000000000e+01, 8.0333333333e+00, 5.2000000000e-02, 8.9132000000e+03
 1500454500, 4.5000000000e+01, 2.2000000000e+01, 1.0000000000e+01, 5.0333333333e-02, 8.9117833333e+03
 1500454800, 4.5000000000e+01, 2.2000000000e+01, 1.0000000000e+01, 7.1833333333e-02, 8.9132000000e+03
 1500455100, 4.5000000000e+01, 2.2000000000e+01, 1.0000000000e+01, 5.5833333333e-02, 8.9116166667e+03
 1500455400, 4.5000000000e+01, 2.2000000000e+01, 1.0000000000e+01, 5.0000000000e-02, 8.9132333333e+03
 1500455700, 4.5000000000e+01, 2.2000000000e+01, 1.0000000000e+01, 5.0000000000e-02, 8.9127666667e+03
 1500456000, 4.5000000000e+01, 2.2000000000e+01, 1.0000000000e+01, 5.2166666667e-02, 8.9126166667e+03
 1500456300, 4.5000000000e+01, 2.2000000000e+01, 1.0000000000e+01, 5.1833333333e-02, 8.9173833333e+03
 1500456600, 4.5000000000e+01, 2.2000000000e+01, 1.0000000000e+01, 5.0000000000e-02, 8.9128166667e+03
 1500456900, 4.5000000000e+01, 2.2000000000e+01, 8.7666666667e+00, 5.2033333333e-02, 8.9132266667e+03
 1500457200, 4.5000000000e+01, 2.2000000000e+01, 8.8333333333e+00, 5.4000000000e-02, 8.9152666667e+03
 1500457500, 4.5000000000e+01, 2.2000000000e+01, 1.0000000000e+01, 5.0000000000e-02, 8.9212166667e+03
 1500457800, 4.5083333333e+01, 2.2000000000e+01, 1.0033333333e+01, 5.0000000000e-02, 8.9194166667e+03
 1500458100, 5.0000000000e+01, 2.2000000000e+01, 1.2000000000e+01, 5.0000000000e-02, 8.9152833333e+03
 1500458400, 4.5916666667e+01, 2.2000000000e+01, 1.0366666667e+01, 5.0000000000e-02, 8.9140333333e+03
 1500458700, 4.5000000000e+01, 2.2000000000e+01, 1.0000000000e+01, 5.0000000000e-02, 8.9155666667e+03
 1500459000, 4.5000000000e+01, 2.2000000000e+01, 1.0000000000e+01, 5.4166666667e-02, 8.9128333333e+03
 1500459300, 4.6083333333e+01, 2.2000000000e+01, 1.0000000000e+01, 5.7833333333e-02, 8.9156166667e+03
 1500459600, 5.0083333333e+01, 2.2066666667e+01, 1.0033333333e+01, 5.0000000000e-02, 8.9136166667e+03
 1500459900, 5.5000000000e+01, 2.6000000000e+01, 1.2000000000e+01, 5.0000000000e-02, 8.9152333333e+03
 1500460200, 4.6833333333e+01, 2.2733333333e+01, 1.0366666667e+01, 5.2000000000e-02, 8.9155666667e+03
 1500460500, 5.4250000000e+01, 2.5700000000e+01, 1.4933333333e+01, 5.0000000000e-02, 8.9144500000e+03
 1500460800, 5.5833333333e+01, 2.6333333333e+01, 1.5500000000e+01, 5.8166666667e-02, 8.9191333333e+03
 1500461100, 4.8916666667e+01, 2.3566666667e+01, 1.1566666667e+01, 5.8000000000e-02, 8.9162000000e+03
 1500461400, 4.5000000000e+01, 2.2000000000e+01, 1.0000000000e+01, 6.4000000000e-02, 8.9162000000e+03
 1500461700, 4.5000000000e+01, 2.2000000000e+01, 1.0000000000e+01, 5.1833333333e-02, 8.9164000000e+03
 1500462000, 4.5000000000e+01, 2.2000000000e+01, 1.0000000000e+01, 5.0000000000e-02, 8.9153500000e+03
 1500462300, 5.7333333333e+01, 2.8166666667e+01, 1.4933333333e+01, 5.0000000000e-02, 8.9138000000e+03
 1500462600, 5.6733333333e+01, 2.7866666667e+01, 1.4693333333e+01, 5.0000000000e-02, 8.9139666667e+03
 1500462900, 4.5000000000e+01, 2.2000000000e+01, 1.0000000000e+01, 5.2000000000e-02, 8.9142500000e+03
 1500463200, 4.5000000000e+01, 2.2000000000e+01, 1.0000000000e+01, 5.0000000000e-02, 8.9150000000e+03
 1500463500, 4.5000000000e+01, 2.2000000000e+01, 1.0000000000e+01, 5.4000000000e-02, 8.9147833333e+03
 1500463800, 4.5000000000e+01, 2.2000000000e+01, 1.0000000000e+01, 5.0000000000e-02, 8.9162333333e+03
 1500464100, 4.5000000000e+01, 2.2000000000e+01, 1.0000000000e+01, 5.0000000000e-02, 8.9154000000e+03
 1500464400, 4.5000000000e+01, 2.2000000000e+01, 1.0000000000e+01, 5.6000000000e-02, 8.9147833333e+03
 1500464700, 4.5000000000e+01, 2.2000000000e+01, 1.0000000000e+01, 5.0000000000e-02, 8.9152333333e+03
 1500465000, 4.5000000000e+01, 2.2000000000e+01, 1.0000000000e+01, 5.0000000000e-02, 8.9149833333e+03
 1500465300, 4.5000000000e+01, 2.2000000000e+01, 1.0000000000e+01, 5.4166666667e-02, 8.9147666667e+03
 1500465600, 4.5000000000e+01, 2.2000000000e+01, 1.0000000000e+01, 5.5833333333e-02, 8.9142333333e+03
 1500465900, 4.5000000000e+01, 2.2000000000e+01, 1.0000000000e+01, 5.0000000000e-02, 8.9156000000e+03
 1500466200, 4.7083333333e+01, 2.3666666667e+01, 1.0833333333e+01, 5.0000000000e-02, 8.9164000000e+03
 1500466500, 4.8916666667e+01, 2.5133333333e+01, 1.1566666667e+01, 5.0000000000e-02, 8.9166000000e+03
 1500466800, 4.5000000000e+01, 2.2000000000e+01, 1.0000000000e+01, 5.8166666667e-02, 8.9157833333e+03
 1500467100, 4.5000000000e+01, 2.2000000000e+01, 1.0000000000e+01, 7.2333333333e-02, 8.9144000000e+03
 1500467400, 4.5000000000e+01, 2.2000000000e+01, 1.0000000000e+01, 8.2166666667e-02, 8.9148166667e+03
 1500467700, 5.4250000000e+01, 2.5700000000e+01, 1.3700000000e+01, 7.7666666667e-02, 8.9153833333e+03
 1500468000, 5.3750000000e+01, 2.5500000000e+01, 1.3500000000e+01, 7.2000000000e-02, 8.9148000000e+03
 1500468300, 4.5000000000e+01, 2.2000000000e+01, 1.0000000000e+01, 5.9666666667e-02, 8.9148333333e+03
 1500468600, 4.5000000000e+01, 2.2000000000e+01, 1.0000000000e+01, 5.0000000000e-02, 8.9159666667e+03
 1500468900, 4.5000000000e+01, 2.2000000000e+01, 1.0000000000e+01, 5.0000000000e-02, 8.9162166667e+03
 1500469200, 4.5000000000e+01, 2.2000000000e+01, 1.0000000000e+01, 5.0000000000e-02, 8.9162333333e+03
 1500469500, 4.5000000000e+01, 2.2000000000e+01, 1.0000000000e+01, 5.0000000000e-02, 8.9175666667e+03
 1500469800, 4.5000000000e+01, 2.2000000000e+01, 1.0000000000e+01, 5.4166666667e-02, 8.9154333333e+03
 1500470100, 4.5000000000e+01, 2.2000000000e+01, 1.0000000000e+01, 5.1833333333e-02, 8.9153666667e+03
 1500470400, 4.5166666667e+01, 2.2033333333e+01, 1.0133333333e+01, 5.2000000000e-02, 8.9151833333e+03
 1500470700, 5.5000000000e+01, 2.4000000000e+01, 1.8000000000e+01, 5.0000000000e-02, 8.9150333333e+03
 1500471000, 4.6833333333e+01, 2.2366666667e+01, 1.1466666667e+01, 5.0000000000e-02, 8.9156000000e+03
 1500471300, 4.5000000000e+01, 2.2000000000e+01, 1.0000000000e+01, 5.0166666667e-02, 8.9164000000e+03
 1500471600, 4.7083333333e+01, 2.2000000000e+01, 1.0000000000e+01, 6.0000000000e-02, 8.9164166667e+03
 1500471900, 4.8916666667e+01, 2.2000000000e+01, 1.0000000000e+01, 5.7833333333e-02, 8.9163500000e+03
 1500472200, 4.5083333333e+01, 2.2000000000e+01, 1.0033333333e+01, 5.4333333333e-02, 8.9154333333e+03
 1500472500, 5.0000000000e+01, 2.2000000000e+01, 1.2000000000e+01, 5.5666666667e-02, 8.9164000000e+03
 1500472800, 5.0000000000e+01, 2.2000000000e+01, 1.0366666667e+01, 5.0000000000e-02, 8.9156000000e+03
 1500473100, 5.0000000000e+01, 2.2000000000e+01, 1.1233333333e+01, 5.4166666667e-02, 8.9158333333e+03
 1500473400, 4.7916666667e+01, 2.2000000000e+01, 1.1166666667e+01, 5.3833333333e-02, 8.9165833333e+03
 1500473700, 4.6083333333e+01, 2.2000000000e+01, 1.0000000000e+01, 5.0000000000e-02, 8.9156000000e+03
 1500474000, 4.9916666667e+01, 2.2000000000e+01, 1.0000000000e+01, 5.0000000000e-02, 8.9156166667e+03
 1500474300, 4.5000000000e+01, 2.2000000000e+01, 1.0000000000e+01, 5.0000000000e-02, 8.9158000000e+03
 1500474600, 4.9083333333e+01, 2.2000000000e+01, 1.0000000000e+01, 5.0000000000e-02, 8.9168166667e+03
 1500474900, 4.6916666667e+01, 2.2000000000e+01, 1.0000000000e+01, 5.0000000000e-02, 8.9166166667e+03
 1500475200, 4.5000000000e+01, 2.2000000000e+01, 1.0000000000e+01, 5.0000000000e-02, 8.9176166667e+03
 1500475500, 4.5000000000e+01, 2.2000000000e+01, 1.0000000000e+01, 5.0000000000e-02, 8.9176500000e+03
 1500475800, 4.5000000000e+01, 2.2000000000e+01, 1.0000000000e+01, 5.0000000000e-02, 8.9182666667e+03
 1500476100, 4.5000000000e+01, 2.2000000000e+01, 1.0000000000e+01, 5.2000000000e-02, 8.9168000000e+03
 1500476400, 4.5000000000e+01, 2.2000000000e+01, 1.0000000000e+01, 5.0000000000e-02, 8.9164166667e+03
 1500476700, 4.5000000000e+01, 2.2000000000e+01, 1.0000000000e+01, 5.0000000000e-02, 8.9168000000e+03
 1500477000, 4.5000000000e+01, 2.2000000000e+01, 1.0000000000e+01, 5.0000000000e-02, 8.9173666667e+03
 1500477300, 4.6083333333e+01, 2.2000000000e+01, 1.0866666667e+01, 5.0000000000e-02, 8.9170333333e+03
 1500477600, 4.9916666667e+01, 2.2000000000e+01, 1.3933333333e+01, 5.0000000000e-02, 8.9181833333e+03
 1500477900, 4.5000000000e+01, 2.2000000000e+01, 1.0000000000e+01, 6.0166666667e-02, 8.9174000000e+03
 1500478200, 4.5000000000e+01, 2.2000000000e+01, 1.0000000000e+01, 6.0000000000e-02, 8.9176166667e+03
 1500478500, 4.8083333333e+01, 2.2000000000e+01, 1.1233333333e+01, 5.6000000000e-02, 8.9175666667e+03
 1500478800, 4.7916666667e+01, 2.2000000000e+01, 1.1166666667e+01, 5.3833333333e-02, 8.9164000000e+03
 1500479100, 4.9333333333e+01, 2.4166666667e+01, 1.1733333333e+01, 5.3000000000e-02, 8.9167833333e+03
 1500479400, 6.5000000000e+01, 3.1966666667e+01, 1.8000000000e+01, 2.3483333333e-01, 8.9247833333e+03
 1500479700, 6.5000000000e+01, 3.0000000000e+01, 1.8000000000e+01, 4.7916666667e-01, 8.9237833333e+03
 1500480000, 5.6833333333e+01, 2.6733333333e+01, 1.4733333333e+01, 6.4833333333e-01, 8.9253833333e+03
 1500480300, 5.1916666667e+01, 2.3533333333e+01, 1.1533333333e+01, 7.6950000000e-01, 8.9244833333e+03
 1500480600, 5.2083333333e+01, 2.3666666667e+01, 1.1666666667e+01, 8.4716666667e-01, 8.9283333333e+03
 1500480900, 5.6083333333e+01, 2.6000000000e+01, 1.4866666667e+01, 9.1500000000e-01, 8.9258000000e+03
 1500481200, 5.9833333333e+01, 2.5966666667e+01, 1.7900000000e+01, 9.5816666667e-01, 8.9260166667e+03
 1500481500, 5.0000000000e+01, 2.4000000000e+01, 1.2000000000e+01, 9.7683333333e-01, 8.9264166667e+03
 1500481800, 5.4083333333e+01, 2.5633333333e+01, 1.3633333333e+01, 1.0163333333e+00, 8.9260166667e+03
 1500482100, 5.5000000000e+01, 2.6000000000e+01, 1.4000000000e+01, 1.0403333333e+00, 8.9264000000e+03
 1500482400, 5.7083333333e+01, 2.6000000000e+01, 1.4833333333e+01, 1.0500000000e+00, 8.9276166667e+03
 1500482700, 6.0000000000e+01, 2.6433333333e+01, 1.6433333333e+01, 1.0541666667e+00, 8.9277833333e+03
 1500483000, 5.9833333333e+01, 2.7933333333e+01, 1.7900000000e+01, 1.0538333333e+00, 8.9280166667e+03
 1500483300, 5.0000000000e+01, 2.4000000000e+01, 1.2000000000e+01, 1.0501666667e+00, 8.9277666667e+03
 1500483600, 5.4083333333e+01, 2.5633333333e+01, 1.3633333333e+01, 1.0518333333e+00, 8.9280166667e+03
 1500483900, 5.1916666667e+01, 2.3533333333e+01, 1.1533333333e+01, 1.0520000000e+00, 8.9292333333e+03
 1500484200, 5.4166666667e+01, 2.4500000000e+01, 1.2500000000e+01, 1.0581666667e+00, 8.9297666667e+03
 1500484500, 5.8916666667e+01, 2.7566666667e+01, 1.5566666667e+01, 1.0518333333e+00, 8.9282500000e+03
 1500484800, 5.5000000000e+01, 2.6000000000e+01, 1.4000000000e+01, 1.0500000000e+00, 8.9292000000e+03
 1500485100, 5.5000000000e+01, 2.6000000000e+01, 1.4000000000e+01, 1.0500000000e+00, 8.9281833333e+03
 1500485400, 5.9083333333e+01, 2.9266666667e+01, 1.5633333333e+01, 1.0541666667e+00, 8.9293833333e+03
 1500485700, 6.3083333333e+01, 3.0000000000e+01, 1.7233333333e+01, 1.0701666667e+00, 8.9282333333e+03
 1500486000, 6.2916666667e+01, 2.9166666667e+01, 1.6333333333e+01, 1.0803333333e+00, 8.9302000000e+03
 1500486300, 5.8916666667e+01, 2.8433333333e+01, 1.3566666667e+01, 1.0961666667e+00, 8.9300000000e+03
 1500486600, 5.5083333333e+01, 2.9966666667e+01, 1.2066666667e+01, 1.0998333333e+00, 8.9320000000e+03
 1500486900, 6.0000000000e+01, 2.8000000000e+01, 1.6000000000e+01, 1.0838333333e+00, 8.9310000000e+03
 1500487200, 6.0000000000e+01, 2.9633333333e+01, 1.6000000000e+01, 1.0921666667e+00, 8.9300000000e+03
 1500487500, 5.6916666667e+01, 2.8766666667e+01, 1.4766666667e+01, 1.0858333333e+00, 8.9294166667e+03
 1500487800, 5.7083333333e+01, 2.8000000000e+01, 1.4833333333e+01, 1.1068000000e+00, 8.9310733333e+03
 1500488100, 5.8916666667e+01, 2.7566666667e+01, 1.6000000000e+01, 1.1218333333e+00, 8.9330333333e+03
 1500488400, 5.5166666667e+01, 2.6066666667e+01, 1.6033333333e+01, 1.1323333333e+00, 8.9341666667e+03
 1500488700, 6.5000000000e+01, 3.0000000000e+01, 1.8000000000e+01, 1.0151666667e+00, 8.9211166667e+03
 1500489000, 4.8666666667e+01, 2.3466666667e+01, 1.1466666667e+01, 7.5033333333e-01, 8.9172333333e+03
 1500489300, 4.5000000000e+01, 2.2000000000e+01, 1.0000000000e+01, 5.6133333333e-01, 8.9182166667e+03
 1500489600, 4.5000000000e+01, 2.2000000000e+01, 1.0000000000e+01, 4.1616666667e-01, 8.9180333333e+03
 1500489900, 4.5000000000e+01, 2.2000000000e+01, 1.0000000000e+01, 3.1650000000e-01, 8.9188000000e+03
 1500490200, 4.5000000000e+01, 2.2000000000e+01, 1.0000000000e+01, 2.4333333333e-01, 8.9179166667e+03
 1500490500, 4.5000000000e+01, 2.2000000000e+01, 1.0000000000e+01, 2.0700000000e-01, 8.9171500000e+03
 1500490800, 4.5000000000e+01, 2.2000000000e+01, 1.0000000000e+01, 1.6150000000e-01, 8.9166333333e+03
 1500491100, 4.8083333333e+01, 2.2000000000e+01, 1.0000000000e+01, 1.2750000000e-01, 8.9174000000e+03
 1500491400, 5.0000000000e+01, 2.2833333333e+01, 1.0833333333e+01, 1.1200000000e-01, 8.9186000000e+03
 1500491700, 5.0000000000e+01, 2.3566666667e+01, 1.1566666667e+01, 1.0816666667e-01, 8.9176000000e+03
 1500492000, 4.9916666667e+01, 2.2000000000e+01, 1.0000000000e+01, 1.2220000000e-01, 8.9202366667e+03
 1500492300, 4.5000000000e+01, 2.2000000000e+01, 1.0000000000e+01, 1.1766666667e-01, 8.9183666667e+03
 1500492600, 4.9083333333e+01, 2.5266666667e+01, 1.0000000000e+01, 1.0783333333e-01, 8.9182000000e+03
 1500492900, 5.0000000000e+01, 2.6000000000e+01, 1.0000000000e+01, 9.7833333333e-02, 8.9184166667e+03
 1500493200, 4.7916666667e+01, 2.4333333333e+01, 1.0000000000e+01, 8.1500000000e-02, 8.9181666667e+03
 1500493500, 4.6083333333e+01, 2.2433333333e+01, 1.0000000000e+01, 5.3833333333e-02, 8.9168166667e+03
 1500493800, 4.9916666667e+01, 2.3966666667e+01, 1.0000000000e+01, 5.0000000000e-02, 8.9170166667e+03
 1500494100, 4.5000000000e+01, 2.2000000000e+01, 1.0000000000e+01, 5.0000000000e-02, 8.9177666667e+03
 1500494400, 4.5000000000e+01, 2.2000000000e+01, 1.0000000000e+01, 5.0000000000e-02, 8.9182000000e+03
 1500494700, 4.5000000000e+01, 2.2000000000e+01, 1.0000000000e+01, 5.0000000000e-02, 8.9172000000e+03
 1500495000, 4.5000000000e+01, 2.2000000000e+01, 1.0000000000e+01, 5.2000000000e-02, 8.9180166667e+03
 1500495300, 4.5000000000e+01, 2.2000000000e+01, 1.0000000000e+01, 5.0000000000e-02, 8.9190166667e+03
 1500495600, 4.5000000000e+01, 2.2000000000e+01, 1.0000000000e+01, 5.0000000000e-02, 8.9182000000e+03
 1500495900, 4.5000000000e+01, 2.2000000000e+01, 1.0000000000e+01, 5.0000000000e-02, 8.9184000000e+03
 1500496200, 4.5000000000e+01, 2.2000000000e+01, 1.0000000000e+01, 5.0000000000e-02, 8.9206000000e+03
 1500496500, 4.5000000000e+01, 2.2000000000e+01, 1.0000000000e+01, 5.2333333333e-02, 8.9179833333e+03
 1500496800, 4.5000000000e+01, 2.2000000000e+01, 1.0000000000e+01, 5.7666666667e-02, 8.9170000000e+03
 1500497100, 4.5000000000e+01, 2.2000000000e+01, 1.0000000000e+01, 5.0000000000e-02, 8.9176333333e+03
 1500497400, 4.5000000000e+01, 2.2000000000e+01, 1.0000000000e+01, 5.0000000000e-02, 8.9183833333e+03
 1500497700, 4.5000000000e+01, 2.2000000000e+01, 1.0000000000e+01, 5.2000000000e-02, 8.9183833333e+03
 1500498000, 4.9083333333e+01, 2.2000000000e+01, 1.0000000000e+01, 5.0000000000e-02, 8.9188333333e+03
 1500498300, 4.6916666667e+01, 2.2000000000e+01, 1.0000000000e+01, 5.0000000000e-02, 8.9191666667e+03
 1500498600, 4.5000000000e+01, 2.2000000000e+01, 1.0000000000e+01, 5.2000000000e-02, 8.9182000000e+03
 1500498900, 4.6083333333e+01, 2.2000000000e+01, 1.0866666667e+01, 5.4000000000e-02, 8.9194166667e+03
 1500499200, 5.0000000000e+01, 2.2066666667e+01, 1.3933333333e+01, 5.0000000000e-02, 8.9180000000e+03
 1500499500, 5.0000000000e+01, 2.6000000000e+01, 1.0000000000e+01, 5.0000000000e-02, 8.9182333333e+03
 1500499800, 5.0000000000e+01, 2.6000000000e+01, 1.1633333333e+01, 5.4000000000e-02, 8.9187833333e+03
 1500500100, 5.0000000000e+01, 2.4766666667e+01, 1.0766666667e+01, 5.0000000000e-02, 8.9187666667e+03
 1500500400, 5.0000000000e+01, 2.3166666667e+01, 1.0000000000e+01, 5.0000000000e-02, 8.9182333333e+03
 1500500700, 4.8916666667e+01, 2.2000000000e+01, 1.0000000000e+01, 5.0000000000e-02, 8.9206000000e+03
 1500501000, 4.5083333333e+01, 2.2000000000e+01, 1.0000000000e+01, 5.2166666667e-02, 8.9196166667e+03
 1500501300, 5.0000000000e+01, 2.2000000000e+01, 1.0000000000e+01, 5.3833333333e-02, 8.9202000000e+03
 1500501600, 5.0000000000e+01, 2.2000000000e+01, 1.0000000000e+01, 5.0000000000e-02, 8.9208166667e+03
 1500501900, 5.0000000000e+01, 2.2000000000e+01, 1.0000000000e+01, 5.0000000000e-02, 8.9209833333e+03
 1500502200, 5.0000000000e+01, 2.2000000000e+01, 1.0000000000e+01, 5.0166666667e-02, 8.9202333333e+03
 1500502500, 5.0000000000e+01, 2.2000000000e+01, 1.0000000000e+01, 5.5833333333e-02, 8.9201833333e+03
 1500502800, 5.0000000000e+01, 2.2000000000e+01, 1.0000000000e+01, 5.2166666667e-02, 8.9204000000e+03
 1500503100, 5.0000000000e+01, 2.2000000000e+01, 1.0000000000e+01, 6.2000000000e-02, 8.9210666667e+03
 1500503400, 5.0000000000e+01, 2.2000000000e+01, 1.0000000000e+01, 5.1833333333e-02, 8.9217666667e+03
 1500503700, 5.0000000000e+01, 2.2000000000e+01, 1.0000000000e+01, 5.0000000000e-02, 8.9206000000e+03
 1500504000, 5.0000000000e+01, 2.2000000000e+01, 1.0000000000e+01, 5.0000000000e-02, 8.9210000000e+03
 1500504300, 5.0000000000e+01, 2.2000000000e+01, 1.0000000000e+01, 5.0000000000e-02, 8.9210166667e+03
 1500504600, 5.0000000000e+01, 2.2000000000e+01, 1.0000000000e+01, 5.0000000000e-02, 8.9216500000e+03
 1500504900, 5.0000000000e+01, 2.2000000000e+01, 1.0000000000e+01, 5.0000000000e-02, 8.9218833333e+03
 1500505200, 5.0000000000e+01, 2.2000000000e+01, 1.0000000000e+01, 5.0000000000e-02, 8.9206166667e+03
 1500505500, 5.0000000000e+01, 2.2000000000e+01, 1.0000000000e+01, 5.0000000000e-02, 8.9215833333e+03
 1500505800, 5.0000000000e+01, 2.2000000000e+01, 1.0000000000e+01, 5.0000000000e-02, 8.9236333333e+03
 1500506100, 5.0000000000e+01, 2.2000000000e+01, 1.0433333333e+01, 5.0000000000e-02, 8.9226000000e+03
 1500506400, 5.0083333333e+01, 2.2066666667e+01, 1.2000000000e+01, 5.0000000000e-02, 8.9218000000e+03
 1500506700, 5.5000000000e+01, 2.6000000000e+01, 1.2000000000e+01, 5.2000000000e-02, 8.9221666667e+03
 1500507000, 4.6833333333e+01, 2.2733333333e+01, 1.0366666667e+01, 5.2000000000e-02, 8.9218000000e+03
 1500507300, 4.8083333333e+01, 2.2000000000e+01, 1.0000000000e+01, 5.2000000000e-02, 8.9212000000e+03
 1500507600, 5.0000000000e+01, 2.2000000000e+01, 1.0000000000e+01, 5.0000000000e-02, 8.9222333333e+03
 1500507900, 5.0000000000e+01, 2.2000000000e+01, 1.0000000000e+01, 5.0000000000e-02, 8.9226000000e+03
 1500508200, 5.0000000000e+01, 2.2000000000e+01, 1.0000000000e+01, 5.0000000000e-02, 8.9223666667e+03
 1500508500, 5.0000000000e+01, 2.2000000000e+01, 1.0000000000e+01, 5.0000000000e-02, 8.9214666667e+03
 1500508800, 5.0000000000e+01, 2.2000000000e+01, 1.0000000000e+01, 5.2000000000e-02, 8.9239666667e+03
 1500509100, 5.0000000000e+01, 2.2000000000e+01, 1.0000000000e+01, 5.4000000000e-02, 8.9223833333e+03
 1500509400, 5.0000000000e+01, 2.2000000000e+01, 1.0000000000e+01, 5.0000000000e-02, 8.9224000000e+03
 1500509700, 5.0000000000e+01, 2.2000000000e+01, 1.0000000000e+01, 5.2000000000e-02, 8.9230500000e+03
 1500510000, 4.9916666667e+01, 2.2000000000e+01, 1.0000000000e+01, 5.0000000000e-02, 8.9227500000e+03
 1500510300, 4.5000000000e+01, 2.2000000000e+01, 1.0000000000e+01, 5.4166666667e-02, 8.9234500000e+03
 1500510600, 4.5000000000e+01, 2.2000000000e+01, 1.0000000000e+01, 5.9833333333e-02, 8.9239666667e+03
 1500510900, 4.8083333333e+01, 2.2000000000e+01, 1.0000000000e+01, 5.4166666667e-02, 8.9236166667e+03
 1500511200, 4.7916666667e+01, 2.2000000000e+01, 1.0000000000e+01, 6.4000000000e-02, 8.9236000000e+03
 1500511500, 4.6083333333e+01, 2.2000000000e+01, 1.0000000000e+01, 6.2000000000e-02, 8.9232166667e+03
 1500511800, 4.9916666667e+01, 2.2000000000e+01, 1.0000000000e+01, 5.3833333333e-02, 8.9235833333e+03
 1500512100, 4.5000000000e+01, 2.2000000000e+01, 1.0000000000e+01, 5.0000000000e-02, 8.9235833333e+03
 1500512400, 4.9083333333e+01, 2.2000000000e+01, 1.0000000000e+01, 6.0333333333e-02, 8.9236333333e+03
 1500512700, 4.6916666667e+01, 2.2000000000e+01, 1.0000000000e+01, 6.5833333333e-02, 8.9231666667e+03
 1500513000, 4.7083333333e+01, 2.2000000000e+01, 1.0833333333e+01, 5.1833333333e-02, 8.9238166667e+03
 1500513300, 5.0000000000e+01, 2.2000000000e+01, 1.2433333333e+01, 5.2166666667e-02, 8.9240333333e+03
 1500513600, 4.9916666667e+01, 2.2000000000e+01, 1.3933333333e+01, 5.1833333333e-02, 8.9251833333e+03
 1500513900, 4.5000000000e+01, 2.2000000000e+01, 1.0000000000e+01, 5.0000000000e-02, 8.9235833333e+03
 1500514200, 4.5000000000e+01, 2.2000000000e+01, 1.0000000000e+01, 5.0000000000e-02, 8.9230000000e+03
 1500514500, 4.5000000000e+01, 2.2000000000e+01, 1.0000000000e+01, 5.0000000000e-02, 8.9222000000e+03
 1500514800, 4.5000000000e+01, 2.2000000000e+01, 1.0000000000e+01, 5.0000000000e-02, 8.9224000000e+03
 1500515100, 4.5000000000e+01, 2.2000000000e+01, 1.0000000000e+01, 5.0000000000e-02, 8.9232166667e+03
 1500515400, 4.5000000000e+01, 2.2000000000e+01, 1.0000000000e+01, 5.8000000000e-02, 8.9250666667e+03
 1500515700, 4.5000000000e+01, 2.2000000000e+01, 1.0000000000e+01, 5.0000000000e-02, 8.9263500000e+03
 1500516000, 4.9083333333e+01, 2.2000000000e+01, 1.0000000000e+01, 5.0166666667e-02, 8.9240000000e+03
 1500516300, 4.6916666667e+01, 2.2000000000e+01, 1.0000000000e+01, 5.1833333333e-02, 8.9247833333e+03
 1500516600, 4.7083333333e+01, 2.2000000000e+01, 1.0000000000e+01, 5.0000000000e-02, 8.9250000000e+03
 1500516900, 4.8916666667e+01, 2.2000000000e+01, 1.0000000000e+01, 5.0166666667e-02, 8.9238333333e+03
 1500517200, 4.5000000000e+01, 2.2000000000e+01, 1.0000000000e+01, 5.6000000000e-02, 8.9260000000e+03
 1500517500, 4.5000000000e+01, 2.2000000000e+01, 1.0000000000e+01, 5.8000000000e-02, 8.9241833333e+03
 1500517800, 4.5000000000e+01, 2.2000000000e+01, 1.0000000000e+01, 6.4166666667e-02, 8.9242166667e+03
 1500518100, 4.5000000000e+01, 2.2000000000e+01, 1.0000000000e+01, 5.9666666667e-02, 8.9242166667e+03
 1500518400, 4.7083333333e+01, 2.2000000000e+01, 1.0000000000e+01, 5.2000000000e-02, 8.9245833333e+03
 1500518700, 4.8916666667e+01, 2.2000000000e+01, 1.0000000000e+01, 5.0000000000e-02, 8.9246666667e+03
 1500519000, 4.5000000000e+01, 2.2000000000e+01, 1.0000000000e+01, 5.2000000000e-02, 8.9249833333e+03
 1500519300, 4.5000000000e+01, 2.2000000000e+01, 1.0000000000e+01, 5.0000000000e-02, 8.9258000000e+03
 1500519600, 5.3166666667e+01, 2.5266666667e+01, 1.1633333333e+01, 5.2000000000e-02, 8.9261333333e+03
 1500519900, 5.1916666667e+01, 2.6000000000e+01, 1.0766666667e+01, 5.0000000000e-02, 8.9245833333e+03
 1500520200, 4.7916666667e+01, 2.4333333333e+01, 1.0000000000e+01, 5.0000000000e-02, 8.9250333333e+03
 1500520500, 4.5000000000e+01, 2.2000000000e+01, 1.0000000000e+01, 5.0000000000e-02, 8.9251666667e+03
 1500520800, 4.5000000000e+01, 2.2000000000e+01, 1.0000000000e+01, 5.0000000000e-02, 8.9237900000e+03
 1500521100, 4.5000000000e+01, 2.2000000000e+01, 1.0000000000e+01, 5.0000000000e-02, 8.9244333333e+03
 1500521400, 4.9083333333e+01, 2.2000000000e+01, 1.0000000000e+01, 5.0000000000e-02, 8.9252000000e+03
 1500521700, 4.6916666667e+01, 2.2000000000e+01, 1.0000000000e+01, 6.0166666667e-02, 8.9272000000e+03
 1500522000, 4.5000000000e+01, 2.2000000000e+01, 1.0000000000e+01, 5.2000000000e-02, 8.9262166667e+03
 1500522300, 4.5000000000e+01, 2.2000000000e+01, 1.0000000000e+01, 5.5833333333e-02, 8.9267833333e+03
 1500522600, 4.5000000000e+01, 2.2000000000e+01, 1.0000000000e+01, 5.6166666667e-02, 8.9258166667e+03
 1500522900, 4.5000000000e+01, 2.2000000000e+01, 1.0000000000e+01, 5.1833333333e-02, 8.9245666667e+03
 1500523200, 4.5000000000e+01, 2.2000000000e+01, 1.0000000000e+01, 5.2333333333e-02, 8.9252000000e+03
 1500523500, 4.5000000000e+01, 2.2000000000e+01, 1.0000000000e+01, 7.8000000000e-02, 8.9252166667e+03
 1500523800, 4.5000000000e+01, 2.2000000000e+01, 1.0000000000e+01, 6.1666666667e-02, 8.9257833333e+03
 1500524100, 4.5000000000e+01, 2.2000000000e+01, 1.0000000000e+01, 5.0000000000e-02, 8.9252166667e+03
 1500524400, 4.5000000000e+01, 2.2000000000e+01, 1.0000000000e+01, 5.0000000000e-02, 8.9247833333e+03
 1500524700, 4.5000000000e+01, 2.2000000000e+01, 1.0000000000e+01, 5.4000000000e-02, 8.9252000000e+03
 1500525000, 4.5000000000e+01, 2.2000000000e+01, 1.0000000000e+01, 5.0000000000e-02, 8.9240000000e+03
 1500525300, 4.5000000000e+01, 2.2000000000e+01, 1.0000000000e+01, 5.0000000000e-02, 8.9262500000e+03
 1500525600, 4.5000000000e+01, 2.2000000000e+01, 1.0000000000e+01, 5.0000000000e-02, 8.9267333333e+03
 1500525900, 4.5000000000e+01, 2.2000000000e+01, 1.0000000000e+01, 5.0000000000e-02, 8.9248333333e+03
 1500526200, 4.5083333333e+01, 2.2000000000e+01, 1.0000000000e+01, 5.0000000000e-02, 8.9248166667e+03
 1500526500, 5.0000000000e+01, 2.2000000000e+01, 1.0000000000e+01, 5.0000000000e-02, 8.9259833333e+03
 1500526800, 5.0000000000e+01, 2.5266666667e+01, 1.1633333333e+01, 5.4000000000e-02, 8.9254166667e+03
 1500527100, 5.0000000000e+01, 2.6000000000e+01, 1.0766666667e+01, 5.0000000000e-02, 8.9266166667e+03
 1500527400, 4.7916666667e+01, 2.4333333333e+01, 1.0000000000e+01, 5.0000000000e-02, 8.9265833333e+03
 1500527700, 4.5000000000e+01, 2.2000000000e+01, 1.0000000000e+01, 5.2000000000e-02, 8.9257833333e+03
 1500528000, 4.5000000000e+01, 2.2000000000e+01, 1.0000000000e+01, 6.0166666667e-02, 8.9260000000e+03
 1500528300, 4.5000000000e+01, 2.2000000000e+01, 1.0000000000e+01, 5.7833333333e-02, 8.9272166667e+03
 1500528600, 4.5000000000e+01, 2.2000000000e+01, 1.0000000000e+01, 5.0000000000e-02, 8.9263833333e+03
 1500528900, 4.5000000000e+01, 2.2000000000e+01, 1.0000000000e+01, 5.2000000000e-02, 8.9253666667e+03
 1500529200, 4.5000000000e+01, 2.2000000000e+01, 1.0000000000e+01, 5.0000000000e-02, 8.9256666667e+03
 1500529500, 4.5000000000e+01, 2.2000000000e+01, 1.0000000000e+01, 6.0166666667e-02, 8.9271833333e+03
 1500529800, 4.5000000000e+01, 2.2000000000e+01, 1.0000000000e+01, 5.6000000000e-02, 8.9270000000e+03
 1500530100, 4.5000000000e+01, 2.2000000000e+01, 1.0000000000e+01, 5.1833333333e-02, 8.9272166667e+03
 1500530400, 4.5000000000e+01, 2.2000000000e+01, 1.0000000000e+01, 5.0000000000e-02, 8.9274166667e+03
 1500530700, 4.5000000000e+01, 2.2000000000e+01, 1.0000000000e+01, 5.0000000000e-02, 8.9278000000e+03
 1500531000, 4.5000000000e+01, 2.2000000000e+01, 1.0000000000e+01, 5.2000000000e-02, 8.9297833333e+03
 1500531300, 4.5000000000e+01, 2.2000000000e+01, 1.0000000000e+01, 5.0166666667e-02, 8.9278166667e+03
 1500531600, 4.5083333333e+01, 2.2033333333e+01, 1.0000000000e+01, 5.1833333333e-02, 8.9272000000e+03
 1500531900, 5.0000000000e+01, 2.4000000000e+01, 1.0000000000e+01, 5.0000000000e-02, 8.9288166667e+03
 1500532200, 4.5916666667e+01, 2.2366666667e+01, 1.0000000000e+01, 5.0000000000e-02, 8.9280000000e+03
 1500532500, 4.5000000000e+01, 2.2000000000e+01, 1.0000000000e+01, 5.0000000000e-02, 8.9278333333e+03
 1500532800, 4.5000000000e+01, 2.2000000000e+01, 1.0000000000e+01, 5.0000000000e-02, 8.9291666667e+03
 1500533100, 4.6083333333e+01, 2.2000000000e+01, 1.0433333333e+01, 5.0166666667e-02, 8.9282166667e+03
 1500533400, 5.0000000000e+01, 2.2066666667e+01, 1.2000000000e+01, 5.1833333333e-02, 8.9282166667e+03
 1500533700, 5.0000000000e+01, 2.6000000000e+01, 1.2000000000e+01, 5.0000000000e-02, 8.9288333333e+03
 1500534000, 4.5916666667e+01, 2.2733333333e+01, 1.0366666667e+01, 5.2166666667e-02, 8.9300000000e+03
 1500534300, 4.5000000000e+01, 2.2000000000e+01, 1.0000000000e+01, 5.5833333333e-02, 8.9290833333e+03
 1500534600, 4.5000000000e+01, 2.2000000000e+01, 1.0000000000e+01, 5.0000000000e-02, 8.9308333333e+03
 1500534900, 4.5000000000e+01, 2.2000000000e+01, 1.0000000000e+01, 5.0000000000e-02, 8.9288000000e+03
 1500535200, 4.5000000000e+01, 2.2000000000e+01, 1.0000000000e+01, 5.0000000000e-02, 8.9276000000e+03
 1500535500, 4.5000000000e+01, 2.2000000000e+01, 1.0000000000e+01, 5.0166666667e-02, 8.9276000000e+03
 1500535800, 4.9083333333e+01, 2.2000000000e+01, 1.1633333333e+01, 6.2166666667e-02, 8.9288000000e+03
 1500536100, 4.6916666667e+01, 2.2000000000e+01, 1.0766666667e+01, 5.9666666667e-02, 8.9284000000e+03
 1500536400, 4.5000000000e+01, 2.2000000000e+01, 1.0000000000e+01, 5.6333333333e-02, 8.9292000000e+03
 1500536700, 4.6083333333e+01, 2.2000000000e+01, 1.0000000000e+01, 6.3833333333e-02, 8.9300000000e+03
 1500537000, 4.9916666667e+01, 2.2000000000e+01, 1.0000000000e+01, 7.0333333333e-02, 8.9292000000e+03
 1500537300, 4.5000000000e+01, 2.2000000000e+01, 1.0000000000e+01, 7.3666666667e-02, 8.9302333333e+03
 1500537600, 4.5000000000e+01, 2.2000000000e+01, 1.0000000000e+01, 6.6000000000e-02, 8.9298000000e+03
 1500537900, 4.5000000000e+01, 2.2000000000e+01, 1.0000000000e+01, 5.9833333333e-02, 8.9303833333e+03
 1500538200, 4.5000000000e+01, 2.2000000000e+01, 1.0000000000e+01, 5.1966666667e-02, 8.9298033333e+03
 1500538500, 4.5000000000e+01, 2.2000000000e+01, 1.0000000000e+01, 5.4166666667e-02, 8.9298166667e+03
 1500538800, 4.5000000000e+01, 2.2000000000e+01, 1.0000000000e+01, 5.9833333333e-02, 8.9302166667e+03
 1500539100, 4.5000000000e+01, 2.2000000000e+01, 1.0000000000e+01, 5.0000000000e-02, 8.9311833333e+03
 1500539400, 4.5000000000e+01, 2.2000000000e+01, 1.0000000000e+01, 5.0000000000e-02, 8.9314000000e+03
 1500539700, 4.5000000000e+01, 2.2000000000e+01, 1.0000000000e+01, 5.4000000000e-02, 8.9305833333e+03
 1500540000, 4.9166666667e+01, 2.4500000000e+01, 1.0833333333e+01, 5.0000000000e-02, 8.9314166667e+03
 1500540300, 5.3916666667e+01, 2.7566666667e+01, 1.1566666667e+01, 5.6333333333e-02, 8.9320000000e+03
 1500540600, 5.0000000000e+01, 2.6000000000e+01, 1.0000000000e+01, 5.7666666667e-02, 8.9296000000e+03
 1500540900, 5.0000000000e+01, 2.6000000000e+01, 1.0000000000e+01, 5.0000000000e-02, 8.9297666667e+03
 1500541200, 4.5916666667e+01, 2.2733333333e+01, 1.0000000000e+01, 5.0000000000e-02, 8.9298500000e+03
 1500541500, 4.5000000000e+01, 2.2000000000e+01, 1.0000000000e+01, 5.0000000000e-02, 8.9308000000e+03
 1500541800, 4.5000000000e+01, 2.2000000000e+01, 1.0000000000e+01, 5.0000000000e-02, 8.9320166667e+03
 1500542100, 4.5000000000e+01, 2.2000000000e+01, 1.0000000000e+01, 5.0000000000e-02, 8.9330500000e+03
 1500542400, 4.5000000000e+01, 2.2000000000e+01, 1.0000000000e+01, 6.2166666667e-02, 8.9339333333e+03
 1500542700, 4.5000000000e+01, 2.2000000000e+01, 1.0000000000e+01, 5.1833333333e-02, 8.9320000000e+03
 1500543000, 4.5000000000e+01, 2.2000000000e+01, 1.0000000000e+01, 5.0000000000e-02, 8.9328000000e+03
 1500543300, 4.5000000000e+01, 2.2000000000e+01, 1.0000000000e+01, 5.0000000000e-02, 8.9308000000e+03
 1500543600, 4.5000000000e+01, 2.2000000000e+01, 1.0000000000e+01, 5.0000000000e-02, 8.9316000000e+03
 1500543900, 4.5000000000e+01, 2.2000000000e+01, 1.0000000000e+01, 5.0000000000e-02, 8.9320333333e+03
 1500544200, 4.5000000000e+01, 2.2000000000e+01, 1.0000000000e+01, 5.0000000000e-02, 8.9317833333e+03
 1500544500, 4.5000000000e+01, 2.2000000000e+01, 1.0000000000e+01, 5.0000000000e-02, 8.9317833333e+03
 1500544800, 4.5000000000e+01, 2.2000000000e+01, 1.0000000000e+01, 5.0000000000e-02, 8.9320333333e+03
 1500545100, 4.5000000000e+01, 2.2000000000e+01, 1.0000000000e+01, 5.0000000000e-02, 8.9327833333e+03
 1500545400, 4.5000000000e+01, 2.2000000000e+01, 1.0000000000e+01, 5.0000000000e-02, 8.9336000000e+03
 1500545700, 4.5000000000e+01, 2.2000000000e+01, 1.0000000000e+01, 5.0000000000e-02, 8.9324166667e+03
 1500546000, 4.5000000000e+01, 2.2000000000e+01, 1.0000000000e+01, 5.0000000000e-02, 8.9329833333e+03
 1500546300, 4.5000000000e+01, 2.2000000000e+01, 1.0000000000e+01, 5.0000000000e-02, 8.9326166667e+03
 1500546600, 4.5000000000e+01, 2.2000000000e+01, 1.0000000000e+01, 5.2166666667e-02, 8.9314000000e+03
 1500546900, 4.5000000000e+01, 2.2000000000e+01, 1.0000000000e+01, 6.0000000000e-02, 8.9328333333e+03
 1500547200, 4.7083333333e+01, 2.3666666667e+01, 1.0000000000e+01, 7.0000000000e-02, 8.9335833333e+03
 1500547500, 5.0000000000e+01, 2.6000000000e+01, 1.0000000000e+01, 5.4000000000e-02, 8.9326000000e+03
 1500547800, 4.9916666667e+01, 2.5933333333e+01, 1.0000000000e+01, 5.7833333333e-02, 8.9330166667e+03
 1500548100, 4.5000000000e+01, 2.2000000000e+01, 1.0000000000e+01, 5.6000000000e-02, 8.9318000000e+03
 1500548400, 4.5000000000e+01, 2.2000000000e+01, 1.0000000000e+01, 5.8166666667e-02, 8.9334333333e+03
 1500548700, 4.5000000000e+01, 2.2000000000e+01, 1.0000000000e+01, 6.2000000000e-02, 8.9334000000e+03
 1500549000, 4.5000000000e+01, 2.2000000000e+01, 1.0000000000e+01, 5.1833333333e-02, 8.9331333333e+03
 1500549300, 4.5000000000e+01, 2.2000000000e+01, 1.0000000000e+01, 5.0000000000e-02, 8.9328000000e+03
 1500549600, 4.5000000000e+01, 2.2000000000e+01, 1.0000000000e+01, 5.0166666667e-02, 8.9330000000e+03
 1500549900, 4.5000000000e+01, 2.2000000000e+01, 1.0000000000e+01, 5.1833333333e-02, 8.9336133333e+03
 1500550200, 4.5000000000e+01, 2.2000000000e+01, 1.0000000000e+01, 5.0000000000e-02, 8.9338833333e+03
 1500550500, 4.5000000000e+01, 2.2000000000e+01, 1.0000000000e+01, 5.4166666667e-02, 8.9366833333e+03
 1500550800, 4.5000000000e+01, 2.2000000000e+01, 1.0000000000e+01, 5.1833333333e-02, 8.9336166667e+03
 1500551100, 4.5000000000e+01, 2.2000000000e+01, 1.0000000000e+01, 5.0000000000e-02, 8.9338000000e+03
 1500551400, 4.5000000000e+01, 2.2000000000e+01, 1.0000000000e+01, 5.0000000000e-02, 8.9329833333e+03
 1500551700, 4.5000000000e+01, 2.2000000000e+01, 1.0000000000e+01, 5.2000000000e-02, 8.9336333333e+03
 1500552000, 4.5000000000e+01, 2.2000000000e+01, 1.0000000000e+01, 5.0000000000e-02, 8.9347833333e+03
 1500552300, 4.8083333333e+01, 2.2000000000e+01, 1.0000000000e+01, 5.0000000000e-02, 8.9337833333e+03
 1500552600, 4.7916666667e+01, 2.2000000000e+01, 1.0000000000e+01, 5.0000000000e-02, 8.9328333333e+03
 1500552900, 4.5000000000e+01, 2.2000000000e+01, 1.0000000000e+01, 5.4166666667e-02, 8.9344000000e+03
 1500553200, 4.5083333333e+01, 2.2000000000e+01, 1.0000000000e+01, 6.2166666667e-02, 8.9343833333e+03
 1500553500, 5.0000000000e+01, 2.2000000000e+01, 1.0000000000e+01, 6.5666666667e-02, 8.9344000000e+03
 1500553800, 5.0000000000e+01, 2.2000000000e+01, 1.1633333333e+01, 5.2000000000e-02, 8.9350166667e+03
 1500554100, 5.0000000000e+01, 2.4466666667e+01, 1.2000000000e+01, 5.2000000000e-02, 8.9357833333e+03
 1500554400, 4.7916666667e+01, 2.4333333333e+01, 1.1166666667e+01, 5.4000000000e-02, 8.9362333333e+03
 1500554700, 4.5000000000e+01, 2.2000000000e+01, 1.0000000000e+01, 6.2333333333e-02, 8.9363833333e+03
 1500555000, 4.5000000000e+01, 2.2000000000e+01, 1.0000000000e+01, 5.7666666667e-02, 8.9358166667e+03
 1500555300, 4.5000000000e+01, 2.2000000000e+01, 1.0000000000e+01, 5.0000000000e-02, 8.9333500000e+03
 1500555600, 5.3166666667e+01, 2.8533333333e+01, 1.0000000000e+01, 5.0000000000e-02, 8.9332166667e+03
 1500555900, 4.8833333333e+01, 2.5066666667e+01, 1.0000000000e+01, 5.0000000000e-02, 8.9334166667e+03
 1500556200, 4.5000000000e+01, 2.2000000000e+01, 1.0000000000e+01, 5.0000000000e-02, 8.9342000000e+03
 1500556500, 4.5000000000e+01, 2.2000000000e+01, 1.0000000000e+01, 5.0000000000e-02, 8.9344000000e+03
 1500556800, 4.5083333333e+01, 2.2000000000e+01, 1.0066666667e+01, 5.0000000000e-02, 8.9344000000e+03
 1500557100, 5.0000000000e+01, 2.2000000000e+01, 1.4000000000e+01, 5.0166666667e-02, 8.9352166667e+03
 1500557400, 5.0000000000e+01, 2.2000000000e+01, 1.0733333333e+01, 5.1833333333e-02, 8.9355833333e+03
 1500557700, 5.0000000000e+01, 2.2000000000e+01, 1.0000000000e+01, 5.0000000000e-02, 8.9354000000e+03
 1500558000, 4.7916666667e+01, 2.2000000000e+01, 1.0000000000e+01, 5.0000000000e-02, 8.9342000000e+03
 1500558300, 4.5000000000e+01, 2.2000000000e+01, 1.0000000000e+01, 5.0000000000e-02, 8.9354166667e+03
 1500558600, 4.5000000000e+01, 2.2000000000e+01, 1.0000000000e+01, 5.0000000000e-02, 8.9350100000e+03
 1500558900, 4.5000000000e+01, 2.2000000000e+01, 1.0000000000e+01, 5.0000000000e-02, 8.9351666667e+03
 1500559200, 4.5000000000e+01, 2.2000000000e+01, 1.0000000000e+01, 6.2166666667e-02, 8.9340000000e+03
 1500559500, 4.5000000000e+01, 2.2000000000e+01, 1.0000000000e+01, 5.3833333333e-02, 8.9352500000e+03
 1500559800, 4.9166666667e+01, 2.2833333333e+01, 1.2500000000e+01, 5.2166666667e-02, 8.9366166667e+03
 1500560100, 5.2833333333e+01, 2.3566666667e+01, 1.4700000000e+01, 5.1833333333e-02, 8.9359833333e+03
 1500560400, 4.5083333333e+01, 2.2000000000e+01, 1.0033333333e+01, 5.2166666667e-02, 8.9361833333e+03
 1500560700, 5.0000000000e+01, 2.2000000000e+01, 1.2000000000e+01, 5.1833333333e-02, 8.9356000000e+03
 1500561000, 4.5916666667e+01, 2.2000000000e+01, 1.0366666667e+01, 6.0500000000e-02, 8.9345833333e+03
 1500561300, 4.8083333333e+01, 2.2000000000e+01, 1.1233333333e+01, 6.7666666667e-02, 8.9340000000e+03
 1500561600, 4.7916666667e+01, 2.2000000000e+01, 1.1166666667e+01, 5.4000000000e-02, 8.9348133333e+03
 1500561900, 4.8250000000e+01, 2.3733333333e+01, 1.1733333333e+01, 6.2166666667e-02, 8.9348000000e+03
 1500562200, 5.9750000000e+01, 2.9866666667e+01, 1.7866666667e+01, 6.9833333333e-02, 8.9338333333e+03
 1500562500, 4.5000000000e+01, 2.2000000000e+01, 1.0000000000e+01, 5.5833333333e-02, 8.9353833333e+03
 1500562800, 4.5000000000e+01, 2.2000000000e+01, 1.0000000000e+01, 5.0000000000e-02, 8.9350333333e+03
 1500563100, 4.5000000000e+01, 2.2000000000e+01, 1.0000000000e+01, 5.0000000000e-02, 8.9356000000e+03
 1500563400, 4.5000000000e+01, 2.2000000000e+01, 1.0000000000e+01, 5.0000000000e-02, 8.9368833333e+03
 1500563700, 4.5000000000e+01, 2.2000000000e+01, 1.0000000000e+01, 5.0000000000e-02, 8.9366500000e+03
 1500564000, 4.5000000000e+01, 2.2000000000e+01, 1.0000000000e+01, 5.0000000000e-02, 8.9355833333e+03
 1500564300, 4.5000000000e+01, 2.2000000000e+01, 1.0000000000e+01, 5.2000000000e-02, 8.9346000000e+03
 1500564600, 4.5000000000e+01, 2.2000000000e+01, 1.0000000000e+01, 5.0000000000e-02, 8.9348333333e+03
 1500564900, 4.5000000000e+01, 2.2000000000e+01, 1.0000000000e+01, 2.2933333333e-01, 9.1373000000e+03
 1500565200, 1.1583333333e+02, 8.5333333333e+01, 1.5833333333e+01, 3.4440000000e+00, 1.2013566667e+04
 1500565500, 2.1283333333e+02, 1.7140000000e+02, 2.4000000000e+01, 6.9240333333e+00, 1.1707596667e+04
 1500565800, 2.0566666667e+02, 1.6243333333e+02, 2.4266666667e+01, 9.5563333333e+00, 1.2023866667e+04
 1500566100, 2.4500000000e+02, 1.8800000000e+02, 4.0000000000e+01, 1.1565333333e+01, 1.1882900000e+04
 1500566400, 2.4091666667e+02, 1.8800000000e+02, 3.5100000000e+01, 1.3027500000e+01, 9.8695333333e+03
 1500566700, 1.9683333333e+02, 1.5346666667e+02, 2.7833333333e+01, 1.3911166667e+01, 1.1696266667e+04
 1500567000, 1.9083333333e+02, 1.5033333333e+02, 2.4000000000e+01, 1.4642166667e+01, 1.2040250000e+04
 1500567300, 2.1675000000e+02, 1.7383333333e+02, 2.4000000000e+01, 1.5256666667e+01, 1.4074766667e+04
 1500567600, 2.0508333333e+02, 1.6606666667e+02, 2.4000000000e+01, 1.5683666667e+01, 1.1786400000e+04
 1500567900, 2.1000000000e+02, 1.7000000000e+02, 2.4000000000e+01, 1.5902833333e+01, 1.2026600000e+04
 1500568200, 2.1816666667e+02, 1.7816666667e+02, 2.4000000000e+01, 1.6139500000e+01, 1.1801600000e+04
 1500568500, 2.1383333333e+02, 1.7383333333e+02, 2.4000000000e+01, 1.6152833333e+01, 1.2205383333e+04
 1500568800, 2.1000000000e+02, 1.6916666667e+02, 2.4000000000e+01, 1.6236500000e+01, 1.2015566667e+04
 1500569100, 1.7750000000e+02, 1.3766666667e+02, 2.2700000000e+01, 1.6236333333e+01, 1.5923050000e+04
 1500569400, 6.0666666667e+01, 2.8500000000e+01, 1.8100000000e+01, 1.6159333333e+01, 1.2033166667e+04
 1500569700, 1.0000000000e+02, 5.8000000000e+01, 2.4000000000e+01, 1.6192333333e+01, 1.2219516667e+04
 1500570000, 1.8983333333e+02, 1.4783333333e+02, 2.5633333333e+01, 1.6301000000e+01, 1.2014350000e+04
 1500570300, 2.0383333333e+02, 1.5690000000e+02, 2.9700000000e+01, 1.6315166667e+01, 1.5922966667e+04
 1500570600, 2.0416666667e+02, 1.5833333333e+02, 2.8666666667e+01, 1.6328500000e+01, 1.4214933333e+04
 1500570900, 2.1108333333e+02, 1.7043333333e+02, 2.4000000000e+01, 1.6455333333e+01, 1.2160366667e+04
 1500571200, 2.1500000000e+02, 1.7203333333e+02, 2.4000000000e+01, 1.6528166667e+01, 1.2026350000e+04
 1500571500, 2.1500000000e+02, 1.7400000000e+02, 2.4000000000e+01, 1.6593166667e+01, 1.2020533333e+04
 1500571800, 1.9866666667e+02, 1.5766666667e+02, 2.4000000000e+01, 1.6650833333e+01, 1.1650133333e+04
 1500572100, 2.0116666667e+02, 1.5646666667e+02, 2.7700000000e+01, 1.6714666667e+01, 1.2024316667e+04
 1500572400, 2.1333333333e+02, 1.6466666667e+02, 3.0833333333e+01, 1.6715000000e+01, 1.3922183333e+04
 1500572700, 2.1200000000e+02, 1.6186666667e+02, 3.0266666667e+01, 1.6726166667e+01, 1.4218633333e+04
 1500573000, 1.6550000000e+02, 1.1863333333e+02, 2.4000000000e+01, 1.6749666667e+01, 1.2080883333e+04
 1500573300, 1.9500000000e+02, 1.5600000000e+02, 2.4000000000e+01, 1.6774166667e+01, 1.2014250000e+04
 1500573600, 1.9500000000e+02, 1.5600000000e+02, 2.4000000000e+01, 1.6647833333e+01, 1.3724850000e+04
 1500573900, 2.0733333333e+02, 1.6710000000e+02, 2.4000000000e+01, 1.6605166667e+01, 1.4205366667e+04
 1500574200, 2.1500000000e+02, 1.7483333333e+02, 2.4000000000e+01, 1.6677833333e+01, 1.4254450000e+04
 1500574500, 2.1391666667e+02, 1.7383333333e+02, 2.4000000000e+01, 1.6724666667e+01, 1.2027516667e+04
 1500574800, 2.1008333333e+02, 1.6613333333e+02, 2.4000000000e+01, 1.6652333333e+01, 1.1626083333e+04
 1500575100, 2.1500000000e+02, 1.7400000000e+02, 2.4000000000e+01, 1.6674500000e+01, 1.2026750000e+04
 1500575400, 2.1500000000e+02, 1.7563333333e+02, 2.4000000000e+01, 1.6673666667e+01, 1.1829016667e+04
 1500575700, 2.1500000000e+02, 1.7353333333e+02, 2.4000000000e+01, 1.6704500000e+01, 1.2040583333e+04
 1500576000, 1.9208333333e+02, 1.5200000000e+02, 2.3166666667e+01, 1.6758333333e+01, 1.6261616667e+04
 1500576300, 1.7191666667e+02, 1.3483333333e+02, 2.2433333333e+01, 1.6775500000e+01, 1.2206633333e+04
 1500576600, 2.1500000000e+02, 1.7396666667e+02, 2.4000000000e+01, 1.6806166667e+01, 1.2028966667e+04
 1500576900, 2.1500000000e+02, 1.7200000000e+02, 2.4000000000e+01, 1.6817833333e+01, 1.3869500000e+04
 1500577200, 2.1500000000e+02, 1.7363333333e+02, 2.4000000000e+01, 1.6807000000e+01, 1.2032333333e+04
 1500577500, 2.1500000000e+02, 1.7400000000e+02, 2.4000000000e+01, 1.6738833333e+01, 1.2025866667e+04
 1500577800, 2.1083333333e+02, 1.7066666667e+02, 2.4000000000e+01, 1.6716500000e+01, 1.3081583333e+04
 1500578100, 2.0283333333e+02, 1.6383333333e+02, 2.4000000000e+01, 1.6752333333e+01, 1.1748650000e+04
 1500578400, 1.9575000000e+02, 1.5646666667e+02, 2.4300000000e+01, 1.6787333333e+01, 1.2225016667e+04
 1500578700, 2.4000000000e+02, 1.8400000000e+02, 4.2000000000e+01, 1.6824166667e+01, 1.2031633333e+04
 1500579000, 2.1958333333e+02, 1.6930000000e+02, 3.3833333333e+01, 1.6593833333e+01, 1.4013566667e+04
 1500579300, 2.3041666667e+02, 1.7710000000e+02, 3.6933333333e+01, 1.6382833333e+01, 1.4195666667e+04
 1500579600, 2.3583333333e+02, 1.8316666667e+02, 3.6666666667e+01, 1.6235666667e+01, 1.1837200000e+04
 1500579900, 2.3216666667e+02, 1.8243333333e+02, 3.3733333333e+01, 1.6146500000e+01, 1.4199583333e+04
 1500580200, 2.4008333333e+02, 1.8403333333e+02, 4.0033333333e+01, 1.6050166667e+01, 1.2001450000e+04
 1500580500, 2.4500000000e+02, 1.8600000000e+02, 4.2000000000e+01, 1.5994666667e+01, 9.8614000000e+03
 1500580800, 2.4500000000e+02, 1.8926666667e+02, 3.8733333333e+01, 1.5943500000e+01, 1.2018516667e+04
 1500581100, 2.2958333333e+02, 1.8383333333e+02, 2.9366666667e+01, 1.5903333333e+01, 1.2022183333e+04
 1500581400, 2.2000000000e+02, 1.8000000000e+02, 2.4000000000e+01, 1.5922500000e+01, 1.2022300000e+04
 1500581700, 2.2000000000e+02, 1.8000000000e+02, 2.4000000000e+01, 1.5891333333e+01, 1.2018850000e+04
 1500582000, 2.1983333333e+02, 1.7986666667e+02, 2.4000000000e+01, 1.5851500000e+01, 1.1685150000e+04
 1500582300, 2.1000000000e+02, 1.7200000000e+02, 2.4000000000e+01, 1.5839666667e+01, 1.2020216667e+04
 1500582600, 2.1408333333e+02, 1.7363333333e+02, 2.4000000000e+01, 1.5878833333e+01, 1.1862966667e+04
 1500582900, 2.1500000000e+02, 1.7400000000e+02, 2.4000000000e+01, 1.5914666667e+01, 1.2021000000e+04
 1500583200, 2.1083333333e+02, 1.6983333333e+02, 2.4000000000e+01, 1.5933000000e+01, 1.2032000000e+04
 1500583500, 2.1366666667e+02, 1.6920000000e+02, 2.7900000000e+01, 1.5883500000e+01, 1.2017816667e+04
 1500583800, 2.4458333333e+02, 1.8786666667e+02, 4.1700000000e+01, 1.5853500000e+01, 1.2016366667e+04
 1500584100, 2.2000000000e+02, 1.8000000000e+02, 2.4000000000e+01, 1.5836000000e+01, 1.1860816667e+04
 1500584400, 2.1591666667e+02, 1.7510000000e+02, 2.4000000000e+01, 1.5849166667e+01, 9.6654000000e+03
 1500584700, 2.1808333333e+02, 1.7646666667e+02, 2.4000000000e+01, 1.5898500000e+01, 1.2006400000e+04
 1500585000, 2.1791666667e+02, 1.7550000000e+02, 2.4000000000e+01, 1.5936666667e+01, 9.8851166667e+03
 1500585300, 2.1500000000e+02, 1.7200000000e+02, 2.4000000000e+01, 1.5966166667e+01, 1.2019516667e+04
 1500585600, 2.1500000000e+02, 1.7203333333e+02, 2.4000000000e+01, 1.5935666667e+01, 1.4013166667e+04
 1500585900, 2.1500000000e+02, 1.7400000000e+02, 2.4000000000e+01, 1.5960666667e+01, 1.2018816667e+04
 1500586200, 2.1500000000e+02, 1.7236666667e+02, 2.4000000000e+01, 1.6020833333e+01, 1.4194800000e+04
 1500586500, 2.1500000000e+02, 1.7200000000e+02, 2.4000000000e+01, 1.6022833333e+01, 1.4151183333e+04
 1500586800, 2.1500000000e+02, 1.7283333333e+02, 2.4000000000e+01, 1.5952833333e+01, 1.2014416667e+04
 1500587100, 2.1391666667e+02, 1.7183333333e+02, 2.4866666667e+01, 1.5915333333e+01, 1.4196316667e+04
 1500587400, 2.1033333333e+02, 1.6410000000e+02, 2.8200000000e+01, 1.5875333333e+01, 1.2002983333e+04
 1500587700, 2.3000000000e+02, 1.7000000000e+02, 4.0000000000e+01, 1.5848833333e+01, 9.8837666667e+03
 1500588000, 2.3816666667e+02, 1.8143333333e+02, 4.0000000000e+01, 1.5892833333e+01, 1.2021900000e+04
 1500588300, 1.9683333333e+02, 1.4576666667e+02, 3.5066666667e+01, 1.5875500000e+01, 1.1686833333e+04
 1500588600, 1.9083333333e+02, 1.4616666667e+02, 2.8666666667e+01, 1.5904500000e+01, 1.2014383333e+04
 1500588900, 2.2000000000e+02, 1.7956666667e+02, 2.4000000000e+01, 1.5909500000e+01, 1.4196416667e+04
 1500589200, 2.1991666667e+02, 1.7790000000e+02, 2.4000000000e+01, 1.5867333333e+01, 1.2016416667e+04
 1500589500, 2.1500000000e+02, 1.7200000000e+02, 2.4000000000e+01, 1.5870666667e+01, 1.2887350000e+04
 1500589800, 2.1908333333e+02, 1.7853333333e+02, 2.4000000000e+01, 1.5906666667e+01, 1.2200116667e+04
 1500590100, 2.2000000000e+02, 1.8000000000e+02, 2.4000000000e+01, 1.5881333333e+01, 1.2023616667e+04
 1500590400, 2.2000000000e+02, 1.8000000000e+02, 2.4000000000e+01, 1.5906666667e+01, 1.2017450000e+04
 1500590700, 2.2000000000e+02, 1.8000000000e+02, 2.4000000000e+01, 1.5887466667e+01, 1.1700233333e+04
 1500591000, 2.1983333333e+02, 1.7983333333e+02, 2.4000000000e+01, 1.5871666667e+01, 1.2020600000e+04
 1500591300, 2.1000000000e+02, 1.7000000000e+02, 2.4000000000e+01, 1.5892666667e+01, 1.1863800000e+04
 1500591600, 2.1000000000e+02, 1.7000000000e+02, 2.4000000000e+01, 1.5936666667e+01, 1.2020816667e+04
 1500591900, 2.1308333333e+02, 1.7246666667e+02, 2.4000000000e+01, 1.5968333333e+01, 1.1867816667e+04
 1500592200, 2.1500000000e+02, 1.7400000000e+02, 2.4000000000e+01, 1.5969000000e+01, 1.2021766667e+04
 1500592500, 2.1283333333e+02, 1.7226666667e+02, 2.4000000000e+01, 1.5944666667e+01, 1.4246016667e+04
 1500592800, 2.0516666667e+02, 1.6613333333e+02, 2.4000000000e+01, 1.5907333333e+01, 1.2025300000e+04
 1500593100, 2.1500000000e+02, 1.7400000000e+02, 2.4000000000e+01, 1.5871333333e+01, 1.1687133333e+04
 1500593400, 2.1500000000e+02, 1.7400000000e+02, 2.4000000000e+01, 1.5849666667e+01, 1.2017000000e+04
 1500593700, 2.3041666667e+02, 1.8016666667e+02, 3.3866666667e+01, 1.5846000000e+01, 1.2017233333e+04
 1500594000, 2.4000000000e+02, 1.8400000000e+02, 3.9166666667e+01, 1.5847666667e+01, 1.4196766667e+04
 1500594300, 2.3458333333e+02, 1.7923333333e+02, 3.7566666667e+01, 1.5833666667e+01, 1.1862733333e+04
 1500594600, 2.1508333333e+02, 1.6230000000e+02, 3.5800000000e+01, 1.5834000000e+01, 1.2016416667e+04
 1500594900, 2.2000000000e+02, 1.8000000000e+02, 2.4000000000e+01, 1.5845000000e+01, 1.4201150000e+04
 1500595200, 2.1591666667e+02, 1.7673333333e+02, 2.4000000000e+01, 1.5900833333e+01, 1.2020333333e+04
 1500595500, 2.1808333333e+02, 1.7846666667e+02, 2.4000000000e+01, 1.5942500000e+01, 1.2198116667e+04
 1500595800, 2.1583333333e+02, 1.7583333333e+02, 2.4000000000e+01, 1.5970433333e+01, 1.2023140000e+04
 1500596100, 2.1216666667e+02, 1.7216666667e+02, 2.4000000000e+01, 1.5930966667e+01, 1.2020650000e+04
 1500596400, 2.2000000000e+02, 1.7996666667e+02, 2.4000000000e+01, 1.5903300000e+01, 1.4016166667e+04
 1500596700, 2.2000000000e+02, 1.7800000000e+02, 2.4000000000e+01, 1.5871833333e+01, 1.2021183333e+04
 1500597000, 2.1591666667e+02, 1.7636666667e+02, 2.4000000000e+01, 1.5894500000e+01, 1.4195583333e+04
 1500597300, 2.1500000000e+02, 1.7476666667e+02, 2.4000000000e+01, 1.5899500000e+01, 1.2022416667e+04
 1500597600, 2.1500000000e+02, 1.7233333333e+02, 2.5666666667e+01, 1.5885666667e+01, 1.4046616667e+04
 1500597900, 2.1500000000e+02, 1.7086666667e+02, 2.7133333333e+01, 1.5865466667e+01, 9.8439233333e+03
 1500598200, 2.1500000000e+02, 1.7400000000e+02, 2.4000000000e+01, 1.5873333333e+01, 9.6607000000e+03
 1500598500, 2.3493333333e+02, 1.7998000000e+02, 3.5960000000e+01, 1.5875233333e+01, 1.2197080000e+04
 1500598800, 2.4316666667e+02, 1.8490000000e+02, 4.0900000000e+01, 1.4621000000e+01, 1.1116550000e+04
 1500599100, 1.2475000000e+02, 8.4866666667e+01, 2.2266666667e+01, 1.0897166667e+01, 8.9421333333e+03
 1500599400, 4.7916666667e+01, 2.2000000000e+01, 1.0000000000e+01, 7.9127666667e+00, 8.9389866667e+03
 1500599700, 4.6083333333e+01, 2.2000000000e+01, 1.0000000000e+01, 5.7703333333e+00, 8.9394333333e+03
 1500600000, 4.9916666667e+01, 2.2000000000e+01, 1.0000000000e+01, 4.1960000000e+00, 8.9398166667e+03
 1500600300, 4.5000000000e+01, 2.2000000000e+01, 1.0000000000e+01, 3.0525000000e+00, 8.9415666667e+03
 1500600600, 4.5000000000e+01, 2.2000000000e+01, 1.0000000000e+01, 2.2254000000e+00, 8.9412500000e+03
 1500600900, 4.5000000000e+01, 2.2000000000e+01, 1.0000000000e+01, 1.6276666667e+00, 8.9391666667e+03
 1500601200, 4.5000000000e+01, 2.2000000000e+01, 1.0000000000e+01, 1.1920000000e+00, 8.9388333333e+03
 1500601500, 4.5000000000e+01, 2.2000000000e+01, 1.0000000000e+01, 8.7383333333e-01, 8.9400666667e+03
 1500601800, 4.5000000000e+01, 2.2000000000e+01, 1.0000000000e+01, 6.5066666667e-01, 8.9401333333e+03
 1500602100, 4.5000000000e+01, 2.2000000000e+01, 1.0000000000e+01, 4.7766666667e-01, 8.9394000000e+03
 1500602400, 4.5000000000e+01, 2.2000000000e+01, 1.0000000000e+01, 3.5233333333e-01, 8.9400000000e+03
 1500602700, 4.5000000000e+01, 2.2000000000e+01, 1.0000000000e+01, 2.7490000000e-01, 8.9444033333e+03
 1500603000, 4.7083333333e+01, 2.2000000000e+01, 1.0000000000e+01, 2.2566666667e-01, 8.9405833333e+03
 1500603300, 4.8916666667e+01, 2.2000000000e+01, 1.0000000000e+01, 1.8916666667e-01, 8.9398000000e+03
 1500603600, 4.5083333333e+01, 2.2066666667e+01, 1.0033333333e+01, 1.5350000000e-01, 8.9384000000e+03
 1500603900, 5.0000000000e+01, 2.6000000000e+01, 1.2000000000e+01, 1.1966666667e-01, 8.9383766667e+03
 1500604200, 4.5916666667e+01, 2.2733333333e+01, 1.0366666667e+01, 9.9833333333e-02, 8.9388333333e+03
 1500604500, 4.5000000000e+01, 2.2000000000e+01, 1.0000000000e+01, 9.7833333333e-02, 8.9397833333e+03
 1500604800, 4.5000000000e+01, 2.2000000000e+01, 1.0000000000e+01, 9.6000000000e-02, 8.9398000000e+03
 1500605100, 4.6083333333e+01, 2.2000000000e+01, 1.0000000000e+01, 8.7833333333e-02, 8.9402333333e+03
 1500605400, 4.9916666667e+01, 2.2000000000e+01, 1.0000000000e+01, 7.1833333333e-02, 8.9405666667e+03
 1500605700, 4.5000000000e+01, 2.2000000000e+01, 1.0000000000e+01, 6.3666666667e-02, 8.9395000000e+03
 1500606000, 4.9083333333e+01, 2.2000000000e+01, 1.0000000000e+01, 5.0000000000e-02, 8.9400333333e+03
 1500606300, 5.0000000000e+01, 2.3233333333e+01, 1.0000000000e+01, 5.0000000000e-02, 8.9400166667e+03
 1500606600, 4.7916666667e+01, 2.3166666667e+01, 1.0000000000e+01, 5.0000000000e-02, 8.9395900000e+03
 1500606900, 4.5000000000e+01, 2.2000000000e+01, 1.0000000000e+01, 5.1866666667e-02, 8.9415766667e+03
 1500607200, 4.5083333333e+01, 2.2000000000e+01, 1.0000000000e+01, 5.0000000000e-02, 8.9412000000e+03
 1500607500, 5.0000000000e+01, 2.2000000000e+01, 1.0000000000e+01, 5.2000000000e-02, 8.9402000000e+03
 1500607800, 4.5916666667e+01, 2.2000000000e+01, 1.0000000000e+01, 5.0000000000e-02, 8.9408166667e+03
 1500608100, 4.5000000000e+01, 2.2000000000e+01, 1.0000000000e+01, 5.0000000000e-02, 8.9402000000e+03
 1500608400, 4.7083333333e+01, 2.2000000000e+01, 1.0000000000e+01, 5.0000000000e-02, 8.9402166667e+03
 1500608700, 5.0000000000e+01, 2.2000000000e+01, 1.0000000000e+01, 5.0000000000e-02, 8.9402333333e+03
 1500609000, 4.9916666667e+01, 2.2000000000e+01, 1.0000000000e+01, 5.0000000000e-02, 8.9417000000e+03
 1500609300, 4.5000000000e+01, 2.2000000000e+01, 1.0000000000e+01, 5.2000000000e-02, 8.9418000000e+03
 1500609600, 4.5000000000e+01, 2.2000000000e+01, 1.0000000000e+01, 5.2000000000e-02, 8.9402166667e+03
 1500609900, 4.8083333333e+01, 2.2000000000e+01, 1.0000000000e+01, 5.0000000000e-02, 8.9406333333e+03
 1500610200, 5.0000000000e+01, 2.3666666667e+01, 1.0000000000e+01, 5.0000000000e-02, 8.9417500000e+03
 1500610500, 5.0000000000e+01, 2.5133333333e+01, 1.0000000000e+01, 5.0000000000e-02, 8.9408166667e+03
 1500610800, 4.9916666667e+01, 2.2000000000e+01, 1.0000000000e+01, 5.6000000000e-02, 8.9403833333e+03
 1500611100, 4.5000000000e+01, 2.2000000000e+01, 1.0000000000e+01, 5.1966666667e-02, 8.9397933333e+03
 1500611400, 4.5000000000e+01, 2.2000000000e+01, 1.0000000000e+01, 5.0000000000e-02, 8.9400000000e+03
 1500611700, 4.5000000000e+01, 2.2000000000e+01, 1.0000000000e+01, 5.0000000000e-02, 8.9406166667e+03
 1500612000, 4.5000000000e+01, 2.2000000000e+01, 1.0000000000e+01, 5.0000000000e-02, 8.9412000000e+03
 1500612300, 4.6083333333e+01, 2.2000000000e+01, 1.0000000000e+01, 6.0166666667e-02, 8.9402000000e+03
 1500612600, 4.9916666667e+01, 2.2000000000e+01, 1.0000000000e+01, 5.1833333333e-02, 8.9401833333e+03
 1500612900, 4.5000000000e+01, 2.2000000000e+01, 1.0000000000e+01, 5.4000000000e-02, 8.9408500000e+03
 1500613200, 4.5000000000e+01, 2.2000000000e+01, 1.0000000000e+01, 5.0000000000e-02, 8.9413666667e+03
 1500613500, 4.8083333333e+01, 2.2000000000e+01, 1.0000000000e+01, 6.0500000000e-02, 8.9412333333e+03
 1500613800, 5.0000000000e+01, 2.2000000000e+01, 1.0000000000e+01, 8.0166666667e-02, 8.9431833333e+03
 1500614100, 5.0000000000e+01, 2.2000000000e+01, 1.0000000000e+01, 7.9833333333e-02, 8.9420000000e+03
 1500614400, 5.0000000000e+01, 2.2000000000e+01, 1.0000000000e+01, 7.1833333333e-02, 8.9412166667e+03
 1500614700, 5.0000000000e+01, 2.2000000000e+01, 1.0000000000e+01, 6.1833333333e-02, 8.9428000000e+03
 1500615000, 4.5916666667e+01, 2.2000000000e+01, 1.0000000000e+01, 5.1833333333e-02, 8.9428000000e+03
 1500615300, 4.8083333333e+01, 2.2000000000e+01, 1.0000000000e+01, 6.0000000000e-02, 8.9419666667e+03
 1500615600, 5.0000000000e+01, 2.2000000000e+01, 1.0000000000e+01, 5.4000000000e-02, 8.9410333333e+03
 1500615900, 4.8916666667e+01, 2.2000000000e+01, 1.0000000000e+01, 5.4000000000e-02, 8.9411833333e+03
 1500616200, 4.5083333333e+01, 2.2000000000e+01, 1.0000000000e+01, 5.0000000000e-02, 8.9424166667e+03
 1500616500, 5.0000000000e+01, 2.2000000000e+01, 1.0000000000e+01, 5.6000000000e-02, 8.9424000000e+03
 1500616800, 5.0000000000e+01, 2.3633333333e+01, 1.0000000000e+01, 5.4166666667e-02, 8.9426000000e+03
 1500617100, 5.3083333333e+01, 2.5233333333e+01, 1.1233333333e+01, 5.7833333333e-02, 8.9434333333e+03
 1500617400, 5.2916666667e+01, 2.4333333333e+01, 1.1166666667e+01, 5.0000000000e-02, 8.9435833333e+03
 1500617700, 5.1083333333e+01, 2.2866666667e+01, 1.0433333333e+01, 5.0000000000e-02, 8.9440000000e+03
 1500618000, 5.4833333333e+01, 2.5933333333e+01, 1.1966666667e+01, 5.0000000000e-02, 8.9426333333e+03
 1500618300, 4.5000000000e+01, 2.2000000000e+01, 1.0000000000e+01, 5.2000000000e-02, 8.9429666667e+03
 1500618600, 4.5000000000e+01, 2.2000000000e+01, 1.0000000000e+01, 5.0000000000e-02, 8.9434000000e+03
 1500618900, 4.5000000000e+01, 2.2000000000e+01, 1.0000000000e+01, 5.2000000000e-02, 8.9427833333e+03
 1500619200, 4.7083333333e+01, 2.2000000000e+01, 1.0000000000e+01, 5.2000000000e-02, 8.9428166667e+03
 1500619500, 4.8916666667e+01, 2.2000000000e+01, 1.0000000000e+01, 5.6333333333e-02, 8.9436000000e+03
 1500619800, 4.5083333333e+01, 2.2000000000e+01, 1.0000000000e+01, 6.1666666667e-02, 8.9446500000e+03
 1500620100, 5.0000000000e+01, 2.2000000000e+01, 1.0000000000e+01, 5.0000000000e-02, 8.9458166667e+03
 1500620400, 4.5916666667e+01, 2.2000000000e+01, 1.0000000000e+01, 5.0000000000e-02, 8.9444000000e+03
 1500620700, 4.5000000000e+01, 2.2000000000e+01, 1.0000000000e+01, 5.0000000000e-02, 8.9455166667e+03
 1500621000, 4.7083333333e+01, 2.2000000000e+01, 1.0000000000e+01, 5.0000000000e-02, 8.9426333333e+03
 1500621300, 4.8916666667e+01, 2.2000000000e+01, 1.0000000000e+01, 5.0000000000e-02, 8.9430000000e+03
 1500621600, 4.5000000000e+01, 2.2000000000e+01, 1.0000000000e+01, 5.0166666667e-02, 8.9430000000e+03
 1500621900, 4.5000000000e+01, 2.2000000000e+01, 1.0000000000e+01, 6.8166666667e-02, 8.9436333333e+03
 1500622200, 4.5000000000e+01, 2.2000000000e+01, 1.0000000000e+01, 6.5666666667e-02, 8.9442500000e+03
 1500622500, 4.5000000000e+01, 2.2000000000e+01, 1.0000000000e+01, 5.4000000000e-02, 8.9467666667e+03
 1500622800, 4.5000000000e+01, 2.2000000000e+01, 1.0000000000e+01, 5.0000000000e-02, 8.9446000000e+03
 1500623100, 4.5000000000e+01, 2.2000000000e+01, 1.0000000000e+01, 5.2000000000e-02, 8.9438166667e+03
 1500623400, 4.5083333333e+01, 2.2066666667e+01, 1.0033333333e+01, 5.2166666667e-02, 8.9446000000e+03
 1500623700, 5.0000000000e+01, 2.6000000000e+01, 1.2000000000e+01, 5.7833333333e-02, 8.9452666667e+03
 1500624000, 5.0000000000e+01, 2.6000000000e+01, 1.0366666667e+01, 5.0000000000e-02, 8.9456500000e+03
 1500624300, 4.6916666667e+01, 2.3533333333e+01, 1.0000000000e+01, 5.0000000000e-02, 8.9430000000e+03
 1500624600, 4.5000000000e+01, 2.2000000000e+01, 1.0000000000e+01, 5.2000000000e-02, 8.9436166667e+03
 1500624900, 4.5000000000e+01, 2.2000000000e+01, 1.0000000000e+01, 5.0000000000e-02, 8.9438000000e+03
 1500625200, 4.5000000000e+01, 2.2000000000e+01, 1.0000000000e+01, 5.0000000000e-02, 8.9439833333e+03
 1500625500, 4.5000000000e+01, 2.2000000000e+01, 1.0000000000e+01, 5.2333333333e-02, 8.9446000000e+03
 1500625800, 4.5000000000e+01, 2.2000000000e+01, 1.0000000000e+01, 7.1833333333e-02, 8.9435833333e+03
 1500626100, 4.5000000000e+01, 2.2000000000e+01, 1.0000000000e+01, 6.2166666667e-02, 8.9432166667e+03
 1500626400, 4.7083333333e+01, 2.2000000000e+01, 1.0000000000e+01, 6.5666666667e-02, 8.9444000000e+03
 1500626700, 4.8916666667e+01, 2.2000000000e+01, 1.0000000000e+01, 5.0000000000e-02, 8.9454166667e+03
 1500627000, 4.5083333333e+01, 2.2000000000e+01, 1.0000000000e+01, 5.0000000000e-02, 8.9446000000e+03
 1500627300, 5.0000000000e+01, 2.2000000000e+01, 1.0000000000e+01, 5.2000000000e-02, 8.9434166667e+03
 1500627600, 5.0000000000e+01, 2.3633333333e+01, 1.0000000000e+01, 5.2000000000e-02, 8.9446000000e+03
 1500627900, 4.6916666667e+01, 2.2766666667e+01, 1.0000000000e+01, 5.2166666667e-02, 8.9447833333e+03
 1500628200, 4.5000000000e+01, 2.2000000000e+01, 1.0000000000e+01, 6.2000000000e-02, 8.9443833333e+03
 1500628500, 4.5000000000e+01, 2.2000000000e+01, 1.0000000000e+01, 5.5833333333e-02, 8.9448333333e+03
 1500628800, 4.5000000000e+01, 2.2000000000e+01, 1.0000000000e+01, 5.0000000000e-02, 8.9453833333e+03
 1500629100, 4.5000000000e+01, 2.2000000000e+01, 1.0000000000e+01, 5.0000000000e-02, 8.9456000000e+03
 1500629400, 4.5000000000e+01, 2.2000000000e+01, 1.0000000000e+01, 5.4166666667e-02, 8.9461833333e+03
 1500629700, 4.5000000000e+01, 2.2000000000e+01, 1.0000000000e+01, 5.3833333333e-02, 8.9450500000e+03
 1500630000, 4.7083333333e+01, 2.2000000000e+01, 1.0833333333e+01, 5.0000000000e-02, 8.9466500000e+03
 1500630300, 5.0000000000e+01, -nan, 1.2000000000e+01, 5.0000000000e-02, 8.9457333333e+03
 1500630600, -nan, -nan, 1.2000000000e+01, 5.2000000000e-02, -nan
 1500630900, -nan, -nan, 1.2000000000e+01, 5.0000000000e-02, -nan
 1500631200, -nan, -nan, 1.0366666667e+01, 5.6166666667e-02, -nan
 1500631500, -nan, -nan, 1.0000000000e+01, 6.0000000000e-02, -nan
 1500631800, -nan, -nan, 1.0000000000e+01, -nan, -nan
 1500632100, -nan, -nan, 1.0000000000e+01, -nan, -nan
 1500632400, -nan, -nan, -nan, -nan, -nan
 1500632700, -nan, -nan, -nan, -nan, -nan
 1500633000, -nan, -nan, -nan, -nan, -nan
 1500633300, -nan, -nan, -nan, -nan, -nan
 1500633600, -nan, -nan, -nan, -nan, -nan
 1500633900, -nan, -nan, -nan, -nan, -nan
 1500634200, -nan, -nan, -nan, -nan, -nan
 1500634500, -nan, -nan, -nan, -nan, -nan
 1500634800, -nan, -nan, -nan, -nan, -nan
