 Time, ttl_pwr, cpu_pwr, mem_pwr, cpu_load, mem_load
 1500441000, 5,5000000000e+01, 2,6000000000e+01, 1,0000000000e+01, 5,0000000000e-02, 7,4150000000e+03
 1500441300, 5,5000000000e+01, 2,4346666667e+01, 1,0000000000e+01, 5,0000000000e-02, 7,4156000000e+03
 1500441600, 5,5000000000e+01, 2,4000000000e+01, 1,0000000000e+01, 5,0000000000e-02, 7,4154266667e+03
 1500441900, 5,5000000000e+01, 2,4853333333e+01, 1,0853333333e+01, 5,0000000000e-02, 7,4156566667e+03
 1500442200, 5,5000000000e+01, 2,6000000000e+01, 1,2000000000e+01, 5,0000000000e-02, 7,4155733333e+03
 1500442500, 5,5000000000e+01, 2,6000000000e+01, 1,2000000000e+01, 5,0000000000e-02, 7,4162266667e+03
 1500442800, 5,5000000000e+01, 2,6000000000e+01, 1,2000000000e+01, 5,0000000000e-02, 7,4158000000e+03
 1500443100, 5,5000000000e+01, 2,6000000000e+01, 1,2000000000e+01, 5,0000000000e-02, 7,4162266667e+03
 1500443400, 5,5000000000e+01, 2,6000000000e+01, 1,0746666667e+01, 5,0000000000e-02, 7,4164266667e+03
 1500443700, 5,5000000000e+01, 2,6000000000e+01, 1,0853333333e+01, 5,0000000000e-02, 7,4168400000e+03
 1500444000, 5,5000000000e+01, 2,6000000000e+01, 1,1546666667e+01, 5,0000000000e-02, 7,4154300000e+03
 1500444300, 5,5000000000e+01, 2,6000000000e+01, 1,0000000000e+01, 5,0000000000e-02, 7,4162266667e+03
 1500444600, 5,5000000000e+01, 2,6000000000e+01, 1,0000000000e+01, 5,0266666667e-02, 7,4174266667e+03
 1500444900, 5,5000000000e+01, 2,6000000000e+01, 1,0000000000e+01, 5,3733333333e-02, 7,4169200000e+03
 1500445200, 5,5000000000e+01, 2,4746666667e+01, 1,1253333333e+01, 5,0000000000e-02, 7,4166266667e+03
 1500445500, 5,5000000000e+01, 2,4000000000e+01, 1,1146666667e+01, 5,0000000000e-02, 7,4172266667e+03
 1500445800, 5,3866666667e+01, 2,4000000000e+01, 1,0000000000e+01, 5,0000000000e-02, 7,4177733333e+03
 1500446100, 5,0133333333e+01, 2,4000000000e+01, 1,0000000000e+01, 5,0000000000e-02, 7,4178266667e+03
 1500446400, 5,5000000000e+01, 2,4000000000e+01, 1,0000000000e+01, 5,0000000000e-02, 7,4188000000e+03
 1500446700, 5,0866666667e+01, 2,4000000000e+01, 1,0000000000e+01, 5,0000000000e-02, 7,4190266667e+03
 1500447000, 5,3133333333e+01, 2,4000000000e+01, 1,0000000000e+01, 5,0000000000e-02, 7,4177733333e+03
 1500447300, 5,2866666667e+01, 2,4000000000e+01, 1,0000000000e+01, 5,0000000000e-02, 7,4171733333e+03
 1500447600, 5,0000000000e+01, 2,4000000000e+01, 1,0000000000e+01, 5,0000000000e-02, 7,4172533333e+03
 1500447900, 5,0133333333e+01, 2,4000000000e+01, 1,0000000000e+01, 5,0000000000e-02, 7,4171733333e+03
 1500448200, 5,5000000000e+01, 2,4000000000e+01, 1,0000000000e+01, 5,0000000000e-02, 7,4174000000e+03
 1500448500, 5,5000000000e+01, 2,5653333333e+01, 1,0000000000e+01, 5,0000000000e-02, 7,4176000000e+03
 1500448800, 5,5000000000e+01, 2,6000000000e+01, 1,0000000000e+01, 5,0000000000e-02, 7,4176266667e+03
 1500449100, 5,5000000000e+01, 2,5146666667e+01, 1,0000000000e+01, 5,4000000000e-02, 7,4179733333e+03
 1500449400, 5,5000000000e+01, 2,4453333333e+01, 1,0453333333e+01, 5,0000000000e-02, 7,4182266667e+03
 1500449700, 5,5000000000e+01, 2,6000000000e+01, 1,1946666667e+01, 5,0000000000e-02, 7,4169733333e+03
 1500450000, 5,5000000000e+01, 2,6000000000e+01, 1,0000000000e+01, 5,0000000000e-02, 7,4170000000e+03
 1500450300, 5,5000000000e+01, 2,6000000000e+01, 1,0000000000e+01, 5,0000000000e-02, 7,4174333333e+03
 1500450600, 5,5000000000e+01, 2,4746666667e+01, 1,0000000000e+01, 5,2000000000e-02, 7,4173466667e+03
 1500450900, 5,2866666667e+01, 2,4000000000e+01, 1,0000000000e+01, 5,0000000000e-02, 7,4170266667e+03
 1500451200, 5,1133333333e+01, 2,4453333333e+01, 1,0000000000e+01, 5,0000000000e-02, 7,4176533333e+03
 1500451500, 5,5000000000e+01, 2,5946666667e+01, 1,0000000000e+01, 5,0000000000e-02, 7,4181733333e+03
 1500451800, 5,5000000000e+01, 2,4000000000e+01, 1,0000000000e+01, 5,0000000000e-02, 7,4179466667e+03
 1500452100, 5,0883333333e+01, 2,4000000000e+01, 1,0000000000e+01, 5,0000000000e-02, 7,4180233333e+03
 1500452400, 5,3133333333e+01, 2,4000000000e+01, 1,0000000000e+01, 5,0000000000e-02, 7,4172000000e+03
 1500452700, 5,2866666667e+01, 2,4000000000e+01, 1,0000000000e+01, 5,0000000000e-02, 7,4164000000e+03
 1500453000, 5,1133333333e+01, 2,4453333333e+01, 1,0000000000e+01, 5,0000000000e-02, 7,4168000000e+03
 1500453300, 5,5000000000e+01, 2,5946666667e+01, 1,0053333333e+01, 5,0000000000e-02, 7,4168266667e+03
 1500453600, 5,5000000000e+01, 2,4000000000e+01, 1,2000000000e+01, 5,0000000000e-02, 7,4178000000e+03
 1500453900, 5,5000000000e+01, 2,4000000000e+01, 1,0346666667e+01, 5,0000000000e-02, 7,4178066667e+03
 1500454200, 5,5000000000e+01, 2,4000000000e+01, 1,0000000000e+01, 5,0000000000e-02, 7,4179733333e+03
 1500454500, 5,2866666667e+01, 2,4000000000e+01, 1,0000000000e+01, 5,0000000000e-02, 7,4180266667e+03
 1500454800, 5,0000000000e+01, 2,4000000000e+01, 1,0000000000e+01, 5,0000000000e-02, 7,4180266667e+03
 1500455100, 5,0266666667e+01, 2,4106666667e+01, 1,0106666667e+01, 5,0000000000e-02, 7,4182000000e+03
 1500455400, 6,0000000000e+01, 2,8000000000e+01, 1,4000000000e+01, 6,2266666667e-02, 7,4176000000e+03
 1500455700, 5,1733333333e+01, 2,4693333333e+01, 1,0693333333e+01, 5,1733333333e-02, 7,4183733333e+03
 1500456000, 5,0000000000e+01, 2,4000000000e+01, 1,0000000000e+01, 5,0000000000e-02, 7,4172000000e+03
 1500456300, 5,0000000000e+01, 2,4000000000e+01, 1,0000000000e+01, 5,0000000000e-02, 7,4172266667e+03
 1500456600, 5,1133333333e+01, 2,4000000000e+01, 1,0000000000e+01, 5,0266666667e-02, 7,4182533333e+03
 1500456900, 5,5000000000e+01, 2,4053333333e+01, 1,0000000000e+01, 6,0000000000e-02, 7,4182000000e+03
 1500457200, 5,5000000000e+01, 2,6000000000e+01, 1,0000000000e+01, 6,4000000000e-02, 7,4188000000e+03
 1500457500, 5,5000000000e+01, 2,4346666667e+01, 1,0000000000e+01, 5,9733333333e-02, 7,4184533333e+03
 1500457800, 5,5000000000e+01, 2,5253333333e+01, 1,0000000000e+01, 5,0000000000e-02, 7,4196266667e+03
 1500458100, 5,5000000000e+01, 2,5146666667e+01, 1,0000000000e+01, 5,0000000000e-02, 7,4201733333e+03
 1500458400, 5,5000000000e+01, 2,4000000000e+01, 1,0000000000e+01, 5,0000000000e-02, 7,4194933333e+03
 1500458700, 5,4866666667e+01, 2,4000000000e+01, 1,0000000000e+01, 5,4000000000e-02, 7,4192000000e+03
 1500459000, 5,0000000000e+01, 2,4000000000e+01, 1,0000000000e+01, 5,0000000000e-02, 7,4191733333e+03
 1500459300, 5,4133333333e+01, 2,5653333333e+01, 1,1653333333e+01, 5,0000000000e-02, 7,4190000000e+03
 1500459600, 5,5000000000e+01, 2,6000000000e+01, 1,2000000000e+01, 5,0000000000e-02, 7,4188000000e+03
 1500459900, 5,5000000000e+01, 2,6000000000e+01, 1,2000000000e+01, 5,0000000000e-02, 7,4184000000e+03
 1500460200, 5,5000000000e+01, 2,5546666667e+01, 1,1546666667e+01, 5,0000000000e-02, 7,4182266667e+03
 1500460500, 5,5000000000e+01, 2,4053333333e+01, 1,0000000000e+01, 5,0000000000e-02, 7,4187466667e+03
 1500460800, 5,5000000000e+01, 2,6000000000e+01, 1,0000000000e+01, 5,0000000000e-02, 7,4192533333e+03
 1500461100, 5,5000000000e+01, 2,6000000000e+01, 1,1653333333e+01, 5,2000000000e-02, 7,4209733333e+03
 1500461400, 5,5000000000e+01, 2,4746666667e+01, 1,0746666667e+01, 5,0533333333e-02, 7,4196266667e+03
 1500461700, 5,5000000000e+01, 2,4000000000e+01, 1,0853333333e+01, 6,1466666667e-02, 7,4193733333e+03
 1500462000, 5,5000000000e+01, 2,4453333333e+01, 1,1546666667e+01, 5,2266666667e-02, 7,4192800000e+03
 1500462300, 5,5000000000e+01, 2,5946666667e+01, 1,0000000000e+01, 5,3733333333e-02, 7,4206000000e+03
 1500462600, 5,5000000000e+01, 2,4000000000e+01, 1,0000000000e+01, 5,0000000000e-02, 7,4203766667e+03
 1500462900, 5,5000000000e+01, 2,5653333333e+01, 1,0000000000e+01, 5,0000000000e-02, 7,4203466667e+03
 1500463200, 5,1866666667e+01, 2,4746666667e+01, 1,0000000000e+01, 5,2000000000e-02, 7,4192266667e+03
 1500463500, 5,2133333333e+01, 2,4853333333e+01, 1,0000000000e+01, 5,0000000000e-02, 7,4192000000e+03
 1500463800, 5,5000000000e+01, 2,6000000000e+01, 1,0000000000e+01, 5,0000000000e-02, 7,4200000000e+03
 1500464100, 5,5000000000e+01, 2,6000000000e+01, 1,0000000000e+01, 5,0000000000e-02, 7,4192000000e+03
 1500464400, 5,5000000000e+01, 2,6000000000e+01, 1,0000000000e+01, 5,0000000000e-02, 7,4202533333e+03
 1500464700, 5,5000000000e+01, 2,6000000000e+01, 1,1653333333e+01, 5,0000000000e-02, 7,4202000000e+03
 1500465000, 5,5000000000e+01, 2,6000000000e+01, 1,0746666667e+01, 5,0000000000e-02, 7,4199733333e+03
 1500465300, 5,5000000000e+01, 2,5146666667e+01, 1,0000000000e+01, 5,2000000000e-02, 7,4200000000e+03
 1500465600, 5,3866666667e+01, 2,4000000000e+01, 1,0000000000e+01, 5,0000000000e-02, 7,4210266667e+03
 1500465900, 5,0133333333e+01, 2,4053333333e+01, 1,0000000000e+01, 5,0000000000e-02, 7,4211466667e+03
 1500466200, 5,5000000000e+01, 2,6000000000e+01, 1,0000000000e+01, 5,0000000000e-02, 7,4198266667e+03
 1500466500, 5,5000000000e+01, 2,6000000000e+01, 1,0000000000e+01, 5,0000000000e-02, 7,4197733333e+03
 1500466800, 5,5000000000e+01, 2,6000000000e+01, 1,0000000000e+01, 5,0000000000e-02, 7,4214266667e+03
 1500467100, 5,5000000000e+01, 2,6000000000e+01, 1,0000000000e+01, 5,0000000000e-02, 7,4216266667e+03
 1500467400, 5,5000000000e+01, 2,6000000000e+01, 1,0000000000e+01, 5,2000000000e-02, 7,4204000000e+03
 1500467700, 5,5000000000e+01, 2,6000000000e+01, 1,0053333333e+01, 5,4800000000e-02, 7,4202000000e+03
 1500468000, 5,5000000000e+01, 2,6000000000e+01, 1,2000000000e+01, 6,9466666667e-02, 7,4208000000e+03
 1500468300, 5,0866666667e+01, 2,4346666667e+01, 1,0346666667e+01, 5,1733333333e-02, 7,4207733333e+03
 1500468600, 5,3133333333e+01, 2,5253333333e+01, 1,0000000000e+01, 5,2000000000e-02, 7,4204266667e+03
 1500468900, 5,5000000000e+01, 2,5146666667e+01, 1,0000000000e+01, 5,0000000000e-02, 7,4214266667e+03
 1500469200, 5,5000000000e+01, 2,4453333333e+01, 1,0000000000e+01, 5,0000000000e-02, 7,4216000000e+03
 1500469500, 5,5000000000e+01, 2,6000000000e+01, 1,0000000000e+01, 5,0000000000e-02, 7,4218000000e+03
 1500469800, 5,5000000000e+01, 2,6000000000e+01, 1,0000000000e+01, 5,0000000000e-02, 7,4216000000e+03
 1500470100, 5,5000000000e+01, 2,6000000000e+01, 1,0000000000e+01, 5,0000000000e-02, 7,4216266667e+03
 1500470400, 5,5000000000e+01, 2,6000000000e+01, 1,1253333333e+01, 5,2000000000e-02, 7,4209733333e+03
 1500470700, 5,5000000000e+01, 2,6000000000e+01, 1,1146666667e+01, 5,0000000000e-02, 7,4214266667e+03
 1500471000, 5,5000000000e+01, 2,6000000000e+01, 1,0000000000e+01, 5,0000000000e-02, 7,4218000000e+03
 1500471300, 5,5000000000e+01, 2,6000000000e+01, 1,0000000000e+01, 5,0266666667e-02, 7,4211733333e+03
 1500471600, 5,5000000000e+01, 2,6000000000e+01, 1,0000000000e+01, 5,1733333333e-02, 7,4210533333e+03
 1500471900, 5,0866666667e+01, 2,4346666667e+01, 1,0000000000e+01, 5,0000000000e-02, 7,4211733333e+03
 1500472200, 5,3133333333e+01, 2,5253333333e+01, 1,0000000000e+01, 5,0533333333e-02, 7,4210533333e+03
 1500472500, 5,5000000000e+01, 2,6000000000e+01, 1,0000000000e+01, 5,7466666667e-02, 7,4221733333e+03
 1500472800, 5,5000000000e+01, 2,6000000000e+01, 1,0000000000e+01, 5,0000000000e-02, 7,4216800000e+03
 1500473100, 5,5000000000e+01, 2,5946666667e+01, 1,0000000000e+01, 5,0000000000e-02, 7,4218400000e+03
 1500473400, 5,5000000000e+01, 2,4000000000e+01, 1,0000000000e+01, 5,0000000000e-02, 7,4211466667e+03
 1500473700, 5,5000000000e+01, 2,4000000000e+01, 1,0000000000e+01, 5,2033333333e-02, 7,4214833333e+03
 1500474000, 5,5000000000e+01, 2,4000000000e+01, 1,0000000000e+01, 5,4000000000e-02, 7,4217733333e+03
 1500474300, 5,5000000000e+01, 2,4000000000e+01, 1,0000000000e+01, 5,0000000000e-02, 7,4213733333e+03
 1500474600, 5,5000000000e+01, 2,4453333333e+01, 1,0000000000e+01, 5,0000000000e-02, 7,4208266667e+03
 1500474900, 5,5000000000e+01, 2,5946666667e+01, 1,0000000000e+01, 5,0000000000e-02, 7,4210000000e+03
 1500475200, 5,5000000000e+01, 2,4000000000e+01, 1,0000000000e+01, 5,0000000000e-02, 7,4217733333e+03
 1500475500, 5,5000000000e+01, 2,5653333333e+01, 1,0000000000e+01, 5,0000000000e-02, 7,4216266667e+03
 1500475800, 5,8133333333e+01, 2,7253333333e+01, 1,2506666667e+01, 5,0000000000e-02, 7,4226000000e+03
 1500476100, 5,7866666667e+01, 2,7146666667e+01, 1,3146666667e+01, 5,4000000000e-02, 7,4228266667e+03
 1500476400, 5,5000000000e+01, 2,6000000000e+01, 1,2000000000e+01, 5,0000000000e-02, 7,4216266667e+03
 1500476700, 5,4866666667e+01, 2,5946666667e+01, 1,1946666667e+01, 5,0000000000e-02, 7,4207466667e+03
 1500477000, 5,0000000000e+01, 2,4000000000e+01, 1,0000000000e+01, 5,0000000000e-02, 7,4215733333e+03
 1500477300, 5,4133333333e+01, 2,4000000000e+01, 1,0000000000e+01, 5,6000000000e-02, 7,4218233333e+03
 1500477600, 5,5000000000e+01, 2,5253333333e+01, 1,0000000000e+01, 5,0000000000e-02, 7,4218266667e+03
 1500477900, 5,5000000000e+01, 2,6000000000e+01, 1,0000000000e+01, 5,0000000000e-02, 7,4225733333e+03
 1500478200, 5,5000000000e+01, 2,6000000000e+01, 1,0000000000e+01, 5,0000000000e-02, 7,4224266667e+03
 1500478500, 5,5000000000e+01, 2,6000000000e+01, 1,0000000000e+01, 5,0000000000e-02, 7,4226000000e+03
 1500478800, 5,5000000000e+01, 2,6000000000e+01, 1,0000000000e+01, 5,0000000000e-02, 7,4230266667e+03
 1500479100, 5,5000000000e+01, 2,6000000000e+01, 1,0000000000e+01, 5,0000000000e-02, 7,4223466667e+03
 1500479400, 5,1866666667e+01, 2,4746666667e+01, 1,0000000000e+01, 5,0000000000e-02, 7,4216000000e+03
 1500479700, 5,2133333333e+01, 2,4000000000e+01, 1,0000000000e+01, 5,0000000000e-02, 7,4216266667e+03
 1500480000, 5,5000000000e+01, 2,4453333333e+01, 1,0000000000e+01, 5,1333333333e-02, 7,4222666667e+03
 1500480300, 5,5133333333e+01, 2,6000000000e+01, 1,0106666667e+01, 2,3146666667e-01, 7,4309733333e+03
 1500480600, 6,0000000000e+01, 2,6000000000e+01, 1,4000000000e+01, 4,6506666667e-01, 7,4304000000e+03
 1500480900, 6,8266666667e+01, 3,0960000000e+01, 1,7306666667e+01, 6,3573333333e-01, 7,4301733333e+03
 1500481200, 6,6866666667e+01, 3,2000000000e+01, 1,6746666667e+01, 7,6946666667e-01, 7,4312000000e+03
 1500481500, 6,0733333333e+01, 2,9440000000e+01, 1,4293333333e+01, 8,7013333333e-01, 7,4306266667e+03
 1500481800, 5,6133333333e+01, 2,6906666667e+01, 1,2453333333e+01, 9,4533333333e-01, 7,4313733333e+03
 1500482100, 6,0133333333e+01, 3,0000000000e+01, 1,4106666667e+01, 9,9133333333e-01, 7,4287466667e+03
 1500482400, 6,5000000000e+01, 3,0000000000e+01, 1,8000000000e+01, 1,0308000000e+00, 7,4290266667e+03
 1500482700, 7,3266666667e+01, 3,4960000000e+01, 2,1306666667e+01, 1,0650666667e+00, 7,4292266667e+03
 1500483000, 7,1866666667e+01, 3,4746666667e+01, 2,0746666667e+01, 1,0922666667e+00, 7,4297733333e+03
 1500483300, 6,7866666667e+01, 3,3146666667e+01, 1,9146666667e+01, 1,0874666667e+00, 7,4298266667e+03
 1500483600, 6,5000000000e+01, 3,1546666667e+01, 1,7546666667e+01, 1,0782666667e+00, 7,4301733333e+03
 1500483900, 6,4733333333e+01, 2,9893333333e+01, 1,5893333333e+01, 1,0920000000e+00, 7,4302800000e+03
 1500484200, 5,5000000000e+01, 2,6000000000e+01, 1,2000000000e+01, 1,0922666667e+00, 7,4309466667e+03
 1500484500, 6,3266666667e+01, 2,9306666667e+01, 1,5306666667e+01, 1,1122666667e+00, 7,4314266667e+03
 1500484800, 6,8133333333e+01, 3,2506666667e+01, 1,6000000000e+01, 1,1162666667e+00, 7,4318000000e+03
 1500485100, 7,0000000000e+01, 3,3146666667e+01, 1,6853333333e+01, 1,1094666667e+00, 7,4299733333e+03
 1500485400, 7,0000000000e+01, 3,2453333333e+01, 1,8453333333e+01, 1,0940000000e+00, 7,4292266667e+03
 1500485700, 6,9866666667e+01, 3,3946666667e+01, 1,9893333333e+01, 1,0994666667e+00, 7,4302266667e+03
 1500486000, 6,5000000000e+01, 3,2000000000e+01, 1,6000000000e+01, 1,0822666667e+00, 7,4307466667e+03
 1500486300, 6,9133333333e+01, 3,3653333333e+01, 1,7653333333e+01, 1,0794666667e+00, 7,4298800000e+03
 1500486600, 7,0000000000e+01, 3,2746666667e+01, 1,8000000000e+01, 1,0785333333e+00, 7,4304266667e+03
 1500486900, 6,3600000000e+01, 2,9440000000e+01, 1,5440000000e+01, 1,0857333333e+00, 7,4312533333e+03
 1500487200, 5,8400000000e+01, 2,7360000000e+01, 1,3813333333e+01, 1,0860000000e+00, 7,4328266667e+03
 1500487500, 6,9866666667e+01, 3,1946666667e+01, 1,9893333333e+01, 1,0842666667e+00, 7,4318533333e+03
 1500487800, 6,5000000000e+01, 3,0000000000e+01, 1,6000000000e+01, 1,0862666667e+00, 7,4337866667e+03
 1500488100, 5,6733333333e+01, 2,6693333333e+01, 1,2693333333e+01, 1,0917333333e+00, 7,4314000000e+03
 1500488400, 6,1266666667e+01, 2,8506666667e+01, 1,4506666667e+01, 1,1025333333e+00, 7,4314000000e+03
 1500488700, 6,7133333333e+01, 3,0853333333e+01, 1,6853333333e+01, 1,1060000000e+00, 7,4326000000e+03
 1500489000, 7,1133333333e+01, 3,2453333333e+01, 1,8453333333e+01, 1,1142666667e+00, 7,4324266667e+03
 1500489300, 7,4733333333e+01, 3,3946666667e+01, 1,9893333333e+01, 1,1205333333e+00, 7,4314000000e+03
 1500489600, 6,5000000000e+01, 3,2000000000e+01, 1,6000000000e+01, 1,1337333333e+00, 7,4327733333e+03
 1500489900, 6,9133333333e+01, 3,3653333333e+01, 1,9306666667e+01, 1,1388000000e+00, 7,4320000000e+03
 1500490200, 6,0600000000e+01, 2,8986666667e+01, 1,4986666667e+01, 1,0508000000e+00, 7,4216000000e+03
 1500490500, 5,5000000000e+01, 2,6000000000e+01, 1,1146666667e+01, 7,7960000000e-01, 7,4186000000e+03
 1500490800, 5,5000000000e+01, 2,6000000000e+01, 1,0453333333e+01, 5,7546666667e-01, 7,4182000000e+03
 1500491100, 5,5000000000e+01, 2,6000000000e+01, 1,2000000000e+01, 4,2280000000e-01, 7,4155733333e+03
 1500491400, 5,5000000000e+01, 2,6000000000e+01, 1,2000000000e+01, 3,2586666667e-01, 7,4160266667e+03
 1500491700, 5,5000000000e+01, 2,6000000000e+01, 1,2000000000e+01, 2,5240000000e-01, 7,4166266667e+03
 1500492000, 5,5000000000e+01, 2,6000000000e+01, 1,2000000000e+01, 1,9866666667e-01, 7,4182533333e+03
 1500492300, 5,5000000000e+01, 2,6000000000e+01, 1,2000000000e+01, 1,4466666667e-01, 7,4187733333e+03
 1500492600, 5,5000000000e+01, 2,5546666667e+01, 1,2000000000e+01, 1,1346666667e-01, 7,4186000000e+03
 1500492900, 5,5000000000e+01, 2,4053333333e+01, 1,2000000000e+01, 1,0626666667e-01, 7,4192266667e+03
 1500493200, 5,5000000000e+01, 2,6000000000e+01, 1,2000000000e+01, 1,1373333333e-01, 7,4189733333e+03
 1500493500, 5,5000000000e+01, 2,6000000000e+01, 1,2000000000e+01, 9,5466666667e-02, 7,4200266667e+03
 1500493800, 5,5000000000e+01, 2,6000000000e+01, 1,0746666667e+01, 6,9466666667e-02, 7,4183466667e+03
 1500494100, 5,5000000000e+01, 2,6000000000e+01, 1,0853333333e+01, 5,8533333333e-02, 7,4184266667e+03
 1500494400, 5,5000000000e+01, 2,5546666667e+01, 1,1546666667e+01, 8,4000000000e-02, 7,4188266667e+03
 1500494700, 5,5000000000e+01, 2,4053333333e+01, 1,0053333333e+01, 8,2266666667e-02, 7,4198533333e+03
 1500495000, 5,5000000000e+01, 2,6000000000e+01, 1,2000000000e+01, 8,9733333333e-02, 7,4203466667e+03
 1500495300, 5,5000000000e+01, 2,4346666667e+01, 1,0346666667e+01, 7,1466666667e-02, 7,4202000000e+03
 1500495600, 5,5000000000e+01, 2,4000000000e+01, 1,0000000000e+01, 5,8000000000e-02, 7,4202533333e+03
 1500495900, 5,5000000000e+01, 2,4853333333e+01, 1,0000000000e+01, 5,6000000000e-02, 7,4199733333e+03
 1500496200, 5,5000000000e+01, 2,5546666667e+01, 1,0906666667e+01, 5,2000000000e-02, 7,4204000000e+03
 1500496500, 5,5000000000e+01, 2,4053333333e+01, 1,3893333333e+01, 5,1733333333e-02, 7,4208000000e+03
 1500496800, 5,5000000000e+01, 2,6000000000e+01, 1,0000000000e+01, 5,0000000000e-02, 7,4193733333e+03
 1500497100, 5,5000000000e+01, 2,6000000000e+01, 1,0000000000e+01, 5,2000000000e-02, 7,4194000000e+03
 1500497400, 5,5000000000e+01, 2,4746666667e+01, 1,0000000000e+01, 5,0000000000e-02, 7,4198266667e+03
 1500497700, 5,5000000000e+01, 2,4853333333e+01, 1,0000000000e+01, 5,0266666667e-02, 7,4199733333e+03
 1500498000, 5,5000000000e+01, 2,6000000000e+01, 1,0000000000e+01, 5,1733333333e-02, 7,4200266667e+03
 1500498300, 5,5000000000e+01, 2,6000000000e+01, 1,0053333333e+01, 5,4000000000e-02, 7,4196000000e+03
 1500498600, 5,5000000000e+01, 2,6000000000e+01, 1,2000000000e+01, 5,0000000000e-02, 7,4197733333e+03
 1500498900, 5,5000000000e+01, 2,4346666667e+01, 1,0346666667e+01, 5,0266666667e-02, 7,4198266667e+03
 1500499200, 5,5000000000e+01, 2,4000000000e+01, 1,0000000000e+01, 6,2266666667e-02, 7,4202266667e+03
 1500499500, 5,5000000000e+01, 2,4000000000e+01, 1,0000000000e+01, 7,6266666667e-02, 7,4201733333e+03
 1500499800, 5,5000000000e+01, 2,4453333333e+01, 1,0000000000e+01, 8,2000000000e-02, 7,4200000000e+03
 1500500100, 5,5000000000e+01, 2,6000000000e+01, 1,0000000000e+01, 7,3733333333e-02, 7,4196266667e+03
 1500500400, 5,5000000000e+01, 2,6000000000e+01, 1,0000000000e+01, 5,5733333333e-02, 7,4191733333e+03
 1500500700, 5,5000000000e+01, 2,6000000000e+01, 1,0000000000e+01, 6,2266666667e-02, 7,4196266667e+03
 1500501000, 5,5000000000e+01, 2,6000000000e+01, 1,0000000000e+01, 7,0266666667e-02, 7,4198266667e+03
 1500501300, 5,5000000000e+01, 2,6000000000e+01, 1,0000000000e+01, 7,5733333333e-02, 7,4206266667e+03
 1500501600, 5,5000000000e+01, 2,5546666667e+01, 1,0000000000e+01, 5,7466666667e-02, 7,4204533333e+03
 1500501900, 5,5000000000e+01, 2,4000000000e+01, 1,0000000000e+01, 5,0000000000e-02, 7,4208000000e+03
 1500502200, 5,5000000000e+01, 2,4000000000e+01, 1,0000000000e+01, 5,0000000000e-02, 7,4205733333e+03
 1500502500, 5,9133333333e+01, 2,8960000000e+01, 1,3306666667e+01, 5,0000000000e-02, 7,4200133333e+03
 1500502800, 5,6866666667e+01, 2,7493333333e+01, 1,1493333333e+01, 5,0000000000e-02, 7,4188533333e+03
 1500503100, 5,5000000000e+01, 2,6000000000e+01, 1,0000000000e+01, 5,0000000000e-02, 7,4194000000e+03
 1500503400, 5,5000000000e+01, 2,5546666667e+01, 1,0000000000e+01, 5,0000000000e-02, 7,4193733333e+03
 1500503700, 5,5000000000e+01, 2,4053333333e+01, 1,0053333333e+01, 5,0000000000e-02, 7,4198266667e+03
 1500504000, 5,5000000000e+01, 2,6000000000e+01, 1,2000000000e+01, 5,0000000000e-02, 7,4187733333e+03
 1500504300, 5,5000000000e+01, 2,6000000000e+01, 1,0346666667e+01, 5,0000000000e-02, 7,4194000000e+03
 1500504600, 5,5000000000e+01, 2,4746666667e+01, 1,0000000000e+01, 5,0000000000e-02, 7,4195733333e+03
 1500504900, 5,5000000000e+01, 2,4000000000e+01, 1,0000000000e+01, 5,0000000000e-02, 7,4194266667e+03
 1500505200, 5,5000000000e+01, 2,4453333333e+01, 1,0000000000e+01, 5,6533333333e-02, 7,4200266667e+03
 1500505500, 5,5000000000e+01, 2,6000000000e+01, 1,0053333333e+01, 7,6000000000e-02, 7,4200266667e+03
 1500505800, 5,5000000000e+01, 2,6000000000e+01, 1,2000000000e+01, 7,2000000000e-02, 7,4191733333e+03
 1500506100, 5,5000000000e+01, 2,6000000000e+01, 1,0346666667e+01, 6,1466666667e-02, 7,4186000000e+03
 1500506400, 5,5000000000e+01, 2,4746666667e+01, 1,0000000000e+01, 5,0000000000e-02, 7,4192266667e+03
 1500506700, 5,5000000000e+01, 2,4000000000e+01, 1,0000000000e+01, 5,0000000000e-02, 7,4200266667e+03
 1500507000, 5,5000000000e+01, 2,4453333333e+01, 1,0453333333e+01, 5,8266666667e-02, 7,4201733333e+03
 1500507300, 5,5000000000e+01, 2,6000000000e+01, 1,1946666667e+01, 6,4000000000e-02, 7,4202000000e+03
 1500507600, 5,5000000000e+01, 2,6000000000e+01, 1,0000000000e+01, 5,7733333333e-02, 7,4199733333e+03
 1500507900, 5,5000000000e+01, 2,6000000000e+01, 1,1653333333e+01, 5,0000000000e-02, 7,4200000000e+03
 1500508200, 5,5000000000e+01, 2,6000000000e+01, 1,2000000000e+01, 5,0000000000e-02, 7,4208266667e+03
 1500508500, 5,5000000000e+01, 2,6000000000e+01, 1,2000000000e+01, 5,0000000000e-02, 7,4194266667e+03
 1500508800, 5,5000000000e+01, 2,6000000000e+01, 1,2000000000e+01, 5,0000000000e-02, 7,4202000000e+03
 1500509100, 5,5000000000e+01, 2,6000000000e+01, 1,2000000000e+01, 5,0000000000e-02, 7,4200000000e+03
 1500509400, 5,5000000000e+01, 2,6000000000e+01, 1,2000000000e+01, 5,0000000000e-02, 7,4207466667e+03
 1500509700, 5,5000000000e+01, 2,6000000000e+01, 1,2000000000e+01, 5,0000000000e-02, 7,4200266667e+03
 1500510000, 5,5000000000e+01, 2,4746666667e+01, 1,2000000000e+01, 5,0000000000e-02, 7,4202000000e+03
 1500510300, 5,5000000000e+01, 2,4000000000e+01, 1,1146666667e+01, 5,0000000000e-02, 7,4203733333e+03
 1500510600, 5,5000000000e+01, 2,4453333333e+01, 1,0453333333e+01, 5,0000000000e-02, 7,4202000000e+03
 1500510900, 5,5000000000e+01, 2,6000000000e+01, 1,1946666667e+01, 5,0000000000e-02, 7,4204266667e+03
 1500511200, 5,5000000000e+01, 2,6000000000e+01, 1,0000000000e+01, 5,0000000000e-02, 7,4201733333e+03
 1500511500, 5,5000000000e+01, 2,6000000000e+01, 1,1653333333e+01, 5,2266666667e-02, 7,4189733333e+03
 1500511800, 5,5000000000e+01, 2,6000000000e+01, 1,0746666667e+01, 5,4000000000e-02, 7,4196533333e+03
 1500512100, 5,5000000000e+01, 2,6000000000e+01, 1,0000000000e+01, 5,7733333333e-02, 7,4197733333e+03
 1500512400, 5,5000000000e+01, 2,6000000000e+01, 1,0000000000e+01, 5,0000000000e-02, 7,4194533333e+03
 1500512700, 5,4866666667e+01, 2,5946666667e+01, 1,0000000000e+01, 5,0000000000e-02, 7,4197733333e+03
 1500513000, 5,0000000000e+01, 2,4000000000e+01, 1,0000000000e+01, 5,0000000000e-02, 7,4200000000e+03
 1500513300, 5,0000000000e+01, 2,4000000000e+01, 1,0000000000e+01, 5,4266666667e-02, 7,4200000000e+03
 1500513600, 5,0000000000e+01, 2,4000000000e+01, 1,0000000000e+01, 6,4800000000e-02, 7,4202000000e+03
 1500513900, 5,0000000000e+01, 2,4000000000e+01, 1,0000000000e+01, 8,7733333333e-02, 7,4208533333e+03
 1500514200, 5,0000000000e+01, 2,4000000000e+01, 1,0000000000e+01, 6,9466666667e-02, 7,4222266667e+03
 1500514500, 5,0133333333e+01, 2,4000000000e+01, 1,0000000000e+01, 5,1733333333e-02, 7,4207466667e+03
 1500514800, 5,5000000000e+01, 2,4000000000e+01, 1,0000000000e+01, 5,0000000000e-02, 7,4192000000e+03
 1500515100, 5,5000000000e+01, 2,4000000000e+01, 1,0000000000e+01, 5,0000000000e-02, 7,4204533333e+03
 1500515400, 5,5000000000e+01, 2,5253333333e+01, 1,0000000000e+01, 5,0000000000e-02, 7,4209733333e+03
 1500515700, 5,5000000000e+01, 2,6000000000e+01, 1,0853333333e+01, 5,0000000000e-02, 7,4204000000e+03
 1500516000, 5,5000000000e+01, 2,6000000000e+01, 1,1546666667e+01, 5,0000000000e-02, 7,4204000000e+03
 1500516300, 5,5000000000e+01, 2,6000000000e+01, 1,0053333333e+01, 5,2000000000e-02, 7,4204000000e+03
 1500516600, 5,5000000000e+01, 2,6000000000e+01, 1,2000000000e+01, 5,0000000000e-02, 7,4196266667e+03
 1500516900, 5,5000000000e+01, 2,4346666667e+01, 1,0346666667e+01, 5,0000000000e-02, 7,4202266667e+03
 1500517200, 5,5000000000e+01, 2,5253333333e+01, 1,0000000000e+01, 5,0000000000e-02, 7,4203200000e+03
 1500517500, 5,5000000000e+01, 2,6000000000e+01, 1,0000000000e+01, 5,0000000000e-02, 7,4201466667e+03
 1500517800, 5,5000000000e+01, 2,5546666667e+01, 1,0000000000e+01, 6,0266666667e-02, 7,4196000000e+03
 1500518100, 5,5000000000e+01, 2,4000000000e+01, 1,0000000000e+01, 6,0266666667e-02, 7,4200266667e+03
 1500518400, 5,5000000000e+01, 2,4000000000e+01, 1,0000000000e+01, 5,7466666667e-02, 7,4199733333e+03
 1500518700, 5,5000000000e+01, 2,5653333333e+01, 1,1653333333e+01, 5,0000000000e-02, 7,4212533333e+03
 1500519000, 5,8133333333e+01, 2,7253333333e+01, 1,3253333333e+01, 5,0000000000e-02, 7,4211466667e+03
 1500519300, 5,5733333333e+01, 2,6293333333e+01, 1,2293333333e+01, 5,0000000000e-02, 7,4210533333e+03
 1500519600, 5,1133333333e+01, 2,4453333333e+01, 1,0000000000e+01, 5,0000000000e-02, 7,4211733333e+03
 1500519900, 5,5000000000e+01, 2,6000000000e+01, 1,0053333333e+01, 5,0000000000e-02, 7,4210533333e+03
 1500520200, 5,5000000000e+01, 2,6000000000e+01, 1,2000000000e+01, 5,0000000000e-02, 7,4217466667e+03
 1500520500, 5,5000000000e+01, 2,4346666667e+01, 1,0346666667e+01, 5,0000000000e-02, 7,4206000000e+03
 1500520800, 5,5000000000e+01, 2,5253333333e+01, 1,1253333333e+01, 5,0000000000e-02, 7,4200000000e+03
 1500521100, 5,5000000000e+01, 2,5146666667e+01, 1,1146666667e+01, 5,0000000000e-02, 7,4207733333e+03
 1500521400, 5,5000000000e+01, 2,4000000000e+01, 1,0000000000e+01, 5,0000000000e-02, 7,4204000000e+03
 1500521700, 5,5000000000e+01, 2,4053333333e+01, 1,0000000000e+01, 5,0266666667e-02, 7,4206266667e+03
 1500522000, 5,5000000000e+01, 2,6000000000e+01, 1,0000000000e+01, 5,5733333333e-02, 7,4212000000e+03
 1500522300, 5,5000000000e+01, 2,4346666667e+01, 1,0000000000e+01, 5,4000000000e-02, 7,4210266667e+03
 1500522600, 6,4400000000e+01, 3,0266666667e+01, 1,6266666667e+01, 5,0000000000e-02, 7,4219733333e+03
 1500522900, 6,3600000000e+01, 3,0586666667e+01, 1,7440000000e+01, 5,0000000000e-02, 7,4214000000e+03
 1500523200, 5,5000000000e+01, 2,6000000000e+01, 1,3093333333e+01, 5,0000000000e-02, 7,4202266667e+03
 1500523500, 5,5000000000e+01, 2,5946666667e+01, 1,0000000000e+01, 5,0000000000e-02, 7,4204000000e+03
 1500523800, 5,5000000000e+01, 2,4000000000e+01, 1,0000000000e+01, 5,0000000000e-02, 7,4206000000e+03
 1500524100, 6,3266666667e+01, 3,2266666667e+01, 1,3306666667e+01, 5,6266666667e-02, 7,4216000000e+03
 1500524400, 5,8733333333e+01, 2,8986666667e+01, 1,1493333333e+01, 5,8000000000e-02, 7,4218000000e+03
 1500524700, 6,3533333333e+01, 2,9413333333e+01, 1,4266666667e+01, 5,5733333333e-02, 7,4207733333e+03
 1500525000, 7,2733333333e+01, 3,3093333333e+01, 1,9546666667e+01, 5,0000000000e-02, 7,4202000000e+03
 1500525300, 6,4733333333e+01, 2,9893333333e+01, 1,7840000000e+01, 5,0000000000e-02, 7,4210266667e+03
 1500525600, 5,5000000000e+01, 2,6000000000e+01, 1,2000000000e+01, 5,2266666667e-02, 7,4216000000e+03
 1500525900, 5,5000000000e+01, 2,6000000000e+01, 1,2000000000e+01, 5,6000000000e-02, 7,4216266667e+03
 1500526200, 5,5000000000e+01, 2,6000000000e+01, 1,2000000000e+01, 6,2266666667e-02, 7,4213466667e+03
 1500526500, 5,5000000000e+01, 2,6000000000e+01, 1,1146666667e+01, 5,9466666667e-02, 7,4206266667e+03
 1500526800, 5,5000000000e+01, 2,5546666667e+01, 1,0000000000e+01, 5,0000000000e-02, 7,4210266667e+03
 1500527100, 5,5000000000e+01, 2,4053333333e+01, 1,0053333333e+01, 5,0000000000e-02, 7,4207733333e+03
 1500527400, 5,5000000000e+01, 2,6000000000e+01, 1,2000000000e+01, 5,0000000000e-02, 7,4214000000e+03
 1500527700, 5,5000000000e+01, 2,6000000000e+01, 1,0346666667e+01, 5,0000000000e-02, 7,4210266667e+03
 1500528000, 5,5000000000e+01, 2,4746666667e+01, 1,0000000000e+01, 5,0000000000e-02, 7,4215466667e+03
 1500528300, 5,5000000000e+01, 2,4853333333e+01, 1,0000000000e+01, 5,0000000000e-02, 7,4208000000e+03
 1500528600, 5,5000000000e+01, 2,6000000000e+01, 1,0000000000e+01, 5,0000000000e-02, 7,4208000000e+03
 1500528900, 5,5000000000e+01, 2,6000000000e+01, 1,0000000000e+01, 5,0000000000e-02, 7,4206266667e+03
 1500529200, 5,5000000000e+01, 2,6000000000e+01, 1,0000000000e+01, 5,0000000000e-02, 7,4204000000e+03
 1500529500, 5,5000000000e+01, 2,6000000000e+01, 1,0000000000e+01, 5,0000000000e-02, 7,4196000000e+03
 1500529800, 5,1866666667e+01, 2,4746666667e+01, 1,0000000000e+01, 5,0000000000e-02, 7,4200000000e+03
 1500530100, 5,2133333333e+01, 2,4853333333e+01, 1,0000000000e+01, 5,0000000000e-02, 7,4208533333e+03
 1500530400, 5,5000000000e+01, 2,6000000000e+01, 1,0453333333e+01, 5,2266666667e-02, 7,4210266667e+03
 1500530700, 5,5000000000e+01, 2,6000000000e+01, 1,2000000000e+01, 5,1733333333e-02, 7,4205466667e+03
 1500531000, 5,5000000000e+01, 2,6000000000e+01, 1,2000000000e+01, 5,0000000000e-02, 7,4202000000e+03
 1500531300, 5,5000000000e+01, 2,4346666667e+01, 1,0346666667e+01, 5,0000000000e-02, 7,4213066667e+03
 1500531600, 5,5000000000e+01, 2,4000000000e+01, 1,0000000000e+01, 5,0000000000e-02, 7,4230266667e+03
 1500531900, 5,5000000000e+01, 2,4853333333e+01, 1,1706666667e+01, 5,4000000000e-02, 7,4230400000e+03
 1500532200, 5,5000000000e+01, 2,6000000000e+01, 1,3093333333e+01, 5,8266666667e-02, 7,4214000000e+03
 1500532500, 5,5000000000e+01, 2,6000000000e+01, 1,0000000000e+01, 5,3733333333e-02, 7,4218000000e+03
 1500532800, 5,5000000000e+01, 2,6000000000e+01, 1,0000000000e+01, 5,0000000000e-02, 7,4220266667e+03
 1500533100, 5,0866666667e+01, 2,4346666667e+01, 1,0000000000e+01, 5,2000000000e-02, 7,4227466667e+03
 1500533400, 5,3133333333e+01, 2,5253333333e+01, 1,0000000000e+01, 5,0000000000e-02, 7,4220266667e+03
 1500533700, 5,2866666667e+01, 2,5146666667e+01, 1,0000000000e+01, 5,0000000000e-02, 7,4215733333e+03
 1500534000, 5,0000000000e+01, 2,4000000000e+01, 1,0000000000e+01, 5,0000000000e-02, 7,4222533333e+03
 1500534300, 5,0000000000e+01, 2,4000000000e+01, 1,0000000000e+01, 5,0000000000e-02, 7,4223733333e+03
 1500534600, 5,0000000000e+01, 2,4000000000e+01, 1,0000000000e+01, 5,0000000000e-02, 7,4223733333e+03
 1500534900, 5,4133333333e+01, 2,4000000000e+01, 1,0000000000e+01, 5,0000000000e-02, 7,4222266667e+03
 1500535200, 5,5000000000e+01, 2,4000000000e+01, 1,0000000000e+01, 5,0000000000e-02, 7,4216000000e+03
 1500535500, 5,2866666667e+01, 2,4000000000e+01, 1,0000000000e+01, 5,0000000000e-02, 7,4216000000e+03
 1500535800, 5,1133333333e+01, 2,4453333333e+01, 1,0453333333e+01, 5,0000000000e-02, 7,4218000000e+03
 1500536100, 5,5000000000e+01, 2,5946666667e+01, 1,1946666667e+01, 5,0000000000e-02, 7,4222266667e+03
 1500536400, 5,5000000000e+01, 2,4000000000e+01, 1,0000000000e+01, 5,0000000000e-02, 7,4219733333e+03
 1500536700, 5,0866666667e+01, 2,4000000000e+01, 1,0000000000e+01, 5,4000000000e-02, 7,4222266667e+03
 1500537000, 5,3133333333e+01, 2,5253333333e+01, 1,0000000000e+01, 5,0000000000e-02, 7,4226000000e+03
 1500537300, 5,2866666667e+01, 2,5146666667e+01, 1,0000000000e+01, 5,0000000000e-02, 7,4234266667e+03
 1500537600, 5,1133333333e+01, 2,4453333333e+01, 1,0000000000e+01, 5,0000000000e-02, 7,4235733333e+03
 1500537900, 5,5000000000e+01, 2,6000000000e+01, 1,0000000000e+01, 5,0000000000e-02, 7,4234533333e+03
 1500538200, 5,5000000000e+01, 2,6000000000e+01, 1,0000000000e+01, 5,0266666667e-02, 7,4231733333e+03
 1500538500, 5,5000000000e+01, 2,6000000000e+01, 1,0000000000e+01, 5,5733333333e-02, 7,4231733333e+03
 1500538800, 5,5000000000e+01, 2,6000000000e+01, 1,0000000000e+01, 5,6266666667e-02, 7,4234266667e+03
 1500539100, 5,2866666667e+01, 2,5146666667e+01, 1,0000000000e+01, 5,3733333333e-02, 7,4234000000e+03
 1500539400, 5,1133333333e+01, 2,4453333333e+01, 1,0000000000e+01, 5,0000000000e-02, 7,4230266667e+03
 1500539700, 5,5000000000e+01, 2,6000000000e+01, 1,0053333333e+01, 5,0000000000e-02, 7,4246000000e+03
 1500540000, 5,5000000000e+01, 2,6000000000e+01, 1,2000000000e+01, 5,0000000000e-02, 7,4235733333e+03
 1500540300, 5,5000000000e+01, 2,6000000000e+01, 1,2000000000e+01, 5,0000000000e-02, 7,4242266667e+03
 1500540600, 5,5000000000e+01, 2,6000000000e+01, 1,0746666667e+01, 5,0000000000e-02, 7,4248266667e+03
 1500540900, 5,5000000000e+01, 2,6000000000e+01, 1,0000000000e+01, 5,0000000000e-02, 7,4253733333e+03
 1500541200, 5,5000000000e+01, 2,6000000000e+01, 1,0453333333e+01, 5,0000000000e-02, 7,4232266667e+03
 1500541500, 5,5000000000e+01, 2,6000000000e+01, 1,2000000000e+01, 5,0000000000e-02, 7,4237466667e+03
 1500541800, 5,5000000000e+01, 2,6000000000e+01, 1,2000000000e+01, 5,0000000000e-02, 7,4228266667e+03
 1500542100, 6,7400000000e+01, 3,2613333333e+01, 1,5306666667e+01, 5,0266666667e-02, 7,4241733333e+03
 1500542400, 5,7466666667e+01, 2,7733333333e+01, 1,2240000000e+01, 5,2000000000e-02, 7,4234000000e+03
 1500542700, 5,2133333333e+01, 2,4853333333e+01, 1,0000000000e+01, 5,2000000000e-02, 7,4234266667e+03
 1500543000, 5,5000000000e+01, 2,5546666667e+01, 1,0906666667e+01, 5,1733333333e-02, 7,4240266667e+03
 1500543300, 5,5000000000e+01, 2,4053333333e+01, 1,3946666667e+01, 5,2000000000e-02, 7,4245733333e+03
 1500543600, 5,5000000000e+01, 2,6000000000e+01, 1,2000000000e+01, 5,0000000000e-02, 7,4250000000e+03
 1500543900, 5,5000000000e+01, 2,6000000000e+01, 1,0346666667e+01, 5,0000000000e-02, 7,4234000000e+03
 1500544200, 5,5000000000e+01, 2,6000000000e+01, 1,0000000000e+01, 5,0000000000e-02, 7,4236266667e+03
 1500544500, 5,5000000000e+01, 2,6000000000e+01, 1,0000000000e+01, 5,0266666667e-02, 7,4244000000e+03
 1500544800, 5,5000000000e+01, 2,6000000000e+01, 1,0000000000e+01, 5,7733333333e-02, 7,4238266667e+03
 1500545100, 5,5000000000e+01, 2,6000000000e+01, 1,0000000000e+01, 5,2266666667e-02, 7,4238000000e+03
 1500545400, 5,5000000000e+01, 2,6000000000e+01, 1,0000000000e+01, 5,5733333333e-02, 7,4236000000e+03
 1500545700, 5,5000000000e+01, 2,6000000000e+01, 1,0000000000e+01, 5,0000000000e-02, 7,4234266667e+03
 1500546000, 5,5000000000e+01, 2,6000000000e+01, 1,0000000000e+01, 5,0000000000e-02, 7,4236233333e+03
 1500546300, 5,5000000000e+01, 2,6000000000e+01, 1,0000000000e+01, 5,0000000000e-02, 7,4252266667e+03
 1500546600, 5,5000000000e+01, 2,6000000000e+01, 1,0000000000e+01, 5,0000000000e-02, 7,4250000000e+03
 1500546900, 5,5000000000e+01, 2,6000000000e+01, 1,0000000000e+01, 5,0000000000e-02, 7,4248666667e+03
 1500547200, 5,5000000000e+01, 2,6000000000e+01, 1,0000000000e+01, 5,0000000000e-02, 7,4244000000e+03
 1500547500, 5,5000000000e+01, 2,4346666667e+01, 1,0000000000e+01, 5,0000000000e-02, 7,4236000000e+03
 1500547800, 5,1866666667e+01, 2,4000000000e+01, 1,0000000000e+01, 5,0000000000e-02, 7,4244000000e+03
 1500548100, 5,0000000000e+01, 2,4000000000e+01, 1,0000000000e+01, 5,0000000000e-02, 7,4250000000e+03
 1500548400, 5,1133333333e+01, 2,4453333333e+01, 1,0000000000e+01, 5,0000000000e-02, 7,4239466667e+03
 1500548700, 5,5000000000e+01, 2,6000000000e+01, 1,0000000000e+01, 5,0000000000e-02, 7,4240266667e+03
 1500549000, 5,5000000000e+01, 2,6000000000e+01, 1,0000000000e+01, 5,2266666667e-02, 7,4238000000e+03
 1500549300, 5,5000000000e+01, 2,6000000000e+01, 1,0000000000e+01, 6,1766666667e-02, 7,4240300000e+03
 1500549600, 5,8133333333e+01, 2,7253333333e+01, 1,2506666667e+01, 5,0000000000e-02, 7,4251466667e+03
 1500549900, 5,7866666667e+01, 2,7146666667e+01, 1,2293333333e+01, 5,0000000000e-02, 7,4230000000e+03
 1500550200, 5,5000000000e+01, 2,6000000000e+01, 1,0000000000e+01, 5,0000000000e-02, 7,4238266667e+03
 1500550500, 5,4866666667e+01, 2,5946666667e+01, 1,0000000000e+01, 5,2000000000e-02, 7,4236266667e+03
 1500550800, 5,0000000000e+01, 2,4000000000e+01, 1,0000000000e+01, 5,2000000000e-02, 7,4236066667e+03
 1500551100, 5,4133333333e+01, 2,5653333333e+01, 1,0000000000e+01, 5,0000000000e-02, 7,4245733333e+03
 1500551400, 5,5000000000e+01, 2,4746666667e+01, 1,1253333333e+01, 5,0000000000e-02, 7,4238000000e+03
 1500551700, 5,5000000000e+01, 2,4000000000e+01, 1,1146666667e+01, 5,0000000000e-02, 7,4246266667e+03
 1500552000, 5,5000000000e+01, 2,4000000000e+01, 1,0000000000e+01, 5,0000000000e-02, 7,4254000000e+03
 1500552300, 5,4866666667e+01, 2,4000000000e+01, 1,0000000000e+01, 5,0000000000e-02, 7,4244000000e+03
 1500552600, 5,0000000000e+01, 2,4000000000e+01, 1,0000000000e+01, 5,0000000000e-02, 7,4246000000e+03
 1500552900, 5,0000000000e+01, 2,4000000000e+01, 1,0000000000e+01, 5,0000000000e-02, 7,4241733333e+03
 1500553200, 5,3133333333e+01, 2,5253333333e+01, 1,0000000000e+01, 5,0000000000e-02, 7,4237733333e+03
 1500553500, 5,5000000000e+01, 2,6000000000e+01, 1,0000000000e+01, 5,0000000000e-02, 7,4236266667e+03
 1500553800, 5,5000000000e+01, 2,5546666667e+01, 1,0000000000e+01, 5,0000000000e-02, 7,4242266667e+03
 1500554100, 5,5000000000e+01, 2,4000000000e+01, 1,0000000000e+01, 5,0000000000e-02, 7,4248266667e+03
 1500554400, 5,5000000000e+01, 2,4000000000e+01, 1,0000000000e+01, 5,0000000000e-02, 7,4252000000e+03
 1500554700, 5,5000000000e+01, 2,5653333333e+01, 1,0000000000e+01, 5,0000000000e-02, 7,4254000000e+03
 1500555000, 5,1866666667e+01, 2,4746666667e+01, 1,0000000000e+01, 5,0000000000e-02, 7,4252000000e+03
 1500555300, 5,2133333333e+01, 2,4000000000e+01, 1,0000000000e+01, 5,4266666667e-02, 7,4255733333e+03
 1500555600, 5,5000000000e+01, 2,4453333333e+01, 1,0453333333e+01, 5,9733333333e-02, 7,4258000000e+03
 1500555900, 5,5000000000e+01, 2,5946666667e+01, 1,1946666667e+01, 5,2000000000e-02, 7,4238266667e+03
 1500556200, 5,5000000000e+01, 2,4000000000e+01, 1,0000000000e+01, 5,0000000000e-02, 7,4235733333e+03
 1500556500, 5,5000000000e+01, 2,4000000000e+01, 1,0000000000e+01, 5,0000000000e-02, 7,4235466667e+03
 1500556800, 5,5000000000e+01, 2,5253333333e+01, 1,0000000000e+01, 5,0000000000e-02, 7,4232266667e+03
 1500557100, 5,5000000000e+01, 2,6000000000e+01, 1,0853333333e+01, 5,0000000000e-02, 7,4236000000e+03
 1500557400, 5,5000000000e+01, 2,6000000000e+01, 1,2000000000e+01, 5,2266666667e-02, 7,4234000000e+03
 1500557700, 5,5000000000e+01, 2,6000000000e+01, 1,2000000000e+01, 5,1733333333e-02, 7,4234266667e+03
 1500558000, 5,5000000000e+01, 2,6000000000e+01, 1,2000000000e+01, 5,0000000000e-02, 7,4244000000e+03
 1500558300, 5,5000000000e+01, 2,6000000000e+01, 1,0346666667e+01, 5,0000000000e-02, 7,4246266667e+03
 1500558600, 5,5000000000e+01, 2,6000000000e+01, 1,0000000000e+01, 5,0000000000e-02, 7,4241733333e+03
 1500558900, 5,5000000000e+01, 2,5146666667e+01, 1,0000000000e+01, 5,2000000000e-02, 7,4232000000e+03
 1500559200, 5,5000000000e+01, 2,4453333333e+01, 1,0000000000e+01, 5,0266666667e-02, 7,4236533333e+03
 1500559500, 5,5000000000e+01, 2,6000000000e+01, 1,0000000000e+01, 5,5733333333e-02, 7,4238000000e+03
 1500559800, 5,5000000000e+01, 2,6000000000e+01, 1,0000000000e+01, 5,0000000000e-02, 7,4235966667e+03
 1500560100, 5,5000000000e+01, 2,4346666667e+01, 1,0000000000e+01, 5,0000000000e-02, 7,4241733333e+03
 1500560400, 5,5000000000e+01, 2,4000000000e+01, 1,0000000000e+01, 5,0000000000e-02, 7,4240266667e+03
 1500560700, 5,5000000000e+01, 2,4853333333e+01, 1,0000000000e+01, 5,0000000000e-02, 7,4242266667e+03
 1500561000, 5,5000000000e+01, 2,6000000000e+01, 1,0000000000e+01, 5,0000000000e-02, 7,4238266667e+03
 1500561300, 5,4866666667e+01, 2,5946666667e+01, 1,0000000000e+01, 5,0000000000e-02, 7,4240000000e+03
 1500561600, 5,0000000000e+01, 2,4000000000e+01, 1,0000000000e+01, 5,4533333333e-02, 7,4246666667e+03
 1500561900, 5,0000000000e+01, 2,4000000000e+01, 1,0000000000e+01, 7,0000000000e-02, 7,4228000000e+03
 1500562200, 5,3133333333e+01, 2,4000000000e+01, 1,0000000000e+01, 6,3466666667e-02, 7,4233733333e+03
 1500562500, 5,5000000000e+01, 2,4000000000e+01, 1,0000000000e+01, 5,0000000000e-02, 7,4230000000e+03
 1500562800, 5,5000000000e+01, 2,4453333333e+01, 1,0000000000e+01, 5,0000000000e-02, 7,4228266667e+03
 1500563100, 5,5000000000e+01, 2,5946666667e+01, 1,0000000000e+01, 5,6533333333e-02, 7,4240000000e+03
 1500563400, 5,5000000000e+01, 2,4000000000e+01, 1,0000000000e+01, 6,5733333333e-02, 7,4239733333e+03
 1500563700, 5,5000000000e+01, 2,5653333333e+01, 1,0000000000e+01, 6,2533333333e-02, 7,4240266667e+03
 1500564000, 5,5000000000e+01, 2,6000000000e+01, 1,0000000000e+01, 7,1466666667e-02, 7,4242000000e+03
 1500564300, 5,5000000000e+01, 2,5146666667e+01, 1,0000000000e+01, 5,3733333333e-02, 7,4244266667e+03
 1500564600, 5,5000000000e+01, 2,4453333333e+01, 1,0000000000e+01, 5,0000000000e-02, 7,4249733333e+03
 1500564900, 5,9400000000e+01, 3,0053333333e+01, 1,0426666667e+01, 2,1533333333e-01, 7,6317600000e+03
 1500565200, 2,2000000000e+02, 1,7800000000e+02, 2,6000000000e+01, 3,4001333333e+00, 1,0501120000e+04
 1500565500, 2,2413333333e+02, 1,8130666667e+02, 2,6000000000e+01, 6,8669333333e+00, 1,0500426667e+04
 1500565800, 2,2500000000e+02, 1,8074666667e+02, 2,6000000000e+01, 9,3241333333e+00, 1,0498773333e+04
 1500566100, 2,2500000000e+02, 1,8085333333e+02, 2,6000000000e+01, 1,1117200000e+01, 1,1588400000e+04
 1500566400, 2,2500000000e+02, 1,8200000000e+02, 2,6000000000e+01, 1,2404000000e+01, 1,0664560000e+04
 1500566700, 2,2513333333e+02, 1,8205333333e+02, 2,6000000000e+01, 1,3458266667e+01, 1,2395933333e+04
 1500567000, 2,3000000000e+02, 1,8400000000e+02, 2,6000000000e+01, 1,4185600000e+01, 1,0207200000e+04
 1500567300, 2,2586666667e+02, 1,8069333333e+02, 2,6000000000e+01, 1,4792800000e+01, 1,0515426667e+04
 1500567600, 2,0941666667e+02, 1,6504000000e+02, 2,6000000000e+01, 1,5321900000e+01, 1,2524690000e+04
 1500567900, 2,1066666667e+02, 1,6709333333e+02, 2,6000000000e+01, 1,5660000000e+01, 1,2977213333e+04
 1500568200, 2,3180000000e+02, 1,8517333333e+02, 2,9626666667e+01, 1,6034133333e+01, 1,8935200000e+04
 1500568500, 2,5420000000e+02, 1,9552000000e+02, 4,1573333333e+01, 1,6111733333e+01, 9,6151066667e+03
 1500568800, 2,2500000000e+02, 1,7800000000e+02, 2,6000000000e+01, 1,6192800000e+01, 1,0494733333e+04
 1500569100, 2,0846666667e+02, 1,6477333333e+02, 2,6000000000e+01, 1,6355866667e+01, 1,6635293333e+04
 1500569400, 2,2380000000e+02, 1,7829333333e+02, 2,6000000000e+01, 1,6446533333e+01, 1,2931813333e+04
 1500569700, 2,2433333333e+02, 1,7776000000e+02, 2,6000000000e+01, 1,6489066667e+01, 1,4581413333e+04
 1500570000, 2,1906666667e+02, 1,6989333333e+02, 2,9626666667e+01, 1,6432533333e+01, 1,2509546667e+04
 1500570300, 2,4773333333e+02, 1,8818666667e+02, 4,1573333333e+01, 1,6125733333e+01, 1,0802373333e+04
 1500570600, 1,6500000000e+02, 1,2200000000e+02, 2,6000000000e+01, 1,6174400000e+01, 1,0046453333e+04
 1500570900, 2,1873333333e+02, 1,7325333333e+02, 2,6000000000e+01, 1,6280533333e+01, 1,4731826667e+04
 1500571200, 2,2686666667e+02, 1,8024000000e+02, 2,6000000000e+01, 1,6341733333e+01, 1,2663000000e+04
 1500571500, 2,2073333333e+02, 1,7544000000e+02, 2,6000000000e+01, 1,6357600000e+01, 8,4731600000e+03
 1500571800, 2,1953333333e+02, 1,7562666667e+02, 2,6000000000e+01, 1,6398800000e+01, 1,0043213333e+04
 1500572100, 2,3460000000e+02, 1,8762666667e+02, 2,6000000000e+01, 1,6463066667e+01, 1,0510253333e+04
 1500572400, 2,2000000000e+02, 1,7400000000e+02, 2,6000000000e+01, 1,6432266667e+01, 8,6086266667e+03
 1500572700, 2,2826666667e+02, 1,8392000000e+02, 2,6000000000e+01, 1,6424933333e+01, 1,2509293333e+04
 1500573000, 2,3313333333e+02, 1,8725333333e+02, 2,6000000000e+01, 1,6420800000e+01, 1,0489120000e+04
 1500573300, 2,3500000000e+02, 1,8800000000e+02, 2,6000000000e+01, 1,6450800000e+01, 8,4963066667e+03
 1500573600, 2,3386666667e+02, 1,8709333333e+02, 2,6000000000e+01, 1,6426400000e+01, 1,0044560000e+04
 1500573900, 2,3000000000e+02, 1,8400000000e+02, 2,6000000000e+01, 1,6502800000e+01, 1,2685266667e+04
 1500574200, 2,3000000000e+02, 1,8400000000e+02, 2,6000000000e+01, 1,6522266667e+01, 1,2684026667e+04
 1500574500, 2,3000000000e+02, 1,8730666667e+02, 2,6000000000e+01, 1,6475333333e+01, 1,2850093333e+04
 1500574800, 1,7673333333e+02, 1,3786666667e+02, 2,2240000000e+01, 1,6577866667e+01, 1,0070960000e+04
 1500575100, 1,7913333333e+02, 1,3957333333e+02, 2,2560000000e+01, 1,6659333333e+01, 1,0521773333e+04
 1500575400, 2,2386666667e+02, 1,8064000000e+02, 2,6000000000e+01, 1,6640933333e+01, 1,0510226667e+04
 1500575700, 2,2026666667e+02, 1,7626666667e+02, 2,6000000000e+01, 1,6619466667e+01, 1,0206653333e+04
 1500576000, 2,3000000000e+02, 1,8600000000e+02, 2,6000000000e+01, 1,6663333333e+01, 1,0513053333e+04
 1500576300, 2,2173333333e+02, 1,7773333333e+02, 2,6000000000e+01, 1,6716533333e+01, 1,2557546667e+04
 1500576600, 2,2313333333e+02, 1,7850666667e+02, 2,6000000000e+01, 1,6750533333e+01, 1,2559733333e+04
 1500576900, 2,2713333333e+02, 1,8256000000e+02, 2,6000000000e+01, 1,6770400000e+01, 1,0755133333e+04
 1500577200, 2,3000000000e+02, 1,8600000000e+02, 2,6000000000e+01, 1,6794000000e+01, 1,0222373333e+04
 1500577500, 2,2986666667e+02, 1,8589333333e+02, 2,6000000000e+01, 1,6851600000e+01, 1,0523453333e+04
 1500577800, 2,2500000000e+02, 1,8200000000e+02, 2,6000000000e+01, 1,6861733333e+01, 1,0512826667e+04
 1500578100, 2,2913333333e+02, 1,8365333333e+02, 2,6000000000e+01, 1,6810266667e+01, 1,2557973333e+04
 1500578400, 2,2686666667e+02, 1,8149333333e+02, 2,6000000000e+01, 1,6740666667e+01, 1,0516400000e+04
 1500578700, 2,2500000000e+02, 1,8085333333e+02, 2,6000000000e+01, 1,6728933333e+01, 1,2686040000e+04
 1500579000, 2,2613333333e+02, 1,8290666667e+02, 2,6000000000e+01, 1,6682666667e+01, 1,0674253333e+04
 1500579300, 2,3000000000e+02, 1,8594666667e+02, 2,6000000000e+01, 1,6723333333e+01, 1,0513586667e+04
 1500579600, 2,3000000000e+02, 1,8400000000e+02, 2,6000000000e+01, 1,6785066667e+01, 1,2402853333e+04
 1500579900, 2,3000000000e+02, 1,8400000000e+02, 2,6000000000e+01, 1,6678266667e+01, 1,0497293333e+04
 1500580200, 2,4880000000e+02, 1,9277333333e+02, 3,7280000000e+01, 1,6428400000e+01, 1,0495946667e+04
 1500580500, 2,4933333333e+02, 1,9373333333e+02, 3,6320000000e+01, 1,6252266667e+01, 1,0494826667e+04
 1500580800, 2,3500000000e+02, 1,8800000000e+02, 2,6000000000e+01, 1,6123066667e+01, 1,0319226667e+04
 1500581100, 2,3460000000e+02, 1,8762666667e+02, 2,6000000000e+01, 1,6039600000e+01, 1,0501253333e+04
 1500581400, 2,2000000000e+02, 1,7400000000e+02, 2,6000000000e+01, 1,5974400000e+01, 1,2672693333e+04
 1500581700, 2,3240000000e+02, 1,8722666667e+02, 2,6000000000e+01, 1,5924666667e+01, 9,1944800000e+03
 1500582000, 2,3500000000e+02, 1,9000000000e+02, 2,6000000000e+01, 1,5907866667e+01, 1,0789506667e+04
 1500582300, 2,3500000000e+02, 1,8914666667e+02, 2,6000000000e+01, 1,5954266667e+01, 1,0186533333e+04
 1500582600, 2,3500000000e+02, 1,8800000000e+02, 2,6000000000e+01, 1,5906666667e+01, 8,4600533333e+03
 1500582900, 2,3486666667e+02, 1,8789333333e+02, 2,6000000000e+01, 1,5926800000e+01, 1,0497893333e+04
 1500583200, 2,3000000000e+02, 1,8400000000e+02, 2,6000000000e+01, 1,5888666667e+01, 1,0498880000e+04
 1500583500, 2,5480000000e+02, 1,9557333333e+02, 4,0880000000e+01, 1,5861466667e+01, 1,0500346667e+04
 1500583800, 2,3180000000e+02, 1,8170666667e+02, 3,2720000000e+01, 1,5893066667e+01, 1,0498120000e+04
 1500584100, 2,2353333333e+02, 1,7882666667e+02, 2,6000000000e+01, 1,5931066667e+01, 1,0030920000e+04
 1500584400, 2,3160000000e+02, 1,8573333333e+02, 2,6000000000e+01, 1,5910666667e+01, 1,0498573333e+04
 1500584700, 2,2040000000e+02, 1,7832000000e+02, 2,6000000000e+01, 1,5865166667e+01, 1,0342430000e+04
 1500585000, 2,3500000000e+02, 1,9000000000e+02, 2,6000000000e+01, 1,5850933333e+01, 1,0498920000e+04
 1500585300, 2,2673333333e+02, 1,8173333333e+02, 2,6000000000e+01, 1,5848000000e+01, 1,2677653333e+04
 1500585600, 2,3126666667e+02, 1,8501333333e+02, 2,6000000000e+01, 1,5833200000e+01, 1,0499773333e+04
 1500585900, 2,3286666667e+02, 1,8544000000e+02, 2,6000000000e+01, 1,5809466667e+01, 1,0495773333e+04
 1500586200, 2,2660000000e+02, 1,7973333333e+02, 2,6000000000e+01, 1,5796000000e+01, 8,3356533333e+03
 1500586500, 2,1366666667e+02, 1,7056000000e+02, 2,6000000000e+01, 1,5808133333e+01, 8,3356000000e+03
 1500586800, 1,6500000000e+02, 1,1800000000e+02, 2,6000000000e+01, 1,5874800000e+01, 8,3352000000e+03
 1500587100, 2,1460000000e+02, 1,6925333333e+02, 2,6000000000e+01, 1,5902666667e+01, 1,0512773333e+04
 1500587400, 2,1873333333e+02, 1,7498666667e+02, 2,6000000000e+01, 1,5865466667e+01, 1,0478226667e+04
 1500587700, 2,1713333333e+02, 1,7456000000e+02, 2,6000000000e+01, 1,5841333333e+01, 8,5038933333e+03
 1500588000, 2,2113333333e+02, 1,7800000000e+02, 2,6000000000e+01, 1,5825466667e+01, 1,0482040000e+04
 1500588300, 2,2513333333e+02, 1,7810666667e+02, 2,6000000000e+01, 1,5807733333e+01, 1,0389000000e+04
 1500588600, 2,3000000000e+02, 1,8200000000e+02, 2,6000000000e+01, 1,5859333333e+01, 1,0056333333e+04
 1500588900, 2,3000000000e+02, 1,8200000000e+02, 2,6000000000e+01, 1,5849433333e+01, 8,1750000000e+03
 1500589200, 2,4880000000e+02, 1,9202666667e+02, 3,7280000000e+01, 1,5843466667e+01, 1,0499400000e+04
 1500589500, 2,3653333333e+02, 1,8178666667e+02, 3,6320000000e+01, 1,5778000000e+01, 1,2671946667e+04
 1500589800, 2,1633333333e+02, 1,6725333333e+02, 2,9626666667e+01, 1,5720266667e+01, 1,0509080000e+04
 1500590100, 2,5500000000e+02, 1,9200000000e+02, 4,2000000000e+01, 1,5746133333e+01, 1,2674920000e+04
 1500590400, 2,5500000000e+02, 1,9200000000e+02, 4,2000000000e+01, 1,5817466667e+01, 1,0482360000e+04
 1500590700, 1,5580000000e+02, 1,0933333333e+02, 2,8773333333e+01, 1,5797600000e+01, 8,5046266667e+03
 1500591000, 1,9766666667e+02, 1,5216000000e+02, 2,6000000000e+01, 1,5853333333e+01, 1,0499853333e+04
 1500591300, 2,2860000000e+02, 1,8117333333e+02, 2,6000000000e+01, 1,5895066667e+01, 1,2385213333e+04
 1500591600, 2,2000000000e+02, 1,7245333333e+02, 2,6000000000e+01, 1,5884933333e+01, 1,0498080000e+04
 1500591900, 2,2026666667e+02, 1,7426666667e+02, 2,6000000000e+01, 1,5851200000e+01, 1,0498186667e+04
 1500592200, 2,3000000000e+02, 1,8400000000e+02, 2,6000000000e+01, 1,5867066667e+01, 1,0497053333e+04
 1500592500, 2,3000000000e+02, 1,8234666667e+02, 2,6000000000e+01, 1,5857200000e+01, 1,0193373333e+04
 1500592800, 2,3000000000e+02, 1,8325333333e+02, 2,6000000000e+01, 1,5845466667e+01, 1,0497426667e+04
 1500593100, 2,4280000000e+02, 1,8997333333e+02, 3,3680000000e+01, 1,5833733333e+01, 1,0496320000e+04
 1500593400, 2,5773333333e+02, 1,9664000000e+02, 4,3093333333e+01, 1,5863866667e+01, 1,2673200000e+04
 1500593700, 2,5026666667e+02, 1,9210666667e+02, 4,0106666667e+01, 1,5908800000e+01, 1,2962426667e+04
 1500594000, 2,6000000000e+02, 1,9600000000e+02, 4,4000000000e+01, 1,5938533333e+01, 1,2391373333e+04
 1500594300, 2,3520000000e+02, 1,8608000000e+02, 2,9120000000e+01, 1,5934400000e+01, 1,4854480000e+04
 1500594600, 2,3313333333e+02, 1,8650666667e+02, 2,6000000000e+01, 1,5923600000e+01, 1,0499373333e+04
 1500594900, 2,3286666667e+02, 1,8714666667e+02, 2,6000000000e+01, 1,5940666667e+01, 8,1784000000e+03
 1500595200, 2,3000000000e+02, 1,8509333333e+02, 2,6000000000e+01, 1,5915066667e+01, 1,0503066667e+04
 1500595500, 2,2973333333e+02, 1,8173333333e+02, 2,6053333333e+01, 1,5946533333e+01, 1,0496373333e+04
 1500595800, 2,2000000000e+02, 1,7200000000e+02, 2,8000000000e+01, 1,5960000000e+01, 1,0788413333e+04
 1500596100, 2,4893333333e+02, 1,8853333333e+02, 3,9573333333e+01, 1,5915000000e+01, 1,0500613333e+04
 1500596400, 1,7980000000e+02, 1,2933333333e+02, 3,1973333333e+01, 1,5880933333e+01, 1,0491226667e+04
 1500596700, 1,8833333333e+02, 1,3552000000e+02, 3,3680000000e+01, 1,5875200000e+01, 1,4523133333e+04
 1500597000, 2,3053333333e+02, 1,6906666667e+02, 3,9920000000e+01, 1,5840933333e+01, 1,0344800000e+04
 1500597300, 1,3186666667e+02, 8,5813333333e+01, 2,6000000000e+01, 1,5829466667e+01, 1,0498026667e+04
 1500597600, 2,0000000000e+02, 1,5200000000e+02, 2,6000000000e+01, 1,5829600000e+01, 1,2674013333e+04
 1500597900, 2,2893333333e+02, 1,8176000000e+02, 2,6000000000e+01, 1,5874933333e+01, 1,0455226667e+04
 1500598200, 2,3500000000e+02, 1,8800000000e+02, 2,6000000000e+01, 1,5847433333e+01, 9,6048400000e+03
 1500598500, 2,3500000000e+02, 1,8800000000e+02, 2,6000000000e+01, 1,5894800000e+01, 1,0497826667e+04
 1500598800, 2,0326666667e+02, 1,5762666667e+02, 2,5546666667e+01, 1,4218933333e+01, 9,4755333333e+03
 1500599100, 9,3933333333e+01, 5,3253333333e+01, 2,3626666667e+01, 1,0517600000e+01, 7,4241200000e+03
 1500599400, 5,5000000000e+01, 2,6000000000e+01, 1,0000000000e+01, 7,6757666667e+00, 7,4204200000e+03
 1500599700, 5,5000000000e+01, 2,6000000000e+01, 1,0000000000e+01, 5,5858666667e+00, 7,4204533333e+03
 1500600000, 5,5000000000e+01, 2,6000000000e+01, 1,0000000000e+01, 4,0741333333e+00, 7,4222000000e+03
 1500600300, 5,5000000000e+01, 2,6000000000e+01, 1,0000000000e+01, 2,9572000000e+00, 7,4222266667e+03
 1500600600, 5,5000000000e+01, 2,6000000000e+01, 1,0000000000e+01, 2,1512666667e+00, 7,4219766667e+03
 1500600900, 5,5000000000e+01, 2,6000000000e+01, 1,0000000000e+01, 1,6017333333e+00, 7,4218266667e+03
 1500601200, 5,5000000000e+01, 2,6000000000e+01, 1,0000000000e+01, 1,1889333333e+00, 7,4216266667e+03
 1500601500, 5,5000000000e+01, 2,6000000000e+01, 1,0000000000e+01, 8,8280000000e-01, 7,4215466667e+03
 1500601800, 5,5000000000e+01, 2,4346666667e+01, 1,0000000000e+01, 6,6320000000e-01, 7,4220533333e+03
 1500602100, 5,5000000000e+01, 2,4000000000e+01, 1,0000000000e+01, 4,9626666667e-01, 7,4226000000e+03
 1500602400, 5,5000000000e+01, 2,4000000000e+01, 1,0000000000e+01, 3,7306666667e-01, 7,4223466667e+03
 1500602700, 5,5000000000e+01, 2,4453333333e+01, 1,0000000000e+01, 2,8420000000e-01, 7,4211933333e+03
 1500603000, 5,5000000000e+01, 2,6000000000e+01, 1,0000000000e+01, 2,1066666667e-01, 7,4220266667e+03
 1500603300, 5,5000000000e+01, 2,6000000000e+01, 1,0000000000e+01, 1,6666666667e-01, 7,4224533333e+03
 1500603600, 5,5000000000e+01, 2,6000000000e+01, 1,1653333333e+01, 1,2520000000e-01, 7,4235733333e+03
 1500603900, 5,5000000000e+01, 2,6000000000e+01, 1,2000000000e+01, 9,7466666667e-02, 7,4220000000e+03
 1500604200, 5,5000000000e+01, 2,6000000000e+01, 1,2000000000e+01, 8,7766666667e-02, 7,4222266667e+03
 1500604500, 5,5000000000e+01, 2,6000000000e+01, 1,2000000000e+01, 8,4000000000e-02, 7,4223466667e+03
 1500604800, 5,5000000000e+01, 2,6000000000e+01, 1,1946666667e+01, 8,0000000000e-02, 7,4210533333e+03
 1500605100, 5,5000000000e+01, 2,6000000000e+01, 1,0000000000e+01, 6,3200000000e-02, 7,4218266667e+03
 1500605400, 5,5000000000e+01, 2,6000000000e+01, 1,1653333333e+01, 5,4533333333e-02, 7,4222000000e+03
 1500605700, 5,5000000000e+01, 2,6000000000e+01, 1,2000000000e+01, 8,2366666667e-02, 7,4224066667e+03
 1500606000, 5,5000000000e+01, 2,6000000000e+01, 1,1146666667e+01, 9,0266666667e-02, 7,4218266667e+03
 1500606300, 5,5000000000e+01, 2,5546666667e+01, 1,0000000000e+01, 8,7466666667e-02, 7,4218533333e+03
 1500606600, 5,5000000000e+01, 2,4053333333e+01, 1,0000000000e+01, 8,0000000000e-02, 7,4226666667e+03
 1500606900, 5,5000000000e+01, 2,6000000000e+01, 1,0000000000e+01, 6,5566666667e-02, 7,4219733333e+03
 1500607200, 5,5000000000e+01, 2,4346666667e+01, 1,0000000000e+01, 6,2000000000e-02, 7,4220266667e+03
 1500607500, 5,5000000000e+01, 2,4000000000e+01, 1,0000000000e+01, 5,1733333333e-02, 7,4220000000e+03
 1500607800, 5,5000000000e+01, 2,4853333333e+01, 1,0000000000e+01, 5,0000000000e-02, 7,4224233333e+03
 1500608100, 5,5000000000e+01, 2,6000000000e+01, 1,0000000000e+01, 5,0000000000e-02, 7,4227466667e+03
 1500608400, 5,5000000000e+01, 2,5946666667e+01, 1,0000000000e+01, 5,0000000000e-02, 7,4224000000e+03
 1500608700, 5,5000000000e+01, 2,4000000000e+01, 1,0000000000e+01, 5,4000000000e-02, 7,4230000000e+03
 1500609000, 5,5000000000e+01, 2,5653333333e+01, 1,0000000000e+01, 5,0000000000e-02, 7,4224533333e+03
 1500609300, 5,5000000000e+01, 2,6000000000e+01, 1,0000000000e+01, 5,0000000000e-02, 7,4229466667e+03
 1500609600, 5,5000000000e+01, 2,5146666667e+01, 1,0000000000e+01, 5,0000000000e-02, 7,4230266667e+03
 1500609900, 5,5000000000e+01, 2,4000000000e+01, 1,0000000000e+01, 5,0000000000e-02, 7,4218000000e+03
 1500610200, 5,5000000000e+01, 2,4000000000e+01, 1,0000000000e+01, 5,1933333333e-02, 7,4217733333e+03
 1500610500, 5,5000000000e+01, 2,4000000000e+01, 1,0000000000e+01, 5,0000000000e-02, 7,4226533333e+03
 1500610800, 5,5000000000e+01, 2,4000000000e+01, 1,0000000000e+01, 5,0000000000e-02, 7,4223733333e+03
 1500611100, 5,5000000000e+01, 2,5253333333e+01, 1,0000000000e+01, 5,0266666667e-02, 7,4232000000e+03
 1500611400, 5,5000000000e+01, 2,6000000000e+01, 1,0000000000e+01, 5,1733333333e-02, 7,4228000000e+03
 1500611700, 5,5000000000e+01, 2,5546666667e+01, 1,0000000000e+01, 6,0000000000e-02, 7,4230000000e+03
 1500612000, 5,4866666667e+01, 2,4000000000e+01, 1,0000000000e+01, 5,0000000000e-02, 7,4238000000e+03
 1500612300, 5,0000000000e+01, 2,4000000000e+01, 1,0000000000e+01, 5,6266666667e-02, 7,4234266667e+03
 1500612600, 5,4133333333e+01, 2,5653333333e+01, 1,0000000000e+01, 5,1733333333e-02, 7,4240266667e+03
 1500612900, 5,5000000000e+01, 2,4746666667e+01, 1,0000000000e+01, 5,0000000000e-02, 7,4229466667e+03
 1500613200, 5,5000000000e+01, 2,4000000000e+01, 1,1706666667e+01, 5,2266666667e-02, 7,4221733333e+03
 1500613500, 5,7266666667e+01, 2,5360000000e+01, 1,5360000000e+01, 5,2266666667e-02, 7,4222000000e+03
 1500613800, 6,4733333333e+01, 2,9893333333e+01, 1,9733333333e+01, 6,3466666667e-02, 7,4214266667e+03
 1500614100, 5,5000000000e+01, 2,6000000000e+01, 1,0000000000e+01, 5,0000000000e-02, 7,4227733333e+03
 1500614400, 5,5000000000e+01, 2,6000000000e+01, 1,0000000000e+01, 5,0000000000e-02, 7,4222000000e+03
 1500614700, 5,1866666667e+01, 2,4746666667e+01, 1,0000000000e+01, 5,0000000000e-02, 7,4222000000e+03
 1500615000, 5,2133333333e+01, 2,4853333333e+01, 1,0000000000e+01, 5,0000000000e-02, 7,4224266667e+03
 1500615300, 5,6133333333e+01, 2,6453333333e+01, 1,0906666667e+01, 5,0000000000e-02, 7,4226000000e+03
 1500615600, 5,9866666667e+01, 2,7893333333e+01, 1,3893333333e+01, 5,0000000000e-02, 7,4222266667e+03
 1500615900, 5,5000000000e+01, 2,4000000000e+01, 1,0000000000e+01, 5,0000000000e-02, 7,4220000000e+03
 1500616200, 5,5000000000e+01, 2,5653333333e+01, 1,0000000000e+01, 5,0000000000e-02, 7,4225733333e+03
 1500616500, 5,5000000000e+01, 2,6000000000e+01, 1,0000000000e+01, 5,0000000000e-02, 7,4224000000e+03
 1500616800, 5,5000000000e+01, 2,6000000000e+01, 1,0000000000e+01, 5,2266666667e-02, 7,4224533333e+03
 1500617100, 5,5000000000e+01, 2,6000000000e+01, 1,0000000000e+01, 5,1733333333e-02, 7,4224000000e+03
 1500617400, 5,5000000000e+01, 2,5946666667e+01, 1,0000000000e+01, 5,0000000000e-02, 7,4239733333e+03
 1500617700, 5,5000000000e+01, 2,4000000000e+01, 1,0000000000e+01, 5,0000000000e-02, 7,4234000000e+03
 1500618000, 5,5000000000e+01, 2,4000000000e+01, 1,0000000000e+01, 6,2533333333e-02, 7,4236266667e+03
 1500618300, 5,5000000000e+01, 2,4000000000e+01, 1,0000000000e+01, 6,3466666667e-02, 7,4241733333e+03
 1500618600, 5,5000000000e+01, 2,4853333333e+01, 1,0000000000e+01, 5,0000000000e-02, 7,4236533333e+03
 1500618900, 5,5000000000e+01, 2,6000000000e+01, 1,0000000000e+01, 5,0000000000e-02, 7,4233733333e+03
 1500619200, 5,5000000000e+01, 2,6000000000e+01, 1,0000000000e+01, 5,0266666667e-02, 7,4230266667e+03
 1500619500, 5,5000000000e+01, 2,6000000000e+01, 1,0000000000e+01, 5,8000000000e-02, 7,4232266667e+03
 1500619800, 5,5000000000e+01, 2,4346666667e+01, 1,0000000000e+01, 5,7733333333e-02, 7,4233733333e+03
 1500620100, 5,5000000000e+01, 2,5253333333e+01, 1,0000000000e+01, 5,0000000000e-02, 7,4228266667e+03
 1500620400, 5,5000000000e+01, 2,6000000000e+01, 1,0000000000e+01, 5,0000000000e-02, 7,4234000000e+03
 1500620700, 5,5000000000e+01, 2,6000000000e+01, 1,0453333333e+01, 5,0000000000e-02, 7,4236266667e+03
 1500621000, 5,5000000000e+01, 2,5946666667e+01, 1,1946666667e+01, 5,2266666667e-02, 7,4236266667e+03
 1500621300, 5,5000000000e+01, 2,4000000000e+01, 1,0000000000e+01, 5,2000000000e-02, 7,4240266667e+03
 1500621600, 5,5000000000e+01, 2,5653333333e+01, 1,3306666667e+01, 6,0000000000e-02, 7,4246133333e+03
 1500621900, 5,5000000000e+01, 2,6000000000e+01, 1,1493333333e+01, 5,3733333333e-02, 7,4228533333e+03
 1500622200, 5,5000000000e+01, 2,6000000000e+01, 1,0000000000e+01, 5,0000000000e-02, 7,4239733333e+03
 1500622500, 5,5000000000e+01, 2,5546666667e+01, 1,0000000000e+01, -nan, 7,4236000000e+03
 1500622800, 5,5000000000e+01, 2,4000000000e+01, 1,0000000000e+01, -nan, 7,4235733333e+03
 1500623100, 5,5000000000e+01, 2,4000000000e+01, 1,0000000000e+01, -nan, 7,4236000000e+03
 1500623400, 5,5000000000e+01, 2,5653333333e+01, 1,0000000000e+01, -nan, 7,4234266667e+03
 1500623700, 5,5000000000e+01, 2,4746666667e+01, 1,0000000000e+01, -nan, 7,4239733333e+03
 1500624000, 5,5000000000e+01, 2,4000000000e+01, 1,0000000000e+01, -nan, 7,4236000000e+03
 1500624300, 5,3866666667e+01, 2,4000000000e+01, 1,0000000000e+01, -nan, -nan
 1500624600, 5,0000000000e+01, -nan, 1,0000000000e+01, -nan, -nan
 1500624900, 5,0000000000e+01, -nan, -nan, -nan, -nan
 1500625200, 5,4133333333e+01, -nan, -nan, -nan, -nan
 1500625500, 5,1866666667e+01, -nan, -nan, -nan, -nan
 1500625800, 5,2133333333e+01, -nan, -nan, -nan, -nan
 1500626100, -nan, -nan, -nan, -nan, -nan
 1500626400, -nan, -nan, -nan, -nan, -nan
 1500626700, -nan, -nan, -nan, -nan, -nan
 1500627000, -nan, -nan, -nan, -nan, -nan
 1500627300, -nan, -nan, -nan, -nan, -nan
