 Time, ttl_pwr, cpu_pwr, mem_pwr, cpu_load, mem_load
 1500448500, 5.5000000000e+01, 2.4000000000e+01, 1.0020000000e+01, 5.6200000000e-02, 7.6246000000e+03
 1500448800, 5.5000000000e+01, 2.4000000000e+01, 1.2000000000e+01, 6.5900000000e-02, 7.6249900000e+03
 1500449100, 5.0950000000e+01, 2.4000000000e+01, 1.0380000000e+01, 5.1900000000e-02, 7.6240100000e+03
 1500449400, 5.0000000000e+01, 2.4000000000e+01, 1.0000000000e+01, 5.0100000000e-02, 7.6240100000e+03
 1500449700, 5.2050000000e+01, 2.4000000000e+01, 1.0000000000e+01, 6.6000000000e-02, 7.6241900000e+03
 1500450000, 5.5000000000e+01, 2.4000000000e+01, 1.0000000000e+01, 5.7900000000e-02, 7.6246200000e+03
 1500450300, 5.4950000000e+01, 2.3980000000e+01, 1.0000000000e+01, 5.0100000000e-02, 7.6247900000e+03
 1500450600, 5.0000000000e+01, 2.2000000000e+01, 1.0000000000e+01, 5.9900000000e-02, 7.6240000000e+03
 1500450900, 5.0000000000e+01, 2.3620000000e+01, 1.0000000000e+01, 5.0000000000e-02, 7.6246200000e+03
 1500451200, 5.3050000000e+01, 2.4000000000e+01, 1.0000000000e+01, 5.0100000000e-02, 7.6246000000e+03
 1500451500, 5.2950000000e+01, 2.4000000000e+01, 1.0000000000e+01, 5.3900000000e-02, 7.6246100000e+03
 1500451800, 5.1050000000e+01, 2.4000000000e+01, 1.0420000000e+01, 5.2000000000e-02, 7.6254000000e+03
 1500452100, 5.4950000000e+01, 2.4000000000e+01, 1.1980000000e+01, 5.0000000000e-02, 7.6251500000e+03
 1500452400, 5.0000000000e+01, 2.4000000000e+01, 1.0000000000e+01, 5.2000000000e-02, 7.6248100000e+03
 1500452700, 5.0000000000e+01, 2.4000000000e+01, 1.0000000000e+01, 5.0200000000e-02, 7.6243900000e+03
 1500453000, 5.0000000000e+01, 2.4000000000e+01, 1.0000000000e+01, 7.8000000000e-02, 7.6237800000e+03
 1500453300, 5.0000000000e+01, 2.4000000000e+01, 1.0000000000e+01, 7.8200000000e-02, 7.6236100000e+03
 1500453600, 5.1050000000e+01, 2.4000000000e+01, 1.0420000000e+01, 8.3900000000e-02, 7.6246100000e+03
 1500453900, 5.4966666667e+01, 2.4000000000e+01, 1.1986666667e+01, 6.9733333333e-02, 7.6246066667e+03
 1500454200, 5.0000000000e+01, 2.4000000000e+01, 1.0000000000e+01, 5.0100000000e-02, 7.6258000000e+03
 1500454500, 5.4050000000e+01, 2.4000000000e+01, 1.0000000000e+01, 5.1900000000e-02, 7.6259900000e+03
 1500454800, 5.5000000000e+01, 2.4000000000e+01, 1.2440000000e+01, 5.2000000000e-02, 7.6258100000e+03
 1500455100, 5.5000000000e+01, 2.4000000000e+01, 1.2360000000e+01, 5.0100000000e-02, 7.6263800000e+03
 1500455400, 5.5000000000e+01, 2.4000000000e+01, 1.0420000000e+01, 7.2100000000e-02, 7.6242100000e+03
 1500455700, 5.5150000000e+01, 2.4080000000e+01, 1.2080000000e+01, 7.6100000000e-02, 7.6241900000e+03
 1500456000, 7.0000000000e+01, 3.2000000000e+01, 2.0000000000e+01, 6.5700000000e-02, 7.6234100000e+03
 1500456300, 5.3800000000e+01, 2.5520000000e+01, 1.1900000000e+01, 6.2100000000e-02, 7.6250100000e+03
 1500456600, 5.3050000000e+01, 2.4000000000e+01, 1.1220000000e+01, 6.4300000000e-02, 7.6260000000e+03
 1500456900, 5.2950000000e+01, 2.4000000000e+01, 1.1180000000e+01, 9.8200000000e-02, 7.6245900000e+03
 1500457200, 5.1050000000e+01, 2.4000000000e+01, 1.0000000000e+01, 1.1820000000e-01, 7.6252000000e+03
 1500457500, 5.4950000000e+01, 2.4000000000e+01, 1.0000000000e+01, 1.2990000000e-01, 7.6250200000e+03
 1500457800, 5.0000000000e+01, 2.4000000000e+01, 1.0000000000e+01, 1.4410000000e-01, 7.6260000000e+03
 1500458100, 5.4050000000e+01, 2.4000000000e+01, 1.0000000000e+01, 1.3400000000e-01, 7.6254000000e+03
 1500458400, 5.5000000000e+01, 2.4000000000e+01, 1.0000000000e+01, 1.4630000000e-01, 7.6257966667e+03
 1500458700, 5.2950000000e+01, 2.4000000000e+01, 1.0000000000e+01, 1.5370000000e-01, 7.6256000000e+03
 1500459000, 5.1050000000e+01, 2.4000000000e+01, 1.0420000000e+01, 1.2400000000e-01, 7.6264000000e+03
 1500459300, 5.5000000000e+01, 2.4000000000e+01, 1.2000000000e+01, 1.3610000000e-01, 7.6258100000e+03
 1500459600, 5.5000000000e+01, 2.4000000000e+01, 1.2000000000e+01, 1.3990000000e-01, 7.6255800000e+03
 1500459900, 5.0950000000e+01, 2.4000000000e+01, 1.0380000000e+01, 1.3210000000e-01, 7.6256100000e+03
 1500460200, 5.3050000000e+01, 2.4000000000e+01, 1.0000000000e+01, 1.3790000000e-01, 7.6258100000e+03
 1500460500, 5.5000000000e+01, 2.4000000000e+01, 1.0820000000e+01, 1.3200000000e-01, 7.6268000000e+03
 1500460800, 5.5000000000e+01, 2.4420000000e+01, 1.2000000000e+01, 1.3400000000e-01, 7.6268000000e+03
 1500461100, 5.5000000000e+01, 2.5980000000e+01, 1.1980000000e+01, 1.2390000000e-01, 7.6258000000e+03
 1500461400, 5.5000000000e+01, 2.4000000000e+01, 1.0000000000e+01, 1.3010000000e-01, 7.6258100000e+03
 1500461700, 5.5000000000e+01, 2.4000000000e+01, 1.0000000000e+01, 1.3220000000e-01, 7.6259900000e+03
 1500462000, 5.8050000000e+01, 2.4000000000e+01, 1.3660000000e+01, 1.3780000000e-01, 7.6258000000e+03
 1500462300, 5.5900000000e+01, 2.3180000000e+01, 1.3540000000e+01, 1.5220000000e-01, 7.6262200000e+03
 1500462600, 5.1050000000e+01, 2.2420000000e+01, 1.0000000000e+01, 1.3990000000e-01, 7.6269800000e+03
 1500462900, 5.5000000000e+01, 2.4000000000e+01, 1.0000000000e+01, 1.3600000000e-01, 7.6258100000e+03
 1500463200, 5.5000000000e+01, 2.4000000000e+01, 1.0000000000e+01, 1.3400000000e-01, 7.6270000000e+03
 1500463500, 5.5000000000e+01, 2.4000000000e+01, 1.0000000000e+01, 1.4220000000e-01, 7.6274000000e+03
 1500463800, 5.5000000000e+01, 2.4000000000e+01, 1.1220000000e+01, 1.4380000000e-01, 7.6262000000e+03
 1500464100, 5.5000000000e+01, 2.4000000000e+01, 1.1180000000e+01, 1.3180000000e-01, 7.6257900000e+03
 1500464400, 5.6050000000e+01, 2.4840000000e+01, 1.0420000000e+01, 1.1590000000e-01, 7.6260100000e+03
 1500464700, 6.0050000000e+01, 2.8040000000e+01, 1.2040000000e+01, 1.2830000000e-01, 7.6256000000e+03
 1500465000, 6.5000000000e+01, 3.2000000000e+01, 1.6000000000e+01, 1.3990000000e-01, 7.6258100000e+03
 1500465300, 5.2850000000e+01, 2.5520000000e+01, 1.1140000000e+01, 1.3420000000e-01, 7.6268100000e+03
 1500465600, 5.0000000000e+01, 2.4000000000e+01, 1.0000000000e+01, 1.3780000000e-01, 7.6270000000e+03
 1500465900, 5.2050000000e+01, 2.4000000000e+01, 1.0000000000e+01, 1.2990000000e-01, 7.6262100000e+03
 1500466200, 5.5000000000e+01, 2.4000000000e+01, 1.0000000000e+01, 1.1610000000e-01, 7.6272200000e+03
 1500466500, 5.5000000000e+01, 2.4000000000e+01, 1.0000000000e+01, 1.2190000000e-01, 7.6280000000e+03
 1500466800, 5.5000000000e+01, 2.4000000000e+01, 1.0000000000e+01, 1.4630000000e-01, 7.6277500000e+03
 1500467100, 5.5000000000e+01, 2.4000000000e+01, 1.0000000000e+01, 1.4790000000e-01, 7.6265900000e+03
 1500467400, 5.5000000000e+01, 2.4000000000e+01, 1.0000000000e+01, 1.3000000000e-01, 7.6268000000e+03
 1500467700, 5.5000000000e+01, 2.4000000000e+01, 1.0000000000e+01, 1.3390000000e-01, 7.6263900000e+03
 1500468000, 5.5000000000e+01, 2.4000000000e+01, 1.0420000000e+01, 1.3210000000e-01, 7.6272100000e+03
 1500468300, 5.5000000000e+01, 2.4000000000e+01, 1.2000000000e+01, 1.2990000000e-01, 7.6266000000e+03
 1500468600, 5.5000000000e+01, 2.4000000000e+01, 1.2000000000e+01, 1.3000000000e-01, 7.6268000000e+03
 1500468900, 5.5000000000e+01, 2.4000000000e+01, 1.2000000000e+01, 1.3200000000e-01, 7.6272000000e+03
 1500469200, 5.5000000000e+01, 2.4000000000e+01, 1.0780000000e+01, 1.4830000000e-01, 7.6274100000e+03
 1500469500, 5.5000000000e+01, 2.4000000000e+01, 1.0000000000e+01, 1.4580000000e-01, 7.6277800000e+03
 1500469800, 5.5000000000e+01, 2.4000000000e+01, 1.0000000000e+01, 1.3790000000e-01, 7.6282100000e+03
 1500470100, 5.4950000000e+01, 2.4000000000e+01, 1.0000000000e+01, 1.2610000000e-01, 7.6261900000e+03
 1500470400, 5.0000000000e+01, 2.4000000000e+01, 1.0000000000e+01, 1.4000000000e-01, 7.6258100000e+03
 1500470700, 5.4050000000e+01, 2.4000000000e+01, 1.0000000000e+01, 1.3990000000e-01, 7.6264000000e+03
 1500471000, 5.5000000000e+01, 2.4000000000e+01, 1.0000000000e+01, 1.3590000000e-01, 7.6262000000e+03
 1500471300, 5.2950000000e+01, 2.4000000000e+01, 1.0000000000e+01, 1.2400000000e-01, 7.6265900000e+03
 1500471600, 5.1050000000e+01, 2.4000000000e+01, 1.0000000000e+01, 1.2610000000e-01, 7.6270100000e+03
 1500471900, 5.5000000000e+01, 2.4000000000e+01, 1.0000000000e+01, 1.5230000000e-01, 7.6276100000e+03
 1500472200, 5.5000000000e+01, 2.4000000000e+01, 1.0000000000e+01, 1.6790000000e-01, 7.6279900000e+03
 1500472500, 5.5000000000e+01, 2.4000000000e+01, 1.0000000000e+01, 1.3570000000e-01, 7.6278000000e+03
 1500472800, 5.5000000000e+01, 2.4000000000e+01, 1.1220000000e+01, 1.1210000000e-01, 7.6260000000e+03
 1500473100, 5.5000000000e+01, 2.4000000000e+01, 1.1180000000e+01, 1.2180000000e-01, 7.6268000000e+03
 1500473400, 5.5000000000e+01, 2.4000000000e+01, 1.0420000000e+01, 1.1410000000e-01, 7.6262000000e+03
 1500473700, 5.5000000000e+01, 2.4000000000e+01, 1.1980000000e+01, 1.1610000000e-01, 7.6267900000e+03
 1500474000, 5.5000000000e+01, 2.4000000000e+01, 1.0000000000e+01, 1.1990000000e-01, 7.6264200000e+03
 1500474300, 5.5000000000e+01, 2.4000000000e+01, 1.1620000000e+01, 1.1396666667e-01, 7.6275966667e+03
 1500474600, 5.5000000000e+01, 2.4000000000e+01, 1.0780000000e+01, 1.0780000000e-01, 7.6280100000e+03
 1500474900, 5.9100000000e+01, 2.4820000000e+01, 1.3280000000e+01, 1.0210000000e-01, 7.6281800000e+03
 1500475200, 6.2900000000e+01, 2.6000000000e+01, 1.6740000000e+01, 9.9900000000e-02, 7.6284200000e+03
 1500475500, 5.5050000000e+01, 2.5980000000e+01, 1.2080000000e+01, 9.6000000000e-02, 7.6289900000e+03
 1500475800, 6.0000000000e+01, 2.4000000000e+01, 2.0000000000e+01, 9.5900000000e-02, 7.6276100000e+03
 1500476100, 6.0000000000e+01, 2.4000000000e+01, 1.5140000000e+01, 8.3800000000e-02, 7.6278000000e+03
 1500476400, 5.6950000000e+01, 2.5220000000e+01, 1.2780000000e+01, 7.8100000000e-02, 7.6274000000e+03
 1500476700, 5.5000000000e+01, 2.5180000000e+01, 1.2000000000e+01, 7.8000000000e-02, 7.6280000000e+03
 1500477000, 5.5000000000e+01, 2.4000000000e+01, 1.1580000000e+01, 6.9800000000e-02, 7.6282000000e+03
 1500477300, 5.5000000000e+01, 2.4000000000e+01, 1.0020000000e+01, 5.3900000000e-02, 7.6286000000e+03
 1500477600, 5.5000000000e+01, 2.4000000000e+01, 1.2000000000e+01, 5.2100000000e-02, 7.6278000000e+03
 1500477900, 5.5000000000e+01, 2.4000000000e+01, 1.0380000000e+01, 6.4000000000e-02, 7.6284000000e+03
 1500478200, 5.5000000000e+01, 2.4000000000e+01, 1.0000000000e+01, 5.5900000000e-02, 7.6286200000e+03
 1500478500, 5.5000000000e+01, 2.4000000000e+01, 1.0000000000e+01, 5.2100000000e-02, 7.6277900000e+03
 1500478800, 5.5000000000e+01, 2.4000000000e+01, 1.0000000000e+01, 5.4100000000e-02, 7.6274000000e+03
 1500479100, 5.5000000000e+01, 2.4000000000e+01, 1.0000000000e+01, 5.8400000000e-02, 7.6285000000e+03
 1500479400, 5.5000000000e+01, 2.4000000000e+01, 1.0000000000e+01, 2.2260000000e-01, 7.6347800000e+03
 1500479700, 6.3100000000e+01, 2.7240000000e+01, 1.4860000000e+01, 4.6010000000e-01, 7.6341700000e+03
 1500480000, 7.1100000000e+01, 3.1660000000e+01, 1.9660000000e+01, 6.3740000000e-01, 7.6322100000e+03
 1500480300, 6.8850000000e+01, 3.0720000000e+01, 1.8720000000e+01, 7.6130000000e-01, 7.6334300000e+03
 1500480600, 6.1050000000e+01, 2.6840000000e+01, 1.4420000000e+01, 8.7680000000e-01, 7.6354200000e+03
 1500480900, 6.5100000000e+01, 3.0040000000e+01, 1.6060000000e+01, 9.4850000000e-01, 7.6347800000e+03
 1500481200, 7.5000000000e+01, 3.4000000000e+01, 2.2000000000e+01, 9.9030000000e-01, 7.6328100000e+03
 1500481500, 6.6900000000e+01, 2.9140000000e+01, 1.8760000000e+01, 1.0141000000e+00, 7.6343300000e+03
 1500481800, 5.8900000000e+01, 2.6780000000e+01, 1.4340000000e+01, 1.0324000000e+00, 7.6338200000e+03
 1500482100, 5.7050000000e+01, 2.6820000000e+01, 1.2820000000e+01, 1.0599000000e+00, 7.6338000000e+03
 1500482400, 6.2100000000e+01, 2.8840000000e+01, 1.5260000000e+01, 1.0544000000e+00, 7.6329900000e+03
 1500482700, 6.9900000000e+01, 3.1960000000e+01, 1.9960000000e+01, 1.0920000000e+00, 7.6340100000e+03
 1500483000, 6.0000000000e+01, 2.8000000000e+01, 1.6000000000e+01, 1.0859000000e+00, 7.6327800000e+03
 1500483300, 6.8100000000e+01, 3.1240000000e+01, 1.9240000000e+01, 1.0779000000e+00, 7.6342200000e+03
 1500483600, 6.3900000000e+01, 2.7120000000e+01, 1.7560000000e+01, 1.0659000000e+00, 7.6344000000e+03
 1500483900, 6.0000000000e+01, 2.4820000000e+01, 1.5180000000e+01, 1.0600000000e+00, 7.6348000000e+03
 1500484200, 6.0000000000e+01, 2.6420000000e+01, 1.4000000000e+01, 1.0803000000e+00, 7.6362100000e+03
 1500484500, 5.9950000000e+01, 2.7960000000e+01, 1.3980000000e+01, 1.0860000000e+00, 7.6362100000e+03
 1500484800, 5.5000000000e+01, 2.4000000000e+01, 1.2000000000e+01, 1.0840000000e+00, 7.6349900000e+03
 1500485100, 6.7150000000e+01, 3.0480000000e+01, 1.6860000000e+01, 1.0980000000e+00, 7.6354000000e+03
 1500485400, 6.0850000000e+01, 2.8340000000e+01, 1.4340000000e+01, 1.1122000000e+00, 7.6356000000e+03
 1500485700, 5.9100000000e+01, 2.7640000000e+01, 1.4460000000e+01, 1.1120000000e+00, 7.6370100000e+03
 1500486000, 6.3950000000e+01, 2.9160000000e+01, 1.7160000000e+01, 1.1140000000e+00, 7.6364000000e+03
 1500486300, 6.0000000000e+01, 2.6020000000e+01, 1.4000000000e+01, 1.1079000000e+00, 7.6380200000e+03
 1500486600, 6.0000000000e+01, 2.8000000000e+01, 1.4000000000e+01, 1.1041000000e+00, 7.6383800000e+03
 1500486900, 6.8100000000e+01, 2.9620000000e+01, 1.8860000000e+01, 1.1099000000e+00, 7.6367900000e+03
 1500487200, 6.6950000000e+01, 2.8780000000e+01, 1.7560000000e+01, 1.0960000000e+00, 7.6374200000e+03
 1500487500, 6.7050000000e+01, 2.8820000000e+01, 1.6820000000e+01, 1.0959000000e+00, 7.6361800000e+03
 1500487800, 6.7900000000e+01, 2.9160000000e+01, 1.7580000000e+01, 1.0982000000e+00, 7.6358100000e+03
 1500488100, 6.0100000000e+01, 2.6060000000e+01, 1.6040000000e+01, 1.1141000000e+00, 7.6382300000e+03
 1500488400, 7.0000000000e+01, 3.2000000000e+01, 2.0000000000e+01, 1.1200000000e+00, 7.6383700000e+03
 1500488700, 7.0000000000e+01, 3.3620000000e+01, 1.8380000000e+01, 1.1152000000e+00, 7.6328400000e+03
 1500489000, 6.0850000000e+01, 2.7900000000e+01, 1.4340000000e+01, 9.2740000000e-01, 7.6218300000e+03
 1500489300, 5.5000000000e+01, 2.4000000000e+01, 1.1180000000e+01, 6.9200000000e-01, 7.6234000000e+03
 1500489600, 5.6050000000e+01, 2.4420000000e+01, 1.0840000000e+01, 5.2290000000e-01, 7.6233900000e+03
 1500489900, 5.9950000000e+01, 2.5980000000e+01, 1.3960000000e+01, 4.3100000000e-01, 7.6236200000e+03
 1500490200, 5.5000000000e+01, 2.4000000000e+01, 1.0000000000e+01, 3.3540000000e-01, 7.6251900000e+03
 1500490500, 5.5000000000e+01, 2.4000000000e+01, 1.1620000000e+01, 2.8530000000e-01, 7.6238100000e+03
 1500490800, 5.1950000000e+01, 2.4000000000e+01, 1.0780000000e+01, 2.2760000000e-01, 7.6244100000e+03
 1500491100, 5.2050000000e+01, 2.4000000000e+01, 1.0820000000e+01, 1.8350000000e-01, 7.6246000000e+03
 1500491400, 5.5000000000e+01, 2.4000000000e+01, 1.2000000000e+01, 1.3590000000e-01, 7.6246000000e+03
 1500491700, 5.5000000000e+01, 2.4000000000e+01, 1.2000000000e+01, 1.3180000000e-01, 7.6256000000e+03
 1500492000, 5.5000000000e+01, 2.4000000000e+01, 1.2000000000e+01, 1.1590000000e-01, 7.6248100000e+03
 1500492300, 5.5000000000e+01, 2.4000000000e+01, 1.2000000000e+01, 1.0380000000e-01, 7.6253800000e+03
 1500492600, 5.5000000000e+01, 2.4000000000e+01, 1.2000000000e+01, 8.3800000000e-02, 7.6252100000e+03
 1500492900, 5.5000000000e+01, 2.4000000000e+01, 1.2000000000e+01, 5.7800000000e-02, 7.6249900000e+03
 1500493200, 5.5000000000e+01, 2.4000000000e+01, 1.2000000000e+01, 5.0000000000e-02, 7.6252100000e+03
 1500493500, 5.5000000000e+01, 2.4000000000e+01, 1.1980000000e+01, 5.4200000000e-02, 7.6246000000e+03
 1500493800, 5.5000000000e+01, 2.4000000000e+01, 1.0000000000e+01, 6.8000000000e-02, 7.6252100000e+03
 1500494100, 5.5000000000e+01, 2.4000000000e+01, 1.1620000000e+01, 6.8000000000e-02, 7.6244100000e+03
 1500494400, 5.1950000000e+01, 2.4000000000e+01, 1.0780000000e+01, 8.8400000000e-02, 7.6251900000e+03
 1500494700, 5.2050000000e+01, 2.4000000000e+01, 1.0000000000e+01, 1.2620000000e-01, 7.6242000000e+03
 1500495000, 5.3950000000e+01, 2.4000000000e+01, 1.0000000000e+01, 1.2610000000e-01, 7.6244200000e+03
 1500495300, 5.0050000000e+01, 2.4000000000e+01, 1.0000000000e+01, 1.3180000000e-01, 7.6256000000e+03
 1500495600, 5.5000000000e+01, 2.4000000000e+01, 1.0000000000e+01, 1.0370000000e-01, 7.6246000000e+03
 1500495900, 5.0950000000e+01, 2.4000000000e+01, 1.0000000000e+01, 7.9800000000e-02, 7.6256200000e+03
 1500496200, 5.3050000000e+01, 2.4000000000e+01, 1.0000000000e+01, 8.6200000000e-02, 7.6253400000e+03
 1500496500, 5.5000000000e+01, 2.4000000000e+01, 1.0000000000e+01, 9.2100000000e-02, 7.6250000000e+03
 1500496800, 5.5000000000e+01, 2.4000000000e+01, 1.0000000000e+01, 1.0000000000e-01, 7.6247900000e+03
 1500497100, 5.5000000000e+01, 2.4000000000e+01, 1.0000000000e+01, 9.1700000000e-02, 7.6246200000e+03
 1500497400, 5.5000000000e+01, 2.4000000000e+01, 1.0000000000e+01, 6.9900000000e-02, 7.6251800000e+03
 1500497700, 5.5000000000e+01, 2.4000000000e+01, 1.0000000000e+01, 5.1900000000e-02, 7.6240100000e+03
 1500498000, 5.5000000000e+01, 2.4000000000e+01, 1.0000000000e+01, 5.6100000000e-02, 7.6252100000e+03
 1500498300, 5.2950000000e+01, 2.4000000000e+01, 1.0000000000e+01, 5.3900000000e-02, 7.6250000000e+03
 1500498600, 5.0000000000e+01, 2.4000000000e+01, 1.0000000000e+01, 5.0000000000e-02, 7.6253900000e+03
 1500498900, 5.0050000000e+01, 2.4000000000e+01, 1.0000000000e+01, 5.0000000000e-02, 7.6250100000e+03
 1500499200, 5.5000000000e+01, 2.4000000000e+01, 1.0000000000e+01, 5.0000000000e-02, 7.6250000000e+03
 1500499500, 5.0950000000e+01, 2.4000000000e+01, 1.0000000000e+01, 5.0000000000e-02, 7.6246000000e+03
 1500499800, 5.3050000000e+01, 2.4000000000e+01, 1.0000000000e+01, 5.0000000000e-02, 7.6246200000e+03
 1500500100, 5.2950000000e+01, 2.4000000000e+01, 1.0000000000e+01, 5.0000000000e-02, 7.6255800000e+03
 1500500400, 5.1050000000e+01, 2.4000000000e+01, 1.0000000000e+01, 5.2000000000e-02, 7.6256100000e+03
 1500500700, 5.5000000000e+01, 2.4000000000e+01, 1.0000000000e+01, 5.4100000000e-02, 7.6256000000e+03
 1500501000, 5.5000000000e+01, 2.4000000000e+01, 1.0000000000e+01, 5.3900000000e-02, 7.6249900000e+03
 1500501300, 5.5000000000e+01, 2.4000000000e+01, 1.0000000000e+01, 5.0000000000e-02, 7.6254066667e+03
 1500501600, 5.5000000000e+01, 2.4000000000e+01, 1.1213333333e+01, 5.0000000000e-02, 7.6248000000e+03
 1500501900, 5.5000000000e+01, 2.5626666667e+01, 1.2000000000e+01, 6.0133333333e-02, 7.6249933333e+03
 1500502200, 5.5000000000e+01, 2.7173333333e+01, 1.1586666667e+01, 6.8066666667e-02, 7.6254066667e+03
 1500502500, 5.5100000000e+01, 2.4013333333e+01, 1.0093333333e+01, 7.5933333333e-02, 7.6244133333e+03
 1500502800, 7.0000000000e+01, 2.6000000000e+01, 2.4000000000e+01, 6.6000000000e-02, 7.6254000000e+03
 1500503100, 5.7900000000e+01, 2.4386666667e+01, 1.2706666667e+01, 6.7933333333e-02, 7.6253933333e+03
 1500503400, 5.5000000000e+01, 2.4000000000e+01, 1.1213333333e+01, 5.7933333333e-02, 7.6254000000e+03
 1500503700, 5.2966666667e+01, 2.4000000000e+01, 1.1186666667e+01, 5.6066666667e-02, 7.6254000000e+03
 1500504000, 5.0000000000e+01, 2.4000000000e+01, 1.0000000000e+01, 5.5933333333e-02, 7.6247933333e+03
 1500504300, 5.0033333333e+01, 2.4000000000e+01, 1.0000000000e+01, 5.0000000000e-02, 7.6248066667e+03
 1500504600, 5.5000000000e+01, 2.4000000000e+01, 1.0000000000e+01, 5.0000000000e-02, 7.6256000000e+03
 1500504900, 5.5000000000e+01, 2.4000000000e+01, 1.0000000000e+01, 5.0000000000e-02, 7.6255933333e+03
 1500505200, 5.5000000000e+01, 2.4000000000e+01, 1.0000000000e+01, 5.0000000000e-02, 7.6242133333e+03
 1500505500, 5.2966666667e+01, 2.4000000000e+01, 1.0000000000e+01, 5.0000000000e-02, 7.6251933333e+03
 1500505800, 5.1033333333e+01, 2.4000000000e+01, 1.0000000000e+01, 5.0000000000e-02, 7.6246000000e+03
 1500506100, 5.4966666667e+01, 2.4000000000e+01, 1.0000000000e+01, 5.0000000000e-02, 7.6258000000e+03
 1500506400, 5.0000000000e+01, 2.4000000000e+01, 1.0000000000e+01, 5.0066666667e-02, 7.6252066667e+03
 1500506700, 5.4033333333e+01, 2.4000000000e+01, 1.0000000000e+01, 5.1933333333e-02, 7.6254000000e+03
 1500507000, 5.5000000000e+01, 2.4000000000e+01, 1.0000000000e+01, 5.2066666667e-02, 7.6263933333e+03
 1500507300, 5.5000000000e+01, 2.4000000000e+01, 1.0813333333e+01, 5.1933333333e-02, 7.6264133333e+03
 1500507600, 5.5000000000e+01, 2.4000000000e+01, 1.2000000000e+01, 5.0000000000e-02, 7.6259933333e+03
 1500507900, 5.5000000000e+01, 2.4000000000e+01, 1.2013333333e+01, 5.4000000000e-02, 7.6268000000e+03
 1500508200, 5.5000000000e+01, 2.4000000000e+01, 1.4000000000e+01, 5.8000000000e-02, 7.6251933333e+03
 1500508500, 5.5000000000e+01, 2.4000000000e+01, 1.2386666667e+01, 5.0000000000e-02, 7.6250066667e+03
 1500508800, 5.5000000000e+01, 2.4000000000e+01, 1.0786666667e+01, 5.4133333333e-02, 7.6256066667e+03
 1500509100, 5.5000000000e+01, 2.4000000000e+01, 1.0813333333e+01, 6.5933333333e-02, 7.6260000000e+03
 1500509400, 5.5000000000e+01, 2.4000000000e+01, 1.2000000000e+01, 6.0000000000e-02, 7.6260000000e+03
 1500509700, 5.5000000000e+01, 2.4000000000e+01, 1.1986666667e+01, 5.2000000000e-02, 7.6256066667e+03
 1500510000, 5.5000000000e+01, 2.4000000000e+01, 1.0000000000e+01, 5.1933333333e-02, 7.6262133333e+03
 1500510300, 5.5000000000e+01, 2.4000000000e+01, 1.1613333333e+01, 5.0000000000e-02, 7.6264000000e+03
 1500510600, 5.1966666667e+01, 2.4000000000e+01, 1.0786666667e+01, 5.0000000000e-02, 7.6262000000e+03
 1500510900, 5.0000000000e+01, 2.4000000000e+01, 1.0000000000e+01, 5.0000000000e-02, 7.6270200000e+03
 1500511200, 5.0000000000e+01, 2.4000000000e+01, 1.0000000000e+01, 5.0000000000e-02, 7.6267533333e+03
 1500511500, 5.0033333333e+01, 2.4000000000e+01, 1.0000000000e+01, 5.0000000000e-02, 7.6262000000e+03
 1500511800, 5.5000000000e+01, 2.4000000000e+01, 1.0000000000e+01, 5.0000000000e-02, 7.6257866667e+03
 1500512100, 5.5000000000e+01, 2.4000000000e+01, 1.0000000000e+01, 5.0000000000e-02, 7.6250066667e+03
 1500512400, 5.5000000000e+01, 2.4000000000e+01, 1.0000000000e+01, 5.0066666667e-02, 7.6254000000e+03
 1500512700, 5.2966666667e+01, 2.3186666667e+01, 1.0000000000e+01, 5.1933333333e-02, 7.6254000000e+03
 1500513000, 5.0000000000e+01, 2.2413333333e+01, 1.0000000000e+01, 5.0000000000e-02, 7.6259866667e+03
 1500513300, 5.0000000000e+01, 2.4000000000e+01, 1.0000000000e+01, 5.0000000000e-02, 7.6250066667e+03
 1500513600, 5.0000000000e+01, 2.4000000000e+01, 1.0000000000e+01, 5.2000000000e-02, 7.6250066667e+03
 1500513900, 5.4033333333e+01, 2.4000000000e+01, 1.1613333333e+01, 5.0000000000e-02, 7.6264000000e+03
 1500514200, 5.5000000000e+01, 2.4000000000e+01, 1.0786666667e+01, 5.6133333333e-02, 7.6247933333e+03
 1500514500, 5.2966666667e+01, 2.4000000000e+01, 1.0000000000e+01, 6.8000000000e-02, 7.6252133333e+03
 1500514800, 5.0000000000e+01, 2.4000000000e+01, 1.0000000000e+01, 6.7966666667e-02, 7.6257933333e+03
 1500515100, 5.0033333333e+01, 2.4000000000e+01, 1.0000000000e+01, 7.4066666667e-02, 7.6256000000e+03
 1500515400, 5.5000000000e+01, 2.4000000000e+01, 1.0000000000e+01, 7.6000000000e-02, 7.6258066667e+03
 1500515700, 5.5000000000e+01, 2.4000000000e+01, 1.0000000000e+01, 7.6066666667e-02, 7.6257866667e+03
 1500516000, 5.5000000000e+01, 2.4000000000e+01, 1.1213333333e+01, 7.1933333333e-02, 7.6258133333e+03
 1500516300, 5.2966666667e+01, 2.4000000000e+01, 1.1186666667e+01, 6.3866666667e-02, 7.6261933333e+03
 1500516600, 5.1033333333e+01, 2.4000000000e+01, 1.0000000000e+01, 5.4066666667e-02, 7.6264000000e+03
 1500516900, 5.5000000000e+01, 2.4000000000e+01, 1.0000000000e+01, 5.1933333333e-02, 7.6266066667e+03
 1500517200, 5.5000000000e+01, 2.4000000000e+01, 1.0000000000e+01, 5.0066666667e-02, 7.6254000000e+03
 1500517500, 5.0966666667e+01, 2.2386666667e+01, 1.0000000000e+01, 6.3933333333e-02, 7.6253933333e+03
 1500517800, 5.0000000000e+01, 2.2000000000e+01, 1.0000000000e+01, 5.4000000000e-02, 7.6256000000e+03
 1500518100, 5.2033333333e+01, 2.2813333333e+01, 1.0000000000e+01, 5.4000000000e-02, 7.6260000000e+03
 1500518400, 5.5000000000e+01, 2.4000000000e+01, 1.0000000000e+01, 5.0000000000e-02, 7.6249933333e+03
 1500518700, 5.5000000000e+01, 2.4000000000e+01, 1.0013333333e+01, 5.0000000000e-02, 7.6246066667e+03
 1500519000, 5.5000000000e+01, 2.4000000000e+01, 1.2000000000e+01, 5.0000000000e-02, 7.6260000000e+03
 1500519300, 5.0966666667e+01, 2.4000000000e+01, 1.0386666667e+01, 5.0000000000e-02, 7.6262000000e+03
 1500519600, 5.0000000000e+01, 2.4000000000e+01, 1.0000000000e+01, 5.4000000000e-02, 7.6260000000e+03
 1500519900, 5.2033333333e+01, 2.4000000000e+01, 1.0813333333e+01, 5.0000000000e-02, 7.6268000000e+03
 1500520200, 5.3966666667e+01, 2.4000000000e+01, 1.1586666667e+01, 5.0000000000e-02, 7.6248000000e+03
 1500520500, 5.0000000000e+01, 2.4000000000e+01, 1.0000000000e+01, 5.0000000000e-02, 7.6244000000e+03
 1500520800, 5.0000000000e+01, 2.4000000000e+01, 1.0000000000e+01, 5.8066666667e-02, 7.6254000000e+03
 1500521100, 5.4033333333e+01, 2.4000000000e+01, 1.0000000000e+01, 7.0066666667e-02, 7.6260066667e+03
 1500521400, 5.1966666667e+01, 2.4000000000e+01, 1.0000000000e+01, 8.0066666667e-02, 7.6262000000e+03
 1500521700, 5.0000000000e+01, 2.4000000000e+01, 1.0000000000e+01, 9.4133333333e-02, 7.6251933333e+03
 1500522000, 5.1033333333e+01, 2.4000000000e+01, 1.0000000000e+01, 1.0606666667e-01, 7.6256000000e+03
 1500522300, 5.5000000000e+01, 2.4000000000e+01, 1.0000000000e+01, 1.0800000000e-01, 7.6256066667e+03
 1500522600, 5.5000000000e+01, 2.4000000000e+01, 1.0000000000e+01, 1.1193333333e-01, 7.6266066667e+03
 1500522900, 5.5000000000e+01, 2.4000000000e+01, 1.1613333333e+01, 9.5866666667e-02, 7.6257866667e+03
 1500523200, 5.5000000000e+01, 2.4000000000e+01, 1.2000000000e+01, 7.3866666667e-02, 7.6252133333e+03
 1500523500, 5.5000000000e+01, 2.4000000000e+01, 1.2000000000e+01, 5.1933333333e-02, 7.6256000000e+03
 1500523800, 5.5000000000e+01, 2.4000000000e+01, 1.2000000000e+01, 5.0000000000e-02, 7.6258066667e+03
 1500524100, 5.5000000000e+01, 2.4000000000e+01, 1.2000000000e+01, 5.0000000000e-02, 7.6256066667e+03
 1500524400, 5.5000000000e+01, 2.4000000000e+01, 1.2000000000e+01, 5.0000000000e-02, 7.6264000000e+03
 1500524700, 5.5000000000e+01, 2.4000000000e+01, 1.0386666667e+01, 5.0000000000e-02, 7.6261933333e+03
 1500525000, 5.1966666667e+01, 2.4000000000e+01, 1.0000000000e+01, 5.0000000000e-02, 7.6256066667e+03
 1500525300, 5.2033333333e+01, 2.4000000000e+01, 1.0813333333e+01, 5.2000000000e-02, 7.6258066667e+03
 1500525600, 5.5000000000e+01, 2.4000000000e+01, 1.2000000000e+01, 5.0000000000e-02, 7.6264066667e+03
 1500525900, 5.5000000000e+01, 2.4000000000e+01, 1.1986666667e+01, 5.0000000000e-02, 7.6269666667e+03
 1500526200, 5.5000000000e+01, 2.4000000000e+01, 1.0000000000e+01, 5.0000000000e-02, 7.6253933333e+03
 1500526500, 5.5000000000e+01, 2.5613333333e+01, 1.1613333333e+01, 5.0000000000e-02, 7.6254000000e+03
 1500526800, 5.5000000000e+01, 2.4786666667e+01, 1.0786666667e+01, 5.6066666667e-02, 7.6252000000e+03
 1500527100, 5.5000000000e+01, 2.4000000000e+01, 1.0000000000e+01, 5.3933333333e-02, 7.6256000000e+03
 1500527400, 5.3966666667e+01, 2.4000000000e+01, 1.0000000000e+01, 5.0000000000e-02, 7.6260066667e+03
 1500527700, 5.0033333333e+01, 2.4000000000e+01, 1.0000000000e+01, 5.6066666667e-02, 7.6270000000e+03
 1500528000, 5.5000000000e+01, 2.4000000000e+01, 1.0000000000e+01, 6.4000000000e-02, 7.6269933333e+03
 1500528300, 5.5000000000e+01, 2.4000000000e+01, 1.1613333333e+01, 6.0000000000e-02, 7.6261933333e+03
 1500528600, 5.8033333333e+01, 2.6426666667e+01, 1.3213333333e+01, 6.4000000000e-02, 7.6266133333e+03
 1500528900, 5.7966666667e+01, 2.6373333333e+01, 1.3186666667e+01, 5.1933333333e-02, 7.6262000000e+03
 1500529200, 5.5000000000e+01, 2.4000000000e+01, 1.1586666667e+01, 5.0000000000e-02, 7.6249933333e+03
 1500529500, 5.4966666667e+01, 2.3986666667e+01, 1.0000000000e+01, 5.0000000000e-02, 7.6252066667e+03
 1500529800, 5.0000000000e+01, 2.2000000000e+01, 1.0000000000e+01, 5.0000000000e-02, 7.6262000000e+03
 1500530100, 5.0000000000e+01, 2.3613333333e+01, 1.0000000000e+01, 5.0000000000e-02, 7.6259866667e+03
 1500530400, 5.3033333333e+01, 2.4000000000e+01, 1.0000000000e+01, 5.0000000000e-02, 7.6266133333e+03
 1500530700, 5.2966666667e+01, 2.4000000000e+01, 1.0000000000e+01, 5.0000000000e-02, 7.6268000000e+03
 1500531000, 5.0000000000e+01, 2.4000000000e+01, 1.0000000000e+01, 5.0000000000e-02, 7.6266066667e+03
 1500531300, 5.0033333333e+01, 2.4000000000e+01, 1.0000000000e+01, 5.0000000000e-02, 7.6270000000e+03
 1500531600, 5.5000000000e+01, 2.4000000000e+01, 1.0000000000e+01, 5.6000000000e-02, 7.6284000000e+03
 1500531900, 5.5000000000e+01, 2.4000000000e+01, 1.1613333333e+01, 5.0000000000e-02, 7.6273933333e+03
 1500532200, 5.1966666667e+01, 2.4000000000e+01, 1.0786666667e+01, 5.0000000000e-02, 7.6272133333e+03
 1500532500, 5.2033333333e+01, 2.4000000000e+01, 1.0000000000e+01, 5.0000000000e-02, 7.6275933333e+03
 1500532800, 5.5000000000e+01, 2.4000000000e+01, 1.0000000000e+01, 5.0000000000e-02, 7.6272066667e+03
 1500533100, 5.4966666667e+01, 2.4000000000e+01, 1.0000000000e+01, 5.0000000000e-02, 7.6288066667e+03
 1500533400, 5.0000000000e+01, 2.4000000000e+01, 1.0000000000e+01, 5.0000000000e-02, 7.6286100000e+03
 1500533700, 5.4033333333e+01, 2.4000000000e+01, 1.0000000000e+01, 5.8066666667e-02, 7.6293866667e+03
 1500534000, 5.5000000000e+01, 2.4000000000e+01, 1.0000000000e+01, 5.2066666667e-02, 7.6286066667e+03
 1500534300, 5.2966666667e+01, 2.4000000000e+01, 1.0000000000e+01, 6.3866666667e-02, 7.6297866667e+03
 1500534600, 5.1033333333e+01, 2.4000000000e+01, 1.0413333333e+01, 5.0000000000e-02, 7.6286000000e+03
 1500534900, 5.5000000000e+01, 2.4000000000e+01, 1.2000000000e+01, 5.0000000000e-02, 7.6278133333e+03
 1500535200, 5.5000000000e+01, 2.4000000000e+01, 1.2000000000e+01, 5.0000000000e-02, 7.6279933333e+03
 1500535500, 5.5000000000e+01, 2.4000000000e+01, 1.2000000000e+01, 5.0000000000e-02, 7.6276000000e+03
 1500535800, 5.1966666667e+01, 2.4000000000e+01, 1.0786666667e+01, 5.4000000000e-02, 7.6290066667e+03
 1500536100, 5.2033333333e+01, 2.4000000000e+01, 1.0000000000e+01, 5.0000000000e-02, 7.6285933333e+03
 1500536400, 5.3966666667e+01, 2.4000000000e+01, 1.0000000000e+01, 5.6000000000e-02, 7.6290133333e+03
 1500536700, 5.0033333333e+01, 2.4000000000e+01, 1.0000000000e+01, 5.0000000000e-02, 7.6295933333e+03
 1500537000, 5.5000000000e+01, 2.4000000000e+01, 1.0000000000e+01, 5.0000000000e-02, 7.6287933333e+03
 1500537300, 5.5000000000e+01, 2.4000000000e+01, 1.0000000000e+01, 5.0000000000e-02, 7.6294133333e+03
 1500537600, 5.5000000000e+01, 2.4000000000e+01, 1.0000000000e+01, 5.0000000000e-02, 7.6282000000e+03
 1500537900, 5.2966666667e+01, 2.4000000000e+01, 1.0000000000e+01, 5.0000000000e-02, 7.6285933333e+03
 1500538200, 5.1033333333e+01, 2.4000000000e+01, 1.0000000000e+01, 5.0000000000e-02, 7.6288066667e+03
 1500538500, 5.5000000000e+01, 2.4000000000e+01, 1.0000000000e+01, 5.2000000000e-02, 7.6294066667e+03
 1500538800, 5.5000000000e+01, 2.4000000000e+01, 1.0000000000e+01, 5.0000000000e-02, 7.6300066667e+03
 1500539100, 5.5000000000e+01, 2.4000000000e+01, 1.1613333333e+01, 5.0000000000e-02, 7.6302000000e+03
 1500539400, 5.5000000000e+01, 2.4000000000e+01, 1.2000000000e+01, 5.0000000000e-02, 7.6300066667e+03
 1500539700, 5.5000000000e+01, 2.4000000000e+01, 1.2000000000e+01, 6.6133333333e-02, 7.6298000000e+03
 1500540000, 5.5000000000e+01, 2.4000000000e+01, 1.2000000000e+01, 6.3933333333e-02, 7.6298066667e+03
 1500540300, 5.5000000000e+01, 2.4000000000e+01, 1.2000000000e+01, 5.4000000000e-02, 7.6304066667e+03
 1500540600, 5.5000000000e+01, 2.4000000000e+01, 1.2000000000e+01, 5.3933333333e-02, 7.6305600000e+03
 1500540900, 5.5000000000e+01, 2.4000000000e+01, 1.0386666667e+01, 5.0000000000e-02, 7.6296000000e+03
 1500541200, 5.5000000000e+01, 2.4000000000e+01, 1.0000000000e+01, 5.0000000000e-02, 7.6289866667e+03
 1500541500, 5.5000000000e+01, 2.4000000000e+01, 1.0813333333e+01, 5.0000000000e-02, 7.6286000000e+03
 1500541800, 5.5000000000e+01, 2.4000000000e+01, 1.2000000000e+01, 5.0000000000e-02, 7.6286133333e+03
 1500542100, 5.4966666667e+01, 2.4000000000e+01, 1.1986666667e+01, 5.0000000000e-02, 7.6299933333e+03
 1500542400, 5.0000000000e+01, 2.4000000000e+01, 1.0000000000e+01, 5.0000000000e-02, 7.6294066667e+03
 1500542700, 5.0000000000e+01, 2.2386666667e+01, 1.0000000000e+01, 5.0000000000e-02, 7.6289866667e+03
 1500543000, 5.0000000000e+01, 2.3213333333e+01, 1.0000000000e+01, 5.0066666667e-02, 7.6292066667e+03
 1500543300, 5.2033333333e+01, 2.4000000000e+01, 1.0813333333e+01, 5.9933333333e-02, 7.6300066667e+03
 1500543600, 5.3966666667e+01, 2.4000000000e+01, 1.1586666667e+01, 5.0000000000e-02, 7.6293933333e+03
 1500543900, 5.0000000000e+01, 2.4000000000e+01, 1.0000000000e+01, 5.0000000000e-02, 7.6290000000e+03
 1500544200, 5.0000000000e+01, 2.4000000000e+01, 1.0000000000e+01, 5.0000000000e-02, 7.6286000000e+03
 1500544500, 5.0000000000e+01, 2.4000000000e+01, 1.0000000000e+01, 5.0000000000e-02, 7.6288000000e+03
 1500544800, 5.3033333333e+01, 2.4000000000e+01, 1.0000000000e+01, 5.0000000000e-02, 7.6296000000e+03
 1500545100, 5.2966666667e+01, 2.4000000000e+01, 1.0000000000e+01, 5.0000000000e-02, 7.6294066667e+03
 1500545400, 5.0000000000e+01, 2.4000000000e+01, 1.0000000000e+01, 5.0000000000e-02, 7.6298066667e+03
 1500545700, 5.0033333333e+01, 2.4000000000e+01, 1.0000000000e+01, 5.6133333333e-02, 7.6305866667e+03
 1500546000, 5.5000000000e+01, 2.4000000000e+01, 1.0000000000e+01, 6.6000000000e-02, 7.6294133333e+03
 1500546300, 5.5000000000e+01, 2.4000000000e+01, 1.0000000000e+01, 7.8000000000e-02, 7.6301866667e+03
 1500546600, 5.1966666667e+01, 2.4000000000e+01, 1.0000000000e+01, 8.2133333333e-02, 7.6276000000e+03
 1500546900, 5.0000000000e+01, 2.4000000000e+01, 1.0000000000e+01, 8.7866666667e-02, 7.6286000000e+03
 1500547200, 5.0000000000e+01, 2.4000000000e+01, 1.0000000000e+01, 6.1866666667e-02, 7.6284000000e+03
 1500547500, 5.0000000000e+01, 2.3986666667e+01, 1.0000000000e+01, 5.8066666667e-02, 7.6282133333e+03
 1500547800, 5.0000000000e+01, 2.2000000000e+01, 1.0000000000e+01, 5.1933333333e-02, 7.6289933333e+03
 1500548100, 5.0000000000e+01, 2.3613333333e+01, 1.0000000000e+01, 6.2200000000e-02, 7.6298066667e+03
 1500548400, 5.3033333333e+01, 2.4000000000e+01, 1.0000000000e+01, 6.9866666667e-02, 7.6299933333e+03
 1500548700, 5.2966666667e+01, 2.4000000000e+01, 1.0000000000e+01, 5.3933333333e-02, 7.6298000000e+03
 1500549000, 5.1033333333e+01, 2.4826666667e+01, 1.0000000000e+01, 5.0000000000e-02, 7.6300066667e+03
 1500549300, 5.5000000000e+01, 2.7973333333e+01, 1.0000000000e+01, 5.0066666667e-02, 7.6305666667e+03
 1500549600, 5.5000000000e+01, 2.4000000000e+01, 1.0000000000e+01, 6.6133333333e-02, 7.6292066667e+03
 1500549900, 5.0966666667e+01, 2.4000000000e+01, 1.0000000000e+01, 7.3866666667e-02, 7.6292000000e+03
 1500550200, 5.0000000000e+01, 2.4000000000e+01, 1.0000000000e+01, 5.5933333333e-02, 7.6298066667e+03
 1500550500, 5.0000000000e+01, 2.4000000000e+01, 1.0000000000e+01, 5.0000000000e-02, 7.6302000000e+03
 1500550800, 5.0000000000e+01, 2.4000000000e+01, 1.0000000000e+01, 5.0000000000e-02, 7.6300000000e+03
 1500551100, 5.0000000000e+01, 2.4000000000e+01, 1.0000000000e+01, 5.8066666667e-02, 7.6304000000e+03
 1500551400, 5.0000000000e+01, 2.4000000000e+01, 1.0000000000e+01, 5.1933333333e-02, 7.6306000000e+03
 1500551700, 5.4033333333e+01, 2.4000000000e+01, 1.1613333333e+01, 5.0000000000e-02, 7.6308000000e+03
 1500552000, 5.5000000000e+01, 2.4000000000e+01, 1.0786666667e+01, 5.6200000000e-02, 7.6308066667e+03
 1500552300, 5.5000000000e+01, 2.4000000000e+01, 1.0000000000e+01, 8.4000000000e-02, 7.6299933333e+03
 1500552600, 5.3966666667e+01, 2.4000000000e+01, 1.0000000000e+01, 8.2000000000e-02, 7.6290000000e+03
 1500552900, 5.0033333333e+01, 2.4000000000e+01, 1.0000000000e+01, 8.2066666667e-02, 7.6290000000e+03
 1500553200, 5.5000000000e+01, 2.4000000000e+01, 1.0000000000e+01, 8.6066666667e-02, 7.6296133333e+03
 1500553500, 5.5000000000e+01, 2.4000000000e+01, 1.0000000000e+01, 1.0000000000e-01, 7.6310066667e+03
 1500553800, 5.5000000000e+01, 2.4000000000e+01, 1.0000000000e+01, 8.7866666667e-02, 7.6303933333e+03
 1500554100, 5.5000000000e+01, 2.4000000000e+01, 1.0813333333e+01, 8.4000000000e-02, 7.6308066667e+03
 1500554400, 5.5000000000e+01, 2.4000000000e+01, 1.2000000000e+01, 7.3866666667e-02, 7.6308066667e+03
 1500554700, 5.5000000000e+01, 2.4000000000e+01, 1.1986666667e+01, 5.5933333333e-02, 7.6314066667e+03
 1500555000, 5.5000000000e+01, 2.4000000000e+01, 1.0000000000e+01, 5.0066666667e-02, 7.6310000000e+03
 1500555300, 5.5000000000e+01, 2.4000000000e+01, 1.1613333333e+01, 5.7933333333e-02, 7.6315666667e+03
 1500555600, 5.5000000000e+01, 2.4000000000e+01, 1.0786666667e+01, 5.0000000000e-02, 7.6293933333e+03
 1500555900, 5.5000000000e+01, 2.4000000000e+01, 1.0813333333e+01, 5.0000000000e-02, 7.6300066667e+03
 1500556200, 5.5000000000e+01, 2.4000000000e+01, 1.2000000000e+01, 5.2000000000e-02, 7.6297933333e+03
 1500556500, 5.5000000000e+01, 2.4000000000e+01, 1.1986666667e+01, 5.0000000000e-02, 7.6302133333e+03
 1500556800, 5.5000000000e+01, 2.4000000000e+01, 1.0000000000e+01, 5.0000000000e-02, 7.6297866667e+03
 1500557100, 5.5000000000e+01, 2.4000000000e+01, 1.0000000000e+01, 5.2000000000e-02, 7.6306066667e+03
 1500557400, 5.1966666667e+01, 2.4000000000e+01, 1.0000000000e+01, 5.4133333333e-02, 7.6308000000e+03
 1500557700, 5.0000000000e+01, 2.4000000000e+01, 1.0000000000e+01, 7.2066666667e-02, 7.6305933333e+03
 1500558000, 5.1033333333e+01, 2.4000000000e+01, 1.0000000000e+01, 7.6000000000e-02, 7.6299933333e+03
 1500558300, 5.5000000000e+01, 2.4000000000e+01, 1.0000000000e+01, 7.8000000000e-02, 7.6301933333e+03
 1500558600, 5.5000000000e+01, 2.4000000000e+01, 1.0000000000e+01, 8.4000000000e-02, 7.6280000000e+03
 1500558900, 5.5000000000e+01, 2.4000000000e+01, 1.0000000000e+01, 8.4000000000e-02, 7.6290000000e+03
 1500559200, 5.5000000000e+01, 2.4000000000e+01, 1.1213333333e+01, 8.4000000000e-02, 7.6288066667e+03
 1500559500, 5.5000000000e+01, 2.4000000000e+01, 1.2000000000e+01, 9.2066666667e-02, 7.6290000000e+03
 1500559800, 5.3966666667e+01, 2.4000000000e+01, 1.1586666667e+01, 9.1933333333e-02, 7.6292000000e+03
 1500560100, 5.0033333333e+01, 2.4000000000e+01, 1.0013333333e+01, 6.7800000000e-02, 7.6296133333e+03
 1500560400, 5.5000000000e+01, 2.4000000000e+01, 1.2000000000e+01, 5.0000000000e-02, 7.6305933333e+03
 1500560700, 5.9033333333e+01, 2.5613333333e+01, 1.3613333333e+01, 5.0000000000e-02, 7.6301933333e+03
 1500561000, 5.6966666667e+01, 2.4786666667e+01, 1.2786666667e+01, 5.4000000000e-02, 7.6296000000e+03
 1500561300, 5.2966666667e+01, 2.4000000000e+01, 1.1186666667e+01, 5.0000000000e-02, 7.6288066667e+03
 1500561600, 5.1033333333e+01, 2.4000000000e+01, 1.0000000000e+01, 5.0000000000e-02, 7.6292000000e+03
 1500561900, 5.4966666667e+01, 2.4000000000e+01, 1.0000000000e+01, 5.2133333333e-02, 7.6302066667e+03
 1500562200, 5.0000000000e+01, 2.4000000000e+01, 1.0000000000e+01, 5.7866666667e-02, 7.6295866667e+03
 1500562500, 5.4033333333e+01, 2.4000000000e+01, 1.1613333333e+01, 5.6000000000e-02, 7.6288066667e+03
 1500562800, 5.1966666667e+01, 2.4000000000e+01, 1.0786666667e+01, 5.0000000000e-02, 7.6292000000e+03
 1500563100, 5.2033333333e+01, 2.4000000000e+01, 1.0000000000e+01, 5.0000000000e-02, 7.6302000000e+03
 1500563400, 5.3966666667e+01, 2.4000000000e+01, 1.0000000000e+01, 6.0133333333e-02, 7.6297933333e+03
 1500563700, 5.0033333333e+01, 2.4000000000e+01, 1.0000000000e+01, 8.2133333333e-02, 7.6300133333e+03
 1500564000, 5.5000000000e+01, 2.4000000000e+01, 1.0000000000e+01, 8.9933333333e-02, 7.6309933333e+03
 1500564300, 5.0966666667e+01, 2.4000000000e+01, 1.0000000000e+01, 7.7933333333e-02, 7.6292000000e+03
 1500564600, 5.3033333333e+01, 2.4000000000e+01, 1.1213333333e+01, 7.6066666667e-02, 7.6294000000e+03
 1500564900, 5.5000000000e+01, 2.4000000000e+01, 1.1186666667e+01, 2.3886666667e-01, 7.8216666667e+03
 1500565200, 9.4266666667e+01, 5.6653333333e+01, 1.6200000000e+01, 3.4224000000e+00, 1.0713573333e+04
 1500565500, 2.4493333333e+02, 1.8194666667e+02, 3.9986666667e+01, 6.9110000000e+00, 1.2758080000e+04
 1500565800, 2.3500000000e+02, 1.7400000000e+02, 3.8000000000e+01, 9.5376666667e+00, 1.0794640000e+04
 1500566100, 2.3500000000e+02, 1.7722666667e+02, 3.8000000000e+01, 1.1553000000e+01, 1.0725173333e+04
 1500566400, 2.1376666667e+02, 1.6344000000e+02, 3.0720000000e+01, 1.2938533333e+01, 1.2642573333e+04
 1500566700, 2.1830000000e+02, 1.6620000000e+02, 3.2506666667e+01, 1.3922600000e+01, 1.2722000000e+04
 1500567000, 2.3983333333e+02, 1.8193333333e+02, 3.8693333333e+01, 1.4801333333e+01, 1.0665460000e+04
 1500567300, 2.1996666667e+02, 1.7396000000e+02, 2.6000000000e+01, 1.5360866667e+01, 1.0531340000e+04
 1500567600, 2.1500000000e+02, 1.6800000000e+02, 2.6000000000e+01, 1.5759800000e+01, 1.2902400000e+04
 1500567900, 2.1903333333e+02, 1.7445333333e+02, 2.6000000000e+01, 1.6036133333e+01, 1.2590800000e+04
 1500568200, 2.2303333333e+02, 1.7721333333e+02, 2.6000000000e+01, 1.6062400000e+01, 1.0716093333e+04
 1500568500, 2.2296666667e+02, 1.7556000000e+02, 2.6000000000e+01, 1.5962866667e+01, 8.4464533333e+03
 1500568800, 2.2103333333e+02, 1.7324000000e+02, 2.6000000000e+01, 1.6154866667e+01, 1.2825873333e+04
 1500569100, 2.2410000000e+02, 1.7712000000e+02, 2.5986666667e+01, 1.6269000000e+01, 1.3948006667e+04
 1500569400, 9.0000000000e+01, 4.6000000000e+01, 2.4000000000e+01, 1.6225733333e+01, 1.0803400000e+04
 1500569700, 2.1503333333e+02, 1.5732000000e+02, 3.8520000000e+01, 1.6334400000e+01, 1.0724420000e+04
 1500570000, 2.3590000000e+02, 1.7793333333e+02, 3.7146666667e+01, 1.6363866667e+01, 1.2821006667e+04
 1500570300, 2.3406666667e+02, 1.7644000000e+02, 3.5626666667e+01, 1.6480600000e+01, 1.2733133333e+04
 1500570600, 2.3483333333e+02, 1.7834666667e+02, 3.5520000000e+01, 1.6295533333e+01, 1.0792906667e+04
 1500570900, 2.1503333333e+02, 1.7201333333e+02, 2.6000000000e+01, 1.6172933333e+01, 1.0717526667e+04
 1500571200, 2.2000000000e+02, 1.7400000000e+02, 2.6000000000e+01, 1.6336533333e+01, 1.6971780000e+04
 1500571500, 2.1193333333e+02, 1.6593333333e+02, 2.6000000000e+01, 1.6410800000e+01, 8.4036000000e+03
 1500571800, 2.1910000000e+02, 1.7249333333e+02, 2.6000000000e+01, 1.6539066667e+01, 1.0670073333e+04
 1500572100, 2.1890000000e+02, 1.7230666667e+02, 2.6000000000e+01, 1.6513600000e+01, 1.0720560000e+04
 1500572400, 2.1310000000e+02, 1.6689333333e+02, 2.6000000000e+01, 1.6403333333e+01, 1.0493086667e+04
 1500572700, 2.2493333333e+02, 1.7796000000e+02, 2.6000000000e+01, 1.6494600000e+01, 1.0727880000e+04
 1500573000, 2.1500000000e+02, 1.7200000000e+02, 2.6000000000e+01, 1.6610466667e+01, 1.0554606667e+04
 1500573300, 2.2306666667e+02, 1.7684000000e+02, 2.6000000000e+01, 1.6643633333e+01, 1.0565030000e+04
 1500573600, 2.1590000000e+02, 1.7072000000e+02, 2.6000000000e+01, 1.6640866667e+01, 1.0805800000e+04
 1500573900, 2.1406666667e+02, 1.6844000000e+02, 2.6000000000e+01, 1.6669733333e+01, 1.2829806667e+04
 1500574200, 2.1793333333e+02, 1.7076000000e+02, 2.6000000000e+01, 1.6684200000e+01, 1.0439000000e+04
 1500574500, 2.1000000000e+02, 1.6598666667e+02, 2.6000000000e+01, 1.6724200000e+01, 1.0735213333e+04
 1500574800, 2.1000000000e+02, 1.6400000000e+02, 2.6000000000e+01, 1.6748200000e+01, 1.0719380000e+04
 1500575100, 2.2210000000e+02, 1.7529333333e+02, 2.6000000000e+01, 1.6759600000e+01, 1.0480813333e+04
 1500575400, 2.2196666667e+02, 1.7436000000e+02, 2.6000000000e+01, 1.6716600000e+01, 1.0546393333e+04
 1500575700, 2.1796666667e+02, 1.7200000000e+02, 2.6000000000e+01, 1.6558933333e+01, 1.0793940000e+04
 1500576000, 2.1706666667e+02, 1.7324000000e+02, 2.6000000000e+01, 1.6632400000e+01, 1.0724913333e+04
 1500576300, 2.2493333333e+02, 1.7796000000e+02, 2.6000000000e+01, 1.6692133333e+01, 1.2825553333e+04
 1500576600, 2.1500000000e+02, 1.7200000000e+02, 2.6000000000e+01, 1.6716200000e+01, 1.0719806667e+04
 1500576900, 2.1903333333e+02, 1.7361333333e+02, 2.6000000000e+01, 1.6731666667e+01, 1.0728986667e+04
 1500577200, 2.2000000000e+02, 1.7278666667e+02, 2.6000000000e+01, 1.6714200000e+01, 1.0522793333e+04
 1500577500, 2.1796666667e+02, 1.7037333333e+02, 2.6000000000e+01, 1.6770133333e+01, 1.2908006667e+04
 1500577800, 2.1500000000e+02, 1.6882666667e+02, 2.6000000000e+01, 1.6784200000e+01, 1.0722600000e+04
 1500578100, 2.1490000000e+02, 1.7188000000e+02, 2.6000000000e+01, 1.6804000000e+01, 1.0716113333e+04
 1500578400, 2.0000000000e+02, 1.5400000000e+02, 2.6000000000e+01, 1.6756066667e+01, 8.4526133333e+03
 1500578700, 2.3630000000e+02, 1.7658666667e+02, 3.7293333333e+01, 1.6702466667e+01, 1.2818386667e+04
 1500579000, 2.2376666667e+02, 1.7108000000e+02, 3.1506666667e+01, 1.6499000000e+01, 1.1754386667e+04
 1500579300, 2.2220000000e+02, 1.7132000000e+02, 3.0880000000e+01, 1.6363266667e+01, 1.0706200000e+04
 1500579600, 2.2553333333e+02, 1.6877333333e+02, 3.6760000000e+01, 1.6233000000e+01, 1.0551213333e+04
 1500579900, 1.7033333333e+02, 1.1837333333e+02, 3.1960000000e+01, 1.6117333333e+01, 1.0707180000e+04
 1500580200, 2.2000000000e+02, 1.7400000000e+02, 2.6000000000e+01, 1.6037533333e+01, 1.0704200000e+04
 1500580500, 2.2000000000e+02, 1.7238666667e+02, 2.6000000000e+01, 1.5963533333e+01, 1.0705200000e+04
 1500580800, 2.2000000000e+02, 1.7442666667e+02, 2.6000000000e+01, 1.5926266667e+01, 8.3532133333e+03
 1500581100, 2.2000000000e+02, 1.7518666667e+02, 2.6000000000e+01, 1.5950000000e+01, 1.0705600000e+04
 1500581400, 2.2516666667e+02, 1.7524000000e+02, 2.8893333333e+01, 1.5933533333e+01, 1.0704600000e+04
 1500581700, 2.4500000000e+02, 1.8002666667e+02, 4.0000000000e+01, 1.5891666667e+01, 1.0716586667e+04
 1500582000, 2.4500000000e+02, 1.8400000000e+02, 4.0000000000e+01, 1.5854333333e+01, 1.0781786667e+04
 1500582300, 2.4500000000e+02, 1.8238666667e+02, 4.1613333333e+01, 1.5843866667e+01, 1.0708460000e+04
 1500582600, 2.2376666667e+02, 1.7108000000e+02, 3.2293333333e+01, 1.5819866667e+01, 1.0630213333e+04
 1500582900, 2.1203333333e+02, 1.6562666667e+02, 2.6000000000e+01, 1.5864333333e+01, 8.5319866667e+03
 1500583200, 2.1706666667e+02, 1.7048000000e+02, 2.6000000000e+01, 1.5843866667e+01, 8.3542000000e+03
 1500583500, 2.2500000000e+02, 1.8000000000e+02, 2.6000000000e+01, 1.5896466667e+01, 1.5063766667e+04
 1500583800, 2.2500000000e+02, 1.8000000000e+02, 2.6000000000e+01, 1.5941733333e+01, 1.0704600000e+04
 1500584100, 2.1290000000e+02, 1.6870666667e+02, 2.6000000000e+01, 1.5903866667e+01, 1.0703993333e+04
 1500584400, 2.1910000000e+02, 1.7449333333e+02, 2.6000000000e+01, 1.5896266667e+01, 1.0511820000e+04
 1500584700, 2.2500000000e+02, 1.7837333333e+02, 2.6000000000e+01, 1.5931733333e+01, 1.0706820000e+04
 1500585000, 2.2396666667e+02, 1.7517333333e+02, 2.6000000000e+01, 1.5898400000e+01, 1.0779580000e+04
 1500585300, 2.1996666667e+02, 1.7200000000e+02, 2.6000000000e+01, 1.5893800000e+01, 1.0710040000e+04
 1500585600, 2.1500000000e+02, 1.7200000000e+02, 2.6000000000e+01, 1.5865800000e+01, 1.0704386667e+04
 1500585900, 2.2710000000e+02, 1.7684000000e+02, 3.0840000000e+01, 1.5892200000e+01, 1.0455166667e+04
 1500586200, 2.3910000000e+02, 1.8042666667e+02, 3.8066666667e+01, 1.5885800000e+01, 1.0707186667e+04
 1500586500, 2.4500000000e+02, 1.8118666667e+02, 4.2000000000e+01, 1.5896266667e+01, 1.2881186667e+04
 1500586800, 2.3880000000e+02, 1.7834666667e+02, 3.8693333333e+01, 1.5932200000e+01, 1.0703813333e+04
 1500587100, 2.1506666667e+02, 1.7204000000e+02, 2.6000000000e+01, 1.5950000000e+01, 1.0704200000e+04
 1500587400, 2.2500000000e+02, 1.7800000000e+02, 2.6000000000e+01, 1.5921600000e+01, 1.0703206667e+04
 1500587700, 2.2500000000e+02, 1.7800000000e+02, 2.6000000000e+01, 1.5885733333e+01, 1.2882606667e+04
 1500588000, 2.2196666667e+02, 1.7678666667e+02, 2.6000000000e+01, 1.5853800000e+01, 1.0552180000e+04
 1500588300, 2.2203333333e+02, 1.7762666667e+02, 2.6000000000e+01, 1.5839800000e+01, 1.0709793333e+04
 1500588600, 2.2396666667e+02, 1.7876000000e+02, 2.6000000000e+01, 1.5828600000e+01, 1.0707406667e+04
 1500588900, 2.2013333333e+02, 1.7404000000e+02, 2.6093333333e+01, 1.5887666667e+01, 1.0704573333e+04
 1500589200, 2.4000000000e+02, 1.8000000000e+02, 4.0000000000e+01, 1.5856400000e+01, 1.0778640000e+04
 1500589500, 2.3596666667e+02, 1.8161333333e+02, 3.6773333333e+01, 1.5400133333e+01, 1.0459593333e+04
 1500589800, 2.4410000000e+02, 1.8564000000e+02, 3.9640000000e+01, 1.5354933333e+01, 1.0704206667e+04
 1500590100, 2.4796666667e+02, 1.8556000000e+02, 4.1186666667e+01, 1.5494666667e+01, 1.2882793333e+04
 1500590400, 2.4396666667e+02, 1.8158666667e+02, 4.0000000000e+01, 1.5600533333e+01, 1.2836600000e+04
 1500590700, 2.4003333333e+02, 1.8002666667e+02, 4.0013333333e+01, 1.5674133333e+01, 1.2883193333e+04
 1500591000, 2.4500000000e+02, 1.8400000000e+02, 4.2000000000e+01, 1.5694666667e+01, 1.0707006667e+04
 1500591300, 2.1676666667e+02, 1.6786666667e+02, 2.9093333333e+01, 1.5796600000e+01, 1.0780773333e+04
 1500591600, 2.1910000000e+02, 1.7370666667e+02, 2.6000000000e+01, 1.5816133333e+01, 1.0710940000e+04
 1500591900, 2.2500000000e+02, 1.8000000000e+02, 2.6000000000e+01, 1.5815866667e+01, 1.0635486667e+04
 1500592200, 2.2396666667e+02, 1.7917333333e+02, 2.6000000000e+01, 1.5860266667e+01, 8.5387866667e+03
 1500592500, 2.2000000000e+02, 1.7598666667e+02, 2.6000000000e+01, 1.5900266667e+01, 1.0564826667e+04
 1500592800, 2.2000000000e+02, 1.7400000000e+02, 2.6000000000e+01, 1.5903733333e+01, 1.0707986667e+04
 1500593100, 2.2403333333e+02, 1.7884000000e+02, 2.6000000000e+01, 1.5857733333e+01, 1.0704406667e+04
 1500593400, 2.2196666667e+02, 1.7514666667e+02, 2.6000000000e+01, 1.5860333333e+01, 1.2837000000e+04
 1500593700, 2.2000000000e+02, 1.7200000000e+02, 2.6000000000e+01, 1.5907800000e+01, 1.2882200000e+04
 1500594000, 2.1896666667e+02, 1.7158666667e+02, 2.6000000000e+01, 1.5873666667e+01, 1.0707993333e+04
 1500594300, 2.1520000000e+02, 1.7009333333e+02, 2.6106666667e+01, 1.5838466667e+01, 1.0782000000e+04
 1500594600, 2.4500000000e+02, 1.8400000000e+02, 4.2000000000e+01, 1.5845933333e+01, 1.0461406667e+04
 1500594900, 2.2483333333e+02, 1.7593333333e+02, 2.9093333333e+01, 1.5835800000e+01, 1.0708400000e+04
 1500595200, 2.3213333333e+02, 1.7764000000e+02, 3.4493333333e+01, 1.5821933333e+01, 1.0708793333e+04
 1500595500, 2.2983333333e+02, 1.7674666667e+02, 3.4306666667e+01, 1.5856466667e+01, 1.0706400000e+04
 1500595800, 2.1398333333e+02, 1.7037333333e+02, 2.6000000000e+01, 1.5920333333e+01, 1.0704776667e+04
 1500596100, 2.1000000000e+02, 1.6400000000e+02, 2.6000000000e+01, 1.5879266667e+01, 1.2990050000e+04
 1500596400, 2.1000000000e+02, 1.6400000000e+02, 2.6000000000e+01, 1.5778000000e+01, 1.0554793333e+04
 1500596700, 2.1806666667e+02, 1.7045333333e+02, 2.6000000000e+01, 1.5816533333e+01, 1.0720200000e+04
 1500597000, 2.2303333333e+02, 1.7564000000e+02, 2.6000000000e+01, 1.5878266667e+01, 1.0710226667e+04
 1500597300, 2.2296666667e+02, 1.7556000000e+02, 2.6000000000e+01, 1.5903800000e+01, 1.0711566667e+04
 1500597600, 2.1690000000e+02, 1.6993333333e+02, 2.6000000000e+01, 1.5884266667e+01, 1.0713073333e+04
 1500597900, 2.0505000000e+02, 1.6203333333e+02, 2.6000000000e+01, 1.5922233333e+01, 8.3984166667e+03
 1500598200, 2.2000000000e+02, 1.7200000000e+02, 2.6000000000e+01, 1.5901733333e+01, 1.0634680000e+04
 1500598500, 2.1596666667e+02, 1.7038666667e+02, 2.6000000000e+01, 1.5873800000e+01, 9.5272066667e+03
 1500598800, 1.4220000000e+02, 9.8413333333e+01, 2.4786666667e+01, 1.4628333333e+01, 7.8176866667e+03
 1500599100, 7.8733333333e+01, 4.0613333333e+01, 1.8306666667e+01, 1.0883533333e+01, 7.6312800000e+03
 1500599400, 5.3983333333e+01, 2.4000000000e+01, 1.0000000000e+01, 7.9141333333e+00, 7.6271766667e+03
 1500599700, 5.0033333333e+01, 2.4000000000e+01, 1.0000000000e+01, 5.7742000000e+00, 7.6280066667e+03
 1500600000, 5.5000000000e+01, 2.4000000000e+01, 1.0000000000e+01, 4.2115333333e+00, 7.6280066667e+03
 1500600300, 5.5000000000e+01, 2.4000000000e+01, 1.0000000000e+01, 3.0856666667e+00, 7.6276000000e+03
 1500600600, 5.1966666667e+01, 2.4000000000e+01, 1.0000000000e+01, 2.2548000000e+00, 7.6285700000e+03
 1500600900, 5.2033333333e+01, 2.4000000000e+01, 1.0000000000e+01, 1.6727333333e+00, 7.6272000000e+03
 1500601200, 5.5000000000e+01, 2.4000000000e+01, 1.0000000000e+01, 1.2458000000e+00, 7.6270000000e+03
 1500601500, 5.5000000000e+01, 2.4000000000e+01, 1.0013333333e+01, 9.4013333333e-01, 7.6274133333e+03
 1500601800, 5.5000000000e+01, 2.4000000000e+01, 1.2000000000e+01, 6.9873333333e-01, 7.6283800000e+03
 1500602100, 5.5000000000e+01, 2.4000000000e+01, 1.2000000000e+01, 5.2716666667e-01, 7.6269966667e+03
 1500602400, 5.5000000000e+01, 2.4000000000e+01, 1.2000000000e+01, 4.2946666667e-01, 7.6272066667e+03
 1500602700, 5.5000000000e+01, 2.4000000000e+01, 1.1186666667e+01, 3.4160000000e-01, 7.6280066667e+03
 1500603000, 5.5000000000e+01, 2.4000000000e+01, 1.0413333333e+01, 2.9566666667e-01, 7.6282000000e+03
 1500603300, 5.5000000000e+01, 2.4000000000e+01, 1.1986666667e+01, 2.3766666667e-01, 7.6279933333e+03
 1500603600, 5.5000000000e+01, 2.4000000000e+01, 1.0000000000e+01, 1.8973333333e-01, 7.6288000000e+03
 1500603900, 5.5000000000e+01, 2.4000000000e+01, 1.0000000000e+01, 1.6193333333e-01, 7.6280000000e+03
 1500604200, 5.5000000000e+01, 2.4000000000e+01, 1.0000000000e+01, 1.4780000000e-01, 7.6286066667e+03
 1500604500, 5.5000000000e+01, 2.4000000000e+01, 1.0000000000e+01, 1.4200000000e-01, 7.6278000000e+03
 1500604800, 5.5000000000e+01, 2.4000000000e+01, 1.0000000000e+01, 1.2386666667e-01, 7.6287933333e+03
 1500605100, 5.5000000000e+01, 2.4000000000e+01, 1.0000000000e+01, 1.2813333333e-01, 7.6281933333e+03
 1500605400, 5.5000000000e+01, 2.4000000000e+01, 1.0000000000e+01, 1.2806666667e-01, 7.6276000000e+03
 1500605700, 5.5000000000e+01, 2.4000000000e+01, 1.0000000000e+01, 1.3793333333e-01, 7.6278133333e+03
 1500606000, 5.1966666667e+01, 2.4000000000e+01, 1.0000000000e+01, 1.3793333333e-01, 7.6281933333e+03
 1500606300, 5.2033333333e+01, 2.4000000000e+01, 1.0813333333e+01, 1.2593333333e-01, 7.6288066667e+03
 1500606600, 5.3966666667e+01, 2.4000000000e+01, 1.1586666667e+01, 1.2400000000e-01, 7.6297933333e+03
 1500606900, 5.0033333333e+01, 2.4000000000e+01, 1.0013333333e+01, 1.2013333333e-01, 7.6276000000e+03
 1500607200, 5.5000000000e+01, 2.4000000000e+01, 1.2000000000e+01, 1.1586666667e-01, 7.6274000000e+03
 1500607500, 5.5000000000e+01, 2.4000000000e+01, 1.0386666667e+01, 1.2426666667e-01, 7.6271933333e+03
 1500607800, 5.5000000000e+01, 2.4000000000e+01, 1.1213333333e+01, 1.3393333333e-01, 7.6282133333e+03
 1500608100, 5.2966666667e+01, 2.4000000000e+01, 1.1186666667e+01, 1.3400000000e-01, 7.6290000000e+03
 1500608400, 5.1033333333e+01, 2.4000000000e+01, 1.0000000000e+01, 1.3600000000e-01, 7.6286066667e+03
 1500608700, 5.5000000000e+01, 2.4000000000e+01, 1.0000000000e+01, 1.3806666667e-01, 7.6283866667e+03
 1500609000, 5.5000000000e+01, 2.4000000000e+01, 1.0000000000e+01, 1.3393333333e-01, 7.6290133333e+03
 1500609300, 5.5000000000e+01, 2.4000000000e+01, 1.0000000000e+01, 1.5006666667e-01, 7.6300000000e+03
 1500609600, 5.1966666667e+01, 2.4000000000e+01, 1.0000000000e+01, 1.3793333333e-01, 7.6281933333e+03
 1500609900, 5.0000000000e+01, 2.4000000000e+01, 1.0000000000e+01, 1.3000000000e-01, 7.6274000000e+03
 1500610200, 5.1033333333e+01, 2.4000000000e+01, 1.0000000000e+01, 1.3196666667e-01, 7.6278066667e+03
 1500610500, 5.4966666667e+01, 2.4000000000e+01, 1.0000000000e+01, 1.2420000000e-01, 7.6280000000e+03
 1500610800, 5.0000000000e+01, 2.4000000000e+01, 1.0000000000e+01, 1.5600000000e-01, 7.6290000000e+03
 1500611100, 5.4033333333e+01, 2.4000000000e+01, 1.0000000000e+01, 1.4186666667e-01, 7.6290000000e+03
 1500611400, 5.1966666667e+01, 2.4000000000e+01, 1.0000000000e+01, 1.2186666667e-01, 7.6294000000e+03
 1500611700, 5.2033333333e+01, 2.4000000000e+01, 1.0000000000e+01, 1.1000000000e-01, 7.6286066667e+03
 1500612000, 5.3966666667e+01, 2.4000000000e+01, 1.0000000000e+01, 9.9933333333e-02, 7.6289866667e+03
 1500612300, 5.0033333333e+01, 2.4000000000e+01, 1.0000000000e+01, 1.1820000000e-01, 7.6286000000e+03
 1500612600, 5.5000000000e+01, 2.4000000000e+01, 1.0000000000e+01, 1.3606666667e-01, 7.6273933333e+03
 1500612900, 5.5000000000e+01, 2.4000000000e+01, 1.0000000000e+01, 1.2993333333e-01, 7.6278066667e+03
 1500613200, 5.1966666667e+01, 2.4000000000e+01, 1.0000000000e+01, 1.2800000000e-01, 7.6282000000e+03
 1500613500, 5.2033333333e+01, 2.4000000000e+01, 1.0000000000e+01, 1.2800000000e-01, 7.6280200000e+03
 1500613800, 5.3966666667e+01, 2.4000000000e+01, 1.0000000000e+01, 1.2786666667e-01, 7.6289933333e+03
 1500614100, 5.0033333333e+01, 2.4000000000e+01, 1.0000000000e+01, 1.0593333333e-01, 7.6290133333e+03
 1500614400, 5.5000000000e+01, 2.4000000000e+01, 1.0000000000e+01, 9.4000000000e-02, 7.6297933333e+03
 1500614700, 5.5000000000e+01, 2.4000000000e+01, 1.1613333333e+01, 1.0420000000e-01, 7.6290133333e+03
 1500615000, 5.5000000000e+01, 2.4000000000e+01, 1.2000000000e+01, 1.3193333333e-01, 7.6300133333e+03
 1500615300, 5.5000000000e+01, 2.4000000000e+01, 1.2000000000e+01, 1.3413333333e-01, 7.6303600000e+03
 1500615600, 5.5000000000e+01, 2.4000000000e+01, 1.1586666667e+01, 1.4200000000e-01, 7.6292066667e+03
 1500615900, 5.5000000000e+01, 2.4000000000e+01, 1.0000000000e+01, 1.3193333333e-01, 7.6294066667e+03
 1500616200, 5.5000000000e+01, 2.4000000000e+01, 1.0000000000e+01, 1.3000000000e-01, 7.6297866667e+03
 1500616500, 5.5000000000e+01, 2.4000000000e+01, 1.0000000000e+01, 1.3393333333e-01, 7.6293933333e+03
 1500616800, 5.1966666667e+01, 2.4000000000e+01, 1.0000000000e+01, 1.1586666667e-01, 7.6300133333e+03
 1500617100, 5.2033333333e+01, 2.4000000000e+01, 1.0000000000e+01, 9.5933333333e-02, 7.6306000000e+03
 1500617400, 5.5000000000e+01, 2.4000000000e+01, 1.0000000000e+01, 8.7933333333e-02, 7.6303600000e+03
 1500617700, 5.4966666667e+01, 2.4000000000e+01, 1.0000000000e+01, 7.3866666667e-02, 7.6302000000e+03
 1500618000, 5.0000000000e+01, 2.4000000000e+01, 1.0000000000e+01, 5.3933333333e-02, 7.6307933333e+03
 1500618300, 5.4033333333e+01, 2.4000000000e+01, 1.0000000000e+01, 5.0000000000e-02, 7.6308000000e+03
 1500618600, 5.5000000000e+01, 2.4000000000e+01, 1.0000000000e+01, 5.0000000000e-02, 7.6296066667e+03
 1500618900, 5.5000000000e+01, 2.4000000000e+01, 1.0000000000e+01, 5.4000000000e-02, 7.6295866667e+03
 1500619200, 5.3966666667e+01, 2.4000000000e+01, 1.0000000000e+01, 5.0000000000e-02, 7.6298133333e+03
 1500619500, 5.0033333333e+01, 2.4000000000e+01, 1.0000000000e+01, 6.2133333333e-02, 7.6299933333e+03
 1500619800, 5.5000000000e+01, 2.4000000000e+01, 1.0000000000e+01, 7.8066666667e-02, 7.6298000000e+03
 1500620100, 5.5000000000e+01, 2.4000000000e+01, 1.0000000000e+01, 7.4000000000e-02, 7.6307933333e+03
 1500620400, 5.1966666667e+01, 2.4000000000e+01, 1.0000000000e+01, 9.4200000000e-02, 7.6306133333e+03
 1500620700, 5.2016666667e+01, 2.4000000000e+01, 1.0806666667e+01, 1.0593333333e-01, 7.6312100000e+03
 1500621000, 5.5000000000e+01, 2.4000000000e+01, 1.1586666667e+01, 1.1006666667e-01, 7.6315933333e+03
 1500621300, 5.5000000000e+01, 2.4000000000e+01, 1.0000000000e+01, 1.2613333333e-01, 7.6310000000e+03
 1500621600, 5.5000000000e+01, 2.4000000000e+01, 1.0000000000e+01, 1.3606666667e-01, 7.6300066667e+03
 1500621900, 5.5000000000e+01, 2.4000000000e+01, 1.1613333333e+01, 1.3793333333e-01, 7.6310000000e+03
 1500622200, 5.5000000000e+01, 2.4000000000e+01, 1.0786666667e+01, 1.3800000000e-01, 7.6306000000e+03
 1500622500, 5.2966666667e+01, 2.4000000000e+01, 1.0000000000e+01, 1.3600000000e-01, 7.6302066667e+03
 1500622800, 5.1033333333e+01, 2.4000000000e+01, 1.0000000000e+01, 1.2593333333e-01, 7.6310000000e+03
 1500623100, 5.5000000000e+01, 2.4000000000e+01, 1.0000000000e+01, 1.3006666667e-01, 7.6309866667e+03
 1500623400, 5.5000000000e+01, 2.4000000000e+01, 1.0000000000e+01, 1.3406666667e-01, 7.6304133333e+03
 1500623700, 5.5000000000e+01, 2.4000000000e+01, 1.0000000000e+01, 1.2986666667e-01, 7.6311933333e+03
 1500624000, 5.5000000000e+01, 2.4000000000e+01, 1.0000000000e+01, 1.1193333333e-01, 7.6309933333e+03
 1500624300, 5.5000000000e+01, 2.4000000000e+01, 1.0000000000e+01, 1.0600000000e-01, 7.6298066667e+03
 1500624600, 5.5000000000e+01, 2.4000000000e+01, 1.0000000000e+01, 1.0186666667e-01, 7.6300000000e+03
 1500624900, 5.4966666667e+01, 2.4000000000e+01, 1.0000000000e+01, 9.4066666667e-02, 7.6296066667e+03
 1500625200, 5.0000000000e+01, 2.4000000000e+01, 1.0000000000e+01, 9.7933333333e-02, 7.6300000000e+03
 1500625500, 5.0000000000e+01, 2.4000000000e+01, 1.0000000000e+01, 9.2200000000e-02, 7.6303933333e+03
 1500625800, 5.0000000000e+01, 2.4000000000e+01, 1.0000000000e+01, 1.1800000000e-01, 7.6308066667e+03
 1500626100, 5.0000000000e+01, 2.4000000000e+01, 1.0000000000e+01, 1.1800000000e-01, 7.6309933333e+03
 1500626400, 5.0000000000e+01, 2.4000000000e+01, 1.0000000000e+01, 1.3413333333e-01, 7.6311933333e+03
 1500626700, 5.0033333333e+01, 2.4000000000e+01, 1.0000000000e+01, 1.2786666667e-01, 7.6304066667e+03
 1500627000, 5.5000000000e+01, 2.4000000000e+01, 1.0000000000e+01, 1.0993333333e-01, 7.6300000000e+03
 1500627300, 5.0966666667e+01, 2.4000000000e+01, 1.0000000000e+01, 1.1406666667e-01, 7.6292066667e+03
 1500627600, 5.0000000000e+01, 2.4000000000e+01, 1.0000000000e+01, 1.2206666667e-01, 7.6301933333e+03
 1500627900, 5.0000000000e+01, 2.4000000000e+01, 1.0000000000e+01, 1.3600000000e-01, 7.6294133333e+03
 1500628200, 5.1033333333e+01, 2.4000000000e+01, 1.0000000000e+01, 1.2800000000e-01, 7.6309933333e+03
 1500628500, 5.4966666667e+01, 2.4000000000e+01, 1.0000000000e+01, 1.2593333333e-01, 7.6306066667e+03
 1500628800, 5.0000000000e+01, 2.4000000000e+01, 1.0000000000e+01, 1.1186666667e-01, 7.6302066667e+03
 1500629100, 5.4033333333e+01, 2.4000000000e+01, 1.1613333333e+01, 9.3933333333e-02, 7.6304000000e+03
 1500629400, 5.5000000000e+01, 2.4000000000e+01, 1.2000000000e+01, 8.1933333333e-02, 7.6310066667e+03
 1500629700, 5.5000000000e+01, 2.4000000000e+01, 1.2000000000e+01, 7.8133333333e-02, 7.6302000000e+03
 1500630000, 5.5000000000e+01, 2.4000000000e+01, 1.2000000000e+01, 9.3966666667e-02, 7.6306466667e+03
 1500630300, 5.5000000000e+01, 2.4000000000e+01, 1.2000000000e+01, 8.5933333333e-02, 7.6319400000e+03
 1500630600, 5.5000000000e+01, 2.4000000000e+01, 1.2000000000e+01, 7.3933333333e-02, 7.6291933333e+03
 1500630900, 5.5000000000e+01, 2.4000000000e+01, 1.2000000000e+01, 7.8000000000e-02, 7.6294000000e+03
 1500631200, 5.5000000000e+01, -nan, 1.0786666667e+01, 7.8066666667e-02, 7.6296000000e+03
 1500631500, -nan, -nan, 1.0000000000e+01, 7.1866666667e-02, 7.6304000000e+03
 1500631800, -nan, -nan, 1.0413333333e+01, 5.5933333333e-02, 7.6294066667e+03
 1500632100, -nan, -nan, 1.2000000000e+01, 6.0200000000e-02, 7.6309933333e+03
 1500632400, -nan, -nan, 1.2000000000e+01, 7.8000000000e-02, 7.6310000000e+03
 1500632700, -nan, -nan, 1.0386666667e+01, 7.7933333333e-02, -nan
 1500633000, -nan, -nan, 1.2426666667e+01, 6.4000000000e-02, -nan
 1500633300, -nan, -nan, 1.3186666667e+01, 7.2000000000e-02, -nan
 1500633600, -nan, -nan, 1.1586666667e+01, -nan, -nan
 1500633900, -nan, -nan, 1.0000000000e+01, -nan, -nan
 1500634200, -nan, -nan, 1.0000000000e+01, -nan, -nan
 1500634500, -nan, -nan, -nan, -nan, -nan
 1500634800, -nan, -nan, -nan, -nan, -nan
