 Time, ttl_pwr, cpu_pwr, mem_pwr, cpu_load, mem_load
 1500620520, -nan, 2,4000000000e+01, 1,0000000000e+01, 5,1333333333e-02, 7,0508666667e+03
 1500620580, -nan, 2,4000000000e+01, 1,0000000000e+01, 5,8666666667e-02, 7,0500000000e+03
 1500620640, -nan, 2,4000000000e+01, 1,0000000000e+01, 5,0000000000e-02, 7,0500000000e+03
 1500620700, -nan, 2,4000000000e+01, 1,0000000000e+01, 5,1333333333e-02, 7,0500000000e+03
 1500620760, -nan, 2,4000000000e+01, 1,0000000000e+01, 6,0000000000e-02, 7,0505333333e+03
 1500620820, -nan, 2,4000000000e+01, 1,0000000000e+01, 5,8666666667e-02, 7,0536000000e+03
 1500620880, -nan, 2,4000000000e+01, 1,0000000000e+01, 5,0000000000e-02, 7,0511333333e+03
 1500620940, -nan, 2,4000000000e+01, 1,0000000000e+01, 5,0000000000e-02, 7,0518666667e+03
 1500621000, -nan, 2,4000000000e+01, 1,0000000000e+01, 5,0000000000e-02, 7,0508666667e+03
 1500621060, -nan, 2,4000000000e+01, 1,0000000000e+01, 5,0000000000e-02, 7,0501333333e+03
 1500621120, -nan, 2,4000000000e+01, 1,0000000000e+01, 5,0000000000e-02, 7,0507333333e+03
 1500621180, -nan, 2,4000000000e+01, 1,0000000000e+01, 5,0000000000e-02, 7,0491333333e+03
 1500621240, -nan, 2,4000000000e+01, 1,0000000000e+01, 5,0000000000e-02, 7,0500000000e+03
 1500621300, -nan, 2,4000000000e+01, 1,0000000000e+01, 5,0000000000e-02, 7,0498666667e+03
 1500621360, -nan, 2,4000000000e+01, 1,0000000000e+01, 5,0000000000e-02, 7,0494000000e+03
 1500621420, -nan, 2,4000000000e+01, 1,0000000000e+01, 5,0000000000e-02, 7,0518666667e+03
 1500621480, -nan, 2,4000000000e+01, 1,0000000000e+01, 5,0000000000e-02, 7,0508666667e+03
 1500621540, -nan, 2,4000000000e+01, 1,0000000000e+01, 5,0000000000e-02, 7,0498666667e+03
 1500621600, -nan, 2,4000000000e+01, 1,0000000000e+01, 5,0000000000e-02, 7,0491333333e+03
 1500621660, -nan, 2,4000000000e+01, 1,0000000000e+01, 5,0000000000e-02, 7,0502666667e+03
 1500621720, -nan, 2,4000000000e+01, 1,0000000000e+01, 5,0000000000e-02, 7,0518666667e+03
 1500621780, -nan, 2,4000000000e+01, 1,0000000000e+01, 5,0000000000e-02, 7,0510000000e+03
 1500621840, -nan, 2,4000000000e+01, 1,0000000000e+01, 5,0000000000e-02, 7,0510000000e+03
 1500621900, -nan, 2,4000000000e+01, 1,0000000000e+01, 5,0000000000e-02, 7,0507333333e+03
 1500621960, -nan, 2,4000000000e+01, 1,0000000000e+01, 5,0000000000e-02, 7,0496666667e+03
 1500622020, -nan, 2,4000000000e+01, 1,0000000000e+01, 5,0000000000e-02, 7,0537333333e+03
 1500622080, -nan, 2,4000000000e+01, 1,0000000000e+01, 5,0000000000e-02, 7,0518666667e+03
 1500622140, -nan, 2,4000000000e+01, 1,0000000000e+01, 5,0000000000e-02, 7,0510000000e+03
 1500622200, -nan, 2,4000000000e+01, 1,0266666667e+01, 5,0000000000e-02, 7,0510000000e+03
 1500622260, -nan, 2,4000000000e+01, 1,2000000000e+01, 5,0000000000e-02, 7,0514000000e+03
 1500622320, -nan, 2,4000000000e+01, 1,2000000000e+01, 5,0000000000e-02, 7,0534666667e+03
 1500622380, -nan, 2,4000000000e+01, 1,2000000000e+01, 5,0000000000e-02, 7,0500000000e+03
 1500622440, -nan, 2,4000000000e+01, 1,2000000000e+01, 5,0000000000e-02, 7,0498666667e+03
 1500622500, -nan, 2,4000000000e+01, 1,2000000000e+01, 5,0000000000e-02, 7,0491333333e+03
 1500622560, -nan, 2,4000000000e+01, 1,1733333333e+01, 5,0000000000e-02, 7,0505333333e+03
 1500622620, -nan, 2,4000000000e+01, 1,0000000000e+01, 5,0000000000e-02, 7,0537333333e+03
 1500622680, -nan, 2,4000000000e+01, 1,0000000000e+01, 5,0000000000e-02, 7,0520000000e+03
 1500622740, -nan, 2,4000000000e+01, 1,0000000000e+01, 5,0000000000e-02, 7,0518666667e+03
 1500622800, -nan, 2,4000000000e+01, 1,0000000000e+01, 5,0000000000e-02, 7,0510000000e+03
 1500622860, -nan, 2,4000000000e+01, 1,0000000000e+01, 5,0000000000e-02, 7,0516666667e+03
 1500622920, -nan, 2,4000000000e+01, 1,0266666667e+01, 5,0000000000e-02, 7,0556000000e+03
 1500622980, -nan, 2,4000000000e+01, -nan, 5,0000000000e-02, 7,0530000000e+03
 1500623040, -nan, 2,4000000000e+01, -nan, 5,0000000000e-02, 7,0527333333e+03
 1500623100, -nan, 2,4000000000e+01, -nan, 5,0000000000e-02, 7,0508666667e+03
 1500623160, -nan, 2,4000000000e+01, -nan, 5,0000000000e-02, 7,0509333333e+03
 1500623220, -nan, 2,4000000000e+01, -nan, -nan, 7,0563333333e+03
 1500623280, -nan, 2,4000000000e+01, -nan, -nan, 7,0518666667e+03
 1500623340, -nan, 2,4000000000e+01, -nan, -nan, 7,0510000000e+03
 1500623400, -nan, 2,4000000000e+01, -nan, -nan, 7,0508666667e+03
 1500623460, -nan, 2,4000000000e+01, -nan, -nan, 7,0501333333e+03
 1500623520, -nan, 2,4000000000e+01, -nan, -nan, 7,0511333333e+03
 1500623580, -nan, -nan, -nan, -nan, -nan
 1500623640, -nan, -nan, -nan, -nan, -nan
 1500623700, -nan, -nan, -nan, -nan, -nan
 1500623760, -nan, -nan, -nan, -nan, -nan
 1500623820, -nan, -nan, -nan, -nan, -nan
 1500623880, -nan, -nan, -nan, -nan, -nan
 1500623940, -nan, -nan, -nan, -nan, -nan
 1500624000, -nan, -nan, -nan, -nan, -nan
 1500624060, -nan, -nan, -nan, -nan, -nan
 1500624120, -nan, -nan, -nan, -nan, -nan
