 Time, ttl_pwr, cpu_pwr, mem_pwr, cpu_load, mem_load
 1500448500, 5.5000000000e+01, 2.4000000000e+01, 1.2000000000e+01, 5.0000000000e-02, 7.2842266667e+03
 1500448800, 5.5000000000e+01, 2.4000000000e+01, 1.2000000000e+01, 5.6266666667e-02, 7.2837466667e+03
 1500449100, 5.5000000000e+01, 2.4000000000e+01, 1.2000000000e+01, 5.4000000000e-02, 7.2830266667e+03
 1500449400, 5.5000000000e+01, 2.4000000000e+01, 1.2000000000e+01, 5.3733333333e-02, 7.2834000000e+03
 1500449700, 5.5000000000e+01, 2.4000000000e+01, 1.2000000000e+01, 5.0000000000e-02, 7.2834000000e+03
 1500450000, 5.5000000000e+01, 2.4000000000e+01, 1.2000000000e+01, 5.0000000000e-02, 7.2827733333e+03
 1500450300, 5.5000000000e+01, 2.4000000000e+01, 1.2000000000e+01, 5.1966666667e-02, 7.2832400000e+03
 1500450600, 5.5000000000e+01, 2.4000000000e+01, 1.2000000000e+01, 5.4533333333e-02, 7.2834000000e+03
 1500450900, 5.5000000000e+01, 2.4000000000e+01, 1.2000000000e+01, 5.7466666667e-02, 7.2850266667e+03
 1500451200, 5.5000000000e+01, 2.4000000000e+01, 1.2000000000e+01, 5.0000000000e-02, 7.2848000000e+03
 1500451500, 5.5000000000e+01, 2.4000000000e+01, 1.2000000000e+01, 5.0000000000e-02, 7.2840533333e+03
 1500451800, 5.5000000000e+01, 2.4000000000e+01, 1.2000000000e+01, 5.0000000000e-02, 7.2853466667e+03
 1500452100, 5.5000000000e+01, 2.4000000000e+01, 1.2000000000e+01, 5.0000000000e-02, 7.2846766667e+03
 1500452400, 5.5000000000e+01, 2.4000000000e+01, 1.2000000000e+01, 5.0000000000e-02, 7.2855466667e+03
 1500452700, 5.5000000000e+01, 2.4000000000e+01, 1.2000000000e+01, 5.0000000000e-02, 7.2852000000e+03
 1500453000, 5.5000000000e+01, 2.4000000000e+01, 1.2000000000e+01, 5.2000000000e-02, 7.2854266667e+03
 1500453300, 5.5000000000e+01, 2.4000000000e+01, 1.2000000000e+01, 5.0000000000e-02, 7.2856266667e+03
 1500453600, 5.5000000000e+01, 2.4000000000e+01, 1.2000000000e+01, 5.0000000000e-02, 7.2863733333e+03
 1500453900, 5.5000000000e+01, 2.4000000000e+01, 1.2000000000e+01, 5.0000000000e-02, 7.2862000000e+03
 1500454200, 5.5000000000e+01, 2.4000000000e+01, 1.2000000000e+01, 5.0000000000e-02, 7.2861733333e+03
 1500454500, 5.5000000000e+01, 2.4000000000e+01, 1.2000000000e+01, 5.0000000000e-02, 7.2844000000e+03
 1500454800, 5.5000000000e+01, 2.4000000000e+01, 1.2000000000e+01, 5.0000000000e-02, 7.2846533333e+03
 1500455100, 5.5000000000e+01, 2.4000000000e+01, 1.2000000000e+01, 5.4266666667e-02, 7.2856000000e+03
 1500455400, 5.5000000000e+01, 2.4000000000e+01, 1.2000000000e+01, 6.0000000000e-02, 7.2850000000e+03
 1500455700, 5.5000000000e+01, 2.4000000000e+01, 1.2000000000e+01, 5.7733333333e-02, 7.2850266667e+03
 1500456000, 5.5000000000e+01, 2.4000000000e+01, 1.2000000000e+01, 5.0000000000e-02, 7.2857733333e+03
 1500456300, 5.5000000000e+01, 2.4000000000e+01, 1.2000000000e+01, 5.0000000000e-02, 7.2854800000e+03
 1500456600, 5.5000000000e+01, 2.4000000000e+01, 1.2000000000e+01, 5.0000000000e-02, 7.2862000000e+03
 1500456900, 5.5000000000e+01, 2.4000000000e+01, 1.2000000000e+01, 5.0233333333e-02, 7.2866066667e+03
 1500457200, 5.5000000000e+01, 2.4000000000e+01, 1.2000000000e+01, 5.3733333333e-02, 7.2864666667e+03
 1500457500, 5.5000000000e+01, 2.4000000000e+01, 1.2000000000e+01, 5.0000000000e-02, 7.2855466667e+03
 1500457800, 5.5000000000e+01, 2.4000000000e+01, 1.2000000000e+01, 5.0000000000e-02, 7.2852266667e+03
 1500458100, 5.5000000000e+01, 2.4000000000e+01, 1.2000000000e+01, 5.0000000000e-02, 7.2858000000e+03
 1500458400, 6.3533333333e+01, 2.8266666667e+01, 1.7120000000e+01, 5.0000000000e-02, 7.2862000000e+03
 1500458700, 7.0466666667e+01, 3.1733333333e+01, 2.1280000000e+01, 5.0000000000e-02, 7.2864000000e+03
 1500459000, 5.5533333333e+01, 2.4266666667e+01, 1.2320000000e+01, 5.0000000000e-02, 7.2864000000e+03
 1500459300, 7.5000000000e+01, 3.4000000000e+01, 2.4000000000e+01, 5.0000000000e-02, 7.2858266667e+03
 1500459600, 5.8466666667e+01, 2.5733333333e+01, 1.4080000000e+01, 6.2533333333e-02, 7.2861466667e+03
 1500459900, 5.5000000000e+01, 2.4000000000e+01, 1.2000000000e+01, 6.3733333333e-02, 7.2864533333e+03
 1500460200, 5.9233333333e+01, 2.7386666667e+01, 1.3693333333e+01, 5.7733333333e-02, 7.2868300000e+03
 1500460500, 6.2733333333e+01, 3.0186666667e+01, 1.5093333333e+01, 5.0000000000e-02, 7.2863500000e+03
 1500460800, 5.5000000000e+01, 2.4000000000e+01, 1.2000000000e+01, 5.0000000000e-02, 7.2856000000e+03
 1500461100, 5.5000000000e+01, 2.4000000000e+01, 1.2000000000e+01, 5.0000000000e-02, 7.2857733333e+03
 1500461400, 5.5000000000e+01, 2.4000000000e+01, 1.2000000000e+01, 5.4000000000e-02, 7.2854000000e+03
 1500461700, 5.5000000000e+01, 2.4000000000e+01, 1.2000000000e+01, 6.4533333333e-02, 7.2858266667e+03
 1500462000, 5.5000000000e+01, 2.4000000000e+01, 1.2000000000e+01, 7.8266666667e-02, 7.2862266667e+03
 1500462300, 5.5000000000e+01, 2.4000000000e+01, 1.2000000000e+01, 6.7200000000e-02, 7.2865466667e+03
 1500462600, 5.5000000000e+01, 2.4000000000e+01, 1.2000000000e+01, 5.0000000000e-02, 7.2844000000e+03
 1500462900, 5.5000000000e+01, 2.4000000000e+01, 1.2000000000e+01, 5.6266666667e-02, 7.2854000000e+03
 1500463200, 5.5000000000e+01, 2.4000000000e+01, 1.2000000000e+01, 6.1733333333e-02, 7.2866266667e+03
 1500463500, 5.5000000000e+01, 2.4000000000e+01, 1.2000000000e+01, 5.8266666667e-02, 7.2849733333e+03
 1500463800, 5.5000000000e+01, 2.4000000000e+01, 1.2000000000e+01, 5.5733333333e-02, 7.2854266667e+03
 1500464100, 5.5000000000e+01, 2.4000000000e+01, 1.2000000000e+01, 5.0000000000e-02, 7.2860000000e+03
 1500464400, 5.5000000000e+01, 2.4000000000e+01, 1.2000000000e+01, 5.0000000000e-02, 7.2853733333e+03
 1500464700, 5.5000000000e+01, 2.4000000000e+01, 1.2000000000e+01, 5.0000000000e-02, 7.2850266667e+03
 1500465000, 5.5000000000e+01, 2.4000000000e+01, 1.2000000000e+01, 5.0000000000e-02, 7.2856000000e+03
 1500465300, 5.5000000000e+01, 2.4000000000e+01, 1.2000000000e+01, 5.0000000000e-02, 7.2862000000e+03
 1500465600, 5.2866666667e+01, 2.4000000000e+01, 1.2000000000e+01, 5.0000000000e-02, 7.2854533333e+03
 1500465900, 5.2266666667e+01, 2.4906666667e+01, 1.2453333333e+01, 5.0000000000e-02, 7.2863466667e+03
 1500466200, 5.9866666667e+01, 2.7893333333e+01, 1.3946666667e+01, 5.0000000000e-02, 7.2858533333e+03
 1500466500, 5.5000000000e+01, 2.4000000000e+01, 1.2000000000e+01, 5.0000000000e-02, 7.2864000000e+03
 1500466800, 5.5000000000e+01, 2.4000000000e+01, 1.2000000000e+01, 5.0000000000e-02, 7.2865733333e+03
 1500467100, 5.5000000000e+01, 2.4000000000e+01, 1.2000000000e+01, 5.0000000000e-02, 7.2868000000e+03
 1500467400, 5.5000000000e+01, 2.4000000000e+01, 1.2000000000e+01, 5.0000000000e-02, 7.2866533333e+03
 1500467700, 5.5000000000e+01, 2.4000000000e+01, 1.2000000000e+01, 6.2800000000e-02, 7.2871733333e+03
 1500468000, 5.5000000000e+01, 2.4000000000e+01, 1.2000000000e+01, 9.0533333333e-02, 7.2863733333e+03
 1500468300, 5.5000000000e+01, 2.4000000000e+01, 1.2000000000e+01, 9.5466666667e-02, 7.2870266667e+03
 1500468600, 5.5000000000e+01, 2.4000000000e+01, 1.2000000000e+01, 7.3466666667e-02, 7.2876266667e+03
 1500468900, 5.5000000000e+01, 2.4000000000e+01, 1.2000000000e+01, 5.3733333333e-02, 7.2882000000e+03
 1500469200, 5.2866666667e+01, 2.4000000000e+01, 1.2000000000e+01, 5.0266666667e-02, 7.2868000000e+03
 1500469500, 5.1133333333e+01, 2.4000000000e+01, 1.2000000000e+01, 5.5733333333e-02, 7.2864266667e+03
 1500469800, 5.5000000000e+01, 2.4000000000e+01, 1.2000000000e+01, 5.0000000000e-02, 7.2870266667e+03
 1500470100, 5.5000000000e+01, 2.4000000000e+01, 1.2000000000e+01, 5.0000000000e-02, 7.2867733333e+03
 1500470400, 5.5000000000e+01, 2.4000000000e+01, 1.2000000000e+01, 5.0000000000e-02, 7.2878266667e+03
 1500470700, 5.5000000000e+01, 2.4000000000e+01, 1.2000000000e+01, 5.0000000000e-02, 7.2876000000e+03
 1500471000, 5.5000000000e+01, 2.4000000000e+01, 1.2000000000e+01, 5.0000000000e-02, 7.2880000000e+03
 1500471300, 5.5000000000e+01, 2.4000000000e+01, 1.2000000000e+01, 5.4000000000e-02, 7.2876266667e+03
 1500471600, 5.5000000000e+01, 2.4000000000e+01, 1.2000000000e+01, 5.0000000000e-02, 7.2878266667e+03
 1500471900, 5.5000000000e+01, 2.4000000000e+01, 1.2000000000e+01, 5.0000000000e-02, 7.2886666667e+03
 1500472200, 5.5000000000e+01, 2.4000000000e+01, 1.2000000000e+01, 5.0000000000e-02, 7.2876266667e+03
 1500472500, 5.5000000000e+01, 2.4000000000e+01, 1.2000000000e+01, 5.0000000000e-02, 7.2877733333e+03
 1500472800, 5.5000000000e+01, 2.4000000000e+01, 1.2000000000e+01, 5.0000000000e-02, 7.2876000000e+03
 1500473100, 5.5000000000e+01, 2.4000000000e+01, 1.2000000000e+01, 5.0000000000e-02, 7.2876266667e+03
 1500473400, 5.5000000000e+01, 2.4000000000e+01, 1.2000000000e+01, 5.0000000000e-02, 7.2886000000e+03
 1500473700, 5.5000000000e+01, 2.4000000000e+01, 1.2000000000e+01, 5.0000000000e-02, 7.2886066667e+03
 1500474000, 5.5000000000e+01, 2.4000000000e+01, 1.2000000000e+01, 6.4266666667e-02, 7.2882000000e+03
 1500474300, 5.5000000000e+01, 2.4000000000e+01, 1.2000000000e+01, 5.1733333333e-02, 7.2888000000e+03
 1500474600, 5.5000000000e+01, 2.4000000000e+01, 1.2000000000e+01, 5.2000000000e-02, 7.2884266667e+03
 1500474900, 5.5000000000e+01, 2.4000000000e+01, 1.2000000000e+01, 5.0266666667e-02, 7.2893733333e+03
 1500475200, 5.5000000000e+01, 2.4000000000e+01, 1.2000000000e+01, 5.2000000000e-02, 7.2878000000e+03
 1500475500, 5.5000000000e+01, 2.4000000000e+01, 1.2000000000e+01, 7.2800000000e-02, 7.2875466667e+03
 1500475800, 5.5000000000e+01, 2.4000000000e+01, 1.2000000000e+01, 8.3466666667e-02, 7.2876266667e+03
 1500476100, 5.8133333333e+01, 2.4000000000e+01, 1.4506666667e+01, 7.0000000000e-02, 7.2874000000e+03
 1500476400, 5.7866666667e+01, 2.4000000000e+01, 1.4293333333e+01, 6.1466666667e-02, 7.2882266667e+03
 1500476700, 5.5000000000e+01, 2.4000000000e+01, 1.2000000000e+01, 5.0000000000e-02, 7.2888000000e+03
 1500477000, 5.5000000000e+01, 2.4000000000e+01, 1.2000000000e+01, 5.0266666667e-02, 7.2875733333e+03
 1500477300, 5.5000000000e+01, 2.4000000000e+01, 1.2000000000e+01, 5.5766666667e-02, 7.2871866667e+03
 1500477600, 5.5000000000e+01, 2.4000000000e+01, 1.2000000000e+01, 5.0000000000e-02, 7.2876000000e+03
 1500477900, 5.5000000000e+01, 2.4000000000e+01, 1.2000000000e+01, 5.0000000000e-02, 7.2866533333e+03
 1500478200, 5.5000000000e+01, 2.4000000000e+01, 1.2000000000e+01, 5.1333333333e-02, 7.2882666667e+03
 1500478500, 5.8400000000e+01, 2.5813333333e+01, 1.3813333333e+01, 2.1720000000e-01, 7.2949466667e+03
 1500478800, 7.0000000000e+01, 3.2000000000e+01, 2.0000000000e+01, 4.7186666667e-01, 7.2945466667e+03
 1500479100, 7.0000000000e+01, 3.2000000000e+01, 2.0000000000e+01, 6.5400000000e-01, 7.2934000000e+03
 1500479400, 7.0000000000e+01, 3.0346666667e+01, 2.0000000000e+01, 7.7813333333e-01, 7.2948533333e+03
 1500479700, 7.3133333333e+01, 3.1253333333e+01, 2.1253333333e+01, 8.5813333333e-01, 7.2945466667e+03
 1500480000, 7.0733333333e+01, 3.1146666667e+01, 2.0293333333e+01, 9.2986666667e-01, 7.2946000000e+03
 1500480300, 6.5000000000e+01, 3.0453333333e+01, 1.8000000000e+01, 9.7826666667e-01, 7.2956000000e+03
 1500480600, 6.5000000000e+01, 3.1946666667e+01, 1.8000000000e+01, 1.0033333333e+00, 7.2951733333e+03
 1500480900, 6.5000000000e+01, 3.0000000000e+01, 1.8000000000e+01, 1.0365333333e+00, 7.2938533333e+03
 1500481200, 6.5000000000e+01, 3.0000000000e+01, 1.6346666667e+01, 1.0542666667e+00, 7.2944000000e+03
 1500481500, 5.8733333333e+01, 2.6240000000e+01, 1.3493333333e+01, 1.0608000000e+00, 7.2943733333e+03
 1500481800, 5.5000000000e+01, 2.4000000000e+01, 1.2000000000e+01, 1.0930666667e+00, 7.2944266667e+03
 1500482100, 5.6133333333e+01, 2.4906666667e+01, 1.2453333333e+01, 1.1360000000e+00, 7.2949733333e+03
 1500482400, 6.0000000000e+01, 2.8000000000e+01, 1.4053333333e+01, 1.1302666667e+00, 7.2942000000e+03
 1500482700, 6.0000000000e+01, 2.8000000000e+01, 1.6000000000e+01, 1.1400000000e+00, 7.2950000000e+03
 1500483000, 7.2400000000e+01, 3.2960000000e+01, 2.2613333333e+01, 1.1357333333e+00, 7.2945733333e+03
 1500483300, 6.8733333333e+01, 3.0240000000e+01, 2.0240000000e+01, 1.1257333333e+00, 7.2950800000e+03
 1500483600, 6.5000000000e+01, 2.8853333333e+01, 1.7146666667e+01, 1.1134666667e+00, 7.2952000000e+03
 1500483900, 6.3866666667e+01, 2.9546666667e+01, 1.5546666667e+01, 1.1093333333e+00, 7.2943733333e+03
 1500484200, 6.0133333333e+01, 2.8053333333e+01, 1.4053333333e+01, 1.1334666667e+00, 7.2937466667e+03
 1500484500, 6.5000000000e+01, 3.0000000000e+01, 1.6000000000e+01, 1.1237333333e+00, 7.2924800000e+03
 1500484800, 6.9133333333e+01, 3.1653333333e+01, 2.0960000000e+01, 1.1302666667e+00, 7.2943733333e+03
 1500485100, 7.3133333333e+01, 3.3253333333e+01, 2.2000000000e+01, 1.1380000000e+00, 7.2946800000e+03
 1500485400, 6.6466666667e+01, 3.0586666667e+01, 1.8586666667e+01, 1.1322666667e+00, 7.2960533333e+03
 1500485700, 5.8400000000e+01, 2.7360000000e+01, 1.5813333333e+01, 1.1273333333e+00, 7.2926266667e+03
 1500486000, 6.9466666667e+01, 3.1786666667e+01, 2.1733333333e+01, 9.1053333333e-01, 7.2822266667e+03
 1500486300, 5.0000000000e+01, 2.4000000000e+01, 1.2000000000e+01, 6.7320000000e-01, 7.2831733333e+03
 1500486600, 5.8266666667e+01, 2.7306666667e+01, 1.3653333333e+01, 5.1600000000e-01, 7.2830666667e+03
 1500486900, 5.6866666667e+01, 2.5493333333e+01, 1.2746666667e+01, 3.8506666667e-01, 7.2822266667e+03
 1500487200, 5.5000000000e+01, 2.4000000000e+01, 1.2000000000e+01, 2.8813333333e-01, 7.2824800000e+03
 1500487500, 5.5000000000e+01, 2.4000000000e+01, 1.2000000000e+01, 2.1813333333e-01, 7.2826266667e+03
 1500487800, 5.5000000000e+01, 2.4000000000e+01, 1.2000000000e+01, 1.6946666667e-01, 7.2862000000e+03
 1500488100, 5.5000000000e+01, 2.4000000000e+01, 1.2000000000e+01, 1.4720000000e-01, 7.2857466667e+03
 1500488400, 5.5000000000e+01, 2.4000000000e+01, 1.2000000000e+01, 1.2573333333e-01, 7.2854533333e+03
 1500488700, 5.5000000000e+01, 2.4000000000e+01, 1.2000000000e+01, 1.2626666667e-01, 7.2859733333e+03
 1500489000, 5.5000000000e+01, 2.4000000000e+01, 1.2000000000e+01, 1.1946666667e-01, 7.2859733333e+03
 1500489300, 5.5000000000e+01, 2.4000000000e+01, 1.2000000000e+01, 1.0800000000e-01, 7.2852533333e+03
 1500489600, 5.5000000000e+01, 2.4000000000e+01, 1.2000000000e+01, 1.0146666667e-01, 7.2861733333e+03
 1500489900, 5.5000000000e+01, 2.4000000000e+01, 1.2000000000e+01, 8.7733333333e-02, 7.2848266667e+03
 1500490200, 5.5000000000e+01, 2.4000000000e+01, 1.2000000000e+01, 7.7733333333e-02, 7.2853733333e+03
 1500490500, 5.5000000000e+01, 2.4000000000e+01, 1.2000000000e+01, 6.5733333333e-02, 7.2853733333e+03
 1500490800, 5.2866666667e+01, 2.4000000000e+01, 1.2000000000e+01, 5.5733333333e-02, 7.2856533333e+03
 1500491100, 5.1133333333e+01, 2.4000000000e+01, 1.2000000000e+01, 5.0000000000e-02, 7.2855200000e+03
 1500491400, 5.5000000000e+01, 2.4000000000e+01, 1.2000000000e+01, 5.0000000000e-02, 7.2842266667e+03
 1500491700, 5.5000000000e+01, 2.4000000000e+01, 1.2000000000e+01, 5.0000000000e-02, 7.2848000000e+03
 1500492000, 5.5000000000e+01, 2.4000000000e+01, 1.2000000000e+01, 5.0000000000e-02, 7.2852000000e+03
 1500492300, 5.5000000000e+01, 2.4000000000e+01, 1.2000000000e+01, 5.0000000000e-02, 7.2852000000e+03
 1500492600, 5.5000000000e+01, 2.4000000000e+01, 1.2000000000e+01, 5.2000000000e-02, 7.2842000000e+03
 1500492900, 5.5000000000e+01, 2.4000000000e+01, 1.2000000000e+01, 5.0000000000e-02, 7.2841733333e+03
 1500493200, 5.5000000000e+01, 2.4000000000e+01, 1.2000000000e+01, 5.6000000000e-02, 7.2832266667e+03
 1500493500, 5.5000000000e+01, 2.4000000000e+01, 1.2000000000e+01, 5.0000000000e-02, 7.2837733333e+03
 1500493800, 5.5000000000e+01, 2.4000000000e+01, 1.2000000000e+01, 5.0000000000e-02, 7.2839733333e+03
 1500494100, 5.5000000000e+01, 2.4000000000e+01, 1.2000000000e+01, 5.0000000000e-02, 7.2840266667e+03
 1500494400, 5.5000000000e+01, 2.4000000000e+01, 1.2000000000e+01, 5.0000000000e-02, 7.2840266667e+03
 1500494700, 5.5000000000e+01, 2.4000000000e+01, 1.2000000000e+01, 5.0000000000e-02, 7.2838000000e+03
 1500495000, 5.5000000000e+01, 2.4000000000e+01, 1.2000000000e+01, 5.0000000000e-02, 7.2843733333e+03
 1500495300, 5.5000000000e+01, 2.4000000000e+01, 1.2000000000e+01, 5.0000000000e-02, 7.2863733333e+03
 1500495600, 5.5000000000e+01, 2.4000000000e+01, 1.2000000000e+01, 5.2000000000e-02, 7.2830533333e+03
 1500495900, 5.5000000000e+01, 2.4000000000e+01, 1.2000000000e+01, 5.0266666667e-02, 7.2839733333e+03
 1500496200, 5.2866666667e+01, 2.4000000000e+01, 1.2000000000e+01, 5.1733333333e-02, 7.2840266667e+03
 1500496500, 5.1133333333e+01, 2.4000000000e+01, 1.2000000000e+01, 5.0000000000e-02, 7.2842000000e+03
 1500496800, 5.5000000000e+01, 2.4000000000e+01, 1.2000000000e+01, 5.0000000000e-02, 7.2844266667e+03
 1500497100, 5.5000000000e+01, 2.4000000000e+01, 1.2000000000e+01, 5.0000000000e-02, 7.2848266667e+03
 1500497400, 5.0866666667e+01, 2.4000000000e+01, 1.2000000000e+01, 5.0000000000e-02, 7.2851466667e+03
 1500497700, 5.3133333333e+01, 2.4000000000e+01, 1.2000000000e+01, 5.0000000000e-02, 7.2844533333e+03
 1500498000, 5.5000000000e+01, 2.4000000000e+01, 1.2000000000e+01, 5.0000000000e-02, 7.2861733333e+03
 1500498300, 5.5000000000e+01, 2.4000000000e+01, 1.2000000000e+01, 5.0000000000e-02, 7.2842266667e+03
 1500498600, 5.5000000000e+01, 2.4000000000e+01, 1.2000000000e+01, 5.0000000000e-02, 7.2843733333e+03
 1500498900, 5.5000000000e+01, 2.4000000000e+01, 1.2000000000e+01, 5.4000000000e-02, 7.2844533333e+03
 1500499200, 5.5000000000e+01, 2.4000000000e+01, 1.2000000000e+01, 5.0000000000e-02, 7.2852000000e+03
 1500499500, 5.5000000000e+01, 2.4000000000e+01, 1.2000000000e+01, 5.0000000000e-02, 7.2846000000e+03
 1500499800, 5.5000000000e+01, 2.4000000000e+01, 1.2000000000e+01, 5.0266666667e-02, 7.2846000000e+03
 1500500100, 5.5000000000e+01, 2.4000000000e+01, 1.2000000000e+01, 5.3733333333e-02, 7.2842533333e+03
 1500500400, 5.5000000000e+01, 2.4000000000e+01, 1.2000000000e+01, 5.0000000000e-02, 7.2856000000e+03
 1500500700, 5.5000000000e+01, 2.4000000000e+01, 1.2000000000e+01, 5.2266666667e-02, 7.2851733333e+03
 1500501000, 5.9133333333e+01, 2.7306666667e+01, 1.3653333333e+01, 5.4266666667e-02, 7.2848533333e+03
 1500501300, 5.6866666667e+01, 2.5493333333e+01, 1.2746666667e+01, 7.4000000000e-02, 7.2854400000e+03
 1500501600, 5.5000000000e+01, 2.4000000000e+01, 1.2000000000e+01, 5.5466666667e-02, 7.2841733333e+03
 1500501900, 5.5000000000e+01, 2.4000000000e+01, 1.2000000000e+01, 5.0000000000e-02, 7.2840000000e+03
 1500502200, 5.5000000000e+01, 2.4000000000e+01, 1.2000000000e+01, 5.0000000000e-02, 7.2840533333e+03
 1500502500, 5.5000000000e+01, 2.4000000000e+01, 1.2000000000e+01, 5.0266666667e-02, 7.2849733333e+03
 1500502800, 5.5000000000e+01, 2.5653333333e+01, 1.2000000000e+01, 5.1733333333e-02, 7.2848266667e+03
 1500503100, 5.5000000000e+01, 2.4746666667e+01, 1.2000000000e+01, 5.2000000000e-02, 7.2853733333e+03
 1500503400, 5.5000000000e+01, 2.4000000000e+01, 1.2000000000e+01, 5.0000000000e-02, 7.2850266667e+03
 1500503700, 5.5000000000e+01, 2.4000000000e+01, 1.2000000000e+01, 5.0000000000e-02, 7.2855733333e+03
 1500504000, 5.5000000000e+01, 2.4000000000e+01, 1.2000000000e+01, 5.0000000000e-02, 7.2854000000e+03
 1500504300, 5.5000000000e+01, 2.4000000000e+01, 1.2000000000e+01, 5.0000000000e-02, 7.2844000000e+03
 1500504600, 5.0866666667e+01, 2.4000000000e+01, 1.2000000000e+01, 5.0000000000e-02, 7.2848266667e+03
 1500504900, 5.3133333333e+01, 2.4000000000e+01, 1.2000000000e+01, 5.0000000000e-02, 7.2852000000e+03
 1500505200, 5.5000000000e+01, 2.4000000000e+01, 1.2000000000e+01, 5.0000000000e-02, 7.2850000000e+03
 1500505500, 5.5000000000e+01, 2.4000000000e+01, 1.2000000000e+01, 5.0000000000e-02, 7.2846266667e+03
 1500505800, 5.5000000000e+01, 2.4000000000e+01, 1.2000000000e+01, 5.0000000000e-02, 7.2855733333e+03
 1500506100, 5.5000000000e+01, 2.4000000000e+01, 1.2000000000e+01, 5.0000000000e-02, 7.2851466667e+03
 1500506400, 5.5000000000e+01, 2.4000000000e+01, 1.2000000000e+01, 5.0000000000e-02, 7.2852533333e+03
 1500506700, 5.5000000000e+01, 2.4000000000e+01, 1.2000000000e+01, 5.0000000000e-02, 7.2857466667e+03
 1500507000, 5.5000000000e+01, 2.4000000000e+01, 1.2853333333e+01, 5.4000000000e-02, 7.2852266667e+03
 1500507300, 5.5000000000e+01, 2.4000000000e+01, 1.3546666667e+01, 5.0000000000e-02, 7.2844000000e+03
 1500507600, 5.5000000000e+01, 2.4000000000e+01, 1.2000000000e+01, 5.0000000000e-02, 7.2842266667e+03
 1500507900, 5.5000000000e+01, 2.4000000000e+01, 1.2000000000e+01, 5.0266666667e-02, 7.2852000000e+03
 1500508200, 5.5000000000e+01, 2.4000000000e+01, 1.2000000000e+01, 5.3733333333e-02, 7.2851733333e+03
 1500508500, 5.5000000000e+01, 2.4000000000e+01, 1.2000000000e+01, 5.0000000000e-02, 7.2850266667e+03
 1500508800, 5.5000000000e+01, 2.4000000000e+01, 1.2000000000e+01, 5.0000000000e-02, 7.2856800000e+03
 1500509100, 5.5000000000e+01, 2.4000000000e+01, 1.2000000000e+01, 5.0000000000e-02, 7.2856666667e+03
 1500509400, 5.5000000000e+01, 2.4000000000e+01, 1.2000000000e+01, 5.0000000000e-02, 7.2846533333e+03
 1500509700, 5.5000000000e+01, 2.4000000000e+01, 1.2000000000e+01, 5.0000000000e-02, 7.2855466667e+03
 1500510000, 5.5000000000e+01, 2.4000000000e+01, 1.2000000000e+01, 5.0000000000e-02, 7.2840266667e+03
 1500510300, 5.5000000000e+01, 2.4000000000e+01, 1.2000000000e+01, 5.0000000000e-02, 7.2842266667e+03
 1500510600, 5.5000000000e+01, 2.4000000000e+01, 1.2000000000e+01, 5.0000000000e-02, 7.2847733333e+03
 1500510900, 5.5000000000e+01, 2.4000000000e+01, 1.2000000000e+01, 5.0000000000e-02, 7.2852266667e+03
 1500511200, 5.5000000000e+01, 2.4000000000e+01, 1.2000000000e+01, 5.0000000000e-02, 7.2849733333e+03
 1500511500, 5.5000000000e+01, 2.4000000000e+01, 1.2000000000e+01, 5.4000000000e-02, 7.2840266667e+03
 1500511800, 5.5000000000e+01, 2.4000000000e+01, 1.2000000000e+01, 5.0000000000e-02, 7.2856266667e+03
 1500512100, 5.5000000000e+01, 2.4000000000e+01, 1.2000000000e+01, 5.0000000000e-02, 7.2860000000e+03
 1500512400, 5.5000000000e+01, 2.4000000000e+01, 1.2000000000e+01, 5.0000000000e-02, 7.2855733333e+03
 1500512700, 5.5000000000e+01, 2.4000000000e+01, 1.2000000000e+01, 5.0000000000e-02, 7.2854266667e+03
 1500513000, 5.5000000000e+01, 2.4000000000e+01, 1.2000000000e+01, 5.0000000000e-02, 7.2852000000e+03
 1500513300, 5.5000000000e+01, 2.4000000000e+01, 1.2000000000e+01, 5.4000000000e-02, 7.2848266667e+03
 1500513600, 5.5000000000e+01, 2.4000000000e+01, 1.2000000000e+01, 5.0000000000e-02, 7.2854000000e+03
 1500513900, 5.5000000000e+01, 2.4000000000e+01, 1.2000000000e+01, 5.0000000000e-02, 7.2854266667e+03
 1500514200, 5.5000000000e+01, 2.4000000000e+01, 1.2000000000e+01, 5.2000000000e-02, 7.2855733333e+03
 1500514500, 5.5000000000e+01, 2.4000000000e+01, 1.2000000000e+01, 5.0000000000e-02, 7.2852000000e+03
 1500514800, 5.5000000000e+01, 2.4000000000e+01, 1.2000000000e+01, 5.0266666667e-02, 7.2850266667e+03
 1500515100, 5.5000000000e+01, 2.4000000000e+01, 1.2000000000e+01, 5.1733333333e-02, 7.2852266667e+03
 1500515400, 5.5000000000e+01, 2.4000000000e+01, 1.2000000000e+01, 5.0000000000e-02, 7.2858533333e+03
 1500515700, 5.5000000000e+01, 2.4000000000e+01, 1.2000000000e+01, 5.0000000000e-02, 7.2862533333e+03
 1500516000, 5.5000000000e+01, 2.4000000000e+01, 1.2000000000e+01, 5.0000000000e-02, 7.2855333333e+03
 1500516300, 5.5000000000e+01, 2.4000000000e+01, 1.2000000000e+01, 5.0000000000e-02, 7.2838266667e+03
 1500516600, 5.4866666667e+01, 2.4000000000e+01, 1.2000000000e+01, 5.0000000000e-02, 7.2841733333e+03
 1500516900, 5.0000000000e+01, 2.4000000000e+01, 1.2000000000e+01, 5.0000000000e-02, 7.2844533333e+03
 1500517200, 5.4133333333e+01, 2.4000000000e+01, 1.2000000000e+01, 5.0000000000e-02, 7.2849733333e+03
 1500517500, 5.5000000000e+01, 2.4000000000e+01, 1.2000000000e+01, 5.0266666667e-02, 7.2850266667e+03
 1500517800, 5.5000000000e+01, 2.4000000000e+01, 1.2000000000e+01, 6.6000000000e-02, 7.2851733333e+03
 1500518100, 5.3866666667e+01, 2.4000000000e+01, 1.2000000000e+01, 5.9733333333e-02, 7.2856000000e+03
 1500518400, 5.0133333333e+01, 2.4000000000e+01, 1.2000000000e+01, 5.0000000000e-02, 7.2860266667e+03
 1500518700, 5.5000000000e+01, 2.4000000000e+01, 1.2000000000e+01, 5.0000000000e-02, 7.2859733333e+03
 1500519000, 5.5000000000e+01, 2.4000000000e+01, 1.2000000000e+01, 5.0000000000e-02, 7.2842266667e+03
 1500519300, 5.1866666667e+01, 2.4000000000e+01, 1.2000000000e+01, 5.2266666667e-02, 7.2847466667e+03
 1500519600, 5.2133333333e+01, 2.4000000000e+01, 1.2000000000e+01, 6.1733333333e-02, 7.2844533333e+03
 1500519900, 5.5000000000e+01, 2.4000000000e+01, 1.2000000000e+01, 5.0000000000e-02, 7.2850266667e+03
 1500520200, 5.5000000000e+01, 2.4000000000e+01, 1.2000000000e+01, 5.0000000000e-02, 7.2851466667e+03
 1500520500, 5.5000000000e+01, 2.4000000000e+01, 1.2000000000e+01, 5.0000000000e-02, 7.2850266667e+03
 1500520800, 5.5000000000e+01, 2.4000000000e+01, 1.2000000000e+01, 5.0000000000e-02, 7.2853733333e+03
 1500521100, 5.5000000000e+01, 2.4000000000e+01, 1.2000000000e+01, 5.2000000000e-02, 7.2854266667e+03
 1500521400, 5.5000000000e+01, 2.4000000000e+01, 1.2853333333e+01, 5.0000000000e-02, 7.2870266667e+03
 1500521700, 5.5000000000e+01, 2.4000000000e+01, 1.3546666667e+01, 5.4000000000e-02, 7.2865466667e+03
 1500522000, 5.5000000000e+01, 2.4000000000e+01, 1.2000000000e+01, 6.0533333333e-02, 7.2844533333e+03
 1500522300, 5.5000000000e+01, 2.4000000000e+01, 1.2000000000e+01, 5.9733333333e-02, 7.2853466667e+03
 1500522600, 5.5000000000e+01, 2.4000000000e+01, 1.2000000000e+01, 5.1733333333e-02, 7.2858266667e+03
 1500522900, 5.5000000000e+01, 2.4000000000e+01, 1.2000000000e+01, 5.2000000000e-02, 7.2858000000e+03
 1500523200, 5.5000000000e+01, 2.4000000000e+01, 1.2000000000e+01, 5.0000000000e-02, 7.2854533333e+03
 1500523500, 5.5000000000e+01, 2.4000000000e+01, 1.2000000000e+01, 5.0000000000e-02, 7.2859466667e+03
 1500523800, 5.5000000000e+01, 2.4000000000e+01, 1.2000000000e+01, 5.0266666667e-02, 7.2858000000e+03
 1500524100, 5.5000000000e+01, 2.4000000000e+01, 1.2000000000e+01, 5.3733333333e-02, 7.2860000000e+03
 1500524400, 5.5000000000e+01, 2.4000000000e+01, 1.2000000000e+01, 5.2000000000e-02, 7.2864000000e+03
 1500524700, 5.5000000000e+01, 2.4000000000e+01, 1.2000000000e+01, 5.0000000000e-02, 7.2854000000e+03
 1500525000, 5.5000000000e+01, 2.4000000000e+01, 1.2000000000e+01, 5.4000000000e-02, 7.2852000000e+03
 1500525300, 5.5000000000e+01, 2.4000000000e+01, 1.2000000000e+01, 5.0000000000e-02, 7.2854533333e+03
 1500525600, 5.5000000000e+01, 2.4000000000e+01, 1.2000000000e+01, 5.4000000000e-02, 7.2863733333e+03
 1500525900, 5.5000000000e+01, 2.4000000000e+01, 1.2000000000e+01, 5.0266666667e-02, 7.2857733333e+03
 1500526200, 5.5000000000e+01, 2.4000000000e+01, 1.2000000000e+01, 5.7733333333e-02, 7.2858266667e+03
 1500526500, 5.5000000000e+01, 2.4000000000e+01, 1.2000000000e+01, 5.2000000000e-02, 7.2856000000e+03
 1500526800, 5.5000000000e+01, 2.4000000000e+01, 1.2000000000e+01, 5.0000000000e-02, 7.2860000000e+03
 1500527100, 5.5000000000e+01, 2.4000000000e+01, 1.2000000000e+01, 5.0000000000e-02, 7.2860000000e+03
 1500527400, 5.5000000000e+01, 2.4000000000e+01, 1.2053333333e+01, 5.0000000000e-02, 7.2864000000e+03
 1500527700, 5.5000000000e+01, 2.4000000000e+01, 1.4000000000e+01, 5.4000000000e-02, 7.2852000000e+03
 1500528000, 5.5000000000e+01, 2.4000000000e+01, 1.2346666667e+01, 5.0000000000e-02, 7.2848533333e+03
 1500528300, 5.5000000000e+01, 2.4000000000e+01, 1.2000000000e+01, 5.0000000000e-02, 7.2859733333e+03
 1500528600, 5.2866666667e+01, 2.4000000000e+01, 1.2000000000e+01, 5.0000000000e-02, 7.2862533333e+03
 1500528900, 5.1133333333e+01, 2.4000000000e+01, 1.2000000000e+01, 5.0000000000e-02, 7.2862000000e+03
 1500529200, 5.5000000000e+01, 2.4000000000e+01, 1.2000000000e+01, 5.0000000000e-02, 7.2862266667e+03
 1500529500, 5.5000000000e+01, 2.4000000000e+01, 1.2000000000e+01, 5.0000000000e-02, 7.2859733333e+03
 1500529800, 5.5000000000e+01, 2.4000000000e+01, 1.2000000000e+01, 5.0000000000e-02, 7.2858266667e+03
 1500530100, 6.1266666667e+01, 2.5253333333e+01, 1.7013333333e+01, 5.4266666667e-02, 7.2868266667e+03
 1500530400, 6.0733333333e+01, 2.5146666667e+01, 1.6586666667e+01, 5.1733333333e-02, 7.2869200000e+03
 1500530700, 5.5000000000e+01, 2.4000000000e+01, 1.2453333333e+01, 5.0000000000e-02, 7.2858933333e+03
 1500531000, 5.5000000000e+01, 2.4000000000e+01, 1.3946666667e+01, 5.0000000000e-02, 7.2848266667e+03
 1500531300, 5.5000000000e+01, 2.4000000000e+01, 1.2000000000e+01, 5.0000000000e-02, 7.2858533333e+03
 1500531600, 5.5000000000e+01, 2.4000000000e+01, 1.2000000000e+01, 5.0000000000e-02, 7.2873733333e+03
 1500531900, 5.5000000000e+01, 2.4000000000e+01, 1.2000000000e+01, 5.4000000000e-02, 7.2870266667e+03
 1500532200, 5.5000000000e+01, 2.4000000000e+01, 1.2000000000e+01, 5.6000000000e-02, 7.2878000000e+03
 1500532500, 5.5000000000e+01, 2.4000000000e+01, 1.2000000000e+01, 5.2000000000e-02, 7.2872266667e+03
 1500532800, 5.5000000000e+01, 2.4000000000e+01, 1.2000000000e+01, 5.0000000000e-02, 7.2883733333e+03
 1500533100, 5.5000000000e+01, 2.4000000000e+01, 1.2000000000e+01, 5.4000000000e-02, 7.2883733333e+03
 1500533400, 5.5000000000e+01, 2.4000000000e+01, 1.2000000000e+01, 5.0000000000e-02, 7.2888533333e+03
 1500533700, 5.5000000000e+01, 2.4000000000e+01, 1.2000000000e+01, 5.0000000000e-02, 7.2877733333e+03
 1500534000, 5.5000000000e+01, 2.4000000000e+01, 1.2000000000e+01, 5.0000000000e-02, 7.2884266667e+03
 1500534300, 5.5000000000e+01, 2.4000000000e+01, 1.2000000000e+01, 5.0000000000e-02, 7.2888000000e+03
 1500534600, 5.5000000000e+01, 2.4000000000e+01, 1.2000000000e+01, 5.0000000000e-02, 7.2889733333e+03
 1500534900, 5.5000000000e+01, 2.4000000000e+01, 1.2000000000e+01, 5.0000000000e-02, 7.2876266667e+03
 1500535200, 5.5000000000e+01, 2.4000000000e+01, 1.2000000000e+01, 5.2000000000e-02, 7.2886000000e+03
 1500535500, 5.5000000000e+01, 2.4000000000e+01, 1.2000000000e+01, 5.4000000000e-02, 7.2884000000e+03
 1500535800, 5.5000000000e+01, 2.4000000000e+01, 1.2000000000e+01, 5.2000000000e-02, 7.2882266667e+03
 1500536100, 5.5000000000e+01, 2.4000000000e+01, 1.2000000000e+01, 5.0000000000e-02, 7.2888000000e+03
 1500536400, 5.5000000000e+01, 2.4000000000e+01, 1.2000000000e+01, 5.6266666667e-02, 7.2877466667e+03
 1500536700, 5.5000000000e+01, 2.4000000000e+01, 1.2000000000e+01, 5.5733333333e-02, 7.2878000000e+03
 1500537000, 5.5000000000e+01, 2.4000000000e+01, 1.2000000000e+01, 5.0000000000e-02, 7.2870000000e+03
 1500537300, 5.5000000000e+01, 2.4000000000e+01, 1.2000000000e+01, 5.0000000000e-02, 7.2874000000e+03
 1500537600, 5.5000000000e+01, 2.4000000000e+01, 1.2000000000e+01, 5.0000000000e-02, 7.2874266667e+03
 1500537900, 5.5000000000e+01, 2.4000000000e+01, 1.2000000000e+01, 5.4533333333e-02, 7.2880000000e+03
 1500538200, 5.5000000000e+01, 2.4000000000e+01, 1.2000000000e+01, 6.1733333333e-02, 7.2873733333e+03
 1500538500, 5.5000000000e+01, 2.4000000000e+01, 1.2000000000e+01, 5.7733333333e-02, 7.2880266667e+03
 1500538800, 5.5000000000e+01, 2.4000000000e+01, 1.2000000000e+01, 5.2000000000e-02, 7.2888000000e+03
 1500539100, 5.5000000000e+01, 2.4000000000e+01, 1.2000000000e+01, 5.0000000000e-02, 7.2898000000e+03
 1500539400, 5.5000000000e+01, 2.4000000000e+01, 1.2000000000e+01, 5.0000000000e-02, 7.2882000000e+03
 1500539700, 5.5000000000e+01, 2.4000000000e+01, 1.2000000000e+01, 5.0000000000e-02, 7.2880533333e+03
 1500540000, 5.5000000000e+01, 2.4000000000e+01, 1.2000000000e+01, 5.0000000000e-02, 7.2883466667e+03
 1500540300, 5.5000000000e+01, 2.4000000000e+01, 1.2000000000e+01, 5.0000000000e-02, 7.2880533333e+03
 1500540600, 5.5000000000e+01, 2.4000000000e+01, 1.2000000000e+01, 5.0000000000e-02, 7.2889733333e+03
 1500540900, 5.5000000000e+01, 2.4000000000e+01, 1.2000000000e+01, 5.0000000000e-02, 7.2896266667e+03
 1500541200, 5.5000000000e+01, 2.4000000000e+01, 1.2000000000e+01, 5.0000000000e-02, 7.2894000000e+03
 1500541500, 5.5000000000e+01, 2.4000000000e+01, 1.2000000000e+01, 5.0000000000e-02, 7.2902000000e+03
 1500541800, 5.5000000000e+01, 2.4000000000e+01, 1.2000000000e+01, 5.0000000000e-02, 7.2902266667e+03
 1500542100, 5.5000000000e+01, 2.4000000000e+01, 1.2000000000e+01, 5.0266666667e-02, 7.2905466667e+03
 1500542400, 5.5000000000e+01, 2.4000000000e+01, 1.2000000000e+01, 5.3733333333e-02, 7.2882000000e+03
 1500542700, 5.5000000000e+01, 2.4000000000e+01, 1.2000000000e+01, 5.0000000000e-02, 7.2872000000e+03
 1500543000, 5.7133333333e+01, 2.5706666667e+01, 1.3706666667e+01, 5.0000000000e-02, 7.2884266667e+03
 1500543300, 5.8866666667e+01, 2.7093333333e+01, 1.5093333333e+01, 5.0000000000e-02, 7.2892266667e+03
 1500543600, 5.5000000000e+01, 2.4000000000e+01, 1.2000000000e+01, 5.6000000000e-02, 7.2892266667e+03
 1500543900, 5.5000000000e+01, 2.4000000000e+01, 1.2000000000e+01, 5.0000000000e-02, 7.2893466667e+03
 1500544200, 5.5000000000e+01, 2.5653333333e+01, 1.3653333333e+01, 5.0000000000e-02, 7.2892266667e+03
 1500544500, 5.5000000000e+01, 2.4746666667e+01, 1.2746666667e+01, 6.2800000000e-02, 7.2894266667e+03
 1500544800, 5.5000000000e+01, 2.4000000000e+01, 1.2000000000e+01, 7.1466666667e-02, 7.2896266667e+03
 1500545100, 5.5000000000e+01, 2.4000000000e+01, 1.2000000000e+01, 5.3733333333e-02, 7.2898800000e+03
 1500545400, 5.5000000000e+01, 2.4000000000e+01, 1.2000000000e+01, 5.0000000000e-02, 7.2899866667e+03
 1500545700, 5.5000000000e+01, 2.4000000000e+01, 1.2000000000e+01, 5.0000000000e-02, 7.2886266667e+03
 1500546000, 5.5000000000e+01, 2.4000000000e+01, 1.2000000000e+01, 5.2233333333e-02, 7.2891700000e+03
 1500546300, 5.5000000000e+01, 2.4000000000e+01, 1.2000000000e+01, 5.3733333333e-02, 7.2891733333e+03
 1500546600, 5.5000000000e+01, 2.4000000000e+01, 1.2000000000e+01, 5.0000000000e-02, 7.2888533333e+03
 1500546900, 5.5000000000e+01, 2.4000000000e+01, 1.2000000000e+01, 5.0000000000e-02, 7.2892000000e+03
 1500547200, 5.5000000000e+01, 2.4000000000e+01, 1.2000000000e+01, 5.0000000000e-02, 7.2881733333e+03
 1500547500, 5.5000000000e+01, 2.4000000000e+01, 1.2000000000e+01, 5.0000000000e-02, 7.2886000000e+03
 1500547800, 5.5000000000e+01, 2.4000000000e+01, 1.2000000000e+01, 5.0000000000e-02, 7.2893733333e+03
 1500548100, 5.8133333333e+01, 2.6506666667e+01, 1.3253333333e+01, 5.0000000000e-02, 7.2890000000e+03
 1500548400, 5.7866666667e+01, 2.6293333333e+01, 1.3146666667e+01, 5.0000000000e-02, 7.2878000000e+03
 1500548700, 5.5000000000e+01, 2.4000000000e+01, 1.2000000000e+01, 5.0000000000e-02, 7.2878000000e+03
 1500549000, 5.5000000000e+01, 2.4000000000e+01, 1.2000000000e+01, 5.4000000000e-02, 7.2876266667e+03
 1500549300, 5.5000000000e+01, 2.4000000000e+01, 1.2000000000e+01, 5.0000000000e-02, 7.2880000000e+03
 1500549600, 5.5000000000e+01, 2.4000000000e+01, 1.2000000000e+01, 5.0000000000e-02, 7.2883733333e+03
 1500549900, 5.5000000000e+01, 2.4000000000e+01, 1.2000000000e+01, 5.0000000000e-02, 7.2876000000e+03
 1500550200, 5.5000000000e+01, 2.4000000000e+01, 1.2000000000e+01, 5.4266666667e-02, 7.2879733333e+03
 1500550500, 5.5000000000e+01, 2.4000000000e+01, 1.2000000000e+01, 5.8000000000e-02, 7.2874000000e+03
 1500550800, 5.5133333333e+01, 2.4053333333e+01, 1.2053333333e+01, 5.9733333333e-02, 7.2876766667e+03
 1500551100, 6.0000000000e+01, 2.6000000000e+01, 1.4000000000e+01, 5.4000000000e-02, 7.2896000000e+03
 1500551400, 5.5866666667e+01, 2.4346666667e+01, 1.2346666667e+01, 5.0000000000e-02, 7.2879466667e+03
 1500551700, 5.5000000000e+01, 2.4000000000e+01, 1.2000000000e+01, 5.0000000000e-02, 7.2880533333e+03
 1500552000, 5.5000000000e+01, 2.4000000000e+01, 1.2000000000e+01, 5.0000000000e-02, 7.2890533333e+03
 1500552300, 5.5000000000e+01, 2.4000000000e+01, 1.2000000000e+01, 5.0000000000e-02, 7.2895466667e+03
 1500552600, 5.5000000000e+01, 2.4000000000e+01, 1.2000000000e+01, 5.0000000000e-02, 7.2892000000e+03
 1500552900, 5.5000000000e+01, 2.4000000000e+01, 1.2000000000e+01, 5.0000000000e-02, 7.2894266667e+03
 1500553200, 5.5000000000e+01, 2.4000000000e+01, 1.2000000000e+01, 5.2000000000e-02, 7.2895733333e+03
 1500553500, 5.5000000000e+01, 2.4000000000e+01, 1.2000000000e+01, 5.2000000000e-02, 7.2898000000e+03
 1500553800, 5.5000000000e+01, 2.4000000000e+01, 1.2000000000e+01, 5.0000000000e-02, 7.2902000000e+03
 1500554100, 5.5000000000e+01, 2.4000000000e+01, 1.2000000000e+01, 5.0000000000e-02, 7.2890266667e+03
 1500554400, 5.5000000000e+01, 2.4000000000e+01, 1.2000000000e+01, 5.0000000000e-02, 7.2897733333e+03
 1500554700, 5.5000000000e+01, 2.4000000000e+01, 1.2000000000e+01, 5.0000000000e-02, 7.2891733333e+03
 1500555000, 5.5000000000e+01, 2.4000000000e+01, 1.2000000000e+01, 5.0000000000e-02, 7.2896800000e+03
 1500555300, 5.5000000000e+01, 2.4000000000e+01, 1.2000000000e+01, 5.8000000000e-02, 7.2908000000e+03
 1500555600, 5.5000000000e+01, 2.4000000000e+01, 1.2000000000e+01, 5.0000000000e-02, 7.2906266667e+03
 1500555900, 5.5000000000e+01, 2.4000000000e+01, 1.2000000000e+01, 5.0000000000e-02, 7.2909466667e+03
 1500556200, 5.5000000000e+01, 2.4000000000e+01, 1.2000000000e+01, 5.2000000000e-02, 7.2908000000e+03
 1500556500, 5.5000000000e+01, 2.4000000000e+01, 1.2000000000e+01, 5.0000000000e-02, 7.2906266667e+03
 1500556800, 6.7400000000e+01, 2.8960000000e+01, 1.8613333333e+01, 5.2533333333e-02, 7.2912266667e+03
 1500557100, 6.0600000000e+01, 2.6240000000e+01, 1.4986666667e+01, 6.5733333333e-02, 7.2899466667e+03
 1500557400, 5.5000000000e+01, 2.4000000000e+01, 1.2000000000e+01, 5.8000000000e-02, 7.2894266667e+03
 1500557700, 5.5000000000e+01, 2.4000000000e+01, 1.2000000000e+01, 5.5733333333e-02, 7.2898000000e+03
 1500558000, 5.5000000000e+01, 2.4000000000e+01, 1.2000000000e+01, 5.0000000000e-02, 7.2900266667e+03
 1500558300, 5.5000000000e+01, 2.4000000000e+01, 1.2000000000e+01, 5.0000000000e-02, 7.2892266667e+03
 1500558600, 5.5000000000e+01, 2.4000000000e+01, 1.2000000000e+01, 5.0000000000e-02, 7.2899733333e+03
 1500558900, 5.5000000000e+01, 2.4000000000e+01, 1.2000000000e+01, 5.0000000000e-02, 7.2897900000e+03
 1500559200, 5.5000000000e+01, 2.4000000000e+01, 1.2000000000e+01, 5.0000000000e-02, 7.2898800000e+03
 1500559500, 5.5000000000e+01, 2.4000000000e+01, 1.2000000000e+01, 5.0000000000e-02, 7.2905733333e+03
 1500559800, 5.5000000000e+01, 2.4000000000e+01, 1.2000000000e+01, 5.0000000000e-02, 7.2904733333e+03
 1500560100, 5.5000000000e+01, 2.4000000000e+01, 1.2000000000e+01, 5.2000000000e-02, 7.2901600000e+03
 1500560400, 5.5000000000e+01, 2.4000000000e+01, 1.2000000000e+01, 5.0000000000e-02, 7.2884000000e+03
 1500560700, 5.5000000000e+01, 2.4000000000e+01, 1.2000000000e+01, 5.0000000000e-02, 7.2882000000e+03
 1500561000, 5.5000000000e+01, 2.4000000000e+01, 1.2000000000e+01, 5.2000000000e-02, 7.2888266667e+03
 1500561300, 5.5000000000e+01, 2.4000000000e+01, 1.2000000000e+01, 5.6533333333e-02, 7.2895733333e+03
 1500561600, 5.5000000000e+01, 2.4000000000e+01, 1.2000000000e+01, 7.3733333333e-02, 7.2890000000e+03
 1500561900, 5.5000000000e+01, 2.4000000000e+01, 1.2000000000e+01, 5.9733333333e-02, 7.2885733333e+03
 1500562200, 5.5000000000e+01, 2.4000000000e+01, 1.2000000000e+01, 5.2000000000e-02, 7.2890266667e+03
 1500562500, 5.5000000000e+01, 2.4000000000e+01, 1.2000000000e+01, 5.0000000000e-02, 7.2900000000e+03
 1500562800, 5.5000000000e+01, 2.4000000000e+01, 1.2000000000e+01, 5.0000000000e-02, 7.2904266667e+03
 1500563100, 5.6133333333e+01, 2.4453333333e+01, 1.2906666667e+01, 5.0000000000e-02, 7.2889733333e+03
 1500563400, 5.9866666667e+01, 2.5946666667e+01, 1.5893333333e+01, 5.0000000000e-02, 7.2871466667e+03
 1500563700, 5.5000000000e+01, 2.4000000000e+01, 1.2000000000e+01, 5.0000000000e-02, 7.2876533333e+03
 1500564000, 6.3266666667e+01, 2.8960000000e+01, 1.5306666667e+01, 5.0000000000e-02, 7.2880000000e+03
 1500564300, 5.8733333333e+01, 2.6240000000e+01, 1.3493333333e+01, 5.0000000000e-02, 7.2879733333e+03
 1500564600, 5.5000000000e+01, 2.4000000000e+01, 1.2000000000e+01, 5.1066666667e-02, 7.2882666667e+03
 1500564900, 5.7266666667e+01, 2.5360000000e+01, 1.3360000000e+01, 2.1720000000e-01, 7.2965466667e+03
 1500565200, 6.5133333333e+01, 3.0106666667e+01, 1.8053333333e+01, 4.6786666667e-01, 7.2963466667e+03
 1500565500, 7.0000000000e+01, 3.4000000000e+01, 2.0000000000e+01, 6.4173333333e-01, 7.2960533333e+03
 1500565800, 7.0000000000e+01, 3.2346666667e+01, 2.0000000000e+01, 1.9632000000e+00, 8.0020400000e+03
 1500566100, 6.6866666667e+01, 2.9493333333e+01, 2.0000000000e+01, 3.6553333333e+00, 7.5595866667e+03
 1500566400, 1.6100000000e+02, 1.2016000000e+02, 2.3413333333e+01, 5.5985333333e+00, 7.9747733333e+03
 1500566700, 2.9906666667e+02, 2.4672000000e+02, 3.3893333333e+01, 6.2962666667e+00, 8.2318400000e+03
 1500567000, 3.2973333333e+02, 2.5573333333e+02, 5.4000000000e+01, 6.6230666667e+00, 7.5655733333e+03
 1500567300, 3.2000000000e+02, 2.4600000000e+02, 5.4000000000e+01, 7.6898666667e+00, 7.9801466667e+03
 1500567600, 1.0920000000e+02, 6.5786666667e+01, 2.2586666667e+01, 7.5850666667e+00, 8.2340733333e+03
 1500567900, 5.8733333333e+01, 2.6746666667e+01, 1.3493333333e+01, 7.6317333333e+00, 7.7879200000e+03
 1500568200, 1.1900000000e+02, 8.1466666667e+01, 1.8826666667e+01, 8.7089333333e+00, 7.7434533333e+03
 1500568500, 2.3333333333e+02, 1.7821333333e+02, 3.4346666667e+01, 8.1762666667e+00, 8.0344400000e+03
 1500568800, 3.2280000000e+02, 2.4797333333e+02, 5.4880000000e+01, 8.4806666667e+00, 7.5403333333e+03
 1500569100, 6.0000000000e+01, 2.8000000000e+01, 1.4000000000e+01, 8.7413333333e+00, 8.0109200000e+03
 1500569400, 1.5506666667e+02, 1.1066666667e+02, 2.3920000000e+01, 8.5382666667e+00, 7.6830533333e+03
 1500569700, 1.8753333333e+02, 1.4053333333e+02, 2.6000000000e+01, 8.6709333333e+00, 3.6320666667e+04
 1500570000, 1.9500000000e+02, 1.4800000000e+02, 2.6000000000e+01, 8.7681333333e+00, 4.2381253333e+04
 1500570300, 1.9500000000e+02, 1.4800000000e+02, 2.6000000000e+01, 8.8396000000e+00, 4.2382600000e+04
 1500570600, 1.9500000000e+02, 1.4800000000e+02, 2.6000000000e+01, 8.8870666667e+00, 4.2382600000e+04
 1500570900, 1.9500000000e+02, 1.4800000000e+02, 2.6000000000e+01, 8.9228000000e+00, 4.2383053333e+04
 1500571200, 1.8260000000e+02, 1.3808000000e+02, 2.6000000000e+01, 8.9321333333e+00, 4.3206693333e+04
 1500571500, 1.9253333333e+02, 1.4477333333e+02, 2.7253333333e+01, 8.6617333333e+00, 5.0708333333e+04
 1500571800, 2.0000000000e+02, 1.5085333333e+02, 2.8000000000e+01, 8.1532000000e+00, 5.2540226667e+04
 1500572100, 2.0000000000e+02, 1.5200000000e+02, 2.8000000000e+01, 7.5690666667e+00, 5.2490200000e+04
 1500572400, 2.0000000000e+02, 1.5200000000e+02, 2.8000000000e+01, 7.2753333333e+00, 5.2490573333e+04
 1500572700, 2.0000000000e+02, 1.5200000000e+02, 2.8000000000e+01, 7.0040000000e+00, 5.2490453333e+04
 1500573000, 2.0000000000e+02, 1.5200000000e+02, 2.8000000000e+01, 6.7905333333e+00, 5.2540973333e+04
 1500573300, 2.0313333333e+02, 1.5450666667e+02, 2.8000000000e+01, 6.8501333333e+00, 5.2534333333e+04
 1500573600, 2.0286666667e+02, 1.5429333333e+02, 2.8000000000e+01, 6.9358666667e+00, 4.3457093333e+04
 1500573900, 1.7166666667e+02, 1.2480000000e+02, 2.6640000000e+01, 6.2625333333e+00, 7.3353866667e+03
 1500574200, 7.8066666667e+01, 3.4933333333e+01, 2.2106666667e+01, 6.2137333333e+00, 7.6460400000e+03
 1500574500, 1.9000000000e+02, 1.4200000000e+02, 2.6000000000e+01, 6.9850666667e+00, 3.5857933333e+04
 1500574800, 1.9413333333e+02, 1.5026666667e+02, 2.6000000000e+01, 7.5482666667e+00, 4.2371800000e+04
 1500575100, 1.9500000000e+02, 1.4949333333e+02, 2.6000000000e+01, 7.9466666667e+00, 4.2371973333e+04
 1500575400, 1.9286666667e+02, 1.4714666667e+02, 2.6000000000e+01, 8.0500000000e+00, 4.2360773333e+04
 1500575700, 1.9000000000e+02, 1.4600000000e+02, 2.6000000000e+01, 8.0520000000e+00, 4.2361626667e+04
 1500576000, 1.8973333333e+02, 1.4573333333e+02, 2.6000000000e+01, 8.0500000000e+00, 4.2362653333e+04
 1500576300, 1.8000000000e+02, 1.3600000000e+02, 2.6000000000e+01, 8.0362666667e+00, 4.6365266667e+04
 1500576600, 8.4933333333e+01, 4.8373333333e+01, 2.1040000000e+01, 8.0733333333e+00, 4.7206053333e+04
 1500576900, 6.5000000000e+01, 3.0000000000e+01, 1.7493333333e+01, 8.1168000000e+00, 4.7207026667e+04
 1500577200, 8.2066666667e+01, 4.2800000000e+01, 1.9413333333e+01, 8.1226666667e+00, 4.7146626667e+04
 1500577500, 1.0613333333e+02, 6.1360000000e+01, 2.4000000000e+01, 8.1025333333e+00, 5.2262600000e+04
 1500577800, 1.0893333333e+02, 6.5146666667e+01, 2.3893333333e+01, 8.1245333333e+00, 5.2264800000e+04
 1500578100, 7.0000000000e+01, 3.4000000000e+01, 2.0000000000e+01, 8.0849333333e+00, 5.2269533333e+04
 1500578400, 1.6506666667e+02, 1.1997333333e+02, 2.6613333333e+01, 7.7836000000e+00, 5.2454893333e+04
 1500578700, 1.9126666667e+02, 1.4552000000e+02, 2.8000000000e+01, 7.3814666667e+00, 5.2505426667e+04
 1500579000, 1.9500000000e+02, 1.5000000000e+02, 2.8000000000e+01, 7.1005333333e+00, 5.2457346667e+04
 1500579300, 1.9273333333e+02, 1.4818666667e+02, 2.7546666667e+01, 6.8774666667e+00, 5.2504306667e+04
 1500579600, 1.8526666667e+02, 1.4221333333e+02, 2.6053333333e+01, 6.7562666667e+00, 5.2491773333e+04
 1500579900, 1.9500000000e+02, 1.5000000000e+02, 2.8000000000e+01, 6.6516000000e+00, 5.2506373333e+04
 1500580200, 1.9500000000e+02, 1.5000000000e+02, 2.8000000000e+01, 6.4946666667e+00, 5.2506573333e+04
 1500580500, 1.9813333333e+02, 1.5000000000e+02, 2.8000000000e+01, 6.4949333333e+00, 5.2506653333e+04
 1500580800, 1.9146666667e+02, 1.4317333333e+02, 2.7146666667e+01, 6.6224000000e+00, 1.5857733333e+04
 1500581100, 1.8226666667e+02, 1.3672000000e+02, 2.6000000000e+01, 6.9965333333e+00, 2.2321533333e+04
 1500581400, 1.9013333333e+02, 1.4605333333e+02, 2.6000000000e+01, 7.2889333333e+00, 4.2360346667e+04
 1500581700, 1.9500000000e+02, 1.4800000000e+02, 2.6000000000e+01, 7.5085333333e+00, 4.2360053333e+04
 1500582000, 1.9500000000e+02, 1.4800000000e+02, 2.6000000000e+01, 7.6592000000e+00, 4.2360600000e+04
 1500582300, 1.9500000000e+02, 1.4800000000e+02, 2.6000000000e+01, 7.7538666667e+00, 4.2360600000e+04
 1500582600, 1.8860000000e+02, 1.4288000000e+02, 2.6000000000e+01, 7.8258666667e+00, 4.2361626667e+04
 1500582900, 1.5733333333e+02, 1.1378666667e+02, 2.5546666667e+01, 7.8616000000e+00, 4.4428093333e+04
 1500583200, 8.3066666667e+01, 4.0880000000e+01, 2.4106666667e+01, 7.9192000000e+00, 5.1439933333e+04
 1500583500, 1.9500000000e+02, 1.4600000000e+02, 2.8000000000e+01, 7.5440000000e+00, 5.2504226667e+04
 1500583800, 1.9500000000e+02, 1.4930666667e+02, 2.8000000000e+01, 7.1552000000e+00, 5.2505800000e+04
 1500584100, 1.9500000000e+02, 1.5000000000e+02, 2.8000000000e+01, 6.8796000000e+00, 5.2499706667e+04
 1500584400, 1.9500000000e+02, 1.5000000000e+02, 2.8000000000e+01, 6.7032000000e+00, 5.2463346667e+04
 1500584700, 1.9500000000e+02, 1.5000000000e+02, 2.8000000000e+01, 6.5493333333e+00, 5.2457546667e+04
 1500585000, 1.9500000000e+02, 1.5000000000e+02, 2.8000000000e+01, 6.5990666667e+00, 5.2503826667e+04
 1500585300, 1.9500000000e+02, 1.5000000000e+02, 2.8000000000e+01, 6.3442666667e+00, 5.2504200000e+04
 1500585600, 1.9913333333e+02, 1.5000000000e+02, 2.8000000000e+01, 6.4242666667e+00, 5.2453826667e+04
 1500585900, 1.8746666667e+02, 1.4122666667e+02, 2.6746666667e+01, 6.6849333333e+00, 1.5857186667e+04
 1500586200, 1.8426666667e+02, 1.4026666667e+02, 2.6000000000e+01, 7.0482666667e+00, 2.2327506667e+04
 1500586500, 1.9113333333e+02, 1.4645333333e+02, 2.6000000000e+01, 7.3218666667e+00, 4.2377200000e+04
 1500586800, 1.9500000000e+02, 1.4800000000e+02, 2.6000000000e+01, 7.5145333333e+00, 4.2376773333e+04
 1500587100, 1.9500000000e+02, 1.4800000000e+02, 2.6000000000e+01, 7.6566666667e+00, 4.2377880000e+04
 1500587400, 1.9500000000e+02, 1.4800000000e+02, 2.6000000000e+01, 7.7586666667e+00, 4.2378400000e+04
 1500587700, 1.8560000000e+02, 1.4048000000e+02, 2.6000000000e+01, 7.8330666667e+00, 4.2507480000e+04
 1500588000, 1.4800000000e+02, 1.0357333333e+02, 2.6000000000e+01, 7.7392000000e+00, 5.1541706667e+04
 1500588300, 1.2540000000e+02, 7.9946666667e+01, 2.6453333333e+01, 7.3921333333e+00, 5.2510426667e+04
 1500588600, 1.9500000000e+02, 1.4800000000e+02, 2.8000000000e+01, 6.9996000000e+00, 5.2510320000e+04
 1500588900, 1.9500000000e+02, 1.4800000000e+02, 2.8000000000e+01, 6.7398666667e+00, 5.2509306667e+04
 1500589200, 1.9500000000e+02, 1.4965333333e+02, 2.8000000000e+01, 6.6777333333e+00, 5.2512053333e+04
 1500589500, 1.8560000000e+02, 1.4122666667e+02, 2.6746666667e+01, 6.6726666667e+00, 5.2512173333e+04
 1500589800, 1.8000000000e+02, 1.3600000000e+02, 2.6000000000e+01, 6.6561333333e+00, 2.4881000000e+04
 1500590100, 1.8226666667e+02, 1.3781333333e+02, 2.6000000000e+01, 6.9965333333e+00, 8.3404800000e+03
 1500590400, 1.9000000000e+02, 1.4405333333e+02, 2.6000000000e+01, 7.2741333333e+00, 4.2374946667e+04
 1500590700, 1.9000000000e+02, 1.4600000000e+02, 2.6000000000e+01, 7.4808000000e+00, 4.2373746667e+04
 1500591000, 1.9000000000e+02, 1.4600000000e+02, 2.6000000000e+01, 7.6352000000e+00, 4.2373306667e+04
 1500591300, 1.9000000000e+02, 1.4600000000e+02, 2.6000000000e+01, 7.7361333333e+00, 4.2377626667e+04
 1500591600, 1.9000000000e+02, 1.4600000000e+02, 2.6000000000e+01, 7.8098666667e+00, 4.2378600000e+04
 1500591900, 1.8773333333e+02, 1.4373333333e+02, 2.6000000000e+01, 7.8528000000e+00, 4.3608280000e+04
 1500592200, 1.8040000000e+02, 1.3632000000e+02, 2.6053333333e+01, 7.5105333333e+00, 5.2465400000e+04
 1500592500, 1.9500000000e+02, 1.4800000000e+02, 2.8000000000e+01, 7.1238666667e+00, 5.2506626667e+04
 1500592800, 1.9500000000e+02, 1.4800000000e+02, 2.8000000000e+01, 6.8345333333e+00, 5.2507826667e+04
 1500593100, 1.9500000000e+02, 1.4925333333e+02, 2.8000000000e+01, 6.6824000000e+00, 5.2461200000e+04
 1500593400, 1.9500000000e+02, 1.4914666667e+02, 2.8000000000e+01, 6.5448000000e+00, 5.2509800000e+04
 1500593700, 1.9500000000e+02, 1.4800000000e+02, 2.8000000000e+01, 6.4889333333e+00, 5.2492600000e+04
 1500594000, 1.9500000000e+02, 1.4800000000e+02, 2.8000000000e+01, 6.2868666667e+00, 5.2488626667e+04
 1500594300, 1.9500000000e+02, 1.4800000000e+02, 2.8000000000e+01, 6.1280000000e+00, 5.2509600000e+04
 1500594600, 1.9500000000e+02, 1.4800000000e+02, 2.8000000000e+01, 5.6982666667e+00, 1.5521680000e+04
 1500594900, 1.0726666667e+02, 7.0293333333e+01, 1.7973333333e+01, 4.2445333333e+00, 7.2871733333e+03
 1500595200, 5.5000000000e+01, 2.4000000000e+01, 1.2000000000e+01, 3.0804000000e+00, 7.2879333333e+03
 1500595500, 5.5000000000e+01, 2.4000000000e+01, 1.2000000000e+01, 2.2538666667e+00, 7.2888933333e+03
 1500595800, 5.5000000000e+01, 2.4000000000e+01, 1.2000000000e+01, 1.6570000000e+00, 7.2898800000e+03
 1500596100, 5.5000000000e+01, 2.4000000000e+01, 1.2000000000e+01, 1.2177666667e+00, 7.2916466667e+03
 1500596400, 5.5000000000e+01, 2.4000000000e+01, 1.2000000000e+01, 8.9280000000e-01, 7.2915733333e+03
 1500596700, 5.5000000000e+01, 2.4000000000e+01, 1.2000000000e+01, 6.5493333333e-01, 7.2902266667e+03
 1500597000, 5.5000000000e+01, 2.4000000000e+01, 1.2000000000e+01, 4.8426666667e-01, 7.2914533333e+03
 1500597300, 5.5000000000e+01, 2.4000000000e+01, 1.2000000000e+01, 3.6333333333e-01, 7.2916000000e+03
 1500597600, 5.5000000000e+01, 2.4000000000e+01, 1.2000000000e+01, 2.7386666667e-01, 7.2918000000e+03
 1500597900, 5.5000000000e+01, 2.4000000000e+01, 1.2000000000e+01, 2.0870000000e-01, 7.2913966667e+03
 1500598200, 5.5000000000e+01, 2.4000000000e+01, 1.2000000000e+01, 1.6526666667e-01, 7.2907800000e+03
 1500598500, 5.5000000000e+01, 2.4000000000e+01, 1.2000000000e+01, 1.3293333333e-01, 7.2914000000e+03
 1500598800, 5.5000000000e+01, 2.4000000000e+01, 1.2000000000e+01, 1.0600000000e-01, 7.2914000000e+03
 1500599100, 5.5000000000e+01, 2.4000000000e+01, 1.2000000000e+01, 1.0973333333e-01, 7.2922000000e+03
 1500599400, 5.5000000000e+01, 2.4000000000e+01, 1.2000000000e+01, 9.5666666667e-02, 7.2926433333e+03
 1500599700, 5.5000000000e+01, 2.4000000000e+01, 1.2000000000e+01, 7.3733333333e-02, 7.2917766667e+03
 1500600000, 5.5000000000e+01, 2.4000000000e+01, 1.2000000000e+01, 5.9466666667e-02, 7.2912266667e+03
 1500600300, 5.5000000000e+01, 2.4000000000e+01, 1.2000000000e+01, 5.0000000000e-02, 7.2911733333e+03
 1500600600, 5.5000000000e+01, 2.4000000000e+01, 1.2000000000e+01, 5.0000000000e-02, 7.2914266667e+03
 1500600900, 5.5000000000e+01, 2.4000000000e+01, 1.2000000000e+01, 5.6000000000e-02, 7.2915733333e+03
 1500601200, 5.5000000000e+01, 2.4000000000e+01, 1.2000000000e+01, 5.0000000000e-02, 7.2918266667e+03
 1500601500, 5.5000000000e+01, 2.4000000000e+01, 1.2000000000e+01, 5.2000000000e-02, 7.2926266667e+03
 1500601800, 5.5000000000e+01, 2.4000000000e+01, 1.2000000000e+01, 5.0266666667e-02, 7.2928000000e+03
 1500602100, 5.5000000000e+01, 2.4000000000e+01, 1.2000000000e+01, 5.5733333333e-02, 7.2925733333e+03
 1500602400, 5.5000000000e+01, 2.4000000000e+01, 1.2000000000e+01, 5.0000000000e-02, 7.2912266667e+03
 1500602700, 5.5000000000e+01, 2.4000000000e+01, 1.2000000000e+01, 5.0000000000e-02, 7.2916000000e+03
 1500603000, 5.5000000000e+01, 2.4000000000e+01, 1.2000000000e+01, 5.2000000000e-02, 7.2918000000e+03
 1500603300, 5.5000000000e+01, 2.4000000000e+01, 1.2000000000e+01, 5.0000000000e-02, 7.2918000000e+03
 1500603600, 5.5000000000e+01, 2.4000000000e+01, 1.2000000000e+01, 5.0266666667e-02, 7.2918000000e+03
 1500603900, 5.5000000000e+01, 2.4000000000e+01, 1.2000000000e+01, 5.1733333333e-02, 7.2920266667e+03
 1500604200, 5.5000000000e+01, 2.4000000000e+01, 1.2000000000e+01, 5.0000000000e-02, 7.2924266667e+03
 1500604500, 5.5000000000e+01, 2.4000000000e+01, 1.2000000000e+01, 5.0266666667e-02, 7.2923733333e+03
 1500604800, 5.5000000000e+01, 2.4000000000e+01, 1.2000000000e+01, 5.1733333333e-02, 7.2926266667e+03
 1500605100, 5.5000000000e+01, 2.4000000000e+01, 1.2000000000e+01, 5.0266666667e-02, 7.2918533333e+03
 1500605400, 5.5000000000e+01, 2.4000000000e+01, 1.2000000000e+01, 5.3733333333e-02, 7.2922400000e+03
 1500605700, 5.5000000000e+01, 2.4000000000e+01, 1.2000000000e+01, 5.0000000000e-02, 7.2911566667e+03
 1500606000, 5.5000000000e+01, 2.4000000000e+01, 1.2000000000e+01, 5.0000000000e-02, 7.2906266667e+03
 1500606300, 5.5000000000e+01, 2.4000000000e+01, 1.2000000000e+01, 5.0000000000e-02, 7.2909733333e+03
 1500606600, 5.5000000000e+01, 2.4000000000e+01, 1.2000000000e+01, 5.0000000000e-02, 7.2912266667e+03
 1500606900, 5.5000000000e+01, 2.4000000000e+01, 1.2000000000e+01, 5.4000000000e-02, 7.2916000000e+03
 1500607200, 5.5000000000e+01, 2.4000000000e+01, 1.2000000000e+01, 5.2266666667e-02, 7.2908000000e+03
 1500607500, 5.5000000000e+01, 2.4000000000e+01, 1.2000000000e+01, 5.3733333333e-02, 7.2911733333e+03
 1500607800, 5.5000000000e+01, 2.4000000000e+01, 1.2000000000e+01, 5.0000000000e-02, 7.2908266667e+03
 1500608100, 5.5000000000e+01, 2.4000000000e+01, 1.2000000000e+01, 5.4000000000e-02, 7.2913733333e+03
 1500608400, 5.5000000000e+01, 2.4000000000e+01, 1.2000000000e+01, 5.0000000000e-02, 7.2920000000e+03
 1500608700, 5.5000000000e+01, 2.4000000000e+01, 1.2000000000e+01, 5.0000000000e-02, 7.2904000000e+03
 1500609000, 5.5000000000e+01, 2.4000000000e+01, 1.2000000000e+01, 5.0000000000e-02, 7.2908533333e+03
 1500609300, 5.5000000000e+01, 2.4000000000e+01, 1.2000000000e+01, 5.0000000000e-02, 7.2911733333e+03
 1500609600, 5.5000000000e+01, 2.4000000000e+01, 1.2000000000e+01, 5.0000000000e-02, 7.2916000000e+03
 1500609900, 5.5000000000e+01, 2.4000000000e+01, 1.2000000000e+01, 5.0000000000e-02, 7.2912000000e+03
 1500610200, 5.5000000000e+01, 2.4000000000e+01, 1.2000000000e+01, 5.0000000000e-02, 7.2905733333e+03
 1500610500, 5.5000000000e+01, 2.4000000000e+01, 1.2000000000e+01, 5.0000000000e-02, 7.2911733333e+03
 1500610800, 5.5000000000e+01, 2.4000000000e+01, 1.2000000000e+01, 5.0000000000e-02, 7.2908000000e+03
 1500611100, 5.5000000000e+01, 2.4000000000e+01, 1.2000000000e+01, 5.0000000000e-02, 7.2906000000e+03
 1500611400, 5.5000000000e+01, 2.4000000000e+01, 1.2000000000e+01, 5.4533333333e-02, 7.2894000000e+03
 1500611700, 5.5000000000e+01, 2.4000000000e+01, 1.2000000000e+01, 6.8000000000e-02, 7.2894000000e+03
 1500612000, 5.5000000000e+01, 2.4000000000e+01, 1.2000000000e+01, 5.9466666667e-02, 7.2894266667e+03
 1500612300, 5.5000000000e+01, 2.4000000000e+01, 1.2000000000e+01, 5.0000000000e-02, 7.2906000000e+03
 1500612600, 5.5000000000e+01, 2.4000000000e+01, 1.2000000000e+01, 5.0000000000e-02, 7.2914000000e+03
 1500612900, 5.5000000000e+01, 2.4000000000e+01, 1.2000000000e+01, 5.0000000000e-02, 7.2910266667e+03
 1500613200, 5.5000000000e+01, 2.4000000000e+01, 1.2000000000e+01, 5.2266666667e-02, 7.2911733333e+03
 1500613500, 5.5000000000e+01, 2.4000000000e+01, 1.2000000000e+01, 5.1733333333e-02, 7.2912266667e+03
 1500613800, 5.5000000000e+01, 2.4000000000e+01, 1.2000000000e+01, 5.0000000000e-02, 7.2918266667e+03
 1500614100, 5.5000000000e+01, 2.4000000000e+01, 1.2000000000e+01, 5.0000000000e-02, 7.2922000000e+03
 1500614400, 5.5000000000e+01, 2.4000000000e+01, 1.2000000000e+01, 5.0000000000e-02, 7.2918000000e+03
 1500614700, 5.5000000000e+01, 2.4000000000e+01, 1.2000000000e+01, 5.0000000000e-02, 7.2914000000e+03
 1500615000, 5.5000000000e+01, 2.4000000000e+01, 1.2000000000e+01, 5.0000000000e-02, 7.2924000000e+03
 1500615300, 5.5000000000e+01, 2.4000000000e+01, 1.2000000000e+01, 5.0000000000e-02, 7.2922000000e+03
 1500615600, 5.5000000000e+01, 2.4000000000e+01, 1.2000000000e+01, 5.0000000000e-02, 7.2917733333e+03
 1500615900, 5.5000000000e+01, 2.4000000000e+01, 1.2000000000e+01, 5.0000000000e-02, 7.2912533333e+03
 1500616200, 5.5000000000e+01, 2.4000000000e+01, 1.2000000000e+01, 5.2000000000e-02, 7.2923733333e+03
 1500616500, 5.5000000000e+01, 2.4000000000e+01, 1.2000000000e+01, 5.0000000000e-02, 7.2911733333e+03
 1500616800, 5.5000000000e+01, 2.4000000000e+01, 1.2000000000e+01, 5.0000000000e-02, 7.2927333333e+03
 1500617100, 5.5000000000e+01, 2.4000000000e+01, 1.2000000000e+01, 5.0000000000e-02, 7.2924666667e+03
 1500617400, 5.5000000000e+01, 2.4000000000e+01, 1.2000000000e+01, 5.0000000000e-02, 7.2900533333e+03
 1500617700, 5.5000000000e+01, 2.4000000000e+01, 1.2000000000e+01, 5.4266666667e-02, 7.2920000000e+03
 1500618000, 5.5000000000e+01, 2.4000000000e+01, 1.2000000000e+01, 5.5733333333e-02, 7.2916266667e+03
 1500618300, 5.5000000000e+01, 2.4000000000e+01, 1.2000000000e+01, 5.0000000000e-02, 7.2917733333e+03
 1500618600, 5.5000000000e+01, 2.4000000000e+01, 1.2000000000e+01, 5.0000000000e-02, 7.2914533333e+03
 1500618900, 5.5000000000e+01, 2.4000000000e+01, 1.2000000000e+01, 5.0000000000e-02, 7.2926266667e+03
 1500619200, 5.5000000000e+01, 2.4000000000e+01, 1.2000000000e+01, 5.0266666667e-02, 7.2928000000e+03
 1500619500, 5.5000000000e+01, 2.4000000000e+01, 1.2000000000e+01, 6.2000000000e-02, 7.2930266667e+03
 1500619800, 5.9133333333e+01, 2.5653333333e+01, 1.3653333333e+01, 6.6266666667e-02, 7.2932000000e+03
 1500620100, 5.6866666667e+01, 2.4746666667e+01, 1.2746666667e+01, 6.1466666667e-02, 7.2924933333e+03
 1500620400, 5.5000000000e+01, 2.4000000000e+01, 1.2000000000e+01, 5.0000000000e-02, 7.2915466667e+03
 1500620700, 5.5000000000e+01, 2.4000000000e+01, 1.2000000000e+01, 5.0000000000e-02, 7.2918000000e+03
 1500621000, 5.5000000000e+01, 2.4000000000e+01, 1.2000000000e+01, 5.0000000000e-02, 7.2912000000e+03
 1500621300, 5.5000000000e+01, 2.4000000000e+01, 1.2000000000e+01, 5.0000000000e-02, 7.2914266667e+03
 1500621600, 5.5000000000e+01, 2.4000000000e+01, 1.2000000000e+01, 5.0000000000e-02, 7.2921733333e+03
 1500621900, 5.5000000000e+01, 2.4000000000e+01, 1.2000000000e+01, 5.0000000000e-02, 7.2922266667e+03
 1500622200, 5.5000000000e+01, 2.4000000000e+01, 1.2000000000e+01, 5.0000000000e-02, 7.2923733333e+03
 1500622500, 5.5000000000e+01, 2.4000000000e+01, 1.2000000000e+01, 5.0000000000e-02, 7.2918000000e+03
 1500622800, 5.5000000000e+01, 2.4000000000e+01, 1.2000000000e+01, 5.0000000000e-02, 7.2926000000e+03
 1500623100, 5.5000000000e+01, 2.4000000000e+01, 1.2000000000e+01, 5.0000000000e-02, 7.2910000000e+03
 1500623400, 5.5000000000e+01, 2.4000000000e+01, 1.2000000000e+01, 5.0000000000e-02, 7.2914000000e+03
 1500623700, 5.5000000000e+01, 2.4000000000e+01, 1.2000000000e+01, 5.2000000000e-02, 7.2920266667e+03
 1500624000, 5.5000000000e+01, 2.4000000000e+01, 1.2000000000e+01, 5.4000000000e-02, 7.2919733333e+03
 1500624300, 5.5000000000e+01, 2.4000000000e+01, 1.2000000000e+01, 5.0000000000e-02, 7.2920000000e+03
 1500624600, 5.5000000000e+01, 2.4000000000e+01, 1.2000000000e+01, 5.0000000000e-02, 7.2920533333e+03
 1500624900, 5.5000000000e+01, 2.4000000000e+01, 1.2000000000e+01, 5.0000000000e-02, 7.2925733333e+03
 1500625200, 5.5000000000e+01, 2.4000000000e+01, 1.2000000000e+01, 5.0000000000e-02, 7.2925833333e+03
 1500625500, 5.5000000000e+01, 2.4000000000e+01, 1.2000000000e+01, 5.6266666667e-02, 7.2926533333e+03
 1500625800, 5.7133333333e+01, 2.4853333333e+01, 1.2853333333e+01, 6.0000000000e-02, 7.2927200000e+03
 1500626100, 5.8866666667e+01, 2.5546666667e+01, 1.3546666667e+01, 5.5766666667e-02, 7.2910233333e+03
 1500626400, 5.5000000000e+01, 2.4000000000e+01, 1.2000000000e+01, 5.0000000000e-02, 7.2909733333e+03
 1500626700, 5.5000000000e+01, 2.4000000000e+01, 1.2000000000e+01, 5.0000000000e-02, 7.2902000000e+03
 1500627000, 5.5000000000e+01, 2.4000000000e+01, 1.2000000000e+01, 5.0000000000e-02, 7.2908000000e+03
 1500627300, 5.5000000000e+01, 2.4000000000e+01, 1.2000000000e+01, 5.0000000000e-02, 7.2906266667e+03
 1500627600, 5.5000000000e+01, 2.4000000000e+01, 1.2000000000e+01, 5.0000000000e-02, 7.2918100000e+03
 1500627900, 5.5000000000e+01, 2.4000000000e+01, 1.2000000000e+01, 5.0000000000e-02, 7.2916033333e+03
 1500628200, 5.5000000000e+01, 2.4000000000e+01, 1.2000000000e+01, 5.0000000000e-02, 7.2918000000e+03
 1500628500, 5.5000000000e+01, 2.4000000000e+01, 1.2000000000e+01, 5.0000000000e-02, 7.2913733333e+03
 1500628800, 5.5000000000e+01, 2.4000000000e+01, 1.2000000000e+01, 5.0000000000e-02, 7.2925733333e+03
 1500629100, 5.5000000000e+01, 2.4000000000e+01, 1.2000000000e+01, 5.0000000000e-02, 7.2898533333e+03
 1500629400, 5.5000000000e+01, 2.4000000000e+01, 1.2000000000e+01, 5.0000000000e-02, 7.2916000000e+03
 1500629700, 5.5000000000e+01, 2.4000000000e+01, 1.2000000000e+01, 5.0000000000e-02, 7.2918000000e+03
 1500630000, 5.5000000000e+01, 2.4000000000e+01, 1.2000000000e+01, 5.0000000000e-02, 7.2920266667e+03
 1500630300, 5.5000000000e+01, 2.4000000000e+01, 1.2000000000e+01, 5.8266666667e-02, 7.2915466667e+03
 1500630600, 5.5000000000e+01, 2.4000000000e+01, 1.2000000000e+01, 5.1733333333e-02, 7.2908533333e+03
 1500630900, 6.4400000000e+01, 2.7760000000e+01, 1.7013333333e+01, 5.0000000000e-02, 7.2918000000e+03
 1500631200, 6.3600000000e+01, 2.7440000000e+01, 1.6586666667e+01, 5.0000000000e-02, 7.2911733333e+03
 1500631500, 5.3866666667e+01, 2.4000000000e+01, 1.2000000000e+01, 5.2000000000e-02, 7.2914000000e+03
 1500631800, 5.0133333333e+01, -nan, 1.2000000000e+01, 5.0000000000e-02, 7.2910266667e+03
 1500632100, 5.5000000000e+01, -nan, 1.2000000000e+01, 5.4000000000e-02, 7.2910000000e+03
 1500632400, 5.5000000000e+01, -nan, -nan, 5.4000000000e-02, 7.2906533333e+03
 1500632700, -nan, -nan, -nan, 5.0000000000e-02, 7.2919733333e+03
 1500633000, -nan, -nan, -nan, 5.0000000000e-02, 7.2914000000e+03
 1500633300, -nan, -nan, -nan, 5.0000000000e-02, 7.2912000000e+03
 1500633600, -nan, -nan, -nan, 5.0000000000e-02, 7.2912533333e+03
 1500633900, -nan, -nan, -nan, -nan, 7.2920266667e+03
 1500634200, -nan, -nan, -nan, -nan, 7.2917966667e+03
 1500634500, -nan, -nan, -nan, -nan, -nan
 1500634800, -nan, -nan, -nan, -nan, -nan
