 Time, ttl_pwr, cpu_pwr, mem_pwr, cpu_load, mem_load
 1500441000, 5,5000000000e+01, 2,6000000000e+01, 1,2000000000e+01, 5,0000000000e-02, 7,1158900000e+03
 1500441300, 5,5000000000e+01, 2,6000000000e+01, 1,2000000000e+01, 5,2000000000e-02, 7,1163100000e+03
 1500441600, 5,8550000000e+01, 2,8840000000e+01, 1,3420000000e+01, 5,6000000000e-02, 7,1164900000e+03
 1500441900, 5,7450000000e+01, 2,6940000000e+01, 1,2980000000e+01, 5,0000000000e-02, 7,1170000000e+03
 1500442200, 5,5000000000e+01, 2,4620000000e+01, 1,2000000000e+01, 5,0000000000e-02, 7,1156200000e+03
 1500442500, 5,5000000000e+01, 2,6000000000e+01, 1,2000000000e+01, 5,0000000000e-02, 7,1157800000e+03
 1500442800, 5,5000000000e+01, 2,6000000000e+01, 1,2000000000e+01, 5,0000000000e-02, 7,1161100000e+03
 1500443100, 5,5000000000e+01, 2,6000000000e+01, 1,2000000000e+01, 5,0000000000e-02, 7,1150866667e+03
 1500443400, 5,5000000000e+01, 2,4580000000e+01, 1,2000000000e+01, 5,0000000000e-02, 7,1159100000e+03
 1500443700, 5,5000000000e+01, 2,5020000000e+01, 1,2000000000e+01, 5,0000000000e-02, 7,1162000000e+03
 1500444000, 5,5000000000e+01, 2,6000000000e+01, 1,2000000000e+01, 5,0000000000e-02, 7,1177100000e+03
 1500444300, 5,5000000000e+01, 2,5780000000e+01, 1,2000000000e+01, 5,2000000000e-02, 7,1170900000e+03
 1500444600, 5,5000000000e+01, 2,4000000000e+01, 1,2000000000e+01, 5,0000000000e-02, 7,1174900000e+03
 1500444900, 5,5000000000e+01, 2,5820000000e+01, 1,2000000000e+01, 5,0000000000e-02, 7,1164200000e+03
 1500445200, 5,5000000000e+01, 2,6000000000e+01, 1,2000000000e+01, 5,0000000000e-02, 7,1162900000e+03
 1500445500, 5,5000000000e+01, 2,4980000000e+01, 1,2000000000e+01, 5,0000000000e-02, 7,1167100000e+03
 1500445800, 5,5000000000e+01, 2,4620000000e+01, 1,2000000000e+01, 5,2000000000e-02, 7,1170900000e+03
 1500446100, 5,5000000000e+01, 2,6000000000e+01, 1,2000000000e+01, 5,0000000000e-02, 7,1158000000e+03
 1500446400, 5,5000000000e+01, 2,6000000000e+01, 1,2000000000e+01, 5,0000000000e-02, 7,1158000000e+03
 1500446700, 5,5000000000e+01, 2,6000000000e+01, 1,2000000000e+01, 5,2000000000e-02, 7,1162900000e+03
 1500447000, 5,5000000000e+01, 2,6000000000e+01, 1,2000000000e+01, 5,0000000000e-02, 7,1170200000e+03
 1500447300, 5,5000000000e+01, 2,6000000000e+01, 1,2000000000e+01, 5,2000000000e-02, 7,1168900000e+03
 1500447600, 5,6550000000e+01, 2,6620000000e+01, 1,3240000000e+01, 5,0000000000e-02, 7,1172000000e+03
 1500447900, 5,9450000000e+01, 2,7780000000e+01, 1,5560000000e+01, 5,6000000000e-02, 7,1156200000e+03
 1500448200, 5,5000000000e+01, 2,6000000000e+01, 1,2000000000e+01, 5,0000000000e-02, 7,1170900000e+03
 1500448500, 5,5000000000e+01, 2,6000000000e+01, 1,2000000000e+01, 5,2000000000e-02, 7,1164000000e+03
 1500448800, 5,5000000000e+01, 2,6000000000e+01, 1,2000000000e+01, 5,0000000000e-02, 7,1166900000e+03
 1500449100, 5,5000000000e+01, 2,6000000000e+01, 1,2000000000e+01, 5,0000000000e-02, 7,1166000000e+03
 1500449400, 5,5000000000e+01, 2,5380000000e+01, 1,2000000000e+01, 5,0000000000e-02, 7,1164200000e+03
 1500449700, 5,5000000000e+01, 2,4220000000e+01, 1,2000000000e+01, 5,0000000000e-02, 7,1166900000e+03
 1500450000, 5,5000000000e+01, 2,6000000000e+01, 1,2000000000e+01, 5,0000000000e-02, 7,1174000000e+03
 1500450300, 5,5000000000e+01, 2,6000000000e+01, 1,2000000000e+01, 5,0000000000e-02, 7,1177100000e+03
 1500450600, 5,5000000000e+01, 2,6000000000e+01, 1,2000000000e+01, 5,0000000000e-02, 7,1193100000e+03
 1500450900, 5,5000000000e+01, 2,4980000000e+01, 1,2000000000e+01, 5,0000000000e-02, 7,1165800000e+03
 1500451200, 5,5000000000e+01, 2,4000000000e+01, 1,2000000000e+01, 5,0000000000e-02, 7,1167300000e+03
 1500451500, 5,5000000000e+01, 2,4220000000e+01, 1,2000000000e+01, 5,0000000000e-02, 7,1167800000e+03
 1500451800, 5,5000000000e+01, 2,6000000000e+01, 1,2000000000e+01, 5,0000000000e-02, 7,1152000000e+03
 1500452100, 5,5000000000e+01, 2,6000000000e+01, 1,2000000000e+01, 5,3100000000e-02, 7,1160200000e+03
 1500452400, 5,5000000000e+01, 2,6000000000e+01, 1,2000000000e+01, 5,4900000000e-02, 7,1176000000e+03
 1500452700, 5,5000000000e+01, 2,4980000000e+01, 1,2000000000e+01, 5,0000000000e-02, 7,1176000000e+03
 1500453000, 5,5000000000e+01, 2,4620000000e+01, 1,2000000000e+01, 5,0000000000e-02, 7,1179100000e+03
 1500453300, 5,5000000000e+01, 2,5780000000e+01, 1,2000000000e+01, 5,0000000000e-02, 7,1173100000e+03
 1500453600, 5,5000000000e+01, 2,4000000000e+01, 1,2000000000e+01, 5,0000000000e-02, 7,1171400000e+03
 1500453900, 5,5000000000e+01, 2,5820000000e+01, 1,2000000000e+01, 5,1066666667e-02, 7,1165066667e+03
 1500454200, 5,5000000000e+01, 2,4580000000e+01, 1,2000000000e+01, 6,0900000000e-02, 7,1168000000e+03
 1500454500, 5,5000000000e+01, 2,5020000000e+01, 1,2000000000e+01, 5,0000000000e-02, 7,1176900000e+03
 1500454800, 5,5000000000e+01, 2,5380000000e+01, 1,2000000000e+01, 5,0000000000e-02, 7,1169100000e+03
 1500455100, 5,5000000000e+01, 2,4220000000e+01, 1,2000000000e+01, 5,0000000000e-02, 7,1170900000e+03
 1500455400, 5,5000000000e+01, 2,6000000000e+01, 1,2000000000e+01, 5,0000000000e-02, 7,1166000000e+03
 1500455700, 5,5000000000e+01, 2,4180000000e+01, 1,2000000000e+01, 5,0000000000e-02, 7,1168000000e+03
 1500456000, 5,5000000000e+01, 2,5420000000e+01, 1,2000000000e+01, 5,0000000000e-02, 7,1172000000e+03
 1500456300, 5,5000000000e+01, 2,6000000000e+01, 1,2000000000e+01, 5,0000000000e-02, 7,1170900000e+03
 1500456600, 5,5000000000e+01, 2,5380000000e+01, 1,2000000000e+01, 5,2000000000e-02, 7,1169100000e+03
 1500456900, 5,5000000000e+01, 2,4213333333e+01, 1,2000000000e+01, 5,0000000000e-02, 7,1160933333e+03
 1500457200, 5,5000000000e+01, 2,6000000000e+01, 1,2000000000e+01, 5,0000000000e-02, 7,1163966667e+03
 1500457500, 5,5000000000e+01, 2,4180000000e+01, 1,2000000000e+01, 5,0000000000e-02, 7,1164700000e+03
 1500457800, 5,5000000000e+01, 2,5420000000e+01, 1,2000000000e+01, 5,0000000000e-02, 7,1164900000e+03
 1500458100, 5,5000000000e+01, 2,4980000000e+01, 1,2000000000e+01, 5,2000000000e-02, 7,1163100000e+03
 1500458400, 5,5000000000e+01, 2,4620000000e+01, 1,2000000000e+01, 5,0000000000e-02, 7,1177100000e+03
 1500458700, 5,6650000000e+01, 2,6220000000e+01, 1,3100000000e+01, 5,2000000000e-02, 7,1168900000e+03
 1500459000, 7,0000000000e+01, 2,8000000000e+01, 2,2000000000e+01, 5,8033333333e-02, 7,1170733333e+03
 1500459300, 5,6350000000e+01, 2,4360000000e+01, 1,2900000000e+01, 5,0000000000e-02, 7,1184200000e+03
 1500459600, 5,5000000000e+01, 2,4000000000e+01, 1,2000000000e+01, 5,0000000000e-02, 7,1170900000e+03
 1500459900, 5,5000000000e+01, 2,5020000000e+01, 1,2000000000e+01, 5,0000000000e-02, 7,1166000000e+03
 1500460200, 5,5000000000e+01, 2,6000000000e+01, 1,2000000000e+01, 5,3100000000e-02, 7,1163966667e+03
 1500460500, 5,5000000000e+01, 2,6000000000e+01, 1,2000000000e+01, 5,6933333333e-02, 7,1164066667e+03
 1500460800, 5,5000000000e+01, 2,6000000000e+01, 1,2000000000e+01, 5,0000000000e-02, 7,1164000000e+03
 1500461100, 5,9550000000e+01, 2,7820000000e+01, 1,5640000000e+01, 5,0000000000e-02, 7,1166000000e+03
 1500461400, 5,6450000000e+01, 2,5160000000e+01, 1,3160000000e+01, 5,0000000000e-02, 7,1169100000e+03
 1500461700, 5,5000000000e+01, 2,5020000000e+01, 1,2000000000e+01, 5,0000000000e-02, 7,1170900000e+03
 1500462000, 5,6550000000e+01, 2,5380000000e+01, 1,2620000000e+01, 5,0000000000e-02, 7,1171200000e+03
 1500462300, 5,9450000000e+01, 2,4220000000e+01, 1,3780000000e+01, 5,0000000000e-02, 7,1176900000e+03
 1500462600, 5,5000000000e+01, 2,6000000000e+01, 1,2000000000e+01, 5,0000000000e-02, 7,1164200000e+03
 1500462900, 5,5000000000e+01, 2,6000000000e+01, 1,2000000000e+01, 5,0000000000e-02, 7,1176000000e+03
 1500463200, 5,5000000000e+01, 2,6000000000e+01, 1,2000000000e+01, 5,0000000000e-02, 7,1172900000e+03
 1500463500, 5,5000000000e+01, 2,6000000000e+01, 1,2000000000e+01, 5,0000000000e-02, 7,1170000000e+03
 1500463800, 5,5000000000e+01, 2,6000000000e+01, 1,2000000000e+01, 5,0000000000e-02, 7,1172000000e+03
 1500464100, 5,5000000000e+01, 2,6000000000e+01, 1,2000000000e+01, 5,0000000000e-02, 7,1166000000e+03
 1500464400, 5,5000000000e+01, 2,6000000000e+01, 1,2000000000e+01, 5,7100000000e-02, 7,1176000000e+03
 1500464700, 5,5000000000e+01, 2,4180000000e+01, 1,2000000000e+01, 5,6900000000e-02, 7,1177100000e+03
 1500465000, 5,5000000000e+01, 2,5420000000e+01, 1,2000000000e+01, 5,0000000000e-02, 7,1186000000e+03
 1500465300, 5,5000000000e+01, 2,4980000000e+01, 1,2000000000e+01, 5,0000000000e-02, 7,1191100000e+03
 1500465600, 5,5000000000e+01, 2,4620000000e+01, 1,2000000000e+01, 5,0000000000e-02, 7,1202000000e+03
 1500465900, 5,5000000000e+01, 2,6000000000e+01, 1,2000000000e+01, 5,0000000000e-02, 7,1172000000e+03
 1500466200, 5,5000000000e+01, 2,6000000000e+01, 1,2000000000e+01, 5,0000000000e-02, 7,1159800000e+03
 1500466500, 5,5000000000e+01, 2,4180000000e+01, 1,2000000000e+01, 5,9100000000e-02, 7,1166200000e+03
 1500466800, 5,5000000000e+01, 2,5420000000e+01, 1,2000000000e+01, 5,0900000000e-02, 7,1163800000e+03
 1500467100, 5,5000000000e+01, 2,4980000000e+01, 1,2000000000e+01, 5,0000000000e-02, 7,1165300000e+03
 1500467400, 5,5000000000e+01, 2,4000000000e+01, 1,2000000000e+01, 5,0000000000e-02, 7,1173100000e+03
 1500467700, 5,5000000000e+01, 2,4220000000e+01, 1,2000000000e+01, 5,0000000000e-02, 7,1172000000e+03
 1500468000, 5,5000000000e+01, 2,6000000000e+01, 1,2000000000e+01, 5,0000000000e-02, 7,1172000000e+03
 1500468300, 5,5000000000e+01, 2,6000000000e+01, 1,3820000000e+01, 5,2000000000e-02, 7,1174500000e+03
 1500468600, 5,5000000000e+01, 2,6000000000e+01, 1,2580000000e+01, 5,0000000000e-02, 7,1164900000e+03
 1500468900, 5,5000000000e+01, 2,6000000000e+01, 1,2000000000e+01, 5,0000000000e-02, 7,1168200000e+03
 1500469200, 5,5000000000e+01, 2,6000000000e+01, 1,2000000000e+01, 5,0000000000e-02, 7,1167800000e+03
 1500469500, 5,5000000000e+01, 2,6000000000e+01, 1,2000000000e+01, 5,0000000000e-02, 7,1176233333e+03
 1500469800, 5,5000000000e+01, 2,6000000000e+01, 1,2000000000e+01, 5,0000000000e-02, 7,1172900000e+03
 1500470100, 5,5000000000e+01, 2,6000000000e+01, 1,2000000000e+01, 5,0000000000e-02, 7,1167100000e+03
 1500470400, 5,5000000000e+01, 2,6000000000e+01, 1,2000000000e+01, 5,0000000000e-02, 7,1178000000e+03
 1500470700, 5,5000000000e+01, 2,6000000000e+01, 1,2000000000e+01, 5,5100000000e-02, 7,1178900000e+03
 1500471000, 5,5000000000e+01, 2,6000000000e+01, 1,2000000000e+01, 6,2000000000e-02, 7,1179100000e+03
 1500471300, 5,5000000000e+01, 2,6000000000e+01, 1,2000000000e+01, 5,2900000000e-02, 7,1178000000e+03
 1500471600, 5,5000000000e+01, 2,6000000000e+01, 1,2000000000e+01, 5,0000000000e-02, 7,1168900000e+03
 1500471900, 5,5000000000e+01, 2,4180000000e+01, 1,2000000000e+01, 5,0000000000e-02, 7,1172200000e+03
 1500472200, 5,5000000000e+01, 2,4000000000e+01, 1,2000000000e+01, 5,0000000000e-02, 7,1168700000e+03
 1500472500, 5,5000000000e+01, 2,5020000000e+01, 1,2000000000e+01, 5,0000000000e-02, 7,1168000000e+03
 1500472800, 5,5000000000e+01, 2,6000000000e+01, 1,2000000000e+01, 6,1100000000e-02, 7,1175300000e+03
 1500473100, 5,5000000000e+01, 2,6000000000e+01, 1,2000000000e+01, 6,8000000000e-02, 7,1171800000e+03
 1500473400, 5,5000000000e+01, 2,6000000000e+01, 1,2000000000e+01, 5,2900000000e-02, 7,1175100000e+03
 1500473700, 5,5000000000e+01, 2,4180000000e+01, 1,2000000000e+01, 5,0000000000e-02, 7,1174900000e+03
 1500474000, 5,5000000000e+01, 2,5420000000e+01, 1,2000000000e+01, 5,0000000000e-02, 7,1182000000e+03
 1500474300, 5,5000000000e+01, 2,6000000000e+01, 1,2000000000e+01, 5,0000000000e-02, 7,1181100000e+03
 1500474600, 5,5000000000e+01, 2,6000000000e+01, 1,2000000000e+01, 5,0000000000e-02, 7,1175100000e+03
 1500474900, 5,5000000000e+01, 2,5780000000e+01, 1,2000000000e+01, 5,0000000000e-02, 7,1176000000e+03
 1500475200, 5,5000000000e+01, 2,4000000000e+01, 1,2000000000e+01, 5,0000000000e-02, 7,1175800000e+03
 1500475500, 5,5000000000e+01, 2,4000000000e+01, 1,2000000000e+01, 5,0000000000e-02, 7,1178200000e+03
 1500475800, 5,5000000000e+01, 2,5420000000e+01, 1,2000000000e+01, 5,0000000000e-02, 7,1178000000e+03
 1500476100, 5,5000000000e+01, 2,6000000000e+01, 1,2000000000e+01, 5,0000000000e-02, 7,1186000000e+03
 1500476400, 5,5000000000e+01, 2,6000000000e+01, 1,2000000000e+01, 5,0000000000e-02, 7,1178900000e+03
 1500476700, 5,5000000000e+01, 2,6000000000e+01, 1,2000000000e+01, 5,0000000000e-02, 7,1188200000e+03
 1500477000, 5,5000000000e+01, 2,6000000000e+01, 1,2000000000e+01, 6,0200000000e-02, 7,1192900000e+03
 1500477300, 5,5000000000e+01, 2,6000000000e+01, 1,2000000000e+01, 7,8000000000e-02, 7,1194200000e+03
 1500477600, 5,5000000000e+01, 2,6000000000e+01, 1,2000000000e+01, 6,3800000000e-02, 7,1180900000e+03
 1500477900, 5,5000000000e+01, 2,6000000000e+01, 1,2000000000e+01, 5,0000000000e-02, 7,1182900000e+03
 1500478200, 5,5000000000e+01, 2,6000000000e+01, 1,2000000000e+01, 5,0000000000e-02, 7,1190200000e+03
 1500478500, 5,5000000000e+01, 2,6000000000e+01, 1,2000000000e+01, 5,0000000000e-02, 7,1181800000e+03
 1500478800, 5,5000000000e+01, 2,6000000000e+01, 1,2000000000e+01, 5,0000000000e-02, 7,1184900000e+03
 1500479100, 5,5000000000e+01, 2,6000000000e+01, 1,2000000000e+01, 5,9300000000e-02, 7,1198500000e+03
 1500479400, 6,5650000000e+01, 3,0260000000e+01, 1,7680000000e+01, 2,3080000000e-01, 7,1246300000e+03
 1500479700, 6,7450000000e+01, 3,0980000000e+01, 1,7960000000e+01, 4,6490000000e-01, 7,1250000000e+03
 1500480000, 6,9650000000e+01, 3,1860000000e+01, 1,8480000000e+01, 6,2340000000e-01, 7,1250700000e+03
 1500480300, 7,9450000000e+01, 3,5780000000e+01, 2,3780000000e+01, 7,5610000000e-01, 7,1225100000e+03
 1500480600, 7,5000000000e+01, 3,4000000000e+01, 2,2000000000e+01, 8,3770000000e-01, 7,1230200000e+03
 1500480900, 6,1350000000e+01, 2,8540000000e+01, 1,4720000000e+01, 8,9660000000e-01, 7,1239100000e+03
 1500481200, 6,3550000000e+01, 2,9420000000e+01, 1,6840000000e+01, 9,8190000000e-01, 7,1240000000e+03
 1500481500, 7,2650000000e+01, 3,3060000000e+01, 2,1060000000e+01, 1,0362000000e+00, 7,1232700000e+03
 1500481800, 7,6900000000e+01, 3,5380000000e+01, 2,2140000000e+01, 1,0531000000e+00, 7,1228400000e+03
 1500482100, 6,8900000000e+01, 3,3120000000e+01, 1,7780000000e+01, 1,0500000000e+00, 7,1236000000e+03
 1500482400, 6,0000000000e+01, 2,6000000000e+01, 1,6000000000e+01, 1,0500000000e+00, 7,1240200000e+03
 1500482700, 6,4550000000e+01, 2,7820000000e+01, 1,6000000000e+01, 1,0511000000e+00, 7,1251966667e+03
 1500483000, 6,8550000000e+01, 3,2260000000e+01, 1,8840000000e+01, 1,0580000000e+00, 7,1251500000e+03
 1500483300, 6,7450000000e+01, 3,1960000000e+01, 1,8980000000e+01, 1,0784000000e+00, 7,1249000000e+03
 1500483600, 6,1900000000e+01, 2,8760000000e+01, 1,6140000000e+01, 1,1102000000e+00, 7,1236900000e+03
 1500483900, 5,5550000000e+01, 2,6220000000e+01, 1,2220000000e+01, 1,1191000000e+00, 7,1231100000e+03
 1500484200, 6,0000000000e+01, 2,8000000000e+01, 1,4000000000e+01, 1,1127000000e+00, 7,1237800000e+03
 1500484500, 5,5450000000e+01, 2,6180000000e+01, 1,2180000000e+01, 1,0918000000e+00, 7,1238200000e+03
 1500484800, 6,2100000000e+01, 2,8840000000e+01, 1,4840000000e+01, 1,0800000000e+00, 7,1238900000e+03
 1500485100, 6,7550000000e+01, 3,1020000000e+01, 1,7020000000e+01, 1,0718000000e+00, 7,1238000000e+03
 1500485400, 6,8450000000e+01, 3,1380000000e+01, 1,7380000000e+01, 1,0629000000e+00, 7,1240000000e+03
 1500485700, 6,5550000000e+01, 3,0000000000e+01, 1,6440000000e+01, 1,0531000000e+00, 7,1237800000e+03
 1500486000, 7,0000000000e+01, 3,0000000000e+01, 2,0000000000e+01, 1,0580000000e+00, 7,1240200000e+03
 1500486300, 5,6350000000e+01, 2,6360000000e+01, 1,2720000000e+01, 1,0509000000e+00, 7,1240200000e+03
 1500486600, 6,2100000000e+01, 2,7420000000e+01, 1,4840000000e+01, 1,0540000000e+00, 7,1254000000e+03
 1500486900, 6,5000000000e+01, 2,9020000000e+01, 1,4980000000e+01, 1,0500000000e+00, 7,1250000000e+03
 1500487200, 6,3450000000e+01, 2,9380000000e+01, 1,4000000000e+01, 1,0500000000e+00, 7,1251100000e+03
 1500487500, 6,0550000000e+01, 2,8220000000e+01, 1,4440000000e+01, 1,0571000000e+00, 7,1250700000e+03
 1500487800, 6,5000000000e+01, 3,0000000000e+01, 1,8000000000e+01, 1,0620000000e+00, 7,1249100000e+03
 1500488100, 7,4100000000e+01, 3,3640000000e+01, 2,1640000000e+01, 1,0651000000e+00, 7,1264200000e+03
 1500488400, 7,5000000000e+01, 3,4000000000e+01, 2,0580000000e+01, 1,0822000000e+00, 7,1239600000e+03
 1500488700, 7,2450000000e+01, 3,4000000000e+01, 2,0000000000e+01, 1,0991000000e+00, 7,1258200000e+03
 1500489000, 6,5350000000e+01, 3,1520000000e+01, 1,7520000000e+01, 1,0442000000e+00, 7,1219200000e+03
 1500489300, 5,5000000000e+01, 2,6000000000e+01, 1,2000000000e+01, 7,9270000000e-01, 7,1156000000e+03
 1500489600, 5,5000000000e+01, 2,6000000000e+01, 1,2000000000e+01, 5,9930000000e-01, 7,1143800000e+03
 1500489900, 5,5000000000e+01, 2,6000000000e+01, 1,2000000000e+01, 4,6190000000e-01, 7,1157100000e+03
 1500490200, 5,5000000000e+01, 2,6000000000e+01, 1,2000000000e+01, 3,7320000000e-01, 7,1157100000e+03
 1500490500, 5,5000000000e+01, 2,6000000000e+01, 1,2000000000e+01, 2,9830000000e-01, 7,1162900000e+03
 1500490800, 5,5000000000e+01, 2,6000000000e+01, 1,2000000000e+01, 2,2540000000e-01, 7,1173300000e+03
 1500491100, 5,5000000000e+01, 2,5780000000e+01, 1,2000000000e+01, 1,8160000000e-01, 7,1186000000e+03
 1500491400, 5,5000000000e+01, 2,4000000000e+01, 1,2000000000e+01, 1,3580000000e-01, 7,1182000000e+03
 1500491700, 5,5000000000e+01, 2,5820000000e+01, 1,2000000000e+01, 1,3490000000e-01, 7,1186900000e+03
 1500492000, 5,5000000000e+01, 2,6000000000e+01, 1,2000000000e+01, 1,1890000000e-01, 7,1169100000e+03
 1500492300, 5,5000000000e+01, 2,6000000000e+01, 1,2000000000e+01, 1,0980000000e-01, 7,1176000000e+03
 1500492600, 5,5000000000e+01, 2,6000000000e+01, 1,2000000000e+01, 9,3800000000e-02, 7,1169100000e+03
 1500492900, 5,5000000000e+01, 2,6000000000e+01, 1,2000000000e+01, 6,4700000000e-02, 7,1174700000e+03
 1500493200, 5,5000000000e+01, 2,6000000000e+01, 1,2000000000e+01, 5,0000000000e-02, 7,1168000000e+03
 1500493500, 5,5000000000e+01, 2,6000000000e+01, 1,2000000000e+01, 5,2000000000e-02, 7,1173300000e+03
 1500493800, 5,5000000000e+01, 2,6000000000e+01, 1,2000000000e+01, 5,0000000000e-02, 7,1183100000e+03
 1500494100, 5,5000000000e+01, 2,6000000000e+01, 1,2000000000e+01, 5,0000000000e-02, 7,1186900000e+03
 1500494400, 5,5000000000e+01, 2,6000000000e+01, 1,2000000000e+01, 5,0000000000e-02, 7,1193100000e+03
 1500494700, 5,5550000000e+01, 2,6000000000e+01, 1,2220000000e+01, 5,0000000000e-02, 7,1188900000e+03
 1500495000, 6,0000000000e+01, 2,6000000000e+01, 1,4000000000e+01, 5,2000000000e-02, 7,1184000000e+03
 1500495300, 5,5450000000e+01, 2,6000000000e+01, 1,2180000000e+01, 5,0000000000e-02, 7,1173100000e+03
 1500495600, 5,5000000000e+01, 2,4580000000e+01, 1,2000000000e+01, 5,0000000000e-02, 7,1178900000e+03
 1500495900, 5,5000000000e+01, 2,4000000000e+01, 1,2000000000e+01, 5,5100000000e-02, 7,1174000000e+03
 1500496200, 5,5000000000e+01, 2,4620000000e+01, 1,2000000000e+01, 5,8900000000e-02, 7,1178200000e+03
 1500496500, 5,5000000000e+01, 2,6000000000e+01, 1,2000000000e+01, 5,0000000000e-02, 7,1182900000e+03
 1500496800, 5,5000000000e+01, 2,6000000000e+01, 1,2000000000e+01, 5,0000000000e-02, 7,1180900000e+03
 1500497100, 5,5000000000e+01, 2,6000000000e+01, 1,2000000000e+01, 5,0000000000e-02, 7,1186400000e+03
 1500497400, 5,5000000000e+01, 2,4580000000e+01, 1,2000000000e+01, 5,0000000000e-02, 7,1186000000e+03
 1500497700, 5,5000000000e+01, 2,5020000000e+01, 1,2000000000e+01, 5,2200000000e-02, 7,1183400000e+03
 1500498000, 5,5000000000e+01, 2,6000000000e+01, 1,2000000000e+01, 5,7800000000e-02, 7,1172900000e+03
 1500498300, 5,5000000000e+01, 2,6000000000e+01, 1,2000000000e+01, 5,0000000000e-02, 7,1177100000e+03
 1500498600, 5,5000000000e+01, 2,6000000000e+01, 1,2000000000e+01, 5,0000000000e-02, 7,1182000000e+03
 1500498900, 5,5000000000e+01, 2,6000000000e+01, 1,2000000000e+01, 5,0000000000e-02, 7,1172900000e+03
 1500499200, 5,5000000000e+01, 2,6000000000e+01, 1,2000000000e+01, 5,0000000000e-02, 7,1171100000e+03
 1500499500, 5,5000000000e+01, 2,6000000000e+01, 1,2000000000e+01, 5,4000000000e-02, 7,1167800000e+03
 1500499800, 5,5000000000e+01, 2,6000000000e+01, 1,2000000000e+01, 5,0000000000e-02, 7,1176200000e+03
 1500500100, 5,5000000000e+01, 2,5780000000e+01, 1,2000000000e+01, 5,0000000000e-02, 7,1178000000e+03
 1500500400, 5,5000000000e+01, 2,4000000000e+01, 1,2000000000e+01, 5,0000000000e-02, 7,1177800000e+03
 1500500700, 5,5000000000e+01, 2,5820000000e+01, 1,2000000000e+01, 5,0000000000e-02, 7,1183100000e+03
 1500501000, 5,5000000000e+01, 2,6000000000e+01, 1,2000000000e+01, 5,0000000000e-02, 7,1174200000e+03
 1500501300, 5,5000000000e+01, 2,6000000000e+01, 1,2000000000e+01, 5,4000000000e-02, 7,1184000000e+03
 1500501600, 5,5000000000e+01, 2,5380000000e+01, 1,2000000000e+01, 5,0000000000e-02, 7,1178900000e+03
 1500501900, 5,5000000000e+01, 2,4220000000e+01, 1,2000000000e+01, 5,0000000000e-02, 7,1170900000e+03
 1500502200, 5,5000000000e+01, 2,6000000000e+01, 1,2000000000e+01, 5,0000000000e-02, 7,1172900000e+03
 1500502500, 5,5000000000e+01, 2,6000000000e+01, 1,2000000000e+01, 5,2000000000e-02, 7,1167100000e+03
 1500502800, 5,5000000000e+01, 2,6000000000e+01, 1,2000000000e+01, 5,0000000000e-02, 7,1172200000e+03
 1500503100, 5,5000000000e+01, 2,4980000000e+01, 1,2000000000e+01, 5,4000000000e-02, 7,1177800000e+03
 1500503400, 5,5000000000e+01, 2,4620000000e+01, 1,2000000000e+01, 5,2000000000e-02, 7,1173100000e+03
 1500503700, 5,5000000000e+01, 2,6000000000e+01, 1,2000000000e+01, 5,4000000000e-02, 7,1185100000e+03
 1500504000, 5,5000000000e+01, 2,6000000000e+01, 1,2000000000e+01, 5,6200000000e-02, 7,1171800000e+03
 1500504300, 5,5000000000e+01, 2,4180000000e+01, 1,2000000000e+01, 6,8000000000e-02, 7,1171100000e+03
 1500504600, 5,5000000000e+01, 2,4000000000e+01, 1,2000000000e+01, 6,0900000000e-02, 7,1174000000e+03
 1500504900, 5,5000000000e+01, 2,4000000000e+01, 1,2000000000e+01, 5,0900000000e-02, 7,1164900000e+03
 1500505200, 5,5000000000e+01, 2,4620000000e+01, 1,2000000000e+01, 5,0000000000e-02, 7,1174200000e+03
 1500505500, 5,5000000000e+01, 2,6000000000e+01, 1,2000000000e+01, 5,0000000000e-02, 7,1176900000e+03
 1500505800, 5,5000000000e+01, 2,6000000000e+01, 1,2000000000e+01, 5,0000000000e-02, 7,1173100000e+03
 1500506100, 5,5000000000e+01, 2,4180000000e+01, 1,2000000000e+01, 5,0000000000e-02, 7,1180900000e+03
 1500506400, 5,5000000000e+01, 2,5420000000e+01, 1,2000000000e+01, 5,0000000000e-02, 7,1180000000e+03
 1500506700, 5,5000000000e+01, 2,6000000000e+01, 1,2000000000e+01, 5,0000000000e-02, 7,1166900000e+03
 1500507000, 5,5000000000e+01, 2,6000000000e+01, 1,2000000000e+01, 5,0000000000e-02, 7,1165100000e+03
 1500507300, 5,5000000000e+01, 2,6000000000e+01, 1,2000000000e+01, 5,0000000000e-02, 7,1171100000e+03
 1500507600, 5,5000000000e+01, 2,6000000000e+01, 1,2000000000e+01, 5,0000000000e-02, 7,1172900000e+03
 1500507900, 5,5000000000e+01, 2,6000000000e+01, 1,2000000000e+01, 5,0000000000e-02, 7,1172000000e+03
 1500508200, 5,5000000000e+01, 2,6000000000e+01, 1,2000000000e+01, 7,3300000000e-02, 7,1168000000e+03
 1500508500, 5,5000000000e+01, 2,6000000000e+01, 1,2000000000e+01, 9,0200000000e-02, 7,1174000000e+03
 1500508800, 5,5000000000e+01, 2,5380000000e+01, 1,2000000000e+01, 1,0000000000e-01, 7,1182000000e+03
 1500509100, 5,5550000000e+01, 2,4220000000e+01, 1,2220000000e+01, 9,8900000000e-02, 7,1176000000e+03
 1500509400, 6,0000000000e+01, 2,6000000000e+01, 1,4000000000e+01, 9,5100000000e-02, 7,1178000000e+03
 1500509700, 5,5466666667e+01, 2,4186666667e+01, 1,2186666667e+01, 9,6900000000e-02, 7,1166200000e+03
 1500510000, 5,5000000000e+01, 2,5420000000e+01, 1,2000000000e+01, 7,2700000000e-02, 7,1176900000e+03
 1500510300, 5,5000000000e+01, 2,6000000000e+01, 1,2000000000e+01, 6,0000000000e-02, 7,1166900000e+03
 1500510600, 5,5000000000e+01, 2,6000000000e+01, 1,2000000000e+01, 5,0900000000e-02, 7,1165300000e+03
 1500510900, 5,5000000000e+01, 2,6000000000e+01, 1,2000000000e+01, 5,0000000000e-02, 7,1160700000e+03
 1500511200, 5,5000000000e+01, 2,6000000000e+01, 1,2000000000e+01, 5,0000000000e-02, 7,1171300000e+03
 1500511500, 5,5000000000e+01, 2,4180000000e+01, 1,2000000000e+01, 5,0000000000e-02, 7,1178000000e+03
 1500511800, 5,5000000000e+01, 2,5420000000e+01, 1,2000000000e+01, 5,0000000000e-02, 7,1182200000e+03
 1500512100, 5,5000000000e+01, 2,6000000000e+01, 1,2000000000e+01, 5,0000000000e-02, 7,1175100000e+03
 1500512400, 5,5000000000e+01, 2,5380000000e+01, 1,2000000000e+01, 5,0000000000e-02, 7,1165400000e+03
 1500512700, 5,5000000000e+01, 2,4220000000e+01, 1,2000000000e+01, 5,0000000000e-02, 7,1160000000e+03
 1500513000, 5,5000000000e+01, 2,6000000000e+01, 1,2000000000e+01, 5,4000000000e-02, 7,1166000000e+03
 1500513300, 5,5000000000e+01, 2,4180000000e+01, 1,2000000000e+01, 5,0000000000e-02, 7,1159800000e+03
 1500513600, 5,5000000000e+01, 2,5420000000e+01, 1,2000000000e+01, 5,0000000000e-02, 7,1164200000e+03
 1500513900, 5,5000000000e+01, 2,4980000000e+01, 1,2000000000e+01, 5,0000000000e-02, 7,1166900000e+03
 1500514200, 5,5000000000e+01, 2,4620000000e+01, 1,2000000000e+01, 5,0000000000e-02, 7,1162900000e+03
 1500514500, 5,5000000000e+01, 2,6000000000e+01, 1,2000000000e+01, 5,0000000000e-02, 7,1166000000e+03
 1500514800, 5,5000000000e+01, 2,6000000000e+01, 1,2000000000e+01, 5,1100000000e-02, 7,1168000000e+03
 1500515100, 5,5000000000e+01, 2,6000000000e+01, 1,2000000000e+01, 5,7100000000e-02, 7,1175100000e+03
 1500515400, 5,8550000000e+01, 2,8840000000e+01, 1,3420000000e+01, 6,1800000000e-02, 7,1166900000e+03
 1500515700, 5,7450000000e+01, 2,7960000000e+01, 1,2980000000e+01, 5,0000000000e-02, 7,1154200000e+03
 1500516000, 5,5000000000e+01, 2,5380000000e+01, 1,2000000000e+01, 5,6000000000e-02, 7,1158900000e+03
 1500516300, 5,5000000000e+01, 2,4220000000e+01, 1,2000000000e+01, 5,0000000000e-02, 7,1165100000e+03
 1500516600, 5,5000000000e+01, 2,6000000000e+01, 1,2000000000e+01, 5,5100000000e-02, 7,1169800000e+03
 1500516900, 5,5000000000e+01, 2,4180000000e+01, 1,2000000000e+01, 6,2000000000e-02, 7,1165100000e+03
 1500517200, 5,5000000000e+01, 2,4000000000e+01, 1,2000000000e+01, 5,4900000000e-02, 7,1171100000e+03
 1500517500, 5,5000000000e+01, 2,4000000000e+01, 1,2000000000e+01, 5,0000000000e-02, 7,1176900000e+03
 1500517800, 5,5000000000e+01, 2,4000000000e+01, 1,2000000000e+01, 5,2000000000e-02, 7,1174200000e+03
 1500518100, 5,5000000000e+01, 2,4000000000e+01, 1,2000000000e+01, 5,1100000000e-02, 7,1175800000e+03
 1500518400, 5,5000000000e+01, 2,4000000000e+01, 1,2000000000e+01, 5,2900000000e-02, 7,1184900000e+03
 1500518700, 5,5000000000e+01, 2,5820000000e+01, 1,2000000000e+01, 5,0000000000e-02, 7,1158200000e+03
 1500519000, 5,5000000000e+01, 2,4580000000e+01, 1,2000000000e+01, 5,0000000000e-02, 7,1170000000e+03
 1500519300, 5,5000000000e+01, 2,5020000000e+01, 1,2000000000e+01, 5,0000000000e-02, 7,1172000000e+03
 1500519600, 5,5000000000e+01, 2,6000000000e+01, 1,2000000000e+01, 5,0000000000e-02, 7,1172900000e+03
 1500519900, 5,5000000000e+01, 2,6000000000e+01, 1,2000000000e+01, 5,0000000000e-02, 7,1177100000e+03
 1500520200, 5,5000000000e+01, 2,6000000000e+01, 1,2000000000e+01, 5,2000000000e-02, 7,1182000000e+03
 1500520500, 5,5000000000e+01, 2,6000000000e+01, 1,2000000000e+01, 5,0000000000e-02, 7,1180000000e+03
 1500520800, 5,5000000000e+01, 2,6000000000e+01, 1,2000000000e+01, 5,1100000000e-02, 7,1181100000e+03
 1500521100, 5,5000000000e+01, 2,6000000000e+01, 1,2000000000e+01, 5,4000000000e-02, 7,1179800000e+03
 1500521400, 5,5000000000e+01, 2,5380000000e+01, 1,2000000000e+01, 6,5100000000e-02, 7,1170200000e+03
 1500521700, 5,5000000000e+01, 2,4220000000e+01, 1,2000000000e+01, 5,9800000000e-02, 7,1183100000e+03
 1500522000, 5,5000000000e+01, 2,6000000000e+01, 1,2000000000e+01, 5,0000000000e-02, 7,1182900000e+03
 1500522300, 5,9550000000e+01, 2,6000000000e+01, 1,3820000000e+01, 5,0000000000e-02, 7,1187100000e+03
 1500522600, 5,6450000000e+01, 2,6000000000e+01, 1,2580000000e+01, 5,0000000000e-02, 7,1183800000e+03
 1500522900, 5,5000000000e+01, 2,6000000000e+01, 1,2000000000e+01, 5,3100000000e-02, 7,1184200000e+03
 1500523200, 5,5000000000e+01, 2,6000000000e+01, 1,2000000000e+01, 5,4900000000e-02, 7,1194000000e+03
 1500523500, 5,5000000000e+01, 2,6000000000e+01, 1,2000000000e+01, 5,2000000000e-02, 7,1184000000e+03
 1500523800, 5,5000000000e+01, 2,6000000000e+01, 1,2000000000e+01, 5,0000000000e-02, 7,1190900000e+03
 1500524100, 5,5000000000e+01, 2,6000000000e+01, 1,2000000000e+01, 5,0000000000e-02, 7,1186000000e+03
 1500524400, 5,5000000000e+01, 2,6000000000e+01, 1,2000000000e+01, 5,0000000000e-02, 7,1175100000e+03
 1500524700, 5,5000000000e+01, 2,6000000000e+01, 1,2000000000e+01, 5,0000000000e-02, 7,1178900000e+03
 1500525000, 5,5000000000e+01, 2,6000000000e+01, 1,2000000000e+01, 5,0000000000e-02, 7,1177300000e+03
 1500525300, 5,5000000000e+01, 2,6000000000e+01, 1,2000000000e+01, 5,0000000000e-02, 7,1174900000e+03
 1500525600, 5,5000000000e+01, 2,6000000000e+01, 1,2000000000e+01, 5,0000000000e-02, 7,1177766667e+03
 1500525900, 5,5000000000e+01, 2,6000000000e+01, 1,2000000000e+01, 5,0000000000e-02, 7,1178200000e+03
 1500526200, 5,5000000000e+01, 2,6000000000e+01, 1,2000000000e+01, 5,0000000000e-02, 7,1178200000e+03
 1500526500, 5,5000000000e+01, 2,6000000000e+01, 1,2000000000e+01, 5,0000000000e-02, 7,1186000000e+03
 1500526800, 5,5000000000e+01, 2,6000000000e+01, 1,2000000000e+01, 5,1100000000e-02, 7,1183100000e+03
 1500527100, 5,5000000000e+01, 2,5780000000e+01, 1,2000000000e+01, 5,4900000000e-02, 7,1185400000e+03
 1500527400, 5,5000000000e+01, 2,4000000000e+01, 1,2000000000e+01, 5,0000000000e-02, 7,1164900000e+03
 1500527700, 5,5000000000e+01, 2,5820000000e+01, 1,2000000000e+01, 5,0000000000e-02, 7,1166000000e+03
 1500528000, 5,5000000000e+01, 2,6000000000e+01, 1,2000000000e+01, 5,0000000000e-02, 7,1172200000e+03
 1500528300, 5,5000000000e+01, 2,6000000000e+01, 1,2000000000e+01, 5,0000000000e-02, 7,1172900000e+03
 1500528600, 5,5000000000e+01, 2,6000000000e+01, 1,2000000000e+01, 5,0000000000e-02, 7,1179000000e+03
 1500528900, 5,5000000000e+01, 2,5780000000e+01, 1,2000000000e+01, 5,7100000000e-02, 7,1182900000e+03
 1500529200, 5,5000000000e+01, 2,4000000000e+01, 1,2000000000e+01, 7,9100000000e-02, 7,1178900000e+03
 1500529500, 5,5000000000e+01, 2,5820000000e+01, 1,2000000000e+01, 6,6900000000e-02, 7,1166900000e+03
 1500529800, 5,5000000000e+01, 2,6000000000e+01, 1,2000000000e+01, 5,8900000000e-02, 7,1175100000e+03
 1500530100, 5,5000000000e+01, 2,4980000000e+01, 1,2000000000e+01, 5,0000000000e-02, 7,1180000000e+03
 1500530400, 5,5000000000e+01, 2,4000000000e+01, 1,2000000000e+01, 5,4200000000e-02, 7,1169100000e+03
 1500530700, 5,5000000000e+01, 2,4220000000e+01, 1,2000000000e+01, 5,3800000000e-02, 7,1176000000e+03
 1500531000, 5,5000000000e+01, 2,6000000000e+01, 1,2000000000e+01, 5,0000000000e-02, 7,1183100000e+03
 1500531300, 5,5000000000e+01, 2,4180000000e+01, 1,2000000000e+01, 5,0000000000e-02, 7,1184000000e+03
 1500531600, 5,5000000000e+01, 2,5420000000e+01, 1,2000000000e+01, 5,0000000000e-02, 7,1188100000e+03
 1500531900, 5,5000000000e+01, 2,6000000000e+01, 1,2000000000e+01, 5,0000000000e-02, 7,1191800000e+03
 1500532200, 5,5000000000e+01, 2,6000000000e+01, 1,2000000000e+01, 5,0000000000e-02, 7,1197100000e+03
 1500532500, 5,5000000000e+01, 2,6000000000e+01, 1,2000000000e+01, 5,0000000000e-02, 7,1202000000e+03
 1500532800, 5,5000000000e+01, 2,6000000000e+01, 1,2000000000e+01, 5,0000000000e-02, 7,1201800000e+03
 1500533100, 5,5000000000e+01, 2,6000000000e+01, 1,2000000000e+01, 5,2000000000e-02, 7,1209300000e+03
 1500533400, 5,5000000000e+01, 2,6000000000e+01, 1,2000000000e+01, 5,0000000000e-02, 7,1198000000e+03
 1500533700, 5,5000000000e+01, 2,4980000000e+01, 1,2000000000e+01, 5,0000000000e-02, 7,1194900000e+03
 1500534000, 5,5000000000e+01, 2,4620000000e+01, 1,2000000000e+01, 5,0000000000e-02, 7,1197100000e+03
 1500534300, 5,5000000000e+01, 2,6000000000e+01, 1,2000000000e+01, 5,0000000000e-02, 7,1194900000e+03
 1500534600, 5,5000000000e+01, 2,6000000000e+01, 1,2000000000e+01, 5,0000000000e-02, 7,1187800000e+03
 1500534900, 5,5000000000e+01, 2,6000000000e+01, 1,2000000000e+01, 5,0000000000e-02, 7,1192200000e+03
 1500535200, 5,5000000000e+01, 2,4580000000e+01, 1,2000000000e+01, 5,1100000000e-02, 7,1205100000e+03
 1500535500, 5,5000000000e+01, 2,5020000000e+01, 1,2000000000e+01, 5,0900000000e-02, 7,1204000000e+03
 1500535800, 5,6550000000e+01, 2,6620000000e+01, 1,2620000000e+01, 5,0000000000e-02, 7,1202000000e+03
 1500536100, 5,9450000000e+01, 2,7780000000e+01, 1,3780000000e+01, 5,0000000000e-02, 7,1198000000e+03
 1500536400, 5,5000000000e+01, 2,6000000000e+01, 1,2000000000e+01, 5,2000000000e-02, 7,1192000000e+03
 1500536700, 5,5000000000e+01, 2,6000000000e+01, 1,2000000000e+01, 5,0000000000e-02, 7,1202200000e+03
 1500537000, 5,5000000000e+01, 2,6000000000e+01, 1,2000000000e+01, 5,0000000000e-02, 7,1201800000e+03
 1500537300, 5,5000000000e+01, 2,6000000000e+01, 1,2000000000e+01, 5,0000000000e-02, 7,1192900000e+03
 1500537600, 5,5000000000e+01, 2,6000000000e+01, 1,2000000000e+01, 5,0000000000e-02, 7,1196000000e+03
 1500537900, 5,5000000000e+01, 2,6000000000e+01, 1,2000000000e+01, 5,2000000000e-02, 7,1197100000e+03
 1500538200, 5,5000000000e+01, 2,6000000000e+01, 1,2000000000e+01, 5,0000000000e-02, 7,1204000000e+03
 1500538500, 5,5000000000e+01, 2,6000000000e+01, 1,2000000000e+01, 5,0000000000e-02, 7,1205100000e+03
 1500538800, 5,5000000000e+01, 2,6000000000e+01, 1,2000000000e+01, 5,8000000000e-02, 7,1199800000e+03
 1500539100, 5,5000000000e+01, 2,6000000000e+01, 1,2000000000e+01, 5,0000000000e-02, 7,1184000000e+03
 1500539400, 5,5000000000e+01, 2,6000000000e+01, 1,2000000000e+01, 5,8200000000e-02, 7,1191300000e+03
 1500539700, 5,5000000000e+01, 2,6000000000e+01, 1,2000000000e+01, 6,6900000000e-02, 7,1190900000e+03
 1500540000, 5,5000000000e+01, 2,6000000000e+01, 1,2000000000e+01, 5,2900000000e-02, 7,1194900000e+03
 1500540300, 5,5000000000e+01, 2,6000000000e+01, 1,2000000000e+01, 5,0000000000e-02, 7,1189100000e+03
 1500540600, 5,5000000000e+01, 2,6000000000e+01, 1,2000000000e+01, 5,0000000000e-02, 7,1196200000e+03
 1500540900, 5,5000000000e+01, 2,6000000000e+01, 1,2000000000e+01, 5,0000000000e-02, 7,1209100000e+03
 1500541200, 5,5000000000e+01, 2,6000000000e+01, 1,2000000000e+01, 5,0000000000e-02, 7,1207100000e+03
 1500541500, 5,5000000000e+01, 2,6000000000e+01, 1,2000000000e+01, 5,0000000000e-02, 7,1209100000e+03
 1500541800, 5,5000000000e+01, 2,6000000000e+01, 1,2000000000e+01, 5,8200000000e-02, 7,1209400000e+03
 1500542100, 5,5000000000e+01, 2,6000000000e+01, 1,2000000000e+01, 5,9800000000e-02, 7,1198000000e+03
 1500542400, 5,5000000000e+01, 2,6000000000e+01, 1,2000000000e+01, 5,0000000000e-02, 7,1198000000e+03
 1500542700, 5,5000000000e+01, 2,4980000000e+01, 1,2000000000e+01, 5,0000000000e-02, 7,1208000000e+03
 1500543000, 5,5000000000e+01, 2,4000000000e+01, 1,2000000000e+01, 5,0000000000e-02, 7,1200000000e+03
 1500543300, 5,5000000000e+01, 2,4220000000e+01, 1,2000000000e+01, 5,0000000000e-02, 7,1204000000e+03
 1500543600, 5,5000000000e+01, 2,6000000000e+01, 1,2000000000e+01, 5,0000000000e-02, 7,1202900000e+03
 1500543900, 5,5000000000e+01, 2,6000000000e+01, 1,2000000000e+01, 5,2000000000e-02, 7,1198200000e+03
 1500544200, 5,5000000000e+01, 2,6000000000e+01, 1,2000000000e+01, 5,0000000000e-02, 7,1200900000e+03
 1500544500, 5,5000000000e+01, 2,4980000000e+01, 1,2000000000e+01, 5,0000000000e-02, 7,1204900000e+03
 1500544800, 5,5000000000e+01, 2,4000000000e+01, 1,2000000000e+01, 5,0000000000e-02, 7,1209100000e+03
 1500545100, 5,5000000000e+01, 2,4220000000e+01, 1,2000000000e+01, 5,0000000000e-02, 7,1194000000e+03
 1500545400, 5,5000000000e+01, 2,6000000000e+01, 1,2000000000e+01, 5,0000000000e-02, 7,1197800000e+03
 1500545700, 5,5000000000e+01, 2,6000000000e+01, 1,2000000000e+01, 6,3100000000e-02, 7,1192200000e+03
 1500546000, 5,5000000000e+01, 2,4580000000e+01, 1,2000000000e+01, 5,2900000000e-02, 7,1194000000e+03
 1500546300, 5,5000000000e+01, 2,5020000000e+01, 1,2000000000e+01, 5,0000000000e-02, 7,1191800000e+03
 1500546600, 5,5000000000e+01, 2,6000000000e+01, 1,2000000000e+01, 5,0000000000e-02, 7,1195100000e+03
 1500546900, 5,5000000000e+01, 2,5780000000e+01, 1,2000000000e+01, 5,2000000000e-02, 7,1198000000e+03
 1500547200, 5,5000000000e+01, 2,4000000000e+01, 1,2000000000e+01, 5,0000000000e-02, 7,1200000000e+03
 1500547500, 5,5000000000e+01, 2,5820000000e+01, 1,2000000000e+01, 5,0000000000e-02, 7,1210200000e+03
 1500547800, 5,5000000000e+01, 2,6000000000e+01, 1,2000000000e+01, 5,3100000000e-02, 7,1204700000e+03
 1500548100, 5,5000000000e+01, 2,6000000000e+01, 1,2000000000e+01, 5,0900000000e-02, 7,1192000000e+03
 1500548400, 5,5000000000e+01, 2,5380000000e+01, 1,2000000000e+01, 5,0000000000e-02, 7,1186000000e+03
 1500548700, 5,5000000000e+01, 2,4220000000e+01, 1,2000000000e+01, 5,0000000000e-02, 7,1190200000e+03
 1500549000, 5,5000000000e+01, 2,6000000000e+01, 1,2000000000e+01, 5,0000000000e-02, 7,1200000000e+03
 1500549300, 5,5000000000e+01, 2,4180000000e+01, 1,2000000000e+01, 5,0000000000e-02, 7,1198900000e+03
 1500549600, 5,5000000000e+01, 2,5420000000e+01, 1,2000000000e+01, 5,0000000000e-02, 7,1192900000e+03
 1500549900, 5,5000000000e+01, 2,4980000000e+01, 1,2000000000e+01, 5,0000000000e-02, 7,1195100000e+03
 1500550200, 5,5000000000e+01, 2,4000000000e+01, 1,2000000000e+01, 5,0000000000e-02, 7,1195100000e+03
 1500550500, 5,5000000000e+01, 2,4220000000e+01, 1,2000000000e+01, 5,0000000000e-02, 7,1206900000e+03
 1500550800, 5,5000000000e+01, 2,6000000000e+01, 1,2000000000e+01, 5,0000000000e-02, 7,1191100000e+03
 1500551100, 5,5000000000e+01, 2,6000000000e+01, 1,2000000000e+01, 5,0000000000e-02, 7,1198000000e+03
 1500551400, 5,5000000000e+01, 2,6000000000e+01, 1,2000000000e+01, 5,0000000000e-02, 7,1196900000e+03
 1500551700, 5,5000000000e+01, 2,6000000000e+01, 1,2000000000e+01, 5,0000000000e-02, 7,1186900000e+03
 1500552000, 5,5000000000e+01, 2,5380000000e+01, 1,2000000000e+01, 5,0000000000e-02, 7,1194200000e+03
 1500552300, 5,5000000000e+01, 2,4220000000e+01, 1,2000000000e+01, 5,0000000000e-02, 7,1204000000e+03
 1500552600, 5,5000000000e+01, 2,6000000000e+01, 1,2000000000e+01, 5,0000000000e-02, 7,1199300000e+03
 1500552900, 5,5000000000e+01, 2,6000000000e+01, 1,2000000000e+01, 5,0000000000e-02, 7,1202000000e+03
 1500553200, 5,5000000000e+01, 2,6000000000e+01, 1,2000000000e+01, 5,0000000000e-02, 7,1204000000e+03
 1500553500, 5,5000000000e+01, 2,6000000000e+01, 1,2000000000e+01, 5,0000000000e-02, 7,1203800000e+03
 1500553800, 5,5000000000e+01, 2,6000000000e+01, 1,2000000000e+01, 5,0000000000e-02, 7,1184200000e+03
 1500554100, 5,5000000000e+01, 2,5780000000e+01, 1,2000000000e+01, 5,2000000000e-02, 7,1185800000e+03
 1500554400, 5,5000000000e+01, 2,4000000000e+01, 1,2000000000e+01, 5,6000000000e-02, 7,1188200000e+03
 1500554700, 5,5000000000e+01, 2,5820000000e+01, 1,2000000000e+01, 5,0000000000e-02, 7,1199100000e+03
 1500555000, 5,5000000000e+01, 2,6000000000e+01, 1,2000000000e+01, 5,0000000000e-02, 7,1203100000e+03
 1500555300, 5,5000000000e+01, 2,6000000000e+01, 1,2000000000e+01, 5,0000000000e-02, 7,1198000000e+03
 1500555600, 5,5000000000e+01, 2,6000000000e+01, 1,2000000000e+01, 5,0000000000e-02, 7,1201100000e+03
 1500555900, 5,5000000000e+01, 2,6000000000e+01, 1,2000000000e+01, 5,0000000000e-02, 7,1198900000e+03
 1500556200, 5,5000000000e+01, 2,6000000000e+01, 1,2000000000e+01, 5,0000000000e-02, 7,1205300000e+03
 1500556500, 5,9550000000e+01, 2,9640000000e+01, 1,3820000000e+01, 5,0000000000e-02, 7,1212900000e+03
 1500556800, 5,6450000000e+01, 2,7160000000e+01, 1,2580000000e+01, 5,0000000000e-02, 7,1192300000e+03
 1500557100, 5,5000000000e+01, 2,4980000000e+01, 1,2000000000e+01, 5,0000000000e-02, 7,1191100000e+03
 1500557400, 5,5000000000e+01, 2,4620000000e+01, 1,2000000000e+01, 5,0000000000e-02, 7,1193100000e+03
 1500557700, 5,5000000000e+01, 2,6000000000e+01, 1,2000000000e+01, 5,0000000000e-02, 7,1193800000e+03
 1500558000, 5,5000000000e+01, 2,6000000000e+01, 1,2000000000e+01, 5,4000000000e-02, 7,1192000000e+03
 1500558300, 5,5000000000e+01, 2,6000000000e+01, 1,2000000000e+01, 6,7300000000e-02, 7,1201100000e+03
 1500558600, 5,5000000000e+01, 2,4580000000e+01, 1,2000000000e+01, 7,0900000000e-02, 7,1205100000e+03
 1500558900, 5,5000000000e+01, 2,5020000000e+01, 1,2000000000e+01, 5,5800000000e-02, 7,1210900000e+03
 1500559200, 5,5000000000e+01, 2,6000000000e+01, 1,2000000000e+01, 5,2000000000e-02, 7,1211100000e+03
 1500559500, 5,5000000000e+01, 2,6000000000e+01, 1,2000000000e+01, 5,2000000000e-02, 7,1208900000e+03
 1500559800, 5,5000000000e+01, 2,6000000000e+01, 1,2000000000e+01, 5,0000000000e-02, 7,1196900000e+03
 1500560100, 5,5000000000e+01, 2,6000000000e+01, 1,2000000000e+01, 5,0000000000e-02, 7,1198200000e+03
 1500560400, 5,5000000000e+01, 2,4580000000e+01, 1,2000000000e+01, 5,8200000000e-02, 7,1198900000e+03
 1500560700, 5,5000000000e+01, 2,5020000000e+01, 1,2000000000e+01, 8,7300000000e-02, 7,1200000000e+03
 1500561000, 5,5000000000e+01, 2,5380000000e+01, 1,2000000000e+01, 9,2000000000e-02, 7,1204200000e+03
 1500561300, 5,5000000000e+01, 2,4000000000e+01, 1,2000000000e+01, 8,9800000000e-02, 7,1198900000e+03
 1500561600, 5,5000000000e+01, 2,4000000000e+01, 1,2000000000e+01, 7,1800000000e-02, 7,1208000000e+03
 1500561900, 5,5000000000e+01, 2,4000000000e+01, 1,2000000000e+01, 5,6900000000e-02, 7,1210000000e+03
 1500562200, 5,5000000000e+01, 2,5420000000e+01, 1,2000000000e+01, 5,0000000000e-02, 7,1210000000e+03
 1500562500, 5,5000000000e+01, 2,6000000000e+01, 1,2000000000e+01, 5,0000000000e-02, 7,1216900000e+03
 1500562800, 5,5000000000e+01, 2,6000000000e+01, 1,2000000000e+01, 5,0000000000e-02, 7,1197100000e+03
 1500563100, 5,5000000000e+01, 2,5780000000e+01, 1,2000000000e+01, 5,0000000000e-02, 7,1199100000e+03
 1500563400, 5,5000000000e+01, 2,4000000000e+01, 1,2000000000e+01, 5,0000000000e-02, 7,1203800000e+03
 1500563700, 5,5000000000e+01, 2,5820000000e+01, 1,2000000000e+01, 5,0000000000e-02, 7,1200000000e+03
 1500564000, 5,5000000000e+01, 2,6000000000e+01, 1,2000000000e+01, 5,0000000000e-02, 7,1198000000e+03
 1500564300, 5,5000000000e+01, 2,6000000000e+01, 1,2000000000e+01, 5,0000000000e-02, 7,1201100000e+03
 1500564600, 5,5000000000e+01, 2,5380000000e+01, 1,2000000000e+01, 5,0000000000e-02, 7,1211100000e+03
 1500564900, 5,5000000000e+01, 2,4220000000e+01, 1,2000000000e+01, 5,6000000000e-02, 7,1206900000e+03
 1500565200, 5,5000000000e+01, 2,6000000000e+01, 1,2000000000e+01, 5,3100000000e-02, 7,1210000000e+03
 1500565500, 5,5000000000e+01, 2,6000000000e+01, 1,2000000000e+01, 5,3100000000e-02, 7,1214100000e+03
 1500565800, 6,9200000000e+01, 3,1680000000e+01, 1,9100000000e+01, 1,4444000000e+00, 7,8097300000e+03
 1500566100, 7,2450000000e+01, 3,2980000000e+01, 2,0980000000e+01, 3,2933000000e+00, 7,4728000000e+03
 1500566400, 6,8450000000e+01, 3,1380000000e+01, 1,8760000000e+01, 5,2406000000e+00, 7,6940100000e+03
 1500566700, 8,7550000000e+01, 4,8040000000e+01, 2,0400000000e+01, 5,9701000000e+00, 7,8162600000e+03
 1500567000, 2,7000000000e+02, 1,9400000000e+02, 5,6000000000e+01, 6,4003000000e+00, 7,4715800000e+03
 1500567300, 2,6545000000e+02, 1,9036000000e+02, 5,6000000000e+01, 7,4842000000e+00, 7,6929600000e+03
 1500567600, 1,2300000000e+02, 7,6400000000e+01, 2,7600000000e+01, 7,4540000000e+00, 7,8199900000e+03
 1500567900, 6,7550000000e+01, 3,2040000000e+01, 1,8040000000e+01, 7,5443000000e+00, 7,4810000000e+03
 1500568200, 7,3100000000e+01, 3,5240000000e+01, 2,1860000000e+01, 8,6253000000e+00, 7,6950300000e+03
 1500568500, 1,0090000000e+02, 5,4940000000e+01, 2,9740000000e+01, 8,1695000000e+00, 7,9333500000e+03
 1500568800, 2,7000000000e+02, 1,9200000000e+02, 6,0000000000e+01, 8,4405000000e+00, 7,3567500000e+03
 1500569100, 2,6090000000e+02, 1,8472000000e+02, 5,6360000000e+01, 8,7397000000e+00, 7,8467100000e+03
 1500569400, 1,7835000000e+02, 1,2436000000e+02, 3,4700000000e+01, 8,5665000000e+00, 7,6243700000e+03
 1500569700, 1,5010000000e+02, 1,0510000000e+02, 2,6000000000e+01, 8,7032000000e+00, 3,7248270000e+04
 1500570000, 1,5500000000e+02, 1,1000000000e+02, 2,6000000000e+01, 8,7906000000e+00, 4,2200710000e+04
 1500570300, 1,5500000000e+02, 1,1022000000e+02, 2,6000000000e+01, 8,8526000000e+00, 4,2201690000e+04
 1500570600, 1,5500000000e+02, 1,1200000000e+02, 2,6000000000e+01, 8,9035000000e+00, 4,2201640000e+04
 1500570900, 1,5955000000e+02, 1,1200000000e+02, 2,6000000000e+01, 8,9513000000e+00, 4,2202800000e+04
 1500571200, 1,5645000000e+02, 1,1058000000e+02, 2,6000000000e+01, 8,9618000000e+00, 4,3704790000e+04
 1500571500, 1,4735000000e+02, 1,0184000000e+02, 2,6000000000e+01, 8,8564000000e+00, 5,1791300000e+04
 1500571800, 1,4775000000e+02, 1,0020000000e+02, 2,6620000000e+01, 8,3707000000e+00, 5,2322310000e+04
 1500572100, 1,6500000000e+02, 1,1422000000e+02, 2,8000000000e+01, 7,8563000000e+00, 5,2337370000e+04
 1500572400, 1,6500000000e+02, 1,1600000000e+02, 2,8000000000e+01, 7,5542000000e+00, 5,2334320000e+04
 1500572700, 1,6045000000e+02, 1,1054000000e+02, 2,8000000000e+01, 7,4901000000e+00, 5,2278920000e+04
 1500573000, 1,6000000000e+02, 1,1284000000e+02, 2,8000000000e+01, 7,3658000000e+00, 5,2296920000e+04
 1500573300, 1,5490000000e+02, 1,0992000000e+02, 2,6980000000e+01, 7,0627000000e+00, 5,2279290000e+04
 1500573600, 1,5465000000e+02, 1,0910000000e+02, 2,6620000000e+01, 6,9706000000e+00, 3,8942030000e+04
 1500573900, 1,5510000000e+02, 1,0698000000e+02, 2,7340000000e+01, 6,2406000000e+00, 7,4594500000e+03
 1500574200, 7,5000000000e+01, 3,4000000000e+01, 2,2000000000e+01, 6,1803000000e+00, 7,6251700000e+03
 1500574500, 1,4780000000e+02, 1,0316000000e+02, 2,5640000000e+01, 6,9626000000e+00, 3,2071990000e+04
 1500574800, 1,5855000000e+02, 1,1142000000e+02, 2,6000000000e+01, 7,5410000000e+00, 4,2212000000e+04
 1500575100, 1,5745000000e+02, 1,1200000000e+02, 2,6000000000e+01, 7,9494000000e+00, 4,2213620000e+04
 1500575400, 1,5655000000e+02, 1,1200000000e+02, 2,6000000000e+01, 8,2506000000e+00, 4,2214200000e+04
 1500575700, 1,6000000000e+02, 1,1200000000e+02, 2,6000000000e+01, 8,4678000000e+00, 4,2214110000e+04
 1500576000, 1,6000000000e+02, 1,1200000000e+02, 2,6000000000e+01, 8,6183000000e+00, 4,2213690000e+04
 1500576300, 1,5545000000e+02, 1,1018000000e+02, 2,6000000000e+01, 8,7188000000e+00, 4,5647030000e+04
 1500576600, 9,4650000000e+01, 5,6040000000e+01, 2,1740000000e+01, 8,8352000000e+00, 4,7047710000e+04
 1500576900, 7,0000000000e+01, 3,2980000000e+01, 1,8980000000e+01, 8,9239000000e+00, 4,7049000000e+04
 1500577200, 7,1550000000e+01, 3,2620000000e+01, 1,9240000000e+01, 8,9776000000e+00, 4,8664580000e+04
 1500577500, 7,5000000000e+01, 3,4000000000e+01, 2,2220000000e+01, 8,9850000000e+00, 5,2106400000e+04
 1500577800, 7,5000000000e+01, 3,4000000000e+01, 2,4000000000e+01, 9,0160000000e+00, 5,2106110000e+04
 1500578100, 7,5000000000e+01, 3,5820000000e+01, 2,2180000000e+01, 8,8703000000e+00, 5,2172700000e+04
 1500578400, 1,3535000000e+02, 8,9960000000e+01, 2,6260000000e+01, 8,1787000000e+00, 5,2337510000e+04
 1500578700, 1,6000000000e+02, 1,1302000000e+02, 2,8000000000e+01, 7,5743000000e+00, 5,2338890000e+04
 1500579000, 1,6155000000e+02, 1,1400000000e+02, 2,8000000000e+01, 7,2247000000e+00, 5,2269950000e+04
 1500579300, 1,6500000000e+02, 1,1400000000e+02, 2,8000000000e+01, 6,8029000000e+00, 5,2292090000e+04
 1500579600, 1,6500000000e+02, 1,1400000000e+02, 2,8000000000e+01, 6,5275000000e+00, 5,2318290000e+04
 1500579900, 1,6045000000e+02, 1,1400000000e+02, 2,8000000000e+01, 6,3919000000e+00, 5,2341020000e+04
 1500580200, 1,6355000000e+02, 1,1400000000e+02, 2,8000000000e+01, 6,4031000000e+00, 5,2340670000e+04
 1500580500, 1,6500000000e+02, 1,1400000000e+02, 2,8000000000e+01, 6,3389000000e+00, 5,2341510000e+04
 1500580800, 1,5880000000e+02, 1,0966000000e+02, 2,7380000000e+01, 6,5287000000e+00, 1,2192070000e+04
 1500581100, 1,4610000000e+02, 1,0110000000e+02, 2,6000000000e+01, 6,9165000000e+00, 2,5069150000e+04
 1500581400, 1,5500000000e+02, 1,1000000000e+02, 2,6000000000e+01, 7,2226000000e+00, 4,2203420000e+04
 1500581700, 1,5500000000e+02, 1,1000000000e+02, 2,6000000000e+01, 7,4449000000e+00, 4,2205420000e+04
 1500582000, 1,5500000000e+02, 1,1142000000e+02, 2,6000000000e+01, 7,6003000000e+00, 4,2204980000e+04
 1500582300, 1,5500000000e+02, 1,1200000000e+02, 2,6000000000e+01, 7,7110000000e+00, 4,2204510000e+04
 1500582600, 1,5500000000e+02, 1,1138000000e+02, 2,6000000000e+01, 7,7946000000e+00, 4,2205220000e+04
 1500582900, 1,4730000000e+02, 1,0230000000e+02, 2,6000000000e+01, 7,8386000000e+00, 4,4669170000e+04
 1500583200, 8,5000000000e+01, 4,0000000000e+01, 2,6000000000e+01, 7,9242000000e+00, 5,1715330000e+04
 1500583500, 1,4870000000e+02, 1,0188000000e+02, 2,7820000000e+01, 7,6386000000e+00, 5,2339730000e+04
 1500583800, 1,6210000000e+02, 1,1226000000e+02, 2,8000000000e+01, 7,1174000000e+00, 5,2335330000e+04
 1500584100, 1,6245000000e+02, 1,1400000000e+02, 2,8000000000e+01, 6,6948000000e+00, 5,2336760000e+04
 1500584400, 1,6155000000e+02, 1,1462000000e+02, 2,8000000000e+01, 6,5194000000e+00, 5,2290710000e+04
 1500584700, 1,6500000000e+02, 1,1600000000e+02, 2,8000000000e+01, 6,4530000000e+00, 5,2334290000e+04
 1500585000, 1,6500000000e+02, 1,1600000000e+02, 2,8000000000e+01, 6,2795000000e+00, 5,2338420000e+04
 1500585300, 1,6045000000e+02, 1,1418000000e+02, 2,8000000000e+01, 6,2491000000e+00, 5,2339530000e+04
 1500585600, 1,6355000000e+02, 1,1542000000e+02, 2,8000000000e+01, 6,2261000000e+00, 5,2338440000e+04
 1500585900, 1,4460000000e+02, 9,7640000000e+01, 2,5960000000e+01, 6,3904000000e+00, 1,2193630000e+04
 1500586200, 1,3430000000e+02, 8,9300000000e+01, 2,4620000000e+01, 6,8309000000e+00, 2,5063630000e+04
 1500586500, 1,5500000000e+02, 1,1000000000e+02, 2,6000000000e+01, 7,1668000000e+00, 4,2192040000e+04
 1500586800, 1,5500000000e+02, 1,1000000000e+02, 2,6000000000e+01, 7,4080000000e+00, 4,2192540000e+04
 1500587100, 1,5500000000e+02, 1,1000000000e+02, 2,6000000000e+01, 7,5734000000e+00, 4,2193530000e+04
 1500587400, 1,5500000000e+02, 1,1000000000e+02, 2,6000000000e+01, 7,7001000000e+00, 4,2192870000e+04
 1500587700, 1,5500000000e+02, 1,1000000000e+02, 2,6000000000e+01, 7,7928000000e+00, 4,2192710000e+04
 1500588000, 1,5655000000e+02, 1,1062000000e+02, 2,6620000000e+01, 7,7422000000e+00, 5,0313510000e+04
 1500588300, 1,6000000000e+02, 1,1222000000e+02, 2,8000000000e+01, 7,4225333333e+00, 5,2335700000e+04
 1500588600, 1,6000000000e+02, 1,1400000000e+02, 2,8000000000e+01, 7,1316000000e+00, 5,2336800000e+04
 1500588900, 1,6000000000e+02, 1,1218000000e+02, 2,8000000000e+01, 6,9363000000e+00, 5,2336510000e+04
 1500589200, 1,6000000000e+02, 1,1342000000e+02, 2,8000000000e+01, 6,9217000000e+00, 5,2336910000e+04
 1500589500, 1,6000000000e+02, 1,1298000000e+02, 2,8000000000e+01, 6,6579000000e+00, 5,2291510000e+04
 1500589800, 1,5690000000e+02, 1,0952000000e+02, 2,7380000000e+01, 6,3673000000e+00, 2,2070420000e+04
 1500590100, 1,5055000000e+02, 1,0466000000e+02, 2,6220000000e+01, 6,7491000000e+00, 1,5159220000e+04
 1500590400, 1,5500000000e+02, 1,1000000000e+02, 2,8000000000e+01, 7,0959000000e+00, 4,2201290000e+04
 1500590700, 1,5500000000e+02, 1,1000000000e+02, 2,6180000000e+01, 7,3471000000e+00, 4,2201710000e+04
 1500591000, 1,5500000000e+02, 1,1000000000e+02, 2,6000000000e+01, 7,5407000000e+00, 4,2201690000e+04
 1500591300, 1,5500000000e+02, 1,1000000000e+02, 2,6000000000e+01, 7,6681000000e+00, 4,2202110000e+04
 1500591600, 1,5500000000e+02, 1,1000000000e+02, 2,6000000000e+01, 7,7781000000e+00, 4,2202400000e+04
 1500591900, 1,5500000000e+02, 1,0956000000e+02, 2,6220000000e+01, 7,8440000000e+00, 4,4291560000e+04
 1500592200, 1,5500000000e+02, 1,0600000000e+02, 2,8000000000e+01, 7,5583000000e+00, 5,2360820000e+04
 1500592500, 1,5955000000e+02, 1,1328000000e+02, 2,8000000000e+01, 7,1924000000e+00, 5,2361000000e+04
 1500592800, 1,6355000000e+02, 1,1542000000e+02, 2,8000000000e+01, 6,7958000000e+00, 5,2362930000e+04
 1500593100, 1,6245000000e+02, 1,1498000000e+02, 2,8000000000e+01, 6,4181000000e+00, 5,2319890000e+04
 1500593400, 1,6155000000e+02, 1,1400000000e+02, 2,8000000000e+01, 6,1005000000e+00, 5,2363110000e+04
 1500593700, 1,6500000000e+02, 1,1400000000e+02, 2,8000000000e+01, 5,9578000000e+00, 5,2364820000e+04
 1500594000, 1,6500000000e+02, 1,1400000000e+02, 2,8000000000e+01, 5,7326000000e+00, 5,2343250000e+04
 1500594300, 1,6500000000e+02, 1,1400000000e+02, 2,8000000000e+01, 5,6401000000e+00, 5,2364310000e+04
 1500594600, 1,6145000000e+02, 1,1258000000e+02, 2,8000000000e+01, 5,3440000000e+00, 1,2406610000e+04
 1500594900, 1,0645000000e+02, 6,7120000000e+01, 1,9840000000e+01, 3,9894000000e+00, 7,1171100000e+03
 1500595200, 5,5000000000e+01, 2,4620000000e+01, 1,2000000000e+01, 2,9017000000e+00, 7,1174200000e+03
 1500595500, 5,5000000000e+01, 2,6000000000e+01, 1,2000000000e+01, 2,1123000000e+00, 7,1179800000e+03
 1500595800, 5,5466666667e+01, 2,6000000000e+01, 1,2186666667e+01, 1,5454666667e+00, 7,1179100000e+03
 1500596100, 6,0000000000e+01, 2,6000000000e+01, 1,4000000000e+01, 1,1506000000e+00, 7,1185100000e+03
 1500596400, 5,5450000000e+01, 2,6000000000e+01, 1,2180000000e+01, 8,5760000000e-01, 7,1184000000e+03
 1500596700, 5,5000000000e+01, 2,6000000000e+01, 1,2000000000e+01, 6,3800000000e-01, 7,1184900000e+03
 1500597000, 5,5000000000e+01, 2,6000000000e+01, 1,2000000000e+01, 4,6750000000e-01, 7,1177100000e+03
 1500597300, 5,5000000000e+01, 2,6000000000e+01, 1,2000000000e+01, 3,4810000000e-01, 7,1184000000e+03
 1500597600, 5,5000000000e+01, 2,6000000000e+01, 1,2000000000e+01, 2,6920000000e-01, 7,1192000000e+03
 1500597900, 5,5000000000e+01, 2,6000000000e+01, 1,2000000000e+01, 2,1580000000e-01, 7,1194000000e+03
 1500598200, 5,5000000000e+01, 2,6000000000e+01, 1,2000000000e+01, 2,1920000000e-01, 7,1195300000e+03
 1500598500, 5,5000000000e+01, 2,6000000000e+01, 1,2000000000e+01, 1,9450000000e-01, 7,1196900000e+03
 1500598800, 5,5000000000e+01, 2,6000000000e+01, 1,2000000000e+01, 1,6690000000e-01, 7,1192000000e+03
 1500599100, 5,5000000000e+01, 2,5380000000e+01, 1,2000000000e+01, 1,4580000000e-01, 7,1187100000e+03
 1500599400, 5,5000000000e+01, 2,4586666667e+01, 1,2000000000e+01, 1,3810000000e-01, 7,1188433333e+03
 1500599700, 5,5000000000e+01, 2,6000000000e+01, 1,2000000000e+01, 1,2083333333e-01, 7,1184333333e+03
 1500600000, 5,5000000000e+01, 2,6000000000e+01, 1,2000000000e+01, 9,7800000000e-02, 7,1184700000e+03
 1500600300, 5,5000000000e+01, 2,6000000000e+01, 1,2000000000e+01, 8,2900000000e-02, 7,1178000000e+03
 1500600600, 5,5000000000e+01, 2,6000000000e+01, 1,2000000000e+01, 7,0900000000e-02, 7,1177700000e+03
 1500600900, 5,5000000000e+01, 2,4980000000e+01, 1,2000000000e+01, 5,5800000000e-02, 7,1186000000e+03
 1500601200, 5,5000000000e+01, 2,4620000000e+01, 1,2000000000e+01, 5,0000000000e-02, 7,1189100000e+03
 1500601500, 5,5000000000e+01, 2,6000000000e+01, 1,2000000000e+01, 5,0000000000e-02, 7,1187100000e+03
 1500601800, 5,5000000000e+01, 2,6000000000e+01, 1,2000000000e+01, 5,0000000000e-02, 7,1188200000e+03
 1500602100, 5,5000000000e+01, 2,6000000000e+01, 1,2000000000e+01, 5,2000000000e-02, 7,1187200000e+03
 1500602400, 5,5000000000e+01, 2,6000000000e+01, 1,2000000000e+01, 6,3100000000e-02, 7,1184000000e+03
 1500602700, 5,5000000000e+01, 2,5000000000e+01, 1,2000000000e+01, 5,7100000000e-02, 7,1186900000e+03
 1500603000, 5,5000000000e+01, 2,4620000000e+01, 1,2000000000e+01, 6,1800000000e-02, 7,1184900000e+03
 1500603300, 5,5000000000e+01, 2,6000000000e+01, 1,2000000000e+01, 5,0000000000e-02, 7,1185100000e+03
 1500603600, 5,5000000000e+01, 2,6000000000e+01, 1,2000000000e+01, 5,0000000000e-02, 7,1181100000e+03
 1500603900, 5,5000000000e+01, 2,4180000000e+01, 1,2000000000e+01, 5,0000000000e-02, 7,1193000000e+03
 1500604200, 5,5000000000e+01, 2,5420000000e+01, 1,2000000000e+01, 6,0200000000e-02, 7,1182900000e+03
 1500604500, 5,5000000000e+01, 2,4980000000e+01, 1,2000000000e+01, 8,6200000000e-02, 7,1186000000e+03
 1500604800, 5,5000000000e+01, 2,4000000000e+01, 1,2000000000e+01, 8,6900000000e-02, 7,1184000000e+03
 1500605100, 5,5000000000e+01, 2,4220000000e+01, 1,2000000000e+01, 7,6900000000e-02, 7,1170000000e+03
 1500605400, 5,5000000000e+01, 2,6000000000e+01, 1,2000000000e+01, 5,7800000000e-02, 7,1170000000e+03
 1500605700, 5,5000000000e+01, 2,6000000000e+01, 1,2000000000e+01, 5,0000000000e-02, 7,1172900000e+03
 1500606000, 5,5000000000e+01, 2,4580000000e+01, 1,2000000000e+01, 5,0000000000e-02, 7,1177100000e+03
 1500606300, 5,5000000000e+01, 2,5020000000e+01, 1,2000000000e+01, 5,0000000000e-02, 7,1181100000e+03
 1500606600, 5,5000000000e+01, 2,6000000000e+01, 1,2000000000e+01, 5,0000000000e-02, 7,1178900000e+03
 1500606900, 5,5000000000e+01, 2,5780000000e+01, 1,2000000000e+01, 5,0000000000e-02, 7,1171466667e+03
 1500607200, 5,5000000000e+01, 2,4180000000e+01, 1,2000000000e+01, 5,0000000000e-02, 7,1182000000e+03
 1500607500, 5,5000000000e+01, 2,6000000000e+01, 1,2000000000e+01, 5,0000000000e-02, 7,1182000000e+03
 1500607800, 5,5000000000e+01, 2,4180000000e+01, 1,2000000000e+01, 5,0000000000e-02, 7,1186000000e+03
 1500608100, 5,5000000000e+01, 2,5420000000e+01, 1,2000000000e+01, 5,0000000000e-02, 7,1172000000e+03
 1500608400, 6,2650000000e+01, 2,6000000000e+01, 1,8120000000e+01, 5,2000000000e-02, 7,1176000000e+03
 1500608700, 6,5350000000e+01, 2,6000000000e+01, 2,0280000000e+01, 6,4200000000e-02, 7,1179100000e+03
 1500609000, 5,5000000000e+01, 2,6000000000e+01, 1,2000000000e+01, 5,3800000000e-02, 7,1184000000e+03
 1500609300, 5,5000000000e+01, 2,6000000000e+01, 1,2000000000e+01, 5,7100000000e-02, 7,1176900000e+03
 1500609600, 5,5000000000e+01, 2,6000000000e+01, 1,2000000000e+01, 5,2900000000e-02, 7,1183100000e+03
 1500609900, 5,5000000000e+01, 2,6000000000e+01, 1,2000000000e+01, 5,0000000000e-02, 7,1188000000e+03
 1500610200, 5,5000000000e+01, 2,6000000000e+01, 1,2000000000e+01, 5,0000000000e-02, 7,1192000000e+03
 1500610500, 5,6550000000e+01, 2,6000000000e+01, 1,2620000000e+01, 7,0400000000e-02, 7,1192000000e+03
 1500610800, 5,9450000000e+01, 2,6000000000e+01, 1,3780000000e+01, 9,6000000000e-02, 7,1187100000e+03
 1500611100, 5,5000000000e+01, 2,6000000000e+01, 1,2000000000e+01, 9,2000000000e-02, 7,1178000000e+03
 1500611400, 5,5000000000e+01, 2,4180000000e+01, 1,2000000000e+01, 8,6000000000e-02, 7,1178000000e+03
 1500611700, 5,5000000000e+01, 2,5420000000e+01, 1,2000000000e+01, 7,7800000000e-02, 7,1182900000e+03
 1500612000, 5,5000000000e+01, 2,4980000000e+01, 1,2000000000e+01, 6,6900000000e-02, 7,1184000000e+03
 1500612300, 5,5000000000e+01, 2,4620000000e+01, 1,2000000000e+01, 5,4900000000e-02, 7,1191300000e+03
 1500612600, 5,5000000000e+01, 2,6000000000e+01, 1,2000000000e+01, 5,0000000000e-02, 7,1191800000e+03
 1500612900, 5,5000000000e+01, 2,6000000000e+01, 1,2000000000e+01, 5,0000000000e-02, 7,1190000000e+03
 1500613200, 5,5000000000e+01, 2,4180000000e+01, 1,2000000000e+01, 5,0000000000e-02, 7,1197100000e+03
 1500613500, 5,5000000000e+01, 2,5420000000e+01, 1,2000000000e+01, 5,0000000000e-02, 7,1198933333e+03
 1500613800, 5,5000000000e+01, 2,6000000000e+01, 1,2000000000e+01, 5,2000000000e-02, 7,1172000000e+03
 1500614100, 5,5000000000e+01, 2,6000000000e+01, 1,2000000000e+01, 5,1100000000e-02, 7,1178000000e+03
 1500614400, 5,5000000000e+01, 2,6000000000e+01, 1,2000000000e+01, 5,0900000000e-02, 7,1181100000e+03
 1500614700, 5,5000000000e+01, 2,6000000000e+01, 1,2000000000e+01, 6,0200000000e-02, 7,1188000000e+03
 1500615000, 5,5000000000e+01, 2,6000000000e+01, 1,2000000000e+01, 5,9800000000e-02, 7,1197300000e+03
 1500615300, 5,5000000000e+01, 2,6000000000e+01, 1,2000000000e+01, 5,0000000000e-02, 7,1196000000e+03
 1500615600, 5,5000000000e+01, 2,6000000000e+01, 1,2000000000e+01, 5,0000000000e-02, 7,1182900000e+03
 1500615900, 5,5000000000e+01, 2,6000000000e+01, 1,2000000000e+01, 5,0000000000e-02, 7,1196200000e+03
 1500616200, 5,5000000000e+01, 2,6000000000e+01, 1,2000000000e+01, 5,0000000000e-02, 7,1196000000e+03
 1500616500, 5,5000000000e+01, 2,6000000000e+01, 1,2000000000e+01, 5,0000000000e-02, 7,1197300000e+03
 1500616800, 5,5000000000e+01, 2,6000000000e+01, 1,2000000000e+01, 6,7300000000e-02, 7,1202300000e+03
 1500617100, 5,5000000000e+01, 2,6000000000e+01, 1,2000000000e+01, 8,0000000000e-02, 7,1191800000e+03
 1500617400, 5,5000000000e+01, 2,6000000000e+01, 1,2000000000e+01, 7,8000000000e-02, 7,1193100000e+03
 1500617700, 5,5000000000e+01, 2,6000000000e+01, 1,2000000000e+01, 8,0000000000e-02, 7,1190000000e+03
 1500618000, 5,5000000000e+01, 2,6000000000e+01, 1,2000000000e+01, 6,7800000000e-02, 7,1184000000e+03
 1500618300, 5,5000000000e+01, 2,6000000000e+01, 1,2000000000e+01, 6,0900000000e-02, 7,1195800000e+03
 1500618600, 5,5000000000e+01, 2,6000000000e+01, 1,2000000000e+01, 5,0000000000e-02, 7,1187100000e+03
 1500618900, 5,5000000000e+01, 2,6000000000e+01, 1,2000000000e+01, 5,0000000000e-02, 7,1200900000e+03
 1500619200, 5,5000000000e+01, 2,4980000000e+01, 1,2000000000e+01, 5,0000000000e-02, 7,1189066667e+03
 1500619500, 5,5000000000e+01, 2,4620000000e+01, 1,2000000000e+01, 5,0000000000e-02, 7,1203100000e+03
 1500619800, 5,5000000000e+01, 2,6000000000e+01, 1,2000000000e+01, 5,2000000000e-02, 7,1192000000e+03
 1500620100, 5,5000000000e+01, 2,6000000000e+01, 1,2000000000e+01, 5,0000000000e-02, 7,1192900000e+03
 1500620400, 5,5000000000e+01, 2,4180000000e+01, 1,2000000000e+01, 5,0000000000e-02, 7,1186000000e+03
 1500620700, 5,5000000000e+01, 2,5420000000e+01, 1,2000000000e+01, 5,8200000000e-02, 7,1200200000e+03
 1500621000, 5,5000000000e+01, 2,4980000000e+01, 1,2000000000e+01, 7,4000000000e-02, 7,1193800000e+03
 1500621300, 5,5000000000e+01, 2,4620000000e+01, 1,2000000000e+01, 6,0900000000e-02, 7,1195100000e+03
 1500621600, 5,5000000000e+01, 2,6000000000e+01, 1,2000000000e+01, 5,0900000000e-02, 7,1196000000e+03
 1500621900, 5,5000000000e+01, 2,6000000000e+01, 1,2000000000e+01, 5,4000000000e-02, 7,1202000000e+03
 1500622200, 5,5000000000e+01, 2,6000000000e+01, 1,2000000000e+01, 5,0000000000e-02, 7,1204000000e+03
 1500622500, 5,5000000000e+01, 2,6000000000e+01, 1,2000000000e+01, 5,0000000000e-02, 7,1198900000e+03
 1500622800, 5,5000000000e+01, 2,6000000000e+01, 1,2000000000e+01, 5,1100000000e-02, 7,1187100000e+03
 1500623100, 5,5000000000e+01, 2,6000000000e+01, 1,2000000000e+01, 5,0900000000e-02, 7,1189100000e+03
 1500623400, 5,5000000000e+01, 2,6000000000e+01, 1,2000000000e+01, 5,0000000000e-02, 7,1190900000e+03
 1500623700, 5,5000000000e+01, 2,6000000000e+01, 1,2000000000e+01, 5,0000000000e-02, 7,1188900000e+03
 1500624000, 5,5000000000e+01, -nan, 1,2000000000e+01, 5,0000000000e-02, 7,1192200000e+03
 1500624300, 5,5000000000e+01, -nan, 1,2000000000e+01, 5,0000000000e-02, 7,1196900000e+03
 1500624600, 5,5000000000e+01, -nan, 1,2000000000e+01, 5,0000000000e-02, 7,1203100000e+03
 1500624900, 5,5000000000e+01, -nan, -nan, -nan, 7,1209100000e+03
 1500625200, 5,5000000000e+01, -nan, -nan, -nan, -nan
 1500625500, 5,5000000000e+01, -nan, -nan, -nan, -nan
 1500625800, 5,5000000000e+01, -nan, -nan, -nan, -nan
 1500626100, 5,5000000000e+01, -nan, -nan, -nan, -nan
 1500626400, -nan, -nan, -nan, -nan, -nan
 1500626700, -nan, -nan, -nan, -nan, -nan
 1500627000, -nan, -nan, -nan, -nan, -nan
 1500627300, -nan, -nan, -nan, -nan, -nan
