 Time, ttl_pwr, cpu_pwr, mem_pwr, cpu_load, mem_load
 1500448500, 5.5000000000e+01, 2.4360000000e+01, 1.2000000000e+01, 5.0000000000e-02, 6.7376200000e+03
 1500448800, 5.5000000000e+01, 2.4000000000e+01, 1.2000000000e+01, 5.0000000000e-02, 6.7369800000e+03
 1500449100, 5.5000000000e+01, 2.4000000000e+01, 1.2000000000e+01, 5.0000000000e-02, 6.7374200000e+03
 1500449400, 5.3900000000e+01, 2.4000000000e+01, 1.1560000000e+01, 5.2200000000e-02, 6.7375800000e+03
 1500449700, 5.0100000000e+01, 2.4000000000e+01, 1.0040000000e+01, 5.6000000000e-02, 6.7374200000e+03
 1500450000, 5.5000000000e+01, 2.4000000000e+01, 1.2000000000e+01, 5.8000000000e-02, 6.7376000000e+03
 1500450300, 5.5000000000e+01, 2.4000000000e+01, 1.0360000000e+01, 7.2400000000e-02, 6.7382000000e+03
 1500450600, 5.5000000000e+01, 2.4000000000e+01, 1.0000000000e+01, 7.3800000000e-02, 6.7380000000e+03
 1500450900, 5.5000000000e+01, 2.4000000000e+01, 1.0000000000e+01, 6.9800000000e-02, 6.7376000000e+03
 1500451200, 5.5000000000e+01, 2.4000000000e+01, 1.0000000000e+01, 5.9800000000e-02, 6.7372000000e+03
 1500451500, 5.5000000000e+01, 2.4000000000e+01, 1.0000000000e+01, 5.0000000000e-02, 6.7375800000e+03
 1500451800, 5.5000000000e+01, 2.4000000000e+01, 1.0000000000e+01, 5.0000000000e-02, 6.7375966667e+03
 1500452100, 5.0900000000e+01, 2.4000000000e+01, 1.0000000000e+01, 5.0000000000e-02, 6.7373800000e+03
 1500452400, 5.3100000000e+01, 2.4000000000e+01, 1.0000000000e+01, 5.0000000000e-02, 6.7368000000e+03
 1500452700, 5.2900000000e+01, 2.4000000000e+01, 1.0000000000e+01, 5.0000000000e-02, 6.7362200000e+03
 1500453000, 5.1100000000e+01, 2.4000000000e+01, 1.0000000000e+01, 5.0000000000e-02, 6.7370000000e+03
 1500453300, 5.5000000000e+01, 2.4040000000e+01, 1.0000000000e+01, 5.0000000000e-02, 6.7366000000e+03
 1500453600, 5.5000000000e+01, 2.6000000000e+01, 1.0000000000e+01, 5.0000000000e-02, 6.7365800000e+03
 1500453900, 5.5000000000e+01, 2.4360000000e+01, 1.1640000000e+01, 5.0000000000e-02, 6.7372400000e+03
 1500454200, 5.1900000000e+01, 2.4000000000e+01, 1.0760000000e+01, 5.2000000000e-02, 6.7367800000e+03
 1500454500, 5.2083333333e+01, 2.4000000000e+01, 1.0000000000e+01, 5.2033333333e-02, 6.7370000000e+03
 1500454800, 5.3900000000e+01, 2.4000000000e+01, 1.0000000000e+01, 5.2000000000e-02, 6.7374200000e+03
 1500455100, 5.0000000000e+01, 2.4000000000e+01, 1.0000000000e+01, 5.0000000000e-02, 6.7376000000e+03
 1500455400, 5.0000000000e+01, 2.4000000000e+01, 1.0000000000e+01, 5.0000000000e-02, 6.7380000000e+03
 1500455700, 5.0000000000e+01, 2.4000000000e+01, 1.1640000000e+01, 5.8200000000e-02, 6.7382000000e+03
 1500456000, 5.3100000000e+01, 2.4000000000e+01, 1.0760000000e+01, 6.0000000000e-02, 6.7382000000e+03
 1500456300, 5.2900000000e+01, 2.4000000000e+01, 1.0000000000e+01, 5.5800000000e-02, 6.7380200000e+03
 1500456600, 5.0000000000e+01, 2.4000000000e+01, 1.0000000000e+01, 5.0000000000e-02, 6.7381600000e+03
 1500456900, 5.0000000000e+01, 2.4000000000e+01, 1.0000000000e+01, 5.0000000000e-02, 6.7378400000e+03
 1500457200, 5.0000000000e+01, 2.4000000000e+01, 1.0000000000e+01, 5.0000000000e-02, 6.7377800000e+03
 1500457500, 5.0000000000e+01, 2.4000000000e+01, 1.0000000000e+01, 5.0000000000e-02, 6.7378033333e+03
 1500457800, 5.0000000000e+01, 2.4000000000e+01, 1.0000000000e+01, 5.0000000000e-02, 6.7380000000e+03
 1500458100, 5.0000000000e+01, 2.4000000000e+01, 1.0000000000e+01, 5.0000000000e-02, 6.7379800000e+03
 1500458400, 5.0000000000e+01, 2.4000000000e+01, 1.0000000000e+01, 5.0000000000e-02, 6.7370200000e+03
 1500458700, 5.0000000000e+01, 2.4000000000e+01, 1.0000000000e+01, 5.0000000000e-02, 6.7374200000e+03
 1500459000, 5.0000000000e+01, 2.4000000000e+01, 1.0000000000e+01, 5.0000000000e-02, 6.7373800000e+03
 1500459300, 5.0000000000e+01, 2.4000000000e+01, 1.0000000000e+01, 5.0000000000e-02, 6.7373800000e+03
 1500459600, 5.3100000000e+01, 2.4000000000e+01, 1.0000000000e+01, 5.0000000000e-02, 6.7373800000e+03
 1500459900, 5.2900000000e+01, 2.4000000000e+01, 1.0000000000e+01, 5.0000000000e-02, 6.7374266667e+03
 1500460200, 5.0000000000e+01, 2.4000000000e+01, 1.0000000000e+01, 5.1000000000e-02, 6.7381200000e+03
 1500460500, 5.0600000000e+01, 2.4240000000e+01, 1.0280000000e+01, 2.5060000000e-01, 6.7428000000e+03
 1500460800, 8.0000000000e+01, 3.6000000000e+01, 2.4000000000e+01, 5.2066666667e-01, 6.7419866667e+03
 1500461100, 7.5900000000e+01, 3.6000000000e+01, 2.4000000000e+01, 7.3360000000e-01, 6.7411600000e+03
 1500461400, 7.1900000000e+01, 3.3520000000e+01, 2.1520000000e+01, 8.8560000000e-01, 6.7400200000e+03
 1500461700, 6.1600000000e+01, 2.8640000000e+01, 1.5800000000e+01, 9.6560000000e-01, 6.7408000000e+03
 1500462000, 5.6600000000e+01, 2.6640000000e+01, 1.3080000000e+01, 1.0310000000e+00, 6.7410200000e+03
 1500462300, 8.0000000000e+01, 3.6000000000e+01, 2.4000000000e+01, 1.0666000000e+00, 6.7426200000e+03
 1500462600, 8.0000000000e+01, 3.6000000000e+01, 2.4000000000e+01, 1.0838000000e+00, 6.7425800000e+03
 1500462900, 7.1800000000e+01, 3.2720000000e+01, 2.0720000000e+01, 1.0924000000e+00, 6.7430200000e+03
 1500463200, 7.6200000000e+01, 3.4480000000e+01, 2.2480000000e+01, 1.1150000000e+00, 6.7428400000e+03
 1500463500, 8.0000000000e+01, 3.6000000000e+01, 2.4000000000e+01, 1.1518000000e+00, 6.7435800000e+03
 1500463800, 7.3400000000e+01, 3.3360000000e+01, 2.0920000000e+01, 1.0898000000e+00, 6.7378200000e+03
 1500464100, 5.0100000000e+01, 2.4000000000e+01, 1.0040000000e+01, 8.1700000000e-01, 6.7339600000e+03
 1500464400, 5.5000000000e+01, 2.4000000000e+01, 1.2000000000e+01, 6.0660000000e-01, 6.7334000000e+03
 1500464700, 5.5000000000e+01, 2.5640000000e+01, 1.2000000000e+01, 4.8020000000e-01, 6.7332800000e+03
 1500465000, 5.1900000000e+01, 2.4760000000e+01, 1.2000000000e+01, 3.6990000000e-01, 6.7371800000e+03
 1500465300, 5.2100000000e+01, 2.4840000000e+01, 1.2000000000e+01, 2.8060000000e-01, 6.7366200000e+03
 1500465600, 5.5000000000e+01, 2.5560000000e+01, 1.2000000000e+01, 2.1080000000e-01, 6.7366000000e+03
 1500465900, 5.5000000000e+01, 2.4000000000e+01, 1.2000000000e+01, 1.5700000000e-01, 6.7374000000e+03
 1500466200, 5.5000000000e+01, 2.4000000000e+01, 1.2000000000e+01, 1.2800000000e-01, 6.7369800000e+03
 1500466500, 5.5000000000e+01, 2.5640000000e+01, 1.2000000000e+01, 1.2160000000e-01, 6.7370200000e+03
 1500466800, 5.5000000000e+01, 2.4760000000e+01, 1.2000000000e+01, 1.0980000000e-01, 6.7380000000e+03
 1500467100, 5.2900000000e+01, 2.4000000000e+01, 1.1160000000e+01, 9.7600000000e-02, 6.7375800000e+03
 1500467400, 5.0000000000e+01, 2.4440000000e+01, 1.0000000000e+01, 7.9800000000e-02, 6.7357800000e+03
 1500467700, 5.0000000000e+01, 2.5960000000e+01, 1.0000000000e+01, 6.7800000000e-02, 6.7354200000e+03
 1500468000, 5.0000000000e+01, 2.4000000000e+01, 1.0000000000e+01, 5.1800000000e-02, 6.7359800000e+03
 1500468300, 5.0000000000e+01, 2.4000000000e+01, 1.0000000000e+01, 6.2400000000e-02, 6.7362400000e+03
 1500468600, 5.0000000000e+01, 2.4000000000e+01, 1.0000000000e+01, 5.7600000000e-02, 6.7359800000e+03
 1500468900, 5.0000000000e+01, 2.4000000000e+01, 1.0000000000e+01, 5.0000000000e-02, 6.7357600000e+03
 1500469200, 5.0000000000e+01, 2.4000000000e+01, 1.0440000000e+01, 5.2000000000e-02, 6.7348400000e+03
 1500469500, 5.0000000000e+01, 2.4000000000e+01, 1.1960000000e+01, 5.0000000000e-02, 6.7344200000e+03
 1500469800, 5.0000000000e+01, 2.4000000000e+01, 1.0000000000e+01, 5.0000000000e-02, 6.7361800000e+03
 1500470100, 5.0000000000e+01, 2.4000000000e+01, 1.0000000000e+01, 5.0000000000e-02, 6.7362400000e+03
 1500470400, 5.0000000000e+01, 2.4000000000e+01, 1.0000000000e+01, 5.0000000000e-02, 6.7363600000e+03
 1500470700, 5.2100000000e+01, 2.4000000000e+01, 1.0840000000e+01, 5.0000000000e-02, 6.7363800000e+03
 1500471000, 5.3900000000e+01, 2.4000000000e+01, 1.1560000000e+01, 5.0000000000e-02, 6.7356533333e+03
 1500471300, 5.0000000000e+01, 2.4000000000e+01, 1.0000000000e+01, 5.0000000000e-02, 6.7367800000e+03
 1500471600, 5.0000000000e+01, 2.4000000000e+01, 1.0000000000e+01, 5.0000000000e-02, 6.7372000000e+03
 1500471900, 5.4100000000e+01, 2.4000000000e+01, 1.1640000000e+01, 5.0000000000e-02, 6.7364000000e+03
 1500472200, 5.5000000000e+01, 2.4000000000e+01, 1.0760000000e+01, 5.0000000000e-02, 6.7368000000e+03
 1500472500, 5.2900000000e+01, 2.4000000000e+01, 1.0000000000e+01, 5.0000000000e-02, 6.7357800000e+03
 1500472800, 5.0000000000e+01, 2.4000000000e+01, 1.0000000000e+01, 5.0000000000e-02, 6.7370600000e+03
 1500473100, 5.0100000000e+01, 2.4000000000e+01, 1.0040000000e+01, 5.0000000000e-02, 6.7371800000e+03
 1500473400, 5.5000000000e+01, 2.4000000000e+01, 1.2000000000e+01, 5.0000000000e-02, 6.7375600000e+03
 1500473700, 5.0900000000e+01, 2.4000000000e+01, 1.0360000000e+01, 5.4200000000e-02, 6.7368200000e+03
 1500474000, 5.0000000000e+01, 2.4000000000e+01, 1.0000000000e+01, 5.1800000000e-02, 6.7372000000e+03
 1500474300, 5.0000000000e+01, 2.4000000000e+01, 1.0840000000e+01, 5.0000000000e-02, 6.7378000000e+03
 1500474600, 5.1100000000e+01, 2.4000000000e+01, 1.2000000000e+01, 6.2400000000e-02, 6.7372200000e+03
 1500474900, 5.4900000000e+01, 2.4000000000e+01, 1.1960000000e+01, 5.7600000000e-02, 6.7380000000e+03
 1500475200, 5.0000000000e+01, 2.4000000000e+01, 1.0000000000e+01, 5.0000000000e-02, 6.7378000000e+03
 1500475500, 5.0000000000e+01, 2.4000000000e+01, 1.0000000000e+01, 5.0000000000e-02, 6.7375800000e+03
 1500475800, 5.0000000000e+01, 2.4000000000e+01, 1.0000000000e+01, 5.0000000000e-02, 6.7378400000e+03
 1500476100, 5.0000000000e+01, 2.4000000000e+01, 1.0840000000e+01, 5.0000000000e-02, 6.7377800000e+03
 1500476400, 5.0000000000e+01, 2.4000000000e+01, 1.1560000000e+01, 5.6000000000e-02, 6.7377800000e+03
 1500476700, 5.0000000000e+01, 2.4000000000e+01, 1.0000000000e+01, 5.0000000000e-02, 6.7372000000e+03
 1500477000, 5.0000000000e+01, 2.4000000000e+01, 1.0000000000e+01, 5.0000000000e-02, 6.7367800000e+03
 1500477300, 5.0000000000e+01, 2.4000000000e+01, 1.0000000000e+01, 5.0000000000e-02, 6.7368200000e+03
 1500477600, 5.0000000000e+01, 2.4000000000e+01, 1.0000000000e+01, 5.2000000000e-02, 6.7374400000e+03
 1500477900, 5.0000000000e+01, 2.4000000000e+01, 1.0000000000e+01, 5.2000000000e-02, 6.7377600000e+03
 1500478200, 5.1100000000e+01, 2.4000000000e+01, 1.0440000000e+01, 5.0000000000e-02, 6.7372000000e+03
 1500478500, 5.5000000000e+01, 2.4000000000e+01, 1.2000000000e+01, 5.0000000000e-02, 6.7367800000e+03
 1500478800, 5.5000000000e+01, 2.4000000000e+01, 1.2000000000e+01, 5.0000000000e-02, 6.7358200000e+03
 1500479100, 5.0900000000e+01, 2.4000000000e+01, 1.0360000000e+01, 5.0000000000e-02, 6.7371600000e+03
 1500479400, 5.0000000000e+01, 2.4000000000e+01, 1.0000000000e+01, 5.0000000000e-02, 6.7364400000e+03
 1500479700, 5.0000000000e+01, 2.4000000000e+01, 1.0000000000e+01, 5.6200000000e-02, 6.7363800000e+03
 1500480000, 5.1100000000e+01, 2.4000000000e+01, 1.0440000000e+01, 6.1800000000e-02, 6.7362200000e+03
 1500480300, 5.4900000000e+01, 2.4000000000e+01, 1.2000000000e+01, 5.0000000000e-02, 6.7366000000e+03
 1500480600, 5.0000000000e+01, 2.4000000000e+01, 1.2000000000e+01, 5.0000000000e-02, 6.7365800000e+03
 1500480900, 5.0000000000e+01, 2.4000000000e+01, 1.0360000000e+01, 5.6000000000e-02, 6.7366000000e+03
 1500481200, 5.3100000000e+01, 2.4000000000e+01, 1.1240000000e+01, 5.0000000000e-02, 6.7366400000e+03
 1500481500, 5.5000000000e+01, 2.4840000000e+01, 1.2000000000e+01, 5.0000000000e-02, 6.7371600000e+03
 1500481800, 5.5000000000e+01, 2.5560000000e+01, 1.2000000000e+01, 5.0000000000e-02, 6.7370200000e+03
 1500482100, 5.5000000000e+01, 2.4000000000e+01, 1.2000000000e+01, 5.0000000000e-02, 6.7367800000e+03
 1500482400, 5.5000000000e+01, 2.4000000000e+01, 1.2000000000e+01, 5.0000000000e-02, 6.7372400000e+03
 1500482700, 5.5000000000e+01, 2.4000000000e+01, 1.2000000000e+01, 5.0000000000e-02, 6.7375800000e+03
 1500483000, 5.1900000000e+01, 2.4000000000e+01, 1.2000000000e+01, 5.0000000000e-02, 6.7367800000e+03
 1500483300, 5.2100000000e+01, 2.4000000000e+01, 1.2000000000e+01, 5.0000000000e-02, 6.7366200000e+03
 1500483600, 5.3900000000e+01, 2.4000000000e+01, 1.1560000000e+01, 5.0000000000e-02, 6.7376600000e+03
 1500483900, 5.0000000000e+01, 2.4000000000e+01, 1.0000000000e+01, 5.0000000000e-02, 6.7385800000e+03
 1500484200, 5.0000000000e+01, 2.4000000000e+01, 1.0000000000e+01, 5.0000000000e-02, 6.7391800000e+03
 1500484500, 5.0000000000e+01, 2.4000000000e+01, 1.1640000000e+01, 5.0000000000e-02, 6.7381800000e+03
 1500484800, 5.0000000000e+01, 2.4000000000e+01, 1.2000000000e+01, 5.0000000000e-02, 6.7382200000e+03
 1500485100, 5.0000000000e+01, 2.4000000000e+01, 1.2000000000e+01, 5.0000000000e-02, 6.7375800000e+03
 1500485400, 5.1100000000e+01, 2.4440000000e+01, 1.2000000000e+01, 5.0000000000e-02, 6.7364200000e+03
 1500485700, 5.5000000000e+01, 2.5960000000e+01, 1.1960000000e+01, 5.0000000000e-02, 6.7361400000e+03
 1500486000, 5.5000000000e+01, 2.4000000000e+01, 1.0000000000e+01, 5.0000000000e-02, 6.7358400000e+03
 1500486300, 5.0900000000e+01, 2.4000000000e+01, 1.0000000000e+01, 6.4200000000e-02, 6.7374200000e+03
 1500486600, 5.3100000000e+01, 2.4000000000e+01, 1.0000000000e+01, 5.3800000000e-02, 6.7372200000e+03
 1500486900, 5.5000000000e+01, 2.4000000000e+01, 1.0840000000e+01, 5.0400000000e-02, 6.7385800000e+03
 1500487200, 5.3900000000e+01, 2.4000000000e+01, 1.1560000000e+01, 5.5600000000e-02, 6.7380200000e+03
 1500487500, 5.0000000000e+01, 2.4000000000e+01, 1.0000000000e+01, 5.0000000000e-02, 6.7380000000e+03
 1500487800, 5.0000000000e+01, 2.4000000000e+01, 1.0000000000e+01, 5.0000000000e-02, 6.7377800000e+03
 1500488100, 5.0000000000e+01, 2.4000000000e+01, 1.0000000000e+01, 5.0000000000e-02, 6.7386200000e+03
 1500488400, 5.3100000000e+01, 2.4000000000e+01, 1.1240000000e+01, 5.2000000000e-02, 6.7388000000e+03
 1500488700, 5.2900000000e+01, 2.4000000000e+01, 1.2000000000e+01, 5.0000000000e-02, 6.7381800000e+03
 1500489000, 5.0000000000e+01, 2.4000000000e+01, 1.1560000000e+01, 5.0000000000e-02, 6.7382200000e+03
 1500489300, 5.0000000000e+01, 2.4000000000e+01, 1.0000000000e+01, 5.0000000000e-02, 6.7381800000e+03
 1500489600, 5.0000000000e+01, 2.4000000000e+01, 1.0000000000e+01, 5.0000000000e-02, 6.7375800000e+03
 1500489900, 5.4100000000e+01, 2.5640000000e+01, 1.1640000000e+01, 5.0000000000e-02, 6.7378400000e+03
 1500490200, 5.1900000000e+01, 2.4760000000e+01, 1.0760000000e+01, 5.0000000000e-02, 6.7381800000e+03
 1500490500, 5.0000000000e+01, 2.4000000000e+01, 1.0000000000e+01, 5.0000000000e-02, 6.7382000000e+03
 1500490800, 5.0000000000e+01, 2.4000000000e+01, 1.0000000000e+01, 5.0000000000e-02, 6.7373800000e+03
 1500491100, 5.0100000000e+01, 2.4000000000e+01, 1.0040000000e+01, 5.2000000000e-02, 6.7374200000e+03
 1500491400, 5.5000000000e+01, 2.4000000000e+01, 1.2000000000e+01, 5.0000000000e-02, 6.7374000000e+03
 1500491700, 5.5000000000e+01, 2.4000000000e+01, 1.2000000000e+01, 5.0000000000e-02, 6.7373800000e+03
 1500492000, 5.1900000000e+01, 2.4000000000e+01, 1.0760000000e+01, 5.0000000000e-02, 6.7372000000e+03
 1500492300, 5.0000000000e+01, 2.4000000000e+01, 1.0000000000e+01, 5.2000000000e-02, 6.7372000000e+03
 1500492600, 5.1100000000e+01, 2.4000000000e+01, 1.0000000000e+01, 5.2200000000e-02, 6.7374200000e+03
 1500492900, 5.5000000000e+01, 2.4040000000e+01, 1.0040000000e+01, 5.7800000000e-02, 6.7378000000e+03
 1500493200, 5.5000000000e+01, 2.6000000000e+01, 1.2000000000e+01, 5.2200000000e-02, 6.7375800000e+03
 1500493500, 5.0900000000e+01, 2.4360000000e+01, 1.2000000000e+01, 5.9800000000e-02, 6.7384200000e+03
 1500493800, 5.0000000000e+01, 2.4000000000e+01, 1.0760000000e+01, 5.0000000000e-02, 6.7386000000e+03
 1500494100, 5.2100000000e+01, 2.4000000000e+01, 1.0000000000e+01, 5.0000000000e-02, 6.7382200000e+03
 1500494400, 5.5000000000e+01, 2.4000000000e+01, 1.0440000000e+01, 5.0000000000e-02, 6.7381800000e+03
 1500494700, 5.5000000000e+01, 2.4000000000e+01, 1.2000000000e+01, 5.0000000000e-02, 6.7388400000e+03
 1500495000, 5.5000000000e+01, 2.4000000000e+01, 1.2000000000e+01, 5.0000000000e-02, 6.7385600000e+03
 1500495300, 5.5000000000e+01, 2.5640000000e+01, 1.2000000000e+01, 5.0000000000e-02, 6.7382200000e+03
 1500495600, 5.5000000000e+01, 2.4760000000e+01, 1.2000000000e+01, 5.0000000000e-02, 6.7390000000e+03
 1500495900, 5.5000000000e+01, 2.4000000000e+01, 1.2000000000e+01, 5.0000000000e-02, 6.7388000000e+03
 1500496200, 5.5000000000e+01, 2.4000000000e+01, 1.2000000000e+01, 5.2000000000e-02, 6.7390000000e+03
 1500496500, 5.5000000000e+01, 2.4000000000e+01, 1.1960000000e+01, 5.0000000000e-02, 6.7388000000e+03
 1500496800, 5.5000000000e+01, 2.4000000000e+01, 1.0000000000e+01, 5.0000000000e-02, 6.7386000000e+03
 1500497100, 5.0900000000e+01, 2.4000000000e+01, 1.0000000000e+01, 5.0000000000e-02, 6.7388000000e+03
 1500497400, 5.3100000000e+01, 2.5240000000e+01, 1.1240000000e+01, 5.0000000000e-02, 6.7379600000e+03
 1500497700, 5.5000000000e+01, 2.5160000000e+01, 1.2000000000e+01, 5.0000000000e-02, 6.7378200000e+03
 1500498000, 5.5000000000e+01, 2.4000000000e+01, 1.2000000000e+01, 5.0000000000e-02, 6.7380000000e+03
 1500498300, 5.5000000000e+01, 2.4040000000e+01, 1.2000000000e+01, 5.0000000000e-02, 6.7386200000e+03
 1500498600, 5.5000000000e+01, 2.6000000000e+01, 1.2000000000e+01, 5.0000000000e-02, 6.7379800000e+03
 1500498900, 5.5000000000e+01, 2.4360000000e+01, 1.2000000000e+01, 5.0000000000e-02, 6.7378000000e+03
 1500499200, 5.5000000000e+01, 2.4000000000e+01, 1.2000000000e+01, 5.0000000000e-02, 6.7378000000e+03
 1500499500, 5.5000000000e+01, 2.4840000000e+01, 1.2000000000e+01, 5.2000000000e-02, 6.7388200000e+03
 1500499800, 5.5000000000e+01, 2.5560000000e+01, 1.1560000000e+01, 5.0000000000e-02, 6.7388000000e+03
 1500500100, 5.5000000000e+01, 2.4000000000e+01, 1.0000000000e+01, 5.0000000000e-02, 6.7388200000e+03
 1500500400, 5.5000000000e+01, 2.4000000000e+01, 1.0000000000e+01, 5.0000000000e-02, 6.7387800000e+03
 1500500700, 5.5000000000e+01, 2.4000000000e+01, 1.0000000000e+01, 5.0000000000e-02, 6.7384000000e+03
 1500501000, 5.5000000000e+01, 2.5240000000e+01, 1.1240000000e+01, 5.0000000000e-02, 6.7388000000e+03
 1500501300, 5.5000000000e+01, 2.5160000000e+01, 1.2000000000e+01, 5.0000000000e-02, 6.7387800000e+03
 1500501600, 5.5000000000e+01, 2.4000000000e+01, 1.1560000000e+01, 5.0000000000e-02, 6.7381800000e+03
 1500501900, 5.5000000000e+01, 2.4000000000e+01, 1.0040000000e+01, 5.0000000000e-02, 6.7378000000e+03
 1500502200, 5.5000000000e+01, 2.4000000000e+01, 1.2000000000e+01, 5.0000000000e-02, 6.7378200000e+03
 1500502500, 5.5000000000e+01, 2.4000000000e+01, 1.2000000000e+01, 5.0000000000e-02, 6.7374200000e+03
 1500502800, 5.5000000000e+01, 2.4000000000e+01, 1.2000000000e+01, 5.0000000000e-02, 6.7381800000e+03
 1500503100, 5.5000000000e+01, 2.4000000000e+01, 1.1160000000e+01, 5.0000000000e-02, 6.7381800000e+03
 1500503400, 5.5000000000e+01, 2.4000000000e+01, 1.0440000000e+01, 5.0000000000e-02, 6.7380400000e+03
 1500503700, 5.5000000000e+01, 2.4000000000e+01, 1.1960000000e+01, 5.0000000000e-02, 6.7390000000e+03
 1500504000, 5.5000000000e+01, 2.4000000000e+01, 1.0000000000e+01, 5.0000000000e-02, 6.7388000000e+03
 1500504300, 5.5000000000e+01, 2.4000000000e+01, 1.0000000000e+01, 5.0000000000e-02, 6.7390000000e+03
 1500504600, 5.5000000000e+01, 2.4000000000e+01, 1.1240000000e+01, 5.0000000000e-02, 6.7392000000e+03
 1500504900, 5.5000000000e+01, 2.4000000000e+01, 1.1160000000e+01, 5.0000000000e-02, 6.7383800000e+03
 1500505200, 5.5000000000e+01, 2.4000000000e+01, 1.0440000000e+01, 5.0000000000e-02, 6.7380000000e+03
 1500505500, 5.5000000000e+01, 2.4000000000e+01, 1.1960000000e+01, 5.0000000000e-02, 6.7382200000e+03
 1500505800, 5.5000000000e+01, 2.4000000000e+01, 1.0000000000e+01, 5.6200000000e-02, 6.7394000000e+03
 1500506100, 5.5000000000e+01, 2.5640000000e+01, 1.1640000000e+01, 5.7800000000e-02, 6.7380000000e+03
 1500506400, 5.5000000000e+01, 2.4760000000e+01, 1.2000000000e+01, 5.0000000000e-02, 6.7375800000e+03
 1500506700, 5.5000000000e+01, 2.4000000000e+01, 1.1160000000e+01, 5.0200000000e-02, 6.7382000000e+03
 1500507000, 5.5000000000e+01, 2.4000000000e+01, 1.0000000000e+01, 5.3800000000e-02, 6.7375800000e+03
 1500507300, 5.5000000000e+01, 2.4000000000e+01, 1.0040000000e+01, 5.0000000000e-02, 6.7372200000e+03
 1500507600, 5.5000000000e+01, 2.4000000000e+01, 1.2000000000e+01, 5.0000000000e-02, 6.7378000000e+03
 1500507900, 5.5000000000e+01, 2.4000000000e+01, 1.2000000000e+01, 5.0000000000e-02, 6.7379800000e+03
 1500508200, 5.5000000000e+01, 2.5240000000e+01, 1.2000000000e+01, 5.0200000000e-02, 6.7374200000e+03
 1500508500, 5.5000000000e+01, 2.5160000000e+01, 1.2000000000e+01, 5.1800000000e-02, 6.7382200000e+03
 1500508800, 5.5000000000e+01, 2.4000000000e+01, 1.1560000000e+01, 5.0000000000e-02, 6.7375800000e+03
 1500509100, 5.5000000000e+01, 2.4000000000e+01, 1.0040000000e+01, 5.0000000000e-02, 6.7377600000e+03
 1500509400, 5.5000000000e+01, 2.4000000000e+01, 1.2000000000e+01, 5.0000000000e-02, 6.7368200000e+03
 1500509700, 5.5000000000e+01, 2.4000000000e+01, 1.0360000000e+01, 5.0000000000e-02, 6.7370200000e+03
 1500510000, 5.5000000000e+01, 2.4000000000e+01, 1.0000000000e+01, 5.0000000000e-02, 6.7375800000e+03
 1500510300, 5.5000000000e+01, 2.4000000000e+01, 1.0840000000e+01, 5.0000000000e-02, 6.7368033333e+03
 1500510600, 5.5000000000e+01, 2.4000000000e+01, 1.2000000000e+01, 5.0000000000e-02, 6.7368000000e+03
 1500510900, 5.5000000000e+01, 2.4000000000e+01, 1.1960000000e+01, 5.0000000000e-02, 6.7368000000e+03
 1500511200, 5.5000000000e+01, 2.4000000000e+01, 1.0000000000e+01, 5.0000000000e-02, 6.7376000000e+03
 1500511500, 5.5000000000e+01, 2.4000000000e+01, 1.1640000000e+01, 5.0000000000e-02, 6.7375800000e+03
 1500511800, 5.5000000000e+01, 2.4000000000e+01, 1.2000000000e+01, 5.0000000000e-02, 6.7374600000e+03
 1500512100, 5.2900000000e+01, 2.4000000000e+01, 1.1160000000e+01, 5.4000000000e-02, 6.7379600000e+03
 1500512400, 5.0000000000e+01, 2.4000000000e+01, 1.0000000000e+01, 5.0000000000e-02, 6.7374400000e+03
 1500512700, 5.0000000000e+01, 2.4000000000e+01, 1.0040000000e+01, 5.0000000000e-02, 6.7382000000e+03
 1500513000, 5.0000000000e+01, 2.4000000000e+01, 1.2000000000e+01, 5.0000000000e-02, 6.7379800000e+03
 1500513300, 5.0000000000e+01, 2.4000000000e+01, 1.0360000000e+01, 5.0000000000e-02, 6.7372000000e+03
 1500513600, 5.0000000000e+01, 2.4000000000e+01, 1.0000000000e+01, 5.0000000000e-02, 6.7386200000e+03
 1500513900, 5.2100000000e+01, 2.4000000000e+01, 1.0840000000e+01, 5.0000000000e-02, 6.7385600000e+03
 1500514200, 5.3900000000e+01, 2.4000000000e+01, 1.2000000000e+01, 5.0000000000e-02, 6.7374400000e+03
 1500514500, 5.0100000000e+01, 2.4000000000e+01, 1.2000000000e+01, 5.0000000000e-02, 6.7381800000e+03
 1500514800, 5.5000000000e+01, 2.4000000000e+01, 1.2000000000e+01, 5.0000000000e-02, 6.7379800000e+03
 1500515100, 5.5000000000e+01, 2.4000000000e+01, 1.2000000000e+01, 5.0000000000e-02, 6.7373800000e+03
 1500515400, 5.1900000000e+01, 2.4000000000e+01, 1.2000000000e+01, 5.0000000000e-02, 6.7380200000e+03
 1500515700, 5.2100000000e+01, 2.4000000000e+01, 1.2000000000e+01, 5.0000000000e-02, 6.7374200000e+03
 1500516000, 5.5000000000e+01, 2.4440000000e+01, 1.2000000000e+01, 5.0000000000e-02, 6.7383800000e+03
 1500516300, 5.5000000000e+01, 2.6000000000e+01, 1.2000000000e+01, 5.0000000000e-02, 6.7378400000e+03
 1500516600, 5.5000000000e+01, 2.6000000000e+01, 1.2000000000e+01, 5.4200000000e-02, 6.7382000000e+03
 1500516900, 5.5000000000e+01, 2.6000000000e+01, 1.2000000000e+01, 5.1800000000e-02, 6.7384000000e+03
 1500517200, 5.5000000000e+01, 2.4760000000e+01, 1.2000000000e+01, 6.0400000000e-02, 6.7398200000e+03
 1500517500, 5.5000000000e+01, 2.4000000000e+01, 1.2000000000e+01, 7.0200000000e-02, 6.7395800000e+03
 1500517800, 5.3900000000e+01, 2.4000000000e+01, 1.2000000000e+01, 7.3600000000e-02, 6.7388200000e+03
 1500518100, 5.0000000000e+01, 2.4000000000e+01, 1.2000000000e+01, 5.1800000000e-02, 6.7393800000e+03
 1500518400, 5.0000000000e+01, 2.4000000000e+01, 1.2000000000e+01, 5.8000000000e-02, 6.7386000000e+03
 1500518700, 5.0000000000e+01, 2.4000000000e+01, 1.0360000000e+01, 5.0000000000e-02, 6.7391800000e+03
 1500519000, 5.3100000000e+01, 2.4000000000e+01, 1.1240000000e+01, 5.0000000000e-02, 6.7390200000e+03
 1500519300, 5.5000000000e+01, 2.4000000000e+01, 1.2000000000e+01, 5.0000000000e-02, 6.7396200000e+03
 1500519600, 5.3900000000e+01, 2.4000000000e+01, 1.2000000000e+01, 5.0000000000e-02, 6.7393800000e+03
 1500519900, 5.0000000000e+01, 2.4000000000e+01, 1.1960000000e+01, 5.0000000000e-02, 6.7384000000e+03
 1500520200, 5.0000000000e+01, 2.4000000000e+01, 1.0000000000e+01, 5.0000000000e-02, 6.7386000000e+03
 1500520500, 5.4100000000e+01, 2.4000000000e+01, 1.0000000000e+01, 5.0000000000e-02, 6.7386000000e+03
 1500520800, 5.5000000000e+01, 2.4000000000e+01, 1.1240000000e+01, 5.0200000000e-02, 6.7385800000e+03
 1500521100, 5.2900000000e+01, 2.4000000000e+01, 1.2000000000e+01, 5.1800000000e-02, 6.7386600000e+03
 1500521400, 5.1100000000e+01, 2.4000000000e+01, 1.2000000000e+01, 5.0200000000e-02, 6.7393800000e+03
 1500521700, 5.4900000000e+01, 2.4000000000e+01, 1.1960000000e+01, 5.1800000000e-02, 6.7393800000e+03
 1500522000, 5.0000000000e+01, 2.4000000000e+01, 1.0000000000e+01, 5.0000000000e-02, 6.7385800000e+03
 1500522300, 5.0000000000e+01, 2.4000000000e+01, 1.0000000000e+01, 5.0000000000e-02, 6.7386200000e+03
 1500522600, 5.3100000000e+01, 2.4000000000e+01, 1.1240000000e+01, 5.0200000000e-02, 6.7392000000e+03
 1500522900, 5.5000000000e+01, 2.4000000000e+01, 1.2000000000e+01, 5.1800000000e-02, 6.7381800000e+03
 1500523200, 5.5000000000e+01, 2.4000000000e+01, 1.2000000000e+01, 5.0000000000e-02, 6.7392400000e+03
 1500523500, 5.4900000000e+01, 2.4000000000e+01, 1.2000000000e+01, 5.0000000000e-02, 6.7393600000e+03
 1500523800, 5.0000000000e+01, 2.4000000000e+01, 1.2000000000e+01, 5.2000000000e-02, 6.7388200000e+03
 1500524100, 5.4100000000e+01, 2.4000000000e+01, 1.2000000000e+01, 5.0000000000e-02, 6.7390000000e+03
 1500524400, 5.5000000000e+01, 2.4000000000e+01, 1.2000000000e+01, 5.0200000000e-02, 6.7385600000e+03
 1500524700, 5.2900000000e+01, 2.4000000000e+01, 1.2000000000e+01, 6.6000000000e-02, 6.7376000000e+03
 1500525000, 5.1100000000e+01, 2.4000000000e+01, 1.2000000000e+01, 5.1800000000e-02, 6.7380200000e+03
 1500525300, 5.5000000000e+01, 2.4000000000e+01, 1.2000000000e+01, 5.0000000000e-02, 6.7384200000e+03
 1500525600, 5.5000000000e+01, 2.4000000000e+01, 1.2000000000e+01, 5.0000000000e-02, 6.7386000000e+03
 1500525900, 5.0900000000e+01, 2.4000000000e+01, 1.2000000000e+01, 5.0000000000e-02, 6.7383800000e+03
 1500526200, 5.3100000000e+01, 2.4000000000e+01, 1.2000000000e+01, 5.0000000000e-02, 6.7384400000e+03
 1500526500, 5.2900000000e+01, 2.4000000000e+01, 1.1160000000e+01, 5.0000000000e-02, 6.7383600000e+03
 1500526800, 5.0000000000e+01, 2.4000000000e+01, 1.0440000000e+01, 5.0000000000e-02, 6.7380000000e+03
 1500527100, 5.0100000000e+01, 2.4000000000e+01, 1.2000000000e+01, 5.2000000000e-02, 6.7382200000e+03
 1500527400, 5.5000000000e+01, 2.4000000000e+01, 1.2000000000e+01, 5.0000000000e-02, 6.7390000000e+03
 1500527700, 5.0900000000e+01, 2.4000000000e+01, 1.0360000000e+01, 5.0000000000e-02, 6.7384200000e+03
 1500528000, 5.0000000000e+01, 2.4000000000e+01, 1.1240000000e+01, 5.0000000000e-02, 6.7396000000e+03
 1500528300, 5.0000000000e+01, 2.4000000000e+01, 1.2000000000e+01, 5.0000000000e-02, 6.7387600000e+03
 1500528600, 5.0000000000e+01, 2.4000000000e+01, 1.1560000000e+01, 5.0000000000e-02, 6.7380400000e+03
 1500528900, 5.0000000000e+01, 2.4000000000e+01, 1.0000000000e+01, 5.0000000000e-02, 6.7387800000e+03
 1500529200, 5.0000000000e+01, 2.4000000000e+01, 1.0000000000e+01, 5.0000000000e-02, 6.7386200000e+03
 1500529500, 5.4100000000e+01, 2.4000000000e+01, 1.1640000000e+01, 5.0000000000e-02, 6.7391800000e+03
 1500529800, 5.5000000000e+01, 2.4000000000e+01, 1.2000000000e+01, 5.0000000000e-02, 6.7389800000e+03
 1500530100, 5.5000000000e+01, 2.4000000000e+01, 1.2000000000e+01, 5.2200000000e-02, 6.7381800000e+03
 1500530400, 5.3900000000e+01, 2.4000000000e+01, 1.2000000000e+01, 5.1800000000e-02, 6.7378400000e+03
 1500530700, 5.0100000000e+01, 2.4000000000e+01, 1.2000000000e+01, 5.0200000000e-02, 6.7389800000e+03
 1500531000, 5.5000000000e+01, 2.4000000000e+01, 1.2000000000e+01, 5.1800000000e-02, 6.7380000000e+03
 1500531300, 5.5000000000e+01, 2.5640000000e+01, 1.2000000000e+01, 5.0000000000e-02, 6.7384000000e+03
 1500531600, 5.1900000000e+01, 2.4760000000e+01, 1.2000000000e+01, 5.0000000000e-02, 6.7384200000e+03
 1500531900, 5.0000000000e+01, 2.4000000000e+01, 1.2000000000e+01, 5.0000000000e-02, 6.7389600000e+03
 1500532200, 5.1100000000e+01, 2.4000000000e+01, 1.2000000000e+01, 5.0000000000e-02, 6.7384400000e+03
 1500532500, 5.4900000000e+01, 2.4000000000e+01, 1.1960000000e+01, 5.0000000000e-02, 6.7385933333e+03
 1500532800, 5.0000000000e+01, 2.4000000000e+01, 1.0000000000e+01, 5.0000000000e-02, 6.7387800000e+03
 1500533100, 5.0000000000e+01, 2.4000000000e+01, 1.0000000000e+01, 5.0000000000e-02, 6.7386200000e+03
 1500533400, 5.3100000000e+01, 2.4000000000e+01, 1.1240000000e+01, 5.0000000000e-02, 6.7390000000e+03
 1500533700, 5.2900000000e+01, 2.4000000000e+01, 1.2000000000e+01, 5.0000000000e-02, 6.7391800000e+03
 1500534000, 5.1100000000e+01, 2.4000000000e+01, 1.2000000000e+01, 5.0000000000e-02, 6.7390200000e+03
 1500534300, 5.4900000000e+01, 2.4000000000e+01, 1.1960000000e+01, 5.0000000000e-02, 6.7393800000e+03
 1500534600, 5.0000000000e+01, 2.4000000000e+01, 1.0000000000e+01, 5.0000000000e-02, 6.7396200000e+03
 1500534900, 5.4100000000e+01, 2.4000000000e+01, 1.0000000000e+01, 5.0000000000e-02, 6.7398200000e+03
 1500535200, 5.1900000000e+01, 2.4000000000e+01, 1.1240000000e+01, 5.0000000000e-02, 6.7392000000e+03
 1500535500, 5.0000000000e+01, 2.4000000000e+01, 1.1160000000e+01, 5.2000000000e-02, 6.7403800000e+03
 1500535800, 5.0000000000e+01, 2.4000000000e+01, 1.0000000000e+01, 5.0000000000e-02, 6.7408200000e+03
 1500536100, 5.0000000000e+01, 2.4000000000e+01, 1.0000000000e+01, 5.0000000000e-02, 6.7408000000e+03
 1500536400, 5.0000000000e+01, 2.4000000000e+01, 1.0000000000e+01, 5.2000000000e-02, 6.7405966667e+03
 1500536700, 5.4100000000e+01, 2.4000000000e+01, 1.0000000000e+01, 5.0000000000e-02, 6.7400200000e+03
 1500537000, 5.1900000000e+01, 2.4000000000e+01, 1.1240000000e+01, 5.4400000000e-02, 6.7405600000e+03
 1500537300, 5.0000000000e+01, 2.4000000000e+01, 1.1160000000e+01, 6.3600000000e-02, 6.7400200000e+03
 1500537600, 5.0000000000e+01, 2.4000000000e+01, 1.0000000000e+01, 5.0000000000e-02, 6.7397800000e+03
 1500537900, 5.0000000000e+01, 2.4000000000e+01, 1.0040000000e+01, 5.0000000000e-02, 6.7400000000e+03
 1500538200, 5.0000000000e+01, 2.4000000000e+01, 1.2000000000e+01, 5.0000000000e-02, 6.7402200000e+03
 1500538500, 5.4100000000e+01, 2.4000000000e+01, 1.2000000000e+01, 5.0000000000e-02, 6.7403800000e+03
 1500538800, 5.1900000000e+01, 2.4000000000e+01, 1.0760000000e+01, 5.0000000000e-02, 6.7398200000e+03
 1500539100, 5.0000000000e+01, 2.4000000000e+01, 1.0000000000e+01, 5.0000000000e-02, 6.7400200000e+03
 1500539400, 5.0000000000e+01, 2.4000000000e+01, 1.0000000000e+01, 5.0000000000e-02, 6.7405800000e+03
 1500539700, 5.0000000000e+01, 2.4000000000e+01, 1.0000000000e+01, 5.0000000000e-02, 6.7402000000e+03
 1500540000, 5.0000000000e+01, 2.4000000000e+01, 1.0000000000e+01, 5.0000000000e-02, 6.7404200000e+03
 1500540300, 5.0000000000e+01, 2.4000000000e+01, 1.0000000000e+01, 5.0000000000e-02, 6.7400000000e+03
 1500540600, 5.3100000000e+01, 2.4000000000e+01, 1.1240000000e+01, 5.0000000000e-02, 6.7405800000e+03
 1500540900, 5.5000000000e+01, 2.4000000000e+01, 1.1160000000e+01, 5.0000000000e-02, 6.7395800000e+03
 1500541200, 5.5000000000e+01, 2.4000000000e+01, 1.0440000000e+01, 5.0000000000e-02, 6.7396200000e+03
 1500541500, 5.5000000000e+01, 2.4000000000e+01, 1.1960000000e+01, 5.0000000000e-02, 6.7400000000e+03
 1500541800, 5.5000000000e+01, 2.4000000000e+01, 1.0000000000e+01, 5.0000000000e-02, 6.7396000000e+03
 1500542100, 5.5000000000e+01, 2.4000000000e+01, 1.1640000000e+01, 5.2200000000e-02, 6.7404000000e+03
 1500542400, 5.5000000000e+01, 2.4000000000e+01, 1.0760000000e+01, 5.8200000000e-02, 6.7396000000e+03
 1500542700, 5.5000000000e+01, 2.4000000000e+01, 1.0840000000e+01, 6.6000000000e-02, 6.7408000000e+03
 1500543000, 5.3900000000e+01, 2.4000000000e+01, 1.1560000000e+01, 5.7600000000e-02, 6.7400400000e+03
 1500543300, 5.0100000000e+01, 2.4000000000e+01, 1.0040000000e+01, 5.6400000000e-02, 6.7411800000e+03
 1500543600, 5.5000000000e+01, 2.4000000000e+01, 1.2000000000e+01, 6.7800000000e-02, 6.7405800000e+03
 1500543900, 5.5000000000e+01, 2.4000000000e+01, 1.0360000000e+01, 5.1800000000e-02, 6.7400000000e+03
 1500544200, 5.5000000000e+01, 2.4000000000e+01, 1.0000000000e+01, 5.0000000000e-02, 6.7404000000e+03
 1500544500, 5.5000000000e+01, 2.4000000000e+01, 1.0840000000e+01, 5.0000000000e-02, 6.7404200000e+03
 1500544800, 5.5000000000e+01, 2.4000000000e+01, 1.2000000000e+01, 5.0000000000e-02, 6.7406000000e+03
 1500545100, 5.5000000000e+01, 2.4000000000e+01, 1.2000000000e+01, 5.0000000000e-02, 6.7409800000e+03
 1500545400, 5.5000000000e+01, 2.4000000000e+01, 1.2000000000e+01, 5.0000000000e-02, 6.7404400000e+03
 1500545700, 5.5000000000e+01, 2.4000000000e+01, 1.0360000000e+01, 5.0000000000e-02, 6.7417800000e+03
 1500546000, 5.5000000000e+01, 2.4000000000e+01, 1.1240000000e+01, 5.0000000000e-02, 6.7412000000e+03
 1500546300, 5.5000000000e+01, 2.4000000000e+01, 1.2000000000e+01, 5.0000000000e-02, 6.7416200000e+03
 1500546600, 5.5000000000e+01, 2.4000000000e+01, 1.2000000000e+01, 5.0800000000e-02, 6.7416233333e+03
 1500546900, 5.5500000000e+01, 2.4240000000e+01, 1.2240000000e+01, 2.3180000000e-01, 6.7423800000e+03
 1500547200, 8.0000000000e+01, 3.6000000000e+01, 2.4000000000e+01, 4.9700000000e-01, 6.7412200000e+03
 1500547500, 7.5900000000e+01, 3.6000000000e+01, 2.2360000000e+01, 7.0520000000e-01, 6.7424000000e+03
 1500547800, 7.8100000000e+01, 3.6000000000e+01, 2.3240000000e+01, 8.4200000000e-01, 6.7440000000e+03
 1500548100, 7.5800000000e+01, 3.5160000000e+01, 2.2320000000e+01, 9.4000000000e-01, 6.7429800000e+03
 1500548400, 7.0000000000e+01, 3.4000000000e+01, 2.0000000000e+01, 1.0090000000e+00, 6.7432000000e+03
 1500548700, 7.0100000000e+01, 3.4000000000e+01, 2.0040000000e+01, 1.0570000000e+00, 6.7432200000e+03
 1500549000, 7.5000000000e+01, 3.4000000000e+01, 2.2000000000e+01, 1.1089666667e+00, 6.7456800000e+03
 1500549300, 7.0900000000e+01, 3.2360000000e+01, 1.8720000000e+01, 1.1482000000e+00, 6.7453600000e+03
 1500549600, 7.3100000000e+01, 3.4480000000e+01, 2.0480000000e+01, 1.1560000000e+00, 6.7456200000e+03
 1500549900, 7.9200000000e+01, 3.8520000000e+01, 2.2000000000e+01, 1.1042000000e+00, 6.7404000000e+03
 1500550200, 7.8400000000e+01, 3.8040000000e+01, 1.9360000000e+01, 8.4280000000e-01, 6.7362800000e+03
 1500550500, 5.5000000000e+01, 2.4000000000e+01, 1.0040000000e+01, 6.1840000000e-01, 6.7390200000e+03
 1500550800, 5.5000000000e+01, 2.4000000000e+01, 1.2000000000e+01, 4.5720000000e-01, 6.7394000000e+03
 1500551100, 5.5000000000e+01, 2.4000000000e+01, 1.0360000000e+01, 3.4420000000e-01, 6.7395600000e+03
 1500551400, 5.5000000000e+01, 2.4000000000e+01, 1.0000000000e+01, 2.6280000000e-01, 6.7382200000e+03
 1500551700, 5.5000000000e+01, 2.4000000000e+01, 1.0000000000e+01, 2.0680000000e-01, 6.7387800000e+03
 1500552000, 5.5000000000e+01, 2.4000000000e+01, 1.0000000000e+01, 1.5940000000e-01, 6.7388400000e+03
 1500552300, 5.5000000000e+01, 2.4000000000e+01, 1.0000000000e+01, 1.2343333333e-01, 6.7395866667e+03
 1500552600, 5.5000000000e+01, 2.4000000000e+01, 1.0000000000e+01, 9.3400000000e-02, 6.7394200000e+03
 1500552900, 5.5000000000e+01, 2.4000000000e+01, 1.0000000000e+01, 6.9600000000e-02, 6.7381800000e+03
 1500553200, 5.5000000000e+01, 2.4000000000e+01, 1.0000000000e+01, 5.1800000000e-02, 6.7388000000e+03
 1500553500, 5.5000000000e+01, 2.4000000000e+01, 1.0000000000e+01, 5.0000000000e-02, 6.7390000000e+03
 1500553800, 5.5000000000e+01, 2.4000000000e+01, 1.0000000000e+01, 5.2000000000e-02, 6.7394400000e+03
 1500554100, 5.4900000000e+01, 2.4000000000e+01, 1.0000000000e+01, 5.0000000000e-02, 6.7399800000e+03
 1500554400, 5.0000000000e+01, 2.4000000000e+01, 1.0000000000e+01, 5.0000000000e-02, 6.7397800000e+03
 1500554700, 7.0500000000e+01, 3.2200000000e+01, 1.9840000000e+01, 5.0000000000e-02, 6.7388200000e+03
 1500555000, 6.2600000000e+01, 2.7800000000e+01, 1.4560000000e+01, 5.0000000000e-02, 6.7385800000e+03
 1500555300, 5.5000000000e+01, 2.4000000000e+01, 1.0000000000e+01, 5.2000000000e-02, 6.7392000000e+03
 1500555600, 5.5000000000e+01, 2.4000000000e+01, 1.0000000000e+01, 5.0000000000e-02, 6.7396000000e+03
 1500555900, 5.5000000000e+01, 2.4000000000e+01, 1.0000000000e+01, 6.8400000000e-02, 6.7389600000e+03
 1500556200, 5.5000000000e+01, 2.4000000000e+01, 1.0000000000e+01, 6.3600000000e-02, 6.7384600000e+03
 1500556500, 5.5000000000e+01, 2.4000000000e+01, 1.0000000000e+01, 5.0000000000e-02, 6.7391800000e+03
 1500556800, 5.5000000000e+01, 2.4000000000e+01, 1.0000000000e+01, 5.0000000000e-02, 6.7385600000e+03
 1500557100, 5.5000000000e+01, 2.4000000000e+01, 1.0840000000e+01, 5.0000000000e-02, 6.7388200000e+03
 1500557400, 5.5000000000e+01, 2.4000000000e+01, 1.1560000000e+01, 5.0000000000e-02, 6.7386200000e+03
 1500557700, 5.5000000000e+01, 2.4000000000e+01, 1.0040000000e+01, 5.0000000000e-02, 6.7390000000e+03
 1500558000, 5.5000000000e+01, 2.4000000000e+01, 1.2000000000e+01, 5.0000000000e-02, 6.7390000000e+03
 1500558300, 5.5000000000e+01, 2.4000000000e+01, 1.0360000000e+01, 5.0000000000e-02, 6.7388200000e+03
 1500558600, 5.5000000000e+01, 2.4000000000e+01, 1.0000000000e+01, 5.0000000000e-02, 6.7393800000e+03
 1500558900, 5.5000000000e+01, 2.4000000000e+01, 1.0840000000e+01, 5.0000000000e-02, 6.7386000000e+03
 1500559200, 5.5000000000e+01, 2.4000000000e+01, 1.1560000000e+01, 5.0000000000e-02, 6.7382000000e+03
 1500559500, 5.4900000000e+01, 2.4000000000e+01, 1.0000000000e+01, 5.0000000000e-02, 6.7390000000e+03
 1500559800, 5.0000000000e+01, 2.4000000000e+01, 1.0000000000e+01, 5.0000000000e-02, 6.7394200000e+03
 1500560100, 5.0000000000e+01, 2.4000000000e+01, 1.0000000000e+01, 5.0000000000e-02, 6.7392000000e+03
 1500560400, 5.0000000000e+01, 2.4000000000e+01, 1.1240000000e+01, 5.0000000000e-02, 6.7399800000e+03
 1500560700, 5.2100000000e+01, 2.4000000000e+01, 1.1160000000e+01, 5.0000000000e-02, 6.7396200000e+03
 1500561000, 5.3900000000e+01, 2.4000000000e+01, 1.0000000000e+01, 5.0200000000e-02, 6.7393800000e+03
 1500561300, 5.0000000000e+01, 2.4000000000e+01, 1.0000000000e+01, 5.7800000000e-02, 6.7396400000e+03
 1500561600, 5.0000000000e+01, 2.4000000000e+01, 1.0000000000e+01, 5.0000000000e-02, 6.7403800000e+03
 1500561900, 5.4100000000e+01, 2.4000000000e+01, 1.0000000000e+01, 5.0200000000e-02, 6.7398000000e+03
 1500562200, 5.1900000000e+01, 2.4000000000e+01, 1.0000000000e+01, 7.6200000000e-02, 6.7391800000e+03
 1500562500, 5.0000000000e+01, 2.4000000000e+01, 1.0000000000e+01, 6.7800000000e-02, 6.7385800000e+03
 1500562800, 5.0000000000e+01, 2.4000000000e+01, 1.0000000000e+01, 5.3800000000e-02, 6.7382000000e+03
 1500563100, 5.0100000000e+01, 2.4040000000e+01, 1.0040000000e+01, 5.0000000000e-02, 6.7384200000e+03
 1500563400, 5.5000000000e+01, 2.6000000000e+01, 1.2000000000e+01, 5.0200000000e-02, 6.7384000000e+03
 1500563700, 5.0900000000e+01, 2.4360000000e+01, 1.0360000000e+01, 5.1800000000e-02, 6.7382000000e+03
 1500564000, 5.0000000000e+01, 2.4000000000e+01, 1.1240000000e+01, 5.0000000000e-02, 6.7386200000e+03
 1500564300, 5.2100000000e+01, 2.4000000000e+01, 1.2000000000e+01, 5.0000000000e-02, 6.7399800000e+03
 1500564600, 5.5000000000e+01, 2.4000000000e+01, 1.2000000000e+01, 5.0000000000e-02, 6.7387800000e+03
 1500564900, 5.5000000000e+01, 2.4040000000e+01, 1.2000000000e+01, 5.0000000000e-02, 6.7388200000e+03
 1500565200, 5.5000000000e+01, 2.6000000000e+01, 1.2000000000e+01, 5.0000000000e-02, 6.7381600000e+03
 1500565500, 5.0900000000e+01, 2.4360000000e+01, 1.2000000000e+01, 5.0000000000e-02, 6.7382200000e+03
 1500565800, 5.3100000000e+01, 2.4000000000e+01, 1.2000000000e+01, 5.0000000000e-02, 6.7382000000e+03
 1500566100, 5.2900000000e+01, 2.4000000000e+01, 1.1160000000e+01, 5.0000000000e-02, 6.7388200000e+03
 1500566400, 5.0000000000e+01, 2.4000000000e+01, 1.0440000000e+01, 1.4900000000e-01, 6.7470400000e+03
 1500566700, 5.0000000000e+01, 2.4000000000e+01, 1.1960000000e+01, 1.7880000000e-01, 6.7385400000e+03
 1500567000, 5.0000000000e+01, 2.4000000000e+01, 1.0000000000e+01, 1.2960000000e-01, 6.7378000000e+03
 1500567300, 5.0000000000e+01, 2.4000000000e+01, 1.0000000000e+01, 1.1380000000e-01, 6.7374000000e+03
 1500567600, 5.0000000000e+01, 2.4000000000e+01, 1.0000000000e+01, 1.0980000000e-01, 6.7361800000e+03
 1500567900, 5.0000000000e+01, 2.4000000000e+01, 1.0000000000e+01, 9.1800000000e-02, 6.7370200000e+03
 1500568200, 8.4100000000e+01, 5.3480000000e+01, 1.3520000000e+01, 1.8016000000e+00, 7.0941800000e+03
 1500568500, 2.0480000000e+02, 1.5776000000e+02, 2.6080000000e+01, 5.1978000000e+00, 7.2133200000e+03
 1500568800, 1.9500000000e+02, 1.4600000000e+02, 3.0000000000e+01, 7.7142000000e+00, 7.0861800000e+03
 1500569100, 1.9090000000e+02, 1.4600000000e+02, 2.6720000000e+01, 9.5968000000e+00, 7.0956800000e+03
 1500569400, 2.0550000000e+02, 1.6088000000e+02, 2.7240000000e+01, 1.0890600000e+01, 7.1187400000e+03
 1500569700, 2.0660000000e+02, 1.6076000000e+02, 2.8000000000e+01, 1.1795000000e+01, 7.2426400000e+03
 1500570000, 1.9170000000e+02, 1.4404000000e+02, 2.8440000000e+01, 1.2329400000e+01, 7.0863200000e+03
 1500570300, 1.8050000000e+02, 1.3060000000e+02, 2.9920000000e+01, 1.2763800000e+01, 7.1212000000e+03
 1500570600, 2.0500000000e+02, 1.6000000000e+02, 2.6000000000e+01, 1.3041466667e+01, 7.1257866667e+03
 1500570900, 2.1320000000e+02, 1.6328000000e+02, 2.9280000000e+01, 1.3169800000e+01, 7.0527600000e+03
 1500571200, 2.0570000000e+02, 1.5532000000e+02, 3.0000000000e+01, 1.3442400000e+01, 7.2325400000e+03
 1500571500, 1.8530000000e+02, 1.3656000000e+02, 3.0000000000e+01, 1.3564800000e+01, 7.1458200000e+03
 1500571800, 1.8150000000e+02, 1.3428000000e+02, 3.0440000000e+01, 1.3374000000e+01, 7.1784600000e+03
 1500572100, 2.3900000000e+02, 1.9096000000e+02, 3.1960000000e+01, 1.3571800000e+01, 7.2065200000e+03
 1500572400, 1.9000000000e+02, 1.4000000000e+02, 3.0000000000e+01, 1.3961200000e+01, 7.0190000000e+03
 1500572700, 2.2280000000e+02, 1.7280000000e+02, 3.0000000000e+01, 1.4000600000e+01, 7.1035600000e+03
 1500573000, 2.3620000000e+02, 1.8620000000e+02, 3.1240000000e+01, 1.3917800000e+01, 7.0891000000e+03
 1500573300, 2.2530000000e+02, 1.7572000000e+02, 3.1160000000e+01, 1.3780200000e+01, 7.2510800000e+03
 1500573600, 2.0720000000e+02, 1.5732000000e+02, 3.0440000000e+01, 1.3918000000e+01, 7.2086400000e+03
 1500573900, 2.1530000000e+02, 1.6240000000e+02, 3.1960000000e+01, 1.4005600000e+01, 7.0810200000e+03
 1500574200, 2.3000000000e+02, 1.8200000000e+02, 3.0000000000e+01, 1.4102000000e+01, 7.1595600000e+03
 1500574500, 2.4230000000e+02, 1.9184000000e+02, 3.1640000000e+01, 1.4051200000e+01, 7.2558400000e+03
 1500574800, 1.9850000000e+02, 1.5060000000e+02, 2.9520000000e+01, 1.4025600000e+01, 7.1805800000e+03
 1500575100, 1.7210000000e+02, 1.2652000000e+02, 2.7160000000e+01, 1.4084600000e+01, 7.2292800000e+03
 1500575400, 1.8160000000e+02, 1.3616000000e+02, 2.6880000000e+01, 1.4011000000e+01, 7.1379800000e+03
 1500575700, 2.0490000000e+02, 1.5784000000e+02, 3.0000000000e+01, 1.4055600000e+01, 7.1970400000e+03
 1500576000, 2.0000000000e+02, 1.5000000000e+02, 3.0000000000e+01, 1.4196600000e+01, 7.1109800000e+03
 1500576300, 2.1230000000e+02, 1.6148000000e+02, 3.1640000000e+01, 1.4350800000e+01, 7.1752000000e+03
 1500576600, 1.9950000000e+02, 1.5160000000e+02, 2.9520000000e+01, 1.4222400000e+01, 7.1040600000e+03
 1500576900, 1.9840000000e+02, 1.5072000000e+02, 2.8840000000e+01, 1.4172200000e+01, 7.0588400000e+03
 1500577200, 2.1550000000e+02, 1.6528000000e+02, 3.0440000000e+01, 1.3901400000e+01, 7.0956000000e+03
 1500577500, 2.3450000000e+02, 1.8360000000e+02, 3.1880000000e+01, 1.3999800000e+01, 7.0968000000e+03
 1500577800, 2.1000000000e+02, 1.6400000000e+02, 2.6000000000e+01, 1.4256000000e+01, 7.2108600000e+03
 1500578100, 2.3460000000e+02, 1.8696000000e+02, 2.7640000000e+01, 1.4336000000e+01, 7.0756400000e+03
 1500578400, 2.1830000000e+02, 1.7092000000e+02, 2.8000000000e+01, 1.4561400000e+01, 7.1684600000e+03
 1500578700, 2.1970000000e+02, 1.7228000000e+02, 2.7160000000e+01, 1.4500600000e+01, 7.1467200000e+03
 1500579000, 2.2460000000e+02, 1.7704000000e+02, 2.6000000000e+01, 1.4197200000e+01, 7.0862200000e+03
 1500579300, 1.7090000000e+02, 1.2480000000e+02, 2.6120000000e+01, 1.3990600000e+01, 7.1318000000e+03
 1500579600, 2.1500000000e+02, 1.6400000000e+02, 3.2000000000e+01, 1.3744600000e+01, 7.0664400000e+03
 1500579900, 1.6990000000e+02, 1.2300000000e+02, 2.7080000000e+01, 1.3730400000e+01, 7.1194800000e+03
 1500580200, 1.7240000000e+02, 1.2516000000e+02, 2.7240000000e+01, 1.3536000000e+01, 7.1445600000e+03
 1500580500, 1.8630000000e+02, 1.3704000000e+02, 2.9680000000e+01, 1.3656800000e+01, 7.1248600000e+03
 1500580800, 2.0270000000e+02, 1.5280000000e+02, 3.1120000000e+01, 1.3812600000e+01, 7.0910600000e+03
 1500581100, 2.2960000000e+02, 1.8360000000e+02, 2.7960000000e+01, 1.3733600000e+01, 7.1512800000e+03
 1500581400, 2.1000000000e+02, 1.6400000000e+02, 2.6000000000e+01, 1.3833400000e+01, 7.0819200000e+03
 1500581700, 2.0590000000e+02, 1.6072000000e+02, 2.7640000000e+01, 1.3760600000e+01, 7.2205000000e+03
 1500582000, 1.9570000000e+02, 1.5008000000e+02, 2.8000000000e+01, 1.3974600000e+01, 7.1984000000e+03
 1500582300, 1.9210000000e+02, 1.4568000000e+02, 2.8840000000e+01, 1.4007600000e+01, 7.1656400000e+03
 1500582600, 2.0050000000e+02, 1.5328000000e+02, 3.0440000000e+01, 1.3966600000e+01, 7.0293000000e+03
 1500582900, 2.1920000000e+02, 1.7124000000e+02, 3.1960000000e+01, 1.3917200000e+01, 7.0593800000e+03
 1500583200, 1.8000000000e+02, 1.3400000000e+02, 3.0000000000e+01, 1.3871800000e+01, 7.1710800000e+03
 1500583500, 1.4720000000e+02, 1.0284000000e+02, 2.6720000000e+01, 1.3861400000e+01, 7.2096200000e+03
 1500583800, 1.5860000000e+02, 1.1460000000e+02, 2.7240000000e+01, 1.4000000000e+01, 7.0912800000e+03
 1500584100, 1.9520000000e+02, 1.4868000000e+02, 2.8840000000e+01, 1.4184600000e+01, 7.1514200000e+03
 1500584400, 2.2780000000e+02, 1.7868000000e+02, 2.9560000000e+01, 1.4048800000e+01, 7.0584600000e+03
 1500584700, 2.1910000000e+02, 1.7316000000e+02, 2.7960000000e+01, 1.3995600000e+01, 7.1560600000e+03
 1500585000, 1.7500000000e+02, 1.3200000000e+02, 2.6000000000e+01, 1.3881600000e+01, 7.0509200000e+03
 1500585300, 1.9960000000e+02, 1.5168000000e+02, 2.9280000000e+01, 1.3740600000e+01, 7.0157000000e+03
 1500585600, 2.2360000000e+02, 1.7460000000e+02, 3.1240000000e+01, 1.3656200000e+01, 7.0298800000e+03
 1500585900, 2.2240000000e+02, 1.7256000000e+02, 3.2000000000e+01, 1.3875000000e+01, 7.2863400000e+03
 1500586200, 2.1270000000e+02, 1.6280000000e+02, 3.1560000000e+01, 1.4087600000e+01, 7.1716800000e+03
 1500586500, 2.3880000000e+02, 1.9284000000e+02, 2.9920000000e+01, 1.4270800000e+01, 7.1619800000e+03
 1500586800, 1.8000000000e+02, 1.3600000000e+02, 2.6000000000e+01, 1.4300200000e+01, 7.0401800000e+03
 1500587100, 1.8410000000e+02, 1.3928000000e+02, 2.7640000000e+01, 1.4122200000e+01, 7.2102400000e+03
 1500587400, 1.9120000000e+02, 1.4372000000e+02, 2.8000000000e+01, 1.3975200000e+01, 7.1149400000e+03
 1500587700, 2.0550000000e+02, 1.5524000000e+02, 2.9680000000e+01, 1.4033600000e+01, 7.1786600000e+03
 1500588000, 2.2550000000e+02, 1.7416000000e+02, 3.2000000000e+01, 1.4020000000e+01, 7.0869200000e+03
 1500588300, 2.4370000000e+02, 1.9480000000e+02, 3.1920000000e+01, 1.4051800000e+01, 7.2781200000e+03
 1500588600, 1.8000000000e+02, 1.3600000000e+02, 2.8000000000e+01, 1.4293000000e+01, 7.1321200000e+03
 1500588900, 1.9230000000e+02, 1.4584000000e+02, 2.9640000000e+01, 1.4097800000e+01, 7.0819600000e+03
 1500589200, 1.8880000000e+02, 1.4304000000e+02, 2.8760000000e+01, 1.3919300000e+01, 7.1710466667e+03
 1500589500, 1.8500000000e+02, 1.4000000000e+02, 2.7160000000e+01, 1.3763600000e+01, 7.0847200000e+03
 1500589800, 1.9160000000e+02, 1.4660000000e+02, 2.6440000000e+01, 1.3647400000e+01, 7.0808200000e+03
 1500590100, 2.1470000000e+02, 1.6968000000e+02, 2.7960000000e+01, 1.3495400000e+01, 7.1844400000e+03
 1500590400, 2.0000000000e+02, 1.5400000000e+02, 2.6000000000e+01, 1.3626400000e+01, 7.0178000000e+03
 1500590700, 1.8770000000e+02, 1.4252000000e+02, 2.7640000000e+01, 1.3732600000e+01, 7.2151800000e+03
 1500591000, 2.0670000000e+02, 1.5984000000e+02, 2.9240000000e+01, 1.3630800000e+01, 7.1016000000e+03
 1500591300, 2.0740000000e+02, 1.5940000000e+02, 2.9160000000e+01, 1.3676600000e+01, 7.1788000000e+03
 1500591600, 1.8670000000e+02, 1.4728000000e+02, 2.7560000000e+01, 1.3712800000e+01, 7.1479200000e+03
 1500591900, 1.7580000000e+02, 1.6600000000e+02, 2.6120000000e+01, 1.3828000000e+01, 7.0311400000e+03
 1500592200, 2.1500000000e+02, 1.6600000000e+02, 3.2000000000e+01, 1.3757000000e+01, 7.1815200000e+03
 1500592500, 2.0270000000e+02, 1.5452000000e+02, 3.0360000000e+01, 1.3653400000e+01, 7.1739400000e+03
 1500592800, 2.2480000000e+02, 1.7556000000e+02, 3.0000000000e+01, 1.3481400000e+01, 7.1227600000e+03
 1500593100, 2.0640000000e+02, 1.5976000000e+02, 2.8320000000e+01, 1.3451200000e+01, 7.1747400000e+03
 1500593400, 1.6550000000e+02, 1.2328000000e+02, 2.6000000000e+01, 1.3598000000e+01, 7.1683200000e+03
 1500593700, 1.8480000000e+02, 1.4172000000e+02, 2.6040000000e+01, 1.3980200000e+01, 7.1315400000e+03
 1500594000, 1.7500000000e+02, 1.2800000000e+02, 2.8000000000e+01, 1.4089066667e+01, 7.1505800000e+03
 1500594300, 2.1600000000e+02, 1.7064000000e+02, 2.6360000000e+01, 1.4035200000e+01, 7.2173800000e+03
 1500594600, 1.9400000000e+02, 1.5024000000e+02, 2.6000000000e+01, 1.4055600000e+01, 7.1524000000e+03
 1500594900, 1.2460000000e+02, 8.7480000000e+01, 2.0120000000e+01, 1.2395000000e+01, 7.0281600000e+03
 1500595200, 5.3900000000e+01, 2.5560000000e+01, 1.1560000000e+01, 9.0016000000e+00, 6.9993800000e+03
 1500595500, 5.0000000000e+01, 2.4000000000e+01, 1.0000000000e+01, 6.5392000000e+00, 6.9988000000e+03
 1500595800, 5.0000000000e+01, 2.4000000000e+01, 1.0000000000e+01, 4.7406000000e+00, 6.9982000000e+03
 1500596100, 5.4100000000e+01, 2.4000000000e+01, 1.1640000000e+01, 3.4588000000e+00, 6.9988000000e+03
 1500596400, 5.1900000000e+01, 2.4000000000e+01, 1.0760000000e+01, 2.5162000000e+00, 6.9988000000e+03
 1500596700, 5.2100000000e+01, 2.4000000000e+01, 1.0840000000e+01, 1.8328000000e+00, 6.9981800000e+03
 1500597000, 5.5000000000e+01, 2.4000000000e+01, 1.2000000000e+01, 1.3480000000e+00, 6.9980200000e+03
 1500597300, 5.5000000000e+01, 2.4040000000e+01, 1.2000000000e+01, 9.9020000000e-01, 6.9983800000e+03
 1500597600, 5.5000000000e+01, 2.6000000000e+01, 1.2000000000e+01, 7.3160000000e-01, 6.9988400000e+03
 1500597900, 5.0900000000e+01, 2.4360000000e+01, 1.0360000000e+01, 5.4100000000e-01, 6.9994000000e+03
 1500598200, 5.3100000000e+01, 2.4000000000e+01, 1.1240000000e+01, 4.0380000000e-01, 6.9998000000e+03
 1500598500, 5.5000000000e+01, 2.4000000000e+01, 1.2000000000e+01, 3.1080000000e-01, 6.9986000000e+03
 1500598800, 5.5000000000e+01, 2.4000000000e+01, 1.2000000000e+01, 2.5900000000e-01, 6.9992000000e+03
 1500599100, 5.5000000000e+01, 2.4000000000e+01, 1.1960000000e+01, 2.0740000000e-01, 6.9994000000e+03
 1500599400, 5.5000000000e+01, 2.4026666667e+01, 1.0026666667e+01, 1.8136666667e-01, 6.9989733333e+03
 1500599700, 5.5000000000e+01, 2.6000000000e+01, 1.2000000000e+01, 1.6996666667e-01, 6.9982200000e+03
 1500600000, 5.5000000000e+01, 2.6000000000e+01, 1.2000000000e+01, 1.4120000000e-01, 6.9984000000e+03
 1500600300, 6.1200000000e+01, 2.8480000000e+01, 1.5720000000e+01, 1.1980000000e-01, 6.9982400000e+03
 1500600600, 6.0800000000e+01, 2.7480000000e+01, 1.5480000000e+01, 9.5400000000e-02, 6.9989600000e+03
 1500600900, 5.5000000000e+01, 2.4440000000e+01, 1.2000000000e+01, 6.9600000000e-02, 6.9990400000e+03
 1500601200, 5.5000000000e+01, 2.5960000000e+01, 1.2000000000e+01, 5.1800000000e-02, 6.9991800000e+03
 1500601500, 5.5000000000e+01, 2.4000000000e+01, 1.2000000000e+01, 5.0000000000e-02, 6.9986000000e+03
 1500601800, 5.5000000000e+01, 2.4000000000e+01, 1.2000000000e+01, 5.0000000000e-02, 6.9987800000e+03
 1500602100, 5.5000000000e+01, 2.4000000000e+01, 1.2000000000e+01, 5.0000000000e-02, 6.9982200000e+03
 1500602400, 5.5000000000e+01, 2.4000000000e+01, 1.2000000000e+01, 5.0000000000e-02, 6.9990200000e+03
 1500602700, 5.5000000000e+01, 2.4000000000e+01, 1.1560000000e+01, 5.0000000000e-02, 6.9987833333e+03
 1500603000, 5.5000000000e+01, 2.4000000000e+01, 1.0000000000e+01, 5.0000000000e-02, 6.9988200000e+03
 1500603300, 5.5000000000e+01, 2.4000000000e+01, 1.0000000000e+01, 5.0000000000e-02, 6.9991800000e+03
 1500603600, 5.5000000000e+01, 2.4000000000e+01, 1.1640000000e+01, 5.0000000000e-02, 6.9990000000e+03
 1500603900, 5.5000000000e+01, 2.4000000000e+01, 1.2000000000e+01, 5.0000000000e-02, 6.9988000000e+03
 1500604200, 5.5000000000e+01, 2.4000000000e+01, 1.1160000000e+01, 5.0200000000e-02, 6.9988200000e+03
 1500604500, 5.5000000000e+01, 2.4000000000e+01, 1.0440000000e+01, 5.1800000000e-02, 6.9998200000e+03
 1500604800, 5.5000000000e+01, 2.4000000000e+01, 1.1960000000e+01, 5.0000000000e-02, 6.9995800000e+03
 1500605100, 5.5000000000e+01, 2.4000000000e+01, 1.0000000000e+01, 5.0000000000e-02, 6.9998000000e+03
 1500605400, 5.5000000000e+01, 2.4000000000e+01, 1.1640000000e+01, 5.0000000000e-02, 6.9999600000e+03
 1500605700, 5.5000000000e+01, 2.4000000000e+01, 1.2000000000e+01, 5.2133333333e-02, 6.9990133333e+03
 1500606000, 5.5000000000e+01, 2.4000000000e+01, 1.1160000000e+01, 6.8000000000e-02, 6.9994000000e+03
 1500606300, 5.5000000000e+01, 2.4000000000e+01, 1.0000000000e+01, 5.1800000000e-02, 6.9993800000e+03
 1500606600, 5.5000000000e+01, 2.4000000000e+01, 1.0000000000e+01, 5.0000000000e-02, 6.9984000000e+03
 1500606900, 5.5000000000e+01, 2.4000000000e+01, 1.0000000000e+01, 5.0000000000e-02, 6.9990200000e+03
 1500607200, 5.5000000000e+01, 2.5640000000e+01, 1.1640000000e+01, 5.0000000000e-02, 6.9996000000e+03
 1500607500, 5.5000000000e+01, 2.4760000000e+01, 1.2000000000e+01, 5.2200000000e-02, 6.9998200000e+03
 1500607800, 5.5000000000e+01, 2.4000000000e+01, 1.2000000000e+01, 5.9800000000e-02, 6.9998000000e+03
 1500608100, 5.5000000000e+01, 2.4000000000e+01, 1.1560000000e+01, 5.0000000000e-02, 7.0006000000e+03
 1500608400, 5.5000000000e+01, 2.4000000000e+01, 1.0000000000e+01, 5.0000000000e-02, 6.9998000000e+03
 1500608700, 5.5000000000e+01, 2.4000000000e+01, 1.0000000000e+01, 5.0000000000e-02, 6.9999800000e+03
 1500609000, 5.5000000000e+01, 2.5640000000e+01, 1.1640000000e+01, 5.2000000000e-02, 7.0002000000e+03
 1500609300, 5.5000000000e+01, 2.4760000000e+01, 1.0760000000e+01, 5.0000000000e-02, 6.9996200000e+03
 1500609600, 5.2900000000e+01, 2.4000000000e+01, 1.0000000000e+01, 5.0000000000e-02, 6.9995800000e+03
 1500609900, 5.1100000000e+01, 2.4000000000e+01, 1.0000000000e+01, 5.0000000000e-02, 7.0004200000e+03
 1500610200, 5.5000000000e+01, 2.4040000000e+01, 1.0040000000e+01, 5.0000000000e-02, 6.9994000000e+03
 1500610500, 5.5000000000e+01, 2.6000000000e+01, 1.2000000000e+01, 5.0000000000e-02, 7.0000000000e+03
 1500610800, 5.5000000000e+01, 2.4360000000e+01, 1.0360000000e+01, 5.0000000000e-02, 6.9997800000e+03
 1500611100, 5.5000000000e+01, 2.4000000000e+01, 1.1240000000e+01, 5.0000000000e-02, 6.9998000000e+03
 1500611400, 5.7100000000e+01, 2.7360000000e+01, 1.2000000000e+01, 5.0000000000e-02, 6.9998200000e+03
 1500611700, 5.7800000000e+01, 3.0240000000e+01, 1.1560000000e+01, 5.0000000000e-02, 6.9997800000e+03
 1500612000, 5.0100000000e+01, 2.4000000000e+01, 1.0040000000e+01, 5.0200000000e-02, 6.9994200000e+03
 1500612300, 5.5000000000e+01, 2.4000000000e+01, 1.2000000000e+01, 6.2000000000e-02, 6.9994000000e+03
 1500612600, 5.5000000000e+01, 2.4000000000e+01, 1.2000000000e+01, 5.1800000000e-02, 6.9993800000e+03
 1500612900, 5.5000000000e+01, 2.4000000000e+01, 1.2000000000e+01, 5.6400000000e-02, 6.9996200000e+03
 1500613200, 5.5000000000e+01, 2.4000000000e+01, 1.2000000000e+01, 6.1800000000e-02, 7.0000000000e+03
 1500613500, 5.5000000000e+01, 2.4000000000e+01, 1.2000000000e+01, 6.1800000000e-02, 7.0000200000e+03
 1500613800, 5.5000000000e+01, 2.4000000000e+01, 1.2000000000e+01, 5.4000000000e-02, 7.0015600000e+03
 1500614100, 5.5000000000e+01, 2.4000000000e+01, 1.2000000000e+01, 5.0000000000e-02, 6.9998200000e+03
 1500614400, 5.5000000000e+01, 2.4000000000e+01, 1.0360000000e+01, 5.0000000000e-02, 7.0002000000e+03
 1500614700, 5.5000000000e+01, 2.4000000000e+01, 1.0000000000e+01, 5.0000000000e-02, 7.0002200000e+03
 1500615000, 5.5000000000e+01, 2.4000000000e+01, 1.0840000000e+01, 5.0000000000e-02, 6.9998000000e+03
 1500615300, 5.5000000000e+01, 2.4000000000e+01, 1.2000000000e+01, 5.0000000000e-02, 7.0004000000e+03
 1500615600, 5.4900000000e+01, 2.4000000000e+01, 1.2000000000e+01, 5.0000000000e-02, 7.0010000000e+03
 1500615900, 5.0000000000e+01, 2.4000000000e+01, 1.2000000000e+01, 5.0000000000e-02, 7.0003800000e+03
 1500616200, 5.0000000000e+01, 2.4000000000e+01, 1.0360000000e+01, 5.0000000000e-02, 7.0008200000e+03
 1500616500, 5.3100000000e+01, 2.5240000000e+01, 1.1240000000e+01, 5.0000000000e-02, 7.0007600000e+03
 1500616800, 5.5000000000e+01, 2.5160000000e+01, 1.2000000000e+01, 5.0000000000e-02, 6.9994000000e+03
 1500617100, 5.3900000000e+01, 2.4000000000e+01, 1.1560000000e+01, 5.0000000000e-02, 6.9994200000e+03
 1500617400, 5.0100000000e+01, 2.4040000000e+01, 1.0000000000e+01, 5.0000000000e-02, 7.0000000000e+03
 1500617700, 5.5000000000e+01, 2.6000000000e+01, 1.0000000000e+01, 5.6000000000e-02, 7.0006200000e+03
 1500618000, 5.5000000000e+01, 2.6000000000e+01, 1.1640000000e+01, 5.4000000000e-02, 7.0005800000e+03
 1500618300, 5.5000000000e+01, 2.4760000000e+01, 1.2000000000e+01, 5.0000000000e-02, 7.0008200000e+03
 1500618600, 5.2900000000e+01, 2.4000000000e+01, 1.2000000000e+01, 5.6000000000e-02, 7.0003800000e+03
 1500618900, 5.1100000000e+01, 2.4000000000e+01, 1.2000000000e+01, 5.0000000000e-02, 7.0000000000e+03
 1500619200, 5.5000000000e+01, 2.4033333333e+01, 1.2000000000e+01, 5.0000000000e-02, 7.0006000000e+03
 1500619500, 5.5000000000e+01, 2.6000000000e+01, 1.2000000000e+01, 5.0200000000e-02, 6.9957200000e+03
 1500619800, 5.5000000000e+01, 2.4360000000e+01, 1.2000000000e+01, 5.3800000000e-02, 6.7475200000e+03
 1500620100, 5.1900000000e+01, 2.4000000000e+01, 1.2000000000e+01, 5.0000000000e-02, 6.7422200000e+03
 1500620400, 5.2100000000e+01, 2.4000000000e+01, 1.2000000000e+01, 5.0000000000e-02, 6.7413600000e+03
 1500620700, 5.3900000000e+01, 2.4000000000e+01, 1.1560000000e+01, 5.0000000000e-02, 6.7420200000e+03
 1500621000, 5.0000000000e+01, 2.4000000000e+01, 1.0000000000e+01, 5.0000000000e-02, 6.7420000000e+03
 1500621300, 5.0000000000e+01, 2.4000000000e+01, 1.0000000000e+01, 5.0000000000e-02, 6.7426200000e+03
 1500621600, 5.0000000000e+01, 2.4000000000e+01, 1.1640000000e+01, 5.2000000000e-02, 6.7424000000e+03
 1500621900, 5.0000000000e+01, 2.4000000000e+01, 1.0760000000e+01, 5.0000000000e-02, 6.7413600000e+03
 1500622200, 5.2100000000e+01, 2.4000000000e+01, 1.0840000000e+01, 5.0000000000e-02, 6.7410400000e+03
 1500622500, 5.3900000000e+01, 2.4000000000e+01, 1.1560000000e+01, 5.0000000000e-02, 6.7419800000e+03
 1500622800, 5.0000000000e+01, 2.4000000000e+01, 1.0000000000e+01, 5.0000000000e-02, 6.7415800000e+03
 1500623100, 5.0000000000e+01, 2.4000000000e+01, 1.0000000000e+01, 5.0000000000e-02, 6.7414200000e+03
 1500623400, 5.0000000000e+01, 2.4000000000e+01, 1.0000000000e+01, 5.2000000000e-02, 6.7410000000e+03
 1500623700, 5.3100000000e+01, 2.4000000000e+01, 1.1240000000e+01, 5.0000000000e-02, 6.7416000000e+03
 1500624000, 5.2900000000e+01, 2.4000000000e+01, 1.1160000000e+01, 5.6000000000e-02, 6.7418000000e+03
 1500624300, 5.0000000000e+01, 2.4000000000e+01, 1.0440000000e+01, 5.0000000000e-02, 6.7416000000e+03
 1500624600, 5.0000000000e+01, 2.4000000000e+01, 1.1960000000e+01, 5.0000000000e-02, 6.7417800000e+03
 1500624900, 5.0000000000e+01, 2.4000000000e+01, 1.0000000000e+01, 5.8000000000e-02, 6.7412000000e+03
 1500625200, 5.0000000000e+01, 2.4000000000e+01, 1.1640000000e+01, 5.0000000000e-02, 6.7412200000e+03
 1500625500, 5.3100000000e+01, 2.4000000000e+01, 1.0760000000e+01, 5.0000000000e-02, 6.7414000000e+03
 1500625800, 5.5000000000e+01, 2.4000000000e+01, 1.0840000000e+01, 5.0000000000e-02, 6.7413800000e+03
 1500626100, 5.3900000000e+01, 2.4000000000e+01, 1.1560000000e+01, 5.0000000000e-02, 6.7412200000e+03
 1500626400, 5.0100000000e+01, 2.4000000000e+01, 1.0040000000e+01, 5.0000000000e-02, 6.7414000000e+03
 1500626700, 5.5000000000e+01, 2.4000000000e+01, 1.2000000000e+01, 5.0000000000e-02, 6.7411800000e+03
 1500627000, 5.0900000000e+01, 2.4000000000e+01, 1.0360000000e+01, 5.0000000000e-02, 6.7416200000e+03
 1500627300, 5.3100000000e+01, 2.4000000000e+01, 1.0000000000e+01, 5.0000000000e-02, 6.7422000000e+03
 1500627600, 5.2900000000e+01, 2.4000000000e+01, 1.0840000000e+01, 5.0000000000e-02, 6.7422200000e+03
 1500627900, 5.0000000000e+01, 2.4000000000e+01, 1.1560000000e+01, 5.0000000000e-02, 6.7415800000e+03
 1500628200, 5.0000000000e+01, 2.4000000000e+01, 1.0040000000e+01, 5.0000000000e-02, 6.7426000000e+03
 1500628500, 5.0000000000e+01, 2.4000000000e+01, 1.2000000000e+01, 5.0000000000e-02, 6.7426200000e+03
 1500628800, 5.0000000000e+01, 2.4000000000e+01, 1.0360000000e+01, 5.0000000000e-02, 6.7421400000e+03
 1500629100, 5.3100000000e+01, 2.4000000000e+01, 1.1240000000e+01, 5.0000000000e-02, 6.7416600000e+03
 1500629400, 5.2900000000e+01, 2.4000000000e+01, 1.1160000000e+01, 5.0000000000e-02, 6.7428200000e+03
 1500629700, 5.0000000000e+01, 2.4000000000e+01, 1.0000000000e+01, 5.0000000000e-02, 6.7431800000e+03
 1500630000, 5.0000000000e+01, 2.4000000000e+01, 1.0040000000e+01, 5.0200000000e-02, 6.7427600000e+03
 1500630300, 5.0000000000e+01, 2.4000000000e+01, 1.2000000000e+01, 6.0000000000e-02, 6.7418000000e+03
 1500630600, 5.0000000000e+01, 2.4000000000e+01, 1.0360000000e+01, 5.3800000000e-02, 6.7418200000e+03
 1500630900, 5.0000000000e+01, 2.4000000000e+01, 1.1240000000e+01, -nan, 6.7409800000e+03
 1500631200, 5.0000000000e+01, 2.4000000000e+01, 1.1160000000e+01, -nan, 6.7414200000e+03
 1500631500, 5.0000000000e+01, 2.4000000000e+01, 1.0000000000e+01, -nan, 6.7411800000e+03
 1500631800, 5.0000000000e+01, 2.4000000000e+01, 1.0040000000e+01, -nan, 6.7406200000e+03
 1500632100, 5.0000000000e+01, 2.4000000000e+01, -nan, -nan, 6.7410000000e+03
 1500632400, -nan, 2.4000000000e+01, -nan, -nan, -nan
 1500632700, -nan, 2.4000000000e+01, -nan, -nan, -nan
 1500633000, -nan, 2.4000000000e+01, -nan, -nan, -nan
 1500633300, -nan, 2.6640000000e+01, -nan, -nan, -nan
 1500633600, -nan, -nan, -nan, -nan, -nan
 1500633900, -nan, -nan, -nan, -nan, -nan
 1500634200, -nan, -nan, -nan, -nan, -nan
 1500634500, -nan, -nan, -nan, -nan, -nan
 1500634800, -nan, -nan, -nan, -nan, -nan
