 Time, ttl_pwr, cpu_pwr, mem_pwr, cpu_load, mem_load
 1500448500, 5.9950000000e+01, 2.7960000000e+01, 1.2000000000e+01, 5.7800000000e-02, 1.0119800000e+04
 1500448800, 5.5000000000e+01, 2.4000000000e+01, 1.2000000000e+01, 5.0000000000e-02, 1.0118580000e+04
 1500449100, 5.5000000000e+01, 2.5620000000e+01, 1.2000000000e+01, 5.0000000000e-02, 1.0119420000e+04
 1500449400, 5.1950000000e+01, 2.4780000000e+01, 1.2000000000e+01, 5.0000000000e-02, 1.0119800000e+04
 1500449700, 5.2050000000e+01, 2.4000000000e+01, 1.2000000000e+01, 5.8100000000e-02, 1.0119200000e+04
 1500450000, 5.5000000000e+01, 2.4000000000e+01, 1.2000000000e+01, 5.5900000000e-02, 1.0120200000e+04
 1500450300, 5.4950000000e+01, 2.4000000000e+01, 1.2000000000e+01, 5.4066666667e-02, 1.0120600000e+04
 1500450600, 5.0000000000e+01, 2.4000000000e+01, 1.2000000000e+01, 5.3900000000e-02, 1.0119190000e+04
 1500450900, 5.4050000000e+01, 2.4000000000e+01, 1.2000000000e+01, 5.0000000000e-02, 1.0119800000e+04
 1500451200, 5.1950000000e+01, 2.4000000000e+01, 1.0780000000e+01, 5.0000000000e-02, 1.0119000000e+04
 1500451500, 5.0000000000e+01, 2.4000000000e+01, 1.0000000000e+01, 5.0000000000e-02, 1.0119200000e+04
 1500451800, 5.1050000000e+01, 2.4000000000e+01, 1.0000000000e+01, 5.0000000000e-02, 1.0118800000e+04
 1500452100, 5.5000000000e+01, 2.4000000000e+01, 1.0020000000e+01, 5.0000000000e-02, 1.0119420000e+04
 1500452400, 5.5000000000e+01, 2.4000000000e+01, 1.2000000000e+01, 5.0000000000e-02, 1.0119590000e+04
 1500452700, 5.0950000000e+01, 2.4000000000e+01, 1.2000000000e+01, 5.0000000000e-02, 1.0121020000e+04
 1500453000, 5.3050000000e+01, 2.4000000000e+01, 1.0780000000e+01, 5.0000000000e-02, 1.0121380000e+04
 1500453300, 5.2950000000e+01, 2.4000000000e+01, 1.0000000000e+01, 5.0000000000e-02, 1.0121000000e+04
 1500453600, 5.1050000000e+01, 2.4000000000e+01, 1.0000000000e+01, 5.0000000000e-02, 1.0119610000e+04
 1500453900, 5.5000000000e+01, 2.4040000000e+01, 1.0020000000e+01, 5.0000000000e-02, 1.0120000000e+04
 1500454200, 5.5000000000e+01, 2.8000000000e+01, 1.2000000000e+01, 6.2300000000e-02, 1.0120010000e+04
 1500454500, 5.5000000000e+01, 2.4760000000e+01, 1.2000000000e+01, 7.7900000000e-02, 1.0120600000e+04
 1500454800, 5.1950000000e+01, 2.4000000000e+01, 1.0780000000e+01, 6.3900000000e-02, 1.0120410000e+04
 1500455100, 5.0000000000e+01, 2.4000000000e+01, 1.0820000000e+01, 6.0100000000e-02, 1.0120400000e+04
 1500455400, 5.1050000000e+01, 2.4000000000e+01, 1.2000000000e+01, 5.9800000000e-02, 1.0121210000e+04
 1500455700, 5.5000000000e+01, 2.4000000000e+01, 1.2000000000e+01, 5.4000000000e-02, 1.0120610000e+04
 1500456000, 5.5000000000e+01, 2.4000000000e+01, 1.2000000000e+01, 5.2000000000e-02, 1.0121000000e+04
 1500456300, 5.9050000000e+01, 2.7240000000e+01, 1.3620000000e+01, 5.0000000000e-02, 1.0121140000e+04
 1500456600, 5.3900000000e+01, 2.5560000000e+01, 1.1560000000e+01, 5.0000000000e-02, 1.0119390000e+04
 1500456900, 5.2050000000e+01, 2.4000000000e+01, 1.0820000000e+01, 5.2000000000e-02, 1.0119816667e+04
 1500457200, 5.5000000000e+01, 2.4000000000e+01, 1.1580000000e+01, 5.0000000000e-02, 1.0121000000e+04
 1500457500, 5.5000000000e+01, 2.4000000000e+01, 1.0000000000e+01, 5.0100000000e-02, 1.0121210000e+04
 1500457800, 5.5000000000e+01, 2.4000000000e+01, 1.0000000000e+01, 5.7900000000e-02, 1.0120380000e+04
 1500458100, 5.0950000000e+01, 2.4000000000e+01, 1.0000000000e+01, 5.0000000000e-02, 1.0120620000e+04
 1500458400, 5.3016666667e+01, 2.4000000000e+01, 1.0000000000e+01, 5.2000000000e-02, 1.0121403333e+04
 1500458700, 5.5000000000e+01, 2.4000000000e+01, 1.0000000000e+01, 5.6100000000e-02, 1.0122210000e+04
 1500459000, 5.5000000000e+01, 2.4840000000e+01, 1.0000000000e+01, 5.3900000000e-02, 1.0122400000e+04
 1500459300, 5.5000000000e+01, 2.8000000000e+01, 1.0020000000e+01, 5.6000000000e-02, 1.0122190000e+04
 1500459600, 5.5000000000e+01, 2.8000000000e+01, 1.2000000000e+01, 5.0000000000e-02, 1.0121200000e+04
 1500459900, 5.5000000000e+01, 2.4760000000e+01, 1.2000000000e+01, 5.0000000000e-02, 1.0121210000e+04
 1500460200, 5.5000000000e+01, 2.4000000000e+01, 1.2000000000e+01, 5.0200000000e-02, 1.0121400000e+04
 1500460500, 5.5000000000e+01, 2.4000000000e+01, 1.1180000000e+01, 7.0100000000e-02, 1.0121790000e+04
 1500460800, 5.5000000000e+01, 2.4000000000e+01, 1.0000000000e+01, 8.4000000000e-02, 1.0121820000e+04
 1500461100, 5.4950000000e+01, 2.4000000000e+01, 1.0000000000e+01, 6.5800000000e-02, 1.0121990000e+04
 1500461400, 5.0000000000e+01, 2.4000000000e+01, 1.0000000000e+01, 5.1900000000e-02, 1.0122610000e+04
 1500461700, 5.4050000000e+01, 2.4000000000e+01, 1.1620000000e+01, 5.0000000000e-02, 1.0123010000e+04
 1500462000, 5.5000000000e+01, 2.4000000000e+01, 1.2000000000e+01, 5.0000000000e-02, 1.0124390000e+04
 1500462300, 5.5000000000e+01, 2.4000000000e+01, 1.2000000000e+01, 5.2000000000e-02, 1.0122000000e+04
 1500462600, 5.5000000000e+01, 2.4000000000e+01, 1.2000000000e+01, 5.0100000000e-02, 1.0122000000e+04
 1500462900, 5.5000000000e+01, 2.4000000000e+01, 1.1980000000e+01, 5.3900000000e-02, 1.0122800000e+04
 1500463200, 5.5000000000e+01, 2.4000000000e+01, 1.0000000000e+01, 5.0000000000e-02, 1.0121800000e+04
 1500463500, 5.5000000000e+01, 2.4000000000e+01, 1.1620000000e+01, 5.0000000000e-02, 1.0122400000e+04
 1500463800, 5.5000000000e+01, 2.4000000000e+01, 1.2000000000e+01, 5.0000000000e-02, 1.0122200000e+04
 1500464100, 5.2950000000e+01, 2.4000000000e+01, 1.2000000000e+01, 5.0000000000e-02, 1.0122190000e+04
 1500464400, 5.1050000000e+01, 2.4000000000e+01, 1.2000000000e+01, 5.0000000000e-02, 1.0122400000e+04
 1500464700, 5.5000000000e+01, 2.4000000000e+01, 1.2000000000e+01, 5.2000000000e-02, 1.0123010000e+04
 1500465000, 5.5000000000e+01, 2.4000000000e+01, 1.2000000000e+01, 5.2000000000e-02, 1.0122590000e+04
 1500465300, 5.5000000000e+01, 2.7240000000e+01, 1.2000000000e+01, 5.0100000000e-02, 1.0121810000e+04
 1500465600, 5.5000000000e+01, 2.6780000000e+01, 1.2000000000e+01, 5.3900000000e-02, 1.0123420000e+04
 1500465900, 5.5000000000e+01, 2.5180000000e+01, 1.2000000000e+01, 5.0000000000e-02, 1.0123590000e+04
 1500466200, 5.3950000000e+01, 2.4000000000e+01, 1.2000000000e+01, 5.0000000000e-02, 1.0123020000e+04
 1500466500, 5.0000000000e+01, 2.4000000000e+01, 1.1980000000e+01, 5.2200000000e-02, 1.0123400000e+04
 1500466800, 5.0000000000e+01, 2.4000000000e+01, 1.0000000000e+01, 7.0000000000e-02, 1.0123980000e+04
 1500467100, 5.0000000000e+01, 2.4000000000e+01, 1.0000000000e+01, 6.7900000000e-02, 1.0123800000e+04
 1500467400, 5.3050000000e+01, 2.4000000000e+01, 1.0000000000e+01, 5.1900000000e-02, 1.0123810000e+04
 1500467700, 5.2950000000e+01, 2.4000000000e+01, 1.0000000000e+01, 5.0000000000e-02, 1.0123590000e+04
 1500468000, 5.1050000000e+01, 2.4000000000e+01, 1.0420000000e+01, 5.0000000000e-02, 1.0124600000e+04
 1500468300, 5.4950000000e+01, 2.4000000000e+01, 1.2000000000e+01, 5.2100000000e-02, 1.0122210000e+04
 1500468600, 5.0000000000e+01, 2.4000000000e+01, 1.2000000000e+01, 6.0000000000e-02, 1.0123610000e+04
 1500468900, 5.4050000000e+01, 2.5620000000e+01, 1.2000000000e+01, 5.1900000000e-02, 1.0124420000e+04
 1500469200, 5.1950000000e+01, 2.4780000000e+01, 1.2000000000e+01, 5.0000000000e-02, 1.0124590000e+04
 1500469500, 5.2050000000e+01, 2.4000000000e+01, 1.1180000000e+01, 5.0000000000e-02, 1.0124600000e+04
 1500469800, 5.3950000000e+01, 2.4000000000e+01, 1.0000000000e+01, 5.0100000000e-02, 1.0124810000e+04
 1500470100, 5.0050000000e+01, 2.4020000000e+01, 1.0020000000e+01, 5.3900000000e-02, 1.0125210000e+04
 1500470400, 5.5000000000e+01, 2.6000000000e+01, 1.2000000000e+01, 5.0000000000e-02, 1.0125410000e+04
 1500470700, 5.5000000000e+01, 2.4380000000e+01, 1.2000000000e+01, 5.4000000000e-02, 1.0125200000e+04
 1500471000, 5.5000000000e+01, 2.4000000000e+01, 1.2000000000e+01, 5.0000000000e-02, 1.0125350000e+04
 1500471300, 6.1150000000e+01, 2.8100000000e+01, 1.5280000000e+01, 5.0000000000e-02, 1.0123200000e+04
 1500471600, 6.5800000000e+01, 3.1900000000e+01, 1.7900000000e+01, 5.0000000000e-02, 1.0124000000e+04
 1500471900, 5.0050000000e+01, 2.4000000000e+01, 1.0020000000e+01, 5.0000000000e-02, 1.0124590000e+04
 1500472200, 5.5000000000e+01, 2.4000000000e+01, 1.2000000000e+01, 5.2000000000e-02, 1.0124210000e+04
 1500472500, 5.9050000000e+01, 2.8860000000e+01, 1.3620000000e+01, 5.0000000000e-02, 1.0125010000e+04
 1500472800, 5.6950000000e+01, 2.7560000000e+01, 1.2780000000e+01, 5.2000000000e-02, 1.0125790000e+04
 1500473100, 5.2950000000e+01, 2.5180000000e+01, 1.1180000000e+01, 5.8200000000e-02, 1.0125410000e+04
 1500473400, 5.0000000000e+01, 2.4000000000e+01, 1.0000000000e+01, 7.6000000000e-02, 1.0125990000e+04
 1500473700, 5.0050000000e+01, 2.4000000000e+01, 1.0020000000e+01, 5.9900000000e-02, 1.0125220000e+04
 1500474000, 5.5000000000e+01, 2.4000000000e+01, 1.2000000000e+01, 5.3900000000e-02, 1.0125390000e+04
 1500474300, 5.5000000000e+01, 2.4000000000e+01, 1.2000000000e+01, 5.2100000000e-02, 1.0124780000e+04
 1500474600, 5.5000000000e+01, 2.4000000000e+01, 1.2000000000e+01, 6.2100000000e-02, 1.0123800000e+04
 1500474900, 5.5000000000e+01, 2.4000000000e+01, 1.2000000000e+01, 7.0000000000e-02, 1.0124190000e+04
 1500475200, 5.5000000000e+01, 2.4000000000e+01, 1.2000000000e+01, 5.7800000000e-02, 1.0123990000e+04
 1500475500, 5.5000000000e+01, 2.4000000000e+01, 1.1980000000e+01, 5.0000000000e-02, 1.0124420000e+04
 1500475800, 5.5000000000e+01, 2.4000000000e+01, 1.0000000000e+01, 5.0000000000e-02, 1.0124400000e+04
 1500476100, 5.0950000000e+01, 2.4000000000e+01, 1.0000000000e+01, 5.0000000000e-02, 1.0125610000e+04
 1500476400, 5.0000000000e+01, 2.4000000000e+01, 1.0000000000e+01, 5.0000000000e-02, 1.0125990000e+04
 1500476700, 5.4100000000e+01, 2.7280000000e+01, 1.0820000000e+01, 5.2100000000e-02, 1.0124800000e+04
 1500477000, 5.7900000000e+01, 3.0320000000e+01, 1.2000000000e+01, 5.1900000000e-02, 1.0125580000e+04
 1500477300, 5.0050000000e+01, 2.4020000000e+01, 1.2000000000e+01, 5.4100000000e-02, 1.0123810000e+04
 1500477600, 5.5000000000e+01, 2.6000000000e+01, 1.2000000000e+01, 5.3900000000e-02, 1.0123400000e+04
 1500477900, 5.5000000000e+01, 2.6000000000e+01, 1.2000000000e+01, 5.0000000000e-02, 1.0123790000e+04
 1500478200, 5.5000000000e+01, 2.6000000000e+01, 1.2000000000e+01, 5.4000000000e-02, 1.0123210000e+04
 1500478500, 5.5000000000e+01, 2.6000000000e+01, 1.2000000000e+01, 5.0000000000e-02, 1.0124010000e+04
 1500478800, 5.5000000000e+01, 2.5580000000e+01, 1.2000000000e+01, 5.2000000000e-02, 1.0124810000e+04
 1500479100, 5.5000000000e+01, 2.4000000000e+01, 1.1980000000e+01, 5.8700000000e-02, 1.0125650000e+04
 1500479400, 5.5000000000e+01, 2.4000000000e+01, 1.0000000000e+01, 2.4070000000e-01, 1.0130410000e+04
 1500479700, 6.7150000000e+01, 2.8860000000e+01, 1.6480000000e+01, 4.7790000000e-01, 1.0132190000e+04
 1500480000, 6.6950000000e+01, 3.1220000000e+01, 1.6780000000e+01, 6.5980000000e-01, 1.0130600000e+04
 1500480300, 6.7050000000e+01, 3.2000000000e+01, 1.7640000000e+01, 8.1110000000e-01, 1.0130400000e+04
 1500480600, 7.0000000000e+01, 3.2420000000e+01, 2.0000000000e+01, 9.0480000000e-01, 1.0130010000e+04
 1500480900, 7.0000000000e+01, 3.3980000000e+01, 1.9980000000e+01, 9.5630000000e-01, 1.0130390000e+04
 1500481200, 7.0000000000e+01, 3.2000000000e+01, 1.8000000000e+01, 1.0046000000e+00, 1.0130200000e+04
 1500481500, 7.0000000000e+01, 3.2000000000e+01, 1.8000000000e+01, 1.0481000000e+00, 1.0129990000e+04
 1500481800, 6.0850000000e+01, 2.8340000000e+01, 1.4340000000e+01, 1.0521000000e+00, 1.0129820000e+04
 1500482100, 5.9100000000e+01, 2.7640000000e+01, 1.3640000000e+01, 1.0560000000e+00, 1.0131800000e+04
 1500482400, 6.5000000000e+01, 3.0000000000e+01, 1.5580000000e+01, 1.0539000000e+00, 1.0132610000e+04
 1500482700, 6.5000000000e+01, 3.0020000000e+01, 1.4000000000e+01, 1.0541000000e+00, 1.0133610000e+04
 1500483000, 6.5000000000e+01, 3.2000000000e+01, 1.4000000000e+01, 1.0640000000e+00, 1.0131590000e+04
 1500483300, 6.5000000000e+01, 3.0380000000e+01, 1.7240000000e+01, 1.0620000000e+00, 1.0131010000e+04
 1500483600, 5.8900000000e+01, 2.6340000000e+01, 1.4340000000e+01, 1.0539000000e+00, 1.0131810000e+04
 1500483900, 5.7050000000e+01, 2.6460000000e+01, 1.2820000000e+01, 1.0501000000e+00, 1.0132400000e+04
 1500484200, 6.0000000000e+01, 2.9580000000e+01, 1.4000000000e+01, 1.0641000000e+00, 1.0132410000e+04
 1500484500, 5.9950000000e+01, 2.7980000000e+01, 1.3980000000e+01, 1.0659000000e+00, 1.0132990000e+04
 1500484800, 5.5000000000e+01, 2.6000000000e+01, 1.2000000000e+01, 1.0520000000e+00, 1.0132400000e+04
 1500485100, 6.7150000000e+01, 3.0860000000e+01, 1.8480000000e+01, 1.0539000000e+00, 1.0132220000e+04
 1500485400, 6.0850000000e+01, 2.8340000000e+01, 1.5120000000e+01, 1.0521000000e+00, 1.0132410000e+04
 1500485700, 6.1150000000e+01, 2.8460000000e+01, 1.4460000000e+01, 1.0663000000e+00, 1.0132220000e+04
 1500486000, 6.8950000000e+01, 3.1580000000e+01, 1.7580000000e+01, 1.0920666667e+00, 1.0133133333e+04
 1500486300, 6.5000000000e+01, 3.0000000000e+01, 1.6020000000e+01, 1.0939000000e+00, 1.0131800000e+04
 1500486600, 6.5000000000e+01, 3.0000000000e+01, 1.8000000000e+01, 1.1001000000e+00, 1.0131400000e+04
 1500486900, 6.5000000000e+01, 3.0000000000e+01, 1.4760000000e+01, 1.1163000000e+00, 1.0132400000e+04
 1500487200, 6.5000000000e+01, 3.0000000000e+01, 1.6440000000e+01, 1.1381000000e+00, 1.0132620000e+04
 1500487500, 6.5000000000e+01, 3.0000000000e+01, 1.8000000000e+01, 1.1439000000e+00, 1.0132990000e+04
 1500487800, 6.3950000000e+01, 2.9580000000e+01, 1.7160000000e+01, 1.1340000000e+00, 1.0132590000e+04
 1500488100, 6.0050000000e+01, 2.8040000000e+01, 1.4040000000e+01, 1.1320000000e+00, 1.0133610000e+04
 1500488400, 6.5000000000e+01, 3.2000000000e+01, 1.8000000000e+01, 1.1298000000e+00, 1.0133000000e+04
 1500488700, 6.5000000000e+01, 3.0380000000e+01, 1.6380000000e+01, 1.1222000000e+00, 1.0134990000e+04
 1500489000, 6.8050000000e+01, 3.1220000000e+01, 1.7220000000e+01, 1.1361000000e+00, 1.0132600000e+04
 1500489300, 7.0000000000e+01, 3.2000000000e+01, 1.8820000000e+01, 1.1399000000e+00, 1.0131800000e+04
 1500489600, 7.0000000000e+01, 3.2420000000e+01, 2.0000000000e+01, 1.1381000000e+00, 1.0133820000e+04
 1500489900, 6.9950000000e+01, 3.3960000000e+01, 1.9980000000e+01, 1.1376000000e+00, 1.0133680000e+04
 1500490200, 6.5000000000e+01, 3.0000000000e+01, 1.8000000000e+01, 9.6500000000e-01, 1.0122390000e+04
 1500490500, 5.6900000000e+01, 2.5140000000e+01, 1.3140000000e+01, 7.0580000000e-01, 1.0122000000e+04
 1500490800, 5.5000000000e+01, 2.4000000000e+01, 1.2000000000e+01, 5.1860000000e-01, 1.0122810000e+04
 1500491100, 5.5000000000e+01, 2.4000000000e+01, 1.2000000000e+01, 3.8890000000e-01, 1.0123000000e+04
 1500491400, 5.5000000000e+01, 2.4000000000e+01, 1.2000000000e+01, 2.9920000000e-01, 1.0122800000e+04
 1500491700, 5.5000000000e+01, 2.4000000000e+01, 1.2000000000e+01, 2.3770000000e-01, 1.0122610000e+04
 1500492000, 5.5000000000e+01, 2.4000000000e+01, 1.2000000000e+01, 2.0360000000e-01, 1.0123200000e+04
 1500492300, 5.5000000000e+01, 2.4000000000e+01, 1.2000000000e+01, 1.6160000000e-01, 1.0122390000e+04
 1500492600, 5.5000000000e+01, 2.4000000000e+01, 1.2000000000e+01, 1.3180000000e-01, 1.0121810000e+04
 1500492900, 5.5000000000e+01, 2.4820000000e+01, 1.2000000000e+01, 1.1390000000e-01, 1.0121980000e+04
 1500493200, 5.5000000000e+01, 2.5580000000e+01, 1.2000000000e+01, 9.5800000000e-02, 1.0123000000e+04
 1500493500, 5.5000000000e+01, 2.4000000000e+01, 1.2000000000e+01, 1.0420000000e-01, 1.0122410000e+04
 1500493800, 5.5000000000e+01, 2.4000000000e+01, 1.2000000000e+01, 1.1810000000e-01, 1.0122600000e+04
 1500494100, 5.5000000000e+01, 2.4000000000e+01, 1.2000000000e+01, 1.1180000000e-01, 1.0124020000e+04
 1500494400, 5.8050000000e+01, 2.6440000000e+01, 1.2000000000e+01, 1.0410000000e-01, 1.0124190000e+04
 1500494700, 5.7950000000e+01, 2.6360000000e+01, 1.2000000000e+01, 9.3700000000e-02, 1.0122780000e+04
 1500495000, 5.5000000000e+01, 2.4000000000e+01, 1.2000000000e+01, 7.6000000000e-02, 1.0122010000e+04
 1500495300, 5.5000000000e+01, 2.4000000000e+01, 1.1980000000e+01, 7.3900000000e-02, 1.0121990000e+04
 1500495600, 5.5000000000e+01, 2.4000000000e+01, 1.0000000000e+01, 6.1800000000e-02, 1.0122220000e+04
 1500495900, 5.5000000000e+01, 2.5620000000e+01, 1.1620000000e+01, 5.0000000000e-02, 1.0123000000e+04
 1500496200, 5.1950000000e+01, 2.4780000000e+01, 1.2000000000e+01, 5.0000000000e-02, 1.0123220000e+04
 1500496500, 5.2050000000e+01, 2.4000000000e+01, 1.2000000000e+01, 5.0000000000e-02, 1.0123190000e+04
 1500496800, 5.5000000000e+01, 2.4420000000e+01, 1.2000000000e+01, 5.2000000000e-02, 1.0123600000e+04
 1500497100, 5.5000000000e+01, 2.5980000000e+01, 1.2000000000e+01, 5.0000000000e-02, 1.0124000000e+04
 1500497400, 5.5000000000e+01, 2.4000000000e+01, 1.2000000000e+01, 5.0000000000e-02, 1.0124810000e+04
 1500497700, 5.5000000000e+01, 2.5620000000e+01, 1.2000000000e+01, 5.0000000000e-02, 1.0124793333e+04
 1500498000, 5.5000000000e+01, 2.4780000000e+01, 1.2000000000e+01, 6.0300000000e-02, 1.0124600000e+04
 1500498300, 5.5000000000e+01, 2.4000000000e+01, 1.2000000000e+01, 7.1900000000e-02, 1.0124210000e+04
 1500498600, 5.5000000000e+01, 2.4000000000e+01, 1.2000000000e+01, 5.7800000000e-02, 1.0123780000e+04
 1500498900, 5.5000000000e+01, 2.4000000000e+01, 1.2000000000e+01, 5.0000000000e-02, 1.0122820000e+04
 1500499200, 5.5000000000e+01, 2.4000000000e+01, 1.2000000000e+01, 5.0100000000e-02, 1.0124000000e+04
 1500499500, 5.5000000000e+01, 2.4000000000e+01, 1.0380000000e+01, 5.5900000000e-02, 1.0123600000e+04
 1500499800, 5.5000000000e+01, 2.4000000000e+01, 1.0000000000e+01, 5.8100000000e-02, 1.0124830000e+04
 1500500100, 5.5000000000e+01, 2.5640000000e+01, 1.0820000000e+01, 6.0000000000e-02, 1.0125200000e+04
 1500500400, 5.5000000000e+01, 2.7160000000e+01, 1.2000000000e+01, 5.3900000000e-02, 1.0124390000e+04
 1500500700, 5.5000000000e+01, 2.4000000000e+01, 1.2000000000e+01, 5.0000000000e-02, 1.0122540000e+04
 1500501000, 5.5000000000e+01, 2.4000000000e+01, 1.2000000000e+01, 5.0000000000e-02, 1.0122990000e+04
 1500501300, 5.5000000000e+01, 2.4000000000e+01, 1.0380000000e+01, 5.4033333333e-02, 1.0123830000e+04
 1500501600, 5.5000000000e+01, 2.4000000000e+01, 1.0000000000e+01, 5.0000000000e-02, 1.0124393333e+04
 1500501900, 5.5000000000e+01, 2.4000000000e+01, 1.0813333333e+01, 5.0000000000e-02, 1.0124000000e+04
 1500502200, 5.5000000000e+01, 2.4413333333e+01, 1.2000000000e+01, 5.0000000000e-02, 1.0123600000e+04
 1500502500, 5.5000000000e+01, 2.5986666667e+01, 1.2000000000e+01, 5.2000000000e-02, 1.0123400000e+04
 1500502800, 5.5000000000e+01, 2.4000000000e+01, 1.2000000000e+01, 5.0000000000e-02, 1.0124193333e+04
 1500503100, 5.5000000000e+01, 2.4000000000e+01, 1.0386666667e+01, 5.0000000000e-02, 1.0123806667e+04
 1500503400, 5.5000000000e+01, 2.4000000000e+01, 1.1213333333e+01, 5.0000000000e-02, 1.0125400000e+04
 1500503700, 5.5000000000e+01, 2.4000000000e+01, 1.2000000000e+01, 5.0000000000e-02, 1.0125006667e+04
 1500504000, 5.5000000000e+01, 2.4000000000e+01, 1.1586666667e+01, 5.0066666667e-02, 1.0123993333e+04
 1500504300, 5.5000000000e+01, 2.4000000000e+01, 1.0000000000e+01, 6.4066666667e-02, 1.0123606667e+04
 1500504600, 5.5000000000e+01, 2.4000000000e+01, 1.0000000000e+01, 6.7933333333e-02, 1.0124400000e+04
 1500504900, 5.5000000000e+01, 2.4000000000e+01, 1.0000000000e+01, 5.5933333333e-02, 1.0124806667e+04
 1500505200, 5.5000000000e+01, 2.4000000000e+01, 1.1213333333e+01, 5.0000000000e-02, 1.0126000000e+04
 1500505500, 5.5000000000e+01, 2.4000000000e+01, 1.2000000000e+01, 5.2133333333e-02, 1.0125600000e+04
 1500505800, 5.5000000000e+01, 2.4000000000e+01, 1.2000000000e+01, 6.5933333333e-02, 1.0126206667e+04
 1500506100, 5.5000000000e+01, 2.4013333333e+01, 1.2000000000e+01, 5.1933333333e-02, 1.0126193333e+04
 1500506400, 5.5000000000e+01, 2.6000000000e+01, 1.2000000000e+01, 5.0000000000e-02, 1.0125800000e+04
 1500506700, 5.5000000000e+01, 2.4386666667e+01, 1.2000000000e+01, 5.0000000000e-02, 1.0124993333e+04
 1500507000, 5.5000000000e+01, 2.4000000000e+01, 1.2000000000e+01, 5.0066666667e-02, 1.0124593333e+04
 1500507300, 5.5000000000e+01, 2.4813333333e+01, 1.2000000000e+01, 6.2000000000e-02, 1.0124013333e+04
 1500507600, 5.5000000000e+01, 2.5586666667e+01, 1.1586666667e+01, 5.7933333333e-02, 1.0124986667e+04
 1500507900, 5.5000000000e+01, 2.4000000000e+01, 1.0000000000e+01, 5.0000000000e-02, 1.0124213333e+04
 1500508200, 5.5000000000e+01, 2.4000000000e+01, 1.0000000000e+01, 5.8133333333e-02, 1.0124800000e+04
 1500508500, 5.5000000000e+01, 2.4000000000e+01, 1.0000000000e+01, 7.1933333333e-02, 1.0125806667e+04
 1500508800, 5.5000000000e+01, 2.4000000000e+01, 1.1213333333e+01, 6.2066666667e-02, 1.0127000000e+04
 1500509100, 5.5000000000e+01, 2.4000000000e+01, 1.2000000000e+01, 6.1866666667e-02, 1.0127000000e+04
 1500509400, 5.5000000000e+01, 2.4000000000e+01, 1.2000000000e+01, 5.0000000000e-02, 1.0127000000e+04
 1500509700, 5.5000000000e+01, 2.4000000000e+01, 1.1986666667e+01, 5.0000000000e-02, 1.0125000000e+04
 1500510000, 5.5000000000e+01, 2.4000000000e+01, 1.0000000000e+01, 5.0000000000e-02, 1.0125593333e+04
 1500510300, 5.5000000000e+01, 2.4000000000e+01, 1.1613333333e+01, 5.2066666667e-02, 1.0125800000e+04
 1500510600, 5.5000000000e+01, 2.4000000000e+01, 1.2000000000e+01, 6.2000000000e-02, 1.0125606667e+04
 1500510900, 5.5000000000e+01, 2.4000000000e+01, 1.1186666667e+01, 6.4000000000e-02, 1.0126600000e+04
 1500511200, 5.5000000000e+01, 2.4000000000e+01, 1.0000000000e+01, 5.1933333333e-02, 1.0125793333e+04
 1500511500, 5.5000000000e+01, 2.4000000000e+01, 1.0013333333e+01, 5.0000000000e-02, 1.0126013333e+04
 1500511800, 5.5000000000e+01, 2.4000000000e+01, 1.2000000000e+01, 5.2066666667e-02, 1.0126393333e+04
 1500512100, 5.5000000000e+01, 2.4000000000e+01, 1.2000000000e+01, 5.1933333333e-02, 1.0127200000e+04
 1500512400, 5.5000000000e+01, 2.4000000000e+01, 1.2000000000e+01, 5.0066666667e-02, 1.0126206667e+04
 1500512700, 5.5000000000e+01, 2.4000000000e+01, 1.2000000000e+01, 5.1933333333e-02, 1.0126606667e+04
 1500513000, 5.5000000000e+01, 2.4000000000e+01, 1.2000000000e+01, 5.2000000000e-02, 1.0126793333e+04
 1500513300, 5.5000000000e+01, 2.4000000000e+01, 1.2000000000e+01, 5.0000000000e-02, 1.0127206667e+04
 1500513600, 5.5000000000e+01, 2.4000000000e+01, 1.2000000000e+01, 5.8000000000e-02, 1.0126400000e+04
 1500513900, 5.5000000000e+01, 2.4000000000e+01, 1.2000000000e+01, 5.0000000000e-02, 1.0126606667e+04
 1500514200, 5.5000000000e+01, 2.4000000000e+01, 1.2000000000e+01, 5.0000000000e-02, 1.0127006667e+04
 1500514500, 5.5000000000e+01, 2.4000000000e+01, 1.2000000000e+01, 5.0000000000e-02, 1.0127600000e+04
 1500514800, 5.5000000000e+01, 2.4000000000e+01, 1.2000000000e+01, 5.0033333333e-02, 1.0126800000e+04
 1500515100, 5.4966666667e+01, 2.4000000000e+01, 1.1986666667e+01, 5.2000000000e-02, 1.0128586667e+04
 1500515400, 5.0000000000e+01, 2.4000000000e+01, 1.0000000000e+01, 5.5933333333e-02, 1.0127953333e+04
 1500515700, 5.4033333333e+01, 2.4000000000e+01, 1.1613333333e+01, 5.2000000000e-02, 1.0127013333e+04
 1500516000, 5.5000000000e+01, 2.4000000000e+01, 1.2000000000e+01, 5.0000000000e-02, 1.0128200000e+04
 1500516300, 5.2966666667e+01, 2.4000000000e+01, 1.1186666667e+01, 5.2000000000e-02, 1.0128013333e+04
 1500516600, 5.0000000000e+01, 2.4000000000e+01, 1.0000000000e+01, 6.0133333333e-02, 1.0128793333e+04
 1500516900, 5.0033333333e+01, 2.4000000000e+01, 1.0013333333e+01, 7.4000000000e-02, 1.0128206667e+04
 1500517200, 5.5000000000e+01, 2.4000000000e+01, 1.2000000000e+01, 6.9933333333e-02, 1.0127993333e+04
 1500517500, 5.0966666667e+01, 2.4000000000e+01, 1.2000000000e+01, 5.3933333333e-02, 1.0128193333e+04
 1500517800, 5.3033333333e+01, 2.6426666667e+01, 1.2000000000e+01, 5.0000000000e-02, 1.0129400000e+04
 1500518100, 5.5000000000e+01, 2.7186666667e+01, 1.2000000000e+01, 5.0000000000e-02, 1.0129000000e+04
 1500518400, 5.3966666667e+01, 2.5586666667e+01, 1.2000000000e+01, 5.0000000000e-02, 1.0127800000e+04
 1500518700, 5.0033333333e+01, 2.4000000000e+01, 1.2000000000e+01, 6.0133333333e-02, 1.0127206667e+04
 1500519000, 5.5000000000e+01, 2.4000000000e+01, 1.2000000000e+01, 5.7866666667e-02, 1.0127800000e+04
 1500519300, 5.5000000000e+01, 2.4000000000e+01, 1.0386666667e+01, 6.0200000000e-02, 1.0128800000e+04
 1500519600, 5.5000000000e+01, 2.4000000000e+01, 1.1213333333e+01, 7.9933333333e-02, 1.0129206667e+04
 1500519900, 5.5000000000e+01, 2.4000000000e+01, 1.1186666667e+01, 7.0000000000e-02, 1.0129186667e+04
 1500520200, 5.5000000000e+01, 2.4000000000e+01, 1.0000000000e+01, 5.9866666667e-02, 1.0128413333e+04
 1500520500, 5.4966666667e+01, 2.4000000000e+01, 1.0000000000e+01, 5.0000000000e-02, 1.0129406667e+04
 1500520800, 5.0000000000e+01, 2.4000000000e+01, 1.0000000000e+01, 5.0000000000e-02, 1.0129993333e+04
 1500521100, 5.4033333333e+01, 2.4000000000e+01, 1.1613333333e+01, 5.4000000000e-02, 1.0129800000e+04
 1500521400, 5.5000000000e+01, 2.4000000000e+01, 1.2000000000e+01, 5.0000000000e-02, 1.0128393333e+04
 1500521700, 5.5000000000e+01, 2.4000000000e+01, 1.2000000000e+01, 5.0000000000e-02, 1.0128206667e+04
 1500522000, 5.5000000000e+01, 2.4000000000e+01, 1.2000000000e+01, 5.0000000000e-02, 1.0127800000e+04
 1500522300, 5.4966666667e+01, 2.4000000000e+01, 1.1986666667e+01, 5.0066666667e-02, 1.0129406667e+04
 1500522600, 5.0000000000e+01, 2.4000000000e+01, 1.0000000000e+01, 5.1933333333e-02, 1.0130200000e+04
 1500522900, 5.4033333333e+01, 2.4000000000e+01, 1.0000000000e+01, 5.8200000000e-02, 1.0130800000e+04
 1500523200, 5.1966666667e+01, 2.4000000000e+01, 1.0000000000e+01, 7.1933333333e-02, 1.0130393333e+04
 1500523500, 5.2033333333e+01, 2.4000000000e+01, 1.0813333333e+01, 6.3866666667e-02, 1.0129993333e+04
 1500523800, 5.6033333333e+01, 2.4826666667e+01, 1.2413333333e+01, 5.0000000000e-02, 1.0129613333e+04
 1500524100, 5.9966666667e+01, 2.7973333333e+01, 1.3986666667e+01, 5.8133333333e-02, 1.0131393333e+04
 1500524400, 5.5000000000e+01, 2.4000000000e+01, 1.2000000000e+01, 6.1933333333e-02, 1.0128800000e+04
 1500524700, 5.0966666667e+01, 2.4000000000e+01, 1.0386666667e+01, 5.3933333333e-02, 1.0129006667e+04
 1500525000, 5.0000000000e+01, 2.4000000000e+01, 1.0000000000e+01, 5.0000000000e-02, 1.0129800000e+04
 1500525300, 5.2033333333e+01, 2.4000000000e+01, 1.0813333333e+01, 5.0000000000e-02, 1.0129393333e+04
 1500525600, 5.3966666667e+01, 2.4000000000e+01, 1.2000000000e+01, 5.2066666667e-02, 1.0129206667e+04
 1500525900, 5.0000000000e+01, 2.4000000000e+01, 1.1986666667e+01, 5.6000000000e-02, 1.0129593333e+04
 1500526200, 5.0000000000e+01, 2.4000000000e+01, 1.0000000000e+01, 7.4066666667e-02, 1.0129413333e+04
 1500526500, 5.4033333333e+01, 2.4000000000e+01, 1.0000000000e+01, 5.9866666667e-02, 1.0131793333e+04
 1500526800, 5.5000000000e+01, 2.4000000000e+01, 1.1213333333e+01, 5.2000000000e-02, 1.0131806667e+04
 1500527100, 5.5000000000e+01, 2.4000000000e+01, 1.2000000000e+01, 5.0000000000e-02, 1.0130193333e+04
 1500527400, 5.3966666667e+01, 2.4000000000e+01, 1.2000000000e+01, 5.0000000000e-02, 1.0129606667e+04
 1500527700, 5.0033333333e+01, 2.4000000000e+01, 1.1986666667e+01, 5.0000000000e-02, 1.0129393333e+04
 1500528000, 5.5000000000e+01, 2.4000000000e+01, 1.0000000000e+01, 5.0000000000e-02, 1.0130006667e+04
 1500528300, 5.5000000000e+01, 2.4000000000e+01, 1.1613333333e+01, 5.0000000000e-02, 1.0130213333e+04
 1500528600, 5.5000000000e+01, 2.4000000000e+01, 1.2000000000e+01, 5.0000000000e-02, 1.0130206667e+04
 1500528900, 5.2966666667e+01, 2.4000000000e+01, 1.2000000000e+01, 5.0000000000e-02, 1.0131193333e+04
 1500529200, 5.2066666667e+01, 2.4826666667e+01, 1.2000000000e+01, 5.2000000000e-02, 1.0129806667e+04
 1500529500, 5.9966666667e+01, 2.8000000000e+01, 1.2000000000e+01, 5.2000000000e-02, 1.0130000000e+04
 1500529800, 5.5000000000e+01, 2.8000000000e+01, 1.2000000000e+01, 5.2000000000e-02, 1.0131006667e+04
 1500530100, 5.9033333333e+01, 2.8000000000e+01, 1.3613333333e+01, 5.0000000000e-02, 1.0131573333e+04
 1500530400, 5.6966666667e+01, 2.6786666667e+01, 1.2786666667e+01, 5.0000000000e-02, 1.0131006667e+04
 1500530700, 5.2966666667e+01, 2.5186666667e+01, 1.2000000000e+01, 5.4000000000e-02, 1.0131180000e+04
 1500531000, 5.1033333333e+01, 2.4000000000e+01, 1.2000000000e+01, 5.0000000000e-02, 1.0130600000e+04
 1500531300, 5.4966666667e+01, 2.4000000000e+01, 1.1986666667e+01, 5.0000000000e-02, 1.0131013333e+04
 1500531600, 5.0000000000e+01, 2.4000000000e+01, 1.0000000000e+01, 5.0000000000e-02, 1.0132400000e+04
 1500531900, 5.4033333333e+01, 2.4000000000e+01, 1.1613333333e+01, 5.0000000000e-02, 1.0131386667e+04
 1500532200, 5.5000000000e+01, 2.4000000000e+01, 1.2000000000e+01, 5.0066666667e-02, 1.0131620000e+04
 1500532500, 5.2966666667e+01, 2.4000000000e+01, 1.1186666667e+01, 5.1933333333e-02, 1.0132993333e+04
 1500532800, 5.0000000000e+01, 2.4000000000e+01, 1.0000000000e+01, 5.0000000000e-02, 1.0132806667e+04
 1500533100, 5.0000000000e+01, 2.4000000000e+01, 1.0000000000e+01, 5.0000000000e-02, 1.0134593333e+04
 1500533400, 5.0000000000e+01, 2.4000000000e+01, 1.0000000000e+01, 5.0000000000e-02, 1.0131610000e+04
 1500533700, 5.4033333333e+01, 2.4000000000e+01, 1.1613333333e+01, 5.0000000000e-02, 1.0133993333e+04
 1500534000, 5.5000000000e+01, 2.4000000000e+01, 1.2000000000e+01, 5.0000000000e-02, 1.0133213333e+04
 1500534300, 5.2966666667e+01, 2.4000000000e+01, 1.2000000000e+01, 5.0000000000e-02, 1.0133380000e+04
 1500534600, 5.1033333333e+01, 2.4000000000e+01, 1.1586666667e+01, 5.0000000000e-02, 1.0133006667e+04
 1500534900, 5.5000000000e+01, 2.4000000000e+01, 1.0013333333e+01, 5.0000000000e-02, 1.0133400000e+04
 1500535200, 5.5000000000e+01, 2.4000000000e+01, 1.2000000000e+01, 5.0000000000e-02, 1.0134206667e+04
 1500535500, 5.5000000000e+01, 2.4000000000e+01, 1.2000000000e+01, 6.0000000000e-02, 1.0133393333e+04
 1500535800, 5.5000000000e+01, 2.4000000000e+01, 1.2000000000e+01, 5.0000000000e-02, 1.0133206667e+04
 1500536100, 5.5000000000e+01, 2.4000000000e+01, 1.2000000000e+01, 5.0000000000e-02, 1.0132000000e+04
 1500536400, 5.3966666667e+01, 2.4000000000e+01, 1.1586666667e+01, 5.0000000000e-02, 1.0132593333e+04
 1500536700, 5.0033333333e+01, 2.4000000000e+01, 1.0000000000e+01, 5.0000000000e-02, 1.0132613333e+04
 1500537000, 5.5000000000e+01, 2.4000000000e+01, 1.0000000000e+01, 5.0000000000e-02, 1.0133386667e+04
 1500537300, 5.0966666667e+01, 2.4000000000e+01, 1.0000000000e+01, 5.0000000000e-02, 1.0133813333e+04
 1500537600, 5.3033333333e+01, 2.4000000000e+01, 1.1213333333e+01, 5.0000000000e-02, 1.0134200000e+04
 1500537900, 5.2966666667e+01, 2.4000000000e+01, 1.1186666667e+01, 5.0000000000e-02, 1.0134600000e+04
 1500538200, 5.0000000000e+01, 2.4000000000e+01, 1.0000000000e+01, 5.2133333333e-02, 1.0134793333e+04
 1500538500, 5.0033333333e+01, 2.4000000000e+01, 1.0000000000e+01, 6.3933333333e-02, 1.0134606667e+04
 1500538800, 5.5000000000e+01, 2.4000000000e+01, 1.0000000000e+01, 6.2000000000e-02, 1.0135400000e+04
 1500539100, 5.5000000000e+01, 2.4000000000e+01, 1.1613333333e+01, 6.2000000000e-02, 1.0134406667e+04
 1500539400, 5.5000000000e+01, 2.4000000000e+01, 1.2000000000e+01, 5.1933333333e-02, 1.0135000000e+04
 1500539700, 5.5000000000e+01, 2.4000000000e+01, 1.1186666667e+01, 5.4000000000e-02, 1.0134000000e+04
 1500540000, 5.5000000000e+01, 2.4000000000e+01, 1.0413333333e+01, 5.0000000000e-02, 1.0133986667e+04
 1500540300, 5.5000000000e+01, 2.4000000000e+01, 1.1986666667e+01, 5.0000000000e-02, 1.0134220000e+04
 1500540600, 5.5000000000e+01, 2.4000000000e+01, 1.0000000000e+01, 5.0000000000e-02, 1.0135393333e+04
 1500540900, 5.5000000000e+01, 2.7226666667e+01, 1.0000000000e+01, 5.0000000000e-02, 1.0135800000e+04
 1500541200, 5.5000000000e+01, 2.8000000000e+01, 1.1213333333e+01, 5.2000000000e-02, 1.0135806667e+04
 1500541500, 5.5000000000e+01, 2.6373333333e+01, 1.1186666667e+01, 5.0133333333e-02, 1.0135793333e+04
 1500541800, 5.5000000000e+01, 2.4000000000e+01, 1.0000000000e+01, 6.9933333333e-02, 1.0135006667e+04
 1500542100, 5.4966666667e+01, 2.4000000000e+01, 1.0000000000e+01, 6.0000000000e-02, 1.0135606667e+04
 1500542400, 5.0000000000e+01, 2.4000000000e+01, 1.0000000000e+01, 5.1933333333e-02, 1.0135400000e+04
 1500542700, 5.4033333333e+01, 2.4000000000e+01, 1.1613333333e+01, 5.0000000000e-02, 1.0135993333e+04
 1500543000, 5.5000000000e+01, 2.5213333333e+01, 1.2000000000e+01, 5.0000000000e-02, 1.0135413333e+04
 1500543300, 5.5000000000e+01, 2.5186666667e+01, 1.1186666667e+01, 5.6000000000e-02, 1.0135593333e+04
 1500543600, 5.5000000000e+01, 2.4000000000e+01, 1.0413333333e+01, 5.2000000000e-02, 1.0135606667e+04
 1500543900, 5.5000000000e+01, 2.4013333333e+01, 1.2000000000e+01, 5.0000000000e-02, 1.0135406667e+04
 1500544200, 5.5000000000e+01, 2.6000000000e+01, 1.2000000000e+01, 5.0000000000e-02, 1.0135606667e+04
 1500544500, 5.5000000000e+01, 2.4386666667e+01, 1.2000000000e+01, 5.0000000000e-02, 1.0137006667e+04
 1500544800, 5.5000000000e+01, 2.4000000000e+01, 1.2000000000e+01, 5.4000000000e-02, 1.0136953333e+04
 1500545100, 5.5000000000e+01, 2.4000000000e+01, 1.2000000000e+01, 5.0000000000e-02, 1.0136006667e+04
 1500545400, 5.5000000000e+01, 2.4000000000e+01, 1.2000000000e+01, 5.0000000000e-02, 1.0136206667e+04
 1500545700, 5.5066666667e+01, 2.4026666667e+01, 1.2040000000e+01, 5.0000000000e-02, 1.0135600000e+04
 1500546000, 6.5000000000e+01, 2.8000000000e+01, 1.8000000000e+01, 5.0000000000e-02, 1.0136386667e+04
 1500546300, 5.6933333333e+01, 2.4773333333e+01, 1.3160000000e+01, 5.0000000000e-02, 1.0135806667e+04
 1500546600, 5.8033333333e+01, 2.6426666667e+01, 1.2000000000e+01, 5.0000000000e-02, 1.0136006667e+04
 1500546900, 5.7966666667e+01, 2.6373333333e+01, 1.2000000000e+01, 5.0000000000e-02, 1.0136593333e+04
 1500547200, 5.3966666667e+01, 2.4000000000e+01, 1.1586666667e+01, 5.0000000000e-02, 1.0136400000e+04
 1500547500, 5.0033333333e+01, 2.4000000000e+01, 1.0013333333e+01, 5.0000000000e-02, 1.0137206667e+04
 1500547800, 5.5000000000e+01, 2.4000000000e+01, 1.2000000000e+01, 5.2133333333e-02, 1.0137393333e+04
 1500548100, 5.0966666667e+01, 2.4000000000e+01, 1.0386666667e+01, 5.9866666667e-02, 1.0136406667e+04
 1500548400, 5.3033333333e+01, 2.4000000000e+01, 1.0000000000e+01, 5.0000000000e-02, 1.0136200000e+04
 1500548700, 5.5000000000e+01, 2.4000000000e+01, 1.0813333333e+01, 5.0000000000e-02, 1.0135993333e+04
 1500549000, 5.3966666667e+01, 2.4000000000e+01, 1.1586666667e+01, 5.0000000000e-02, 1.0136206667e+04
 1500549300, 5.0000000000e+01, 2.4000000000e+01, 1.0000000000e+01, 5.0000000000e-02, 1.0136606667e+04
 1500549600, 5.0000000000e+01, 2.4000000000e+01, 1.0000000000e+01, 5.0000000000e-02, 1.0137586667e+04
 1500549900, 5.4033333333e+01, 2.4000000000e+01, 1.1613333333e+01, 5.0000000000e-02, 1.0136813333e+04
 1500550200, 5.1966666667e+01, 2.4000000000e+01, 1.0786666667e+01, 5.0000000000e-02, 1.0137806667e+04
 1500550500, 5.4066666667e+01, 2.5626666667e+01, 1.0813333333e+01, 5.0000000000e-02, 1.0138593333e+04
 1500550800, 5.8966666667e+01, 2.7173333333e+01, 1.2000000000e+01, 5.6000000000e-02, 1.0136393333e+04
 1500551100, 5.5000000000e+01, 2.4000000000e+01, 1.1986666667e+01, 5.8066666667e-02, 1.0135800000e+04
 1500551400, 5.5000000000e+01, 2.4000000000e+01, 1.0000000000e+01, 5.4000000000e-02, 1.0136206667e+04
 1500551700, 5.5000000000e+01, 2.4000000000e+01, 1.1613333333e+01, 5.4000000000e-02, 1.0137793333e+04
 1500552000, 5.1966666667e+01, 2.4000000000e+01, 1.0786666667e+01, 5.3933333333e-02, 1.0137613333e+04
 1500552300, 5.2033333333e+01, 2.5626666667e+01, 1.0000000000e+01, 5.8133333333e-02, 1.0137586667e+04
 1500552600, 5.5000000000e+01, 2.8000000000e+01, 1.0413333333e+01, 6.5933333333e-02, 1.0136806667e+04
 1500552900, 5.4966666667e+01, 2.7973333333e+01, 1.1986666667e+01, 5.2000000000e-02, 1.0137193333e+04
 1500553200, 5.0000000000e+01, 2.4000000000e+01, 1.0000000000e+01, 5.1933333333e-02, 1.0137006667e+04
 1500553500, 5.0000000000e+01, 2.4000000000e+01, 1.0000000000e+01, 5.0000000000e-02, 1.0137593333e+04
 1500553800, 5.0000000000e+01, 2.4000000000e+01, 1.0000000000e+01, 5.0000000000e-02, 1.0136406667e+04
 1500554100, 5.2033333333e+01, 2.4000000000e+01, 1.0813333333e+01, 5.2000000000e-02, 1.0137806667e+04
 1500554400, 5.5000000000e+01, 2.4000000000e+01, 1.1586666667e+01, 5.0000000000e-02, 1.0138013333e+04
 1500554700, 5.4966666667e+01, 2.4000000000e+01, 1.0000000000e+01, 5.0000000000e-02, 1.0137986667e+04
 1500555000, 5.0000000000e+01, 2.4000000000e+01, 1.0000000000e+01, 5.0000000000e-02, 1.0137400000e+04
 1500555300, 5.4033333333e+01, 2.4000000000e+01, 1.0000000000e+01, 5.0000000000e-02, 1.0138800000e+04
 1500555600, 5.5000000000e+01, 2.4000000000e+01, 1.1213333333e+01, 5.0000000000e-02, 1.0138606667e+04
 1500555900, 5.5000000000e+01, 2.4000000000e+01, 1.1186666667e+01, 5.0000000000e-02, 1.0138593333e+04
 1500556200, 5.5000000000e+01, 2.4000000000e+01, 1.0413333333e+01, 5.0000000000e-02, 1.0138413333e+04
 1500556500, 5.4966666667e+01, 2.4000000000e+01, 1.1986666667e+01, 5.0000000000e-02, 1.0139393333e+04
 1500556800, 5.0000000000e+01, 2.4000000000e+01, 1.0000000000e+01, 5.0000000000e-02, 1.0137593333e+04
 1500557100, 5.4033333333e+01, 2.4000000000e+01, 1.1613333333e+01, 6.2133333333e-02, 1.0137006667e+04
 1500557400, 5.1966666667e+01, 2.4000000000e+01, 1.0786666667e+01, 6.3933333333e-02, 1.0137606667e+04
 1500557700, 5.0000000000e+01, 2.4000000000e+01, 1.0000000000e+01, 5.3933333333e-02, 1.0137593333e+04
 1500558000, 5.1033333333e+01, 2.4000000000e+01, 1.0413333333e+01, 5.0000000000e-02, 1.0137013333e+04
 1500558300, 5.5000000000e+01, 2.4000000000e+01, 1.2000000000e+01, 5.0000000000e-02, 1.0137993333e+04
 1500558600, 5.5000000000e+01, 2.4000000000e+01, 1.2000000000e+01, 5.0000000000e-02, 1.0137000000e+04
 1500558900, 5.0966666667e+01, 2.4000000000e+01, 1.0386666667e+01, 5.0000000000e-02, 1.0137613333e+04
 1500559200, 5.3033333333e+01, 2.4000000000e+01, 1.1213333333e+01, 5.0000000000e-02, 1.0139013333e+04
 1500559500, 5.5000000000e+01, 2.4000000000e+01, 1.2000000000e+01, 5.0000000000e-02, 1.0139766667e+04
 1500559800, 5.5000000000e+01, 2.4000000000e+01, 1.2000000000e+01, 5.2000000000e-02, 1.0138586667e+04
 1500560100, 5.5000000000e+01, 2.4000000000e+01, 1.2000000000e+01, 5.0000000000e-02, 1.0138213333e+04
 1500560400, 5.5000000000e+01, 2.4000000000e+01, 1.2000000000e+01, 5.8133333333e-02, 1.0139200000e+04
 1500560700, 5.5000000000e+01, 2.4000000000e+01, 1.2000000000e+01, 7.4066666667e-02, 1.0138986667e+04
 1500561000, 5.5000000000e+01, 2.4000000000e+01, 1.2000000000e+01, 8.3933333333e-02, 1.0138013333e+04
 1500561300, 5.5000000000e+01, 2.4000000000e+01, 1.2000000000e+01, 8.2000000000e-02, 1.0138986667e+04
 1500561600, 5.5000000000e+01, 2.4000000000e+01, 1.2000000000e+01, 6.5866666667e-02, 1.0137406667e+04
 1500561900, 5.5000000000e+01, 2.4000000000e+01, 1.2000000000e+01, 5.0000000000e-02, 1.0139000000e+04
 1500562200, 5.5000000000e+01, 2.4000000000e+01, 1.2000000000e+01, 5.0000000000e-02, 1.0139393333e+04
 1500562500, 5.5000000000e+01, 2.5613333333e+01, 1.2000000000e+01, 5.4066666667e-02, 1.0140213333e+04
 1500562800, 5.5000000000e+01, 2.4786666667e+01, 1.2000000000e+01, 5.7933333333e-02, 1.0139806667e+04
 1500563100, 5.5000000000e+01, 2.4000000000e+01, 1.2000000000e+01, 5.0000000000e-02, 1.0140393333e+04
 1500563400, 5.5000000000e+01, 2.4000000000e+01, 1.2000000000e+01, 5.2000000000e-02, 1.0138800000e+04
 1500563700, 5.5033333333e+01, 2.4026666667e+01, 1.2000000000e+01, 5.2000000000e-02, 1.0139206667e+04
 1500564000, 6.0000000000e+01, 2.8000000000e+01, 1.2000000000e+01, 5.0000000000e-02, 1.0139586667e+04
 1500564300, 5.5966666667e+01, 2.6386666667e+01, 1.2000000000e+01, 5.0000000000e-02, 1.0139406667e+04
 1500564600, 5.1966666667e+01, 2.4786666667e+01, 1.2000000000e+01, 5.0000000000e-02, 1.0139800000e+04
 1500564900, 5.2033333333e+01, 2.4000000000e+01, 1.2000000000e+01, 5.0000000000e-02, 1.0139400000e+04
 1500565200, 5.3966666667e+01, 2.4000000000e+01, 1.1586666667e+01, 5.0000000000e-02, 1.0140000000e+04
 1500565500, 5.0000000000e+01, 2.4000000000e+01, 1.0000000000e+01, 5.0333333333e-02, 1.0138653333e+04
 1500565800, 5.0000000000e+01, 2.4000000000e+01, 1.0000000000e+01, 2.3593333333e-01, 1.0145800000e+04
 1500566100, 5.8066666667e+01, 2.7226666667e+01, 1.4840000000e+01, 4.7533333333e-01, 1.0146586667e+04
 1500566400, 6.3033333333e+01, 3.0426666667e+01, 1.7213333333e+01, 6.4693333333e-01, 1.0145200000e+04
 1500566700, 6.5000000000e+01, 3.1186666667e+01, 1.7186666667e+01, 7.8686666667e-01, 1.0145600000e+04
 1500567000, 6.6033333333e+01, 3.0413333333e+01, 1.6413333333e+01, 8.9246666667e-01, 1.0146400000e+04
 1500567300, 6.9966666667e+01, 3.2000000000e+01, 1.7973333333e+01, 9.5240000000e-01, 1.0146200000e+04
 1500567600, 6.5000000000e+01, 3.2000000000e+01, 1.4000000000e+01, 1.0103333333e+00, 1.0146600000e+04
 1500567900, 6.9033333333e+01, 3.3613333333e+01, 1.8840000000e+01, 1.0420666667e+00, 1.0146400000e+04
 1500568200, 6.3933333333e+01, 3.0360000000e+01, 1.7573333333e+01, 1.0520000000e+00, 1.0146000000e+04
 1500568500, 5.7966666667e+01, 2.7186666667e+01, 1.4373333333e+01, 1.0500000000e+00, 1.0145813333e+04
 1500568800, 5.5000000000e+01, 2.6000000000e+01, 1.2000000000e+01, 1.0500000000e+00, 1.0146786667e+04
 1500569100, 5.5000000000e+01, 2.6000000000e+01, 1.2000000000e+01, 1.0549333333e+00, 1.0155960000e+04
 1500569400, 5.5000000000e+01, 2.6000000000e+01, 1.2000000000e+01, 2.3757333333e+00, 1.0518620000e+04
 1500569700, 1.3163333333e+02, 9.2146666667e+01, 2.1680000000e+01, 4.2081333333e+00, 3.8459853333e+04
 1500570000, 1.5000000000e+02, 1.0921333333e+02, 2.4000000000e+01, 5.5453333333e+00, 4.5221020000e+04
 1500570300, 1.5000000000e+02, 1.0918666667e+02, 2.4000000000e+01, 6.5113333333e+00, 4.5219966667e+04
 1500570600, 1.5000000000e+02, 1.0841333333e+02, 2.4000000000e+01, 7.2158666667e+00, 4.5220406667e+04
 1500570900, 1.5003333333e+02, 1.1000000000e+02, 2.4000000000e+01, 7.7288000000e+00, 4.5219993333e+04
 1500571200, 1.5500000000e+02, 1.1000000000e+02, 2.4000000000e+01, 8.0918666667e+00, 4.6042080000e+04
 1500571500, 8.6433333333e+01, 4.8693333333e+01, 1.9160000000e+01, 8.2315333333e+00, 5.3400500000e+04
 1500571800, 1.2156666667e+02, 8.1320000000e+01, 2.2853333333e+01, 8.0384000000e+00, 5.5323193333e+04
 1500572100, 1.5500000000e+02, 1.1200000000e+02, 2.6000000000e+01, 7.8620666667e+00, 5.5227580000e+04
 1500572400, 1.5603333333e+02, 1.1241333333e+02, 2.6000000000e+01, 7.5954666667e+00, 5.5274206667e+04
 1500572700, 1.6000000000e+02, 1.1400000000e+02, 2.6000000000e+01, 7.5091333333e+00, 5.5321813333e+04
 1500573000, 1.6000000000e+02, 1.1400000000e+02, 2.6000000000e+01, 7.3834666667e+00, 5.5268580000e+04
 1500573300, 1.6000000000e+02, 1.1400000000e+02, 2.6000000000e+01, 7.3701666667e+00, 5.5321633333e+04
 1500573600, 1.6000000000e+02, 1.1400000000e+02, 2.6000000000e+01, 7.3375333333e+00, 4.6326146667e+04
 1500573900, 2.0066666667e+02, 1.4409333333e+02, 3.6573333333e+01, 8.0769333333e+00, 1.0795286667e+04
 1500574200, 2.3726666667e+02, 1.7105333333e+02, 4.6213333333e+01, 8.9224000000e+00, 1.0513670000e+04
 1500574500, 1.5000000000e+02, 1.0601333333e+02, 2.4000000000e+01, 8.9560666667e+00, 3.8429826667e+04
 1500574800, 1.5000000000e+02, 1.0800000000e+02, 2.4000000000e+01, 8.9681333333e+00, 4.5189020000e+04
 1500575100, 1.5000000000e+02, 1.0961333333e+02, 2.4000000000e+01, 8.9880666667e+00, 4.5190793333e+04
 1500575400, 1.5000000000e+02, 1.1000000000e+02, 2.4000000000e+01, 9.0041333333e+00, 4.5191213333e+04
 1500575700, 1.5000000000e+02, 1.0918666667e+02, 2.4000000000e+01, 9.0161333333e+00, 4.5191193333e+04
 1500576000, 1.4896666667e+02, 1.0676000000e+02, 2.4000000000e+01, 9.0441333333e+00, 4.5190593333e+04
 1500576300, 1.4500000000e+02, 1.0200000000e+02, 2.4000000000e+01, 9.0318000000e+00, 4.9104340000e+04
 1500576600, 1.4500000000e+02, 1.0200000000e+02, 2.4000000000e+01, 9.0382666667e+00, 5.0041600000e+04
 1500576900, 8.4500000000e+01, 4.7146666667e+01, 1.9160000000e+01, 9.0661333333e+00, 5.0042000000e+04
 1500577200, 7.0000000000e+01, 3.4000000000e+01, 1.9213333333e+01, 9.0737333333e+00, 5.0148080000e+04
 1500577500, 7.0000000000e+01, 3.3186666667e+01, 2.0000000000e+01, 9.0440666667e+00, 5.5094013333e+04
 1500577800, 7.1033333333e+01, 3.2826666667e+01, 2.0413333333e+01, 9.0320000000e+00, 5.5093380000e+04
 1500578100, 7.5466666667e+01, 3.6440000000e+01, 2.2013333333e+01, 8.9446666667e+00, 5.5127780000e+04
 1500578400, 1.4500000000e+02, 1.0200000000e+02, 2.4000000000e+01, 8.3097333333e+00, 5.5299393333e+04
 1500578700, 1.5306666667e+02, 1.1006666667e+02, 2.5613333333e+01, 7.6862000000e+00, 5.5247600000e+04
 1500579000, 1.5500000000e+02, 1.1200000000e+02, 2.6000000000e+01, 7.1039333333e+00, 5.5281393333e+04
 1500579300, 1.5500000000e+02, 1.1200000000e+02, 2.6000000000e+01, 6.6302666667e+00, 5.5297793333e+04
 1500579600, 1.5293333333e+02, 1.0993333333e+02, 2.5586666667e+01, 6.3563333333e+00, 5.5245986667e+04
 1500579900, 1.4506666667e+02, 1.0206666667e+02, 2.4013333333e+01, 6.1426000000e+00, 5.5296626667e+04
 1500580200, 1.5500000000e+02, 1.1200000000e+02, 2.6000000000e+01, 5.8596000000e+00, 5.5297980000e+04
 1500580500, 1.5903333333e+02, 1.1200000000e+02, 2.6000000000e+01, 5.5812666667e+00, 5.5247820000e+04
 1500580800, 1.5696666667e+02, 1.1078666667e+02, 2.6000000000e+01, 5.8143333333e+00, 2.0351966667e+04
 1500581100, 1.5296666667e+02, 1.0918666667e+02, 2.5186666667e+01, 6.4094666667e+00, 2.4386813333e+04
 1500581400, 1.5000000000e+02, 1.0841333333e+02, 2.4000000000e+01, 6.8644666667e+00, 4.5125606667e+04
 1500581700, 1.5000000000e+02, 1.0998666667e+02, 2.4000000000e+01, 7.1917333333e+00, 4.5126806667e+04
 1500582000, 1.5000000000e+02, 1.0800000000e+02, 2.4000000000e+01, 7.4272666667e+00, 4.5127206667e+04
 1500582300, 1.5000000000e+02, 1.0800000000e+02, 2.4000000000e+01, 7.5950000000e+00, 4.5127393333e+04
 1500582600, 1.5000000000e+02, 1.0800000000e+02, 2.4000000000e+01, 7.7306666667e+00, 4.5127000000e+04
 1500582900, 1.5406666667e+02, 1.0800000000e+02, 2.8066666667e+01, 7.8106000000e+00, 4.8064873333e+04
 1500583200, 1.4346666667e+02, 9.3533333333e+01, 3.1520000000e+01, 7.8578000000e+00, 5.4097913333e+04
 1500583500, 8.0500000000e+01, 3.8493333333e+01, 2.2026666667e+01, 7.7234000000e+00, 5.5267020000e+04
 1500583800, 1.5500000000e+02, 1.1200000000e+02, 2.6000000000e+01, 7.1924000000e+00, 5.5266786667e+04
 1500584100, 1.5500000000e+02, 1.1200000000e+02, 2.6000000000e+01, 6.7885333333e+00, 5.5267806667e+04
 1500584400, 1.5500000000e+02, 1.1078666667e+02, 2.6000000000e+01, 6.6618666667e+00, 5.5267200000e+04
 1500584700, 1.5500000000e+02, 1.1081333333e+02, 2.6000000000e+01, 6.6348000000e+00, 5.5219613333e+04
 1500585000, 1.5500000000e+02, 1.1200000000e+02, 2.6000000000e+01, 6.4756000000e+00, 5.5267973333e+04
 1500585300, 1.5500000000e+02, 1.1200000000e+02, 2.6000000000e+01, 6.4236000000e+00, 5.5265800000e+04
 1500585600, 1.5500000000e+02, 1.1200000000e+02, 2.6000000000e+01, 6.4258000000e+00, 5.5266406667e+04
 1500585900, 1.5500000000e+02, 1.1200000000e+02, 2.6000000000e+01, 6.4786666667e+00, 1.9521980000e+04
 1500586200, 1.5196666667e+02, 1.0836000000e+02, 2.4786666667e+01, 6.8862666667e+00, 2.4389446667e+04
 1500586500, 1.5000000000e+02, 1.0681333333e+02, 2.4000000000e+01, 7.1957333333e+00, 4.5131613333e+04
 1500586800, 1.5000000000e+02, 1.0841333333e+02, 2.4000000000e+01, 7.4212666667e+00, 4.5131793333e+04
 1500587100, 1.5000000000e+02, 1.1000000000e+02, 2.4000000000e+01, 7.5889333333e+00, 4.5132013333e+04
 1500587400, 1.5000000000e+02, 1.1000000000e+02, 2.4000000000e+01, 7.7066000000e+00, 4.5133206667e+04
 1500587700, 1.5000000000e+02, 1.0838666667e+02, 2.4000000000e+01, 7.7901333333e+00, 4.5165946667e+04
 1500588000, 1.5606666667e+02, 1.1164000000e+02, 2.5213333333e+01, 7.6828666667e+00, 5.4262973333e+04
 1500588300, 1.5796666667e+02, 1.1318666667e+02, 2.6000000000e+01, 7.1326666667e+00, 5.5290200000e+04
 1500588600, 1.5603333333e+02, 1.1200000000e+02, 2.6000000000e+01, 6.6216666667e+00, 5.5289400000e+04
 1500588900, 1.6000000000e+02, 1.1201333333e+02, 2.6000000000e+01, 6.3031333333e+00, 5.5288426667e+04
 1500589200, 1.6000000000e+02, 1.1400000000e+02, 2.6000000000e+01, 5.8395333333e+00, 5.5290773333e+04
 1500589500, 1.6000000000e+02, 1.1238666667e+02, 2.6000000000e+01, 5.6805333333e+00, 5.5290433333e+04
 1500589800, 1.5696666667e+02, 1.1200000000e+02, 2.6000000000e+01, 5.7845333333e+00, 2.9633726667e+04
 1500590100, 1.5093333333e+02, 1.0874666667e+02, 2.5186666667e+01, 6.3495333333e+00, 1.5583020000e+04
 1500590400, 1.4603333333e+02, 1.0482666667e+02, 2.4000000000e+01, 6.8104666667e+00, 4.5121026667e+04
 1500590700, 1.5000000000e+02, 1.0800000000e+02, 2.4000000000e+01, 7.1418666667e+00, 4.5122393333e+04
 1500591000, 1.5000000000e+02, 1.0800000000e+02, 2.4000000000e+01, 7.3954000000e+00, 4.5123026667e+04
 1500591300, 1.5000000000e+02, 1.0800000000e+02, 2.4000000000e+01, 7.5710000000e+00, 4.5125986667e+04
 1500591600, 1.5000000000e+02, 1.0800000000e+02, 2.4000000000e+01, 7.6986666667e+00, 4.5125406667e+04
 1500591900, 1.4796666667e+02, 1.0474666667e+02, 2.4000000000e+01, 7.7925333333e+00, 4.6153793333e+04
 1500592200, 1.4706666667e+02, 1.0206666667e+02, 2.4413333333e+01, 7.6126666667e+00, 5.5267006667e+04
 1500592500, 1.5500000000e+02, 1.1000000000e+02, 2.6000000000e+01, 7.2711333333e+00, 5.5212826667e+04
 1500592800, 1.5500000000e+02, 1.1000000000e+02, 2.6000000000e+01, 7.0054000000e+00, 5.5213586667e+04
 1500593100, 1.5500000000e+02, 1.1000000000e+02, 2.6000000000e+01, 6.7056666667e+00, 5.5268013333e+04
 1500593400, 1.5803333333e+02, 1.1121333333e+02, 2.6000000000e+01, 6.3550666667e+00, 5.5267766667e+04
 1500593700, 1.5593333333e+02, 1.1037333333e+02, 2.6000000000e+01, 6.3717333333e+00, 5.5266626667e+04
 1500594000, 1.5103333333e+02, 1.0882666667e+02, 2.6000000000e+01, 6.2600666667e+00, 5.5268600000e+04
 1500594300, 1.5500000000e+02, 1.1200000000e+02, 2.6000000000e+01, 6.3405333333e+00, 5.5267793333e+04
 1500594600, 1.5500000000e+02, 1.1200000000e+02, 2.6000000000e+01, 6.0435333333e+00, 1.9175306667e+04
 1500594900, 7.4333333333e+01, 4.1013333333e+01, 1.4706666667e+01, 4.5088000000e+00, 1.0045813333e+04
 1500595200, 5.5000000000e+01, 2.4000000000e+01, 1.2000000000e+01, 3.2912666667e+00, 1.0046406667e+04
 1500595500, 5.5000000000e+01, 2.4000000000e+01, 1.1186666667e+01, 2.3972000000e+00, 1.0046600000e+04
 1500595800, 5.5000000000e+01, 2.4000000000e+01, 1.0400000000e+01, 1.7670000000e+00, 1.0046593333e+04
 1500596100, 5.5000000000e+01, 2.4000000000e+01, 1.2000000000e+01, 1.2964000000e+00, 1.0047873333e+04
 1500596400, 5.5000000000e+01, 2.4000000000e+01, 1.2000000000e+01, 9.6413333333e-01, 1.0046006667e+04
 1500596700, 5.5000000000e+01, 2.4000000000e+01, 1.2000000000e+01, 7.1666666667e-01, 1.0046393333e+04
 1500597000, 5.5000000000e+01, 2.4000000000e+01, 1.0786666667e+01, 5.4513333333e-01, 1.0046200000e+04
 1500597300, 5.5000000000e+01, 2.4000000000e+01, 1.0000000000e+01, 4.2526666667e-01, 1.0046800000e+04
 1500597600, 5.5000000000e+01, 2.4000000000e+01, 1.0000000000e+01, 3.2346666667e-01, 1.0046813333e+04
 1500597900, 5.5000000000e+01, 2.4006666667e+01, 1.0006666667e+01, 2.5573333333e-01, 1.0047193333e+04
 1500598200, 5.5000000000e+01, 2.6000000000e+01, 1.2000000000e+01, 2.2786666667e-01, 1.0046800000e+04
 1500598500, 5.5000000000e+01, 2.4386666667e+01, 1.2000000000e+01, 2.0980000000e-01, 1.0048406667e+04
 1500598800, 5.8033333333e+01, 2.6426666667e+01, 1.2000000000e+01, 1.6160000000e-01, 1.0048793333e+04
 1500599100, 5.7966666667e+01, 2.6373333333e+01, 1.2000000000e+01, 1.2696666667e-01, 1.0046703333e+04
 1500599400, 5.4016666667e+01, 2.4000000000e+01, 1.2000000000e+01, 1.2496666667e-01, 1.0046866667e+04
 1500599700, 5.0033333333e+01, 2.4000000000e+01, 1.1986666667e+01, 1.0380000000e-01, 1.0047206667e+04
 1500600000, 5.5000000000e+01, 2.4000000000e+01, 1.0000000000e+01, 8.9933333333e-02, 1.0048206667e+04
 1500600300, 5.0966666667e+01, 2.4000000000e+01, 1.0000000000e+01, 8.0066666667e-02, 1.0047993333e+04
 1500600600, 5.3033333333e+01, 2.4000000000e+01, 1.1213333333e+01, 8.5933333333e-02, 1.0048816667e+04
 1500600900, 5.2966666667e+01, 2.4000000000e+01, 1.2000000000e+01, 8.2133333333e-02, 1.0049603333e+04
 1500601200, 5.1033333333e+01, 2.4000000000e+01, 1.2000000000e+01, 1.0806666667e-01, 1.0049200000e+04
 1500601500, 5.5000000000e+01, 2.4026666667e+01, 1.2000000000e+01, 1.0386666667e-01, 1.0049593333e+04
 1500601800, 5.5000000000e+01, 2.8000000000e+01, 1.2000000000e+01, 9.2066666667e-02, 1.0050000000e+04
 1500602100, 5.5000000000e+01, 2.4773333333e+01, 1.2000000000e+01, 9.3900000000e-02, 1.0048603333e+04
 1500602400, 5.5000000000e+01, 2.4000000000e+01, 1.0786666667e+01, 7.9933333333e-02, 1.0048813333e+04
 1500602700, 5.5000000000e+01, 2.4000000000e+01, 1.0813333333e+01, 7.3966666667e-02, 1.0049806667e+04
 1500603000, 5.5000000000e+01, 2.4000000000e+01, 1.1586666667e+01, 5.9866666667e-02, 1.0049393333e+04
 1500603300, 5.5000000000e+01, 2.4000000000e+01, 1.0013333333e+01, 5.0000000000e-02, 1.0049000000e+04
 1500603600, 5.5000000000e+01, 2.4000000000e+01, 1.2000000000e+01, 5.0000000000e-02, 1.0048600000e+04
 1500603900, 5.5000000000e+01, 2.4000000000e+01, 1.0386666667e+01, 5.0000000000e-02, 1.0049400000e+04
 1500604200, 5.8033333333e+01, 2.4000000000e+01, 1.1213333333e+01, 5.2066666667e-02, 1.0050020000e+04
 1500604500, 5.7966666667e+01, 2.4000000000e+01, 1.2000000000e+01, 7.2066666667e-02, 1.0050600000e+04
 1500604800, 5.5000000000e+01, 2.4000000000e+01, 1.1586666667e+01, 6.8000000000e-02, 1.0050160000e+04
 1500605100, 5.5000000000e+01, 2.4013333333e+01, 1.0013333333e+01, 5.5933333333e-02, 1.0049613333e+04
 1500605400, 5.5000000000e+01, 2.6000000000e+01, 1.2000000000e+01, 5.1933333333e-02, 1.0049393333e+04
 1500605700, 5.5000000000e+01, 2.4386666667e+01, 1.2000000000e+01, 5.0133333333e-02, 1.0050380000e+04
 1500606000, 5.5000000000e+01, 2.4000000000e+01, 1.0786666667e+01, 5.9866666667e-02, 1.0051393333e+04
 1500606300, 5.5000000000e+01, 2.4000000000e+01, 1.0000000000e+01, 5.8066666667e-02, 1.0049600000e+04
 1500606600, 5.5000000000e+01, 2.4000000000e+01, 1.0000000000e+01, 5.1933333333e-02, 1.0050793333e+04
 1500606900, 5.5000000000e+01, 2.4000000000e+01, 1.0000000000e+01, 5.0000000000e-02, 1.0051013333e+04
 1500607200, 5.5000000000e+01, 2.4000000000e+01, 1.0000000000e+01, 5.0000000000e-02, 1.0051406667e+04
 1500607500, 5.5000000000e+01, 2.4000000000e+01, 1.0000000000e+01, 5.0000000000e-02, 1.0051386667e+04
 1500607800, 5.5000000000e+01, 2.6426666667e+01, 1.1213333333e+01, 5.0000000000e-02, 1.0051000000e+04
 1500608100, 5.5000000000e+01, 2.6373333333e+01, 1.1186666667e+01, 5.6133333333e-02, 1.0048800000e+04
 1500608400, 5.5000000000e+01, 2.4000000000e+01, 1.0413333333e+01, 5.5933333333e-02, 1.0050213333e+04
 1500608700, 5.5000000000e+01, 2.4000000000e+01, 1.1986666667e+01, 6.4000000000e-02, 1.0051000000e+04
 1500609000, 5.5000000000e+01, 2.4000000000e+01, 1.0000000000e+01, 5.2000000000e-02, 1.0051200000e+04
 1500609300, 5.5000000000e+01, 2.4000000000e+01, 1.0000000000e+01, 6.2000000000e-02, 1.0051393333e+04
 1500609600, 5.8033333333e+01, 2.6426666667e+01, 1.1213333333e+01, 5.5933333333e-02, 1.0051200000e+04
 1500609900, 5.7966666667e+01, 2.6373333333e+01, 1.2000000000e+01, 5.0000000000e-02, 1.0051806667e+04
 1500610200, 5.5000000000e+01, 2.4000000000e+01, 1.1586666667e+01, 5.0000000000e-02, 1.0050983333e+04
 1500610500, 5.5000000000e+01, 2.4000000000e+01, 1.0013333333e+01, 5.4000000000e-02, 1.0051413333e+04
 1500610800, 5.5000000000e+01, 2.4000000000e+01, 1.2000000000e+01, 6.4133333333e-02, 1.0052593333e+04
 1500611100, 5.5000000000e+01, 2.4000000000e+01, 1.0386666667e+01, 6.9933333333e-02, 1.0050606667e+04
 1500611400, 5.5000000000e+01, 2.4000000000e+01, 1.1213333333e+01, 5.9933333333e-02, 1.0050800000e+04
 1500611700, 5.5000000000e+01, 2.4000000000e+01, 1.2000000000e+01, 5.2000000000e-02, 1.0050393333e+04
 1500612000, 5.5000000000e+01, 2.4000000000e+01, 1.1586666667e+01, 5.0000000000e-02, 1.0051000000e+04
 1500612300, 5.5000000000e+01, 2.4000000000e+01, 1.0013333333e+01, 5.0000000000e-02, 1.0051206667e+04
 1500612600, 5.5000000000e+01, 2.4000000000e+01, 1.2000000000e+01, 5.0000000000e-02, 1.0050800000e+04
 1500612900, 5.5000000000e+01, 2.4000000000e+01, 1.2000000000e+01, 5.2000000000e-02, 1.0051000000e+04
 1500613200, 5.5000000000e+01, 2.4000000000e+01, 1.2000000000e+01, 5.2066666667e-02, 1.0051400000e+04
 1500613500, 5.5000000000e+01, 2.4000000000e+01, 1.2000000000e+01, 5.8000000000e-02, 1.0052000000e+04
 1500613800, 5.5000000000e+01, 2.4000000000e+01, 1.2000000000e+01, 5.4000000000e-02, 1.0050400000e+04
 1500614100, 5.5000000000e+01, 2.4000000000e+01, 1.1986666667e+01, 5.5933333333e-02, 1.0050793333e+04
 1500614400, 5.5000000000e+01, 2.4000000000e+01, 1.0000000000e+01, 5.2000000000e-02, 1.0050206667e+04
 1500614700, 5.5000000000e+01, 2.5613333333e+01, 1.1613333333e+01, 5.2066666667e-02, 1.0050793333e+04
 1500615000, 5.5000000000e+01, 2.4786666667e+01, 1.2000000000e+01, 6.4066666667e-02, 1.0050613333e+04
 1500615300, 5.7033333333e+01, 2.5626666667e+01, 1.2000000000e+01, 6.8066666667e-02, 1.0052393333e+04
 1500615600, 5.8966666667e+01, 2.8000000000e+01, 1.2000000000e+01, 7.1800000000e-02, 1.0051613333e+04
 1500615900, 5.5000000000e+01, 2.7973333333e+01, 1.1986666667e+01, 5.0000000000e-02, 1.0051993333e+04
 1500616200, 5.5000000000e+01, 2.4000000000e+01, 1.0000000000e+01, 5.2066666667e-02, 1.0052200000e+04
 1500616500, 5.5000000000e+01, 2.4000000000e+01, 1.1613333333e+01, 5.1933333333e-02, 1.0053006667e+04
 1500616800, 5.5000000000e+01, 2.4000000000e+01, 1.2000000000e+01, 7.0266666667e-02, 1.0053006667e+04
 1500617100, 5.5000000000e+01, 2.4000000000e+01, 1.1186666667e+01, 9.2000000000e-02, 1.0053496667e+04
 1500617400, 5.5000000000e+01, 2.4000000000e+01, 1.0000000000e+01, 8.8066666667e-02, 1.0052510000e+04
 1500617700, 5.5000000000e+01, 2.4000000000e+01, 1.0013333333e+01, 6.9866666667e-02, 1.0051006667e+04
 1500618000, 5.5000000000e+01, 2.4000000000e+01, 1.2000000000e+01, 5.4033333333e-02, 1.0051403333e+04
 1500618300, 5.5000000000e+01, 2.4000000000e+01, 1.2000000000e+01, 5.5933333333e-02, 1.0051606667e+04
 1500618600, 5.5000000000e+01, 2.4000000000e+01, 1.0786666667e+01, 5.2000000000e-02, 1.0052213333e+04
 1500618900, 5.5000000000e+01, 2.4000000000e+01, 1.0000000000e+01, 5.0000000000e-02, 1.0052206667e+04
 1500619200, 5.3966666667e+01, 2.4000000000e+01, 1.0000000000e+01, 5.0000000000e-02, 1.0053200000e+04
 1500619500, 5.0033333333e+01, 2.4000000000e+01, 1.0000000000e+01, 5.0066666667e-02, 1.0053373333e+04
 1500619800, 5.5000000000e+01, 2.4000000000e+01, 1.0000000000e+01, 6.0000000000e-02, 1.0052180000e+04
 1500620100, 5.5000000000e+01, 2.4000000000e+01, 1.1613333333e+01, 5.7933333333e-02, 1.0052413333e+04
 1500620400, 5.1966666667e+01, 2.4000000000e+01, 1.0786666667e+01, 5.0000000000e-02, 1.0052600000e+04
 1500620700, 5.0000000000e+01, 2.4000000000e+01, 1.0000000000e+01, 5.0000000000e-02, 1.0052393333e+04
 1500621000, 5.1033333333e+01, 2.4000000000e+01, 1.0413333333e+01, 5.0000000000e-02, 1.0052420000e+04
 1500621300, 5.5000000000e+01, 2.4000000000e+01, 1.2000000000e+01, 5.6000000000e-02, 1.0053993333e+04
 1500621600, 5.5000000000e+01, 2.4000000000e+01, 1.2000000000e+01, 5.0000000000e-02, 1.0053800000e+04
 1500621900, 5.0966666667e+01, 2.4000000000e+01, 1.0386666667e+01, 5.0000000000e-02, 1.0054400000e+04
 1500622200, 5.0000000000e+01, 2.4000000000e+01, 1.0000000000e+01, 5.0000000000e-02, 1.0054400000e+04
 1500622500, 5.2033333333e+01, 2.4000000000e+01, 1.0813333333e+01, 5.0000000000e-02, 1.0054600000e+04
 1500622800, 5.5000000000e+01, 2.4000000000e+01, 1.1586666667e+01, 5.0000000000e-02, 1.0053206667e+04
 1500623100, 5.5000000000e+01, 2.4013333333e+01, 1.0000000000e+01, 5.2066666667e-02, 1.0053993333e+04
 1500623400, 5.5000000000e+01, 2.6000000000e+01, 1.0000000000e+01, 8.2266666667e-02, 1.0053206667e+04
 1500623700, 5.5000000000e+01, 2.4386666667e+01, 1.1613333333e+01, 9.1866666667e-02, 1.0054193333e+04
 1500624000, 5.5000000000e+01, 2.4000000000e+01, 1.0786666667e+01, 7.3866666667e-02, 1.0054406667e+04
 1500624300, 5.2966666667e+01, 2.4000000000e+01, 1.0000000000e+01, 5.5933333333e-02, 1.0054800000e+04
 1500624600, 5.1033333333e+01, 2.4000000000e+01, 1.0413333333e+01, 5.2000000000e-02, 1.0054000000e+04
 1500624900, 5.5000000000e+01, 2.4000000000e+01, 1.2000000000e+01, 5.0000000000e-02, 1.0054206667e+04
 1500625200, 5.5000000000e+01, 2.4000000000e+01, 1.2000000000e+01, 5.0000000000e-02, 1.0054586667e+04
 1500625500, 5.0966666667e+01, 2.4000000000e+01, 1.0386666667e+01, 5.0000000000e-02, 1.0055386667e+04
 1500625800, 5.3033333333e+01, 2.4000000000e+01, 1.1213333333e+01, 5.2066666667e-02, 1.0052613333e+04
 1500626100, 5.2966666667e+01, 2.4000000000e+01, 1.1186666667e+01, 7.2133333333e-02, 1.0053406667e+04
 1500626400, 5.1033333333e+01, 2.4000000000e+01, 1.0413333333e+01, 7.7933333333e-02, 1.0053593333e+04
 1500626700, 5.5000000000e+01, 2.4026666667e+01, 1.2000000000e+01, 6.5866666667e-02, 1.0053800000e+04
 1500627000, 5.5000000000e+01, 2.8000000000e+01, 1.2000000000e+01, 5.4000000000e-02, 1.0053206667e+04
 1500627300, 5.5000000000e+01, 2.8000000000e+01, 1.2000000000e+01, 5.0000000000e-02, 1.0055406667e+04
 1500627600, 5.5000000000e+01, 2.5573333333e+01, 1.0786666667e+01, 5.0000000000e-02, 1.0056006667e+04
 1500627900, 5.2966666667e+01, 2.4000000000e+01, 1.0000000000e+01, 5.0000000000e-02, 1.0055600000e+04
 1500628200, 5.2066666667e+01, 2.4826666667e+01, 1.0826666667e+01, 5.2000000000e-02, 1.0056393333e+04
 1500628500, 5.9933333333e+01, 2.7973333333e+01, 1.3973333333e+01, 5.0000000000e-02, 1.0055600000e+04
 1500628800, 5.0000000000e+01, 2.4000000000e+01, 1.0000000000e+01, 5.0000000000e-02, 1.0055200000e+04
 1500629100, 5.4033333333e+01, 2.4000000000e+01, 1.1613333333e+01, 5.0133333333e-02, 1.0055006667e+04
 1500629400, 5.5000000000e+01, 2.4000000000e+01, 1.2000000000e+01, 7.2066666667e-02, 1.0055586667e+04
 1500629700, 5.2966666667e+01, 2.4000000000e+01, 1.1186666667e+01, 7.5866666667e-02, 1.0054406667e+04
 1500630000, 5.1033333333e+01, 2.4413333333e+01, 1.0413333333e+01, 6.0000000000e-02, 1.0055210000e+04
 1500630300, 5.5000000000e+01, 2.5986666667e+01, 1.2000000000e+01, 5.1933333333e-02, 1.0055406667e+04
 1500630600, 5.5000000000e+01, 2.4000000000e+01, 1.2000000000e+01, 5.0000000000e-02, 1.0056193333e+04
 1500630900, 5.0966666667e+01, 2.4000000000e+01, 1.0386666667e+01, 5.0000000000e-02, 1.0056793333e+04
 1500631200, 5.0000000000e+01, 2.4000000000e+01, 1.0000000000e+01, 5.0000000000e-02, 1.0056206667e+04
 1500631500, 5.2033333333e+01, 2.4813333333e+01, 1.0813333333e+01, 5.0000000000e-02, 1.0055986667e+04
 1500631800, 5.3966666667e+01, 2.5586666667e+01, 1.2000000000e+01, 5.0000000000e-02, 1.0055413333e+04
 1500632100, 5.0000000000e+01, 2.4000000000e+01, 1.1986666667e+01, 5.0066666667e-02, 1.0056206667e+04
 1500632400, 5.0000000000e+01, 2.4000000000e+01, 1.0000000000e+01, -nan, 1.0055793333e+04
 1500632700, 5.0000000000e+01, 2.4000000000e+01, 1.0000000000e+01, -nan, 1.0055400000e+04
 1500633000, 5.3033333333e+01, 2.4000000000e+01, -nan, -nan, 1.0055806667e+04
 1500633300, 5.2966666667e+01, 2.4000000000e+01, -nan, -nan, 1.0055006667e+04
 1500633600, 5.1033333333e+01, -nan, -nan, -nan, 1.0055793333e+04
 1500633900, 5.5000000000e+01, -nan, -nan, -nan, 1.0056020000e+04
 1500634200, -nan, -nan, -nan, -nan, 1.0056560000e+04
 1500634500, -nan, -nan, -nan, -nan, -nan
 1500634800, -nan, -nan, -nan, -nan, -nan
