 Time, ttl_pwr, cpu_pwr, mem_pwr, cpu_load, mem_load
 1500441000, 5,0000000000e+01, 2,4000000000e+01, 1,2000000000e+01, 8,2233333333e-02, 7,1224233333e+03
 1500441300, 5,0000000000e+01, 2,4000000000e+01, 1,0353333333e+01, 9,3766666667e-02, 7,1230000000e+03
 1500441600, 5,0000000000e+01, 2,4000000000e+01, 1,0000000000e+01, 1,1293333333e-01, 7,1231766667e+03
 1500441900, 5,0000000000e+01, 2,4000000000e+01, 1,0846666667e+01, 1,1953333333e-01, 7,1224466667e+03
 1500442200, 5,0000000000e+01, 2,4000000000e+01, 1,1553333333e+01, 1,0153333333e-01, 7,1233766667e+03
 1500442500, 5,0000000000e+01, 2,4000000000e+01, 1,0046666667e+01, 8,1533333333e-02, 7,1220233333e+03
 1500442800, 5,0000000000e+01, 2,4000000000e+01, 1,2000000000e+01, 6,1766666667e-02, 7,1225766667e+03
 1500443100, 5,0000000000e+01, 2,4000000000e+01, 1,0353333333e+01, 5,6233333333e-02, 7,1230233333e+03
 1500443400, 5,0000000000e+01, 2,4000000000e+01, 1,1246666667e+01, 7,4233333333e-02, 7,1222000000e+03
 1500443700, 5,0000000000e+01, 2,4000000000e+01, 1,2000000000e+01, 9,6700000000e-02, 7,1220000000e+03
 1500444000, 5,1116666667e+01, 2,4446666667e+01, 1,2000000000e+01, 1,2423333333e-01, 7,1232233333e+03
 1500444300, 5,5000000000e+01, 2,5953333333e+01, 1,2000000000e+01, 1,1800000000e-01, 7,1230233333e+03
 1500444600, 5,5000000000e+01, 2,4000000000e+01, 1,2000000000e+01, 1,2023333333e-01, 7,1242000000e+03
 1500444900, 5,5000000000e+01, 2,5646666667e+01, 1,2000000000e+01, 1,2376666667e-01, 7,1234933333e+03
 1500445200, 5,5000000000e+01, 2,6000000000e+01, 1,0753333333e+01, 1,1400000000e-01, 7,1240133333e+03
 1500445500, 5,2883333333e+01, 2,5153333333e+01, 1,0846666667e+01, 1,3023333333e-01, 7,1232000000e+03
 1500445800, 5,0000000000e+01, 2,4000000000e+01, 1,1553333333e+01, 1,2400000000e-01, 7,1230000000e+03
 1500446100, 5,0000000000e+01, 2,4000000000e+01, 1,0046666667e+01, 1,3400000000e-01, 7,1226000000e+03
 1500446400, 5,0000000000e+01, 2,4000000000e+01, 1,2000000000e+01, 1,1353333333e-01, 7,1234233333e+03
 1500446700, 5,0000000000e+01, 2,4000000000e+01, 1,0353333333e+01, 1,2446666667e-01, 7,1248000000e+03
 1500447000, 5,0000000000e+01, 2,4000000000e+01, 1,1246666667e+01, 1,2176666667e-01, 7,1240000000e+03
 1500447300, 5,0000000000e+01, 2,4000000000e+01, 1,1153333333e+01, 1,0530000000e-01, 7,1240000000e+03
 1500447600, 5,0000000000e+01, 2,4000000000e+01, 1,0446666667e+01, 7,5766666667e-02, 7,1240466667e+03
 1500447900, 5,0000000000e+01, 2,4000000000e+01, 1,2000000000e+01, 7,3766666667e-02, 7,1257766667e+03
 1500448200, 5,0000000000e+01, 2,4000000000e+01, 1,2000000000e+01, 6,9766666667e-02, 7,1249766667e+03
 1500448500, 5,0000000000e+01, 2,4000000000e+01, 1,0353333333e+01, 5,1766666667e-02, 7,1240233333e+03
 1500448800, 5,0000000000e+01, 2,4000000000e+01, 1,0000000000e+01, 6,0466666667e-02, 7,1244000000e+03
 1500449100, 5,0000000000e+01, 2,4000000000e+01, 1,0000000000e+01, 6,1533333333e-02, 7,1241766667e+03
 1500449400, 5,1116666667e+01, 2,4000000000e+01, 1,0446666667e+01, 5,0000000000e-02, 7,1242000000e+03
 1500449700, 5,5000000000e+01, 2,4000000000e+01, 1,2000000000e+01, 5,4000000000e-02, 7,1234000000e+03
 1500450000, 5,5000000000e+01, 2,4000000000e+01, 1,2000000000e+01, 5,0233333333e-02, 7,1242000000e+03
 1500450300, 5,0883333333e+01, 2,4000000000e+01, 1,0353333333e+01, 5,1766666667e-02, 7,1248800000e+03
 1500450600, 5,0000000000e+01, 2,4000000000e+01, 1,0000000000e+01, 5,6233333333e-02, 7,1255300000e+03
 1500450900, 5,4233333333e+01, 2,5693333333e+01, 1,1693333333e+01, 7,8900000000e-02, 7,1254633333e+03
 1500451200, 5,7766666667e+01, 2,7106666667e+01, 1,3106666667e+01, 1,0176666667e-01, 7,1267300000e+03
 1500451500, 5,0000000000e+01, 2,4000000000e+01, 1,0000000000e+01, 9,8233333333e-02, 7,1240000000e+03
 1500451800, 5,0000000000e+01, 2,4000000000e+01, 1,0000000000e+01, 9,7766666667e-02, 7,1242233333e+03
 1500452100, 5,0000000000e+01, 2,4000000000e+01, 1,0000000000e+01, 1,0470000000e-01, 7,1251766667e+03
 1500452400, 5,0000000000e+01, 2,4000000000e+01, 1,1246666667e+01, 1,1200000000e-01, 7,1248233333e+03
 1500452700, 5,0000000000e+01, 2,4000000000e+01, 1,1153333333e+01, 1,1776666667e-01, 7,1247766667e+03
 1500453000, 5,0000000000e+01, 2,4000000000e+01, 1,0446666667e+01, 9,7300000000e-02, 7,1252466667e+03
 1500453300, 5,0000000000e+01, 2,4000000000e+01, 1,1953333333e+01, 6,9533333333e-02, 7,1255766667e+03
 1500453600, 5,0000000000e+01, 2,4000000000e+01, 1,0000000000e+01, 5,3766666667e-02, 7,1254466667e+03
 1500453900, 5,0000000000e+01, 2,4000000000e+01, 1,0000000000e+01, 5,2000000000e-02, 7,1256000000e+03
 1500454200, 5,0000000000e+01, 2,4000000000e+01, 1,0000000000e+01, 5,2000000000e-02, 7,1245766667e+03
 1500454500, 5,0000000000e+01, 2,4000000000e+01, 1,0000000000e+01, 5,0000000000e-02, 7,1246000000e+03
 1500454800, 5,0000000000e+01, 2,4000000000e+01, 1,0000000000e+01, 5,4233333333e-02, 7,1254000000e+03
 1500455100, 5,0000000000e+01, 2,4000000000e+01, 1,0046666667e+01, 5,3766666667e-02, 7,1250000000e+03
 1500455400, 5,0000000000e+01, 2,4000000000e+01, 1,2000000000e+01, 5,0233333333e-02, 7,1248000000e+03
 1500455700, 5,0000000000e+01, 2,4000000000e+01, 1,2000000000e+01, 5,1766666667e-02, 7,1256466667e+03
 1500456000, 5,0000000000e+01, 2,4000000000e+01, 1,0753333333e+01, 5,0000000000e-02, 7,1259766667e+03
 1500456300, 5,0000000000e+01, 2,4000000000e+01, 1,0000000000e+01, 5,6000000000e-02, 7,1257766667e+03
 1500456600, 5,0000000000e+01, 2,4000000000e+01, 1,0000000000e+01, 6,2700000000e-02, 7,1260000000e+03
 1500456900, 5,0100000000e+01, 2,4080000000e+01, 1,0000000000e+01, 7,1766666667e-02, 7,1262333333e+03
 1500457200, 5,5000000000e+01, 2,8000000000e+01, 1,0000000000e+01, 7,2700000000e-02, 7,1253766667e+03
 1500457500, 5,0883333333e+01, 2,4706666667e+01, 1,0000000000e+01, 1,1026666667e-01, 7,1248066667e+03
 1500457800, 5,0000000000e+01, 2,4000000000e+01, 1,0000000000e+01, 1,2846666667e-01, 7,1246000000e+03
 1500458100, 5,0000000000e+01, 2,4000000000e+01, 1,0000000000e+01, 1,2576666667e-01, 7,1252466667e+03
 1500458400, 5,0000000000e+01, 2,4000000000e+01, 1,0000000000e+01, 1,0976666667e-01, 7,1252366667e+03
 1500458700, 5,0000000000e+01, 2,4000000000e+01, 1,0000000000e+01, 1,2870000000e-01, 7,1254000000e+03
 1500459000, 5,0000000000e+01, 2,4000000000e+01, 1,0000000000e+01, 1,2976666667e-01, 7,1258000000e+03
 1500459300, 5,0000000000e+01, 2,4000000000e+01, 1,1646666667e+01, 1,3376666667e-01, 7,1252000000e+03
 1500459600, 5,0000000000e+01, 2,4000000000e+01, 1,2000000000e+01, 1,1000000000e-01, 7,1256233333e+03
 1500459900, 5,0000000000e+01, 2,4000000000e+01, 1,2000000000e+01, 1,3223333333e-01, 7,1256600000e+03
 1500460200, 5,0000000000e+01, 2,4000000000e+01, 1,2000000000e+01, 1,3000000000e-01, 7,1246000000e+03
 1500460500, 5,0000000000e+01, 2,4000000000e+01, 1,1953333333e+01, 1,3623333333e-01, 7,1244233333e+03
 1500460800, 5,0000000000e+01, 2,4000000000e+01, 1,0000000000e+01, 1,3176666667e-01, 7,1259766667e+03
 1500461100, 5,0000000000e+01, 2,4000000000e+01, 1,1646666667e+01, 1,4000000000e-01, 7,1260233333e+03
 1500461400, 5,0000000000e+01, 2,4000000000e+01, 1,0753333333e+01, 1,2800000000e-01, 7,1259766667e+03
 1500461700, 5,0000000000e+01, 2,4000000000e+01, 1,0846666667e+01, 1,2353333333e-01, 7,1250466667e+03
 1500462000, 5,0000000000e+01, 2,4000000000e+01, 1,1553333333e+01, 1,0446666667e-01, 7,1266000000e+03
 1500462300, 5,0000000000e+01, 2,4000000000e+01, 1,0000000000e+01, 1,2553333333e-01, 7,1260000000e+03
 1500462600, 5,0000000000e+01, 2,4000000000e+01, 1,0000000000e+01, 1,0176666667e-01, 7,1259533333e+03
 1500462900, 5,0000000000e+01, 2,4000000000e+01, 1,0000000000e+01, 1,0446666667e-01, 7,1260233333e+03
 1500463200, 5,0000000000e+01, 2,4000000000e+01, 1,1246666667e+01, 1,2023333333e-01, 7,1258000000e+03
 1500463500, 5,0000000000e+01, 2,4000000000e+01, 1,2000000000e+01, 1,2976666667e-01, 7,1254000000e+03
 1500463800, 5,0000000000e+01, 2,4000000000e+01, 1,2000000000e+01, 1,3000000000e-01, 7,1261766667e+03
 1500464100, 5,0000000000e+01, 2,4000000000e+01, 1,1953333333e+01, 1,1576666667e-01, 7,1258000000e+03
 1500464400, 5,0000000000e+01, 2,4000000000e+01, 1,0000000000e+01, 1,0353333333e-01, 7,1256233333e+03
 1500464700, 5,0000000000e+01, 2,4000000000e+01, 1,0000000000e+01, 8,2466666667e-02, 7,1262233333e+03
 1500465000, 5,0000000000e+01, 2,4000000000e+01, 1,0000000000e+01, 1,0976666667e-01, 7,1265766667e+03
 1500465300, 5,0000000000e+01, 2,4000000000e+01, 1,0000000000e+01, 8,9533333333e-02, 7,1264000000e+03
 1500465600, 5,0000000000e+01, 2,4000000000e+01, 1,0000000000e+01, 8,8700000000e-02, 7,1272233333e+03
 1500465900, 5,0000000000e+01, 2,4000000000e+01, 1,0000000000e+01, 1,0353333333e-01, 7,1260000000e+03
 1500466200, 5,0000000000e+01, 2,4000000000e+01, 1,0000000000e+01, 8,3533333333e-02, 7,1254000000e+03
 1500466500, 5,0000000000e+01, 2,4000000000e+01, 1,0000000000e+01, 7,2466666667e-02, 7,1257300000e+03
 1500466800, 5,0000000000e+01, 2,4000000000e+01, 1,0000000000e+01, 8,5766666667e-02, 7,1250233333e+03
 1500467100, 5,0000000000e+01, 2,4000000000e+01, 1,0000000000e+01, 6,9766666667e-02, 7,1254000000e+03
 1500467400, 5,0000000000e+01, 2,4000000000e+01, 1,0446666667e+01, 6,1533333333e-02, 7,1252233333e+03
 1500467700, 5,0000000000e+01, 2,4000000000e+01, 1,1953333333e+01, 5,2000000000e-02, 7,1258233333e+03
 1500468000, 5,0000000000e+01, 2,4000000000e+01, 1,0000000000e+01, 6,9166666667e-02, 7,1261766667e+03
 1500468300, 5,0000000000e+01, 2,4000000000e+01, 1,1646666667e+01, 1,0400000000e-01, 7,1260000000e+03
 1500468600, 5,0000000000e+01, 2,4000000000e+01, 1,0753333333e+01, 9,1533333333e-02, 7,1267966667e+03
 1500468900, 5,0000000000e+01, 2,4000000000e+01, 1,0000000000e+01, 7,0000000000e-02, 7,1252466667e+03
 1500469200, 5,0000000000e+01, 2,4000000000e+01, 1,0000000000e+01, 7,6000000000e-02, 7,1250000000e+03
 1500469500, 5,0000000000e+01, 2,4000000000e+01, 1,0000000000e+01, 8,2233333333e-02, 7,1258000000e+03
 1500469800, 5,0000000000e+01, 2,4000000000e+01, 1,0000000000e+01, 9,8466666667e-02, 7,1264000000e+03
 1500470100, 5,0000000000e+01, 2,4000000000e+01, 1,0000000000e+01, 1,1400000000e-01, 7,1266000000e+03
 1500470400, 5,0000000000e+01, 2,4000000000e+01, 1,0000000000e+01, 1,0776666667e-01, 7,1271766667e+03
 1500470700, 5,0000000000e+01, 2,4000000000e+01, 1,0000000000e+01, 1,2093333333e-01, 7,1266233333e+03
 1500471000, 5,0000000000e+01, 2,4000000000e+01, 1,0000000000e+01, 1,3176666667e-01, 7,1280466667e+03
 1500471300, 5,0116666667e+01, 2,4046666667e+01, 1,0046666667e+01, 1,3200000000e-01, 7,1277533333e+03
 1500471600, 5,5000000000e+01, 2,6000000000e+01, 1,2000000000e+01, 1,2576666667e-01, 7,1269766667e+03
 1500471900, 5,0883333333e+01, 2,4353333333e+01, 1,0353333333e+01, 1,2400000000e-01, 7,1262466667e+03
 1500472200, 6,2466666667e+01, 2,8986666667e+01, 1,7480000000e+01, 1,1600000000e-01, 7,1268233333e+03
 1500472500, 6,1533333333e+01, 2,8613333333e+01, 1,6920000000e+01, 1,2400000000e-01, 7,1271766667e+03
 1500472800, 5,0000000000e+01, 2,4000000000e+01, 1,0000000000e+01, 1,2000000000e-01, 7,1274233333e+03
 1500473100, 5,0000000000e+01, 2,4000000000e+01, 1,0000000000e+01, 1,2800000000e-01, 7,1272466667e+03
 1500473400, 5,0000000000e+01, 2,4000000000e+01, 1,0000000000e+01, 1,2600000000e-01, 7,1269533333e+03
 1500473700, 5,0000000000e+01, 2,4000000000e+01, 1,0000000000e+01, 1,2376666667e-01, 7,1264000000e+03
 1500474000, 5,0000000000e+01, 2,4000000000e+01, 1,0000000000e+01, 1,0776666667e-01, 7,1272700000e+03
 1500474300, 5,0000000000e+01, 2,4000000000e+01, 1,0000000000e+01, 9,3766666667e-02, 7,1277766667e+03
 1500474600, 5,0000000000e+01, 2,4000000000e+01, 1,0446666667e+01, 8,5766666667e-02, 7,1273066667e+03
 1500474900, 5,0000000000e+01, 2,4000000000e+01, 1,1953333333e+01, 8,8466666667e-02, 7,1266000000e+03
 1500475200, 5,0000000000e+01, 2,4000000000e+01, 1,0000000000e+01, 1,1046666667e-01, 7,1269533333e+03
 1500475500, 5,0000000000e+01, 2,4000000000e+01, 1,0000000000e+01, 1,2200000000e-01, 7,1256233333e+03
 1500475800, 5,0000000000e+01, 2,4000000000e+01, 1,1246666667e+01, 1,2046666667e-01, 7,1269766667e+03
 1500476100, 5,0000000000e+01, 2,4000000000e+01, 1,1153333333e+01, 1,3376666667e-01, 7,1274000000e+03
 1500476400, 5,0000000000e+01, 2,4000000000e+01, 1,0446666667e+01, 1,1953333333e-01, 7,1266233333e+03
 1500476700, 5,0000000000e+01, 2,4000000000e+01, 1,1953333333e+01, 1,0400000000e-01, 7,1263766667e+03
 1500477000, 5,0000000000e+01, 2,4000000000e+01, 1,0000000000e+01, 1,1600000000e-01, 7,1266233333e+03
 1500477300, 5,0000000000e+01, 2,4000000000e+01, 1,1646666667e+01, 1,0776666667e-01, 7,1274233333e+03
 1500477600, 5,3116666667e+01, 2,5246666667e+01, 1,3246666667e+01, 1,0800000000e-01, 7,1271533333e+03
 1500477900, 5,5000000000e+01, 2,5153333333e+01, 1,3153333333e+01, 9,5533333333e-02, 7,1260233333e+03
 1500478200, 5,6116666667e+01, 2,5340000000e+01, 1,2893333333e+01, 7,4933333333e-02, 7,1259633333e+03
 1500478500, 6,0233333333e+01, 3,0093333333e+01, 1,6093333333e+01, 2,4653333333e-01, 7,1338233333e+03
 1500478800, 7,0000000000e+01, 3,4000000000e+01, 2,0000000000e+01, 4,9690000000e-01, 7,1352233333e+03
 1500479100, 7,0000000000e+01, 3,2353333333e+01, 2,0000000000e+01, 6,8996666667e-01, 7,1353766667e+03
 1500479400, 7,0000000000e+01, 3,2000000000e+01, 2,0000000000e+01, 8,2633333333e-01, 7,1342000000e+03
 1500479700, 6,7883333333e+01, 3,2000000000e+01, 1,9153333333e+01, 8,9893333333e-01, 7,1351766667e+03
 1500480000, 6,3883333333e+01, 3,1553333333e+01, 1,7553333333e+01, 9,5540000000e-01, 7,1356466667e+03
 1500480300, 5,9883333333e+01, 2,9906666667e+01, 1,5953333333e+01, 1,0091666667e+00, 7,1359766667e+03
 1500480600, 5,5000000000e+01, 2,6000000000e+01, 1,4000000000e+01, 1,0424666667e+00, 7,1362466667e+03
 1500480900, 5,9116666667e+01, 2,7646666667e+01, 1,4000000000e+01, 1,0642333333e+00, 7,1356000000e+03
 1500481200, 6,3116666667e+01, 2,9246666667e+01, 1,6493333333e+01, 1,0640000000e+00, 7,1351766667e+03
 1500481500, 6,0766666667e+01, 2,8306666667e+01, 1,6306666667e+01, 1,0640000000e+00, 7,1348000000e+03
 1500481800, 5,5000000000e+01, 2,6000000000e+01, 1,3553333333e+01, 1,0600000000e+00, 7,1353766667e+03
 1500482100, 5,5116666667e+01, 2,6093333333e+01, 1,2093333333e+01, 1,0642333333e+00, 7,1346233333e+03
 1500482400, 6,0000000000e+01, 3,0000000000e+01, 1,6000000000e+01, 1,0700000000e+00, 7,1352000000e+03
 1500482700, 6,4116666667e+01, 3,1646666667e+01, 1,7646666667e+01, 1,0700000000e+00, 7,1364000000e+03
 1500483000, 6,1883333333e+01, 2,8260000000e+01, 1,6753333333e+01, 1,0677666667e+00, 7,1368000000e+03
 1500483300, 6,0000000000e+01, 2,6846666667e+01, 1,5153333333e+01, 1,0620000000e+00, 7,1368233333e+03
 1500483600, 5,8883333333e+01, 2,7553333333e+01, 1,4000000000e+01, 1,0600000000e+00, 7,1366000000e+03
 1500483900, 5,5116666667e+01, 2,6000000000e+01, 1,4000000000e+01, 1,0662333333e+00, 7,1364466667e+03
 1500484200, 6,0000000000e+01, 2,6000000000e+01, 1,4000000000e+01, 1,0724666667e+00, 7,1367533333e+03
 1500484500, 6,4116666667e+01, 2,9293333333e+01, 1,7293333333e+01, 1,1069333333e+00, 7,1370000000e+03
 1500484800, 6,1883333333e+01, 2,8753333333e+01, 1,5506666667e+01, 1,1133000000e+00, 7,1359766667e+03
 1500485100, 6,2116666667e+01, 2,9693333333e+01, 1,5693333333e+01, 1,1147000000e+00, 7,1356000000e+03
 1500485400, 6,5000000000e+01, 3,1553333333e+01, 1,8000000000e+01, 1,1324666667e+00, 7,1348233333e+03
 1500485700, 6,5000000000e+01, 3,0000000000e+01, 1,8046666667e+01, 1,1455333333e+00, 7,1353533333e+03
 1500486000, 6,5000000000e+01, 3,0000000000e+01, 2,0000000000e+01, 1,1257666667e+00, 7,1356700000e+03
 1500486300, 6,5000000000e+01, 3,0000000000e+01, 1,6706666667e+01, 1,1262333333e+00, 7,1376000000e+03
 1500486600, 7,1233333333e+01, 3,2493333333e+01, 1,9740000000e+01, 1,1360000000e+00, 7,1362000000e+03
 1500486900, 7,2883333333e+01, 3,3153333333e+01, 2,1153333333e+01, 1,1340000000e+00, 7,1364466667e+03
 1500487200, 7,0000000000e+01, 3,2446666667e+01, 2,0000000000e+01, 1,1302333333e+00, 7,1380000000e+03
 1500487500, 7,0000000000e+01, 3,3953333333e+01, 2,0000000000e+01, 1,1800000000e+00, 7,1371433333e+03
 1500487800, 7,0000000000e+01, 3,2000000000e+01, 2,0000000000e+01, 1,0050000000e+00, 7,1249766667e+03
 1500488100, 5,3533333333e+01, 2,5413333333e+01, 1,1766666667e+01, 7,3886666667e-01, 7,1260233333e+03
 1500488400, 5,0000000000e+01, 2,4000000000e+01, 1,1246666667e+01, 5,6073333333e-01, 7,1252000000e+03
 1500488700, 5,0000000000e+01, 2,4000000000e+01, 1,1153333333e+01, 4,3990000000e-01, 7,1254000000e+03
 1500489000, 5,0000000000e+01, 2,4000000000e+01, 1,0000000000e+01, 3,5236666667e-01, 7,1262233333e+03
 1500489300, 5,0000000000e+01, 2,4000000000e+01, 1,0000000000e+01, 2,9460000000e-01, 7,1261066667e+03
 1500489600, 5,0000000000e+01, 2,4000000000e+01, 1,0000000000e+01, 2,3683333333e-01, 7,1252000000e+03
 1500489900, 5,0000000000e+01, 2,4000000000e+01, 1,1646666667e+01, 1,9730000000e-01, 7,1243766667e+03
 1500490200, 5,0000000000e+01, 2,4000000000e+01, 1,0753333333e+01, 1,6083333333e-01, 7,1248233333e+03
 1500490500, 5,0000000000e+01, 2,4000000000e+01, 1,0000000000e+01, 1,2776666667e-01, 7,1239533333e+03
 1500490800, 5,0000000000e+01, 2,4000000000e+01, 1,0000000000e+01, 1,0953333333e-01, 7,1240466667e+03
 1500491100, 5,0000000000e+01, 2,4000000000e+01, 1,0000000000e+01, 9,5766666667e-02, 7,1245533333e+03
 1500491400, 5,0000000000e+01, 2,4000000000e+01, 1,0000000000e+01, 8,4000000000e-02, 7,1244000000e+03
 1500491700, 5,0000000000e+01, 2,4000000000e+01, 1,1646666667e+01, 8,1766666667e-02, 7,1246233333e+03
 1500492000, 5,0000000000e+01, 2,4000000000e+01, 1,2000000000e+01, 7,3766666667e-02, 7,1247766667e+03
 1500492300, 5,0000000000e+01, 2,4000000000e+01, 1,2000000000e+01, 6,1766666667e-02, 7,1250233333e+03
 1500492600, 5,0000000000e+01, 2,4000000000e+01, 1,1553333333e+01, 5,1766666667e-02, 7,1237766667e+03
 1500492900, 5,0000000000e+01, 2,4000000000e+01, 1,0046666667e+01, 5,0000000000e-02, 7,1236700000e+03
 1500493200, 5,0000000000e+01, 2,4000000000e+01, 1,2000000000e+01, 5,0000000000e-02, 7,1245766667e+03
 1500493500, 5,0000000000e+01, 2,4000000000e+01, 1,2000000000e+01, 5,0000000000e-02, 7,1253766667e+03
 1500493800, 5,3116666667e+01, 2,5246666667e+01, 1,2000000000e+01, 5,0233333333e-02, 7,1242000000e+03
 1500494100, 5,2883333333e+01, 2,5153333333e+01, 1,2000000000e+01, 5,6000000000e-02, 7,1250233333e+03
 1500494400, 5,0000000000e+01, 2,4000000000e+01, 1,2000000000e+01, 5,5766666667e-02, 7,1253533333e+03
 1500494700, 5,0000000000e+01, 2,4000000000e+01, 1,2000000000e+01, 5,2700000000e-02, 7,1244000000e+03
 1500495000, 5,0000000000e+01, 2,4000000000e+01, 1,2000000000e+01, 7,4000000000e-02, 7,1254233333e+03
 1500495300, 5,0000000000e+01, 2,4000000000e+01, 1,2000000000e+01, 8,4233333333e-02, 7,1272233333e+03
 1500495600, 5,3116666667e+01, 2,4000000000e+01, 1,2000000000e+01, 9,4466666667e-02, 7,1244000000e+03
 1500495900, 5,2883333333e+01, 2,4000000000e+01, 1,2000000000e+01, 1,1376666667e-01, 7,1239766667e+03
 1500496200, 5,0000000000e+01, 2,4000000000e+01, 1,2000000000e+01, 1,0420000000e-01, 7,1244000000e+03
 1500496500, 5,0000000000e+01, 2,4000000000e+01, 1,2000000000e+01, 1,1046666667e-01, 7,1246000000e+03
 1500496800, 5,0000000000e+01, 2,4000000000e+01, 1,2000000000e+01, 1,2400000000e-01, 7,1248000000e+03
 1500497100, 5,4116666667e+01, 2,7293333333e+01, 1,2000000000e+01, 1,2623333333e-01, 7,1250000000e+03
 1500497400, 5,1883333333e+01, 2,5506666667e+01, 1,0753333333e+01, 1,2730000000e-01, 7,1258233333e+03
 1500497700, 5,0000000000e+01, 2,4000000000e+01, 1,0000000000e+01, 1,0400000000e-01, 7,1247766667e+03
 1500498000, 5,1116666667e+01, 2,4000000000e+01, 1,0893333333e+01, 1,0376666667e-01, 7,1254000000e+03
 1500498300, 5,5000000000e+01, 2,4000000000e+01, 1,3906666667e+01, 9,8000000000e-02, 7,1242466667e+03
 1500498600, 5,5000000000e+01, 2,4000000000e+01, 1,0000000000e+01, 1,0600000000e-01, 7,1247766667e+03
 1500498900, 5,0883333333e+01, 2,4000000000e+01, 1,1646666667e+01, 8,9533333333e-02, 7,1248466667e+03
 1500499200, 5,3116666667e+01, 2,6493333333e+01, 1,3246666667e+01, 8,6466666667e-02, 7,1251300000e+03
 1500499500, 5,2883333333e+01, 2,6306666667e+01, 1,2306666667e+01, 8,9300000000e-02, 7,1242233333e+03
 1500499800, 5,0000000000e+01, 2,4000000000e+01, 1,0446666667e+01, 6,7533333333e-02, 7,1248000000e+03
 1500500100, 5,0000000000e+01, 2,4000000000e+01, 1,1953333333e+01, 5,2233333333e-02, 7,1249766667e+03
 1500500400, 5,0000000000e+01, 2,4000000000e+01, 1,0000000000e+01, 5,8000000000e-02, 7,1246466667e+03
 1500500700, 5,4116666667e+01, 2,4000000000e+01, 1,0000000000e+01, 5,7766666667e-02, 7,1253766667e+03
 1500501000, 5,1883333333e+01, 2,4000000000e+01, 1,0000000000e+01, 6,4466666667e-02, 7,1256233333e+03
 1500501300, 5,2116666667e+01, 2,4000000000e+01, 1,0846666667e+01, 5,9533333333e-02, 7,1249533333e+03
 1500501600, 5,5000000000e+01, 2,4000000000e+01, 1,2000000000e+01, 5,0000000000e-02, 7,1242700000e+03
 1500501900, 5,5000000000e+01, 2,4000000000e+01, 1,2000000000e+01, 5,0000000000e-02, 7,1246000000e+03
 1500502200, 5,5000000000e+01, 2,4000000000e+01, 1,2000000000e+01, 5,8000000000e-02, 7,1249766667e+03
 1500502500, 5,5000000000e+01, 2,4000000000e+01, 1,2000000000e+01, 5,2000000000e-02, 7,1250000000e+03
 1500502800, 5,5000000000e+01, 2,4000000000e+01, 1,2000000000e+01, 5,4000000000e-02, 7,1242000000e+03
 1500503100, 5,2883333333e+01, 2,4000000000e+01, 1,2000000000e+01, 6,2233333333e-02, 7,1250466667e+03
 1500503400, 5,1116666667e+01, 2,4000000000e+01, 1,2000000000e+01, 5,1766666667e-02, 7,1250000000e+03
 1500503700, 5,5000000000e+01, 2,4000000000e+01, 1,2000000000e+01, 5,8233333333e-02, 7,1250233333e+03
 1500504000, 5,5000000000e+01, 2,4000000000e+01, 1,2000000000e+01, 5,8000000000e-02, 7,1259066667e+03
 1500504300, 5,5000000000e+01, 2,4000000000e+01, 1,2000000000e+01, 6,6466666667e-02, 7,1249533333e+03
 1500504600, 5,1883333333e+01, 2,4000000000e+01, 1,0753333333e+01, 7,8000000000e-02, 7,1244233333e+03
 1500504900, 5,2116666667e+01, 2,4000000000e+01, 1,0846666667e+01, 6,9533333333e-02, 7,1242000000e+03
 1500505200, 5,5000000000e+01, 2,4000000000e+01, 1,2000000000e+01, 6,6000000000e-02, 7,1242000000e+03
 1500505500, 5,5000000000e+01, 2,4000000000e+01, 1,2000000000e+01, 5,8466666667e-02, 7,1248000000e+03
 1500505800, 5,5000000000e+01, 2,4000000000e+01, 1,2000000000e+01, 7,3766666667e-02, 7,1246000000e+03
 1500506100, 5,5000000000e+01, 2,4000000000e+01, 1,2000000000e+01, 6,4000000000e-02, 7,1254000000e+03
 1500506400, 5,1883333333e+01, 2,4000000000e+01, 1,0753333333e+01, 6,1533333333e-02, 7,1250233333e+03
 1500506700, 5,2116666667e+01, 2,4000000000e+01, 1,0846666667e+01, 6,2233333333e-02, 7,1261766667e+03
 1500507000, 5,3883333333e+01, 2,4000000000e+01, 1,1553333333e+01, 6,6700000000e-02, 7,1262233333e+03
 1500507300, 5,0000000000e+01, 2,4000000000e+01, 1,0000000000e+01, 9,0466666667e-02, 7,1251766667e+03
 1500507600, 5,0000000000e+01, 2,4000000000e+01, 1,0000000000e+01, 1,1400000000e-01, 7,1256000000e+03
 1500507900, 5,4116666667e+01, 2,4000000000e+01, 1,1646666667e+01, 1,1623333333e-01, 7,1258466667e+03
 1500508200, 5,5000000000e+01, 2,4000000000e+01, 1,2000000000e+01, 1,0553333333e-01, 7,1255766667e+03
 1500508500, 5,2883333333e+01, 2,4000000000e+01, 1,1153333333e+01, 1,1646666667e-01, 7,1262466667e+03
 1500508800, 5,1116666667e+01, 2,4000000000e+01, 1,0446666667e+01, 1,1553333333e-01, 7,1269766667e+03
 1500509100, 5,5000000000e+01, 2,4000000000e+01, 1,2000000000e+01, 1,0846666667e-01, 7,1261533333e+03
 1500509400, 5,5000000000e+01, 2,4000000000e+01, 1,2000000000e+01, 1,1776666667e-01, 7,1264466667e+03
 1500509700, 5,5000000000e+01, 2,4000000000e+01, 1,2000000000e+01, 1,1400000000e-01, 7,1265766667e+03
 1500510000, 5,5000000000e+01, 2,4000000000e+01, 1,2000000000e+01, 1,1823333333e-01, 7,1263766667e+03
 1500510300, 5,5000000000e+01, 2,4000000000e+01, 1,2000000000e+01, 1,2823333333e-01, 7,1250233333e+03
 1500510600, 5,5000000000e+01, 2,4000000000e+01, 1,2000000000e+01, 1,3200000000e-01, 7,1247766667e+03
 1500510900, 5,5000000000e+01, 2,4000000000e+01, 1,2000000000e+01, 1,2600000000e-01, 7,1250233333e+03
 1500511200, 5,5000000000e+01, 2,4000000000e+01, 1,2000000000e+01, 1,3000000000e-01, 7,1249766667e+03
 1500511500, 5,5000000000e+01, 2,4000000000e+01, 1,0353333333e+01, 1,2776666667e-01, 7,1252233333e+03
 1500511800, 5,5000000000e+01, 2,4000000000e+01, 1,1246666667e+01, 1,2623333333e-01, 7,1256000000e+03
 1500512100, 5,5000000000e+01, 2,4000000000e+01, 1,2000000000e+01, 1,2353333333e-01, 7,1256000000e+03
 1500512400, 5,5000000000e+01, 2,4000000000e+01, 1,2000000000e+01, 1,0576666667e-01, 7,1262233333e+03
 1500512700, 5,4883333333e+01, 2,4000000000e+01, 1,1953333333e+01, 9,3766666667e-02, 7,1259766667e+03
 1500513000, 5,0000000000e+01, 2,4000000000e+01, 1,0000000000e+01, 8,1766666667e-02, 7,1256000000e+03
 1500513300, 5,0000000000e+01, 2,4000000000e+01, 1,0000000000e+01, 8,0466666667e-02, 7,1258233333e+03
 1500513600, 5,3116666667e+01, 2,5246666667e+01, 1,1246666667e+01, 1,0646666667e-01, 7,1254000000e+03
 1500513900, 5,2883333333e+01, 2,5153333333e+01, 1,1153333333e+01, 1,2000000000e-01, 7,1258000000e+03
 1500514200, 5,0000000000e+01, 2,4000000000e+01, 1,0000000000e+01, 1,0753333333e-01, 7,1251766667e+03
 1500514500, 5,0000000000e+01, 2,4000000000e+01, 1,0000000000e+01, 9,5766666667e-02, 7,1248233333e+03
 1500514800, 5,0000000000e+01, 2,4000000000e+01, 1,0000000000e+01, 9,8000000000e-02, 7,1258233333e+03
 1500515100, 5,0000000000e+01, 2,4000000000e+01, 1,0000000000e+01, 8,3566666667e-02, 7,1263833333e+03
 1500515400, 5,0000000000e+01, 2,4000000000e+01, 1,1246666667e+01, 7,2000000000e-02, 7,1263766667e+03
 1500515700, 5,2116666667e+01, 2,4000000000e+01, 1,2000000000e+01, 6,7766666667e-02, 7,1266233333e+03
 1500516000, 5,5000000000e+01, 2,4000000000e+01, 1,1553333333e+01, 5,6233333333e-02, 7,1266466667e+03
 1500516300, 5,4883333333e+01, 2,4000000000e+01, 1,0000000000e+01, 6,5533333333e-02, 7,1261766667e+03
 1500516600, 5,0000000000e+01, 2,4000000000e+01, 1,0000000000e+01, 7,2933333333e-02, 7,1254000000e+03
 1500516900, 5,4116666667e+01, 2,4000000000e+01, 1,1646666667e+01, 9,8000000000e-02, 7,1256466667e+03
 1500517200, 5,1883333333e+01, 2,4000000000e+01, 1,0753333333e+01, 8,7766666667e-02, 7,1263533333e+03
 1500517500, 5,6350000000e+01, 2,6540000000e+01, 1,4233333333e+01, 7,8233333333e-02, 7,1256233333e+03
 1500517800, 6,1650000000e+01, 2,8660000000e+01, 1,7766666667e+01, 8,6000000000e-02, 7,1252233333e+03
 1500518100, 5,0000000000e+01, 2,4000000000e+01, 1,0000000000e+01, 7,9533333333e-02, 7,1266233333e+03
 1500518400, 5,0000000000e+01, 2,4000000000e+01, 1,0000000000e+01, 5,9533333333e-02, 7,1260000000e+03
 1500518700, 6,6466666667e+01, 3,0586666667e+01, 1,6586666667e+01, 5,0000000000e-02, 7,1262466667e+03
 1500519000, 5,7533333333e+01, 2,7013333333e+01, 1,4260000000e+01, 5,2000000000e-02, 7,1260133333e+03
 1500519300, 5,0000000000e+01, 2,4000000000e+01, 1,1153333333e+01, 5,8233333333e-02, 7,1254000000e+03
 1500519600, 5,0000000000e+01, 2,4000000000e+01, 1,0446666667e+01, 5,8233333333e-02, 7,1250000000e+03
 1500519900, 5,0000000000e+01, 2,4000000000e+01, 1,2000000000e+01, 7,8233333333e-02, 7,1254233333e+03
 1500520200, 5,0000000000e+01, 2,4000000000e+01, 1,2000000000e+01, 7,3533333333e-02, 7,1251766667e+03
 1500520500, 5,4116666667e+01, 2,4000000000e+01, 1,2000000000e+01, 5,1766666667e-02, 7,1258000000e+03
 1500520800, 5,1883333333e+01, 2,4000000000e+01, 1,2000000000e+01, 5,2433333333e-02, 7,1252300000e+03
 1500521100, 5,0000000000e+01, 2,4000000000e+01, 1,1153333333e+01, 6,7533333333e-02, 7,1264000000e+03
 1500521400, 5,0000000000e+01, 2,4000000000e+01, 1,0000000000e+01, 5,6466666667e-02, 7,1262366667e+03
 1500521700, 5,0000000000e+01, 2,4000000000e+01, 1,0000000000e+01, 7,0000000000e-02, 7,1270000000e+03
 1500522000, 5,0000000000e+01, 2,4000000000e+01, 1,0000000000e+01, 7,4000000000e-02, 7,1260233333e+03
 1500522300, 5,0000000000e+01, 2,4000000000e+01, 1,0000000000e+01, 6,1533333333e-02, 7,1266000000e+03
 1500522600, 5,6233333333e+01, 2,7740000000e+01, 1,3740000000e+01, 5,0233333333e-02, 7,1263533333e+03
 1500522900, 5,5766666667e+01, 2,7460000000e+01, 1,3460000000e+01, 7,8700000000e-02, 7,1264233333e+03
 1500523200, 5,0000000000e+01, 2,4000000000e+01, 1,0446666667e+01, 9,8233333333e-02, 7,1265766667e+03
 1500523500, 5,0000000000e+01, 2,4000000000e+01, 1,2000000000e+01, 1,0023333333e-01, 7,1264233333e+03
 1500523800, 5,0000000000e+01, 2,4000000000e+01, 1,2000000000e+01, 1,1023333333e-01, 7,1264233333e+03
 1500524100, 5,0000000000e+01, 2,4000000000e+01, 1,2000000000e+01, 1,1176666667e-01, 7,1275300000e+03
 1500524400, 5,0000000000e+01, 2,4000000000e+01, 1,2000000000e+01, 9,9766666667e-02, 7,1266233333e+03
 1500524700, 5,2116666667e+01, 2,4846666667e+01, 1,2000000000e+01, 8,3533333333e-02, 7,1272466667e+03
 1500525000, 5,3883333333e+01, 2,5553333333e+01, 1,1553333333e+01, 7,5533333333e-02, 7,1276000000e+03
 1500525300, 5,0000000000e+01, 2,4000000000e+01, 1,0000000000e+01, 5,8000000000e-02, 7,1265766667e+03
 1500525600, 5,0000000000e+01, 2,4000000000e+01, 1,0000000000e+01, 5,6000000000e-02, 7,1268233333e+03
 1500525900, 5,0000000000e+01, 2,4000000000e+01, 1,0000000000e+01, 8,0933333333e-02, 7,1266000000e+03
 1500526200, 5,3116666667e+01, 2,5246666667e+01, 1,1246666667e+01, 1,0176666667e-01, 7,1277533333e+03
 1500526500, 5,2883333333e+01, 2,5153333333e+01, 1,1153333333e+01, 9,1766666667e-02, 7,1260233333e+03
 1500526800, 5,0000000000e+01, 2,4000000000e+01, 1,0446666667e+01, 9,0233333333e-02, 7,1268000000e+03
 1500527100, 5,0000000000e+01, 2,4000000000e+01, 1,2000000000e+01, 8,9533333333e-02, 7,1266000000e+03
 1500527400, 5,0000000000e+01, 2,4000000000e+01, 1,2000000000e+01, 7,3766666667e-02, 7,1272000000e+03
 1500527700, 5,0000000000e+01, 2,4000000000e+01, 1,2000000000e+01, 6,4233333333e-02, 7,1254000000e+03
 1500528000, 5,0000000000e+01, 2,4000000000e+01, 1,2000000000e+01, 6,1766666667e-02, 7,1258000000e+03
 1500528300, 5,0000000000e+01, 2,4000000000e+01, 1,2000000000e+01, 6,0233333333e-02, 7,1262233333e+03
 1500528600, 5,0000000000e+01, 2,4000000000e+01, 1,1553333333e+01, 7,0233333333e-02, 7,1269766667e+03
 1500528900, 5,0000000000e+01, 2,4000000000e+01, 1,0046666667e+01, 7,0000000000e-02, 7,1264200000e+03
 1500529200, 5,0000000000e+01, 2,4000000000e+01, 1,2000000000e+01, 8,4933333333e-02, 7,1268233333e+03
 1500529500, 5,0000000000e+01, 2,4000000000e+01, 1,2000000000e+01, 1,1153333333e-01, 7,1271533333e+03
 1500529800, 5,0000000000e+01, 2,4000000000e+01, 1,2000000000e+01, 1,2446666667e-01, 7,1268233333e+03
 1500530100, 5,0000000000e+01, 2,4000000000e+01, 1,1153333333e+01, 1,1776666667e-01, 7,1276000000e+03
 1500530400, 5,0000000000e+01, 2,4000000000e+01, 1,0446666667e+01, 9,5300000000e-02, 7,1274000000e+03
 1500530700, 5,0000000000e+01, 2,4000000000e+01, 1,1953333333e+01, 8,8000000000e-02, 7,1256000000e+03
 1500531000, 5,0000000000e+01, 2,4000000000e+01, 1,0000000000e+01, 7,8466666667e-02, 7,1262000000e+03
 1500531300, 5,0000000000e+01, 2,4000000000e+01, 1,0000000000e+01, 8,9533333333e-02, 7,1272466667e+03
 1500531600, 5,0000000000e+01, 2,4000000000e+01, 1,0000000000e+01, 7,5766666667e-02, 7,1266000000e+03
 1500531900, 5,0000000000e+01, 2,4000000000e+01, 1,0846666667e+01, 7,0233333333e-02, 7,1266000000e+03
 1500532200, 5,1116666667e+01, 2,4446666667e+01, 1,2000000000e+01, 7,7766666667e-02, 7,1272000000e+03
 1500532500, 5,4883333333e+01, 2,5953333333e+01, 1,2000000000e+01, 7,2000000000e-02, 7,1274233333e+03
 1500532800, 5,0000000000e+01, 2,4000000000e+01, 1,2000000000e+01, 5,9766666667e-02, 7,1276233333e+03
 1500533100, 5,0000000000e+01, 2,4000000000e+01, 1,0353333333e+01, 5,3766666667e-02, 7,1277766667e+03
 1500533400, 5,0000000000e+01, 2,4000000000e+01, 1,0000000000e+01, 5,2000000000e-02, 7,1277166667e+03
 1500533700, 5,0000000000e+01, 2,4000000000e+01, 1,0000000000e+01, 5,4000000000e-02, 7,1283900000e+03
 1500534000, 5,0000000000e+01, 2,4000000000e+01, 1,0000000000e+01, 5,0233333333e-02, 7,1272233333e+03
 1500534300, 5,0000000000e+01, 2,4000000000e+01, 1,0000000000e+01, 5,5766666667e-02, 7,1271766667e+03
 1500534600, 5,0000000000e+01, 2,4000000000e+01, 1,0000000000e+01, 5,2000000000e-02, 7,1274300000e+03
 1500534900, 5,4116666667e+01, 2,4000000000e+01, 1,1646666667e+01, 5,0000000000e-02, 7,1278233333e+03
 1500535200, 5,1883333333e+01, 2,4000000000e+01, 1,2000000000e+01, 5,2466666667e-02, 7,1277766667e+03
 1500535500, 5,0000000000e+01, 2,4000000000e+01, 1,1153333333e+01, 8,0700000000e-02, 7,1283766667e+03
 1500535800, 5,0000000000e+01, 2,4000000000e+01, 1,0000000000e+01, 1,1223333333e-01, 7,1276233333e+03
 1500536100, 5,0000000000e+01, 2,4000000000e+01, 1,0000000000e+01, 1,1200000000e-01, 7,1276000000e+03
 1500536400, 5,0000000000e+01, 2,4000000000e+01, 1,0000000000e+01, 9,9766666667e-02, 7,1278000000e+03
 1500536700, 5,0000000000e+01, 2,4000000000e+01, 1,1646666667e+01, 9,5766666667e-02, 7,1280000000e+03
 1500537000, 5,0000000000e+01, 2,4000000000e+01, 1,0753333333e+01, 9,6000000000e-02, 7,1278233333e+03
 1500537300, 5,0000000000e+01, 2,4000000000e+01, 1,0000000000e+01, 8,3766666667e-02, 7,1281766667e+03
 1500537600, 5,0000000000e+01, 2,4000000000e+01, 1,0446666667e+01, 8,8000000000e-02, 7,1284000000e+03
 1500537900, 5,0000000000e+01, 2,4000000000e+01, 1,1953333333e+01, 9,0933333333e-02, 7,1290466667e+03
 1500538200, 5,0000000000e+01, 2,4000000000e+01, 1,0000000000e+01, 1,2423333333e-01, 7,1285766667e+03
 1500538500, 5,0000000000e+01, 2,4000000000e+01, 1,0000000000e+01, 1,3223333333e-01, 7,1292233333e+03
 1500538800, 5,0000000000e+01, 2,4000000000e+01, 1,0000000000e+01, 1,3353333333e-01, 7,1293766667e+03
 1500539100, 5,0000000000e+01, 2,4000000000e+01, 1,0000000000e+01, 1,3046666667e-01, 7,1292000000e+03
 1500539400, 5,0000000000e+01, 2,4000000000e+01, 1,0000000000e+01, 1,3600000000e-01, 7,1294233333e+03
 1500539700, 5,0000000000e+01, 2,4000000000e+01, 1,0000000000e+01, 1,3776666667e-01, 7,1283533333e+03
 1500540000, 5,0000000000e+01, 2,4000000000e+01, 1,0000000000e+01, 1,3000000000e-01, 7,1272000000e+03
 1500540300, 5,0000000000e+01, 2,4000000000e+01, 1,1640000000e+01, 1,3000000000e-01, 7,1271766667e+03
 1500540600, 5,0000000000e+01, 2,4000000000e+01, 1,0753333333e+01, 1,2400000000e-01, 7,1266233333e+03
 1500540900, 5,0000000000e+01, 2,4000000000e+01, 1,0000000000e+01, 1,1730000000e-01, 7,1278233333e+03
 1500541200, 5,0000000000e+01, 2,4000000000e+01, 1,0000000000e+01, 1,0400000000e-01, 7,1284233333e+03
 1500541500, 5,0000000000e+01, 2,4000000000e+01, 1,0000000000e+01, 9,6233333333e-02, 7,1288000000e+03
 1500541800, 5,0000000000e+01, 2,4000000000e+01, 1,0000000000e+01, 1,0776666667e-01, 7,1289766667e+03
 1500542100, 5,0000000000e+01, 2,4000000000e+01, 1,1646666667e+01, 1,1493333333e-01, 7,1294000000e+03
 1500542400, 5,0000000000e+01, 2,4000000000e+01, 1,0753333333e+01, 1,2953333333e-01, 7,1290233333e+03
 1500542700, 5,0000000000e+01, 2,4000000000e+01, 1,0000000000e+01, 1,1576666667e-01, 7,1283533333e+03
 1500543000, 5,0000000000e+01, 2,4000000000e+01, 1,0446666667e+01, 1,0976666667e-01, 7,1278466667e+03
 1500543300, 5,0000000000e+01, 2,4000000000e+01, 1,1953333333e+01, 9,1533333333e-02, 7,1281533333e+03
 1500543600, 5,0000000000e+01, 2,4000000000e+01, 1,0000000000e+01, 8,4000000000e-02, 7,1274233333e+03
 1500543900, 5,0000000000e+01, 2,4000000000e+01, 1,1646666667e+01, 9,6933333333e-02, 7,1280000000e+03
 1500544200, 5,0000000000e+01, 2,4000000000e+01, 1,2000000000e+01, 1,3423333333e-01, 7,1288000000e+03
 1500544500, 5,0000000000e+01, 2,4000000000e+01, 1,2000000000e+01, 1,3400000000e-01, 7,1286000000e+03
 1500544800, 5,0000000000e+01, 2,4000000000e+01, 1,2000000000e+01, 1,3600000000e-01, 7,1286000000e+03
 1500545100, 5,0233333333e+01, 2,4093333333e+01, 1,2046666667e+01, 1,3400000000e-01, 7,1294000000e+03
 1500545400, 6,0000000000e+01, 2,8000000000e+01, 1,4000000000e+01, 1,2976666667e-01, 7,1274233333e+03
 1500545700, 5,1766666667e+01, 2,4706666667e+01, 1,2353333333e+01, 1,3823333333e-01, 7,1286000000e+03
 1500546000, 5,0000000000e+01, 2,4000000000e+01, 1,2000000000e+01, 1,3400000000e-01, 7,1288233333e+03
 1500546300, 5,0000000000e+01, 2,4000000000e+01, 1,1153333333e+01, 1,2976666667e-01, 7,1278000000e+03
 1500546600, 5,0000000000e+01, 2,4000000000e+01, 1,0446666667e+01, 1,2623333333e-01, 7,1290233333e+03
 1500546900, 5,0000000000e+01, 2,4000000000e+01, 1,1953333333e+01, 1,3600000000e-01, 7,1288000000e+03
 1500547200, 5,0000000000e+01, 2,4000000000e+01, 1,0000000000e+01, 1,2776666667e-01, 7,1286000000e+03
 1500547500, 5,4116666667e+01, 2,4000000000e+01, 1,1646666667e+01, 1,1400000000e-01, 7,1284233333e+03
 1500547800, 5,1883333333e+01, 2,4000000000e+01, 1,0753333333e+01, 1,2446666667e-01, 7,1292000000e+03
 1500548100, 5,0000000000e+01, 2,4000000000e+01, 1,0000000000e+01, 1,4623333333e-01, 7,1284000000e+03
 1500548400, 5,0000000000e+01, 2,4000000000e+01, 1,0000000000e+01, 1,3730000000e-01, 7,1284833333e+03
 1500548700, 5,0000000000e+01, 2,4000000000e+01, 1,0000000000e+01, 1,2623333333e-01, 7,1280233333e+03
 1500549000, 5,0000000000e+01, 2,4000000000e+01, 1,0000000000e+01, 1,2176666667e-01, 7,1280000000e+03
 1500549300, 5,0000000000e+01, 2,4000000000e+01, 1,0000000000e+01, 1,2423333333e-01, 7,1282400000e+03
 1500549600, 5,0000000000e+01, 2,4000000000e+01, 1,0000000000e+01, 1,2976666667e-01, 7,1289533333e+03
 1500549900, 5,0000000000e+01, 2,4000000000e+01, 1,0000000000e+01, 1,2376666667e-01, 7,1288000000e+03
 1500550200, 5,0000000000e+01, 2,4000000000e+01, 1,0000000000e+01, 1,0153333333e-01, 7,1288233333e+03
 1500550500, 5,0000000000e+01, 2,4000000000e+01, 1,0000000000e+01, 1,0516666667e-01, 7,1289766667e+03
 1500550800, 5,0000000000e+01, 2,4000000000e+01, 1,0000000000e+01, 1,3576666667e-01, 7,1291766667e+03
 1500551100, 5,0000000000e+01, 2,4000000000e+01, 1,1646666667e+01, 1,3400000000e-01, 7,1294233333e+03
 1500551400, 5,0000000000e+01, 2,4000000000e+01, 1,0753333333e+01, 1,2623333333e-01, 7,1300233333e+03
 1500551700, 5,0000000000e+01, 2,4000000000e+01, 1,0000000000e+01, 1,3176666667e-01, 7,1291766667e+03
 1500552000, 5,0000000000e+01, 2,4000000000e+01, 1,0000000000e+01, 1,3400000000e-01, 7,1302466667e+03
 1500552300, 5,0000000000e+01, 2,4000000000e+01, 1,0046666667e+01, 1,3600000000e-01, 7,1293766667e+03
 1500552600, 5,0000000000e+01, 2,4000000000e+01, 1,2000000000e+01, 1,2353333333e-01, 7,1289766667e+03
 1500552900, 5,0000000000e+01, 2,4000000000e+01, 1,0353333333e+01, 1,0823333333e-01, 7,1286000000e+03
 1500553200, 5,0000000000e+01, 2,4000000000e+01, 1,0000000000e+01, 1,2846666667e-01, 7,1284000000e+03
 1500553500, 5,0000000000e+01, 2,4000000000e+01, 1,0000000000e+01, 1,3753333333e-01, 7,1292466667e+03
 1500553800, 5,0000000000e+01, 2,4000000000e+01, 1,0000000000e+01, 1,1553333333e-01, 7,1297533333e+03
 1500554100, 5,0000000000e+01, 2,4000000000e+01, 1,0000000000e+01, 1,0446666667e-01, 7,1298000000e+03
 1500554400, 5,0000000000e+01, 2,4000000000e+01, 1,0000000000e+01, 1,0976666667e-01, 7,1280000000e+03
 1500554700, 5,0000000000e+01, 2,4000000000e+01, 1,0000000000e+01, 1,0623333333e-01, 7,1283766667e+03
 1500555000, 5,0000000000e+01, 2,4000000000e+01, 1,0000000000e+01, 1,1376666667e-01, 7,1280000000e+03
 1500555300, 5,0000000000e+01, 2,4000000000e+01, 1,0000000000e+01, 1,0176666667e-01, 7,1280233333e+03
 1500555600, 5,0000000000e+01, 2,4000000000e+01, 1,0446666667e+01, 1,0200000000e-01, 7,1281766667e+03
 1500555900, 5,0000000000e+01, 2,4000000000e+01, 1,1953333333e+01, 9,8000000000e-02, 7,1282466667e+03
 1500556200, 5,0000000000e+01, 2,4000000000e+01, 1,0000000000e+01, 9,0000000000e-02, 7,1290000000e+03
 1500556500, 5,0000000000e+01, 2,4000000000e+01, 1,0000000000e+01, 1,1000000000e-01, 7,1290000000e+03
 1500556800, 5,0000000000e+01, 2,4000000000e+01, 1,0000000000e+01, 1,0000000000e-01, 7,1297766667e+03
 1500557100, 5,0000000000e+01, 2,4000000000e+01, 1,0000000000e+01, 1,1646666667e-01, 7,1298233333e+03
 1500557400, 5,0000000000e+01, 2,4000000000e+01, 1,0000000000e+01, 1,2600000000e-01, 7,1288000000e+03
 1500557700, 5,0000000000e+01, 2,4000000000e+01, 1,0046666667e+01, 1,2400000000e-01, 7,1288233333e+03
 1500558000, 5,0000000000e+01, 2,4000000000e+01, 1,2000000000e+01, 1,2800000000e-01, 7,1292000000e+03
 1500558300, 5,0000000000e+01, 2,5646666667e+01, 1,2000000000e+01, 1,1176666667e-01, 7,1294000000e+03
 1500558600, 5,3116666667e+01, 2,4753333333e+01, 1,2000000000e+01, 1,0976666667e-01, 7,1289766667e+03
 1500558900, 5,2883333333e+01, 2,4000000000e+01, 1,1153333333e+01, 9,7766666667e-02, 7,1292000000e+03
 1500559200, 5,1116666667e+01, 2,4446666667e+01, 1,0446666667e+01, 7,5533333333e-02, 7,1286000000e+03
 1500559500, 5,4883333333e+01, 2,5953333333e+01, 1,2000000000e+01, 8,4933333333e-02, 7,1292000000e+03
 1500559800, 5,0000000000e+01, 2,4000000000e+01, 1,2000000000e+01, 1,0576666667e-01, 7,1302233333e+03
 1500560100, 5,0000000000e+01, 2,4000000000e+01, 1,2000000000e+01, 9,5766666667e-02, 7,1313766667e+03
 1500560400, 5,0000000000e+01, 2,4000000000e+01, 1,2000000000e+01, 1,0693333333e-01, 7,1288233333e+03
 1500560700, 5,0000000000e+01, 2,4000000000e+01, 1,2000000000e+01, 1,3623333333e-01, 7,1294000000e+03
 1500561000, 5,1116666667e+01, 2,4000000000e+01, 1,2000000000e+01, 1,4000000000e-01, 7,1290233333e+03
 1500561300, 5,4883333333e+01, 2,4000000000e+01, 1,2000000000e+01, 1,3776666667e-01, 7,1296000000e+03
 1500561600, 5,0000000000e+01, 2,4000000000e+01, 1,2000000000e+01, 1,3223333333e-01, 7,1284233333e+03
 1500561900, 5,0000000000e+01, 2,4000000000e+01, 1,2000000000e+01, 1,3576666667e-01, 7,1298200000e+03
 1500562200, 5,0000000000e+01, 2,4000000000e+01, 1,0753333333e+01, 1,2800000000e-01, 7,1298233333e+03
 1500562500, 5,0000000000e+01, 2,4000000000e+01, 1,0000000000e+01, 1,2176666667e-01, 7,1304000000e+03
 1500562800, 5,0000000000e+01, 2,4000000000e+01, 1,0000000000e+01, 1,2823333333e-01, 7,1295533333e+03
 1500563100, 5,0000000000e+01, 2,4000000000e+01, 1,0046666667e+01, 1,3000000000e-01, 7,1292933333e+03
 1500563400, 5,0000000000e+01, 2,4000000000e+01, 1,2000000000e+01, 1,2776666667e-01, 7,1286000000e+03
 1500563700, 5,0000000000e+01, 2,4000000000e+01, 1,0353333333e+01, 1,2000000000e-01, 7,1282000000e+03
 1500564000, 5,0000000000e+01, 2,4000000000e+01, 1,1246666667e+01, 1,1400000000e-01, 7,1282233333e+03
 1500564300, 5,0000000000e+01, 2,4000000000e+01, 1,1153333333e+01, 1,2000000000e-01, 7,1288000000e+03
 1500564600, 5,0000000000e+01, 2,4000000000e+01, 1,0446666667e+01, 1,2116666667e-01, 7,1289633333e+03
 1500564900, 5,0350000000e+01, 2,4186666667e+01, 1,2140000000e+01, 2,9053333333e-01, 7,1376700000e+03
 1500565200, 6,5000000000e+01, 3,2000000000e+01, 1,8000000000e+01, 5,3020000000e-01, 7,1375300000e+03
 1500565500, 6,5000000000e+01, 3,2000000000e+01, 1,8000000000e+01, 7,0326666667e-01, 7,1378466667e+03
 1500565800, 6,5000000000e+01, 3,0753333333e+01, 1,8000000000e+01, 8,0186666667e-01, 7,1379766667e+03
 1500566100, 6,9233333333e+01, 3,1693333333e+01, 1,9693333333e+01, 8,8810000000e-01, 7,1380233333e+03
 1500566400, 7,3883333333e+01, 3,3106666667e+01, 2,1553333333e+01, 9,5893333333e-01, 7,1363533333e+03
 1500566700, 6,9650000000e+01, 2,9860000000e+01, 1,9813333333e+01, 9,9446666667e-01, 7,1374233333e+03
 1500567000, 5,5000000000e+01, 2,4000000000e+01, 1,2000000000e+01, 1,0229333333e+00, 7,1372000000e+03
 1500567300, 5,5000000000e+01, 2,5646666667e+01, 1,2000000000e+01, 1,0424666667e+00, 7,1378933333e+03
 1500567600, 5,1883333333e+01, 2,4753333333e+01, 1,2000000000e+01, 1,0560000000e+00, 7,1385533333e+03
 1500567900, 5,2116666667e+01, 2,4000000000e+01, 1,2000000000e+01, 1,0537666667e+00, 7,1390233333e+03
 1500568200, 5,6116666667e+01, 2,4893333333e+01, 1,2893333333e+01, 1,0500000000e+00, 7,1388000000e+03
 1500568500, 6,0116666667e+01, 2,8046666667e+01, 1,6046666667e+01, 1,0500000000e+00, 7,1393766667e+03
 1500568800, 6,5000000000e+01, 3,0000000000e+01, 1,8000000000e+01, 1,0520000000e+00, 7,1396233333e+03
 1500569100, 6,5000000000e+01, 3,0000000000e+01, 1,9646666667e+01, 1,0616666667e+00, 7,1725066667e+03
 1500569400, 1,1175000000e+02, 7,2386666667e+01, 2,2493333333e+01, 2,4678333333e+00, 7,5286100000e+03
 1500569700, 1,4635000000e+02, 1,0308000000e+02, 2,4846666667e+01, 4,2770000000e+00, 3,6046086667e+04
 1500570000, 1,5500000000e+02, 1,1000000000e+02, 2,6000000000e+01, 5,5979000000e+00, 4,2221800000e+04
 1500570300, 1,5500000000e+02, 1,1000000000e+02, 2,6000000000e+01, 6,5684333333e+00, 4,2222000000e+04
 1500570600, 1,5500000000e+02, 1,1000000000e+02, 2,6000000000e+01, 7,2508333333e+00, 4,2221976667e+04
 1500570900, 1,5500000000e+02, 1,1164666667e+02, 2,6000000000e+01, 7,7315666667e+00, 4,2222470000e+04
 1500571200, 1,5188333333e+02, 1,0950666667e+02, 2,6000000000e+01, 8,0896000000e+00, 4,2185390000e+04
 1500571500, 1,5211666667e+02, 1,0884666667e+02, 2,6000000000e+01, 8,2530333333e+00, 4,8322470000e+04
 1500571800, 1,5723333333e+02, 1,1134000000e+02, 2,6446666667e+01, 8,0842000000e+00, 5,2274633333e+04
 1500572100, 1,6453333333e+02, 1,1567333333e+02, 2,7953333333e+01, 7,6588000000e+00, 5,2268353333e+04
 1500572400, 1,4500000000e+02, 1,0200000000e+02, 2,6000000000e+01, 7,4205000000e+00, 5,2314246667e+04
 1500572700, 1,5735000000e+02, 1,1188000000e+02, 2,7646666667e+01, 7,1934666667e+00, 5,2317376667e+04
 1500573000, 1,6000000000e+02, 1,1400000000e+02, 2,8000000000e+01, 7,0130666667e+00, 5,2267353333e+04
 1500573300, 1,6000000000e+02, 1,1484666667e+02, 2,8000000000e+01, 6,9406000000e+00, 5,2367200000e+04
 1500573600, 1,6000000000e+02, 1,1555333333e+02, 2,8000000000e+01, 6,8763333333e+00, 5,2367870000e+04
 1500573900, 1,5988333333e+02, 1,1386000000e+02, 2,7953333333e+01, 7,0691333333e+00, 4,3464106667e+04
 1500574200, 1,5500000000e+02, 1,0800000000e+02, 2,6000000000e+01, 7,4476666667e+00, 7,7459400000e+03
 1500574500, 1,5088333333e+02, 1,0635333333e+02, 2,6000000000e+01, 7,8886333333e+00, 3,5573640000e+04
 1500574800, 1,5311666667e+02, 1,0849333333e+02, 2,6000000000e+01, 8,2103000000e+00, 4,2205600000e+04
 1500575100, 1,5500000000e+02, 1,1000000000e+02, 2,6000000000e+01, 8,4793666667e+00, 4,2206246667e+04
 1500575400, 1,5500000000e+02, 1,1000000000e+02, 2,6000000000e+01, 8,6410333333e+00, 4,2206376667e+04
 1500575700, 1,5488333333e+02, 1,0995333333e+02, 2,6000000000e+01, 8,7949333333e+00, 4,2201273333e+04
 1500576000, 1,5000000000e+02, 1,0800000000e+02, 2,6000000000e+01, 8,6691000000e+00, 4,3272533333e+04
 1500576300, 1,3353333333e+02, 9,1533333333e+01, 2,6000000000e+01, 8,4617000000e+00, 4,6537420000e+04
 1500576600, 1,4870000000e+02, 1,0420666667e+02, 2,7246666667e+01, 7,9194333333e+00, 5,2287623333e+04
 1500576900, 1,6000000000e+02, 1,1400000000e+02, 2,8000000000e+01, 7,3369333333e+00, 5,2330600000e+04
 1500577200, 1,6000000000e+02, 1,1400000000e+02, 2,8000000000e+01, 6,8753333333e+00, 5,2282493333e+04
 1500577500, 1,6000000000e+02, 1,1400000000e+02, 2,8000000000e+01, 6,7491000000e+00, 5,2284553333e+04
 1500577800, 1,6000000000e+02, 1,1400000000e+02, 2,8000000000e+01, 6,5381333333e+00, 5,2331400000e+04
 1500578100, 1,4765000000e+02, 1,0412000000e+02, 2,6353333333e+01, 6,3959333333e+00, 5,2332563333e+04
 1500578400, 1,5435000000e+02, 1,0948000000e+02, 2,7246666667e+01, 6,1491000000e+00, 5,2333790000e+04
 1500578700, 1,6000000000e+02, 1,1400000000e+02, 2,8000000000e+01, 6,0525000000e+00, 5,2332223333e+04
 1500579000, 1,5888333333e+02, 1,1221333333e+02, 2,8000000000e+01, 5,9144333333e+00, 4,2661656667e+04
 1500579300, 1,5488333333e+02, 1,0600000000e+02, 2,7953333333e+01, 6,3303666667e+00, 7,7269633333e+03
 1500579600, 1,5000000000e+02, 1,0600000000e+02, 2,6000000000e+01, 6,7948666667e+00, 3,5079263333e+04
 1500579900, 1,5000000000e+02, 1,0764666667e+02, 2,6000000000e+01, 7,1305333333e+00, 4,2188623333e+04
 1500580200, 1,5000000000e+02, 1,0800000000e+02, 2,6000000000e+01, 7,3726666667e+00, 4,2188776667e+04
 1500580500, 1,5000000000e+02, 1,0800000000e+02, 2,6000000000e+01, 7,5432666667e+00, 4,2188000000e+04
 1500580800, 1,5111666667e+02, 1,0800000000e+02, 2,6000000000e+01, 7,6730333333e+00, 4,2188823333e+04
 1500581100, 1,5325000000e+02, 1,0641333333e+02, 2,5953333333e+01, 7,7803333333e+00, 4,3271626667e+04
 1500581400, 8,0000000000e+01, 4,0000000000e+01, 2,4000000000e+01, 7,8500000000e+00, 4,9040950000e+04
 1500581700, 8,0000000000e+01, 4,0000000000e+01, 2,4000000000e+01, 7,7784000000e+00, 5,2185940000e+04
 1500582000, 1,2986666667e+02, 8,6126666667e+01, 2,6493333333e+01, 7,3908000000e+00, 5,2289930000e+04
 1500582300, 1,6000000000e+02, 1,1400000000e+02, 2,8000000000e+01, 7,0186333333e+00, 5,2322223333e+04
 1500582600, 1,6000000000e+02, 1,1400000000e+02, 2,8000000000e+01, 6,8140333333e+00, 5,2325423333e+04
 1500582900, 1,6000000000e+02, 1,1400000000e+02, 2,8000000000e+01, 6,6642666667e+00, 5,2284823333e+04
 1500583200, 1,6000000000e+02, 1,1400000000e+02, 2,8000000000e+01, 6,5029666667e+00, 5,2286153333e+04
 1500583500, 1,6000000000e+02, 1,1400000000e+02, 2,8000000000e+01, 6,4855000000e+00, 5,2334223333e+04
 1500583800, 1,6000000000e+02, 1,1400000000e+02, 2,8000000000e+01, 6,5338000000e+00, 5,2296353333e+04
 1500584100, 1,6000000000e+02, 1,1400000000e+02, 2,8000000000e+01, 6,5548666667e+00, 2,5177643333e+04
 1500584400, 1,5665000000e+02, 1,1176666667e+02, 2,7553333333e+01, 6,9357000000e+00, 8,0485666667e+03
 1500584700, 1,4511666667e+02, 1,0409333333e+02, 2,6000000000e+01, 7,2316000000e+00, 4,2200000000e+04
 1500585000, 1,5000000000e+02, 1,0800000000e+02, 2,6000000000e+01, 7,4442000000e+00, 4,2200400000e+04
 1500585300, 1,5000000000e+02, 1,0800000000e+02, 2,6000000000e+01, 7,6032666667e+00, 4,2200246667e+04
 1500585600, 1,5000000000e+02, 1,0800000000e+02, 2,6000000000e+01, 7,7181000000e+00, 4,2201846667e+04
 1500585900, 1,5000000000e+02, 1,0800000000e+02, 2,6000000000e+01, 7,7954000000e+00, 4,2203553333e+04
 1500586200, 1,4888333333e+02, 1,0621333333e+02, 2,6446666667e+01, 7,8470666667e+00, 4,5384320000e+04
 1500586500, 1,4535000000e+02, 1,0032666667e+02, 2,8000000000e+01, 7,5670333333e+00, 5,2333093333e+04
 1500586800, 1,6000000000e+02, 1,1400000000e+02, 2,8000000000e+01, 7,1877000000e+00, 5,2286600000e+04
 1500587100, 1,6000000000e+02, 1,1400000000e+02, 2,8000000000e+01, 6,8711333333e+00, 5,2288023333e+04
 1500587400, 1,6000000000e+02, 1,1400000000e+02, 2,8000000000e+01, 6,5050000000e+00, 5,2330576667e+04
 1500587700, 1,6000000000e+02, 1,1400000000e+02, 2,8000000000e+01, 6,3453000000e+00, 5,1325773333e+04
 1500588000, 1,5665000000e+02, 1,1176666667e+02, 2,7553333333e+01, 6,5447333333e+00, 8,0899400000e+03
 1500588300, 1,4511666667e+02, 1,0409333333e+02, 2,6000000000e+01, 6,9706333333e+00, 2,8570510000e+04
 1500588600, 1,5000000000e+02, 1,0800000000e+02, 2,6000000000e+01, 7,2836000000e+00, 4,2194400000e+04
 1500588900, 1,5000000000e+02, 1,0800000000e+02, 2,6000000000e+01, 7,4879666667e+00, 4,2195623333e+04
 1500589200, 1,5311666667e+02, 1,0800000000e+02, 2,6000000000e+01, 7,6348000000e+00, 4,2195800000e+04
 1500589500, 1,5288333333e+02, 1,0800000000e+02, 2,6000000000e+01, 7,7378666667e+00, 4,2195953333e+04
 1500589800, 1,4888333333e+02, 1,0666000000e+02, 2,6000000000e+01, 7,8073666667e+00, 4,2195446667e+04
 1500590100, 1,4406666667e+02, 1,0111333333e+02, 2,6000000000e+01, 7,8360333333e+00, 4,7416373333e+04
 1500590400, 1,0500000000e+02, 6,4000000000e+01, 2,6000000000e+01, 7,3414000000e+00, 5,2352776667e+04
 1500590700, 1,5028333333e+02, 1,0681333333e+02, 2,7646666667e+01, 7,0813333333e+00, 5,2350070000e+04
 1500591000, 1,6000000000e+02, 1,1475333333e+02, 2,8000000000e+01, 6,7214000000e+00, 5,2353376667e+04
 1500591300, 1,6000000000e+02, 1,1400000000e+02, 2,8000000000e+01, 6,2271000000e+00, 5,2353423333e+04
 1500591600, 1,6000000000e+02, 1,1444666667e+02, 2,8000000000e+01, 6,1730666667e+00, 5,2353470000e+04
 1500591900, 1,6000000000e+02, 1,1595333333e+02, 2,8000000000e+01, 5,9215000000e+00, 5,2356023333e+04
 1500592200, 1,6000000000e+02, 1,1400000000e+02, 2,8000000000e+01, 5,6735333333e+00, 5,2355553333e+04
 1500592500, 1,6000000000e+02, 1,1400000000e+02, 2,8000000000e+01, 5,6745666667e+00, 5,1442243333e+04
 1500592800, 9,4550000000e+01, 5,9146666667e+01, 1,8026666667e+01, 5,3127333333e+00, 8,1859333333e+03
 1500593100, 5,2883333333e+01, 2,5153333333e+01, 1,1153333333e+01, 3,8897666667e+00, 7,1130000000e+03
 1500593400, 5,0000000000e+01, 2,4000000000e+01, 1,0446666667e+01, 2,8298333333e+00, 7,1130433333e+03
 1500593700, 5,0000000000e+01, 2,4000000000e+01, 1,2000000000e+01, 2,0550666667e+00, 7,1126600000e+03
 1500594000, 5,0000000000e+01, 2,4000000000e+01, 1,2000000000e+01, 1,4873666667e+00, 7,1122266667e+03
 1500594300, 5,0000000000e+01, 2,4000000000e+01, 1,0353333333e+01, 1,0870000000e+00, 7,1128233333e+03
 1500594600, 5,0000000000e+01, 2,4000000000e+01, 1,0000000000e+01, 8,3486666667e-01, 7,1129766667e+03
 1500594900, 5,0000000000e+01, 2,4000000000e+01, 1,0846666667e+01, 6,4450000000e-01, 7,1130233333e+03
 1500595200, 5,0000000000e+01, 2,4000000000e+01, 1,2000000000e+01, 4,9026666667e-01, 7,1134000000e+03
 1500595500, 5,0000000000e+01, 2,4000000000e+01, 1,2000000000e+01, 3,5990000000e-01, 7,1127766667e+03
 1500595800, 5,0000000000e+01, 2,4000000000e+01, 1,2000000000e+01, 2,7813333333e-01, 7,1126000000e+03
 1500596100, 5,0000000000e+01, 2,4000000000e+01, 1,2000000000e+01, 2,1706666667e-01, 7,1132000000e+03
 1500596400, 5,6233333333e+01, 2,6493333333e+01, 1,3246666667e+01, 1,7083333333e-01, 7,1132000000e+03
 1500596700, 5,5766666667e+01, 2,6306666667e+01, 1,3153333333e+01, 1,3576666667e-01, 7,1134000000e+03
 1500597000, 5,0000000000e+01, 2,4000000000e+01, 1,2000000000e+01, 1,2576666667e-01, 7,1122000000e+03
 1500597300, 5,0000000000e+01, 2,4000000000e+01, 1,2000000000e+01, 1,1400000000e-01, 7,1124233333e+03
 1500597600, 5,0000000000e+01, 2,4000000000e+01, 1,2000000000e+01, 1,3223333333e-01, 7,1130000000e+03
 1500597900, 5,0000000000e+01, 2,4000000000e+01, 1,2000000000e+01, 1,3646666667e-01, 7,1134000000e+03
 1500598200, 5,0000000000e+01, 2,4000000000e+01, 1,2000000000e+01, 1,6456666667e-01, 7,1129933333e+03
 1500598500, 5,0000000000e+01, 2,4000000000e+01, 1,1153333333e+01, 1,4130000000e-01, 7,1130000000e+03
 1500598800, 5,0000000000e+01, 2,4000000000e+01, 1,0000000000e+01, 1,2153333333e-01, 7,1138466667e+03
 1500599100, 5,0000000000e+01, 2,4000000000e+01, 1,0000000000e+01, 1,0576666667e-01, 7,1141766667e+03
 1500599400, 5,0000000000e+01, 2,4000000000e+01, 1,0000000000e+01, 1,1686666667e-01, 7,1137900000e+03
 1500599700, 5,0000000000e+01, 2,4000000000e+01, 1,0000000000e+01, 1,3353333333e-01, 7,1128233333e+03
 1500600000, 5,0000000000e+01, 2,4000000000e+01, 1,0000000000e+01, 1,2200000000e-01, 7,1136000000e+03
 1500600300, 5,0000000000e+01, 2,4000000000e+01, 1,0000000000e+01, 1,2423333333e-01, 7,1130233333e+03
 1500600600, 5,0000000000e+01, 2,4000000000e+01, 1,0000000000e+01, 1,3423333333e-01, 7,1136000000e+03
 1500600900, 5,0000000000e+01, 2,4000000000e+01, 1,0000000000e+01, 1,4423333333e-01, 7,1136000000e+03
 1500601200, 5,0000000000e+01, 2,4000000000e+01, 1,0046666667e+01, 1,3353333333e-01, 7,1142000000e+03
 1500601500, 5,0000000000e+01, 2,4000000000e+01, 1,2000000000e+01, 1,3200000000e-01, 7,1142000000e+03
 1500601800, 5,0000000000e+01, 2,4000000000e+01, 1,2000000000e+01, 1,2776666667e-01, 7,1139766667e+03
 1500602100, 5,0000000000e+01, 2,4000000000e+01, 1,2000000000e+01, 1,1353333333e-01, 7,1144233333e+03
 1500602400, 5,0000000000e+01, 2,4000000000e+01, 1,1153333333e+01, 9,3533333333e-02, 7,1149766667e+03
 1500602700, 5,0000000000e+01, 2,4000000000e+01, 1,0446666667e+01, 7,1333333333e-02, 7,1126266667e+03
 1500603000, 5,0000000000e+01, 2,4000000000e+01, 1,1953333333e+01, 5,0000000000e-02, 7,1136000000e+03
 1500603300, 5,0000000000e+01, 2,4000000000e+01, 1,0000000000e+01, 5,2000000000e-02, 7,1138000000e+03
 1500603600, 5,0000000000e+01, 2,4000000000e+01, 1,1646666667e+01, 5,0000000000e-02, 7,1140000000e+03
 1500603900, 5,0000000000e+01, 2,4000000000e+01, 1,0753333333e+01, 5,0000000000e-02, 7,1142233333e+03
 1500604200, 5,0000000000e+01, 2,4000000000e+01, 1,0000000000e+01, 6,2466666667e-02, 7,1139766667e+03
 1500604500, 5,0000000000e+01, 2,4000000000e+01, 1,0000000000e+01, 7,0000000000e-02, 7,1140233333e+03
 1500604800, 5,0000000000e+01, 2,4000000000e+01, 1,0000000000e+01, 8,8233333333e-02, 7,1139766667e+03
 1500605100, 5,0000000000e+01, 2,4000000000e+01, 1,0000000000e+01, 7,6000000000e-02, 7,1138000000e+03
 1500605400, 5,0000000000e+01, 2,4000000000e+01, 1,0000000000e+01, 7,7533333333e-02, 7,1152233333e+03
 1500605700, 5,0000000000e+01, 2,4000000000e+01, 1,0000000000e+01, 6,0000000000e-02, 7,1137933333e+03
 1500606000, 5,0000000000e+01, 2,4000000000e+01, 1,0846666667e+01, 5,1766666667e-02, 7,1148233333e+03
 1500606300, 5,1116666667e+01, 2,4000000000e+01, 1,2000000000e+01, 5,0000000000e-02, 7,1148000000e+03
 1500606600, 5,5000000000e+01, 2,4000000000e+01, 1,2000000000e+01, 5,0233333333e-02, 7,1146233333e+03
 1500606900, 5,5000000000e+01, 2,4000000000e+01, 1,2000000000e+01, 5,6000000000e-02, 7,1150300000e+03
 1500607200, 5,5000000000e+01, 2,4000000000e+01, 1,2000000000e+01, 7,6466666667e-02, 7,1154233333e+03
 1500607500, 5,5000000000e+01, 2,4000000000e+01, 1,2000000000e+01, 7,5766666667e-02, 7,1155533333e+03
 1500607800, 5,5000000000e+01, 2,4000000000e+01, 1,2000000000e+01, 6,6000000000e-02, 7,1148233333e+03
 1500608100, 5,5000000000e+01, 2,4000000000e+01, 1,2000000000e+01, 6,1766666667e-02, 7,1152233333e+03
 1500608400, 5,5000000000e+01, 2,4000000000e+01, 1,2000000000e+01, 6,6000000000e-02, 7,1151066667e+03
 1500608700, 5,5000000000e+01, 2,4000000000e+01, 1,2000000000e+01, 7,4233333333e-02, 7,1141300000e+03
 1500609000, 5,5000000000e+01, 2,4000000000e+01, 1,2000000000e+01, 6,8000000000e-02, 7,1136466667e+03
 1500609300, 5,5000000000e+01, 2,4000000000e+01, 1,2000000000e+01, 6,1533333333e-02, 7,1140000000e+03
 1500609600, 5,2883333333e+01, 2,4000000000e+01, 1,1153333333e+01, 5,0000000000e-02, 7,1141766667e+03
 1500609900, 5,1116666667e+01, 2,4000000000e+01, 1,0446666667e+01, 5,0000000000e-02, 7,1144700000e+03
 1500610200, 5,5000000000e+01, 2,4000000000e+01, 1,2000000000e+01, 5,0000000000e-02, 7,1153500000e+03
 1500610500, 5,5000000000e+01, 2,4000000000e+01, 1,2000000000e+01, 6,8933333333e-02, 7,1154233333e+03
 1500610800, 5,5000000000e+01, 2,4000000000e+01, 1,2000000000e+01, 9,4000000000e-02, 7,1151766667e+03
 1500611100, 5,5000000000e+01, 2,5246666667e+01, 1,2000000000e+01, 8,3766666667e-02, 7,1158466667e+03
 1500611400, 5,5000000000e+01, 2,5153333333e+01, 1,2000000000e+01, 7,1766666667e-02, 7,1155766667e+03
 1500611700, 5,3883333333e+01, 2,4000000000e+01, 1,1553333333e+01, 6,1533333333e-02, 7,1154000000e+03
 1500612000, 5,0116666667e+01, 2,4000000000e+01, 1,0093333333e+01, 5,0000000000e-02, 7,1160000000e+03
 1500612300, 5,5000000000e+01, 2,4000000000e+01, 1,4000000000e+01, 5,0000000000e-02, 7,1147966667e+03
 1500612600, 5,5000000000e+01, 2,4000000000e+01, 1,0706666667e+01, 5,0000000000e-02, 7,1148000000e+03
 1500612900, 5,5000000000e+01, 2,4000000000e+01, 1,1246666667e+01, 5,6466666667e-02, 7,1150000000e+03
 1500613200, 5,2883333333e+01, 2,4000000000e+01, 1,1153333333e+01, 5,9533333333e-02, 7,1154233333e+03
 1500613500, 5,0000000000e+01, 2,4000000000e+01, 1,0000000000e+01, 5,6000000000e-02, 7,1158000000e+03
 1500613800, 5,0000000000e+01, 2,4000000000e+01, 1,0000000000e+01, 5,2233333333e-02, 7,1160000000e+03
 1500614100, 5,0000000000e+01, 2,4000000000e+01, 1,0000000000e+01, 6,8466666667e-02, 7,1165766667e+03
 1500614400, 5,0000000000e+01, 2,4000000000e+01, 1,0000000000e+01, 7,5766666667e-02, 7,1162233333e+03
 1500614700, 5,0000000000e+01, 2,4000000000e+01, 1,0000000000e+01, 6,5766666667e-02, 7,1158000000e+03
 1500615000, 5,0000000000e+01, 2,4000000000e+01, 1,0000000000e+01, 5,2000000000e-02, 7,1158000000e+03
 1500615300, 5,0000000000e+01, 2,4000000000e+01, 1,0000000000e+01, 5,1766666667e-02, 7,1147300000e+03
 1500615600, 5,0000000000e+01, 2,4000000000e+01, 1,0000000000e+01, 5,4233333333e-02, 7,1142466667e+03
 1500615900, 5,0000000000e+01, 2,4000000000e+01, 1,0000000000e+01, 5,5766666667e-02, 7,1154466667e+03
 1500616200, 5,0000000000e+01, 2,4000000000e+01, 1,0000000000e+01, 5,0000000000e-02, 7,1163766667e+03
 1500616500, 5,0000000000e+01, 2,4000000000e+01, 1,1246666667e+01, 5,0466666667e-02, 7,1155766667e+03
 1500616800, 5,0000000000e+01, 2,4000000000e+01, 1,1153333333e+01, 6,8000000000e-02, 7,1158000000e+03
 1500617100, 5,2233333333e+01, 2,4893333333e+01, 1,0893333333e+01, 7,3766666667e-02, 7,1164000000e+03
 1500617400, 5,9766666667e+01, 2,7906666667e+01, 1,3906666667e+01, 5,7766666667e-02, 7,1148000000e+03
 1500617700, 5,0000000000e+01, 2,4000000000e+01, 1,0000000000e+01, 5,2233333333e-02, 7,1141533333e+03
 1500618000, 5,0000000000e+01, 2,4000000000e+01, 1,0000000000e+01, 5,7766666667e-02, 7,1146700000e+03
 1500618300, 5,0000000000e+01, 2,4000000000e+01, 1,0000000000e+01, 5,0233333333e-02, 7,1150000000e+03
 1500618600, 5,0000000000e+01, 2,4000000000e+01, 1,0000000000e+01, 5,7766666667e-02, 7,1157766667e+03
 1500618900, 5,1116666667e+01, 2,4000000000e+01, 1,0000000000e+01, 5,0000000000e-02, 7,1150233333e+03
 1500619200, 5,4883333333e+01, 2,4000000000e+01, 1,0000000000e+01, 5,0000000000e-02, 7,1149533333e+03
 1500619500, 5,0000000000e+01, 2,4000000000e+01, 1,0000000000e+01, 5,2000000000e-02, 7,1152466667e+03
 1500619800, 5,0000000000e+01, 2,4000000000e+01, 1,0000000000e+01, 5,8000000000e-02, 7,1157766667e+03
 1500620100, 5,0000000000e+01, 2,4000000000e+01, 1,0000000000e+01, 5,4000000000e-02, 7,1154000000e+03
 1500620400, 5,0000000000e+01, 2,4000000000e+01, 1,0000000000e+01, 5,0000000000e-02, 7,1156233333e+03
 1500620700, 5,1116666667e+01, 2,4000000000e+01, 1,0446666667e+01, 5,2233333333e-02, 7,1152000000e+03
 1500621000, 5,5000000000e+01, 2,4000000000e+01, 1,1953333333e+01, 6,2000000000e-02, 7,1153766667e+03
 1500621300, 5,5000000000e+01, 2,4000000000e+01, 1,0000000000e+01, 6,6466666667e-02, 7,1154700000e+03
 1500621600, 5,0883333333e+01, 2,4000000000e+01, 1,0000000000e+01, 7,3533333333e-02, 7,1163766667e+03
 1500621900, 5,0000000000e+01, 2,4000000000e+01, 1,0000000000e+01, 7,2466666667e-02, 7,1160466667e+03
 1500622200, 5,0000000000e+01, 2,4000000000e+01, 1,0000000000e+01, 7,9766666667e-02, 7,1153766667e+03
 1500622500, 5,0000000000e+01, 2,4000000000e+01, 1,0000000000e+01, 6,1766666667e-02, 7,1152233333e+03
 1500622800, 5,0000000000e+01, 2,4000000000e+01, 1,0000000000e+01, 6,8466666667e-02, -nan
 1500623100, 5,0000000000e+01, 2,4000000000e+01, 1,0000000000e+01, 7,4000000000e-02, -nan
 1500623400, 5,4116666667e+01, 2,4000000000e+01, 1,1646666667e+01, 7,3533333333e-02, -nan
 1500623700, 5,1883333333e+01, 2,4000000000e+01, 1,0753333333e+01, -nan, -nan
 1500624000, 5,0000000000e+01, 2,4000000000e+01, -nan, -nan, -nan
 1500624300, 5,0000000000e+01, 2,4000000000e+01, -nan, -nan, -nan
 1500624600, 5,0000000000e+01, 2,4000000000e+01, -nan, -nan, -nan
 1500624900, -nan, 2,4000000000e+01, -nan, -nan, -nan
 1500625200, -nan, 2,4000000000e+01, -nan, -nan, -nan
 1500625500, -nan, 2,4000000000e+01, -nan, -nan, -nan
 1500625800, -nan, 2,4000000000e+01, -nan, -nan, -nan
 1500626100, -nan, 2,4000000000e+01, -nan, -nan, -nan
 1500626400, -nan, 2,4000000000e+01, -nan, -nan, -nan
 1500626700, -nan, -nan, -nan, -nan, -nan
 1500627000, -nan, -nan, -nan, -nan, -nan
 1500627300, -nan, -nan, -nan, -nan, -nan
