 Time, ttl_pwr, cpu_pwr, mem_pwr, cpu_load, mem_load
 1500441000, 5,0000000000e+01, 2,4000000000e+01, 1,0000000000e+01, 5,0000000000e-02, 7,0753100000e+03
 1500441300, 5,0000000000e+01, 2,4000000000e+01, 1,0000000000e+01, 5,0000000000e-02, 7,0759100000e+03
 1500441600, 5,0000000000e+01, 2,4000000000e+01, 1,0000000000e+01, 5,2000000000e-02, 7,0761800000e+03
 1500441900, 5,0000000000e+01, 2,4000000000e+01, 1,0000000000e+01, 5,0000000000e-02, 7,0762200000e+03
 1500442200, 5,0000000000e+01, 2,4000000000e+01, 1,1020000000e+01, 5,0000000000e-02, 7,0773100000e+03
 1500442500, 5,1550000000e+01, 2,5240000000e+01, 1,1380000000e+01, 5,0000000000e-02, 7,0772933333e+03
 1500442800, 5,4450000000e+01, 2,7560000000e+01, 1,0000000000e+01, 5,0000000000e-02, 7,0773100000e+03
 1500443100, 5,0000000000e+01, 2,4000000000e+01, 1,0000000000e+01, 5,0000000000e-02, 7,0758000000e+03
 1500443400, 5,0000000000e+01, 2,4000000000e+01, 1,0000000000e+01, 5,0000000000e-02, 7,0771100000e+03
 1500443700, 5,0000000000e+01, 2,4000000000e+01, 1,0000000000e+01, 5,2000000000e-02, 7,0776900000e+03
 1500444000, 6,0200000000e+01, 2,8080000000e+01, 1,5100000000e+01, 5,0000000000e-02, 7,0783100000e+03
 1500444300, 6,3800000000e+01, 2,9520000000e+01, 1,6900000000e+01, 5,2000000000e-02, 7,0780000000e+03
 1500444600, 5,0000000000e+01, 2,4000000000e+01, 1,0000000000e+01, 5,2000000000e-02, 7,0779100000e+03
 1500444900, 5,0000000000e+01, 2,4000000000e+01, 1,0000000000e+01, 5,0000000000e-02, 7,0782900000e+03
 1500445200, 5,0000000000e+01, 2,4000000000e+01, 1,0000000000e+01, 5,1100000000e-02, 7,0782000000e+03
 1500445500, 5,0000000000e+01, 2,4000000000e+01, 1,0000000000e+01, 5,0933333333e-02, 7,0786033333e+03
 1500445800, 5,0000000000e+01, 2,4000000000e+01, 1,1020000000e+01, 5,0000000000e-02, 7,0799100000e+03
 1500446100, 5,0000000000e+01, 2,4000000000e+01, 1,2000000000e+01, 5,0000000000e-02, 7,0768000000e+03
 1500446400, 5,0000000000e+01, 2,4000000000e+01, 1,2000000000e+01, 5,0000000000e-02, 7,0770900000e+03
 1500446700, 5,0000000000e+01, 2,4000000000e+01, 1,2000000000e+01, 5,0000000000e-02, 7,0773300000e+03
 1500447000, 5,0000000000e+01, 2,4000000000e+01, 1,0180000000e+01, 5,0000000000e-02, 7,0774900000e+03
 1500447300, 5,0000000000e+01, 2,4000000000e+01, 1,0000000000e+01, 5,0000000000e-02, 7,0776000000e+03
 1500447600, 5,7650000000e+01, 2,7060000000e+01, 1,4080000000e+01, 5,5100000000e-02, 7,0776000000e+03
 1500447900, 6,0350000000e+01, 2,8140000000e+01, 1,5520000000e+01, 5,4900000000e-02, 7,0785100000e+03
 1500448200, 5,0000000000e+01, 2,4000000000e+01, 1,0000000000e+01, 5,0000000000e-02, 7,0778900000e+03
 1500448500, 5,0000000000e+01, 2,4000000000e+01, 1,0000000000e+01, 5,0000000000e-02, 7,0778000000e+03
 1500448800, 5,9100000000e+01, 2,7640000000e+01, 1,1820000000e+01, 5,2000000000e-02, 7,0770300000e+03
 1500449100, 5,2900000000e+01, 2,5160000000e+01, 1,0580000000e+01, 5,0000000000e-02, 7,0760200000e+03
 1500449400, 5,0000000000e+01, 2,4000000000e+01, 1,0000000000e+01, 5,0000000000e-02, 7,0768900000e+03
 1500449700, 5,0000000000e+01, 2,4000000000e+01, 1,0000000000e+01, 5,0000000000e-02, 7,0766000000e+03
 1500450000, 5,0000000000e+01, 2,4000000000e+01, 1,0000000000e+01, 5,0000000000e-02, 7,0777100000e+03
 1500450300, 5,0000000000e+01, 2,4000000000e+01, 1,0000000000e+01, 5,6000000000e-02, 7,0776000000e+03
 1500450600, 5,0000000000e+01, 2,4000000000e+01, 1,0000000000e+01, 5,0000000000e-02, 7,0782000000e+03
 1500450900, 5,0000000000e+01, 2,4000000000e+01, 1,0000000000e+01, 5,6000000000e-02, 7,0784000000e+03
 1500451200, 5,0000000000e+01, 2,4000000000e+01, 1,0000000000e+01, 5,0000000000e-02, 7,0779100000e+03
 1500451500, 5,0000000000e+01, 2,4000000000e+01, 1,0000000000e+01, 5,0000000000e-02, 7,0777800000e+03
 1500451800, 5,0000000000e+01, 2,4000000000e+01, 1,0000000000e+01, 5,0000000000e-02, 7,0779100000e+03
 1500452100, 5,0000000000e+01, 2,4000000000e+01, 1,0000000000e+01, 5,0000000000e-02, 7,0774000000e+03
 1500452400, 5,0000000000e+01, 2,4000000000e+01, 1,0000000000e+01, 5,0000000000e-02, 7,0772900000e+03
 1500452700, 5,0000000000e+01, 2,4000000000e+01, 1,0000000000e+01, 5,0000000000e-02, 7,0773100000e+03
 1500453000, 5,0000000000e+01, 2,4000000000e+01, 1,0000000000e+01, 5,0000000000e-02, 7,0772000000e+03
 1500453300, 5,0000000000e+01, 2,4000000000e+01, 1,0620000000e+01, 5,0000000000e-02, 7,0773100000e+03
 1500453600, 5,0000000000e+01, 2,4000000000e+01, 1,1780000000e+01, 5,0000000000e-02, 7,0780900000e+03
 1500453900, 5,0000000000e+01, 2,4000000000e+01, 1,0000000000e+01, 5,1100000000e-02, 7,0785100000e+03
 1500454200, 5,0000000000e+01, 2,4000000000e+01, 1,0000000000e+01, 5,4900000000e-02, 7,0784000000e+03
 1500454500, 5,0000000000e+01, 2,4000000000e+01, 1,0000000000e+01, 5,0000000000e-02, 7,0786900000e+03
 1500454800, 5,0000000000e+01, 2,4000000000e+01, 1,0000000000e+01, 5,0000000000e-02, 7,0774000000e+03
 1500455100, 5,0000000000e+01, 2,4000000000e+01, 1,0000000000e+01, 5,0000000000e-02, 7,0781100000e+03
 1500455400, 5,0000000000e+01, 2,4000000000e+01, 1,0000000000e+01, 5,0000000000e-02, 7,0769800000e+03
 1500455700, 5,0000000000e+01, 2,4000000000e+01, 1,0000000000e+01, 5,0000000000e-02, 7,0769300000e+03
 1500456000, 5,0000000000e+01, 2,4000000000e+01, 1,0000000000e+01, 5,0000000000e-02, 7,0783800000e+03
 1500456300, 5,0000000000e+01, 2,4000000000e+01, 1,0000000000e+01, 5,0000000000e-02, 7,0790200000e+03
 1500456600, 5,0000000000e+01, 2,4000000000e+01, 1,0000000000e+01, 5,0000000000e-02, 7,0786900000e+03
 1500456900, 5,0000000000e+01, 2,4000000000e+01, 1,0000000000e+01, 5,2000000000e-02, 7,0788000000e+03
 1500457200, 5,0000000000e+01, 2,4000000000e+01, 1,0000000000e+01, 5,0000000000e-02, 7,0791233333e+03
 1500457500, 5,0000000000e+01, 2,4000000000e+01, 1,0000000000e+01, 5,0000000000e-02, 7,0791100000e+03
 1500457800, 5,0000000000e+01, 2,4000000000e+01, 1,0000000000e+01, 5,0000000000e-02, 7,0784900000e+03
 1500458100, 5,0000000000e+01, 2,4000000000e+01, 1,0000000000e+01, 5,0000000000e-02, 7,0797100000e+03
 1500458400, 5,0000000000e+01, 2,4000000000e+01, 1,0000000000e+01, 5,2000000000e-02, 7,0787800000e+03
 1500458700, 5,0000000000e+01, 2,4000000000e+01, 1,0000000000e+01, 5,0000000000e-02, 7,0784200000e+03
 1500459000, 5,0000000000e+01, 2,4000000000e+01, 1,0000000000e+01, 5,0000000000e-02, 7,0785833333e+03
 1500459300, 5,0000000000e+01, 2,4000000000e+01, 1,0000000000e+01, 5,0000000000e-02, 7,0785100000e+03
 1500459600, 5,0000000000e+01, 2,4000000000e+01, 1,0000000000e+01, 5,0000000000e-02, 7,0784900000e+03
 1500459900, 5,0000000000e+01, 2,4000000000e+01, 1,0000000000e+01, 5,0000000000e-02, 7,0791100000e+03
 1500460200, 5,0000000000e+01, 2,4000000000e+01, 1,0000000000e+01, 5,3100000000e-02, 7,0784000000e+03
 1500460500, 5,0000000000e+01, 2,4000000000e+01, 1,0000000000e+01, 5,0900000000e-02, 7,0803400000e+03
 1500460800, 5,0000000000e+01, 2,4000000000e+01, 1,0000000000e+01, 5,0000000000e-02, 7,0778900000e+03
 1500461100, 5,0000000000e+01, 2,4000000000e+01, 1,0000000000e+01, 5,0000000000e-02, 7,0774400000e+03
 1500461400, 5,0000000000e+01, 2,4000000000e+01, 1,0000000000e+01, 5,0000000000e-02, 7,0785800000e+03
 1500461700, 5,0000000000e+01, 2,4000000000e+01, 1,0000000000e+01, 5,0000000000e-02, 7,0784000000e+03
 1500462000, 5,0000000000e+01, 2,4000000000e+01, 1,0000000000e+01, 5,0000000000e-02, 7,0798000000e+03
 1500462300, 5,1550000000e+01, 2,4620000000e+01, 1,0000000000e+01, 5,0000000000e-02, 7,0800000000e+03
 1500462600, 5,5000000000e+01, 2,6000000000e+01, 1,0000000000e+01, 5,0000000000e-02, 7,0795100000e+03
 1500462900, 5,5000000000e+01, 2,6000000000e+01, 1,0000000000e+01, 5,0000000000e-02, 7,0794900000e+03
 1500463200, 5,0450000000e+01, 2,4180000000e+01, 1,0000000000e+01, 5,0000000000e-02, 7,0790000000e+03
 1500463500, 5,0000000000e+01, 2,4000000000e+01, 1,0000000000e+01, 5,0000000000e-02, 7,0785600000e+03
 1500463800, 5,0000000000e+01, 2,5020000000e+01, 1,0000000000e+01, 5,0000000000e-02, 7,0784900000e+03
 1500464100, 5,0000000000e+01, 2,5380000000e+01, 1,0000000000e+01, 5,0000000000e-02, 7,0787100000e+03
 1500464400, 5,0000000000e+01, 2,4000000000e+01, 1,0000000000e+01, 5,0000000000e-02, 7,0780900000e+03
 1500464700, 5,0000000000e+01, 2,4000000000e+01, 1,0000000000e+01, 5,0000000000e-02, 7,0780000000e+03
 1500465000, 5,0000000000e+01, 2,4000000000e+01, 1,0000000000e+01, 5,0000000000e-02, 7,0774900000e+03
 1500465300, 5,0000000000e+01, 2,4000000000e+01, 1,0000000000e+01, 5,0000000000e-02, 7,0774000000e+03
 1500465600, 5,0000000000e+01, 2,4000000000e+01, 1,0000000000e+01, 5,2000000000e-02, 7,0794200000e+03
 1500465900, 5,0000000000e+01, 2,4000000000e+01, 1,0000000000e+01, 5,0000000000e-02, 7,0784900000e+03
 1500466200, 5,0000000000e+01, 2,4000000000e+01, 1,0000000000e+01, 5,2000000000e-02, 7,0794200000e+03
 1500466500, 5,0000000000e+01, 2,4000000000e+01, 1,0000000000e+01, 5,7100000000e-02, 7,0802000000e+03
 1500466800, 5,0000000000e+01, 2,5820000000e+01, 1,0000000000e+01, 5,4900000000e-02, 7,0794000000e+03
 1500467100, 5,0000000000e+01, 2,4580000000e+01, 1,0000000000e+01, 5,0000000000e-02, 7,0792900000e+03
 1500467400, 5,0000000000e+01, 2,4000000000e+01, 1,0000000000e+01, 5,0000000000e-02, 7,0791100000e+03
 1500467700, 5,0000000000e+01, 2,4000000000e+01, 1,0000000000e+01, 5,0000000000e-02, 7,0786900000e+03
 1500468000, 5,0000000000e+01, 2,4000000000e+01, 1,0000000000e+01, 5,2000000000e-02, 7,0778900000e+03
 1500468300, 5,0000000000e+01, 2,4000000000e+01, 1,0000000000e+01, 5,0000000000e-02, 7,0792200000e+03
 1500468600, 5,0000000000e+01, 2,4000000000e+01, 1,0000000000e+01, 5,0000000000e-02, 7,0801100000e+03
 1500468900, 5,3550000000e+01, 2,5420000000e+01, 1,0000000000e+01, 5,0000000000e-02, 7,0796900000e+03
 1500469200, 5,7550000000e+01, 2,7020000000e+01, 1,2040000000e+01, 5,4000000000e-02, 7,0802000000e+03
 1500469500, 5,6933333333e+01, 2,6773333333e+01, 1,2773333333e+01, 5,2033333333e-02, 7,0782900000e+03
 1500469800, 5,0000000000e+01, 2,4000000000e+01, 1,0000000000e+01, 5,0000000000e-02, 7,0790200000e+03
 1500470100, 5,0000000000e+01, 2,4000000000e+01, 1,0000000000e+01, 5,0000000000e-02, 7,0788000000e+03
 1500470400, 5,0000000000e+01, 2,4000000000e+01, 1,0000000000e+01, 5,0000000000e-02, 7,0784900000e+03
 1500470700, 5,0000000000e+01, 2,4000000000e+01, 1,0000000000e+01, 5,0000000000e-02, 7,0782900000e+03
 1500471000, 5,0000000000e+01, 2,4000000000e+01, 1,0000000000e+01, 5,2000000000e-02, 7,0795100000e+03
 1500471300, 5,0000000000e+01, 2,4000000000e+01, 1,0000000000e+01, 5,0000000000e-02, 7,0796000000e+03
 1500471600, 5,0000000000e+01, 2,4000000000e+01, 1,0000000000e+01, 5,0000000000e-02, 7,0796000000e+03
 1500471900, 5,0000000000e+01, 2,4000000000e+01, 1,0000000000e+01, 5,0000000000e-02, 7,0800000000e+03
 1500472200, 5,0000000000e+01, 2,4000000000e+01, 1,0000000000e+01, 5,0000000000e-02, 7,0796000000e+03
 1500472500, 5,0000000000e+01, 2,4000000000e+01, 1,0000000000e+01, 5,0000000000e-02, 7,0794000000e+03
 1500472800, 5,0000000000e+01, 2,4000000000e+01, 1,0000000000e+01, 5,0000000000e-02, 7,0785100000e+03
 1500473100, 5,0000000000e+01, 2,4000000000e+01, 1,0000000000e+01, 5,0000000000e-02, 7,0788900000e+03
 1500473400, 5,0000000000e+01, 2,4000000000e+01, 1,0000000000e+01, 5,0000000000e-02, 7,0786000000e+03
 1500473700, 5,0000000000e+01, 2,4000000000e+01, 1,0000000000e+01, 5,0000000000e-02, 7,0791100000e+03
 1500474000, 5,0000000000e+01, 2,4000000000e+01, 1,0000000000e+01, 5,0000000000e-02, 7,0798000000e+03
 1500474300, 5,0000000000e+01, 2,4000000000e+01, 1,0000000000e+01, 5,0000000000e-02, 7,0798900000e+03
 1500474600, 5,0000000000e+01, 2,4000000000e+01, 1,0000000000e+01, 5,0000000000e-02, 7,0795100000e+03
 1500474900, 5,0000000000e+01, 2,4000000000e+01, 1,0000000000e+01, 5,0000000000e-02, 7,0794900000e+03
 1500475200, 5,0000000000e+01, 2,4000000000e+01, 1,0220000000e+01, 5,1100000000e-02, 7,0797100000e+03
 1500475500, 5,0000000000e+01, 2,4000000000e+01, 1,2000000000e+01, 5,2900000000e-02, 7,0789100000e+03
 1500475800, 5,0000000000e+01, 2,4000000000e+01, 1,0180000000e+01, 5,0000000000e-02, 7,0786000000e+03
 1500476100, 5,0000000000e+01, 2,4000000000e+01, 1,0000000000e+01, 5,0000000000e-02, 7,0796000000e+03
 1500476400, 5,0000000000e+01, 2,4000000000e+01, 1,0000000000e+01, 5,0000000000e-02, 7,0788000000e+03
 1500476700, 5,0000000000e+01, 2,4000000000e+01, 1,0000000000e+01, 5,0000000000e-02, 7,0796000000e+03
 1500477000, 5,0000000000e+01, 2,4000000000e+01, 1,0000000000e+01, 5,0000000000e-02, 7,0798200000e+03
 1500477300, 5,0000000000e+01, 2,4000000000e+01, 1,0000000000e+01, 5,0000000000e-02, 7,0790900000e+03
 1500477600, 5,0000000000e+01, 2,4000000000e+01, 1,0000000000e+01, 5,0000000000e-02, 7,0784000000e+03
 1500477900, 5,0000000000e+01, 2,4000000000e+01, 1,0000000000e+01, 5,3100000000e-02, 7,0791100000e+03
 1500478200, 5,0000000000e+01, 2,4000000000e+01, 1,0000000000e+01, 5,7100000000e-02, 7,0802800000e+03
 1500478500, 5,6200000000e+01, 2,6480000000e+01, 1,3100000000e+01, 2,2700000000e-01, 7,0834100000e+03
 1500478800, 6,8900000000e+01, 3,1780000000e+01, 1,9560000000e+01, 4,7090000000e-01, 7,0829100000e+03
 1500479100, 6,0000000000e+01, 3,0000000000e+01, 1,6000000000e+01, 6,5780000000e-01, 7,0816900000e+03
 1500479400, 6,0000000000e+01, 3,0000000000e+01, 1,6000000000e+01, 7,8790000000e-01, 7,0816900000e+03
 1500479700, 5,6450000000e+01, 2,7160000000e+01, 1,3160000000e+01, 8,7970000000e-01, 7,0808900000e+03
 1500480000, 6,0100000000e+01, 2,7020000000e+01, 1,5060000000e+01, 9,4280000000e-01, 7,0813100000e+03
 1500480300, 6,1900000000e+01, 2,6760000000e+01, 1,6140000000e+01, 9,9130000000e-01, 7,0810000000e+03
 1500480600, 5,5550000000e+01, 2,4440000000e+01, 1,2220000000e+01, 1,0262000000e+00, 7,0849100000e+03
 1500480900, 6,0000000000e+01, 2,8000000000e+01, 1,4000000000e+01, 1,0462000000e+00, 7,0822900000e+03
 1500481200, 6,0000000000e+01, 2,8000000000e+01, 1,4000000000e+01, 1,0540000000e+00, 7,0840200000e+03
 1500481500, 5,6450000000e+01, 2,6580000000e+01, 1,4000000000e+01, 1,0562000000e+00, 7,0826900000e+03
 1500481800, 6,0100000000e+01, 2,8040000000e+01, 1,6040000000e+01, 1,0642000000e+00, 7,0806900000e+03
 1500482100, 6,1900000000e+01, 2,8760000000e+01, 1,6140000000e+01, 1,1124000000e+00, 7,0806900000e+03
 1500482400, 5,6100000000e+01, 2,6440000000e+01, 1,2880000000e+01, 1,1422000000e+00, 7,0810400000e+03
 1500482700, 6,5000000000e+01, 3,0000000000e+01, 2,0000000000e+01, 1,1418000000e+00, 7,0836933333e+03
 1500483000, 6,9550000000e+01, 3,3640000000e+01, 1,8180000000e+01, 1,1482000000e+00, 7,0841100000e+03
 1500483300, 6,2900000000e+01, 3,1160000000e+01, 1,6580000000e+01, 1,1378000000e+00, 7,0842900000e+03
 1500483600, 6,2550000000e+01, 2,8980000000e+01, 1,7020000000e+01, 1,1218000000e+00, 7,0851300000e+03
 1500483900, 6,3450000000e+01, 2,8000000000e+01, 1,7380000000e+01, 1,1049000000e+00, 7,0856900000e+03
 1500484200, 6,0550000000e+01, 2,8220000000e+01, 1,6000000000e+01, 1,0980000000e+00, 7,0846900000e+03
 1500484500, 6,5000000000e+01, 3,0000000000e+01, 1,6000000000e+01, 1,0918000000e+00, 7,0845100000e+03
 1500484800, 6,5000000000e+01, 3,1820000000e+01, 1,7820000000e+01, 1,0902000000e+00, 7,0847100000e+03
 1500485100, 6,1450000000e+01, 2,9160000000e+01, 1,6580000000e+01, 1,0960000000e+00, 7,0847800000e+03
 1500485400, 6,0000000000e+01, 2,9020000000e+01, 1,6000000000e+01, 1,1253000000e+00, 7,0829800000e+03
 1500485700, 6,0000000000e+01, 2,9380000000e+01, 1,6000000000e+01, 1,1260000000e+00, 7,0831100000e+03
 1500486000, 6,0550000000e+01, 2,8000000000e+01, 1,6220000000e+01, 1,1269000000e+00, 7,0830000000e+03
 1500486300, 6,5000000000e+01, 2,8000000000e+01, 1,8000000000e+01, 1,1078000000e+00, 7,0826900000e+03
 1500486600, 6,0450000000e+01, 2,9820000000e+01, 1,4360000000e+01, 1,0969000000e+00, 7,0834200000e+03
 1500486900, 5,6450000000e+01, 2,7160000000e+01, 1,4000000000e+01, 1,0849000000e+00, 7,0848900000e+03
 1500487200, 6,5200000000e+01, 2,9060000000e+01, 1,8080000000e+01, 1,0862000000e+00, 7,0840000000e+03
 1500487500, 7,1900000000e+01, 3,1380000000e+01, 2,0140000000e+01, 1,1111000000e+00, 7,0844000000e+03
 1500487800, 6,5000000000e+01, 3,0000000000e+01, 1,6000000000e+01, 1,1171000000e+00, 7,0818900000e+03
 1500488100, 6,5000000000e+01, 3,0000000000e+01, 1,6000000000e+01, 1,1262000000e+00, 7,0838200000e+03
 1500488400, 6,5000000000e+01, 3,1820000000e+01, 1,7820000000e+01, 1,1340000000e+00, 7,0832900000e+03
 1500488700, 6,8550000000e+01, 3,2000000000e+01, 1,9420000000e+01, 1,0012000000e+00, 7,0763400000e+03
 1500489000, 7,0000000000e+01, 3,3020000000e+01, 2,0000000000e+01, 7,5290000000e-01, 7,0771100000e+03
 1500489300, 6,3800000000e+01, 3,0900000000e+01, 1,6900000000e+01, 5,6240000000e-01, 7,0787100000e+03
 1500489600, 5,1100000000e+01, 2,4440000000e+01, 1,0440000000e+01, 4,2080000000e-01, 7,0792000000e+03
 1500489900, 6,0000000000e+01, 2,8000000000e+01, 1,4000000000e+01, 3,1500000000e-01, 7,0772900000e+03
 1500490200, 5,0900000000e+01, 2,4360000000e+01, 1,0360000000e+01, 2,3540000000e-01, 7,0771100000e+03
 1500490500, 5,0000000000e+01, 2,4000000000e+01, 1,0000000000e+01, 1,8960000000e-01, 7,0784000000e+03
 1500490800, 5,0000000000e+01, 2,4000000000e+01, 1,0000000000e+01, 1,4560000000e-01, 7,0789100000e+03
 1500491100, 5,1550000000e+01, 2,4000000000e+01, 1,0000000000e+01, 1,1270000000e-01, 7,0780900000e+03
 1500491400, 5,4450000000e+01, 2,4000000000e+01, 1,0000000000e+01, 9,2000000000e-02, 7,0778000000e+03
 1500491700, 5,0000000000e+01, 2,4000000000e+01, 1,0000000000e+01, 8,1800000000e-02, 7,0787300000e+03
 1500492000, 5,0000000000e+01, 2,4000000000e+01, 1,0000000000e+01, 6,9800000000e-02, 7,0789800000e+03
 1500492300, 5,0000000000e+01, 2,4000000000e+01, 1,0000000000e+01, 5,0900000000e-02, 7,0784200000e+03
 1500492600, 5,0000000000e+01, 2,4000000000e+01, 1,0000000000e+01, 5,0000000000e-02, 7,0796000000e+03
 1500492900, 5,0000000000e+01, 2,4000000000e+01, 1,0000000000e+01, 5,0000000000e-02, 7,0780500000e+03
 1500493200, 5,0000000000e+01, 2,4000000000e+01, 1,0000000000e+01, 5,2000000000e-02, 7,0785100000e+03
 1500493500, 5,0000000000e+01, 2,4000000000e+01, 1,0000000000e+01, 5,0000000000e-02, 7,0781800000e+03
 1500493800, 5,4550000000e+01, 2,4000000000e+01, 1,0000000000e+01, 5,0000000000e-02, 7,0773100000e+03
 1500494100, 5,1450000000e+01, 2,4000000000e+01, 1,0000000000e+01, 5,0000000000e-02, 7,0782000000e+03
 1500494400, 5,2550000000e+01, 2,4000000000e+01, 1,0000000000e+01, 5,0000000000e-02, 7,0780000000e+03
 1500494700, 5,3450000000e+01, 2,4000000000e+01, 1,0000000000e+01, 5,0000000000e-02, 7,0783100000e+03
 1500495000, 5,0550000000e+01, 2,4000000000e+01, 1,0220000000e+01, 5,8000000000e-02, 7,0780900000e+03
 1500495300, 5,5000000000e+01, 2,4000000000e+01, 1,2000000000e+01, 5,0000000000e-02, 7,0778000000e+03
 1500495600, 5,5000000000e+01, 2,4000000000e+01, 1,2000000000e+01, 5,0000000000e-02, 7,0782000000e+03
 1500495900, 5,5000000000e+01, 2,4000000000e+01, 1,2000000000e+01, 5,0000000000e-02, 7,0785100000e+03
 1500496200, 5,2450000000e+01, 2,4000000000e+01, 1,0980000000e+01, 5,0000000000e-02, 7,0776000000e+03
 1500496500, 5,1550000000e+01, 2,4000000000e+01, 1,0620000000e+01, 5,0000000000e-02, 7,0774900000e+03
 1500496800, 5,5000000000e+01, 2,4000000000e+01, 1,2000000000e+01, 5,0000000000e-02, 7,0774000000e+03
 1500497100, 5,5000000000e+01, 2,4000000000e+01, 1,2000000000e+01, 5,0000000000e-02, 7,0777100000e+03
 1500497400, 5,0450000000e+01, 2,4000000000e+01, 1,0180000000e+01, 5,0000000000e-02, 7,0786000000e+03
 1500497700, 5,0000000000e+01, 2,4000000000e+01, 1,0000000000e+01, 5,1100000000e-02, 7,0782900000e+03
 1500498000, 5,0000000000e+01, 2,4000000000e+01, 1,0000000000e+01, 5,4900000000e-02, 7,0791100000e+03
 1500498300, 5,0000000000e+01, 2,4000000000e+01, 1,0000000000e+01, 5,0000000000e-02, 7,0789100000e+03
 1500498600, 5,0000000000e+01, 2,4000000000e+01, 1,0000000000e+01, 5,0000000000e-02, 7,0798000000e+03
 1500498900, 5,0000000000e+01, 2,4000000000e+01, 1,0000000000e+01, 5,0000000000e-02, 7,0777800000e+03
 1500499200, 5,0000000000e+01, 2,4000000000e+01, 1,0000000000e+01, 5,0000000000e-02, 7,0782000000e+03
 1500499500, 5,0000000000e+01, 2,4000000000e+01, 1,0000000000e+01, 5,0000000000e-02, 7,0781100000e+03
 1500499800, 5,0000000000e+01, 2,4000000000e+01, 1,0000000000e+01, 5,0000000000e-02, 7,0770000000e+03
 1500500100, 5,0000000000e+01, 2,4000000000e+01, 1,0000000000e+01, 5,0000000000e-02, 7,0784000000e+03
 1500500400, 5,0000000000e+01, 2,4000000000e+01, 1,0220000000e+01, 5,0000000000e-02, 7,0786000000e+03
 1500500700, 5,0000000000e+01, 2,4000000000e+01, 1,2000000000e+01, 5,1100000000e-02, 7,0789100000e+03
 1500501000, 5,0000000000e+01, 2,4000000000e+01, 1,0180000000e+01, 5,6900000000e-02, 7,0782900000e+03
 1500501300, 5,0000000000e+01, 2,4000000000e+01, 1,0000000000e+01, 5,4000000000e-02, 7,0792000000e+03
 1500501600, 5,0000000000e+01, 2,4000000000e+01, 1,0000000000e+01, 5,0000000000e-02, 7,0795100000e+03
 1500501900, 5,1550000000e+01, 2,4000000000e+01, 1,0620000000e+01, 5,0000000000e-02, 7,0771800000e+03
 1500502200, 5,4450000000e+01, 2,4000000000e+01, 1,1780000000e+01, 5,0000000000e-02, 7,0773100000e+03
 1500502500, 5,0000000000e+01, 2,4000000000e+01, 1,0000000000e+01, 5,0000000000e-02, 7,0778000000e+03
 1500502800, 5,0000000000e+01, 2,4000000000e+01, 1,0000000000e+01, 5,0000000000e-02, 7,0787100000e+03
 1500503100, 5,0000000000e+01, 2,4000000000e+01, 1,0000000000e+01, 5,2000000000e-02, 7,0780900000e+03
 1500503400, 5,0000000000e+01, 2,4000000000e+01, 1,0000000000e+01, 5,0000000000e-02, 7,0787100000e+03
 1500503700, 5,0000000000e+01, 2,4000000000e+01, 1,0000000000e+01, 5,0000000000e-02, 7,0788000000e+03
 1500504000, 5,0000000000e+01, 2,4000000000e+01, 1,0000000000e+01, 5,8200000000e-02, 7,0786000000e+03
 1500504300, 5,0000000000e+01, 2,4000000000e+01, 1,0000000000e+01, 6,1800000000e-02, 7,0797100000e+03
 1500504600, 5,0000000000e+01, 2,4000000000e+01, 1,0000000000e+01, 5,0000000000e-02, 7,0804900000e+03
 1500504900, 5,0000000000e+01, 2,4000000000e+01, 1,0000000000e+01, 5,0000000000e-02, 7,0784000000e+03
 1500505200, 5,0000000000e+01, 2,4000000000e+01, 1,0000000000e+01, 5,0000000000e-02, 7,0775100000e+03
 1500505500, 5,0000000000e+01, 2,4000000000e+01, 1,0000000000e+01, 5,0000000000e-02, 7,0776000000e+03
 1500505800, 5,0000000000e+01, 2,4000000000e+01, 1,0000000000e+01, 5,0000000000e-02, 7,0782000000e+03
 1500506100, 5,0000000000e+01, 2,4000000000e+01, 1,0000000000e+01, 5,0000000000e-02, 7,0786000000e+03
 1500506400, 5,0000000000e+01, 2,4000000000e+01, 1,0000000000e+01, 5,0000000000e-02, 7,0783100000e+03
 1500506700, 5,0000000000e+01, 2,4000000000e+01, 1,0000000000e+01, 5,0000000000e-02, 7,0795100000e+03
 1500507000, 5,0000000000e+01, 2,4000000000e+01, 1,0000000000e+01, 5,0000000000e-02, 7,0792000000e+03
 1500507300, 5,0000000000e+01, 2,4000000000e+01, 1,0000000000e+01, 5,0000000000e-02, 7,0787100000e+03
 1500507600, 5,0000000000e+01, 2,4000000000e+01, 1,0000000000e+01, 5,0000000000e-02, 7,0788500000e+03
 1500507900, 5,0000000000e+01, 2,4000000000e+01, 1,0000000000e+01, 5,2000000000e-02, 7,0782000000e+03
 1500508200, 5,0000000000e+01, 2,4000000000e+01, 1,0000000000e+01, 5,0000000000e-02, 7,0784900000e+03
 1500508500, 5,0000000000e+01, 2,4000000000e+01, 1,0000000000e+01, 5,0000000000e-02, 7,0781100000e+03
 1500508800, 5,0000000000e+01, 2,4000000000e+01, 1,0000000000e+01, 5,0000000000e-02, 7,0793100000e+03
 1500509100, 5,0000000000e+01, 2,4000000000e+01, 1,0000000000e+01, 5,0000000000e-02, 7,0784900000e+03
 1500509400, 5,0000000000e+01, 2,4000000000e+01, 1,0000000000e+01, 5,0000000000e-02, 7,0785966667e+03
 1500509700, 5,0000000000e+01, 2,4000000000e+01, 1,0000000000e+01, 5,0000000000e-02, 7,0791000000e+03
 1500510000, 5,0000000000e+01, 2,4000000000e+01, 1,0000000000e+01, 5,0000000000e-02, 7,0798000000e+03
 1500510300, 5,0000000000e+01, 2,4000000000e+01, 1,0000000000e+01, 5,7100000000e-02, 7,0804900000e+03
 1500510600, 5,0000000000e+01, 2,4000000000e+01, 1,0000000000e+01, 5,0900000000e-02, 7,0800000000e+03
 1500510900, 5,0000000000e+01, 2,4000000000e+01, 1,0000000000e+01, 5,0000000000e-02, 7,0784900000e+03
 1500511200, 5,0000000000e+01, 2,4000000000e+01, 1,0000000000e+01, 5,0000000000e-02, 7,0792200000e+03
 1500511500, 5,0000000000e+01, 2,4000000000e+01, 1,0000000000e+01, 5,0000000000e-02, 7,0778900000e+03
 1500511800, 5,0000000000e+01, 2,4000000000e+01, 1,0000000000e+01, 5,0000000000e-02, 7,0787100000e+03
 1500512100, 5,0000000000e+01, 2,4000000000e+01, 1,0000000000e+01, 5,0000000000e-02, 7,0794000000e+03
 1500512400, 5,0000000000e+01, 2,4000000000e+01, 1,0000000000e+01, 5,0000000000e-02, 7,0799100000e+03
 1500512700, 5,0000000000e+01, 2,4000000000e+01, 1,0000000000e+01, 5,0000000000e-02, 7,0800900000e+03
 1500513000, 5,0000000000e+01, 2,4000000000e+01, 1,0000000000e+01, 5,0000000000e-02, 7,0803100000e+03
 1500513300, 5,0000000000e+01, 2,4000000000e+01, 1,0000000000e+01, 6,3100000000e-02, 7,0810900000e+03
 1500513600, 5,0000000000e+01, 2,4000000000e+01, 1,0000000000e+01, 6,2000000000e-02, 7,0792000000e+03
 1500513900, 5,0000000000e+01, 2,4000000000e+01, 1,1420000000e+01, 5,0900000000e-02, 7,0793100000e+03
 1500514200, 5,0000000000e+01, 2,4000000000e+01, 1,2000000000e+01, 5,0000000000e-02, 7,0796000000e+03
 1500514500, 5,0000000000e+01, 2,4000000000e+01, 1,1380000000e+01, 5,0000000000e-02, 7,0792900000e+03
 1500514800, 5,0000000000e+01, 2,4000000000e+01, 1,0000000000e+01, 5,0000000000e-02, 7,0792000000e+03
 1500515100, 5,0000000000e+01, 2,4000000000e+01, 1,0000000000e+01, 5,0000000000e-02, 7,0788900000e+03
 1500515400, 5,0000000000e+01, 2,4000000000e+01, 1,0000000000e+01, 5,0000000000e-02, 7,0791100000e+03
 1500515700, 5,0000000000e+01, 2,4000000000e+01, 1,0000000000e+01, 5,0000000000e-02, 7,0802000000e+03
 1500516000, 5,0000000000e+01, 2,4000000000e+01, 1,0000000000e+01, 5,0000000000e-02, 7,0798000000e+03
 1500516300, 5,0000000000e+01, 2,4000000000e+01, 1,0620000000e+01, 5,0000000000e-02, 7,0796000000e+03
 1500516600, 5,0000000000e+01, 2,4000000000e+01, 1,1780000000e+01, 6,1100000000e-02, 7,0787100000e+03
 1500516900, 5,0000000000e+01, 2,4000000000e+01, 1,0000000000e+01, 5,0900000000e-02, 7,0792000000e+03
 1500517200, 7,2750000000e+01, 3,3100000000e+01, 2,2740000000e+01, 5,0000000000e-02, 7,0786000000e+03
 1500517500, 6,0800000000e+01, 2,6900000000e+01, 1,5480000000e+01, 5,0000000000e-02, 7,0796000000e+03
 1500517800, 5,2450000000e+01, 2,4000000000e+01, 1,0980000000e+01, 5,0000000000e-02, 7,0793100000e+03
 1500518100, 5,0000000000e+01, 2,4000000000e+01, 1,0000000000e+01, 5,0000000000e-02, 7,0798000000e+03
 1500518400, 5,0000000000e+01, 2,4000000000e+01, 1,0000000000e+01, 5,0000000000e-02, 7,0795800000e+03
 1500518700, 5,0000000000e+01, 2,4000000000e+01, 1,0000000000e+01, 5,0000000000e-02, 7,0799100000e+03
 1500519000, 5,0000000000e+01, 2,4000000000e+01, 1,0000000000e+01, 5,0000000000e-02, 7,0808000000e+03
 1500519300, 5,0000000000e+01, 2,4000000000e+01, 1,0000000000e+01, 5,0000000000e-02, 7,0808000000e+03
 1500519600, 5,0000000000e+01, 2,4000000000e+01, 1,0000000000e+01, 5,5100000000e-02, 7,0790900000e+03
 1500519900, 5,0000000000e+01, 2,4000000000e+01, 1,0000000000e+01, 5,2900000000e-02, 7,0784000000e+03
 1500520200, 5,0000000000e+01, 2,4000000000e+01, 1,0000000000e+01, 5,0000000000e-02, 7,0776000000e+03
 1500520500, 5,0000000000e+01, 2,4000000000e+01, 1,0000000000e+01, 5,0000000000e-02, 7,0780200000e+03
 1500520800, 5,0000000000e+01, 2,4000000000e+01, 1,0000000000e+01, 5,0000000000e-02, 7,0784000000e+03
 1500521100, 5,0000000000e+01, 2,4000000000e+01, 1,0000000000e+01, 5,0000000000e-02, 7,0786900000e+03
 1500521400, 5,0000000000e+01, 2,4000000000e+01, 1,0000000000e+01, 5,0000000000e-02, 7,0787100000e+03
 1500521700, 5,0000000000e+01, 2,4000000000e+01, 1,0000000000e+01, 5,0000000000e-02, 7,0790200000e+03
 1500522000, 5,0000000000e+01, 2,4000000000e+01, 1,0000000000e+01, 5,0000000000e-02, 7,0796000000e+03
 1500522300, 5,0000000000e+01, 2,4000000000e+01, 1,0000000000e+01, 5,0000000000e-02, 7,0782500000e+03
 1500522600, 5,0000000000e+01, 2,4000000000e+01, 1,0000000000e+01, 5,0000000000e-02, 7,0779800000e+03
 1500522900, 5,0000000000e+01, 2,4000000000e+01, 1,0000000000e+01, 5,2000000000e-02, 7,0782200000e+03
 1500523200, 5,0000000000e+01, 2,4000000000e+01, 1,0000000000e+01, 5,0000000000e-02, 7,0789100000e+03
 1500523500, 5,0000000000e+01, 2,4000000000e+01, 1,0000000000e+01, 5,0000000000e-02, 7,0794000000e+03
 1500523800, 5,0000000000e+01, 2,4000000000e+01, 1,0000000000e+01, 5,0000000000e-02, 7,0779800000e+03
 1500524100, 5,0000000000e+01, 2,4000000000e+01, 1,0000000000e+01, 5,0000000000e-02, 7,0789100000e+03
 1500524400, 5,0000000000e+01, 2,4000000000e+01, 1,0000000000e+01, 5,2000000000e-02, 7,0790000000e+03
 1500524700, 5,0000000000e+01, 2,4000000000e+01, 1,0000000000e+01, 5,0000000000e-02, 7,0792000000e+03
 1500525000, 5,0000000000e+01, 2,4000000000e+01, 1,0000000000e+01, 5,0000000000e-02, 7,0792000000e+03
 1500525300, 5,0000000000e+01, 2,4000000000e+01, 1,0000000000e+01, 5,0000000000e-02, 7,0797100000e+03
 1500525600, 5,0000000000e+01, 2,4000000000e+01, 1,0000000000e+01, 5,9133333333e-02, 7,0786000000e+03
 1500525900, 5,0000000000e+01, 2,4000000000e+01, 1,0000000000e+01, 5,6900000000e-02, 7,0787100000e+03
 1500526200, 5,0000000000e+01, 2,4000000000e+01, 1,0000000000e+01, 5,0000000000e-02, 7,0798000000e+03
 1500526500, 5,0000000000e+01, 2,4000000000e+01, 1,0000000000e+01, 5,0000000000e-02, 7,0786900000e+03
 1500526800, 5,0000000000e+01, 2,4000000000e+01, 1,0000000000e+01, 5,0000000000e-02, 7,0791100000e+03
 1500527100, 5,0000000000e+01, 2,4000000000e+01, 1,0000000000e+01, 5,2000000000e-02, 7,0795800000e+03
 1500527400, 5,0550000000e+01, 2,4000000000e+01, 1,0220000000e+01, 5,0000000000e-02, 7,0801100000e+03
 1500527700, 5,5000000000e+01, 2,4000000000e+01, 1,2000000000e+01, 5,0000000000e-02, 7,0792000000e+03
 1500528000, 5,0450000000e+01, 2,4000000000e+01, 1,0180000000e+01, 5,0000000000e-02, 7,0798000000e+03
 1500528300, 5,0000000000e+01, 2,4000000000e+01, 1,0000000000e+01, 5,0000000000e-02, 7,0784900000e+03
 1500528600, 5,0000000000e+01, 2,4000000000e+01, 1,0000000000e+01, 5,0000000000e-02, 7,0785100000e+03
 1500528900, 5,0000000000e+01, 2,4000000000e+01, 1,0000000000e+01, 5,0000000000e-02, 7,0790900000e+03
 1500529200, 5,0000000000e+01, 2,4000000000e+01, 1,0000000000e+01, 5,0000000000e-02, 7,0783100000e+03
 1500529500, 5,0000000000e+01, 2,4000000000e+01, 1,0000000000e+01, 5,0000000000e-02, 7,0794000000e+03
 1500529800, 5,4550000000e+01, 2,4000000000e+01, 1,1820000000e+01, 5,0000000000e-02, 7,0785800000e+03
 1500530100, 5,5000000000e+01, 2,4000000000e+01, 1,2000000000e+01, 5,0000000000e-02, 7,0782000000e+03
 1500530400, 5,5000000000e+01, 2,4000000000e+01, 1,2000000000e+01, 5,0000000000e-02, 7,0804200000e+03
 1500530700, 5,5000000000e+01, 2,4000000000e+01, 1,2000000000e+01, 5,0000000000e-02, 7,0790900000e+03
 1500531000, 5,4450000000e+01, 2,4000000000e+01, 1,1780000000e+01, 5,0000000000e-02, 7,0794000000e+03
 1500531300, 5,0000000000e+01, 2,4000000000e+01, 1,0000000000e+01, 5,0000000000e-02, 7,0786200000e+03
 1500531600, 5,0000000000e+01, 2,4000000000e+01, 1,0000000000e+01, 5,1066666667e-02, 7,0782900000e+03
 1500531900, 5,0000000000e+01, 2,4000000000e+01, 1,0000000000e+01, 5,0900000000e-02, 7,0784900000e+03
 1500532200, 5,0000000000e+01, 2,4000000000e+01, 1,0000000000e+01, 5,0000000000e-02, 7,0787100000e+03
 1500532500, 5,0000000000e+01, 2,4000000000e+01, 1,0000000000e+01, 5,2000000000e-02, 7,0794000000e+03
 1500532800, 5,0000000000e+01, 2,4000000000e+01, 1,0000000000e+01, 5,0000000000e-02, 7,0796000000e+03
 1500533100, 5,0000000000e+01, 2,4000000000e+01, 1,0000000000e+01, 5,0000000000e-02, 7,0792000000e+03
 1500533400, 5,0000000000e+01, 2,4000000000e+01, 1,0000000000e+01, 5,0000000000e-02, 7,0797100000e+03
 1500533700, 5,0000000000e+01, 2,4000000000e+01, 1,0000000000e+01, 5,0000000000e-02, 7,0805100000e+03
 1500534000, 5,0000000000e+01, 2,4000000000e+01, 1,0000000000e+01, 5,3100000000e-02, 7,0818000000e+03
 1500534300, 5,0000000000e+01, 2,4000000000e+01, 1,0000000000e+01, 5,2900000000e-02, 7,0785800000e+03
 1500534600, 5,0000000000e+01, 2,4000000000e+01, 1,0000000000e+01, 5,2000000000e-02, 7,0787100000e+03
 1500534900, 5,0000000000e+01, 2,4000000000e+01, 1,0000000000e+01, 5,0000000000e-02, 7,0786900000e+03
 1500535200, 5,0000000000e+01, 2,4000000000e+01, 1,1820000000e+01, 5,0000000000e-02, 7,0790200000e+03
 1500535500, 5,0000000000e+01, 2,4000000000e+01, 1,0586666667e+01, 5,0000000000e-02, 7,0797100000e+03
 1500535800, 5,0000000000e+01, 2,4000000000e+01, 1,0000000000e+01, 5,0000000000e-02, 7,0802000000e+03
 1500536100, 5,0000000000e+01, 2,4000000000e+01, 1,0000000000e+01, 5,0000000000e-02, 7,0805100000e+03
 1500536400, 5,0000000000e+01, 2,4000000000e+01, 1,0000000000e+01, 5,0000000000e-02, 7,0796900000e+03
 1500536700, 5,0000000000e+01, 2,4000000000e+01, 1,0000000000e+01, 5,0000000000e-02, 7,0798200000e+03
 1500537000, 5,0000000000e+01, 2,4000000000e+01, 1,1820000000e+01, 5,0000000000e-02, 7,0796500000e+03
 1500537300, 5,0000000000e+01, 2,4000000000e+01, 1,0580000000e+01, 5,0000000000e-02, 7,0788900000e+03
 1500537600, 5,0000000000e+01, 2,4000000000e+01, 1,0000000000e+01, 5,0000000000e-02, 7,0796200000e+03
 1500537900, 5,0000000000e+01, 2,4000000000e+01, 1,0000000000e+01, 5,0000000000e-02, 7,0804000000e+03
 1500538200, 5,0000000000e+01, 2,4000000000e+01, 1,0000000000e+01, 5,7100000000e-02, 7,0806000000e+03
 1500538500, 5,0000000000e+01, 2,4000000000e+01, 1,0000000000e+01, 5,0900000000e-02, 7,0810000000e+03
 1500538800, 5,0000000000e+01, 2,4000000000e+01, 1,0000000000e+01, 5,0000000000e-02, 7,0808900000e+03
 1500539100, 5,0000000000e+01, 2,4000000000e+01, 1,0000000000e+01, 5,0000000000e-02, 7,0809100000e+03
 1500539400, 5,0000000000e+01, 2,4000000000e+01, 1,0000000000e+01, 5,0000000000e-02, 7,0810000000e+03
 1500539700, 5,0000000000e+01, 2,4000000000e+01, 1,0000000000e+01, 5,0000000000e-02, 7,0816000000e+03
 1500540000, 5,0000000000e+01, 2,4000000000e+01, 1,0000000000e+01, 5,0000000000e-02, 7,0810000000e+03
 1500540300, 5,0000000000e+01, 2,4000000000e+01, 1,0000000000e+01, 5,0000000000e-02, 7,0809100000e+03
 1500540600, 5,0000000000e+01, 2,4000000000e+01, 1,0000000000e+01, 5,0000000000e-02, 7,0804900000e+03
 1500540900, 5,0000000000e+01, 2,4000000000e+01, 1,0000000000e+01, 5,0000000000e-02, 7,0817100000e+03
 1500541200, 5,0000000000e+01, 2,4000000000e+01, 1,0000000000e+01, 5,0000000000e-02, 7,0810000000e+03
 1500541500, 5,0000000000e+01, 2,4000000000e+01, 1,0000000000e+01, 5,3100000000e-02, 7,0816000000e+03
 1500541800, 5,0000000000e+01, 2,4000000000e+01, 1,0000000000e+01, 5,0900000000e-02, 7,0816900000e+03
 1500542100, 5,0000000000e+01, 2,4000000000e+01, 1,0000000000e+01, 5,0000000000e-02, 7,0816133333e+03
 1500542400, 5,0000000000e+01, 2,4000000000e+01, 1,0000000000e+01, 5,0000000000e-02, 7,0826900000e+03
 1500542700, 5,0000000000e+01, 2,4000000000e+01, 1,0000000000e+01, 5,0000000000e-02, 7,0827100000e+03
 1500543000, 5,0000000000e+01, 2,4000000000e+01, 1,0000000000e+01, 5,0000000000e-02, 7,0805800000e+03
 1500543300, 5,0000000000e+01, 2,4000000000e+01, 1,0000000000e+01, 5,0000000000e-02, 7,0802900000e+03
 1500543600, 5,0000000000e+01, 2,4000000000e+01, 1,0000000000e+01, 5,0000000000e-02, 7,0808200000e+03
 1500543900, 5,0000000000e+01, 2,4000000000e+01, 1,0000000000e+01, 5,0000000000e-02, 7,0804900000e+03
 1500544200, 5,0000000000e+01, 2,4000000000e+01, 1,0000000000e+01, 5,0000000000e-02, 7,0808000000e+03
 1500544500, 5,0000000000e+01, 2,4000000000e+01, 1,0000000000e+01, 5,0000000000e-02, 7,0814200000e+03
 1500544800, 5,0000000000e+01, 2,4000000000e+01, 1,0000000000e+01, 5,0000000000e-02, 7,0815800000e+03
 1500545100, 5,0000000000e+01, 2,4000000000e+01, 1,0000000000e+01, 5,0000000000e-02, 7,0806000000e+03
 1500545400, 5,0000000000e+01, 2,4000000000e+01, 1,0000000000e+01, 5,2000000000e-02, 7,0807100000e+03
 1500545700, 5,0000000000e+01, 2,4000000000e+01, 1,0000000000e+01, 5,6000000000e-02, 7,0814000000e+03
 1500546000, 5,0000000000e+01, 2,4000000000e+01, 1,0000000000e+01, 5,0000000000e-02, 7,0798900000e+03
 1500546300, 5,0000000000e+01, 2,4000000000e+01, 1,1420000000e+01, 5,0000000000e-02, 7,0805100000e+03
 1500546600, 5,0000000000e+01, 2,4000000000e+01, 1,2000000000e+01, 5,2000000000e-02, 7,0808000000e+03
 1500546900, 5,0000000000e+01, 2,4000000000e+01, 1,1380000000e+01, 5,0000000000e-02, 7,0806000000e+03
 1500547200, 5,0000000000e+01, 2,4000000000e+01, 1,0000000000e+01, 5,0000000000e-02, 7,0802900000e+03
 1500547500, 5,0000000000e+01, 2,4000000000e+01, 1,0000000000e+01, 5,0000000000e-02, 7,0813100000e+03
 1500547800, 5,0000000000e+01, 2,4000000000e+01, 1,0000000000e+01, 5,5100000000e-02, 7,0806000000e+03
 1500548100, 5,0000000000e+01, 2,4000000000e+01, 1,0000000000e+01, 5,2900000000e-02, 7,0813100000e+03
 1500548400, 5,0000000000e+01, 2,4000000000e+01, 1,0000000000e+01, 5,0000000000e-02, 7,0814000000e+03
 1500548700, 5,0000000000e+01, 2,4000000000e+01, 1,0000000000e+01, 5,0000000000e-02, 7,0816000000e+03
 1500549000, 5,0000000000e+01, 2,4000000000e+01, 1,0000000000e+01, 5,0000000000e-02, 7,0812900000e+03
 1500549300, 5,0000000000e+01, 2,4000000000e+01, 1,0000000000e+01, 5,0000000000e-02, 7,0814166667e+03
 1500549600, 5,0000000000e+01, 2,4000000000e+01, 1,0000000000e+01, 5,0000000000e-02, 7,0814000000e+03
 1500549900, 5,0000000000e+01, 2,4000000000e+01, 1,0000000000e+01, 5,0000000000e-02, 7,0807900000e+03
 1500550200, 5,0000000000e+01, 2,4000000000e+01, 1,0000000000e+01, 5,0000000000e-02, 7,0806000000e+03
 1500550500, 5,0000000000e+01, 2,4000000000e+01, 1,0000000000e+01, 5,0000000000e-02, 7,0807100000e+03
 1500550800, 5,0000000000e+01, 2,4000000000e+01, 1,0000000000e+01, 5,0000000000e-02, 7,0806000000e+03
 1500551100, 5,0000000000e+01, 2,4000000000e+01, 1,0000000000e+01, 5,0000000000e-02, 7,0806000000e+03
 1500551400, 5,0000000000e+01, 2,4000000000e+01, 1,0000000000e+01, 5,0000000000e-02, 7,0800000000e+03
 1500551700, 5,0000000000e+01, 2,4000000000e+01, 1,0000000000e+01, 5,1100000000e-02, 7,0800500000e+03
 1500552000, 5,0000000000e+01, 2,4000000000e+01, 1,0000000000e+01, 5,2900000000e-02, 7,0808400000e+03
 1500552300, 5,0000000000e+01, 2,4000000000e+01, 1,0000000000e+01, 5,0000000000e-02, 7,0790500000e+03
 1500552600, 5,0000000000e+01, 2,4000000000e+01, 1,0220000000e+01, 5,0000000000e-02, 7,0803233333e+03
 1500552900, 5,0000000000e+01, 2,4000000000e+01, 1,2000000000e+01, 5,0000000000e-02, 7,0804200000e+03
 1500553200, 5,0000000000e+01, 2,4000000000e+01, 1,0180000000e+01, 5,0000000000e-02, 7,0814000000e+03
 1500553500, 5,0000000000e+01, 2,4000000000e+01, 1,0000000000e+01, 5,0000000000e-02, 7,0812000000e+03
 1500553800, 5,0000000000e+01, 2,4000000000e+01, 1,0000000000e+01, 5,0000000000e-02, 7,0806900000e+03
 1500554100, 5,0000000000e+01, 2,4000000000e+01, 1,0000000000e+01, 5,9100000000e-02, 7,0812000000e+03
 1500554400, 5,0000000000e+01, 2,4000000000e+01, 1,0000000000e+01, 5,6900000000e-02, 7,0812000000e+03
 1500554700, 5,0000000000e+01, 2,4000000000e+01, 1,0000000000e+01, 5,0000000000e-02, 7,0813100000e+03
 1500555000, 5,0000000000e+01, 2,4000000000e+01, 1,0000000000e+01, 5,1100000000e-02, 7,0799800000e+03
 1500555300, 5,0000000000e+01, 2,4000000000e+01, 1,0000000000e+01, 5,0900000000e-02, 7,0802200000e+03
 1500555600, 5,0000000000e+01, 2,4000000000e+01, 1,0000000000e+01, 5,0000000000e-02, 7,0816200000e+03
 1500555900, 5,0000000000e+01, 2,4000000000e+01, 1,0000000000e+01, 5,0000000000e-02, 7,0817800000e+03
 1500556200, 5,0000000000e+01, 2,4000000000e+01, 1,0000000000e+01, 5,0000000000e-02, 7,0812000000e+03
 1500556500, 5,0000000000e+01, 2,4000000000e+01, 1,0000000000e+01, 5,0000000000e-02, 7,0820000000e+03
 1500556800, 5,0000000000e+01, 2,4000000000e+01, 1,0000000000e+01, 5,0000000000e-02, 7,0811800000e+03
 1500557100, 5,0000000000e+01, 2,4000000000e+01, 1,0000000000e+01, 5,0000000000e-02, 7,0806000000e+03
 1500557400, 5,7650000000e+01, 2,7060000000e+01, 1,3060000000e+01, 5,0000000000e-02, 7,0815100000e+03
 1500557700, 6,0350000000e+01, 2,8140000000e+01, 1,4140000000e+01, 5,0000000000e-02, 7,0821100000e+03
 1500558000, 5,0000000000e+01, 2,4000000000e+01, 1,0000000000e+01, 5,0000000000e-02, 7,0804900000e+03
 1500558300, 5,0000000000e+01, 2,4000000000e+01, 1,0000000000e+01, 5,0000000000e-02, 7,0798900000e+03
 1500558600, 5,0000000000e+01, 2,4000000000e+01, 1,0000000000e+01, 5,0000000000e-02, 7,0802000000e+03
 1500558900, 5,0000000000e+01, 2,4000000000e+01, 1,0000000000e+01, 5,0000000000e-02, 7,0798200000e+03
 1500559200, 5,0000000000e+01, 2,4000000000e+01, 1,0000000000e+01, 5,0000000000e-02, 7,0804000000e+03
 1500559500, 5,0000000000e+01, 2,4000000000e+01, 1,0000000000e+01, 5,0000000000e-02, 7,0808000000e+03
 1500559800, 5,0000000000e+01, 2,4000000000e+01, 1,0000000000e+01, 5,0000000000e-02, 7,0800900000e+03
 1500560100, 5,0000000000e+01, 2,4000000000e+01, 1,0000000000e+01, 5,0000000000e-02, 7,0810000000e+03
 1500560400, 5,0000000000e+01, 2,4000000000e+01, 1,0000000000e+01, 5,8000000000e-02, 7,0815200000e+03
 1500560700, 5,0000000000e+01, 2,4000000000e+01, 1,0000000000e+01, 5,0000000000e-02, 7,0802000000e+03
 1500561000, 5,0000000000e+01, 2,4000000000e+01, 1,0000000000e+01, 5,0000000000e-02, 7,0806000000e+03
 1500561300, 5,0000000000e+01, 2,4000000000e+01, 1,0000000000e+01, 5,0000000000e-02, 7,0808000000e+03
 1500561600, 5,0000000000e+01, 2,4000000000e+01, 1,0220000000e+01, 5,0000000000e-02, 7,0804000000e+03
 1500561900, 5,0000000000e+01, 2,4000000000e+01, 1,2000000000e+01, 5,0000000000e-02, 7,0816000000e+03
 1500562200, 5,0000000000e+01, 2,4000000000e+01, 1,0180000000e+01, 5,0000000000e-02, 7,0806000000e+03
 1500562500, 5,0000000000e+01, 2,4000000000e+01, 1,0000000000e+01, 5,0000000000e-02, 7,0809100000e+03
 1500562800, 5,0000000000e+01, 2,4000000000e+01, 1,0000000000e+01, 5,2000000000e-02, 7,0811800000e+03
 1500563100, 5,0000000000e+01, 2,4000000000e+01, 1,0000000000e+01, 5,0000000000e-02, 7,0818000000e+03
 1500563400, 5,0000000000e+01, 2,4000000000e+01, 1,0220000000e+01, 5,1100000000e-02, 7,0816200000e+03
 1500563700, 5,0000000000e+01, 2,4000000000e+01, 1,2000000000e+01, 5,2900000000e-02, 7,0808000000e+03
 1500564000, 5,0000000000e+01, 2,4000000000e+01, 1,0180000000e+01, 5,0000000000e-02, 7,0804000000e+03
 1500564300, 5,0000000000e+01, 2,4000000000e+01, 1,0000000000e+01, 5,0000000000e-02, 7,0807100000e+03
 1500564600, 5,0000000000e+01, 2,4000000000e+01, 1,0000000000e+01, 5,5500000000e-02, 7,0814900000e+03
 1500564900, 5,4650000000e+01, 2,6480000000e+01, 1,2480000000e+01, 2,5590000000e-01, 7,0806900000e+03
 1500565200, 6,5550000000e+01, 3,2220000000e+01, 1,8220000000e+01, 4,8890000000e-01, 7,0785800000e+03
 1500565500, 7,0000000000e+01, 3,4000000000e+01, 2,0000000000e+01, 6,5540000000e-01, 7,0780400000e+03
 1500565800, 7,0000000000e+01, 3,2180000000e+01, 2,0000000000e+01, 7,6790000000e-01, 7,0791100000e+03
 1500566100, 6,6450000000e+01, 3,2000000000e+01, 2,0000000000e+01, 8,5170000000e-01, 7,0800200000e+03
 1500566400, 6,2450000000e+01, 3,0980000000e+01, 1,6940000000e+01, 9,0860000000e-01, 7,0784300000e+03
 1500566700, 5,8450000000e+01, 2,9380000000e+01, 1,3380000000e+01, 9,7040000000e-01, 7,0790000000e+03
 1500567000, 5,5550000000e+01, 2,8000000000e+01, 1,2440000000e+01, 1,0146000000e+00, 7,0796000000e+03
 1500567300, 6,0000000000e+01, 2,8000000000e+01, 1,6000000000e+01, 1,0542000000e+00, 7,0805100000e+03
 1500567600, 6,9100000000e+01, 3,3460000000e+01, 1,9640000000e+01, 1,0540000000e+00, 7,0794900000e+03
 1500567900, 7,0000000000e+01, 3,2580000000e+01, 2,0000000000e+01, 1,0691000000e+00, 7,0803100000e+03
 1500568200, 7,0000000000e+01, 2,9960000000e+01, 2,2040000000e+01, 1,0669000000e+00, 7,0800900000e+03
 1500568500, 6,5350000000e+01, 2,7380000000e+01, 2,0900000000e+01, 1,0509333333e+00, 7,0802766667e+03
 1500568800, 5,6650000000e+01, 2,6660000000e+01, 1,4660000000e+01, 1,0500000000e+00, 7,0817300000e+03
 1500569100, 7,0000000000e+01, 3,2000000000e+01, 2,0000000000e+01, 1,0846000000e+00, 7,2385200000e+03
 1500569400, 1,3370000000e+02, 9,0240000000e+01, 2,3640000000e+01, 2,4381000000e+00, 7,5814600000e+03
 1500569700, 1,4710000000e+02, 1,0310000000e+02, 2,4000000000e+01, 4,2607000000e+00, 3,2015430000e+04
 1500570000, 1,5000000000e+02, 1,0702000000e+02, 2,5020000000e+01, 5,5965000000e+00, 4,2151910000e+04
 1500570300, 1,5155000000e+02, 1,0862000000e+02, 2,6000000000e+01, 6,5600000000e+00, 4,2153090000e+04
 1500570600, 1,5500000000e+02, 1,1000000000e+02, 2,6000000000e+01, 7,2498000000e+00, 4,2152710000e+04
 1500570900, 1,5500000000e+02, 1,1000000000e+02, 2,6000000000e+01, 7,7462000000e+00, 4,2153000000e+04
 1500571200, 1,5045000000e+02, 1,0818000000e+02, 2,6000000000e+01, 8,1010000000e+00, 4,2686150000e+04
 1500571500, 1,4645000000e+02, 1,0374000000e+02, 2,4580000000e+01, 8,3336000000e+00, 4,7494760000e+04
 1500571800, 1,5010000000e+02, 1,0506000000e+02, 2,5020000000e+01, 8,2844000000e+00, 5,2225780000e+04
 1500572100, 1,5655000000e+02, 1,0986000000e+02, 2,6620000000e+01, 8,1977000000e+00, 5,2295820000e+04
 1500572400, 1,6000000000e+02, 1,1400000000e+02, 2,8000000000e+01, 8,0651000000e+00, 5,2271860000e+04
 1500572700, 1,6000000000e+02, 1,1400000000e+02, 2,8000000000e+01, 7,8973000000e+00, 5,2276070000e+04
 1500573000, 1,6000000000e+02, 1,1400000000e+02, 2,8000000000e+01, 7,8219000000e+00, 5,2249620000e+04
 1500573300, 1,6000000000e+02, 1,1542000000e+02, 2,8000000000e+01, 7,6486000000e+00, 5,2252310000e+04
 1500573600, 1,6000000000e+02, 1,1600000000e+02, 2,8000000000e+01, 7,5809000000e+00, 5,2206510000e+04
 1500573900, 1,6000000000e+02, 1,1538000000e+02, 2,8000000000e+01, 7,3865000000e+00, 3,8785650000e+04
 1500574200, 1,5890000000e+02, 1,1312000000e+02, 2,7560000000e+01, 7,6744000000e+00, 7,5840600000e+03
 1500574500, 1,5000000000e+02, 1,0600000000e+02, 2,4000000000e+01, 8,0189000000e+00, 3,2029620000e+04
 1500574800, 1,5000000000e+02, 1,0782000000e+02, 2,5820000000e+01, 8,0618000000e+00, 4,2164090000e+04
 1500575100, 1,5000000000e+02, 1,0800000000e+02, 2,6000000000e+01, 8,0500000000e+00, 4,2163710000e+04
 1500575400, 1,5000000000e+02, 1,0800000000e+02, 2,6000000000e+01, 8,0500000000e+00, 4,2164510000e+04
 1500575700, 1,5000000000e+02, 1,0800000000e+02, 2,6000000000e+01, 8,0500000000e+00, 4,2163980000e+04
 1500576000, 1,5000000000e+02, 1,0800000000e+02, 2,6000000000e+01, 8,0467000000e+00, 4,2695740000e+04
 1500576300, 1,5000000000e+02, 1,0800000000e+02, 2,6000000000e+01, 8,0023000000e+00, 4,6555270000e+04
 1500576600, 1,3180000000e+02, 8,6160000000e+01, 2,7820000000e+01, 7,7601000000e+00, 5,2272490000e+04
 1500576900, 1,5130000000e+02, 1,0388000000e+02, 2,8000000000e+01, 7,1940000000e+00, 5,2295350000e+04
 1500577200, 1,6000000000e+02, 1,1302000000e+02, 2,8000000000e+01, 7,0444000000e+00, 5,2296290000e+04
 1500577500, 1,6000000000e+02, 1,1400000000e+02, 2,8000000000e+01, 6,7316000000e+00, 5,2221200000e+04
 1500577800, 1,6000000000e+02, 1,1378000000e+02, 2,8000000000e+01, 6,5973000000e+00, 5,2273580000e+04
 1500578100, 1,6000000000e+02, 1,1200000000e+02, 2,8000000000e+01, 6,4563000000e+00, 5,2248510000e+04
 1500578400, 1,6000000000e+02, 1,1200000000e+02, 2,8000000000e+01, 6,4210000000e+00, 5,2297220000e+04
 1500578700, 1,5290000000e+02, 1,0774000000e+02, 2,6580000000e+01, 6,2143000000e+00, 5,2296090000e+04
 1500579000, 1,5510000000e+02, 1,1008000000e+02, 2,7020000000e+01, 6,2104000000e+00, 3,8841210000e+04
 1500579300, 1,5690000000e+02, 1,1152000000e+02, 2,6760000000e+01, 6,5226000000e+00, 7,6568800000e+03
 1500579600, 1,5000000000e+02, 1,0622000000e+02, 2,4220000000e+01, 6,9334000000e+00, 3,2015470000e+04
 1500579900, 1,5000000000e+02, 1,0800000000e+02, 2,6000000000e+01, 7,2306000000e+00, 4,2153020000e+04
 1500580200, 1,5000000000e+02, 1,0800000000e+02, 2,6000000000e+01, 7,4458000000e+00, 4,2154090000e+04
 1500580500, 1,5000000000e+02, 1,0800000000e+02, 2,6000000000e+01, 7,6003000000e+00, 4,2153710000e+04
 1500580800, 1,5000000000e+02, 1,0800000000e+02, 2,6000000000e+01, 7,7099000000e+00, 4,2154620000e+04
 1500581100, 1,5000000000e+02, 1,0800000000e+02, 2,6000000000e+01, 7,7897000000e+00, 4,2542080000e+04
 1500581400, 1,4230000000e+02, 1,0030000000e+02, 2,5780000000e+01, 7,8178000000e+00, 4,9676080000e+04
 1500581700, 8,0000000000e+01, 3,8000000000e+01, 2,4000000000e+01, 7,6135000000e+00, 5,2384660000e+04
 1500582000, 1,5280000000e+02, 1,0716000000e+02, 2,7640000000e+01, 6,9094000000e+00, 5,2453250000e+04
 1500582300, 1,6000000000e+02, 1,1400000000e+02, 2,8000000000e+01, 6,4155000000e+00, 5,2453290000e+04
 1500582600, 1,6000000000e+02, 1,1502000000e+02, 2,8000000000e+01, 5,9929000000e+00, 5,2452160000e+04
 1500582900, 1,6000000000e+02, 1,1538000000e+02, 2,8000000000e+01, 5,7413000000e+00, 5,2452020000e+04
 1500583200, 1,6055000000e+02, 1,1444000000e+02, 2,8000000000e+01, 5,7123000000e+00, 5,2453110000e+04
 1500583500, 1,6500000000e+02, 1,1800000000e+02, 2,8000000000e+01, 5,7031000000e+00, 5,2452800000e+04
 1500583800, 1,6045000000e+02, 1,1436000000e+02, 2,8000000000e+01, 5,8147000000e+00, 5,2453620000e+04
 1500584100, 1,6000000000e+02, 1,1542000000e+02, 2,8000000000e+01, 5,7183000000e+00, 3,0853710000e+04
 1500584400, 1,5235000000e+02, 1,0988000000e+02, 2,5960000000e+01, 6,2133333333e+00, 1,1054706667e+04
 1500584700, 1,4655000000e+02, 1,0524000000e+02, 2,4620000000e+01, 6,7082000000e+00, 4,2155930000e+04
 1500585000, 1,5000000000e+02, 1,0800000000e+02, 2,6000000000e+01, 7,0701000000e+00, 4,2156600000e+04
 1500585300, 1,5000000000e+02, 1,0800000000e+02, 2,6000000000e+01, 7,3344000000e+00, 4,2155890000e+04
 1500585600, 1,5000000000e+02, 1,0800000000e+02, 2,6000000000e+01, 7,5265000000e+00, 4,2155600000e+04
 1500585900, 1,5000000000e+02, 1,0800000000e+02, 2,6000000000e+01, 7,6581000000e+00, 4,2155200000e+04
 1500586200, 1,4745000000e+02, 1,0392000000e+02, 2,4980000000e+01, 7,7012000000e+00, 4,6274050000e+04
 1500586500, 1,4965000000e+02, 1,0434000000e+02, 2,5240000000e+01, 7,2710000000e+00, 5,2287440000e+04
 1500586800, 1,6000000000e+02, 1,1422000000e+02, 2,8000000000e+01, 6,6280000000e+00, 5,2312490000e+04
 1500587100, 1,6000000000e+02, 1,1600000000e+02, 2,8000000000e+01, 6,1305000000e+00, 5,2313090000e+04
 1500587400, 1,6000000000e+02, 1,1236000000e+02, 2,8000000000e+01, 5,9175000000e+00, 5,2313820000e+04
 1500587700, 1,6000000000e+02, 1,1484000000e+02, 2,8000000000e+01, 5,8324000000e+00, 5,2315310000e+04
 1500588000, 1,4980000000e+02, 1,0682000000e+02, 2,5960000000e+01, 6,0507000000e+00, 1,2704700000e+04
 1500588300, 1,4310000000e+02, 1,0110000000e+02, 2,4620000000e+01, 6,5904333333e+00, 2,5011960000e+04
 1500588600, 1,5000000000e+02, 1,0800000000e+02, 2,6000000000e+01, 7,0127000000e+00, 4,2140710000e+04
 1500588900, 1,5000000000e+02, 1,0800000000e+02, 2,6000000000e+01, 7,3164000000e+00, 4,2142110000e+04
 1500589200, 1,5455000000e+02, 1,0982000000e+02, 2,6000000000e+01, 7,5136000000e+00, 4,2143950000e+04
 1500589500, 1,5145000000e+02, 1,0858000000e+02, 2,6000000000e+01, 7,6532000000e+00, 4,2145670000e+04
 1500589800, 1,5000000000e+02, 1,0800000000e+02, 2,6000000000e+01, 7,7528000000e+00, 4,2145510000e+04
 1500590100, 1,5000000000e+02, 1,0738000000e+02, 2,6000000000e+01, 7,7983000000e+00, 4,6180220000e+04
 1500590400, 1,5110000000e+02, 1,0666000000e+02, 2,6220000000e+01, 7,5137000000e+00, 5,2224490000e+04
 1500590700, 1,6000000000e+02, 1,1200000000e+02, 2,8000000000e+01, 6,9421000000e+00, 5,2288000000e+04
 1500591000, 1,6000000000e+02, 1,1200000000e+02, 2,8000000000e+01, 6,6922000000e+00, 5,2219780000e+04
 1500591300, 1,6000000000e+02, 1,1200000000e+02, 2,8000000000e+01, 6,6876000000e+00, 5,2172220000e+04
 1500591600, 1,6000000000e+02, 1,1200000000e+02, 2,8000000000e+01, 6,2718000000e+00, 5,2287910000e+04
 1500591900, 1,6000000000e+02, 1,1262000000e+02, 2,8000000000e+01, 6,2946000000e+00, 5,2285020000e+04
 1500592200, 1,6000000000e+02, 1,1400000000e+02, 2,8000000000e+01, 6,1196000000e+00, 5,2208620000e+04
 1500592500, 1,6000000000e+02, 1,1400000000e+02, 2,8000000000e+01, 6,1014000000e+00, 5,2147360000e+04
 1500592800, 1,6000000000e+02, 1,1218000000e+02, 2,8000000000e+01, 5,6011000000e+00, 1,1516090000e+04
 1500593100, 8,1900000000e+01, 4,9520000000e+01, 1,5220000000e+01, 4,1188000000e+00, 7,0670000000e+03
 1500593400, 5,0000000000e+01, 2,4000000000e+01, 1,0000000000e+01, 2,9913000000e+00, 7,0667100000e+03
 1500593700, 5,0000000000e+01, 2,4000000000e+01, 1,0000000000e+01, 2,1721000000e+00, 7,0680000000e+03
 1500594000, 5,0550000000e+01, 2,4440000000e+01, 1,0000000000e+01, 1,5762333333e+00, 7,0686033333e+03
 1500594300, 5,5000000000e+01, 2,8000000000e+01, 1,0000000000e+01, 1,1497666667e+00, 7,0679066667e+03
 1500594600, 5,0450000000e+01, 2,4360000000e+01, 1,0000000000e+01, 8,5050000000e-01, 7,0683100000e+03
 1500594900, 5,0000000000e+01, 2,4000000000e+01, 1,0000000000e+01, 6,3800000000e-01, 7,0682900000e+03
 1500595200, 5,0000000000e+01, 2,4000000000e+01, 1,0000000000e+01, 4,7570000000e-01, 7,0692200000e+03
 1500595500, 5,1550000000e+01, 2,4000000000e+01, 1,0000000000e+01, 3,5300000000e-01, 7,0693100000e+03
 1500595800, 5,5000000000e+01, 2,4193333333e+01, 1,0193333333e+01, 2,6430000000e-01, 7,0693333333e+03
 1500596100, 5,5000000000e+01, 2,6000000000e+01, 1,2000000000e+01, 2,1166666667e-01, 7,0694000000e+03
 1500596400, 5,0450000000e+01, 2,4180000000e+01, 1,0180000000e+01, 1,6540000000e-01, 7,0704200000e+03
 1500596700, 5,0000000000e+01, 2,4000000000e+01, 1,0000000000e+01, 1,2780000000e-01, 7,0692900000e+03
 1500597000, 5,0000000000e+01, 2,4000000000e+01, 1,0000000000e+01, 1,0780000000e-01, 7,0703500000e+03
 1500597300, 5,0000000000e+01, 2,4000000000e+01, 1,0000000000e+01, 9,6900000000e-02, 7,0702100000e+03
 1500597600, 5,0000000000e+01, 2,4000000000e+01, 1,0000000000e+01, 7,0700000000e-02, 7,0699100000e+03
 1500597900, 5,0000000000e+01, 2,4000000000e+01, 1,0000000000e+01, 5,0900000000e-02, 7,0692900000e+03
 1500598200, 5,4550000000e+01, 2,4000000000e+01, 1,1820000000e+01, 5,0000000000e-02, 7,0684833333e+03
 1500598500, 5,1450000000e+01, 2,4000000000e+01, 1,0580000000e+01, 5,0000000000e-02, 7,0692000000e+03
 1500598800, 5,2550000000e+01, 2,4000000000e+01, 1,0000000000e+01, 5,0000000000e-02, 7,0691100000e+03
 1500599100, 5,3450000000e+01, 2,4000000000e+01, 1,0000000000e+01, 5,2000000000e-02, 7,0700000000e+03
 1500599400, 5,0000000000e+01, 2,4000000000e+01, 1,0000000000e+01, 5,1966666667e-02, 7,0692600000e+03
 1500599700, 5,0550000000e+01, 2,4000000000e+01, 1,0220000000e+01, 5,0000000000e-02, 7,0693900000e+03
 1500600000, 5,5000000000e+01, 2,4000000000e+01, 1,2000000000e+01, 5,0000000000e-02, 7,0693800000e+03
 1500600300, 5,0450000000e+01, 2,4000000000e+01, 1,0180000000e+01, 5,0000000000e-02, 7,0687100000e+03
 1500600600, 5,3550000000e+01, 2,4000000000e+01, 1,1420000000e+01, 5,0000000000e-02, 7,0684000000e+03
 1500600900, 5,2450000000e+01, 2,4000000000e+01, 1,0980000000e+01, 5,0000000000e-02, 7,0691100000e+03
 1500601200, 5,0000000000e+01, 2,4000000000e+01, 1,0000000000e+01, 5,4200000000e-02, 7,0697100000e+03
 1500601500, 5,0000000000e+01, 2,4000000000e+01, 1,0000000000e+01, 5,7800000000e-02, 7,0698000000e+03
 1500601800, 5,0000000000e+01, 2,4000000000e+01, 1,0000000000e+01, 5,0000000000e-02, 7,0688900000e+03
 1500602100, 5,0000000000e+01, 2,4000000000e+01, 1,0000000000e+01, 5,0000000000e-02, 7,0694900000e+03
 1500602400, 5,0000000000e+01, 2,4000000000e+01, 1,0000000000e+01, 5,0000000000e-02, 7,0707300000e+03
 1500602700, 5,2500000000e+01, 2,4000000000e+01, 1,1000000000e+01, 5,2100000000e-02, 7,0700100000e+03
 1500603000, 5,3450000000e+01, 2,4000000000e+01, 1,1380000000e+01, 5,0000000000e-02, 7,0710000000e+03
 1500603300, 5,0000000000e+01, 2,4000000000e+01, 1,0000000000e+01, 5,0000000000e-02, 7,0691100000e+03
 1500603600, 5,0000000000e+01, 2,4000000000e+01, 1,0000000000e+01, 5,0000000000e-02, 7,0694900000e+03
 1500603900, 5,0000000000e+01, 2,4000000000e+01, 1,0000000000e+01, 5,0000000000e-02, 7,0696033333e+03
 1500604200, 5,0000000000e+01, 2,4000000000e+01, 1,0000000000e+01, 5,4000000000e-02, 7,0694000000e+03
 1500604500, 5,0000000000e+01, 2,4000000000e+01, 1,0000000000e+01, 5,4000000000e-02, 7,0694900000e+03
 1500604800, 5,0000000000e+01, 2,4000000000e+01, 1,0000000000e+01, 5,0000000000e-02, 7,0695100000e+03
 1500605100, 5,0000000000e+01, 2,4000000000e+01, 1,0000000000e+01, 5,0000000000e-02, 7,0697100000e+03
 1500605400, 5,0000000000e+01, 2,4000000000e+01, 1,0000000000e+01, 5,0000000000e-02, 7,0710000000e+03
 1500605700, 5,0000000000e+01, 2,4000000000e+01, 1,0000000000e+01, 5,0000000000e-02, 7,0711100000e+03
 1500606000, 5,0000000000e+01, 2,4000000000e+01, 1,0000000000e+01, 5,0000000000e-02, 7,0711100000e+03
 1500606300, 5,0000000000e+01, 2,4000000000e+01, 1,0000000000e+01, 5,0000000000e-02, 7,0708900000e+03
 1500606600, 5,0000000000e+01, 2,4000000000e+01, 1,0000000000e+01, 5,0000000000e-02, 7,0704900000e+03
 1500606900, 5,0550000000e+01, 2,4000000000e+01, 1,0220000000e+01, 5,0000000000e-02, 7,0697000000e+03
 1500607200, 5,5000000000e+01, 2,4000000000e+01, 1,2000000000e+01, 6,0200000000e-02, 7,0704133333e+03
 1500607500, 5,0450000000e+01, 2,4000000000e+01, 1,0180000000e+01, 6,0900000000e-02, 7,0704900000e+03
 1500607800, 5,0000000000e+01, 2,4000000000e+01, 1,0000000000e+01, 5,4900000000e-02, 7,0704200000e+03
 1500608100, 5,0000000000e+01, 2,4000000000e+01, 1,0000000000e+01, 5,6000000000e-02, 7,0716000000e+03
 1500608400, 5,0000000000e+01, 2,4000000000e+01, 1,0000000000e+01, 5,0000000000e-02, 7,0720000000e+03
 1500608700, 5,0550000000e+01, 2,4220000000e+01, 1,0440000000e+01, 5,0000000000e-02, 7,0725100000e+03
 1500609000, 5,5000000000e+01, 2,6000000000e+01, 1,4000000000e+01, 5,0000000000e-02, 7,0710900000e+03
 1500609300, 5,0450000000e+01, 2,4180000000e+01, 1,2180000000e+01, 5,0000000000e-02, 7,0714000000e+03
 1500609600, 5,0000000000e+01, 2,4000000000e+01, 1,0580000000e+01, 5,0000000000e-02, 7,0718200000e+03
 1500609900, 5,0000000000e+01, 2,4000000000e+01, 1,0000000000e+01, 5,0000000000e-02, 7,0718900000e+03
 1500610200, 5,0000000000e+01, 2,4000000000e+01, 1,0000000000e+01, 5,0000000000e-02, 7,0719100000e+03
 1500610500, 5,0000000000e+01, 2,4000000000e+01, 1,0000000000e+01, 6,3300000000e-02, 7,0720000000e+03
 1500610800, 5,0000000000e+01, 2,4000000000e+01, 1,0000000000e+01, 6,7800000000e-02, 7,0712900000e+03
 1500611100, 5,0000000000e+01, 2,4000000000e+01, 1,0000000000e+01, 6,5100000000e-02, 7,0713100000e+03
 1500611400, 5,0000000000e+01, 2,4000000000e+01, 1,0000000000e+01, 5,3800000000e-02, 7,0709100000e+03
 1500611700, 5,0000000000e+01, 2,4000000000e+01, 1,0000000000e+01, 5,0000000000e-02, 7,0722200000e+03
 1500612000, 5,0000000000e+01, 2,4000000000e+01, 1,0000000000e+01, 5,0000000000e-02, 7,0717200000e+03
 1500612300, 5,0000000000e+01, 2,4000000000e+01, 1,0000000000e+01, 5,0000000000e-02, 7,0699100000e+03
 1500612600, 5,0000000000e+01, 2,4000000000e+01, 1,0000000000e+01, 5,0000000000e-02, 7,0705100000e+03
 1500612900, 5,0000000000e+01, 2,4000000000e+01, 1,0000000000e+01, 5,0000000000e-02, 7,0705800000e+03
 1500613200, 5,0000000000e+01, 2,4000000000e+01, 1,0000000000e+01, 5,2000000000e-02, 7,0710200000e+03
 1500613500, 5,0000000000e+01, 2,4000000000e+01, 1,0000000000e+01, 5,4200000000e-02, 7,0708900000e+03
 1500613800, 5,0000000000e+01, 2,4000000000e+01, 1,0000000000e+01, 7,0000000000e-02, 7,0713100000e+03
 1500614100, 5,0000000000e+01, 2,4000000000e+01, 1,0000000000e+01, 6,2900000000e-02, 7,0716000000e+03
 1500614400, 5,0000000000e+01, 2,4000000000e+01, 1,0000000000e+01, 5,2900000000e-02, 7,0720000000e+03
 1500614700, 5,0000000000e+01, 2,4000000000e+01, 1,0000000000e+01, 5,0000000000e-02, 7,0723100000e+03
 1500615000, 5,0000000000e+01, 2,4000000000e+01, 1,0000000000e+01, 5,0000000000e-02, 7,0714900000e+03
 1500615300, 5,0000000000e+01, 2,4000000000e+01, 1,0000000000e+01, 5,0000000000e-02, 7,0714000000e+03
 1500615600, 5,0000000000e+01, 2,4000000000e+01, 1,0000000000e+01, 5,0000000000e-02, 7,0718900000e+03
 1500615900, 5,0000000000e+01, 2,4000000000e+01, 1,0000000000e+01, 5,0000000000e-02, 7,0712200000e+03
 1500616200, 5,0000000000e+01, 2,4000000000e+01, 1,0000000000e+01, 6,3300000000e-02, 7,0713800000e+03
 1500616500, 5,0000000000e+01, 2,4000000000e+01, 1,0000000000e+01, 7,8000000000e-02, 7,0713100000e+03
 1500616800, 5,0000000000e+01, 2,4000000000e+01, 1,0000000000e+01, 7,8000000000e-02, 7,0728200000e+03
 1500617100, 5,0000000000e+01, 2,4000000000e+01, 1,0000000000e+01, 7,6900000000e-02, 7,0728900000e+03
 1500617400, 5,0000000000e+01, 2,4000000000e+01, 1,0000000000e+01, 7,4000000000e-02, 7,0724900000e+03
 1500617700, 5,0000000000e+01, 2,4000000000e+01, 1,0000000000e+01, 5,9800000000e-02, 7,0719100000e+03
 1500618000, 5,0000000000e+01, 2,4000000000e+01, 1,0000000000e+01, 5,0000000000e-02, 7,0707800000e+03
 1500618300, 5,0000000000e+01, 2,4000000000e+01, 1,0000000000e+01, 5,0000000000e-02, 7,0715100000e+03
 1500618600, 5,0000000000e+01, 2,4000000000e+01, 1,0000000000e+01, 5,0000000000e-02, 7,0712000000e+03
 1500618900, 5,0000000000e+01, 2,4000000000e+01, 1,0000000000e+01, 5,0000000000e-02, 7,0724000000e+03
 1500619200, 5,0000000000e+01, 2,4000000000e+01, 1,0000000000e+01, 5,0000000000e-02, 7,0723133333e+03
 1500619500, 5,0000000000e+01, 2,4000000000e+01, 1,0000000000e+01, 5,5100000000e-02, 7,0716000000e+03
 1500619800, 5,0000000000e+01, 2,4000000000e+01, 1,0000000000e+01, 5,6900000000e-02, 7,0720900000e+03
 1500620100, 5,0000000000e+01, 2,4000000000e+01, 1,0000000000e+01, 5,6000000000e-02, 7,0710900000e+03
 1500620400, 5,0000000000e+01, 2,4000000000e+01, 1,0000000000e+01, 5,0000000000e-02, 7,0720200000e+03
 1500620700, 5,0000000000e+01, 2,4000000000e+01, 1,0000000000e+01, 5,0000000000e-02, 7,0714900000e+03
 1500621000, 5,0000000000e+01, 2,4000000000e+01, 1,0000000000e+01, 5,0000000000e-02, 7,0710900000e+03
 1500621300, 5,0000000000e+01, 2,4000000000e+01, 1,0000000000e+01, 5,0000000000e-02, 7,0711300000e+03
 1500621600, 5,0000000000e+01, 2,4000000000e+01, 1,0000000000e+01, 5,0000000000e-02, 7,0720900000e+03
 1500621900, 5,0000000000e+01, 2,4000000000e+01, 1,0000000000e+01, 5,0000000000e-02, 7,0718900000e+03
 1500622200, 5,0000000000e+01, 2,4000000000e+01, 1,0000000000e+01, 5,0000000000e-02, 7,0716200000e+03
 1500622500, 5,0000000000e+01, 2,4000000000e+01, 1,0000000000e+01, 5,0000000000e-02, 7,0718000000e+03
 1500622800, 5,0000000000e+01, 2,4000000000e+01, 1,0000000000e+01, 5,3100000000e-02, 7,0719800000e+03
 1500623100, 5,0000000000e+01, 2,4000000000e+01, 1,0000000000e+01, 7,7300000000e-02, 7,0719100000e+03
 1500623400, 5,0000000000e+01, 2,4000000000e+01, 1,0000000000e+01, 8,8000000000e-02, 7,0726000000e+03
 1500623700, 5,0000000000e+01, 2,4000000000e+01, 1,0000000000e+01, 7,3800000000e-02, -nan
 1500624000, 5,0000000000e+01, 2,4000000000e+01, 1,0000000000e+01, -nan, -nan
 1500624300, 5,0000000000e+01, 2,4000000000e+01, 1,0000000000e+01, -nan, -nan
 1500624600, 5,0000000000e+01, 2,4000000000e+01, 1,0000000000e+01, -nan, -nan
 1500624900, 5,0000000000e+01, -nan, 1,0000000000e+01, -nan, -nan
 1500625200, 5,0000000000e+01, -nan, 1,0000000000e+01, -nan, -nan
 1500625500, -nan, -nan, 1,0000000000e+01, -nan, -nan
 1500625800, -nan, -nan, 1,0000000000e+01, -nan, -nan
 1500626100, -nan, -nan, 1,0000000000e+01, -nan, -nan
 1500626400, -nan, -nan, 1,0000000000e+01, -nan, -nan
 1500626700, -nan, -nan, 1,0000000000e+01, -nan, -nan
 1500627000, -nan, -nan, 1,0000000000e+01, -nan, -nan
 1500627300, -nan, -nan, -nan, -nan, -nan
