 Time, ttl_pwr, cpu_pwr, mem_pwr, cpu_load, mem_load
 1500441000, 5,5000000000e+01, 2,4000000000e+01, 1,0000000000e+01, 5,0000000000e-02, 6,9614400000e+03
 1500441300, 5,5000000000e+01, 2,4000000000e+01, 1,1440000000e+01, 5,0000000000e-02, 6,9612000000e+03
 1500441600, 5,5000000000e+01, 2,4000000000e+01, 1,0960000000e+01, 5,0000000000e-02, 6,9608800000e+03
 1500441900, 5,5000000000e+01, 2,4000000000e+01, 1,0000000000e+01, 5,2000000000e-02, 6,9618800000e+03
 1500442200, 5,5000000000e+01, 2,4000000000e+01, 1,0000000000e+01, 5,0000000000e-02, 6,9624800000e+03
 1500442500, 5,5000000000e+01, 2,4000000000e+01, 1,0000000000e+01, 5,0000000000e-02, 6,9626000000e+03
 1500442800, 5,5000000000e+01, 2,4000000000e+01, 1,1840000000e+01, 5,0000000000e-02, 6,9633600000e+03
 1500443100, 5,5000000000e+01, 2,4000000000e+01, 1,0560000000e+01, 5,0000000000e-02, 6,9630000000e+03
 1500443400, 5,5000000000e+01, 2,4000000000e+01, 1,1040000000e+01, 5,0000000000e-02, 6,9619600000e+03
 1500443700, 5,5000000000e+01, 2,4000000000e+01, 1,1360000000e+01, 5,0000000000e-02, 6,9612800000e+03
 1500444000, 5,5600000000e+01, 2,4480000000e+01, 1,0480000000e+01, 5,0000000000e-02, 6,9626400000e+03
 1500444300, 6,0000000000e+01, 2,8000000000e+01, 1,4000000000e+01, 5,0000000000e-02, 6,9624800000e+03
 1500444600, 5,5400000000e+01, 2,4320000000e+01, 1,2160000000e+01, 5,0000000000e-02, 6,9621200000e+03
 1500444900, 5,5000000000e+01, 2,4000000000e+01, 1,0560000000e+01, 5,0000000000e-02, 6,9632000000e+03
 1500445200, 5,5000000000e+01, 2,4000000000e+01, 1,1040000000e+01, 5,0000000000e-02, 6,9631200000e+03
 1500445500, 5,5000000000e+01, 2,4000000000e+01, 1,2000000000e+01, 5,0000000000e-02, 6,9629400000e+03
 1500445800, 5,5000000000e+01, 2,4240000000e+01, 1,2000000000e+01, 5,0000000000e-02, 6,9628400000e+03
 1500446100, 5,5000000000e+01, 2,6000000000e+01, 1,2000000000e+01, 5,0000000000e-02, 6,9636000000e+03
 1500446400, 5,5000000000e+01, 2,4160000000e+01, 1,0160000000e+01, 5,0000000000e-02, 6,9619600000e+03
 1500446700, 5,5000000000e+01, 2,4000000000e+01, 1,1440000000e+01, 5,3200000000e-02, 6,9615200000e+03
 1500447000, 5,5000000000e+01, 2,4000000000e+01, 1,0960000000e+01, 5,4000000000e-02, 6,9618000000e+03
 1500447300, 5,5000000000e+01, 2,4000000000e+01, 1,0000000000e+01, 5,0800000000e-02, 6,9622000000e+03
 1500447600, 5,5000000000e+01, 2,4000000000e+01, 1,0000000000e+01, 5,0000000000e-02, 6,9622800000e+03
 1500447900, 5,5000000000e+01, 2,4000000000e+01, 1,0000000000e+01, 5,4000000000e-02, 6,9625200000e+03
 1500448200, 5,5000000000e+01, 2,4000000000e+01, 1,0000000000e+01, 5,0000000000e-02, 6,9634000000e+03
 1500448500, 5,5000000000e+01, 2,4000000000e+01, 1,0000000000e+01, 5,0000000000e-02, 6,9630000000e+03
 1500448800, 5,5000000000e+01, 2,6080000000e+01, 1,0000000000e+01, 5,0000000000e-02, 6,9639200000e+03
 1500449100, 5,5000000000e+01, 2,6720000000e+01, 1,0000000000e+01, 5,0000000000e-02, 6,9626000000e+03
 1500449400, 5,5000000000e+01, 2,4000000000e+01, 1,0000000000e+01, 5,0000000000e-02, 6,9624000000e+03
 1500449700, 5,5000000000e+01, 2,4000000000e+01, 1,0000000000e+01, 5,0000000000e-02, 6,9622800000e+03
 1500450000, 5,5000000000e+01, 2,4000000000e+01, 1,0000000000e+01, 5,0000000000e-02, 6,9628000000e+03
 1500450300, 5,5000000000e+01, 2,4000000000e+01, 1,0000000000e+01, 5,0000000000e-02, 6,9629200000e+03
 1500450600, 5,2400000000e+01, 2,4000000000e+01, 1,0000000000e+01, 5,0000000000e-02, 6,9628000000e+03
 1500450900, 5,1600000000e+01, 2,4000000000e+01, 1,0000000000e+01, 5,0000000000e-02, 6,9632800000e+03
 1500451200, 5,5000000000e+01, 2,4000000000e+01, 1,0000000000e+01, 5,0000000000e-02, 6,9634400000e+03
 1500451500, 5,5000000000e+01, 2,4000000000e+01, 1,0000000000e+01, 5,0000000000e-02, 6,9640800000e+03
 1500451800, 5,5000000000e+01, 2,4000000000e+01, 1,0000000000e+01, 5,0000000000e-02, 6,9643200000e+03
 1500452100, 5,5000000000e+01, 2,4000000000e+01, 1,0000000000e+01, 5,0000000000e-02, 6,9632800000e+03
 1500452400, 5,5000000000e+01, 2,4000000000e+01, 1,0000000000e+01, 5,0000000000e-02, 6,9633200000e+03
 1500452700, 5,5000000000e+01, 2,4000000000e+01, 1,0000000000e+01, 5,0000000000e-02, 6,9626800000e+03
 1500453000, 5,5000000000e+01, 2,4000000000e+01, 1,0000000000e+01, 5,0000000000e-02, 6,9626000000e+03
 1500453300, 5,5000000000e+01, 2,4000000000e+01, 1,0000000000e+01, 5,3200000000e-02, 6,9642400000e+03
 1500453600, 5,5000000000e+01, 2,4000000000e+01, 1,0000000000e+01, 5,4800000000e-02, 6,9645200000e+03
 1500453900, 5,5000000000e+01, 2,4000000000e+01, 1,0000000000e+01, 5,0000000000e-02, 6,9646800000e+03
 1500454200, 5,5000000000e+01, 2,4000000000e+01, 1,0000000000e+01, 5,0000000000e-02, 6,9642000000e+03
 1500454500, 5,5000000000e+01, 2,4000000000e+01, 1,0000000000e+01, 5,0000000000e-02, 6,9646000000e+03
 1500454800, 5,5000000000e+01, 2,4000000000e+01, 1,0000000000e+01, 5,0000000000e-02, 6,9660000000e+03
 1500455100, 5,5000000000e+01, 2,4000000000e+01, 1,0000000000e+01, 5,0000000000e-02, 6,9644000000e+03
 1500455400, 5,5000000000e+01, 2,4000000000e+01, 1,0000000000e+01, 5,0000000000e-02, 6,9638800000e+03
 1500455700, 5,5000000000e+01, 2,4000000000e+01, 1,1440000000e+01, 5,0000000000e-02, 6,9645600000e+03
 1500456000, 5,5000000000e+01, 2,4000000000e+01, 1,0960000000e+01, 5,0000000000e-02, 6,9644800000e+03
 1500456300, 5,5000000000e+01, 2,4000000000e+01, 1,0000000000e+01, 5,0000000000e-02, 6,9646400000e+03
 1500456600, 5,4400000000e+01, 2,4000000000e+01, 1,0000000000e+01, 5,0000000000e-02, 6,9652000000e+03
 1500456900, 5,0000000000e+01, 2,4000000000e+01, 1,0000000000e+01, 5,0000000000e-02, 6,9656000000e+03
 1500457200, 5,4583333333e+01, 2,4000000000e+01, 1,0000000000e+01, 5,0000000000e-02, 6,9656500000e+03
 1500457500, 5,5000000000e+01, 2,4000000000e+01, 1,0000000000e+01, 5,0000000000e-02, 6,9662000000e+03
 1500457800, 5,5000000000e+01, 2,4000000000e+01, 1,0000000000e+01, 5,0000000000e-02, 6,9652800000e+03
 1500458100, 5,5000000000e+01, 2,4000000000e+01, 1,0000000000e+01, 5,0000000000e-02, 6,9644000000e+03
 1500458400, 5,5000000000e+01, 2,4000000000e+01, 1,0000000000e+01, 5,0000000000e-02, 6,9653200000e+03
 1500458700, 5,5000000000e+01, 2,4000000000e+01, 1,0000000000e+01, 5,0000000000e-02, 6,9648800000e+03
 1500459000, 5,5000000000e+01, 2,4000000000e+01, 1,0000000000e+01, 5,0000000000e-02, 6,9655200000e+03
 1500459300, 5,5000000000e+01, 2,4000000000e+01, 1,0000000000e+01, 6,7200000000e-02, 6,9650800000e+03
 1500459600, 5,5000000000e+01, 2,4000000000e+01, 1,0000000000e+01, 5,9200000000e-02, 6,9661200000e+03
 1500459900, 5,5000000000e+01, 2,4000000000e+01, 1,0000000000e+01, 6,6800000000e-02, 6,9660000000e+03
 1500460200, 5,4400000000e+01, 2,4000000000e+01, 1,0000000000e+01, 7,1200000000e-02, 6,9658000000e+03
 1500460500, 5,0000000000e+01, 2,4000000000e+01, 1,0000000000e+01, 6,2800000000e-02, 6,9655200000e+03
 1500460800, 5,4600000000e+01, 2,4000000000e+01, 1,0000000000e+01, 5,0800000000e-02, 6,9659600000e+03
 1500461100, 5,5000000000e+01, 2,4000000000e+01, 1,0000000000e+01, 5,0000000000e-02, 6,9644000000e+03
 1500461400, 5,5000000000e+01, 2,4000000000e+01, 1,0000000000e+01, 5,0000000000e-02, 6,9646000000e+03
 1500461700, 5,5000000000e+01, 2,4000000000e+01, 1,0640000000e+01, 5,0000000000e-02, 6,9640800000e+03
 1500462000, 5,5000000000e+01, 2,4000000000e+01, 1,2000000000e+01, 5,0000000000e-02, 6,9652400000e+03
 1500462300, 5,5000000000e+01, 2,4000000000e+01, 1,2000000000e+01, 5,0000000000e-02, 6,9658800000e+03
 1500462600, 5,5000000000e+01, 2,4000000000e+01, 1,2000000000e+01, 5,0000000000e-02, 6,9652000000e+03
 1500462900, 5,5000000000e+01, 2,4000000000e+01, 1,0560000000e+01, 5,0000000000e-02, 6,9651200000e+03
 1500463200, 5,5000000000e+01, 2,4000000000e+01, 1,1040000000e+01, 5,0000000000e-02, 6,9658000000e+03
 1500463500, 5,5000000000e+01, 2,4000000000e+01, 1,2000000000e+01, 5,0000000000e-02, 6,9667200000e+03
 1500463800, 5,5000000000e+01, 2,4000000000e+01, 1,1760000000e+01, 5,0000000000e-02, 6,9661600000e+03
 1500464100, 5,5000000000e+01, 2,4000000000e+01, 1,0000000000e+01, 5,2000000000e-02, 6,9649200000e+03
 1500464400, 5,5000000000e+01, 2,4000000000e+01, 1,0000000000e+01, 5,0000000000e-02, 6,9642800000e+03
 1500464700, 5,5000000000e+01, 2,4000000000e+01, 1,0000000000e+01, 5,0000000000e-02, 6,9644800000e+03
 1500465000, 5,5000000000e+01, 2,4000000000e+01, 1,0000000000e+01, 5,0000000000e-02, 6,9651600000e+03
 1500465300, 5,5000000000e+01, 2,4000000000e+01, 1,0000000000e+01, 5,0000000000e-02, 6,9658800000e+03
 1500465600, 5,5600000000e+01, 2,4480000000e+01, 1,0480000000e+01, 5,8000000000e-02, 6,9658000000e+03
 1500465900, 6,0000000000e+01, 2,8000000000e+01, 1,4000000000e+01, 5,0000000000e-02, 6,9648800000e+03
 1500466200, 5,5400000000e+01, 2,4320000000e+01, 1,0320000000e+01, 5,0000000000e-02, 6,9655200000e+03
 1500466500, 5,5000000000e+01, 2,4000000000e+01, 1,1440000000e+01, 5,2000000000e-02, 6,9662000000e+03
 1500466800, 5,5000000000e+01, 2,4000000000e+01, 1,0960000000e+01, 5,0000000000e-02, 6,9663200000e+03
 1500467100, 5,5000000000e+01, 2,4000000000e+01, 1,0000000000e+01, 5,0000000000e-02, 6,9654800000e+03
 1500467400, 5,5000000000e+01, 2,4000000000e+01, 1,0000000000e+01, 5,0000000000e-02, 6,9656000000e+03
 1500467700, 5,5000000000e+01, 2,4000000000e+01, 1,0000000000e+01, 5,0000000000e-02, 6,9653200000e+03
 1500468000, 5,5000000000e+01, 2,4000000000e+01, 1,0000000000e+01, 5,0000000000e-02, 6,9654800000e+03
 1500468300, 5,5000000000e+01, 2,4000000000e+01, 1,0000000000e+01, 5,0000000000e-02, 6,9657200000e+03
 1500468600, 5,5000000000e+01, 2,4000000000e+01, 1,0000000000e+01, 5,0000000000e-02, 6,9661200000e+03
 1500468900, 5,5000000000e+01, 2,4000000000e+01, 1,0000000000e+01, 5,0000000000e-02, 6,9661600000e+03
 1500469200, 5,5600000000e+01, 2,4240000000e+01, 1,0480000000e+01, 5,0000000000e-02, 6,9662000000e+03
 1500469500, 6,0000000000e+01, 2,6000000000e+01, 1,4000000000e+01, 5,0000000000e-02, 6,9662500000e+03
 1500469800, 5,5400000000e+01, 2,4160000000e+01, 1,0320000000e+01, 5,0000000000e-02, 6,9650400000e+03
 1500470100, 5,5000000000e+01, 2,4000000000e+01, 1,0000000000e+01, 5,0000000000e-02, 6,9649600000e+03
 1500470400, 5,5000000000e+01, 2,4000000000e+01, 1,0000000000e+01, 5,0000000000e-02, 6,9652800000e+03
 1500470700, 5,5000000000e+01, 2,4000000000e+01, 1,0000000000e+01, 5,0000000000e-02, 6,9650400000e+03
 1500471000, 5,5000000000e+01, 2,4000000000e+01, 1,0000000000e+01, 5,0000000000e-02, 6,9668000000e+03
 1500471300, 5,5000000000e+01, 2,4000000000e+01, 1,0000000000e+01, 5,0000000000e-02, 6,9665200000e+03
 1500471600, 5,5000000000e+01, 2,4000000000e+01, 1,0000000000e+01, 5,0000000000e-02, 6,9670000000e+03
 1500471900, 5,5000000000e+01, 2,4000000000e+01, 1,0000000000e+01, 5,1200000000e-02, 6,9667200000e+03
 1500472200, 5,5000000000e+01, 2,4000000000e+01, 1,0000000000e+01, 5,0800000000e-02, 6,9663200000e+03
 1500472500, 5,5000000000e+01, 2,4000000000e+01, 1,0000000000e+01, 5,4000000000e-02, 6,9669200000e+03
 1500472800, 5,5000000000e+01, 2,4000000000e+01, 1,0000000000e+01, 5,0000000000e-02, 6,9654400000e+03
 1500473100, 5,5000000000e+01, 2,4000000000e+01, 1,0000000000e+01, 5,0000000000e-02, 6,9649200000e+03
 1500473400, 5,5000000000e+01, 2,4000000000e+01, 1,0000000000e+01, 5,0000000000e-02, 6,9648000000e+03
 1500473700, 5,5000000000e+01, 2,4000000000e+01, 1,0000000000e+01, 5,0000000000e-02, 6,9660000000e+03
 1500474000, 5,5000000000e+01, 2,4000000000e+01, 1,1040000000e+01, 5,0000000000e-02, 6,9662800000e+03
 1500474300, 5,5000000000e+01, 2,4000000000e+01, 1,1360000000e+01, 5,0000000000e-02, 6,9650833333e+03
 1500474600, 5,5000000000e+01, 2,4000000000e+01, 1,0240000000e+01, 5,0000000000e-02, 6,9655600000e+03
 1500474900, 5,5000000000e+01, 2,4000000000e+01, 1,2000000000e+01, 5,0000000000e-02, 6,9658800000e+03
 1500475200, 5,5000000000e+01, 2,4000000000e+01, 1,0160000000e+01, 5,0000000000e-02, 6,9658800000e+03
 1500475500, 5,8600000000e+01, 2,6880000000e+01, 1,1440000000e+01, 5,2400000000e-02, 6,9661600000e+03
 1500475800, 6,7800000000e+01, 3,1120000000e+01, 1,7200000000e+01, 2,3720000000e-01, 6,9684400000e+03
 1500476100, 7,6600000000e+01, 3,4640000000e+01, 2,2640000000e+01, 5,1280000000e-01, 6,9685600000e+03
 1500476400, 8,0000000000e+01, 3,6000000000e+01, 2,4000000000e+01, 7,1360000000e-01, 6,9684400000e+03
 1500476700, 8,0000000000e+01, 3,6000000000e+01, 2,4000000000e+01, 8,6440000000e-01, 6,9704400000e+03
 1500477000, 8,0000000000e+01, 3,6000000000e+01, 2,4000000000e+01, 9,7400000000e-01, 6,9712800000e+03
 1500477300, 7,2800000000e+01, 3,3120000000e+01, 2,1120000000e+01, 1,0472000000e+00, 6,9711200000e+03
 1500477600, 7,2600000000e+01, 3,4080000000e+01, 2,1040000000e+01, 1,1080000000e+00, 6,9710800000e+03
 1500477900, 7,5000000000e+01, 3,6000000000e+01, 2,2640000000e+01, 1,1480000000e+00, 6,9720000000e+03
 1500478200, 7,5000000000e+01, 3,6000000000e+01, 2,3760000000e+01, 1,1916000000e+00, 6,9717200000e+03
 1500478500, 7,5000000000e+01, 3,6000000000e+01, 2,2000000000e+01, 1,2348000000e+00, 6,9727200000e+03
 1500478800, 7,5000000000e+01, 3,4160000000e+01, 2,2000000000e+01, 1,2400000000e+00, 6,9696400000e+03
 1500479100, 7,5000000000e+01, 3,5440000000e+01, 2,2000000000e+01, 1,2332000000e+00, 6,9668400000e+03
 1500479400, 6,4600000000e+01, 2,9760000000e+01, 1,6800000000e+01, 9,9280000000e-01, 6,9636400000e+03
 1500479700, 5,5000000000e+01, 2,4000000000e+01, 1,1360000000e+01, 7,3160000000e-01, 6,9646400000e+03
 1500480000, 5,5000000000e+01, 2,4000000000e+01, 1,0000000000e+01, 5,3560000000e-01, 6,9639200000e+03
 1500480300, 5,5000000000e+01, 2,4000000000e+01, 1,0000000000e+01, 3,9360000000e-01, 6,9649600000e+03
 1500480600, 5,5000000000e+01, 2,4000000000e+01, 1,0000000000e+01, 2,9720000000e-01, 6,9647200000e+03
 1500480900, 5,5000000000e+01, 2,4000000000e+01, 1,0000000000e+01, 2,1680000000e-01, 6,9648000000e+03
 1500481200, 5,5000000000e+01, 2,4000000000e+01, 1,0000000000e+01, 1,6400000000e-01, 6,9650800000e+03
 1500481500, 5,5000000000e+01, 2,4000000000e+01, 1,0640000000e+01, 1,2960000000e-01, 6,9642000000e+03
 1500481800, 5,5000000000e+01, 2,4000000000e+01, 1,2000000000e+01, 1,1280000000e-01, 6,9640000000e+03
 1500482100, 5,5000000000e+01, 2,4000000000e+01, 1,2000000000e+01, 1,0160000000e-01, 6,9645200000e+03
 1500482400, 5,5000000000e+01, 2,4000000000e+01, 1,0160000000e+01, 8,1600000000e-02, 6,9642800000e+03
 1500482700, 5,5000000000e+01, 2,4000000000e+01, 1,1440000000e+01, 5,6800000000e-02, 6,9649200000e+03
 1500483000, 5,5000000000e+01, 2,4000000000e+01, 1,0960000000e+01, 5,0800000000e-02, 6,9655200000e+03
 1500483300, 5,5000000000e+01, 2,4000000000e+01, 1,0000000000e+01, 5,2000000000e-02, 6,9649600000e+03
 1500483600, 5,5000000000e+01, 2,4000000000e+01, 1,0000000000e+01, 5,0000000000e-02, 6,9650000000e+03
 1500483900, 5,5000000000e+01, 2,4000000000e+01, 1,0000000000e+01, 5,0000000000e-02, 6,9650000000e+03
 1500484200, 5,5000000000e+01, 2,4000000000e+01, 1,0000000000e+01, 5,3200000000e-02, 6,9650000000e+03
 1500484500, 5,5000000000e+01, 2,4000000000e+01, 1,0000000000e+01, 5,4000000000e-02, 6,9640400000e+03
 1500484800, 5,5000000000e+01, 2,4000000000e+01, 1,0000000000e+01, 5,4800000000e-02, 6,9648000000e+03
 1500485100, 5,5000000000e+01, 2,4000000000e+01, 1,0000000000e+01, 5,0000000000e-02, 6,9631600000e+03
 1500485400, 5,5000000000e+01, 2,4000000000e+01, 1,0000000000e+01, 5,0000000000e-02, 6,9642400000e+03
 1500485700, 5,5000000000e+01, 2,4000000000e+01, 1,0000000000e+01, 5,0000000000e-02, 6,9643200000e+03
 1500486000, 5,5000000000e+01, 2,4000000000e+01, 1,1840000000e+01, 5,0000000000e-02, 6,9644000000e+03
 1500486300, 5,5000000000e+01, 2,4000000000e+01, 1,0560000000e+01, 5,0000000000e-02, 6,9644800000e+03
 1500486600, 5,5000000000e+01, 2,4000000000e+01, 1,0000000000e+01, 5,0000000000e-02, 6,9641600000e+03
 1500486900, 5,5000000000e+01, 2,4000000000e+01, 1,0000000000e+01, 5,0000000000e-02, 6,9650000000e+03
 1500487200, 5,5600000000e+01, 2,4480000000e+01, 1,0480000000e+01, 5,0000000000e-02, 6,9653200000e+03
 1500487500, 6,0000000000e+01, 2,8000000000e+01, 1,4000000000e+01, 5,0000000000e-02, 6,9648800000e+03
 1500487800, 5,5400000000e+01, 2,4320000000e+01, 1,0320000000e+01, 5,0000000000e-02, 6,9646000000e+03
 1500488100, 5,5000000000e+01, 2,4000000000e+01, 1,0000000000e+01, 5,0000000000e-02, 6,9650000000e+03
 1500488400, 5,5000000000e+01, 2,4000000000e+01, 1,0000000000e+01, 5,0000000000e-02, 6,9660000000e+03
 1500488700, 5,5000000000e+01, 2,4000000000e+01, 1,0000000000e+01, 5,1200000000e-02, 6,9656000000e+03
 1500489000, 5,5000000000e+01, 2,4000000000e+01, 1,0000000000e+01, 5,2800000000e-02, 6,9662400000e+03
 1500489300, 5,5000000000e+01, 2,4000000000e+01, 1,0000000000e+01, 5,0000000000e-02, 6,9668800000e+03
 1500489600, 5,5000000000e+01, 2,4000000000e+01, 1,0000000000e+01, 5,0000000000e-02, 6,9664000000e+03
 1500489900, 5,5000000000e+01, 2,4000000000e+01, 1,0000000000e+01, 5,0000000000e-02, 6,9654800000e+03
 1500490200, 5,5000000000e+01, 2,4000000000e+01, 1,0000000000e+01, 5,0000000000e-02, 6,9658000000e+03
 1500490500, 5,5000000000e+01, 2,4000000000e+01, 1,0000000000e+01, 5,4000000000e-02, 6,9641200000e+03
 1500490800, 5,5000000000e+01, 2,4000000000e+01, 1,0000000000e+01, 5,0000000000e-02, 6,9644000000e+03
 1500491100, 5,5000000000e+01, 2,4000000000e+01, 1,0000000000e+01, 5,6400000000e-02, 6,9638800000e+03
 1500491400, 5,5000000000e+01, 2,4000000000e+01, 1,0000000000e+01, 6,1600000000e-02, 6,9644000000e+03
 1500491700, 5,5000000000e+01, 2,4000000000e+01, 1,0000000000e+01, 5,0000000000e-02, 6,9641200000e+03
 1500492000, 6,2800000000e+01, 3,0240000000e+01, 1,3120000000e+01, 5,0000000000e-02, 6,9642800000e+03
 1500492300, 6,5200000000e+01, 3,2160000000e+01, 1,4080000000e+01, 5,3200000000e-02, 6,9654800000e+03
 1500492600, 5,5000000000e+01, 2,4000000000e+01, 1,0000000000e+01, 5,0800000000e-02, 6,9643200000e+03
 1500492900, 5,5000000000e+01, 2,4000000000e+01, 1,0000000000e+01, 5,0000000000e-02, 6,9654000000e+03
 1500493200, 5,5000000000e+01, 2,4000000000e+01, 1,1840000000e+01, 5,0000000000e-02, 6,9677600000e+03
 1500493500, 5,5000000000e+01, 2,4000000000e+01, 1,0560000000e+01, 5,0000000000e-02, 6,9648400000e+03
 1500493800, 5,5000000000e+01, 2,4000000000e+01, 1,0000000000e+01, 5,0000000000e-02, 6,9646000000e+03
 1500494100, 5,5000000000e+01, 2,4000000000e+01, 1,0640000000e+01, 5,0000000000e-02, 6,9646800000e+03
 1500494400, 5,5000000000e+01, 2,4000000000e+01, 1,2000000000e+01, 5,0000000000e-02, 6,9642400000e+03
 1500494700, 5,5000000000e+01, 2,4000000000e+01, 1,2000000000e+01, 5,2000000000e-02, 6,9656000000e+03
 1500495000, 5,5000000000e+01, 2,4000000000e+01, 1,0160000000e+01, 5,0000000000e-02, 6,9651200000e+03
 1500495300, 5,5000000000e+01, 2,4000000000e+01, 1,1440000000e+01, 5,0000000000e-02, 6,9658800000e+03
 1500495600, 5,5000000000e+01, 2,4000000000e+01, 1,0960000000e+01, 5,0000000000e-02, 6,9656000000e+03
 1500495900, 5,5000000000e+01, 2,4640000000e+01, 1,0640000000e+01, 5,0000000000e-02, 6,9658000000e+03
 1500496200, 5,5000000000e+01, 2,5760000000e+01, 1,1760000000e+01, 5,0000000000e-02, 6,9647200000e+03
 1500496500, 5,5000000000e+01, 2,4000000000e+01, 1,0000000000e+01, 5,0000000000e-02, 6,9649600000e+03
 1500496800, 5,5000000000e+01, 2,4000000000e+01, 1,1840000000e+01, 5,0000000000e-02, 6,9645200000e+03
 1500497100, 5,5000000000e+01, 2,5440000000e+01, 1,2000000000e+01, 5,6400000000e-02, 6,9648000000e+03
 1500497400, 5,5000000000e+01, 2,4960000000e+01, 1,0960000000e+01, 5,5600000000e-02, 6,9652000000e+03
 1500497700, 5,5000000000e+01, 2,4000000000e+01, 1,0000000000e+01, 5,0000000000e-02, 6,9649600000e+03
 1500498000, 5,5000000000e+01, 2,4000000000e+01, 1,0240000000e+01, 5,0000000000e-02, 6,9649600000e+03
 1500498300, 5,5000000000e+01, 2,4000000000e+01, 1,2000000000e+01, 5,0000000000e-02, 6,9660800000e+03
 1500498600, 5,5000000000e+01, 2,4000000000e+01, 1,0160000000e+01, 5,0000000000e-02, 6,9659200000e+03
 1500498900, 5,5000000000e+01, 2,4000000000e+01, 1,0000000000e+01, 5,0000000000e-02, 6,9658800000e+03
 1500499200, 5,5000000000e+01, 2,4000000000e+01, 1,0000000000e+01, 5,0000000000e-02, 6,9645200000e+03
 1500499500, 5,8200000000e+01, 2,5280000000e+01, 1,2560000000e+01, 5,0000000000e-02, 6,9650000000e+03
 1500499800, 6,3800000000e+01, 2,7520000000e+01, 1,7040000000e+01, 5,0000000000e-02, 6,9653600000e+03
 1500500100, 5,5000000000e+01, 2,4000000000e+01, 1,0000000000e+01, 5,0000000000e-02, 6,9664800000e+03
 1500500400, 5,5000000000e+01, 2,4000000000e+01, 1,0000000000e+01, 5,0000000000e-02, 6,9662000000e+03
 1500500700, 5,5000000000e+01, 2,5440000000e+01, 1,0000000000e+01, 5,0000000000e-02, 6,9664800000e+03
 1500501000, 5,5000000000e+01, 2,4960000000e+01, 1,0000000000e+01, 5,0000000000e-02, 6,9656400000e+03
 1500501300, 5,5000000000e+01, 2,4000000000e+01, 1,0000000000e+01, 5,0000000000e-02, 6,9656800000e+03
 1500501600, 5,5600000000e+01, 2,4720000000e+01, 1,0480000000e+01, 5,0000000000e-02, 6,9656400000e+03
 1500501900, 6,0000000000e+01, 3,0000000000e+01, 1,4000000000e+01, 5,2000000000e-02, 6,9654000000e+03
 1500502200, 5,5400000000e+01, 2,4480000000e+01, 1,0320000000e+01, 5,0000000000e-02, 6,9645600000e+03
 1500502500, 5,5000000000e+01, 2,4000000000e+01, 1,0000000000e+01, 5,0000000000e-02, 6,9646400000e+03
 1500502800, 5,5000000000e+01, 2,4000000000e+01, 1,0000000000e+01, 6,4400000000e-02, 6,9708000000e+03
 1500503100, 5,8200000000e+01, 2,4640000000e+01, 1,2560000000e+01, 1,7248000000e+00, 7,0499200000e+03
 1500503400, 6,3833333333e+01, 2,6000000000e+01, 1,7066666667e+01, 2,6620333333e+00, 6,9668833333e+03
 1500503700, 5,5000000000e+01, 2,6000000000e+01, 1,0000000000e+01, 1,9628000000e+00, 6,9665200000e+03
 1500504000, 5,5000000000e+01, 2,4160000000e+01, 1,0000000000e+01, 1,4504000000e+00, 6,9668000000e+03
 1500504300, 5,5000000000e+01, 2,4000000000e+01, 1,0000000000e+01, 1,0644000000e+00, 6,9668800000e+03
 1500504600, 5,5000000000e+01, 2,4000000000e+01, 1,0000000000e+01, 7,9120000000e-01, 6,9667200000e+03
 1500504900, 5,5000000000e+01, 2,4000000000e+01, 1,0000000000e+01, 5,8960000000e-01, 6,9670000000e+03
 1500505200, 5,5000000000e+01, 2,4000000000e+01, 1,0240000000e+01, 4,4480000000e-01, 6,9660000000e+03
 1500505500, 5,5000000000e+01, 2,4000000000e+01, 1,2000000000e+01, 3,4200000000e-01, 6,9662400000e+03
 1500505800, 5,5000000000e+01, 2,4000000000e+01, 1,0160000000e+01, 2,6880000000e-01, 6,9654400000e+03
 1500506100, 5,5000000000e+01, 2,4000000000e+01, 1,0000000000e+01, 2,1200000000e-01, 6,9664000000e+03
 1500506400, 5,5000000000e+01, 2,4000000000e+01, 1,0000000000e+01, 1,6200000000e-01, 6,9671200000e+03
 1500506700, 5,5000000000e+01, 2,4000000000e+01, 1,0000000000e+01, 1,3280000000e-01, 6,9671200000e+03
 1500507000, 5,5000000000e+01, 2,4000000000e+01, 1,0240000000e+01, 1,1440000000e-01, 6,9671200000e+03
 1500507300, 5,5000000000e+01, 2,4000000000e+01, 1,2000000000e+01, 9,2800000000e-02, 6,9671600000e+03
 1500507600, 5,5000000000e+01, 2,4000000000e+01, 1,0160000000e+01, 8,8800000000e-02, 6,9672000000e+03
 1500507900, 5,5000000000e+01, 2,4000000000e+01, 1,0000000000e+01, 6,9600000000e-02, 6,9681200000e+03
 1500508200, 5,5000000000e+01, 2,4000000000e+01, 1,0000000000e+01, 5,2800000000e-02, 6,9672000000e+03
 1500508500, 5,5000000000e+01, 2,4000000000e+01, 1,0000000000e+01, 5,0000000000e-02, 6,9673200000e+03
 1500508800, 5,5000000000e+01, 2,4240000000e+01, 1,0480000000e+01, 5,0000000000e-02, 6,9680800000e+03
 1500509100, 5,5000000000e+01, 2,6000000000e+01, 1,4000000000e+01, 5,0000000000e-02, 6,9672000000e+03
 1500509400, 5,5000000000e+01, 2,4160000000e+01, 1,0320000000e+01, 5,5200000000e-02, 6,9672000000e+03
 1500509700, 5,5000000000e+01, 2,4000000000e+01, 1,1440000000e+01, 5,4000000000e-02, 6,9676000000e+03
 1500510000, 5,5000000000e+01, 2,4000000000e+01, 1,2000000000e+01, 5,4800000000e-02, 6,9680000000e+03
 1500510300, 5,5000000000e+01, 2,4000000000e+01, 1,1360000000e+01, 5,0000000000e-02, 6,9680000000e+03
 1500510600, 5,5000000000e+01, 2,4000000000e+01, 1,0240000000e+01, 5,0000000000e-02, 6,9672800000e+03
 1500510900, 5,5000000000e+01, 2,4000000000e+01, 1,2000000000e+01, 5,0000000000e-02, 6,9672400000e+03
 1500511200, 5,5000000000e+01, 2,4000000000e+01, 1,2000000000e+01, 5,0000000000e-02, 6,9663600000e+03
 1500511500, 5,5000000000e+01, 2,4000000000e+01, 1,2000000000e+01, 5,0000000000e-02, 6,9665200000e+03
 1500511800, 5,5000000000e+01, 2,4000000000e+01, 1,0960000000e+01, 5,0000000000e-02, 6,9668000000e+03
 1500512100, 5,5000000000e+01, 2,4000000000e+01, 1,0000000000e+01, 5,0000000000e-02, 6,9670000000e+03
 1500512400, 5,5000000000e+01, 2,4000000000e+01, 1,0000000000e+01, 5,0000000000e-02, 6,9678400000e+03
 1500512700, 5,5000000000e+01, 2,4000000000e+01, 1,0000000000e+01, 5,2000000000e-02, 6,9682000000e+03
 1500513000, 5,5000000000e+01, 2,4000000000e+01, 1,1840000000e+01, 5,0000000000e-02, 6,9696000000e+03
 1500513300, 5,5000000000e+01, 2,4000000000e+01, 1,0560000000e+01, 5,0000000000e-02, 6,9701200000e+03
 1500513600, 5,5000000000e+01, 2,4000000000e+01, 1,0000000000e+01, 5,0000000000e-02, 6,9706800000e+03
 1500513900, 5,5000000000e+01, 2,4000000000e+01, 1,0640000000e+01, 5,0000000000e-02, 6,9686000000e+03
 1500514200, 5,5000000000e+01, 2,4000000000e+01, 1,1760000000e+01, 5,0000000000e-02, 6,9683200000e+03
 1500514500, 5,5000000000e+01, 2,4000000000e+01, 1,0000000000e+01, 5,1200000000e-02, 6,9672800000e+03
 1500514800, 6,4200000000e+01, 2,9520000000e+01, 1,7360000000e+01, 5,4800000000e-02, 6,9681200000e+03
 1500515100, 5,7800000000e+01, 2,5680000000e+01, 1,2240000000e+01, 5,0000000000e-02, 6,9682000000e+03
 1500515400, 5,5000000000e+01, 2,4000000000e+01, 1,0000000000e+01, 5,1200000000e-02, 6,9689200000e+03
 1500515700, 5,5000000000e+01, 2,4000000000e+01, 1,0000000000e+01, 5,4800000000e-02, 6,9683200000e+03
 1500516000, 5,5000000000e+01, 2,4000000000e+01, 1,0000000000e+01, 5,1200000000e-02, 6,9690000000e+03
 1500516300, 5,5000000000e+01, 2,4000000000e+01, 1,0000000000e+01, 5,0800000000e-02, 6,9693200000e+03
 1500516600, 5,5000000000e+01, 2,4000000000e+01, 1,3680000000e+01, 5,2000000000e-02, 6,9694000000e+03
 1500516900, 5,1400000000e+01, 2,4000000000e+01, 1,1120000000e+01, 5,0000000000e-02, 6,9682800000e+03
 1500517200, 5,2600000000e+01, 2,4000000000e+01, 1,0000000000e+01, 5,0000000000e-02, 6,9681200000e+03
 1500517500, 5,5000000000e+01, 2,4000000000e+01, 1,0000000000e+01, 5,0000000000e-02, 6,9678000000e+03
 1500517800, 5,5000000000e+01, 2,4000000000e+01, 1,0000000000e+01, 5,0000000000e-02, 6,9684800000e+03
 1500518100, 5,5000000000e+01, 2,4000000000e+01, 1,0000000000e+01, 5,0000000000e-02, 6,9677200000e+03
 1500518400, 5,5000000000e+01, 2,4000000000e+01, 1,0000000000e+01, 5,0000000000e-02, 6,9680000000e+03
 1500518700, 5,5000000000e+01, 2,4000000000e+01, 1,0000000000e+01, 5,0000000000e-02, 6,9682800000e+03
 1500519000, 5,5000000000e+01, 2,4000000000e+01, 1,0000000000e+01, 5,6000000000e-02, 6,9685200000e+03
 1500519300, 5,5000000000e+01, 2,4000000000e+01, 1,0000000000e+01, 5,0000000000e-02, 6,9692000000e+03
 1500519600, 5,5000000000e+01, 2,4000000000e+01, 1,0000000000e+01, 5,0000000000e-02, 6,9686000000e+03
 1500519900, 5,5000000000e+01, 2,4000000000e+01, 1,0000000000e+01, 5,0000000000e-02, 6,9676800000e+03
 1500520200, 5,5000000000e+01, 2,4000000000e+01, 1,0000000000e+01, 5,0000000000e-02, 6,9678000000e+03
 1500520500, 5,5000000000e+01, 2,4000000000e+01, 1,0000000000e+01, 5,0000000000e-02, 6,9679200000e+03
 1500520800, 5,5000000000e+01, 2,4000000000e+01, 1,0000000000e+01, 5,0000000000e-02, 6,9683200000e+03
 1500521100, 5,5000000000e+01, 2,4000000000e+01, 1,0000000000e+01, 5,0000000000e-02, 6,9688000000e+03
 1500521400, 5,5000000000e+01, 2,4240000000e+01, 1,0240000000e+01, 5,0000000000e-02, 6,9690800000e+03
 1500521700, 5,5000000000e+01, 2,6000000000e+01, 1,2000000000e+01, 5,2400000000e-02, 6,9692000000e+03
 1500522000, 5,5000000000e+01, 2,4160000000e+01, 1,0160000000e+01, 6,2000000000e-02, 6,9694000000e+03
 1500522300, 5,5000000000e+01, 2,4000000000e+01, 1,0000000000e+01, 6,4800000000e-02, 6,9691200000e+03
 1500522600, 5,5000000000e+01, 2,4000000000e+01, 1,0000000000e+01, 5,0800000000e-02, 6,9698000000e+03
 1500522900, 5,5000000000e+01, 2,4000000000e+01, 1,0640000000e+01, 5,0000000000e-02, 6,9682800000e+03
 1500523200, 5,5000000000e+01, 2,4000000000e+01, 1,1760000000e+01, 5,0000000000e-02, 6,9684000000e+03
 1500523500, 5,5000000000e+01, 2,4000000000e+01, 1,0000000000e+01, 5,0000000000e-02, 6,9691200000e+03
 1500523800, 5,5000000000e+01, 2,4000000000e+01, 1,0000000000e+01, 5,0000000000e-02, 6,9686800000e+03
 1500524100, 5,5000000000e+01, 2,4000000000e+01, 1,0000000000e+01, 5,0000000000e-02, 6,9678800000e+03
 1500524400, 5,5000000000e+01, 2,4000000000e+01, 1,0000000000e+01, 5,0000000000e-02, 6,9680000000e+03
 1500524700, 5,5000000000e+01, 2,4000000000e+01, 1,0000000000e+01, 5,0000000000e-02, 6,9679200000e+03
 1500525000, 5,5000000000e+01, 2,4000000000e+01, 1,0000000000e+01, 5,0000000000e-02, 6,9684000000e+03
 1500525300, 5,5000000000e+01, 2,4000000000e+01, 1,0000000000e+01, 5,0000000000e-02, 6,9693200000e+03
 1500525600, 5,5000000000e+01, 2,4000000000e+01, 1,0000000000e+01, 5,0000000000e-02, 6,9674800000e+03
 1500525900, 5,5000000000e+01, 2,4000000000e+01, 1,0000000000e+01, 5,0000000000e-02, 6,9678000000e+03
 1500526200, 5,5000000000e+01, 2,4000000000e+01, 1,0000000000e+01, 5,0000000000e-02, 6,9681200000e+03
 1500526500, 5,5000000000e+01, 2,4000000000e+01, 1,0000000000e+01, 5,0000000000e-02, 6,9679600000e+03
 1500526800, 5,5000000000e+01, 2,4000000000e+01, 1,0000000000e+01, 5,0000000000e-02, 6,9678000000e+03
 1500527100, 5,5000000000e+01, 2,4000000000e+01, 1,0000000000e+01, 5,0000000000e-02, 6,9679200000e+03
 1500527400, 5,5000000000e+01, 2,4000000000e+01, 1,1840000000e+01, 5,0000000000e-02, 6,9680000000e+03
 1500527700, 5,5000000000e+01, 2,4000000000e+01, 1,2000000000e+01, 5,0000000000e-02, 6,9680000000e+03
 1500528000, 5,5000000000e+01, 2,4000000000e+01, 1,0960000000e+01, 5,0000000000e-02, 6,9690000000e+03
 1500528300, 5,5000000000e+01, 2,4000000000e+01, 1,0640000000e+01, 5,1200000000e-02, 6,9684000000e+03
 1500528600, 5,5000000000e+01, 2,4000000000e+01, 1,1760000000e+01, 5,2800000000e-02, 6,9671200000e+03
 1500528900, 5,5000000000e+01, 2,4000000000e+01, 1,0000000000e+01, 5,1200000000e-02, 6,9678000000e+03
 1500529200, 5,5000000000e+01, 2,4000000000e+01, 1,1840000000e+01, 6,3200000000e-02, 6,9678000000e+03
 1500529500, 5,5000000000e+01, 2,4000000000e+01, 1,0560000000e+01, 5,5600000000e-02, 6,9680400000e+03
 1500529800, 5,5000000000e+01, 2,4000000000e+01, 1,0000000000e+01, 5,0000000000e-02, 6,9686800000e+03
 1500530100, 5,5000000000e+01, 2,4000000000e+01, 1,0000000000e+01, 5,0000000000e-02, 6,9682000000e+03
 1500530400, 5,5000000000e+01, 2,4240000000e+01, 1,0240000000e+01, 5,0000000000e-02, 6,9688400000e+03
 1500530700, 5,5000000000e+01, 2,6000000000e+01, 1,2000000000e+01, 5,1200000000e-02, 6,9691200000e+03
 1500531000, 5,5000000000e+01, 2,4160000000e+01, 1,0160000000e+01, 5,2900000000e-02, 6,9689600000e+03
 1500531300, 5,5000000000e+01, 2,4000000000e+01, 1,0000000000e+01, 5,0000000000e-02, 6,9692000000e+03
 1500531600, 5,5000000000e+01, 2,4000000000e+01, 1,0000000000e+01, 5,0000000000e-02, 6,9699600000e+03
 1500531900, 5,5000000000e+01, 2,4000000000e+01, 1,0640000000e+01, 5,0000000000e-02, 6,9684800000e+03
 1500532200, 5,5000000000e+01, 2,4000000000e+01, 1,1760000000e+01, 5,0000000000e-02, 6,9695200000e+03
 1500532500, 5,5000000000e+01, 2,4000000000e+01, 1,0000000000e+01, 5,0000000000e-02, 6,9696000000e+03
 1500532800, 5,5000000000e+01, 2,5840000000e+01, 1,0000000000e+01, 5,0000000000e-02, 6,9694000000e+03
 1500533100, 5,5000000000e+01, 2,4560000000e+01, 1,0000000000e+01, 5,0000000000e-02, 6,9696000000e+03
 1500533400, 5,2400000000e+01, 2,4000000000e+01, 1,0000000000e+01, 5,2000000000e-02, 6,9699200000e+03
 1500533700, 5,1600000000e+01, 2,4000000000e+01, 1,0000000000e+01, 5,0000000000e-02, 6,9706800000e+03
 1500534000, 5,5000000000e+01, 2,4000000000e+01, 1,0000000000e+01, 5,0000000000e-02, 6,9709200000e+03
 1500534300, 5,5000000000e+01, 2,4000000000e+01, 1,0000000000e+01, 5,0000000000e-02, 6,9706000000e+03
 1500534600, 5,5000000000e+01, 2,4000000000e+01, 1,1840000000e+01, 5,0000000000e-02, 6,9696800000e+03
 1500534900, 5,5000000000e+01, 2,4000000000e+01, 1,0560000000e+01, 5,6000000000e-02, 6,9698000000e+03
 1500535200, 5,5000000000e+01, 2,4000000000e+01, 1,0000000000e+01, 5,3200000000e-02, 6,9694000000e+03
 1500535500, 5,5000000000e+01, 2,4000000000e+01, 1,0000000000e+01, 5,6800000000e-02, 6,9699966667e+03
 1500535800, 5,5000000000e+01, 2,4000000000e+01, 1,0000000000e+01, 5,0000000000e-02, 6,9696000000e+03
 1500536100, 5,5000000000e+01, 2,4000000000e+01, 1,0000000000e+01, 5,0000000000e-02, 6,9694800000e+03
 1500536400, 5,5000000000e+01, 2,4000000000e+01, 1,0000000000e+01, 5,0000000000e-02, 6,9701200000e+03
 1500536700, 5,5000000000e+01, 2,4000000000e+01, 1,0000000000e+01, 5,0000000000e-02, 6,9705200000e+03
 1500537000, 5,7600000000e+01, 2,6080000000e+01, 1,2080000000e+01, 5,0000000000e-02, 6,9706000000e+03
 1500537300, 5,8400000000e+01, 2,6720000000e+01, 1,2720000000e+01, 5,1200000000e-02, 6,9700000000e+03
 1500537600, 5,5000000000e+01, 2,4000000000e+01, 1,0000000000e+01, 6,0800000000e-02, 6,9694800000e+03
 1500537900, 5,5000000000e+01, 2,4000000000e+01, 1,0000000000e+01, 5,3200000000e-02, 6,9698400000e+03
 1500538200, 5,5000000000e+01, 2,4000000000e+01, 1,0000000000e+01, 5,0800000000e-02, 6,9704766667e+03
 1500538500, 5,5000000000e+01, 2,4000000000e+01, 1,0000000000e+01, 5,0000000000e-02, 6,9714400000e+03
 1500538800, 5,5000000000e+01, 2,4000000000e+01, 1,0000000000e+01, 5,0000000000e-02, 6,9716800000e+03
 1500539100, 5,5000000000e+01, 2,4000000000e+01, 1,0000000000e+01, 5,0000000000e-02, 6,9716000000e+03
 1500539400, 5,5000000000e+01, 2,4000000000e+01, 1,0000000000e+01, 5,0000000000e-02, 6,9717066667e+03
 1500539700, 5,5000000000e+01, 2,4000000000e+01, 1,0000000000e+01, 5,0000000000e-02, 6,9717600000e+03
 1500540000, 5,5000000000e+01, 2,4000000000e+01, 1,1840000000e+01, 5,0000000000e-02, 6,9722000000e+03
 1500540300, 5,5000000000e+01, 2,4000000000e+01, 1,0560000000e+01, 5,0000000000e-02, 6,9715200000e+03
 1500540600, 5,5000000000e+01, 2,4000000000e+01, 1,0000000000e+01, 5,9200000000e-02, 6,9710000000e+03
 1500540900, 5,5000000000e+01, 2,4000000000e+01, 1,0000000000e+01, 6,5200000000e-02, 6,9706033333e+03
 1500541200, 5,5000000000e+01, 2,4000000000e+01, 1,0240000000e+01, 6,8000000000e-02, 6,9717166667e+03
 1500541500, 5,5000000000e+01, 2,4000000000e+01, 1,2000000000e+01, 6,8800000000e-02, 6,9714800000e+03
 1500541800, 5,5000000000e+01, 2,4000000000e+01, 1,0160000000e+01, 5,0800000000e-02, 6,9710800000e+03
 1500542100, 5,5000000000e+01, 2,4000000000e+01, 1,1440000000e+01, 5,0000000000e-02, 6,9713200000e+03
 1500542400, 5,5000000000e+01, 2,4000000000e+01, 1,0960000000e+01, 5,0000000000e-02, 6,9717200000e+03
 1500542700, 5,5000000000e+01, 2,4000000000e+01, 1,0000000000e+01, 5,0000000000e-02, 6,9716800000e+03
 1500543000, 5,5600000000e+01, 2,4720000000e+01, 1,0480000000e+01, 5,0000000000e-02, 6,9717200000e+03
 1500543300, 6,0000000000e+01, 3,0000000000e+01, 1,4000000000e+01, 5,0000000000e-02, 6,9723600000e+03
 1500543600, 5,5400000000e+01, 2,4480000000e+01, 1,0320000000e+01, 5,0000000000e-02, 6,9701200000e+03
 1500543900, 5,5000000000e+01, 2,4000000000e+01, 1,0000000000e+01, 5,0000000000e-02, 6,9701600000e+03
 1500544200, 5,5000000000e+01, 2,4000000000e+01, 1,0000000000e+01, 5,0000000000e-02, 6,9706400000e+03
 1500544500, 5,5000000000e+01, 2,4000000000e+01, 1,0000000000e+01, 5,0000000000e-02, 6,9700400000e+03
 1500544800, 5,5000000000e+01, 2,4000000000e+01, 1,0000000000e+01, 5,0000000000e-02, 6,9712400000e+03
 1500545100, 5,5000000000e+01, 2,4000000000e+01, 1,0000000000e+01, 5,0000000000e-02, 6,9711600000e+03
 1500545400, 5,5000000000e+01, 2,4000000000e+01, 1,0000000000e+01, 5,0000000000e-02, 6,9699200000e+03
 1500545700, 5,5000000000e+01, 2,4000000000e+01, 1,0000000000e+01, 5,0000000000e-02, 6,9717200000e+03
 1500546000, 5,5000000000e+01, 2,4000000000e+01, 1,0000000000e+01, 5,0000000000e-02, 6,9725200000e+03
 1500546300, 5,5000000000e+01, 2,4000000000e+01, 1,0000000000e+01, 5,0000000000e-02, 6,9720800000e+03
 1500546600, 5,5000000000e+01, 2,4000000000e+01, 1,0000000000e+01, 5,0000000000e-02, 6,9706000000e+03
 1500546900, 5,5000000000e+01, 2,4000000000e+01, 1,0000000000e+01, 6,7600000000e-02, 6,9700800000e+03
 1500547200, 5,5000000000e+01, 2,4000000000e+01, 1,0000000000e+01, 8,0000000000e-02, 6,9710000000e+03
 1500547500, 5,5000000000e+01, 2,4000000000e+01, 1,0000000000e+01, 9,0400000000e-02, 6,9711600000e+03
 1500547800, 5,5000000000e+01, 2,4000000000e+01, 1,0000000000e+01, 8,9600000000e-02, 6,9720800000e+03
 1500548100, 5,5000000000e+01, 2,4000000000e+01, 1,0000000000e+01, 6,9600000000e-02, 6,9717200000e+03
 1500548400, 5,5000000000e+01, 2,4000000000e+01, 1,0000000000e+01, 5,2800000000e-02, 6,9722800000e+03
 1500548700, 5,5000000000e+01, 2,4000000000e+01, 1,0000000000e+01, 5,0000000000e-02, 6,9718000000e+03
 1500549000, 5,5000000000e+01, 2,4000000000e+01, 1,0000000000e+01, 5,0000000000e-02, 6,9718800000e+03
 1500549300, 5,5000000000e+01, 2,5440000000e+01, 1,0000000000e+01, 5,0000000000e-02, 6,9728400000e+03
 1500549600, 5,5000000000e+01, 2,4960000000e+01, 1,0000000000e+01, 5,0000000000e-02, 6,9713600000e+03
 1500549900, 5,5000000000e+01, 2,4000000000e+01, 1,0000000000e+01, 5,0000000000e-02, 6,9717200000e+03
 1500550200, 5,5000000000e+01, 2,4000000000e+01, 1,0000000000e+01, 5,0000000000e-02, 6,9718000000e+03
 1500550500, 5,5000000000e+01, 2,4000000000e+01, 1,0000000000e+01, 5,0000000000e-02, 6,9714800000e+03
 1500550800, 5,5000000000e+01, 2,4000000000e+01, 1,0000000000e+01, 5,0000000000e-02, 6,9711200000e+03
 1500551100, 5,5000000000e+01, 2,4000000000e+01, 1,0000000000e+01, 5,0000000000e-02, 6,9721200000e+03
 1500551400, 5,5000000000e+01, 2,4000000000e+01, 1,0000000000e+01, 5,0000000000e-02, 6,9726000000e+03
 1500551700, 5,5000000000e+01, 2,4000000000e+01, 1,0000000000e+01, 5,0000000000e-02, 6,9721600000e+03
 1500552000, 5,5000000000e+01, 2,4240000000e+01, 1,0240000000e+01, 5,2000000000e-02, 6,9738400000e+03
 1500552300, 5,5000000000e+01, 2,6000000000e+01, 1,2000000000e+01, 5,0000000000e-02, 6,9722800000e+03
 1500552600, 5,5000000000e+01, 2,4160000000e+01, 1,0160000000e+01, 5,0000000000e-02, 6,9722400000e+03
 1500552900, 5,5000000000e+01, 2,4000000000e+01, 1,1440000000e+01, 5,0000000000e-02, 6,9724000000e+03
 1500553200, 5,5000000000e+01, 2,4000000000e+01, 1,0960000000e+01, 5,4000000000e-02, 6,9729200000e+03
 1500553500, 5,5000000000e+01, 2,4000000000e+01, 1,0000000000e+01, 5,7200000000e-02, 6,9734800000e+03
 1500553800, 5,5000000000e+01, 2,4000000000e+01, 1,0000000000e+01, 5,2800000000e-02, 6,9732000000e+03
 1500554100, 5,5000000000e+01, 2,4000000000e+01, 1,0000000000e+01, 5,2000000000e-02, 6,9734000000e+03
 1500554400, 5,5000000000e+01, 2,4000000000e+01, 1,0000000000e+01, 5,0000000000e-02, 6,9727600000e+03
 1500554700, 5,5000000000e+01, 2,4000000000e+01, 1,0000000000e+01, 5,0000000000e-02, 6,9731200000e+03
 1500555000, 5,5000000000e+01, 2,4000000000e+01, 1,0000000000e+01, 5,0000000000e-02, 6,9735200000e+03
 1500555300, 5,5000000000e+01, 2,4000000000e+01, 1,0000000000e+01, 5,0000000000e-02, 6,9716800000e+03
 1500555600, 5,5000000000e+01, 2,4000000000e+01, 1,0000000000e+01, 5,0000000000e-02, 6,9724000000e+03
 1500555900, 5,5000000000e+01, 2,4000000000e+01, 1,0000000000e+01, 5,0000000000e-02, 6,9722000000e+03
 1500556200, 5,5000000000e+01, 2,4000000000e+01, 1,0000000000e+01, 5,0000000000e-02, 6,9728000000e+03
 1500556500, 5,5000000000e+01, 2,4000000000e+01, 1,0000000000e+01, 5,0000000000e-02, 6,9727200000e+03
 1500556800, 5,5000000000e+01, 2,4000000000e+01, 1,0000000000e+01, 5,0000000000e-02, 6,9729600000e+03
 1500557100, 5,5000000000e+01, 2,4000000000e+01, 1,0000000000e+01, 5,0000000000e-02, 6,9719200000e+03
 1500557400, 5,5000000000e+01, 2,4000000000e+01, 1,0000000000e+01, 5,0000000000e-02, 6,9729200000e+03
 1500557700, 5,5000000000e+01, 2,4000000000e+01, 1,0000000000e+01, 5,0000000000e-02, 6,9740000000e+03
 1500558000, 5,5000000000e+01, 2,4000000000e+01, 1,0000000000e+01, 5,0000000000e-02, 6,9736800000e+03
 1500558300, 5,5000000000e+01, 2,4000000000e+01, 1,0000000000e+01, 5,0000000000e-02, 6,9729600000e+03
 1500558600, 5,5000000000e+01, 2,4000000000e+01, 1,1040000000e+01, 5,0000000000e-02, 6,9730800000e+03
 1500558900, 5,5000000000e+01, 2,4000000000e+01, 1,1360000000e+01, 5,0000000000e-02, 6,9730000000e+03
 1500559200, 5,5000000000e+01, 2,4000000000e+01, 1,0240000000e+01, 5,0000000000e-02, 6,9734400000e+03
 1500559500, 5,5000000000e+01, 2,4000000000e+01, 1,2000000000e+01, 5,0000000000e-02, 6,9736800000e+03
 1500559800, 5,5000000000e+01, 2,4000000000e+01, 1,0160000000e+01, 5,6000000000e-02, 6,9736400000e+03
 1500560100, 5,5000000000e+01, 2,4000000000e+01, 1,1440000000e+01, 5,0000000000e-02, 6,9734000000e+03
 1500560400, 5,5000000000e+01, 2,4000000000e+01, 1,0960000000e+01, 5,0000000000e-02, 6,9738000000e+03
 1500560700, 5,5000000000e+01, 2,4000000000e+01, 1,0000000000e+01, 5,0000000000e-02, 6,9749200000e+03
 1500561000, 5,5000000000e+01, 2,4000000000e+01, 1,0000000000e+01, 5,0000000000e-02, 6,9736000000e+03
 1500561300, 5,5000000000e+01, 2,4000000000e+01, 1,0000000000e+01, 5,0000000000e-02, 6,9734000000e+03
 1500561600, 5,5000000000e+01, 2,4000000000e+01, 1,0000000000e+01, 5,0000000000e-02, 6,9734000000e+03
 1500561900, 5,5000000000e+01, 2,4000000000e+01, 1,0000000000e+01, 5,2400000000e-02, 6,9734800000e+03
 1500562200, 6,5400000000e+01, 3,0240000000e+01, 1,7280000000e+01, 2,3840000000e-01, 6,9731600000e+03
 1500562500, 7,6600000000e+01, 3,6000000000e+01, 2,4000000000e+01, 5,2560000000e-01, 6,9737600000e+03
 1500562800, 8,0000000000e+01, 3,6000000000e+01, 2,4000000000e+01, 7,0000000000e-01, 6,9732800000e+03
 1500563100, 8,0000000000e+01, 3,6000000000e+01, 2,4000000000e+01, 8,2680000000e-01, 6,9742400000e+03
 1500563400, 8,0000000000e+01, 3,6000000000e+01, 2,4000000000e+01, 9,3440000000e-01, 6,9754000000e+03
 1500563700, 7,6400000000e+01, 3,6000000000e+01, 2,4000000000e+01, 1,0164000000e+00, 6,9757200000e+03
 1500564000, 7,7600000000e+01, 3,6000000000e+01, 2,4000000000e+01, 1,0704000000e+00, 6,9767200000e+03
 1500564300, 7,8400000000e+01, 3,5360000000e+01, 2,3360000000e+01, 1,0844000000e+00, 6,9747600000e+03
 1500564600, 7,5000000000e+01, 3,4240000000e+01, 2,2000000000e+01, 1,1004000000e+00, 6,9750400000e+03
 1500564900, 7,5000000000e+01, 3,6000000000e+01, 2,2000000000e+01, 1,1364000000e+00, 6,9751600000e+03
 1500565200, 6,1200000000e+01, 2,6800000000e+01, 1,2800000000e+01, 9,6600000000e-01, 6,9670400000e+03
 1500565500, 5,6400000000e+01, 2,4560000000e+01, 1,0560000000e+01, 7,0880000000e-01, 6,9672800000e+03
 1500565800, 5,5000000000e+01, 2,4000000000e+01, 1,0000000000e+01, 5,3800000000e-01, 6,9660800000e+03
 1500566100, 5,5000000000e+01, 2,4000000000e+01, 1,0000000000e+01, 4,1800000000e-01, 6,9695200000e+03
 1500566400, 5,5000000000e+01, 2,4000000000e+01, 1,0000000000e+01, 3,1640000000e-01, 6,9702800000e+03
 1500566700, 5,5000000000e+01, 2,4000000000e+01, 1,0000000000e+01, 2,4963333333e-01, 6,9706833333e+03
 1500567000, 5,5000000000e+01, 2,4000000000e+01, 1,0000000000e+01, 1,9720000000e-01, 6,9691200000e+03
 1500567300, 5,5000000000e+01, 2,4000000000e+01, 1,0000000000e+01, 1,6960000000e-01, 6,9690800000e+03
 1500567600, 5,7600000000e+01, 2,7120000000e+01, 1,2080000000e+01, 1,4043333333e-01, 6,9684766667e+03
 1500567900, 5,8400000000e+01, 2,8080000000e+01, 1,2720000000e+01, 1,2560000000e-01, 6,9686400000e+03
 1500568200, 5,5000000000e+01, 2,4000000000e+01, 1,0000000000e+01, 1,0280000000e-01, 6,9688000000e+03
 1500568500, 5,5000000000e+01, 2,4000000000e+01, 1,0000000000e+01, 8,4400000000e-02, 6,9690800000e+03
 1500568800, 5,5000000000e+01, 2,4000000000e+01, 1,0000000000e+01, 6,5633333333e-02, 6,9689833333e+03
 1500569100, 5,5000000000e+01, 2,4000000000e+01, 1,0000000000e+01, 7,5200000000e-02, 7,1416000000e+03
 1500569400, 1,0700000000e+02, 6,8720000000e+01, 1,7280000000e+01, 1,4288000000e+00, 7,4567200000e+03
 1500569700, 1,5660000000e+02, 1,1128000000e+02, 2,4640000000e+01, 3,2460000000e+00, 3,2254560000e+04
 1500570000, 1,6000000000e+02, 1,1376000000e+02, 2,6000000000e+01, 4,5604000000e+00, 4,2041560000e+04
 1500570300, 1,6000000000e+02, 1,1200000000e+02, 2,6000000000e+01, 5,5132000000e+00, 4,2039840000e+04
 1500570600, 1,6000000000e+02, 1,1200000000e+02, 2,6000000000e+01, 6,2040000000e+00, 4,2041160000e+04
 1500570900, 1,6000000000e+02, 1,1200000000e+02, 2,6000000000e+01, 6,7156000000e+00, 4,2041320000e+04
 1500571200, 1,6000000000e+02, 1,1200000000e+02, 2,6000000000e+01, 7,0644000000e+00, 4,2622400000e+04
 1500571500, 1,5680000000e+02, 1,0944000000e+02, 2,5360000000e+01, 7,2184000000e+00, 4,7428920000e+04
 1500571800, 1,5120000000e+02, 1,0520000000e+02, 2,4480000000e+01, 7,0032000000e+00, 5,2097280000e+04
 1500572100, 1,6000000000e+02, 1,1400000000e+02, 2,8000000000e+01, 6,8812000000e+00, 5,2162080000e+04
 1500572400, 1,6460000000e+02, 1,1768000000e+02, 2,8000000000e+01, 6,7456000000e+00, 5,2133680000e+04
 1500572700, 1,6500000000e+02, 1,1656000000e+02, 2,8000000000e+01, 6,5464000000e+00, 5,2143680000e+04
 1500573000, 1,6500000000e+02, 1,1600000000e+02, 2,8000000000e+01, 6,3856000000e+00, 5,2021120000e+04
 1500573300, 1,6020000000e+02, 1,1280000000e+02, 2,7360000000e+01, 6,2220000000e+00, 5,2115360000e+04
 1500573600, 1,5180000000e+02, 1,0720000000e+02, 2,6240000000e+01, 6,1804000000e+00, 5,2116600000e+04
 1500573900, 1,6500000000e+02, 1,1600000000e+02, 2,8000000000e+01, 6,1272000000e+00, 3,8041600000e+04
 1500574200, 1,4660000000e+02, 1,0680000000e+02, 2,0640000000e+01, 6,4652000000e+00, 7,3228800000e+03
 1500574500, 1,5220000000e+02, 1,1032000000e+02, 2,4320000000e+01, 6,8884000000e+00, 3,2239520000e+04
 1500574800, 1,5760000000e+02, 1,1304000000e+02, 2,6000000000e+01, 7,2012000000e+00, 4,2030320000e+04
 1500575100, 1,6000000000e+02, 1,1400000000e+02, 2,6000000000e+01, 7,4208000000e+00, 4,2029480000e+04
 1500575400, 1,6000000000e+02, 1,1400000000e+02, 2,6000000000e+01, 7,5836000000e+00, 4,2030520000e+04
 1500575700, 1,6000000000e+02, 1,1400000000e+02, 2,6000000000e+01, 7,6960000000e+00, 4,2030640000e+04
 1500576000, 1,6000000000e+02, 1,1400000000e+02, 2,6000000000e+01, 7,7780000000e+00, 4,2612840000e+04
 1500576300, 1,5280000000e+02, 1,0680000000e+02, 2,4560000000e+01, 7,8104000000e+00, 4,7473320000e+04
 1500576600, 1,5780000000e+02, 1,1024000000e+02, 2,6080000000e+01, 7,5452000000e+00, 5,2081960000e+04
 1500576900, 1,6500000000e+02, 1,1664000000e+02, 2,8000000000e+01, 7,0780000000e+00, 5,2119240000e+04
 1500577200, 1,6500000000e+02, 1,1800000000e+02, 2,8000000000e+01, 6,7028000000e+00, 5,2131000000e+04
 1500577500, 1,6500000000e+02, 1,1800000000e+02, 2,8000000000e+01, 6,3280000000e+00, 5,2122960000e+04
 1500577800, 1,5120000000e+02, 1,0512000000e+02, 2,4320000000e+01, 6,0000000000e+00, 5,2132440000e+04
 1500578100, 1,6080000000e+02, 1,1408000000e+02, 2,6880000000e+01, 5,8212000000e+00, 5,2103000000e+04
 1500578400, 1,6500000000e+02, 1,1800000000e+02, 2,8000000000e+01, 5,7036000000e+00, 5,2145280000e+04
 1500578700, 1,6500000000e+02, 1,1800000000e+02, 2,8000000000e+01, 5,7044000000e+00, 5,2152040000e+04
 1500579000, 1,6500000000e+02, 1,1800000000e+02, 2,7760000000e+01, 5,8480000000e+00, 4,7405640000e+04
 1500579300, 1,6500000000e+02, 1,1800000000e+02, 2,6000000000e+01, 6,2436000000e+00, 7,7648800000e+03
 1500579600, 1,5580000000e+02, 1,1248000000e+02, 2,6000000000e+01, 6,7304000000e+00, 3,2193920000e+04
 1500579900, 1,5860000000e+02, 1,1200000000e+02, 2,6000000000e+01, 7,0820000000e+00, 4,1981160000e+04
 1500580200, 1,6000000000e+02, 1,1200000000e+02, 2,6000000000e+01, 7,3392000000e+00, 4,1982760000e+04
 1500580500, 1,6000000000e+02, 1,1200000000e+02, 2,6000000000e+01, 7,5172000000e+00, 4,1982840000e+04
 1500580800, 1,6000000000e+02, 1,1224000000e+02, 2,6000000000e+01, 7,6532000000e+00, 4,1983680000e+04
 1500581100, 1,6000000000e+02, 1,1400000000e+02, 2,6000000000e+01, 7,7464000000e+00, 4,2571480000e+04
 1500581400, 9,1000000000e+01, 4,5920000000e+01, 2,4160000000e+01, 7,7812000000e+00, 4,9506360000e+04
 1500581700, 8,5000000000e+01, 4,0000000000e+01, 2,4000000000e+01, 7,7688000000e+00, 5,2055360000e+04
 1500582000, 1,2660000000e+02, 8,0560000000e+01, 2,6080000000e+01, 7,4316000000e+00, 5,2124680000e+04
 1500582300, 1,6500000000e+02, 1,1736000000e+02, 2,8000000000e+01, 7,0192000000e+00, 5,2125760000e+04
 1500582600, 1,6500000000e+02, 1,1600000000e+02, 2,8000000000e+01, 6,7652000000e+00, 5,2077680000e+04
 1500582900, 1,6500000000e+02, 1,1600000000e+02, 2,8000000000e+01, 6,5988000000e+00, 5,2077480000e+04
 1500583200, 1,6500000000e+02, 1,1784000000e+02, 2,8000000000e+01, 6,4236000000e+00, 5,2122960000e+04
 1500583500, 1,6140000000e+02, 1,1512000000e+02, 2,6560000000e+01, 6,3068000000e+00, 5,2125280000e+04
 1500583800, 1,6260000000e+02, 1,1504000000e+02, 2,7040000000e+01, 6,2520000000e+00, 5,2125200000e+04
 1500584100, 1,6020000000e+02, 1,1280000000e+02, 2,6720000000e+01, 6,3588000000e+00, 2,9463320000e+04
 1500584400, 1,5060000000e+02, 1,0624000000e+02, 2,4000000000e+01, 6,7512000000e+00, 1,1324720000e+04
 1500584700, 1,5500000000e+02, 1,0800000000e+02, 2,4000000000e+01, 7,1032000000e+00, 4,1979640000e+04
 1500585000, 1,5960000000e+02, 1,1352000000e+02, 2,5840000000e+01, 7,3572000000e+00, 4,1979720000e+04
 1500585300, 1,6000000000e+02, 1,1400000000e+02, 2,6000000000e+01, 7,5360000000e+00, 4,1981000000e+04
 1500585600, 1,6000000000e+02, 1,1400000000e+02, 2,6000000000e+01, 7,6632000000e+00, 4,1979480000e+04
 1500585900, 1,6000000000e+02, 1,1400000000e+02, 2,6000000000e+01, 7,7608000000e+00, 4,1979640000e+04
 1500586200, 1,6060000000e+02, 1,1424000000e+02, 2,6240000000e+01, 7,8084000000e+00, 4,6164000000e+04
 1500586500, 1,6500000000e+02, 1,1600000000e+02, 2,8000000000e+01, 7,7016000000e+00, 5,2070920000e+04
 1500586800, 1,6040000000e+02, 1,1416000000e+02, 2,6160000000e+01, 7,2564000000e+00, 5,2122400000e+04
 1500587100, 1,6360000000e+02, 1,1688000000e+02, 2,7440000000e+01, 7,0484000000e+00, 5,2092960000e+04
 1500587400, 1,6500000000e+02, 1,1800000000e+02, 2,8000000000e+01, 6,7576000000e+00, 5,2076240000e+04
 1500587700, 1,6500000000e+02, 1,1800000000e+02, 2,8000000000e+01, 6,6332000000e+00, 5,2105520000e+04
 1500588000, 1,6380000000e+02, 1,1728000000e+02, 2,7760000000e+01, 6,7816000000e+00, 1,1261520000e+04
 1500588300, 1,5500000000e+02, 1,1200000000e+02, 2,6000000000e+01, 7,1208000000e+00, 2,5195160000e+04
 1500588600, 1,5960000000e+02, 1,1200000000e+02, 2,6000000000e+01, 7,3620000000e+00, 4,1972400000e+04
 1500588900, 1,5640000000e+02, 1,1200000000e+02, 2,6000000000e+01, 7,5372000000e+00, 4,1973560000e+04
 1500589200, 1,5760000000e+02, 1,1200000000e+02, 2,6000000000e+01, 7,6672000000e+00, 4,1974800000e+04
 1500589500, 1,6320000000e+02, 1,1648000000e+02, 2,6000000000e+01, 1,0292800000e+01, 4,2047120000e+04
 1500589800, 1,6880000000e+02, 1,2432000000e+02, 2,6000000000e+01, 1,1154333333e+01, 4,1978280000e+04
 1500590100, 1,6000000000e+02, 1,1200000000e+02, 2,6000000000e+01, 1,0256400000e+01, 4,6143760000e+04
 1500590400, 1,6000000000e+02, 1,1384000000e+02, 2,7840000000e+01, 9,2852000000e+00, 5,2072320000e+04
 1500590700, 1,6360000000e+02, 1,1544000000e+02, 2,8000000000e+01, 8,4456000000e+00, 5,2121640000e+04
 1500591000, 1,6500000000e+02, 1,1600000000e+02, 2,8000000000e+01, 7,7608000000e+00, 5,2123440000e+04
 1500591300, 1,6500000000e+02, 1,1600000000e+02, 2,8000000000e+01, 7,3784000000e+00, 5,2076840000e+04
 1500591600, 1,6500000000e+02, 1,1600000000e+02, 2,8000000000e+01, 6,9976000000e+00, 5,2124400000e+04
 1500591900, 1,6500000000e+02, 1,1600000000e+02, 2,8000000000e+01, 6,8020000000e+00, 5,2124480000e+04
 1500592200, 1,6500000000e+02, 1,1784000000e+02, 2,8000000000e+01, 6,6348000000e+00, 5,2124120000e+04
 1500592500, 1,6500000000e+02, 1,1656000000e+02, 2,8000000000e+01, 6,4212000000e+00, 5,2124200000e+04
 1500592800, 1,0780000000e+02, 6,9200000000e+01, 1,8640000000e+01, 5,8992000000e+00, 1,0913880000e+04
 1500593100, 5,5000000000e+01, 2,5360000000e+01, 1,0000000000e+01, 4,3434333333e+00, 6,9005066667e+03
 1500593400, 5,5000000000e+01, 2,4000000000e+01, 1,0000000000e+01, 3,1616000000e+00, 6,9015200000e+03
 1500593700, 5,5000000000e+01, 2,4000000000e+01, 1,0000000000e+01, 2,2992000000e+00, 6,9030000000e+03
 1500594000, 5,5000000000e+01, 2,4000000000e+01, 1,1840000000e+01, 1,6656000000e+00, 6,9034533333e+03
 1500594300, 5,5000000000e+01, 2,4000000000e+01, 1,0560000000e+01, 1,2196000000e+00, 6,9042000000e+03
 1500594600, 5,5000000000e+01, 2,5040000000e+01, 1,1040000000e+01, 8,9120000000e-01, 6,9040000000e+03
 1500594900, 5,5000000000e+01, 2,5360000000e+01, 1,1360000000e+01, 6,5200000000e-01, 6,9024000000e+03
 1500595200, 5,5000000000e+01, 2,4000000000e+01, 1,0000000000e+01, 4,8200000000e-01, 6,9041200000e+03
 1500595500, 5,5000000000e+01, 2,4000000000e+01, 1,0000000000e+01, 3,5280000000e-01, 6,9038800000e+03
 1500595800, 5,5000000000e+01, 2,4000000000e+01, 1,0000000000e+01, 2,6253333333e-01, 6,9035200000e+03
 1500596100, 5,5000000000e+01, 2,4000000000e+01, 1,0000000000e+01, 2,0850000000e-01, 6,9034800000e+03
 1500596400, 5,5000000000e+01, 2,4000000000e+01, 1,0000000000e+01, 1,6400000000e-01, 6,9030800000e+03
 1500596700, 5,5000000000e+01, 2,4000000000e+01, 1,0000000000e+01, 1,3080000000e-01, 6,9035200000e+03
 1500597000, 5,5000000000e+01, 2,4000000000e+01, 1,0000000000e+01, 1,2680000000e-01, 6,9034800000e+03
 1500597300, 5,5000000000e+01, 2,4000000000e+01, 1,0000000000e+01, 1,2520000000e-01, 6,9037200000e+03
 1500597600, 5,5000000000e+01, 2,4000000000e+01, 1,0000000000e+01, 1,3600000000e-01, 6,9054000000e+03
 1500597900, 5,5000000000e+01, 2,4000000000e+01, 1,0000000000e+01, 1,2480000000e-01, 6,9036000000e+03
 1500598200, 5,5000000000e+01, 2,4000000000e+01, 1,0000000000e+01, 1,0363333333e-01, 6,9037200000e+03
 1500598500, 5,5000000000e+01, 2,4000000000e+01, 1,0000000000e+01, 8,6400000000e-02, 6,9032000000e+03
 1500598800, 5,5000000000e+01, 2,4000000000e+01, 1,0000000000e+01, 6,4800000000e-02, 6,9046000000e+03
 1500599100, 5,5000000000e+01, 2,4000000000e+01, 1,0000000000e+01, 5,0800000000e-02, 6,9042800000e+03
 1500599400, 5,5000000000e+01, 2,4000000000e+01, 1,0000000000e+01, 5,1133333333e-02, 6,9039266667e+03
 1500599700, 5,5000000000e+01, 2,4000000000e+01, 1,1793333333e+01, 5,2800000000e-02, 6,9042966667e+03
 1500600000, 5,5000000000e+01, 2,4000000000e+01, 1,0560000000e+01, 5,0000000000e-02, 6,9042000000e+03
 1500600300, 5,5000000000e+01, 2,4000000000e+01, 1,0000000000e+01, 5,0000000000e-02, 6,9038000000e+03
 1500600600, 5,5000000000e+01, 2,4000000000e+01, 1,0000000000e+01, 5,0000000000e-02, 6,9031200000e+03
 1500600900, 5,5000000000e+01, 2,4000000000e+01, 1,0000000000e+01, 5,0000000000e-02, 6,9040000000e+03
 1500601200, 5,5000000000e+01, 2,4000000000e+01, 1,0000000000e+01, 5,0000000000e-02, 6,9038800000e+03
 1500601500, 5,5000000000e+01, 2,4000000000e+01, 1,0000000000e+01, 5,0000000000e-02, 6,9033200000e+03
 1500601800, 5,5000000000e+01, 2,4000000000e+01, 1,0000000000e+01, 5,0000000000e-02, 6,9044000000e+03
 1500602100, 5,5000000000e+01, 2,4000000000e+01, 1,0000000000e+01, 5,0000000000e-02, 6,9040766667e+03
 1500602400, 5,5000000000e+01, 2,4000000000e+01, 1,0000000000e+01, 5,0000000000e-02, 6,9036400000e+03
 1500602700, 5,5000000000e+01, 2,4000000000e+01, 1,0000000000e+01, 5,2133333333e-02, 6,9054000000e+03
 1500603000, 5,5000000000e+01, 2,4000000000e+01, 1,0000000000e+01, 5,0000000000e-02, 6,9052000000e+03
 1500603300, 5,5000000000e+01, 2,4000000000e+01, 1,0000000000e+01, 5,0000000000e-02, 6,9057200000e+03
 1500603600, 5,5000000000e+01, 2,4000000000e+01, 1,0000000000e+01, 5,0000000000e-02, 6,9050800000e+03
 1500603900, 5,5000000000e+01, 2,5040000000e+01, 1,1040000000e+01, 5,0000000000e-02, 6,9037966667e+03
 1500604200, 5,5000000000e+01, 2,5360000000e+01, 1,1360000000e+01, 5,0000000000e-02, 6,9050400000e+03
 1500604500, 5,5000000000e+01, 2,4000000000e+01, 1,0240000000e+01, 5,0000000000e-02, 6,9048800000e+03
 1500604800, 5,5000000000e+01, 2,4000000000e+01, 1,2000000000e+01, 5,0000000000e-02, 6,9048000000e+03
 1500605100, 5,5000000000e+01, 2,4000000000e+01, 1,0160000000e+01, 5,0000000000e-02, 6,9046000000e+03
 1500605400, 5,5000000000e+01, 2,4000000000e+01, 1,1440000000e+01, 5,0000000000e-02, 6,9048000000e+03
 1500605700, 5,5000000000e+01, 2,4000000000e+01, 1,0960000000e+01, 5,0000000000e-02, 6,9052400000e+03
 1500606000, 5,5000000000e+01, 2,4000000000e+01, 1,0000000000e+01, 5,0000000000e-02, 6,9060400000e+03
 1500606300, 5,5000000000e+01, 2,4000000000e+01, 1,0000000000e+01, 5,0000000000e-02, 6,9058000000e+03
 1500606600, 5,5000000000e+01, 2,4000000000e+01, 1,0000000000e+01, 5,0000000000e-02, 6,9054800000e+03
 1500606900, 5,5000000000e+01, 2,4000000000e+01, 1,0000000000e+01, 5,0000000000e-02, 6,9048100000e+03
 1500607200, 5,5000000000e+01, 2,4000000000e+01, 1,0000000000e+01, 5,0000000000e-02, 6,9049100000e+03
 1500607500, 5,5000000000e+01, 2,4000000000e+01, 1,0000000000e+01, 5,2000000000e-02, 6,9048000000e+03
 1500607800, 5,5000000000e+01, 2,4000000000e+01, 1,0000000000e+01, 5,0000000000e-02, 6,9056000000e+03
 1500608100, 5,5000000000e+01, 2,4000000000e+01, 1,0000000000e+01, 5,0000000000e-02, 6,9054000000e+03
 1500608400, 5,5000000000e+01, 2,4000000000e+01, 1,0000000000e+01, 5,0000000000e-02, 6,9054800000e+03
 1500608700, 5,5000000000e+01, 2,4000000000e+01, 1,0000000000e+01, 5,0000000000e-02, 6,9052000000e+03
 1500609000, 5,5000000000e+01, 2,4000000000e+01, 1,0000000000e+01, 5,0000000000e-02, 6,9057200000e+03
 1500609300, 5,5000000000e+01, 2,4000000000e+01, 1,0000000000e+01, 5,3200000000e-02, 6,9068000000e+03
 1500609600, 5,5000000000e+01, 2,4000000000e+01, 1,0000000000e+01, 6,2000000000e-02, 6,9054000000e+03
 1500609900, 5,5000000000e+01, 2,4000000000e+01, 1,0000000000e+01, 5,4800000000e-02, 6,9060000000e+03
 1500610200, 5,5000000000e+01, 2,4000000000e+01, 1,0000000000e+01, 5,0000000000e-02, 6,9052800000e+03
 1500610500, 5,5000000000e+01, 2,4000000000e+01, 1,0000000000e+01, 5,0000000000e-02, 6,9051200000e+03
 1500610800, 5,5000000000e+01, 2,4000000000e+01, 1,0000000000e+01, 5,0000000000e-02, 6,9058000000e+03
 1500611100, 5,5000000000e+01, 2,4000000000e+01, 1,0000000000e+01, 5,0000000000e-02, 6,9060000000e+03
 1500611400, 5,5000000000e+01, 2,4000000000e+01, 1,0000000000e+01, 5,0000000000e-02, 6,9067200000e+03
 1500611700, 5,5000000000e+01, 2,4000000000e+01, 1,0000000000e+01, 5,0000000000e-02, 6,9060800000e+03
 1500612000, 5,5000000000e+01, 2,4000000000e+01, 1,0000000000e+01, 5,0000000000e-02, 6,9062800000e+03
 1500612300, 5,5000000000e+01, 2,4000000000e+01, 1,0000000000e+01, 5,0000000000e-02, 6,9072400000e+03
 1500612600, 5,5000000000e+01, 2,4000000000e+01, 1,0000000000e+01, 5,0000000000e-02, 6,9058000000e+03
 1500612900, 5,5000000000e+01, 2,4000000000e+01, 1,0000000000e+01, 5,0000000000e-02, 6,9060800000e+03
 1500613200, 5,5000000000e+01, 2,4000000000e+01, 1,0000000000e+01, 5,0000000000e-02, 6,9054000000e+03
 1500613500, 5,5000000000e+01, 2,4000000000e+01, 1,0000000000e+01, 5,0000000000e-02, 6,9063200000e+03
 1500613800, 5,5000000000e+01, 2,4000000000e+01, 1,0000000000e+01, 5,0000000000e-02, 6,9062000000e+03
 1500614100, 5,5000000000e+01, 2,4000000000e+01, 1,0000000000e+01, 5,0000000000e-02, 6,9060800000e+03
 1500614400, 5,5000000000e+01, 2,4000000000e+01, 1,0000000000e+01, 5,0000000000e-02, 6,9058800000e+03
 1500614700, 5,2400000000e+01, 2,4000000000e+01, 1,0000000000e+01, 5,0000000000e-02, 6,9059200000e+03
 1500615000, 5,3200000000e+01, 2,4640000000e+01, 1,1280000000e+01, 5,6000000000e-02, 6,9063200000e+03
 1500615300, 5,9400000000e+01, 2,5760000000e+01, 1,3520000000e+01, 5,0000000000e-02, 6,9058000000e+03
 1500615600, 5,5000000000e+01, 2,4000000000e+01, 1,0000000000e+01, 5,5200000000e-02, 6,9054800000e+03
 1500615900, 5,5000000000e+01, 2,4000000000e+01, 1,0000000000e+01, 5,6000000000e-02, 6,9052000000e+03
 1500616200, 5,5000000000e+01, 2,4000000000e+01, 1,0000000000e+01, 5,6800000000e-02, 6,9060000000e+03
 1500616500, 5,5000000000e+01, 2,4000000000e+01, 1,0000000000e+01, 5,0000000000e-02, 6,9054000000e+03
 1500616800, 5,5000000000e+01, 2,4000000000e+01, 1,0000000000e+01, 5,0000000000e-02, 6,9059200000e+03
 1500617100, 5,5000000000e+01, 2,4000000000e+01, 1,0000000000e+01, 5,0000000000e-02, 6,9060000000e+03
 1500617400, 5,5000000000e+01, 2,4000000000e+01, 1,0000000000e+01, 5,0000000000e-02, 6,9060800000e+03
 1500617700, 5,5000000000e+01, 2,4000000000e+01, 1,0000000000e+01, 5,0000000000e-02, 6,9054000000e+03
 1500618000, 5,5000000000e+01, 2,4000000000e+01, 1,0000000000e+01, 5,0000000000e-02, 6,9056000000e+03
 1500618300, 5,5000000000e+01, 2,4000000000e+01, 1,1040000000e+01, 5,0000000000e-02, 6,9047200000e+03
 1500618600, 5,5000000000e+01, 2,4000000000e+01, 1,1360000000e+01, 5,0000000000e-02, 6,9048000000e+03
 1500618900, 5,5000000000e+01, 2,4000000000e+01, 1,0000000000e+01, 5,0000000000e-02, 6,9057200000e+03
 1500619200, 5,5000000000e+01, 2,4000000000e+01, 1,0000000000e+01, 5,0000000000e-02, 6,9054800000e+03
 1500619500, 5,5000000000e+01, 2,4000000000e+01, 1,0000000000e+01, 5,0000000000e-02, 6,9062400000e+03
 1500619800, 5,5000000000e+01, 2,4000000000e+01, 1,0000000000e+01, 5,0000000000e-02, 6,9062400000e+03
 1500620100, 5,5000000000e+01, 2,4000000000e+01, 1,0000000000e+01, 5,0000000000e-02, 6,9055600000e+03
 1500620400, 5,5000000000e+01, 2,4640000000e+01, 1,0640000000e+01, 5,4000000000e-02, 6,9065600000e+03
 1500620700, 5,5000000000e+01, 2,5760000000e+01, 1,1760000000e+01, 5,0000000000e-02, 6,9060800000e+03
 1500621000, 5,5000000000e+01, 2,4000000000e+01, 1,0000000000e+01, 5,0000000000e-02, 6,9068800000e+03
 1500621300, 5,5000000000e+01, 2,4000000000e+01, 1,0000000000e+01, 5,0000000000e-02, 6,9059200000e+03
 1500621600, 5,5000000000e+01, 2,4000000000e+01, 1,0000000000e+01, 5,0000000000e-02, 6,9050800000e+03
 1500621900, 5,5000000000e+01, 2,4000000000e+01, 1,0000000000e+01, 5,0000000000e-02, 6,9051200000e+03
 1500622200, 5,5000000000e+01, 2,4000000000e+01, 1,0000000000e+01, 5,6400000000e-02, 6,9054800000e+03
 1500622500, 5,5000000000e+01, 2,4000000000e+01, 1,0240000000e+01, 6,8000000000e-02, 6,9056400000e+03
 1500622800, 5,5000000000e+01, 2,4000000000e+01, 1,2000000000e+01, 6,1600000000e-02, -nan
 1500623100, 5,0400000000e+01, 2,4000000000e+01, 1,0160000000e+01, 5,1200000000e-02, -nan
 1500623400, 5,3600000000e+01, 2,4000000000e+01, 1,0000000000e+01, 5,6800000000e-02, -nan
 1500623700, 5,5000000000e+01, 2,4000000000e+01, -nan, 5,0000000000e-02, -nan
 1500624000, 5,5000000000e+01, 2,4000000000e+01, -nan, 5,0000000000e-02, -nan
 1500624300, 5,5000000000e+01, 2,4000000000e+01, -nan, 5,0000000000e-02, -nan
 1500624600, 5,5000000000e+01, 2,4000000000e+01, -nan, 5,2000000000e-02, -nan
 1500624900, 5,5000000000e+01, 2,4000000000e+01, -nan, 5,0000000000e-02, -nan
 1500625200, 5,1400000000e+01, 2,4000000000e+01, -nan, -nan, -nan
 1500625500, -nan, 2,4000000000e+01, -nan, -nan, -nan
 1500625800, -nan, 2,4000000000e+01, -nan, -nan, -nan
 1500626100, -nan, -nan, -nan, -nan, -nan
 1500626400, -nan, -nan, -nan, -nan, -nan
 1500626700, -nan, -nan, -nan, -nan, -nan
 1500627000, -nan, -nan, -nan, -nan, -nan
 1500627300, -nan, -nan, -nan, -nan, -nan
