 Time, ttl_pwr, cpu_pwr, mem_pwr, cpu_load, mem_load
 1500448500, 5.0000000000e+01, 2.4000000000e+01, 1.0000000000e+01, 5.0000000000e-02, 7.4314000000e+03
 1500448800, 5.0000000000e+01, 2.4000000000e+01, 1.0033333333e+01, 5.0000000000e-02, 7.4320166667e+03
 1500449100, 5.0000000000e+01, 2.4000000000e+01, 1.2000000000e+01, 5.0000000000e-02, 7.4317833333e+03
 1500449400, 5.0000000000e+01, 2.4000000000e+01, 1.2000000000e+01, 5.0000000000e-02, 7.4306166667e+03
 1500449700, 5.0000000000e+01, 2.4000000000e+01, 1.0766666667e+01, 5.0000000000e-02, 7.4314166667e+03
 1500450000, 5.0000000000e+01, 2.4000000000e+01, 1.0000000000e+01, 5.0000000000e-02, 7.4307666667e+03
 1500450300, 5.0000000000e+01, 2.4000000000e+01, 1.0000000000e+01, 5.0000000000e-02, 7.4308333333e+03
 1500450600, 5.0000000000e+01, 2.4000000000e+01, 1.0000000000e+01, 5.0000000000e-02, 7.4316000000e+03
 1500450900, 5.0000000000e+01, 2.4000000000e+01, 1.0000000000e+01, 5.0000000000e-02, 7.4323833333e+03
 1500451200, 5.0000000000e+01, 2.4000000000e+01, 1.0000000000e+01, 5.0000000000e-02, 7.4328166667e+03
 1500451500, 5.0000000000e+01, 2.4000000000e+01, 1.0000000000e+01, 5.0000000000e-02, 7.4328000000e+03
 1500451800, 5.0000000000e+01, 2.4000000000e+01, 1.0000000000e+01, 5.0000000000e-02, 7.4326166667e+03
 1500452100, 5.1083333333e+01, 2.4433333333e+01, 1.0433333333e+01, 5.0000000000e-02, 7.4336000000e+03
 1500452400, 5.4916666667e+01, 2.5966666667e+01, 1.2000000000e+01, 5.0000000000e-02, 7.4326000000e+03
 1500452700, 5.0000000000e+01, 2.4000000000e+01, 1.2000000000e+01, 5.8333333333e-02, 7.4324133333e+03
 1500453000, 5.0000000000e+01, 2.4000000000e+01, 1.2000000000e+01, 7.8500000000e-02, 7.4325666667e+03
 1500453300, 5.0000000000e+01, 2.4000000000e+01, 1.2000000000e+01, 1.0616666667e-01, 7.4317833333e+03
 1500453600, 5.2083333333e+01, 2.4000000000e+01, 1.2000000000e+01, 1.0583333333e-01, 7.4322166667e+03
 1500453900, 5.3916666667e+01, 2.4000000000e+01, 1.2000000000e+01, 9.1833333333e-02, 7.4322200000e+03
 1500454200, 5.0000000000e+01, 2.4000000000e+01, 1.1966666667e+01, 8.5833333333e-02, 7.4328166667e+03
 1500454500, 5.0000000000e+01, 2.4000000000e+01, 1.0000000000e+01, 8.4000000000e-02, 7.4331833333e+03
 1500454800, 5.0000000000e+01, 2.4000000000e+01, 1.0000000000e+01, 7.3833333333e-02, 7.4332333333e+03
 1500455100, 5.0000000000e+01, 2.4000000000e+01, 1.0000000000e+01, 7.1833333333e-02, 7.4342166667e+03
 1500455400, 5.0000000000e+01, 2.4000000000e+01, 1.0833333333e+01, 5.7833333333e-02, 7.4333500000e+03
 1500455700, 5.0000000000e+01, 2.4000000000e+01, 1.2000000000e+01, 5.0166666667e-02, 7.4328166667e+03
 1500456000, 5.0000000000e+01, 2.4000000000e+01, 1.2000000000e+01, 5.5833333333e-02, 7.4321833333e+03
 1500456300, 5.0000000000e+01, 2.4000000000e+01, 1.2000000000e+01, 5.8000000000e-02, 7.4324166667e+03
 1500456600, 5.0000000000e+01, 2.4000000000e+01, 1.0366666667e+01, 5.0000000000e-02, 7.4328166667e+03
 1500456900, 5.0000000000e+01, 2.4000000000e+01, 1.0000000000e+01, 5.0166666667e-02, 7.4336000000e+03
 1500457200, 5.0000000000e+01, 2.4000000000e+01, 1.0000000000e+01, 5.4166666667e-02, 7.4334333333e+03
 1500457500, 5.0000000000e+01, 2.4000000000e+01, 1.0000000000e+01, 5.9666666667e-02, 7.4336166667e+03
 1500457800, 5.0000000000e+01, 2.4000000000e+01, 1.0000000000e+01, 5.0000000000e-02, 7.4342000000e+03
 1500458100, 5.0000000000e+01, 2.4000000000e+01, 1.0000000000e+01, 5.0000000000e-02, 7.4345166667e+03
 1500458400, 5.0000000000e+01, 2.4000000000e+01, 1.0000000000e+01, 5.0000000000e-02, 7.4332066667e+03
 1500458700, 5.3083333333e+01, 2.4000000000e+01, 1.1233333333e+01, 5.0000000000e-02, 7.4325666667e+03
 1500459000, 5.5000000000e+01, 2.4000000000e+01, 1.2000000000e+01, 6.0333333333e-02, 7.4330333333e+03
 1500459300, 5.3916666667e+01, 2.4000000000e+01, 1.2000000000e+01, 7.6333333333e-02, 7.4331833333e+03
 1500459600, 5.0000000000e+01, 2.4000000000e+01, 1.2000000000e+01, 9.6000000000e-02, 7.4330166667e+03
 1500459900, 5.0000000000e+01, 2.4000000000e+01, 1.2000000000e+01, 8.3833333333e-02, 7.4342033333e+03
 1500460200, 5.0000000000e+01, 2.4000000000e+01, 1.0366666667e+01, 7.3866666667e-02, 7.4332000000e+03
 1500460500, 5.0000000000e+01, 2.4000000000e+01, 1.0000000000e+01, 6.9666666667e-02, 7.4336000000e+03
 1500460800, 5.0000000000e+01, 2.4000000000e+01, 1.0000000000e+01, 5.0000000000e-02, 7.4337833333e+03
 1500461100, 5.0000000000e+01, 2.4000000000e+01, 1.0433333333e+01, 5.4000000000e-02, 7.4336333333e+03
 1500461400, 5.0000000000e+01, 2.4000000000e+01, 1.2000000000e+01, 5.0000000000e-02, 7.4335833333e+03
 1500461700, 5.0000000000e+01, 2.4000000000e+01, 1.2000000000e+01, 5.0000000000e-02, 7.4338333333e+03
 1500462000, 5.0000000000e+01, 2.4000000000e+01, 1.2000000000e+01, 5.0000000000e-02, 7.4337500000e+03
 1500462300, 5.0000000000e+01, 2.4000000000e+01, 1.2000000000e+01, 5.0000000000e-02, 7.4332166667e+03
 1500462600, 5.0000000000e+01, 2.4000000000e+01, 1.1180000000e+01, 5.0000000000e-02, 7.4332133333e+03
 1500462900, 5.0000000000e+01, 2.4000000000e+01, 1.0000000000e+01, 5.0000000000e-02, 7.4334000000e+03
 1500463200, 5.0000000000e+01, 2.4000000000e+01, 1.0000000000e+01, 5.0000000000e-02, 7.4338000000e+03
 1500463500, 5.0000000000e+01, 2.4000000000e+01, 1.0000000000e+01, 5.0000000000e-02, 7.4333833333e+03
 1500463800, 5.0000000000e+01, 2.4000000000e+01, 1.0000000000e+01, 5.0000000000e-02, 7.4336000000e+03
 1500464100, 5.0000000000e+01, 2.4000000000e+01, 1.0000000000e+01, 5.0000000000e-02, 7.4326000000e+03
 1500464400, 5.0000000000e+01, 2.4000000000e+01, 1.0000000000e+01, 5.0000000000e-02, 7.4334166667e+03
 1500464700, 5.0000000000e+01, 2.4000000000e+01, 1.0000000000e+01, 5.0000000000e-02, 7.4330166667e+03
 1500465000, 5.0000000000e+01, 2.4000000000e+01, 1.0000000000e+01, 5.0000000000e-02, 7.4340000000e+03
 1500465300, 5.0000000000e+01, 2.4000000000e+01, 1.0000000000e+01, 6.0500000000e-02, 7.4343833333e+03
 1500465600, 5.0000000000e+01, 2.4000000000e+01, 1.0000000000e+01, 8.0166666667e-02, 7.4346166667e+03
 1500465900, 5.0000000000e+01, 2.4000000000e+01, 1.1233333333e+01, 9.2000000000e-02, 7.4343833333e+03
 1500466200, 5.0000000000e+01, 2.4000000000e+01, 1.1166666667e+01, 7.9500000000e-02, 7.4338166667e+03
 1500466500, 5.0000000000e+01, 2.4000000000e+01, 1.0000000000e+01, 5.5833333333e-02, 7.4346000000e+03
 1500466800, 5.0000000000e+01, 2.4000000000e+01, 1.0000000000e+01, 5.0000000000e-02, 7.4343833333e+03
 1500467100, 5.0000000000e+01, 2.4000000000e+01, 1.0000000000e+01, 5.2000000000e-02, 7.4328333333e+03
 1500467400, 5.0000000000e+01, 2.4000000000e+01, 1.0000000000e+01, 5.0000000000e-02, 7.4327666667e+03
 1500467700, 5.0000000000e+01, 2.4000000000e+01, 1.1233333333e+01, 5.0000000000e-02, 7.4334000000e+03
 1500468000, 5.0000000000e+01, 2.4000000000e+01, 1.2000000000e+01, 5.0000000000e-02, 7.4340166667e+03
 1500468300, 5.0000000000e+01, 2.4000000000e+01, 1.2000000000e+01, 5.0000000000e-02, 7.4340166667e+03
 1500468600, 5.0000000000e+01, 2.4000000000e+01, 1.1966666667e+01, 5.0000000000e-02, 7.4343833333e+03
 1500468900, 5.0000000000e+01, 2.4000000000e+01, 1.0000000000e+01, 5.0000000000e-02, 7.4344000000e+03
 1500469200, 5.0000000000e+01, 2.4000000000e+01, 1.0000000000e+01, 5.0000000000e-02, 7.4344000000e+03
 1500469500, 5.0000000000e+01, 2.4000000000e+01, 1.0000000000e+01, 5.0000000000e-02, 7.4346000000e+03
 1500469800, 5.0000000000e+01, 2.4000000000e+01, 1.0833333333e+01, 5.0000000000e-02, 7.4346166667e+03
 1500470100, 5.0000000000e+01, 2.4000000000e+01, 1.1566666667e+01, 5.0000000000e-02, 7.4333833333e+03
 1500470400, 5.0000000000e+01, 2.4000000000e+01, 1.0033333333e+01, 5.0000000000e-02, 7.4330000000e+03
 1500470700, 5.0000000000e+01, 2.4000000000e+01, 1.2000000000e+01, 5.0000000000e-02, 7.4332000000e+03
 1500471000, 5.0000000000e+01, 2.4000000000e+01, 1.0366666667e+01, 5.0166666667e-02, 7.4332333333e+03
 1500471300, 5.0000000000e+01, 2.4000000000e+01, 1.0000000000e+01, 5.3833333333e-02, 7.4334000000e+03
 1500471600, 5.0000000000e+01, 2.4000000000e+01, 1.0000000000e+01, 5.8000000000e-02, 7.4338000000e+03
 1500471900, 5.0000000000e+01, 2.4433333333e+01, 1.0000000000e+01, 6.6500000000e-02, 7.4336166667e+03
 1500472200, 5.0000000000e+01, 2.5966666667e+01, 1.0000000000e+01, 7.2000000000e-02, 7.4343833333e+03
 1500472500, 5.0000000000e+01, 2.4000000000e+01, 1.0000000000e+01, 6.7666666667e-02, 7.4332333333e+03
 1500472800, 5.4083333333e+01, 2.7266666667e+01, 1.3266666667e+01, 5.7833333333e-02, 7.4345166667e+03
 1500473100, 5.1916666667e+01, 2.5533333333e+01, 1.1533333333e+01, 5.0000000000e-02, 7.4335833333e+03
 1500473400, 5.0000000000e+01, 2.4000000000e+01, 1.0000000000e+01, 5.0000000000e-02, 7.4326000000e+03
 1500473700, 5.0000000000e+01, 2.4000000000e+01, 1.0433333333e+01, 5.0000000000e-02, 7.4330166667e+03
 1500474000, 5.0000000000e+01, 2.4000000000e+01, 1.2000000000e+01, 5.0000000000e-02, 7.4336000000e+03
 1500474300, 5.0000000000e+01, 2.4000000000e+01, 1.2000000000e+01, 5.0000000000e-02, 7.4342166667e+03
 1500474600, 5.0000000000e+01, 2.4000000000e+01, 1.2000000000e+01, 5.0000000000e-02, 7.4350000000e+03
 1500474900, 5.3083333333e+01, 2.4000000000e+01, 1.2000000000e+01, 5.0000000000e-02, 7.4354000000e+03
 1500475200, 5.2916666667e+01, 2.4000000000e+01, 1.2000000000e+01, 5.0166666667e-02, 7.4347666667e+03
 1500475500, 5.0000000000e+01, 2.4000000000e+01, 1.2000000000e+01, 5.1833333333e-02, 7.4342500000e+03
 1500475800, 5.0000000000e+01, 2.4000000000e+01, 1.1966666667e+01, 5.0000000000e-02, 7.4344000000e+03
 1500476100, 5.0000000000e+01, 2.4000000000e+01, 1.0000000000e+01, 5.0000000000e-02, 7.4339666667e+03
 1500476400, 5.0000000000e+01, 2.4000000000e+01, 1.0000000000e+01, 5.0000000000e-02, 7.4340166667e+03
 1500476700, 5.9250000000e+01, 2.7700000000e+01, 1.4933333333e+01, 5.0000000000e-02, 7.4346000000e+03
 1500477000, 5.8750000000e+01, 2.7500000000e+01, 1.4666666667e+01, 5.0000000000e-02, 7.4338000000e+03
 1500477300, 5.0000000000e+01, 2.4000000000e+01, 1.0433333333e+01, 5.2166666667e-02, 7.4352166667e+03
 1500477600, 5.0000000000e+01, 2.4000000000e+01, 1.1966666667e+01, 5.2000000000e-02, 7.4352000000e+03
 1500477900, 5.0000000000e+01, 2.4000000000e+01, 1.0000000000e+01, 5.4000000000e-02, 7.4345833333e+03
 1500478200, 5.0000000000e+01, 2.4000000000e+01, 1.0000000000e+01, 6.4000000000e-02, 7.4354000000e+03
 1500478500, 5.0000000000e+01, 2.4000000000e+01, 1.0000000000e+01, 5.9833333333e-02, 7.4352000000e+03
 1500478800, 5.0000000000e+01, 2.4000000000e+01, 1.0000000000e+01, 5.0000000000e-02, 7.4344000000e+03
 1500479100, 5.0000000000e+01, 2.4000000000e+01, 1.0433333333e+01, 5.0833333333e-02, 7.4341333333e+03
 1500479400, 5.0166666667e+01, 2.4066666667e+01, 1.2033333333e+01, 2.2466666667e-01, 7.4410166667e+03
 1500479700, 6.0000000000e+01, 2.8000000000e+01, 1.4000000000e+01, 4.5500000000e-01, 7.4425666667e+03
 1500480000, 6.4083333333e+01, 2.9633333333e+01, 1.5633333333e+01, 6.2450000000e-01, 7.4391333333e+03
 1500480300, 6.1916666667e+01, 2.8766666667e+01, 1.6000000000e+01, 7.5783333333e-01, 7.4380000000e+03
 1500480600, 6.0000000000e+01, 2.8000000000e+01, 1.5166666667e+01, 8.5533333333e-01, 7.4371833333e+03
 1500480900, 6.2166666667e+01, 2.9300000000e+01, 1.5300000000e+01, 9.2900000000e-01, 7.4370000000e+03
 1500481200, 7.0000000000e+01, 3.3966666667e+01, 2.0000000000e+01, 9.7266666667e-01, 7.4369833333e+03
 1500481500, 7.0000000000e+01, 3.2000000000e+01, 2.0000000000e+01, 1.0063333333e+00, 7.4380500000e+03
 1500481800, 6.1833333333e+01, 3.0366666667e+01, 1.6733333333e+01, 1.0221666667e+00, 7.4386000000e+03
 1500482100, 6.3083333333e+01, 2.8766666667e+01, 1.7233333333e+01, 1.0321666667e+00, 7.4392166667e+03
 1500482400, 6.2916666667e+01, 2.8000000000e+01, 1.7166666667e+01, 1.0461666667e+00, 7.4394000000e+03
 1500482700, 6.0000000000e+01, 2.8000000000e+01, 1.5566666667e+01, 1.0500000000e+00, 7.4384000000e+03
 1500483000, 6.0083333333e+01, 2.8033333333e+01, 1.4066666667e+01, 1.0520000000e+00, 7.4385833333e+03
 1500483300, 6.5000000000e+01, 3.0000000000e+01, 1.8000000000e+01, 1.0523333333e+00, 7.4386333333e+03
 1500483600, 6.0916666667e+01, 2.8366666667e+01, 1.4733333333e+01, 1.0658333333e+00, 7.4404000000e+03
 1500483900, 5.3833333333e+01, 2.5533333333e+01, 1.1533333333e+01, 1.0683333333e+00, 7.4399666667e+03
 1500484200, 5.4166666667e+01, 2.5666666667e+01, 1.2500000000e+01, 1.0843333333e+00, 7.4398333333e+03
 1500484500, 6.0000000000e+01, 2.8000000000e+01, 1.6433333333e+01, 1.0998333333e+00, 7.4401833333e+03
 1500484800, 6.0000000000e+01, 2.8000000000e+01, 1.7933333333e+01, 1.1025000000e+00, 7.4382166667e+03
 1500485100, 6.0000000000e+01, 2.8000000000e+01, 1.4000000000e+01, 1.1263333333e+00, 7.4392000000e+03
 1500485400, 6.8166666667e+01, 3.1266666667e+01, 1.7266666667e+01, 1.1318333333e+00, 7.4382166667e+03
 1500485700, 6.6916666667e+01, 3.0766666667e+01, 1.8000000000e+01, 1.1261666667e+00, 7.4398000000e+03
 1500486000, 6.7083333333e+01, 3.0833333333e+01, 1.8833333333e+01, 1.1320000000e+00, 7.4396000000e+03
 1500486300, 6.6750000000e+01, 3.0700000000e+01, 1.8700000000e+01, 1.1316666667e+00, 7.4392333333e+03
 1500486600, 5.5250000000e+01, 2.6100000000e+01, 1.4100000000e+01, 1.1218333333e+00, 7.4404000000e+03
 1500486900, 7.0000000000e+01, 3.2000000000e+01, 2.0000000000e+01, 1.1040000000e+00, 7.4404333333e+03
 1500487200, 7.0000000000e+01, 3.0366666667e+01, 2.0000000000e+01, 1.1141666667e+00, 7.4406166667e+03
 1500487500, 6.3833333333e+01, 2.8766666667e+01, 1.7533333333e+01, 1.1303333333e+00, 7.4404500000e+03
 1500487800, 6.4166666667e+01, 2.9666666667e+01, 1.7666666667e+01, 1.1378333333e+00, 7.4394266667e+03
 1500488100, 7.0000000000e+01, 3.1566666667e+01, 2.0000000000e+01, 1.1318333333e+00, 7.4398166667e+03
 1500488400, 6.9833333333e+01, 2.9933333333e+01, 1.9966666667e+01, 1.1321666667e+00, 7.4406000000e+03
 1500488700, 6.0000000000e+01, 2.6000000000e+01, 1.8000000000e+01, 1.1340000000e+00, 7.4406166667e+03
 1500489000, 6.8166666667e+01, 3.2533333333e+01, 1.9633333333e+01, 1.0805000000e+00, 7.4342000000e+03
 1500489300, 6.0750000000e+01, 2.9066666667e+01, 1.5066666667e+01, 8.3033333333e-01, 7.4314333333e+03
 1500489600, 5.7083333333e+01, 2.6833333333e+01, 1.2833333333e+01, 6.1900000000e-01, 7.4311833333e+03
 1500489900, 5.8916666667e+01, 2.7566666667e+01, 1.4000000000e+01, 4.6583333333e-01, 7.4340833333e+03
 1500490200, 5.4916666667e+01, 2.5966666667e+01, 1.3933333333e+01, 3.4450000000e-01, 7.4352000000e+03
 1500490500, 5.0000000000e+01, 2.4000000000e+01, 1.0000000000e+01, 2.8533333333e-01, 7.4364000000e+03
 1500490800, 5.0000000000e+01, 2.4000000000e+01, 1.1633333333e+01, 2.4950000000e-01, 7.4356000000e+03
 1500491100, 5.0000000000e+01, 2.4000000000e+01, 1.0766666667e+01, 2.0916666667e-01, 7.4347833333e+03
 1500491400, 5.0000000000e+01, 2.4000000000e+01, 1.0000000000e+01, 1.6533333333e-01, 7.4350000000e+03
 1500491700, 5.0000000000e+01, 2.4000000000e+01, 1.0000000000e+01, 1.3366666667e-01, 7.4348166667e+03
 1500492000, 5.0000000000e+01, 2.4000000000e+01, 1.0033333333e+01, 1.0950000000e-01, 7.4356033333e+03
 1500492300, 5.0000000000e+01, 2.4000000000e+01, 1.2000000000e+01, 8.1666666667e-02, 7.4351833333e+03
 1500492600, 5.0000000000e+01, 2.4000000000e+01, 1.0366666667e+01, 6.5666666667e-02, 7.4353833333e+03
 1500492900, 5.0000000000e+01, 2.4000000000e+01, 1.1233333333e+01, 5.0000000000e-02, 7.4352333333e+03
 1500493200, 5.0000000000e+01, 2.4000000000e+01, 1.2000000000e+01, 5.0000000000e-02, 7.4360166667e+03
 1500493500, 5.0000000000e+01, 2.4000000000e+01, 1.2000000000e+01, 5.0000000000e-02, 7.4347833333e+03
 1500493800, 5.0000000000e+01, 2.4000000000e+01, 1.1966666667e+01, 5.0000000000e-02, 7.4354166667e+03
 1500494100, 5.0000000000e+01, 2.4000000000e+01, 1.0000000000e+01, 5.0000000000e-02, 7.4347833333e+03
 1500494400, 5.0000000000e+01, 2.4000000000e+01, 1.0000000000e+01, 5.0000000000e-02, 7.4349833333e+03
 1500494700, 5.0000000000e+01, 2.4000000000e+01, 1.0000000000e+01, 5.0000000000e-02, 7.4358166667e+03
 1500495000, 5.0000000000e+01, 2.4000000000e+01, 1.0833333333e+01, 5.0000000000e-02, 7.4348166667e+03
 1500495300, 5.0000000000e+01, 2.4000000000e+01, 1.1566666667e+01, 5.0000000000e-02, 7.4353833333e+03
 1500495600, 5.0000000000e+01, 2.4000000000e+01, 1.0033333333e+01, 5.0000000000e-02, 7.4352166667e+03
 1500495900, 5.0000000000e+01, 2.4000000000e+01, 1.2000000000e+01, 5.0000000000e-02, 7.4361966667e+03
 1500496200, 5.0000000000e+01, 2.4000000000e+01, 1.2000000000e+01, 5.0166666667e-02, 7.4354000000e+03
 1500496500, 5.0000000000e+01, 2.4000000000e+01, 1.0766666667e+01, 6.8000000000e-02, 7.4345833333e+03
 1500496800, 5.0000000000e+01, 2.4000000000e+01, 1.0000000000e+01, 6.2000000000e-02, 7.4344166667e+03
 1500497100, 5.0000000000e+01, 2.4000000000e+01, 1.0000000000e+01, 6.8333333333e-02, 7.4347833333e+03
 1500497400, 5.0000000000e+01, 2.4000000000e+01, 1.0033333333e+01, 8.2000000000e-02, 7.4346166667e+03
 1500497700, 5.0000000000e+01, 2.4000000000e+01, 1.2000000000e+01, 6.9833333333e-02, 7.4348000000e+03
 1500498000, 5.0000000000e+01, 2.4000000000e+01, 1.2000000000e+01, 6.7666666667e-02, 7.4349833333e+03
 1500498300, 5.0000000000e+01, 2.4000000000e+01, 1.2000000000e+01, 5.0000000000e-02, 7.4350333333e+03
 1500498600, 5.0000000000e+01, 2.4000000000e+01, 1.1166666667e+01, 5.0000000000e-02, 7.4363833333e+03
 1500498900, 5.0000000000e+01, 2.4000000000e+01, 1.0433333333e+01, 5.2000000000e-02, 7.4354166667e+03
 1500499200, 5.0000000000e+01, 2.4000000000e+01, 1.2000000000e+01, 5.0000000000e-02, 7.4357833333e+03
 1500499500, 5.0000000000e+01, 2.4000000000e+01, 1.2000000000e+01, 5.0000000000e-02, 7.4340000000e+03
 1500499800, 5.0000000000e+01, 2.4000000000e+01, 1.0366666667e+01, 5.0000000000e-02, 7.4346000000e+03
 1500500100, 5.0000000000e+01, 2.4000000000e+01, 1.0000000000e+01, 5.0000000000e-02, 7.4348333333e+03
 1500500400, 5.0000000000e+01, 2.4000000000e+01, 1.0000000000e+01, 5.0000000000e-02, 7.4352000000e+03
 1500500700, 5.0000000000e+01, 2.4000000000e+01, 1.0433333333e+01, 5.0000000000e-02, 7.4350000000e+03
 1500501000, 5.0000000000e+01, 2.4000000000e+01, 1.2000000000e+01, 5.2000000000e-02, 7.4346166667e+03
 1500501300, 5.0000000000e+01, 2.4000000000e+01, 1.2000000000e+01, 5.0000000000e-02, 7.4356166667e+03
 1500501600, 5.0000000000e+01, 2.4000000000e+01, 1.0366666667e+01, 5.0000000000e-02, 7.4360000000e+03
 1500501900, 5.0000000000e+01, 2.4000000000e+01, 1.0000000000e+01, 5.0000000000e-02, 7.4362166667e+03
 1500502200, 5.0000000000e+01, 2.4000000000e+01, 1.0000000000e+01, 5.0000000000e-02, 7.4359000000e+03
 1500502500, 5.0000000000e+01, 2.4000000000e+01, 1.0433333333e+01, 5.0000000000e-02, 7.4350166667e+03
 1500502800, 5.0000000000e+01, 2.4000000000e+01, 1.1966666667e+01, 5.2000000000e-02, 7.4342166667e+03
 1500503100, 5.0000000000e+01, 2.4000000000e+01, 1.0000000000e+01, 5.0000000000e-02, 7.4351500000e+03
 1500503400, 5.0000000000e+01, 2.4000000000e+01, 1.0000000000e+01, 5.2000000000e-02, 7.4356333333e+03
 1500503700, 5.0000000000e+01, 2.4000000000e+01, 1.0000000000e+01, 6.4166666667e-02, 7.4355833333e+03
 1500504000, 5.0000000000e+01, 2.4000000000e+01, 1.0000000000e+01, 5.1833333333e-02, 7.4347833333e+03
 1500504300, 5.0000000000e+01, 2.4000000000e+01, 1.0000000000e+01, 5.0000000000e-02, 7.4350166667e+03
 1500504600, 5.0000000000e+01, 2.4000000000e+01, 1.0000000000e+01, 5.0000000000e-02, 7.4356000000e+03
 1500504900, 5.0000000000e+01, 2.4000000000e+01, 1.0000000000e+01, 5.0000000000e-02, 7.4356000000e+03
 1500505200, 5.0000000000e+01, 2.4000000000e+01, 1.1633333333e+01, 5.0000000000e-02, 7.4362333333e+03
 1500505500, 5.0000000000e+01, 2.4000000000e+01, 1.2000000000e+01, 5.0000000000e-02, 7.4351666667e+03
 1500505800, 5.0000000000e+01, 2.4000000000e+01, 1.2000000000e+01, 5.2166666667e-02, 7.4344166667e+03
 1500506100, 5.0000000000e+01, 2.4000000000e+01, 1.1566666667e+01, 5.1833333333e-02, 7.4354000000e+03
 1500506400, 5.0000000000e+01, 2.4000000000e+01, 1.0000000000e+01, 5.0000000000e-02, 7.4360166667e+03
 1500506700, 5.0000000000e+01, 2.4000000000e+01, 1.0000000000e+01, 5.0166666667e-02, 7.4357666667e+03
 1500507000, 5.0000000000e+01, 2.4000000000e+01, 1.0000000000e+01, 5.1833333333e-02, 7.4356166667e+03
 1500507300, 5.0000000000e+01, 2.4000000000e+01, 1.1233333333e+01, 5.0000000000e-02, 7.4358000000e+03
 1500507600, 5.0000000000e+01, 2.4000000000e+01, 1.2000000000e+01, 5.0000000000e-02, 7.4368166667e+03
 1500507900, 5.0000000000e+01, 2.4000000000e+01, 1.2000000000e+01, 5.0000000000e-02, 7.4374166667e+03
 1500508200, 5.0000000000e+01, 2.4000000000e+01, 1.2000000000e+01, 5.0000000000e-02, 7.4367666667e+03
 1500508500, 5.0000000000e+01, 2.4000000000e+01, 1.2000000000e+01, 5.0000000000e-02, 7.4355833333e+03
 1500508800, 5.0000000000e+01, 2.4000000000e+01, 1.0366666667e+01, 5.0000000000e-02, 7.4352333333e+03
 1500509100, 5.0000000000e+01, 2.4000000000e+01, 1.0000000000e+01, 5.2000000000e-02, 7.4356000000e+03
 1500509400, 5.0000000000e+01, 2.4000000000e+01, 1.0833333333e+01, 5.6166666667e-02, 7.4356000000e+03
 1500509700, 5.0000000000e+01, 2.4000000000e+01, 1.2000000000e+01, 5.3833333333e-02, 7.4357833333e+03
 1500510000, 5.0000000000e+01, 2.4000000000e+01, 1.2000000000e+01, 5.0000000000e-02, 7.4362000000e+03
 1500510300, 5.0000000000e+01, 2.4000000000e+01, 1.2000000000e+01, 5.6333333333e-02, 7.4364166667e+03
 1500510600, 5.0000000000e+01, 2.4000000000e+01, 1.2000000000e+01, 5.5666666667e-02, 7.4361666667e+03
 1500510900, 5.0000000000e+01, 2.4000000000e+01, 1.2000000000e+01, 5.0000000000e-02, 7.4358333333e+03
 1500511200, 5.0000000000e+01, 2.4000000000e+01, 1.1166666667e+01, 5.0000000000e-02, 7.4351666667e+03
 1500511500, 5.0000000000e+01, 2.4000000000e+01, 1.0000000000e+01, 5.0000000000e-02, 7.4350166667e+03
 1500511800, 5.0000000000e+01, 2.4000000000e+01, 1.0033333333e+01, 5.0000000000e-02, 7.4356166667e+03
 1500512100, 5.0000000000e+01, 2.4000000000e+01, 1.2000000000e+01, 5.0000000000e-02, 7.4360000000e+03
 1500512400, 5.0000000000e+01, 2.4000000000e+01, 1.2000000000e+01, 5.0000000000e-02, 7.4362333333e+03
 1500512700, 5.0000000000e+01, 2.4000000000e+01, 1.2000000000e+01, 5.0000000000e-02, 7.4369833333e+03
 1500513000, 5.0000000000e+01, 2.4000000000e+01, 1.2000000000e+01, 5.0000000000e-02, 7.4360000000e+03
 1500513300, 5.0000000000e+01, 2.4000000000e+01, 1.2000000000e+01, 5.0000000000e-02, 7.4363833333e+03
 1500513600, 5.0000000000e+01, 2.4000000000e+01, 1.2033333333e+01, 5.0000000000e-02, 7.4364333333e+03
 1500513900, 5.0000000000e+01, 2.4000000000e+01, 1.4000000000e+01, 5.0000000000e-02, 7.4359700000e+03
 1500514200, 5.0000000000e+01, 2.4000000000e+01, 1.0733333333e+01, 5.0000000000e-02, 7.4348000000e+03
 1500514500, 5.0000000000e+01, 2.4000000000e+01, 1.1233333333e+01, 5.0000000000e-02, 7.4358166667e+03
 1500514800, 5.0000000000e+01, 2.4000000000e+01, 1.2000000000e+01, 5.0000000000e-02, 7.4353833333e+03
 1500515100, 5.0000000000e+01, 2.4000000000e+01, 1.1566666667e+01, 5.0000000000e-02, 7.4352166667e+03
 1500515400, 5.0000000000e+01, 2.4000000000e+01, 1.0000000000e+01, 6.6333333333e-02, 7.4358333333e+03
 1500515700, 5.0000000000e+01, 2.4000000000e+01, 1.0000000000e+01, 6.7833333333e-02, 7.4364000000e+03
 1500516000, 5.0000000000e+01, 2.4000000000e+01, 1.1633333333e+01, 5.5833333333e-02, 7.4368000000e+03
 1500516300, 5.0000000000e+01, 2.4000000000e+01, 1.2000000000e+01, 5.0000000000e-02, 7.4366333333e+03
 1500516600, 5.0000000000e+01, 2.4000000000e+01, 1.1166666667e+01, 5.0166666667e-02, 7.4372000000e+03
 1500516900, 5.0000000000e+01, 2.4000000000e+01, 1.0000000000e+01, 5.5833333333e-02, 7.4369166667e+03
 1500517200, 5.0000000000e+01, 2.4000000000e+01, 1.0000000000e+01, 5.6166666667e-02, 7.4356000000e+03
 1500517500, 5.0000000000e+01, 2.4000000000e+01, 1.0000000000e+01, 5.1833333333e-02, 7.4360000000e+03
 1500517800, 5.0000000000e+01, 2.4000000000e+01, 1.0000000000e+01, 5.0000000000e-02, 7.4360000000e+03
 1500518100, 5.0000000000e+01, 2.4000000000e+01, 1.0000000000e+01, 5.0000000000e-02, 7.4360000000e+03
 1500518400, 5.0000000000e+01, 2.4000000000e+01, 1.0000000000e+01, 5.0000000000e-02, 7.4360000000e+03
 1500518700, 5.0000000000e+01, 2.4000000000e+01, 1.0000000000e+01, 5.0000000000e-02, 7.4360000000e+03
 1500519000, 5.0000000000e+01, 2.4000000000e+01, 1.0000000000e+01, 5.0000000000e-02, 7.4360000000e+03
 1500519300, 5.0000000000e+01, 2.4000000000e+01, 1.0000000000e+01, 5.0000000000e-02, 7.4364000000e+03
 1500519600, 5.0000000000e+01, 2.4000000000e+01, 1.0000000000e+01, 5.0000000000e-02, 7.4367833333e+03
 1500519900, 5.3083333333e+01, 2.4000000000e+01, 1.2466666667e+01, 5.0000000000e-02, 7.4361833333e+03
 1500520200, 5.2916666667e+01, 2.4000000000e+01, 1.3166666667e+01, 5.0000000000e-02, 7.4348000000e+03
 1500520500, 5.0000000000e+01, 2.4000000000e+01, 1.1566666667e+01, 5.0000000000e-02, 7.4343833333e+03
 1500520800, 5.0000000000e+01, 2.4000000000e+01, 1.0033333333e+01, 5.0000000000e-02, 7.4348300000e+03
 1500521100, 5.0000000000e+01, 2.4000000000e+01, 1.2000000000e+01, 5.0000000000e-02, 7.4349833333e+03
 1500521400, 5.0000000000e+01, 2.4000000000e+01, 1.0366666667e+01, 5.0166666667e-02, 7.4346000000e+03
 1500521700, 5.0000000000e+01, 2.4000000000e+01, 1.0000000000e+01, 5.1833333333e-02, 7.4354166667e+03
 1500522000, 5.0000000000e+01, 2.4000000000e+01, 1.0000000000e+01, 5.0000000000e-02, 7.4355833333e+03
 1500522300, 5.0000000000e+01, 2.4000000000e+01, 1.0000000000e+01, 5.2000000000e-02, 7.4354166667e+03
 1500522600, 5.0000000000e+01, 2.4000000000e+01, 1.0000000000e+01, 5.0000000000e-02, 7.4360166667e+03
 1500522900, 5.0000000000e+01, 2.4000000000e+01, 1.0000000000e+01, 5.0000000000e-02, 7.4369666667e+03
 1500523200, 5.0000000000e+01, 2.4000000000e+01, 1.0000000000e+01, 5.0000000000e-02, 7.4340166667e+03
 1500523500, 5.0000000000e+01, 2.4000000000e+01, 1.0000000000e+01, 5.0000000000e-02, 7.4346000000e+03
 1500523800, 5.0000000000e+01, 2.4000000000e+01, 1.0000000000e+01, 5.0000000000e-02, 7.4346000000e+03
 1500524100, 5.0000000000e+01, 2.4000000000e+01, 1.0000000000e+01, 5.0000000000e-02, 7.4352000000e+03
 1500524400, 5.0000000000e+01, 2.4000000000e+01, 1.0000000000e+01, 5.0000000000e-02, 7.4364000000e+03
 1500524700, 5.0000000000e+01, 2.4000000000e+01, 1.0000000000e+01, 5.0000000000e-02, 7.4360333333e+03
 1500525000, 5.0000000000e+01, 2.4000000000e+01, 1.0000000000e+01, 5.0000000000e-02, 7.4371833333e+03
 1500525300, 5.0000000000e+01, 2.4000000000e+01, 1.0000000000e+01, 5.0000000000e-02, 7.4365833333e+03
 1500525600, 5.0000000000e+01, 2.4000000000e+01, 1.0000000000e+01, 5.0000000000e-02, 7.4354000000e+03
 1500525900, 5.0000000000e+01, 2.4000000000e+01, 1.0433333333e+01, 5.0000000000e-02, 7.4346166667e+03
 1500526200, 5.0000000000e+01, 2.4000000000e+01, 1.2000000000e+01, 5.0000000000e-02, 7.4352166667e+03
 1500526500, 5.0000000000e+01, 2.4000000000e+01, 1.2000000000e+01, 5.0000000000e-02, 7.4360000000e+03
 1500526800, 5.0000000000e+01, 2.4000000000e+01, 1.2000000000e+01, 5.0000000000e-02, 7.4366000000e+03
 1500527100, 5.0000000000e+01, 2.4000000000e+01, 1.2000000000e+01, 5.0000000000e-02, 7.4367833333e+03
 1500527400, 5.0000000000e+01, 2.4000000000e+01, 1.2000000000e+01, 5.0000000000e-02, 7.4366166667e+03
 1500527700, 5.0000000000e+01, 2.4000000000e+01, 1.2000000000e+01, 5.0000000000e-02, 7.4362000000e+03
 1500528000, 5.0000000000e+01, 2.4000000000e+01, 1.2000000000e+01, 5.0166666667e-02, 7.4368166667e+03
 1500528300, 5.0000000000e+01, 2.4000000000e+01, 1.2000000000e+01, 5.4000000000e-02, 7.4373833333e+03
 1500528600, 5.0000000000e+01, 2.4000000000e+01, 1.2000000000e+01, 5.1833333333e-02, 7.4376166667e+03
 1500528900, 5.0000000000e+01, 2.4000000000e+01, 1.2000000000e+01, 5.2000000000e-02, 7.4363833333e+03
 1500529200, 5.0000000000e+01, 2.4000000000e+01, 1.2000000000e+01, 5.0000000000e-02, 7.4354000000e+03
 1500529500, 5.0000000000e+01, 2.4000000000e+01, 1.1566666667e+01, 5.0000000000e-02, 7.4358000000e+03
 1500529800, 5.0000000000e+01, 2.4000000000e+01, 1.0000000000e+01, 5.0000000000e-02, 7.4358166667e+03
 1500530100, 5.0000000000e+01, 2.4000000000e+01, 1.0000000000e+01, 5.0000000000e-02, 7.4356000000e+03
 1500530400, 5.0000000000e+01, 2.4000000000e+01, 1.0000000000e+01, 5.0000000000e-02, 7.4366166667e+03
 1500530700, 5.0000000000e+01, 2.4000000000e+01, 1.0000000000e+01, 5.0000000000e-02, 7.4372000000e+03
 1500531000, 5.0000000000e+01, 2.4000000000e+01, 1.0833333333e+01, 5.0000000000e-02, 7.4368166667e+03
 1500531300, 5.0000000000e+01, 2.4000000000e+01, 1.2000000000e+01, 5.0000000000e-02, 7.4376166667e+03
 1500531600, 5.0000000000e+01, 2.4000000000e+01, 1.2000000000e+01, 5.0000000000e-02, 7.4369333333e+03
 1500531900, 5.0000000000e+01, 2.4000000000e+01, 1.2000000000e+01, 5.0000000000e-02, 7.4370166667e+03
 1500532200, 5.0000000000e+01, 2.4000000000e+01, 1.0366666667e+01, 5.0000000000e-02, 7.4373833333e+03
 1500532500, 5.0000000000e+01, 2.4000000000e+01, 1.1233333333e+01, 5.2000000000e-02, 7.4371666667e+03
 1500532800, 5.0000000000e+01, 2.4000000000e+01, 1.2000000000e+01, 5.0000000000e-02, 7.4356333333e+03
 1500533100, 5.0000000000e+01, 2.4000000000e+01, 1.1566666667e+01, 5.0000000000e-02, 7.4377833333e+03
 1500533400, 5.0000000000e+01, 2.4000000000e+01, 1.0000000000e+01, 5.0000000000e-02, 7.4378000000e+03
 1500533700, 5.0000000000e+01, 2.4000000000e+01, 1.0000000000e+01, 5.0000000000e-02, 7.4371833333e+03
 1500534000, 5.0000000000e+01, 2.4000000000e+01, 1.0000000000e+01, 5.6333333333e-02, 7.4374166667e+03
 1500534300, 5.0000000000e+01, 2.4000000000e+01, 1.1233333333e+01, 7.6000000000e-02, 7.4378166667e+03
 1500534600, 5.0000000000e+01, 2.4000000000e+01, 1.2000000000e+01, 7.2000000000e-02, 7.4384000000e+03
 1500534900, 5.0000000000e+01, 2.4000000000e+01, 1.1566666667e+01, 5.9666666667e-02, 7.4374000000e+03
 1500535200, 5.0000000000e+01, 2.4000000000e+01, 1.0000000000e+01, 5.0000000000e-02, 7.4376166667e+03
 1500535500, 5.0000000000e+01, 2.4000000000e+01, 1.0000000000e+01, 5.0166666667e-02, 7.4381833333e+03
 1500535800, 5.0000000000e+01, 2.4000000000e+01, 1.0000000000e+01, 5.5833333333e-02, 7.4377833333e+03
 1500536100, 5.0000000000e+01, 2.4000000000e+01, 1.1233333333e+01, 5.0000000000e-02, 7.4380333333e+03
 1500536400, 5.0000000000e+01, 2.4000000000e+01, 1.2000000000e+01, 5.0000000000e-02, 7.4383666667e+03
 1500536700, 5.0000000000e+01, 2.4000000000e+01, 1.1566666667e+01, 5.0000000000e-02, 7.4382166667e+03
 1500537000, 5.0000000000e+01, 2.4000000000e+01, 1.0033333333e+01, 5.0000000000e-02, 7.4378166667e+03
 1500537300, 5.0000000000e+01, 2.4000000000e+01, 1.2000000000e+01, 5.0000000000e-02, 7.4387833333e+03
 1500537600, 5.0000000000e+01, 2.4000000000e+01, 1.0366666667e+01, 5.0000000000e-02, 7.4388166667e+03
 1500537900, 5.0000000000e+01, 2.4000000000e+01, 1.0000000000e+01, 5.0000000000e-02, 7.4380000000e+03
 1500538200, 5.0000000000e+01, 2.4000000000e+01, 1.0000000000e+01, 5.0000000000e-02, 7.4373900000e+03
 1500538500, 5.0000000000e+01, 2.4000000000e+01, 1.0000000000e+01, 5.6000000000e-02, 7.4382000000e+03
 1500538800, 5.0000000000e+01, 2.4000000000e+01, 1.0000000000e+01, 5.0000000000e-02, 7.4388166667e+03
 1500539100, 5.0000000000e+01, 2.4000000000e+01, 1.0000000000e+01, 5.0000000000e-02, 7.4390000000e+03
 1500539400, 5.0000000000e+01, 2.4000000000e+01, 1.1633333333e+01, 5.0000000000e-02, 7.4387666667e+03
 1500539700, 5.0000000000e+01, 2.4000000000e+01, 1.0766666667e+01, 5.0000000000e-02, 7.4386166667e+03
 1500540000, 5.0000000000e+01, 2.4000000000e+01, 1.0000000000e+01, 5.0000000000e-02, 7.4387833333e+03
 1500540300, 5.1083333333e+01, 2.4866666667e+01, 1.0433333333e+01, 5.8333333333e-02, 7.4384166667e+03
 1500540600, 5.4916666667e+01, 2.7933333333e+01, 1.1966666667e+01, 6.4166666667e-02, 7.4386000000e+03
 1500540900, 5.0000000000e+01, 2.4000000000e+01, 1.0000000000e+01, 9.4333333333e-02, 7.4376166667e+03
 1500541200, 5.0000000000e+01, 2.4000000000e+01, 1.0000000000e+01, 1.0833333333e-01, 7.4379833333e+03
 1500541500, 5.0000000000e+01, 2.4000000000e+01, 1.1233333333e+01, 1.1983333333e-01, 7.4371833333e+03
 1500541800, 5.0000000000e+01, 2.4000000000e+01, 1.1166666667e+01, 1.0783333333e-01, 7.4369900000e+03
 1500542100, 5.0000000000e+01, 2.4000000000e+01, 1.0426666667e+01, 8.9500000000e-02, 7.4376066667e+03
 1500542400, 5.0083333333e+01, 2.4000000000e+01, 1.2000000000e+01, 6.3666666667e-02, 7.4382500000e+03
 1500542700, 5.5000000000e+01, 2.4000000000e+01, 1.2000000000e+01, 5.4000000000e-02, 7.4397833333e+03
 1500543000, 5.0916666667e+01, 2.4000000000e+01, 1.2000000000e+01, 5.0000000000e-02, 7.4402166667e+03
 1500543300, 5.0000000000e+01, 2.4000000000e+01, 1.0766666667e+01, 5.0000000000e-02, 7.4401666667e+03
 1500543600, 5.0000000000e+01, 2.4000000000e+01, 1.0000000000e+01, 5.0000000000e-02, 7.4378000000e+03
 1500543900, 5.0000000000e+01, 2.4000000000e+01, 1.0000000000e+01, 5.2000000000e-02, 7.4384166667e+03
 1500544200, 5.0000000000e+01, 2.4000000000e+01, 1.0033333333e+01, 5.0000000000e-02, 7.4386366667e+03
 1500544500, 5.0000000000e+01, 2.4000000000e+01, 1.2000000000e+01, 5.0000000000e-02, 7.4385666667e+03
 1500544800, 5.0000000000e+01, 2.4000000000e+01, 1.0366666667e+01, 5.8166666667e-02, 7.4388166667e+03
 1500545100, 5.0000000000e+01, 2.4000000000e+01, 1.1233333333e+01, 5.1833333333e-02, 7.4387833333e+03
 1500545400, 5.0000000000e+01, 2.4000000000e+01, 1.1166666667e+01, 5.0000000000e-02, 7.4386333333e+03
 1500545700, 5.0000000000e+01, 2.4000000000e+01, 1.0000000000e+01, 5.0000000000e-02, 7.4395833333e+03
 1500546000, 5.0000000000e+01, 2.4000000000e+01, 1.0000000000e+01, 5.0000000000e-02, 7.4382500000e+03
 1500546300, 5.0000000000e+01, 2.4000000000e+01, 1.0000000000e+01, 5.0000000000e-02, 7.4388833333e+03
 1500546600, 5.0000000000e+01, 2.4000000000e+01, 1.1633333333e+01, 5.6333333333e-02, 7.4379833333e+03
 1500546900, 5.0000000000e+01, 2.4000000000e+01, 1.0766666667e+01, 8.2333333333e-02, 7.4376333333e+03
 1500547200, 5.0000000000e+01, 2.4000000000e+01, 1.0000000000e+01, 1.0633333333e-01, 7.4384000000e+03
 1500547500, 5.0000000000e+01, 2.4000000000e+01, 1.0000000000e+01, 1.1000000000e-01, 7.4387833333e+03
 1500547800, 5.0000000000e+01, 2.4000000000e+01, 1.0000000000e+01, 1.1200000000e-01, 7.4386166667e+03
 1500548100, 5.0000000000e+01, 2.4000000000e+01, 1.0000000000e+01, 1.1400000000e-01, 7.4385833333e+03
 1500548400, 5.0000000000e+01, 2.4000000000e+01, 1.0000000000e+01, 9.7666666667e-02, 7.4380166667e+03
 1500548700, 5.0000000000e+01, 2.4000000000e+01, 1.0000000000e+01, 8.7666666667e-02, 7.4396166667e+03
 1500549000, 5.0000000000e+01, 2.4000000000e+01, 1.0000000000e+01, 5.9700000000e-02, 7.4391833333e+03
 1500549300, 5.0000000000e+01, 2.4000000000e+01, 1.0000000000e+01, 5.0000000000e-02, 7.4390166667e+03
 1500549600, 5.0000000000e+01, 2.4000000000e+01, 1.0000000000e+01, 5.0000000000e-02, 7.4388000000e+03
 1500549900, 5.0000000000e+01, 2.4000000000e+01, 1.0000000000e+01, 5.0000000000e-02, 7.4390033333e+03
 1500550200, 5.0000000000e+01, 2.4000000000e+01, 1.0000000000e+01, 5.2000000000e-02, 7.4386000000e+03
 1500550500, 5.0000000000e+01, 2.4000000000e+01, 1.0000000000e+01, 5.0000000000e-02, 7.4379833333e+03
 1500550800, 5.0000000000e+01, 2.4000000000e+01, 1.0000000000e+01, 5.0000000000e-02, 7.4384000000e+03
 1500551100, 5.0000000000e+01, 2.4000000000e+01, 1.0000000000e+01, 5.6166666667e-02, 7.4384333333e+03
 1500551400, 5.0000000000e+01, 2.4000000000e+01, 1.0000000000e+01, 6.1833333333e-02, 7.4390000000e+03
 1500551700, 5.0000000000e+01, 2.4000000000e+01, 1.0000000000e+01, 5.2000000000e-02, 7.4394000000e+03
 1500552000, 5.0000000000e+01, 2.4000000000e+01, 1.1633333333e+01, 5.0000000000e-02, 7.4396000000e+03
 1500552300, 5.0000000000e+01, 2.4000000000e+01, 1.2000000000e+01, 5.2000000000e-02, 7.4406000000e+03
 1500552600, 5.0000000000e+01, 2.4000000000e+01, 1.1166666667e+01, 5.0000000000e-02, 7.4392000000e+03
 1500552900, 5.0000000000e+01, 2.4000000000e+01, 1.0000000000e+01, 6.0333333333e-02, 7.4392166667e+03
 1500553200, 5.0000000000e+01, 2.4000000000e+01, 1.0033333333e+01, 6.9833333333e-02, 7.4391666667e+03
 1500553500, 5.0000000000e+01, 2.4000000000e+01, 1.2000000000e+01, 5.2000000000e-02, 7.4384166667e+03
 1500553800, 5.0000000000e+01, 2.4000000000e+01, 1.0366666667e+01, 5.7833333333e-02, 7.4392000000e+03
 1500554100, 5.0000000000e+01, 2.4000000000e+01, 1.0000000000e+01, 5.0000000000e-02, 7.4393666667e+03
 1500554400, 5.0000000000e+01, 2.4000000000e+01, 1.0000000000e+01, 5.0000000000e-02, 7.4384500000e+03
 1500554700, 5.0000000000e+01, 2.4000000000e+01, 1.0000000000e+01, 5.0000000000e-02, 7.4402000000e+03
 1500555000, 5.0000000000e+01, 2.4000000000e+01, 1.0000000000e+01, 5.0000000000e-02, 7.4399666667e+03
 1500555300, 5.0000000000e+01, 2.4000000000e+01, 1.0000000000e+01, 5.0000000000e-02, 7.4375833333e+03
 1500555600, 5.0000000000e+01, 2.4000000000e+01, 1.0000000000e+01, 5.0000000000e-02, 7.4372166667e+03
 1500555900, 5.0000000000e+01, 2.4000000000e+01, 1.0000000000e+01, 5.0000000000e-02, 7.4378000000e+03
 1500556200, 5.0000000000e+01, 2.4000000000e+01, 1.0000000000e+01, 5.0000000000e-02, 7.4384000000e+03
 1500556500, 5.0000000000e+01, 2.4000000000e+01, 1.0000000000e+01, 5.0000000000e-02, 7.4392166667e+03
 1500556800, 5.0000000000e+01, 2.4000000000e+01, 1.0033333333e+01, 5.0000000000e-02, 7.4382000000e+03
 1500557100, 5.0000000000e+01, 2.4000000000e+01, 1.2000000000e+01, 5.0000000000e-02, 7.4384000000e+03
 1500557400, 5.0000000000e+01, 2.4000000000e+01, 1.0366666667e+01, 5.0000000000e-02, 7.4387833333e+03
 1500557700, 5.0000000000e+01, 2.4000000000e+01, 1.0000000000e+01, 5.0000000000e-02, 7.4392166667e+03
 1500558000, 5.0000000000e+01, 2.4000000000e+01, 1.0000000000e+01, 5.0000000000e-02, 7.4396000000e+03
 1500558300, 5.0000000000e+01, 2.4000000000e+01, 1.0000000000e+01, 5.0000000000e-02, 7.4382166667e+03
 1500558600, 5.0000000000e+01, 2.4000000000e+01, 1.0000000000e+01, 5.0000000000e-02, 7.4382000000e+03
 1500558900, 5.0000000000e+01, 2.4000000000e+01, 1.0000000000e+01, 5.4333333333e-02, 7.4377833333e+03
 1500559200, 5.0000000000e+01, 2.4000000000e+01, 1.1633333333e+01, 6.6000000000e-02, 7.4388333333e+03
 1500559500, 5.0000000000e+01, 2.4000000000e+01, 1.0766666667e+01, 7.0000000000e-02, 7.4394166667e+03
 1500559800, 5.0000000000e+01, 2.4000000000e+01, 1.0000000000e+01, 6.8166666667e-02, 7.4386000000e+03
 1500560100, 5.0000000000e+01, 2.4000000000e+01, 1.0000000000e+01, 7.9833333333e-02, 7.4397833333e+03
 1500560400, 5.0000000000e+01, 2.4000000000e+01, 1.0000000000e+01, 6.7833333333e-02, 7.4386333333e+03
 1500560700, 5.0000000000e+01, 2.4000000000e+01, 1.0000000000e+01, 5.5833333333e-02, 7.4393666667e+03
 1500561000, 5.4083333333e+01, 2.4000000000e+01, 1.3266666667e+01, 5.0000000000e-02, 7.4391500000e+03
 1500561300, 5.1916666667e+01, 2.4000000000e+01, 1.1533333333e+01, 5.0000000000e-02, 7.4377666667e+03
 1500561600, 5.0000000000e+01, 2.4000000000e+01, 1.0000000000e+01, 5.0000000000e-02, 7.4370166667e+03
 1500561900, 5.0000000000e+01, 2.4000000000e+01, 1.0000000000e+01, 5.0000000000e-02, 7.4384333333e+03
 1500562200, 5.0000000000e+01, 2.4000000000e+01, 1.0033333333e+01, 5.0000000000e-02, 7.4388000000e+03
 1500562500, 5.0000000000e+01, 2.4000000000e+01, 1.2000000000e+01, 5.0000000000e-02, 7.4391666667e+03
 1500562800, 5.0000000000e+01, 2.4000000000e+01, 1.0366666667e+01, 5.0000000000e-02, 7.4392166667e+03
 1500563100, 5.0000000000e+01, 2.4000000000e+01, 1.0000000000e+01, 5.0000000000e-02, 7.4398166667e+03
 1500563400, 5.0000000000e+01, 2.4000000000e+01, 1.0000000000e+01, 5.0000000000e-02, 7.4400000000e+03
 1500563700, 5.0000000000e+01, 2.4000000000e+01, 1.0000000000e+01, 5.2166666667e-02, 7.4401833333e+03
 1500564000, 5.0000000000e+01, 2.4000000000e+01, 1.0033333333e+01, 6.2000000000e-02, 7.4395833333e+03
 1500564300, 5.0000000000e+01, 2.4000000000e+01, 1.2000000000e+01, 5.6000000000e-02, 7.4376166667e+03
 1500564600, 5.0000000000e+01, 2.4000000000e+01, 1.0366666667e+01, 5.1833333333e-02, 7.4384000000e+03
 1500564900, 5.0000000000e+01, 2.4000000000e+01, 1.0000000000e+01, 5.0000000000e-02, 7.4380000000e+03
 1500565200, 5.0000000000e+01, 2.4000000000e+01, 1.0000000000e+01, 5.0333333333e-02, 7.4379833333e+03
 1500565500, 5.0000000000e+01, 2.4000000000e+01, 1.0000000000e+01, 6.4933333333e-02, 7.4384733333e+03
 1500565800, 5.0250000000e+01, 2.4100000000e+01, 1.0133333333e+01, 2.6500000000e-01, 7.4393666667e+03
 1500566100, 6.5000000000e+01, 3.0000000000e+01, 1.8000000000e+01, 5.2533333333e-01, 7.4398000000e+03
 1500566400, 6.0916666667e+01, 2.8366666667e+01, 1.6366666667e+01, 6.8583333333e-01, 7.4404000000e+03
 1500566700, 6.0000000000e+01, 2.9233333333e+01, 1.6000000000e+01, 7.8150000000e-01, 7.4402000000e+03
 1500567000, 5.7916666667e+01, 2.8333333333e+01, 1.4333333333e+01, 8.5683333333e-01, 7.4404000000e+03
 1500567300, 5.8250000000e+01, 2.7300000000e+01, 1.3733333333e+01, 9.0083333333e-01, 7.4390000000e+03
 1500567600, 7.0000000000e+01, 3.2033333333e+01, 2.0033333333e+01, 9.5283333333e-01, 7.4393833333e+03
 1500567900, 7.0000000000e+01, 3.4000000000e+01, 2.2000000000e+01, 9.9233333333e-01, 7.4376000000e+03
 1500568200, 6.1833333333e+01, 2.9100000000e+01, 1.5466666667e+01, 1.0041666667e+00, 7.4402166667e+03
 1500568500, 6.0000000000e+01, 2.8000000000e+01, 1.5233333333e+01, 1.0266666667e+00, 7.4394166667e+03
 1500568800, 5.7916666667e+01, 2.6333333333e+01, 1.4333333333e+01, 1.0561666667e+00, 7.4396166667e+03
 1500569100, 5.5000000000e+01, 2.4433333333e+01, 1.2433333333e+01, 1.0656666667e+00, 7.4648500000e+03
 1500569400, 5.6500000000e+01, 2.7300000000e+01, 1.4166666667e+01, 2.3270000000e+00, 7.8003000000e+03
 1500569700, 1.4500000000e+02, 1.0400000000e+02, 2.4000000000e+01, 4.1753333333e+00, 2.9114183333e+04
 1500570000, 1.4908333333e+02, 1.0563333333e+02, 2.4000000000e+01, 5.5063333333e+00, 4.2511816667e+04
 1500570300, 1.5000000000e+02, 1.0723333333e+02, 2.5233333333e+01, 6.4735000000e+00, 4.2514633333e+04
 1500570600, 1.5000000000e+02, 1.0716666667e+02, 2.6000000000e+01, 7.1878333333e+00, 4.2514366667e+04
 1500570900, 1.5000000000e+02, 1.0600000000e+02, 2.6000000000e+01, 7.7030000000e+00, 4.2514416667e+04
 1500571200, 1.4991666667e+02, 1.0596666667e+02, 2.5966666667e+01, 8.0643333333e+00, 4.2442483333e+04
 1500571500, 1.4500000000e+02, 1.0400000000e+02, 2.4000000000e+01, 8.3101666667e+00, 4.7357600000e+04
 1500571800, 7.5583333333e+01, 4.1933333333e+01, 1.5833333333e+01, 8.5321666667e+00, 4.6371350000e+04
 1500572100, 6.0000000000e+01, 2.8000000000e+01, 1.4000000000e+01, 8.6565000000e+00, 5.2448183333e+04
 1500572400, 6.4166666667e+01, 3.0500000000e+01, 1.5666666667e+01, 8.7473333333e+00, 5.2403400000e+04
 1500572700, 8.5166666667e+01, 4.7866666667e+01, 1.9300000000e+01, 8.8315000000e+00, 5.2454533333e+04
 1500573000, 1.4025000000e+02, 9.8200000000e+01, 2.4033333333e+01, 8.4650000000e+00, 5.2638533333e+04
 1500573300, 1.5500000000e+02, 1.1000000000e+02, 2.6000000000e+01, 7.9650000000e+00, 5.2589666667e+04
 1500573600, 1.5500000000e+02, 1.1000000000e+02, 2.7633333333e+01, 7.6888333333e+00, 5.2581000000e+04
 1500573900, 1.5500000000e+02, 1.1000000000e+02, 2.8000000000e+01, 7.4846666667e+00, 5.2638800000e+04
 1500574200, 1.5291666667e+02, 1.0916666667e+02, 2.7166666667e+01, 7.5116666667e+00, 5.2545233333e+04
 1500574500, 1.4783333333e+02, 1.0626666667e+02, 2.5566666667e+01, 7.4150000000e+00, 5.2576166667e+04
 1500574800, 1.4016666667e+02, 1.0006666667e+02, 2.4033333333e+01, 7.3633333333e+00, 5.2638233333e+04
 1500575100, 1.5000000000e+02, 1.0400000000e+02, 2.6000000000e+01, 7.2325000000e+00, 5.2638416667e+04
 1500575400, 1.4183333333e+02, 1.0073333333e+02, 2.4366666667e+01, 7.2395000000e+00, 2.5725150000e+04
 1500575700, 1.4616666667e+02, 1.0370000000e+02, 2.4000000000e+01, 7.6273333333e+00, 8.1246000000e+03
 1500576000, 1.5000000000e+02, 1.0600000000e+02, 2.4000000000e+01, 8.0173333333e+00, 4.2510600000e+04
 1500576300, 1.5000000000e+02, 1.0643333333e+02, 2.4433333333e+01, 8.2876666667e+00, 4.2511600000e+04
 1500576600, 1.5000000000e+02, 1.0800000000e+02, 2.6000000000e+01, 8.4848333333e+00, 4.2512650000e+04
 1500576900, 1.5000000000e+02, 1.0800000000e+02, 2.6000000000e+01, 8.6401666667e+00, 4.2515000000e+04
 1500577200, 1.5000000000e+02, 1.0800000000e+02, 2.6000000000e+01, 8.7453333333e+00, 4.2515750000e+04
 1500577500, 1.5000000000e+02, 1.0676666667e+02, 2.4766666667e+01, 8.8168333333e+00, 4.3560366667e+04
 1500577800, 1.4583333333e+02, 1.0266666667e+02, 2.4000000000e+01, 8.8546666667e+00, 4.8111633333e+04
 1500578100, 1.4325000000e+02, 1.0016666667e+02, 2.4433333333e+01, 8.6236666667e+00, 5.2540216667e+04
 1500578400, 1.5500000000e+02, 1.0803333333e+02, 2.6033333333e+01, 8.0070000000e+00, 5.2582633333e+04
 1500578700, 1.5500000000e+02, 1.1000000000e+02, 2.8000000000e+01, 7.5476666667e+00, 5.2583800000e+04
 1500579000, 1.5500000000e+02, 1.1000000000e+02, 2.6366666667e+01, 7.3183333333e+00, 5.2630783333e+04
 1500579300, 1.4575000000e+02, 1.0383333333e+02, 2.4766666667e+01, 7.2530000000e+00, 4.3260983333e+04
 1500579600, 1.4208333333e+02, 1.0166666667e+02, 2.4000000000e+01, 7.3668333333e+00, 8.1282833333e+03
 1500579900, 1.4608333333e+02, 1.0443333333e+02, 2.4000000000e+01, 7.5406666667e+00, 2.2090966667e+04
 1500580200, 1.5000000000e+02, 1.0600000000e+02, 2.4033333333e+01, 7.6716666667e+00, 4.2479783333e+04
 1500580500, 1.5000000000e+02, 1.0600000000e+02, 2.6000000000e+01, 7.7653333333e+00, 4.2479616667e+04
 1500580800, 1.5000000000e+02, 1.0600000000e+02, 2.6000000000e+01, 7.8308333333e+00, 4.2479800000e+04
 1500581100, 1.5000000000e+02, 1.0600000000e+02, 2.6000000000e+01, 7.8786666667e+00, 4.2480216667e+04
 1500581400, 1.5000000000e+02, 1.0600000000e+02, 2.6000000000e+01, 7.9145000000e+00, 4.2562133333e+04
 1500581700, 1.5108333333e+02, 1.0686666667e+02, 2.6000000000e+01, 7.8126666667e+00, 5.1651700000e+04
 1500582000, 1.5500000000e+02, 1.1000000000e+02, 2.6033333333e+01, 7.3245000000e+00, 5.2622383333e+04
 1500582300, 1.5500000000e+02, 1.1000000000e+02, 2.8000000000e+01, 7.0963333333e+00, 5.2622816667e+04
 1500582600, 1.5500000000e+02, 1.1000000000e+02, 2.8000000000e+01, 6.9163333333e+00, 5.2611983333e+04
 1500582900, 1.5500000000e+02, 1.1000000000e+02, 2.8000000000e+01, 6.7316666667e+00, 5.2623233333e+04
 1500583200, 1.5500000000e+02, 1.1000000000e+02, 2.8000000000e+01, 6.6190000000e+00, 5.2623200000e+04
 1500583500, 1.5500000000e+02, 1.1000000000e+02, 2.7566666667e+01, 6.4623333333e+00, 5.2624633333e+04
 1500583800, 1.5500000000e+02, 1.1000000000e+02, 2.6000000000e+01, 6.3023333333e+00, 5.2625583333e+04
 1500584100, 1.5500000000e+02, 1.1000000000e+02, 2.6000000000e+01, 6.2386666667e+00, 4.3245700000e+04
 1500584400, 1.4275000000e+02, 9.8566666667e+01, 2.4366666667e+01, 6.5598333333e+00, 8.0333000000e+03
 1500584700, 1.4616666667e+02, 1.0216666667e+02, 2.4000000000e+01, 6.9755000000e+00, 3.5629200000e+04
 1500585000, 1.5000000000e+02, 1.0600000000e+02, 2.4833333333e+01, 7.2660000000e+00, 4.2497983333e+04
 1500585300, 1.5000000000e+02, 1.0600000000e+02, 2.6000000000e+01, 7.4788333333e+00, 4.2498416667e+04
 1500585600, 1.5000000000e+02, 1.0600000000e+02, 2.6000000000e+01, 7.6281666667e+00, 4.2497000000e+04
 1500585900, 1.5000000000e+02, 1.0600000000e+02, 2.6000000000e+01, 7.7375000000e+00, 4.2497216667e+04
 1500586200, 1.5000000000e+02, 1.0600000000e+02, 2.6000000000e+01, 7.7821666667e+00, 4.5659650000e+04
 1500586500, 1.5308333333e+02, 1.0723333333e+02, 2.6000000000e+01, 7.4685000000e+00, 5.2583033333e+04
 1500586800, 1.5500000000e+02, 1.0883333333e+02, 2.6000000000e+01, 7.1353333333e+00, 5.2582616667e+04
 1500587100, 1.5500000000e+02, 1.1000000000e+02, 2.6433333333e+01, 6.9855000000e+00, 5.2631400000e+04
 1500587400, 1.5500000000e+02, 1.1000000000e+02, 2.7966666667e+01, 6.7326666667e+00, 5.2629200000e+04
 1500587700, 1.5500000000e+02, 1.1000000000e+02, 2.6000000000e+01, 6.5510000000e+00, 2.5714450000e+04
 1500588000, 1.4683333333e+02, 1.0346666667e+02, 2.4366666667e+01, 6.9276666667e+00, 8.1102000000e+03
 1500588300, 1.4808333333e+02, 1.0446666667e+02, 2.5233333333e+01, 7.2301666667e+00, 4.2494583333e+04
 1500588600, 1.5000000000e+02, 1.0600000000e+02, 2.6000000000e+01, 7.4488333333e+00, 4.2493600000e+04
 1500588900, 1.5000000000e+02, 1.0600000000e+02, 2.6000000000e+01, 7.6023333333e+00, 4.2493816667e+04
 1500589200, 1.5000000000e+02, 1.0600000000e+02, 2.6000000000e+01, 7.7195000000e+00, 4.2494850000e+04
 1500589500, 1.5000000000e+02, 1.0600000000e+02, 2.6000000000e+01, 7.7990000000e+00, 4.2495783333e+04
 1500589800, 1.5000000000e+02, 1.0600000000e+02, 2.6000000000e+01, 7.8403333333e+00, 4.6575233333e+04
 1500590100, 1.5308333333e+02, 1.0723333333e+02, 2.6000000000e+01, 7.6400000000e+00, 5.2629666667e+04
 1500590400, 1.5500000000e+02, 1.0883333333e+02, 2.6833333333e+01, 7.1680000000e+00, 5.2629233333e+04
 1500590700, 1.5500000000e+02, 1.1000000000e+02, 2.8000000000e+01, 6.7859000000e+00, 5.2631230000e+04
 1500591000, 1.5500000000e+02, 1.1000000000e+02, 2.8000000000e+01, 6.5751666667e+00, 5.2631616667e+04
 1500591300, 1.5500000000e+02, 1.1000000000e+02, 2.8000000000e+01, 6.4533333333e+00, 5.2632200000e+04
 1500591600, 1.5500000000e+02, 1.1000000000e+02, 2.8000000000e+01, 6.3066666667e+00, 5.2632516667e+04
 1500591900, 1.5500000000e+02, 1.1000000000e+02, 2.8000000000e+01, 6.1741666667e+00, 5.2632000000e+04
 1500592200, 1.5500000000e+02, 1.1000000000e+02, 2.8000000000e+01, 6.1073333333e+00, 5.2631583333e+04
 1500592500, 1.3926666667e+02, 9.5446666667e+01, 2.6426666667e+01, 6.1776333333e+00, 1.6951083333e+04
 1500592800, 7.5000000000e+01, 3.6000000000e+01, 2.0000000000e+01, 6.3211000000e+00, 9.4936083333e+03
 1500593100, 7.5000000000e+01, 3.6000000000e+01, 2.0000000000e+01, 6.4354000000e+00, 9.5725916667e+03
 1500593400, 7.5000000000e+01, 3.4406666667e+01, 2.0000000000e+01, 6.5234666667e+00, 9.6182900000e+03
 1500593700, 1.0275000000e+02, 6.1133333333e+01, 2.3700000000e+01, 6.8365333333e+00, 2.1498053333e+04
 1500594000, 1.7208333333e+02, 1.2050000000e+02, 3.3500000000e+01, 1.2924433333e+01, 3.6711213333e+04
 1500594300, 2.4500000000e+02, 1.7956666667e+02, 4.4000000000e+01, 1.8544133333e+01, 3.8128306667e+04
 1500594600, 2.4500000000e+02, 1.7800000000e+02, 4.4000000000e+01, 2.2589166667e+01, 3.7922773333e+04
 1500594900, 2.4500000000e+02, 1.7800000000e+02, 4.4000000000e+01, 2.5450000000e+01, 3.7862600000e+04
 1500595200, 2.4093333333e+02, 1.7474666667e+02, 4.4000000000e+01, 2.7492333333e+01, 3.7837313333e+04
 1500595500, 2.4000000000e+02, 1.7523333333e+02, 4.5233333333e+01, 2.8971333333e+01, 3.7798400000e+04
 1500595800, 2.3791666667e+02, 1.7433333333e+02, 4.5166666667e+01, 3.0049133333e+01, 3.7906800000e+04
 1500596100, 2.3686666667e+02, 1.7349333333e+02, 4.4000000000e+01, 3.0982000000e+01, 3.7941410000e+04
 1500596400, 2.3891666667e+02, 1.7513333333e+02, 4.4000000000e+01, 3.1553533333e+01, 3.8027293333e+04
 1500596700, 2.3516666667e+02, 1.7216666667e+02, 4.4033333333e+01, 3.1867166667e+01, 3.8001206667e+04
 1500597000, 2.4500000000e+02, 1.8200000000e+02, 4.6000000000e+01, 3.2122366667e+01, 3.7922813333e+04
 1500597300, 2.4500000000e+02, 1.7873333333e+02, 4.6000000000e+01, 3.2380533333e+01, 3.8053150000e+04
 1500597600, 2.4500000000e+02, 1.8046666667e+02, 4.6000000000e+01, 3.2519833333e+01, 3.8068950000e+04
 1500597900, 2.4500000000e+02, 1.8116666667e+02, 4.6000000000e+01, 3.2639466667e+01, 3.8128633333e+04
 1500598200, 2.4185000000e+02, 1.7706000000e+02, 4.5580000000e+01, 3.2651933333e+01, 3.3983103333e+04
 1500598500, 2.2708333333e+02, 1.6366666667e+02, 4.3466666667e+01, 2.7031366667e+01, 7.8706633333e+03
 1500598800, 5.5000000000e+01, 2.6000000000e+01, 1.2000000000e+01, 2.0323000000e+01, 7.2278166667e+03
 1500599100, 5.5000000000e+01, 2.4366666667e+01, 1.2000000000e+01, 1.5843833333e+01, 7.2369333333e+03
 1500599400, 7.5166666667e+01, 3.3680000000e+01, 2.0066666667e+01, 1.2607966667e+01, 7.2369733333e+03
 1500599700, 8.9000000000e+01, 4.6800000000e+01, 2.4400000000e+01, 1.0438866667e+01, 8.1626600000e+03
 1500600000, 8.9950000000e+01, 4.8613333333e+01, 2.3980000000e+01, 9.4431333333e+00, 9.3534850000e+03
 1500600300, 7.8950000000e+01, 3.7160000000e+01, 2.0000000000e+01, 9.1489666667e+00, 9.9370883333e+03
 1500600600, 7.6750000000e+01, 3.5440000000e+01, 2.0300000000e+01, 8.4265333333e+00, 2.2483943333e+04
 1500600900, 2.5000000000e+02, 1.7800000000e+02, 5.0000000000e+01, 1.3767366667e+01, 4.0962696667e+04
 1500601200, 2.5406666667e+02, 1.7962666667e+02, 5.1626666667e+01, 1.8999000000e+01, 4.1777726667e+04
 1500601500, 2.5500000000e+02, 1.8122666667e+02, 5.2000000000e+01, 2.2795500000e+01, 4.1895826667e+04
 1500601800, 2.5293333333e+02, 1.8117333333e+02, 5.2000000000e+01, 2.5552400000e+01, 4.1943910000e+04
 1500602100, 2.5106666667e+02, 1.8000000000e+02, 5.2000000000e+01, 2.7536333333e+01, 4.1841383333e+04
 1500602400, 2.5500000000e+02, 1.8002000000e+02, 5.2000000000e+01, 2.8942133333e+01, 4.1837106667e+04
 1500602700, 2.5500000000e+02, 1.8200000000e+02, 5.2000000000e+01, 3.0020666667e+01, 4.2008666667e+04
 1500603000, 2.5095000000e+02, 1.7876000000e+02, 5.0380000000e+01, 3.0889333333e+01, 4.2172506667e+04
 1500603300, 2.5308333333e+02, 1.7923333333e+02, 5.1233333333e+01, 3.1530366667e+01, 4.2194903333e+04
 1500603600, 2.5295000000e+02, 1.8000000000e+02, 5.0360000000e+01, 3.1946266667e+01, 4.2516873333e+04
 1500603900, 2.5000000000e+02, 1.7957333333e+02, 4.8853333333e+01, 3.2257800000e+01, 4.2606076667e+04
 1500604200, 2.5005000000e+02, 1.7804000000e+02, 5.2000000000e+01, 3.2476300000e+01, 4.2634190000e+04
 1500604500, 2.5500000000e+02, 1.8200000000e+02, 5.2000000000e+01, 3.2639600000e+01, 4.2874040000e+04
 1500604800, 2.5500000000e+02, 1.8200000000e+02, 5.2000000000e+01, 3.2782066667e+01, 4.2773843333e+04
 1500605100, 2.5193333333e+02, 1.8200000000e+02, 5.0773333333e+01, 3.2845900000e+01, 4.2641736667e+04
 1500605400, 2.5205000000e+02, 1.8200000000e+02, 5.0820000000e+01, 3.2821966667e+01, 4.2700826667e+04
 1500605700, 2.5403333333e+02, 1.8122666667e+02, 5.1613333333e+01, 3.2816266667e+01, 4.2683886667e+04
 1500606000, 2.5000000000e+02, 1.7802000000e+02, 5.0020000000e+01, 3.2829166667e+01, 4.2921016667e+04
 1500606300, 2.5000000000e+02, 1.8000000000e+02, 5.2000000000e+01, 3.2771266667e+01, 4.3010950000e+04
 1500606600, 2.5403333333e+02, 1.8000000000e+02, 5.2000000000e+01, 3.2734566667e+01, 4.2822540000e+04
 1500606900, 2.4900000000e+02, 1.7640000000e+02, 4.9600000000e+01, 3.1814733333e+01, 3.5518106667e+04
 1500607200, 2.4083333333e+02, 1.7150000000e+02, 4.8000000000e+01, 2.9755333333e+01, 3.3994033333e+04
 1500607500, 2.2700000000e+02, 1.6160000000e+02, 4.6400000000e+01, 2.8179700000e+01, 3.4108376667e+04
 1500607800, 1.8558333333e+02, 1.2853333333e+02, 3.8066666667e+01, 2.6190400000e+01, 2.7851000000e+04
 1500608100, 2.2000000000e+02, 1.6000000000e+02, 4.2000000000e+01, 2.4120333333e+01, 2.9602300000e+04
 1500608400, 2.3633333333e+02, 1.6816666667e+02, 4.6900000000e+01, 2.3513666667e+01, 2.7638773333e+04
 1500608700, 2.3075000000e+02, 1.6506666667e+02, 4.5533333333e+01, 2.1794333333e+01, 2.3653733333e+04
 1500609000, 2.1250000000e+02, 1.5033333333e+02, 4.2333333333e+01, 2.0247000000e+01, 2.5102350000e+04
 1500609300, 2.0041666667e+02, 1.3963333333e+02, 4.0433333333e+01, 1.9982533333e+01, 2.5985823333e+04
 1500609600, 2.2033333333e+02, 1.6020000000e+02, 4.2100000000e+01, 1.9797500000e+01, 3.1660933333e+04
 1500609900, 2.4000000000e+02, 1.7200000000e+02, 4.8000000000e+01, 2.0893166667e+01, 3.3253266667e+04
 1500610200, 2.4000000000e+02, 1.7690000000e+02, 4.3100000000e+01, 2.1712000000e+01, 3.3850883333e+04
 1500610500, 2.4000000000e+02, 1.7430000000e+02, 4.5700000000e+01, 2.2344666667e+01, 3.3932883333e+04
 1500610800, 2.4000000000e+02, 1.7283333333e+02, 4.8000000000e+01, 2.2798166667e+01, 3.4091916667e+04
 1500611100, 2.4108333333e+02, 1.7400000000e+02, 4.8000000000e+01, 2.3122666667e+01, 3.4228550000e+04
 1500611400, 2.4491666667e+02, 1.7400000000e+02, 4.8000000000e+01, 2.3338166667e+01, 3.4031166667e+04
 1500611700, 2.4000000000e+02, 1.7400000000e+02, 4.8000000000e+01, 2.3451666667e+01, 3.3731016667e+04
 1500612000, 2.4000000000e+02, 1.7400000000e+02, 4.8000000000e+01, 2.3601000000e+01, 3.3785683333e+04
 1500612300, 2.4000000000e+02, 1.7276666667e+02, 4.8000000000e+01, 2.3699000000e+01, 3.3906016667e+04
 1500612600, 2.4000000000e+02, 1.7200000000e+02, 4.8000000000e+01, 2.3787166667e+01, 3.4017066667e+04
 1500612900, 2.4000000000e+02, 1.7200000000e+02, 4.8000000000e+01, 2.3834166667e+01, 3.4074850000e+04
 1500613200, 2.3991666667e+02, 1.7196666667e+02, 4.8000000000e+01, 2.3830000000e+01, 3.4060466667e+04
 1500613500, 2.3500000000e+02, 1.7000000000e+02, 4.8000000000e+01, 2.3848666667e+01, 3.4267716667e+04
 1500613800, 2.3908333333e+02, 1.7163333333e+02, 4.8000000000e+01, 2.3879833333e+01, 3.4514933333e+04
 1500614100, 2.4000000000e+02, 1.7200000000e+02, 4.8000000000e+01, 2.3909500000e+01, 3.4423033333e+04
 1500614400, 2.4000000000e+02, 1.7200000000e+02, 4.8000000000e+01, 2.3966166667e+01, 3.4444116667e+04
 1500614700, 2.2266666667e+02, 1.5813333333e+02, 4.4533333333e+01, 2.2915833333e+01, 2.2196833333e+04
 1500615000, 1.6000000000e+02, 1.0800000000e+02, 3.2000000000e+01, 1.9442333333e+01, 1.6202066667e+04
 1500615300, 1.1016666667e+02, 6.6140000000e+01, 2.6020000000e+01, 1.7648966667e+01, 1.7071526667e+04
 1500615600, 1.2220000000e+02, 7.5760000000e+01, 2.9253333333e+01, 1.6209066667e+01, 1.8059280000e+04
 1500615900, 1.9283333333e+02, 1.3473333333e+02, 3.9866666667e+01, 1.6431600000e+01, 3.3799783333e+04
 1500616200, 2.3916666667e+02, 1.7250000000e+02, 4.6833333333e+01, 1.9985933333e+01, 3.5862913333e+04
 1500616500, 2.4066666667e+02, 1.7296666667e+02, 4.7133333333e+01, 2.1373166667e+01, 3.2927433333e+04
 1500616800, 2.2525000000e+02, 1.6216666667e+02, 4.4066666667e+01, 2.2167333333e+01, 3.4039516667e+04
 1500617100, 2.4000000000e+02, 1.7200000000e+02, 4.8000000000e+01, 2.2663000000e+01, 3.4082550000e+04
 1500617400, 2.4000000000e+02, 1.7200000000e+02, 4.8000000000e+01, 2.3025333333e+01, 3.4110783333e+04
 1500617700, 2.4000000000e+02, 1.7570000000e+02, 4.4300000000e+01, 2.3346933333e+01, 3.4475380000e+04
 1500618000, 2.4000000000e+02, 1.7550000000e+02, 4.4500000000e+01, 2.3584000000e+01, 3.4527616667e+04
 1500618300, 2.4000000000e+02, 1.7200000000e+02, 4.8000000000e+01, 2.3700333333e+01, 3.4588366667e+04
 1500618600, 2.4000000000e+02, 1.7196666667e+02, 4.8000000000e+01, 2.3774166667e+01, 3.4497466667e+04
 1500618900, 2.4000000000e+02, 1.7000000000e+02, 4.8000000000e+01, 2.3839666667e+01, 3.4382866667e+04
 1500619200, 2.3591666667e+02, 1.7000000000e+02, 4.8000000000e+01, 2.3939666667e+01, 3.4648033333e+04
 1500619500, 2.3808333333e+02, 1.7246666667e+02, 4.8000000000e+01, 2.4025166667e+01, 3.4595516667e+04
 1500619800, 2.4000000000e+02, 1.7316666667e+02, 4.8000000000e+01, 2.4080000000e+01, 3.4339266667e+04
 1500620100, 2.4000000000e+02, 1.7200000000e+02, 4.8000000000e+01, 2.4087166667e+01, 3.4340900000e+04
 1500620400, 2.3991666667e+02, 1.7196666667e+02, 4.8000000000e+01, 2.4140500000e+01, 3.4028300000e+04
 1500620700, 2.3500000000e+02, 1.7000000000e+02, 4.8000000000e+01, 2.4171833333e+01, 3.3990400000e+04
 1500621000, 2.3908333333e+02, 1.7163333333e+02, 4.8000000000e+01, 2.4142000000e+01, 3.4279650000e+04
 1500621300, 2.4000000000e+02, 1.7323333333e+02, 4.8000000000e+01, 2.4164333333e+01, 3.4191416667e+04
 1500621600, 2.3375000000e+02, 1.6900000000e+02, 4.5500000000e+01, 2.3504166667e+01, 2.6345066667e+04
 1500621900, 2.0647500000e+02, 1.4640000000e+02, 3.9270000000e+01, 2.0178450000e+01, 1.6846138333e+04
 1500622200, 1.3047500000e+02, 8.2400000000e+01, 2.8070000000e+01, 1.8116816667e+01, 1.7693158333e+04
 1500622500, 8.5150000000e+01, 4.0140000000e+01, 2.4013333333e+01, 1.6595633333e+01, 1.8240820000e+04
 1500622800, 9.9933333333e+01, 5.1946666667e+01, 2.5493333333e+01, 1.5152366667e+01, 1.7509330000e+04
 1500623100, 1.6975000000e+02, 1.1273333333e+02, 3.4633333333e+01, 1.5786833333e+01, 3.2795833333e+04
 1500623400, 2.2041666667e+02, 1.5716666667e+02, 4.1666666667e+01, 1.8088333333e+01, 3.4359850000e+04
 1500623700, 2.3608333333e+02, 1.7086666667e+02, 4.4433333333e+01, 1.9706833333e+01, 3.4998483333e+04
 1500624000, 2.3991666667e+02, 1.7396666667e+02, 4.6000000000e+01, 2.0915000000e+01, 3.5512500000e+04
 1500624300, 2.3500000000e+02, 1.7200000000e+02, 4.6000000000e+01, 2.1814333333e+01, 3.5562083333e+04
 1500624600, 2.3908333333e+02, 1.7690000000e+02, 4.1100000000e+01, 2.2423966667e+01, 3.5789793333e+04
 1500624900, 2.4000000000e+02, 1.7553333333e+02, 4.3700000000e+01, 2.2878166667e+01, 3.6157816667e+04
 1500625200, 2.4000000000e+02, 1.7483333333e+02, 4.6000000000e+01, 2.3201666667e+01, 3.6320900000e+04
 1500625500, 2.3891666667e+02, 1.7513333333e+02, 4.6000000000e+01, 2.3648166667e+01, 3.6887916667e+04
 1500625800, 2.3515000000e+02, 1.7212000000e+02, 4.6000000000e+01, 2.4095266667e+01, 3.8381673333e+04
 1500626100, 2.5000000000e+02, 1.8400000000e+02, 4.6000000000e+01, 2.5904666667e+01, 4.8379316667e+04
 1500626400, 2.5405000000e+02, 1.8562000000e+02, 4.7620000000e+01, 2.7892133333e+01, 4.8777083333e+04
 1500626700, 2.5193333333e+02, 1.8477333333e+02, 4.8000000000e+01, 2.9312766667e+01, 4.8893053333e+04
 1500627000, 2.5000000000e+02, 1.8483333333e+02, 4.8000000000e+01, 3.0242900000e+01, 4.8983330000e+04
 1500627300, 2.5000000000e+02, 1.8558666667e+02, 4.7586666667e+01, 3.0884633333e+01, 4.9145100000e+04
 1500627600, 2.5000000000e+02, 1.8402666667e+02, 4.6026666667e+01, 3.1469100000e+01, 4.8908153333e+04
 1500627900, 2.5000000000e+02, 1.8600000000e+02, 4.8000000000e+01, 3.0586333333e+01, 3.9619500000e+04
 1500628200, 2.4183333333e+02, 1.7783333333e+02, 4.3100000000e+01, 2.8679500000e+01, 3.4581783333e+04
 1500628500, 1.4700000000e+02, 9.5600000000e+01, 3.0000000000e+01, 2.3466666667e+01, 9.3567500000e+03
 1500628800, 1.4125000000e+02, 9.1166666667e+01, 3.0333333333e+01, 1.9742500000e+01, 3.0420716667e+04
 1500629100, 2.0808333333e+02, 1.5046666667e+02, 3.9400000000e+01, 1.8792000000e+01, 3.3122133333e+04
 1500629400, 1.6500000000e+02, 1.1603333333e+02, 2.9966666667e+01, 1.6321333333e+01, 2.3242783333e+04
 1500629700, 1.6500000000e+02, 1.1800000000e+02, 2.8000000000e+01, 1.4288833333e+01, 2.2020866667e+04
 1500630000, 1.6091666667e+02, 1.1473333333e+02, 2.9633333333e+01, 1.2786833333e+01, 2.0577900000e+04
 1500630300, 1.2608333333e+02, 8.1933333333e+01, 2.6300000000e+01, 1.0269833333e+01, -nan
 1500630600, 1.2375000000e+02, 8.0333333333e+01, 2.5666666667e+01, 9.0330000000e+00, -nan
 1500630900, 1.3700000000e+02, 9.3433333333e+01, 2.7566666667e+01, 7.4483333333e+00, -nan
 1500631200, 9.0000000000e+01, 4.8033333333e+01, 2.5966666667e+01, 5.6456666667e+00, -nan
 1500631500, 9.0000000000e+01, -nan, -nan, 4.3763333333e+00, -nan
 1500631800, -nan, -nan, -nan, 3.3738333333e+00, -nan
 1500632100, -nan, -nan, -nan, 2.4691666667e+00, -nan
 1500632400, -nan, -nan, -nan, 1.8008333333e+00, -nan
 1500632700, -nan, -nan, -nan, 1.3051666667e+00, -nan
 1500633000, -nan, -nan, -nan, 9.5533333333e-01, -nan
 1500633300, -nan, -nan, -nan, 7.1666666667e-01, -nan
 1500633600, -nan, -nan, -nan, 5.2933333333e-01, -nan
 1500633900, -nan, -nan, -nan, -nan, -nan
 1500634200, -nan, -nan, -nan, -nan, -nan
 1500634500, -nan, -nan, -nan, -nan, -nan
 1500634800, -nan, -nan, -nan, -nan, -nan
