 Time, ttl_pwr, cpu_pwr, mem_pwr, cpu_load, mem_load
 1500448500, 5.0000000000e+01, 2.2000000000e+01, 1.0000000000e+01, 5.0000000000e-02, 8.4702833333e+03
 1500448800, 5.0000000000e+01, 2.3366666667e+01, 1.0000000000e+01, 5.0000000000e-02, 8.4714000000e+03
 1500449100, 5.0000000000e+01, 2.4000000000e+01, 1.0000000000e+01, 5.0000000000e-02, 8.4714000000e+03
 1500449400, 5.0000000000e+01, 2.3433333333e+01, 1.0000000000e+01, 5.0000000000e-02, 8.4713666667e+03
 1500449700, 5.0000000000e+01, 2.2000000000e+01, 1.0000000000e+01, 5.0000000000e-02, 8.4723166667e+03
 1500450000, 5.0000000000e+01, 2.2000000000e+01, 1.0000000000e+01, 5.0000000000e-02, 8.4710000000e+03
 1500450300, 5.0000000000e+01, 2.2000000000e+01, 1.0000000000e+01, 5.0000000000e-02, 8.4707166667e+03
 1500450600, 5.0000000000e+01, 2.2000000000e+01, 1.0000000000e+01, 5.2000000000e-02, 8.4707666667e+03
 1500450900, 5.0000000000e+01, 2.2000000000e+01, 1.0966666667e+01, 5.0000000000e-02, 8.4738833333e+03
 1500451200, 5.1416666667e+01, 2.3133333333e+01, 1.2000000000e+01, 5.0000000000e-02, 8.4722000000e+03
 1500451500, 5.5000000000e+01, 2.6000000000e+01, 1.2000000000e+01, 5.2000000000e-02, 8.4731166667e+03
 1500451800, 5.5000000000e+01, 2.6000000000e+01, 1.2000000000e+01, 5.0000000000e-02, 8.4733166667e+03
 1500452100, 5.0583333333e+01, 2.2466666667e+01, 1.0233333333e+01, 5.0000000000e-02, 8.4724000000e+03
 1500452400, 5.0000000000e+01, 2.2000000000e+01, 1.0000000000e+01, 5.6833333333e-02, 8.4724000000e+03
 1500452700, 5.0000000000e+01, 2.2000000000e+01, 1.0000000000e+01, 6.6833333333e-02, 8.4727666667e+03
 1500453000, 5.1416666667e+01, 2.3133333333e+01, 1.0566666667e+01, 6.5166666667e-02, 8.4726333333e+03
 1500453300, 5.4583333333e+01, 2.5666666667e+01, 1.1833333333e+01, 5.1166666667e-02, 8.4720000000e+03
 1500453600, 5.0000000000e+01, 2.2000000000e+01, 1.0000000000e+01, 6.0833333333e-02, 8.4720833333e+03
 1500453900, 5.0000000000e+01, 2.2000000000e+01, 1.0000000000e+01, 5.8000000000e-02, 8.4739833333e+03
 1500454200, 5.0000000000e+01, 2.2000000000e+01, 1.0000000000e+01, 5.6000000000e-02, 8.4755333333e+03
 1500454500, 5.0000000000e+01, 2.2000000000e+01, 1.0000000000e+01, 5.1166666667e-02, 8.4728833333e+03
 1500454800, 5.0000000000e+01, 2.2000000000e+01, 1.0000000000e+01, 5.0000000000e-02, 8.4722000000e+03
 1500455100, 5.0000000000e+01, 2.2000000000e+01, 1.0000000000e+01, 5.2833333333e-02, 8.4734000000e+03
 1500455400, 5.0000000000e+01, 2.2000000000e+01, 1.0000000000e+01, 5.1166666667e-02, 8.4730000000e+03
 1500455700, 5.0000000000e+01, 2.2000000000e+01, 1.0000000000e+01, 6.8500000000e-02, 8.4730000000e+03
 1500456000, 5.0000000000e+01, 2.2000000000e+01, 1.0000000000e+01, 9.6833333333e-02, 8.4732833333e+03
 1500456300, 5.0000000000e+01, 2.2000000000e+01, 1.0000000000e+01, 8.7166666667e-02, 8.4735166667e+03
 1500456600, 5.0000000000e+01, 2.2000000000e+01, 1.0000000000e+01, 7.8500000000e-02, 8.4745166667e+03
 1500456900, 5.1600000000e+01, 2.2640000000e+01, 1.0800000000e+01, 2.5800000000e-01, 8.4821133333e+03
 1500457200, 7.0000000000e+01, 3.0000000000e+01, 2.0000000000e+01, 5.2483333333e-01, 8.4832833333e+03
 1500457500, 7.4416666667e+01, 3.3533333333e+01, 2.3533333333e+01, 7.1843333333e-01, 8.4829200000e+03
 1500457800, 7.5000000000e+01, 3.4000000000e+01, 2.4000000000e+01, 8.5800000000e-01, 8.4834833333e+03
 1500458100, 6.2916666667e+01, 2.9166666667e+01, 1.7233333333e+01, 9.6183333333e-01, 8.4834333333e+03
 1500458400, 5.7083333333e+01, 2.6833333333e+01, 1.3966666667e+01, 1.0293000000e+00, 8.4838433333e+03
 1500458700, 7.5000000000e+01, 3.4000000000e+01, 2.4000000000e+01, 1.1375000000e+00, 8.4835500000e+03
 1500459000, 7.5000000000e+01, 3.4000000000e+01, 2.4000000000e+01, 1.1893333333e+00, 8.4822000000e+03
 1500459300, 7.5000000000e+01, 3.4000000000e+01, 2.2233333333e+01, 1.2168333333e+00, 8.4843333333e+03
 1500459600, 7.5000000000e+01, 3.4000000000e+01, 2.3366666667e+01, 1.2493333333e+00, 8.4842333333e+03
 1500459900, 7.5000000000e+01, 3.4000000000e+01, 2.4000000000e+01, 1.2623333333e+00, 8.4853666667e+03
 1500460200, 7.2166666667e+01, 3.2866666667e+01, 2.2300000000e+01, 1.2015000000e+00, 8.4815500000e+03
 1500460500, 6.0850000000e+01, 2.7786666667e+01, 1.5786666667e+01, 9.5390000000e-01, 8.4703033333e+03
 1500460800, 5.0000000000e+01, 2.2000000000e+01, 1.0000000000e+01, 7.1700000000e-01, 8.4722833333e+03
 1500461100, 5.0000000000e+01, 2.2000000000e+01, 1.0000000000e+01, 5.4983333333e-01, 8.4719666667e+03
 1500461400, 5.0000000000e+01, 2.2000000000e+01, 1.0000000000e+01, 4.2650000000e-01, 8.4723166667e+03
 1500461700, 5.0000000000e+01, 2.2000000000e+01, 1.0000000000e+01, 3.3733333333e-01, 8.4725166667e+03
 1500462000, 5.0000000000e+01, 2.2000000000e+01, 1.0000000000e+01, 2.8583333333e-01, 8.4723666667e+03
 1500462300, 5.0000000000e+01, 2.2000000000e+01, 1.0000000000e+01, 2.1983333333e-01, 8.4720000000e+03
 1500462600, 5.0000000000e+01, 2.2000000000e+01, 1.0166666667e+01, 1.9633333333e-01, 8.4725166667e+03
 1500462900, 5.0000000000e+01, 2.2000000000e+01, 1.2000000000e+01, 1.9166666667e-01, 8.4715166667e+03
 1500463200, 5.0000000000e+01, 2.2000000000e+01, 1.0233333333e+01, 1.9150000000e-01, 8.4710833333e+03
 1500463500, 5.0000000000e+01, 2.2000000000e+01, 1.0000000000e+01, 1.4950000000e-01, 8.4711166667e+03
 1500463800, 5.2416666667e+01, 2.3933333333e+01, 1.0966666667e+01, 1.3033333333e-01, 8.4722833333e+03
 1500464100, 5.5000000000e+01, 2.6000000000e+01, 1.2000000000e+01, 1.1516666667e-01, 8.4722300000e+03
 1500464400, 5.4583333333e+01, 2.5666666667e+01, 1.1833333333e+01, 1.0916666667e-01, 8.4726333333e+03
 1500464700, 5.0000000000e+01, 2.2000000000e+01, 1.0000000000e+01, 8.5500000000e-02, 8.4721166667e+03
 1500465000, 5.0000000000e+01, 2.2000000000e+01, 1.0000000000e+01, 9.3000000000e-02, 8.4720000000e+03
 1500465300, 5.0000000000e+01, 2.2000000000e+01, 1.0000000000e+01, 1.2916666667e-01, 8.4717166667e+03
 1500465600, 5.0000000000e+01, 2.2000000000e+01, 1.0000000000e+01, 1.2766666667e-01, 8.4720166667e+03
 1500465900, 5.0000000000e+01, 2.2000000000e+01, 1.0000000000e+01, 1.3033333333e-01, 8.4723833333e+03
 1500466200, 5.0000000000e+01, 2.2000000000e+01, 1.0000000000e+01, 1.0833333333e-01, 8.4718833333e+03
 1500466500, 5.0000000000e+01, 2.2000000000e+01, 1.0000000000e+01, 8.7500000000e-02, 8.4750500000e+03
 1500466800, 5.0000000000e+01, 2.2000000000e+01, 1.0000000000e+01, 7.0000000000e-02, 8.4727500000e+03
 1500467100, 5.0000000000e+01, 2.2000000000e+01, 1.0000000000e+01, 8.0833333333e-02, 8.4724000000e+03
 1500467400, 5.0000000000e+01, 2.2000000000e+01, 1.0000000000e+01, 6.8333333333e-02, 8.4722000000e+03
 1500467700, 5.0000000000e+01, 2.2000000000e+01, 1.0000000000e+01, 6.9666666667e-02, 8.4724000000e+03
 1500468000, 5.0000000000e+01, 2.2000000000e+01, 1.0000000000e+01, 8.2000000000e-02, 8.4712833333e+03
 1500468300, 5.0000000000e+01, 2.2000000000e+01, 1.0000000000e+01, 8.2000000000e-02, 8.4723166667e+03
 1500468600, 5.0000000000e+01, 2.2000000000e+01, 1.0000000000e+01, 7.5166666667e-02, 8.4738500000e+03
 1500468900, 5.0000000000e+01, 2.2000000000e+01, 1.0000000000e+01, 6.8833333333e-02, 8.4722333333e+03
 1500469200, 5.0000000000e+01, 2.2000000000e+01, 1.0000000000e+01, 7.7166666667e-02, 8.4729166667e+03
 1500469500, 5.0000000000e+01, 2.2000000000e+01, 1.0000000000e+01, 6.5166666667e-02, 8.4730833333e+03
 1500469800, 5.0000000000e+01, 2.2000000000e+01, 1.0000000000e+01, 5.3166666667e-02, 8.4734833333e+03
 1500470100, 5.0000000000e+01, 2.2000000000e+01, 1.0000000000e+01, 5.9666666667e-02, 8.4727166667e+03
 1500470400, 5.0000000000e+01, 2.2000000000e+01, 1.0000000000e+01, 6.2333333333e-02, 8.4738000000e+03
 1500470700, 5.0000000000e+01, 2.2000000000e+01, 1.0000000000e+01, 6.3666666667e-02, 8.4732000000e+03
 1500471000, 5.2416666667e+01, 2.3933333333e+01, 1.0966666667e+01, 5.8333333333e-02, 8.4738833333e+03
 1500471300, 5.3583333333e+01, 2.4866666667e+01, 1.2000000000e+01, 7.0500000000e-02, 8.4748833333e+03
 1500471600, 5.0000000000e+01, 2.2000000000e+01, 1.1833333333e+01, 8.6000000000e-02, 8.4745166667e+03
 1500471900, 5.0000000000e+01, 2.2000000000e+01, 1.0000000000e+01, 6.6333333333e-02, 8.4736000000e+03
 1500472200, 5.0000000000e+01, 2.2000000000e+01, 1.0000000000e+01, 6.1166666667e-02, 8.4731166667e+03
 1500472500, 5.0000000000e+01, 2.2000000000e+01, 1.1366666667e+01, 6.1666666667e-02, 8.4740000000e+03
 1500472800, 5.0000000000e+01, 2.2000000000e+01, 1.1033333333e+01, 6.2333333333e-02, 8.4736833333e+03
 1500473100, 5.0000000000e+01, 2.2000000000e+01, 1.0000000000e+01, 5.6833333333e-02, 8.4736000000e+03
 1500473400, 5.0000000000e+01, 2.2166666667e+01, 1.0166666667e+01, 5.1166666667e-02, 8.4763666667e+03
 1500473700, 5.0000000000e+01, 2.4000000000e+01, 1.2000000000e+01, 5.7666666667e-02, 8.4760000000e+03
 1500474000, 5.0000000000e+01, 2.2233333333e+01, 1.0233333333e+01, 7.0000000000e-02, 8.4766000000e+03
 1500474300, 5.0000000000e+01, 2.2000000000e+01, 1.0000000000e+01, 7.6000000000e-02, 8.4754300000e+03
 1500474600, 5.0000000000e+01, 2.2000000000e+01, 1.0000000000e+01, 7.8833333333e-02, 8.4753666667e+03
 1500474900, 5.0000000000e+01, 2.2000000000e+01, 1.0000000000e+01, 6.9166666667e-02, 8.4756833333e+03
 1500475200, 5.0000000000e+01, 2.2000000000e+01, 1.0000000000e+01, 7.8833333333e-02, 8.4748333333e+03
 1500475500, 5.0000000000e+01, 2.2000000000e+01, 1.0000000000e+01, 7.9166666667e-02, 8.4754000000e+03
 1500475800, 5.0000000000e+01, 2.2000000000e+01, 1.0000000000e+01, 7.2000000000e-02, 8.4750333333e+03
 1500476100, 5.0000000000e+01, 2.2000000000e+01, 1.0000000000e+01, 5.5166666667e-02, 8.4748500000e+03
 1500476400, 5.0000000000e+01, 2.2000000000e+01, 1.0000000000e+01, 5.7166666667e-02, 8.4750000000e+03
 1500476700, 5.0000000000e+01, 2.2000000000e+01, 1.0000000000e+01, 5.2000000000e-02, 8.4752000000e+03
 1500477000, 5.0000000000e+01, 2.2000000000e+01, 1.0000000000e+01, 5.4833333333e-02, 8.4759166667e+03
 1500477300, 5.0000000000e+01, 2.2000000000e+01, 1.0000000000e+01, 6.0000000000e-02, 8.4750000000e+03
 1500477600, 5.0000000000e+01, 2.2000000000e+01, 1.0000000000e+01, 7.6500000000e-02, 8.4754000000e+03
 1500477900, 5.3416666667e+01, 2.4733333333e+01, 1.1366666667e+01, 8.0333333333e-02, 8.4750000000e+03
 1500478200, 5.2583333333e+01, 2.4066666667e+01, 1.2000000000e+01, 6.8000000000e-02, 8.4748000000e+03
 1500478500, 5.0000000000e+01, 2.2000000000e+01, 1.1433333333e+01, 5.8333333333e-02, 8.4752000000e+03
 1500478800, 5.0000000000e+01, 2.2000000000e+01, 1.0000000000e+01, 5.0000000000e-02, 8.4746000000e+03
 1500479100, 5.0000000000e+01, 2.2000000000e+01, 1.0000000000e+01, 5.0000000000e-02, 8.4750333333e+03
 1500479400, 5.0000000000e+01, 2.2000000000e+01, 1.0000000000e+01, 5.0000000000e-02, 8.4738833333e+03
 1500479700, 5.0000000000e+01, 2.2000000000e+01, 1.0000000000e+01, 5.0000000000e-02, 8.4745666667e+03
 1500480000, 5.0000000000e+01, 2.2000000000e+01, 1.0000000000e+01, 5.2000000000e-02, 8.4756000000e+03
 1500480300, 5.0000000000e+01, 2.2000000000e+01, 1.0000000000e+01, 6.2500000000e-02, 8.4759666667e+03
 1500480600, 5.0000000000e+01, 2.2000000000e+01, 1.0166666667e+01, 9.2833333333e-02, 8.4762333333e+03
 1500480900, 5.0000000000e+01, 2.2000000000e+01, 1.2000000000e+01, 9.2833333333e-02, 8.4765666667e+03
 1500481200, 5.0000000000e+01, 2.2000000000e+01, 1.0233333333e+01, 1.0683333333e-01, 8.4770000000e+03
 1500481500, 5.0000000000e+01, 2.2000000000e+01, 1.0000000000e+01, 1.0800000000e-01, 8.4771166667e+03
 1500481800, 5.0000000000e+01, 2.2000000000e+01, 1.0000000000e+01, 1.0116666667e-01, 8.4760000000e+03
 1500482100, 5.0000000000e+01, 2.2000000000e+01, 1.0000000000e+01, 1.0683333333e-01, 8.4759166667e+03
 1500482400, 5.0000000000e+01, 2.2000000000e+01, 1.0000000000e+01, 9.5500000000e-02, 8.4761166667e+03
 1500482700, 5.0000000000e+01, 2.2000000000e+01, 1.0000000000e+01, 8.2833333333e-02, 8.4753666667e+03
 1500483000, 5.0000000000e+01, 2.2000000000e+01, 1.0000000000e+01, 7.5500000000e-02, 8.4765166667e+03
 1500483300, 5.0000000000e+01, 2.2000000000e+01, 1.0000000000e+01, 6.6833333333e-02, 8.4756000000e+03
 1500483600, 5.0000000000e+01, 2.2000000000e+01, 1.0000000000e+01, 7.1666666667e-02, 8.4762833333e+03
 1500483900, 5.0000000000e+01, 2.2000000000e+01, 1.0000000000e+01, 8.8000000000e-02, 8.4769166667e+03
 1500484200, 5.0000000000e+01, 2.2166666667e+01, 1.0000000000e+01, 8.5166666667e-02, 8.4766833333e+03
 1500484500, 5.0000000000e+01, 2.4000000000e+01, 1.0000000000e+01, 6.7500000000e-02, 8.4764000000e+03
 1500484800, 5.0000000000e+01, 2.4000000000e+01, 1.1766666667e+01, 5.0833333333e-02, 8.4774000000e+03
 1500485100, 5.3416666667e+01, 2.5366666667e+01, 1.0633333333e+01, 5.1166666667e-02, 8.4777166667e+03
 1500485400, 5.2583333333e+01, 2.4066666667e+01, 1.0000000000e+01, 5.4000000000e-02, 8.4764833333e+03
 1500485700, 5.0000000000e+01, 2.2000000000e+01, 1.0000000000e+01, 5.2833333333e-02, 8.4765166667e+03
 1500486000, 5.0000000000e+01, 2.2000000000e+01, 1.0000000000e+01, 6.2800000000e-02, 8.4766866667e+03
 1500486300, 5.0000000000e+01, 2.2000000000e+01, 1.0000000000e+01, 6.0333333333e-02, 8.4766000000e+03
 1500486600, 5.0000000000e+01, 2.2000000000e+01, 1.0000000000e+01, 5.5666666667e-02, 8.4770833333e+03
 1500486900, 5.0000000000e+01, 2.2000000000e+01, 1.0000000000e+01, 6.3166666667e-02, 8.4782833333e+03
 1500487200, 5.0000000000e+01, 2.2000000000e+01, 1.0000000000e+01, 5.7166666667e-02, 8.4774833333e+03
 1500487500, 5.0000000000e+01, 2.2000000000e+01, 1.0000000000e+01, 5.4000000000e-02, 8.4782333333e+03
 1500487800, 5.0000000000e+01, 2.2000000000e+01, 1.0000000000e+01, 5.0833333333e-02, 8.4786833333e+03
 1500488100, 5.0000000000e+01, 2.2000000000e+01, 1.0000000000e+01, 5.6000000000e-02, 8.4779200000e+03
 1500488400, 5.0000000000e+01, 2.2000000000e+01, 1.0000000000e+01, 5.3166666667e-02, 8.4772333333e+03
 1500488700, 5.0000000000e+01, 2.2000000000e+01, 1.0000000000e+01, 5.0000000000e-02, 8.4764000000e+03
 1500489000, 5.0000000000e+01, 2.2000000000e+01, 1.0000000000e+01, 5.0833333333e-02, 8.4766000000e+03
 1500489300, 5.0000000000e+01, 2.2000000000e+01, 1.0000000000e+01, 6.6833333333e-02, 8.4769666667e+03
 1500489600, 5.0000000000e+01, 2.2000000000e+01, 1.0000000000e+01, 6.9166666667e-02, 8.4767166667e+03
 1500489900, 5.0000000000e+01, 2.2000000000e+01, 1.0000000000e+01, 5.5166666667e-02, 8.4762000000e+03
 1500490200, 5.0000000000e+01, 2.2000000000e+01, 1.0000000000e+01, 5.0000000000e-02, 8.4770000000e+03
 1500490500, 5.0000000000e+01, 2.2000000000e+01, 1.0000000000e+01, 5.0000000000e-02, 8.4761166667e+03
 1500490800, 5.0000000000e+01, 2.2000000000e+01, 1.0000000000e+01, 5.0000000000e-02, 8.4758000000e+03
 1500491100, 5.0000000000e+01, 2.2000000000e+01, 1.0000000000e+01, 5.0000000000e-02, 8.4770833333e+03
 1500491400, 5.0000000000e+01, 2.2333333333e+01, 1.0000000000e+01, 5.0000000000e-02, 8.4778833333e+03
 1500491700, 5.0000000000e+01, 2.6000000000e+01, 1.0000000000e+01, 5.0000000000e-02, 8.4773166667e+03
 1500492000, 5.4416666667e+01, 2.6000000000e+01, 1.0000000000e+01, 5.2000000000e-02, 8.4772500000e+03
 1500492300, 5.1583333333e+01, 2.3266666667e+01, 1.0000000000e+01, 5.2000000000e-02, 8.4775500000e+03
 1500492600, 5.0000000000e+01, 2.2000000000e+01, 1.0000000000e+01, 5.0000000000e-02, 8.4768000000e+03
 1500492900, 5.0000000000e+01, 2.2000000000e+01, 1.0000000000e+01, 5.3666666667e-02, 8.4767166667e+03
 1500493200, 5.0000000000e+01, 2.2000000000e+01, 1.0000000000e+01, 6.0333333333e-02, 8.4764833333e+03
 1500493500, 5.0000000000e+01, 2.2000000000e+01, 1.0000000000e+01, 5.0000000000e-02, 8.4776000000e+03
 1500493800, 5.0000000000e+01, 2.2000000000e+01, 1.0000000000e+01, 5.4000000000e-02, 8.4767166667e+03
 1500494100, 5.0000000000e+01, 2.2000000000e+01, 1.0000000000e+01, 5.4000000000e-02, 8.4769666667e+03
 1500494400, 5.0000000000e+01, 2.2000000000e+01, 1.0000000000e+01, 5.0000000000e-02, 8.4780000000e+03
 1500494700, 5.0000000000e+01, 2.2000000000e+01, 1.0000000000e+01, 5.3666666667e-02, 8.4770000000e+03
 1500495000, 5.0416666667e+01, 2.2166666667e+01, 1.0166666667e+01, 5.6333333333e-02, 8.4782000000e+03
 1500495300, 5.5000000000e+01, 2.4000000000e+01, 1.2000000000e+01, 5.2833333333e-02, 8.4778500000e+03
 1500495600, 5.5000000000e+01, 2.2233333333e+01, 1.3766666667e+01, 5.3166666667e-02, 8.4785500000e+03
 1500495900, 5.1583333333e+01, 2.2000000000e+01, 1.1266666667e+01, 5.0000000000e-02, 8.4781166667e+03
 1500496200, 5.0000000000e+01, 2.2000000000e+01, 1.0000000000e+01, 5.8833333333e-02, 8.4779666667e+03
 1500496500, 5.0000000000e+01, 2.2000000000e+01, 1.0000000000e+01, 5.7166666667e-02, 8.4783166667e+03
 1500496800, 5.0000000000e+01, 2.2000000000e+01, 1.0166666667e+01, 5.2000000000e-02, 8.4785666667e+03
 1500497100, 5.0000000000e+01, 2.2000000000e+01, 1.2000000000e+01, 5.2000000000e-02, 8.4787166667e+03
 1500497400, 5.0000000000e+01, 2.2000000000e+01, 1.2000000000e+01, 5.0000000000e-02, 8.4792000000e+03
 1500497700, 5.0000000000e+01, 2.2000000000e+01, 1.0633333333e+01, 5.0000000000e-02, 8.4796000000e+03
 1500498000, 5.9666666667e+01, 2.4900000000e+01, 1.6766666667e+01, 5.0000000000e-02, 8.4802833333e+03
 1500498300, 6.8583333333e+01, 2.8000000000e+01, 2.2300000000e+01, 5.0000000000e-02, 8.4786000000e+03
 1500498600, 6.3750000000e+01, 2.7500000000e+01, 1.7500000000e+01, 5.0000000000e-02, 8.4798900000e+03
 1500498900, 5.0000000000e+01, 2.2000000000e+01, 1.2000000000e+01, 5.0000000000e-02, 8.4789166667e+03
 1500499200, 5.0000000000e+01, 2.2000000000e+01, 1.0233333333e+01, 5.0000000000e-02, 8.4793166667e+03
 1500499500, 5.0000000000e+01, 2.2000000000e+01, 1.0000000000e+01, 5.7666666667e-02, 8.4791166667e+03
 1500499800, 5.0000000000e+01, 2.2000000000e+01, 1.0000000000e+01, 6.8833333333e-02, 8.4799666667e+03
 1500500100, 5.0000000000e+01, 2.2000000000e+01, 1.0000000000e+01, 7.7166666667e-02, 8.4794833333e+03
 1500500400, 5.0000000000e+01, 2.2000000000e+01, 1.0000000000e+01, 6.0333333333e-02, 8.4799166667e+03
 1500500700, 5.0000000000e+01, 2.2000000000e+01, 1.0000000000e+01, 5.0000000000e-02, 8.4798000000e+03
 1500501000, 5.0000000000e+01, 2.2000000000e+01, 1.0000000000e+01, 5.0000000000e-02, 8.4801666667e+03
 1500501300, 5.0000000000e+01, 2.2000000000e+01, 1.0000000000e+01, 5.0000000000e-02, 8.4797500000e+03
 1500501600, 5.0000000000e+01, 2.2000000000e+01, 1.0000000000e+01, 5.0000000000e-02, 8.4788000000e+03
 1500501900, 5.0000000000e+01, 2.2000000000e+01, 1.0000000000e+01, 5.8833333333e-02, 8.4794000000e+03
 1500502200, 5.0000000000e+01, 2.2000000000e+01, 1.0000000000e+01, 5.5166666667e-02, 8.4800833333e+03
 1500502500, 5.0000000000e+01, 2.2000000000e+01, 1.0000000000e+01, 5.0000000000e-02, 8.4800000000e+03
 1500502800, 5.0000000000e+01, 2.2000000000e+01, 1.0000000000e+01, 5.2833333333e-02, 8.4808833333e+03
 1500503100, 5.0000000000e+01, 2.2000000000e+01, 1.0000000000e+01, 6.1166666667e-02, 8.4808000000e+03
 1500503400, 5.0000000000e+01, 2.2000000000e+01, 1.0000000000e+01, 5.2833333333e-02, 8.4808000000e+03
 1500503700, 5.0000000000e+01, 2.2000000000e+01, 1.0000000000e+01, 5.1166666667e-02, 8.4815333333e+03
 1500504000, 5.0000000000e+01, 2.2000000000e+01, 1.0000000000e+01, 5.8833333333e-02, 8.4796333333e+03
 1500504300, 5.0000000000e+01, 2.2000000000e+01, 1.0000000000e+01, 5.7166666667e-02, 8.4801500000e+03
 1500504600, 5.0000000000e+01, 2.2000000000e+01, 1.0000000000e+01, 5.0000000000e-02, 8.4803166667e+03
 1500504900, 5.0000000000e+01, 2.2000000000e+01, 1.0000000000e+01, 5.2000000000e-02, 8.4790833333e+03
 1500505200, 5.2416666667e+01, 2.2966666667e+01, 1.0966666667e+01, 5.2000000000e-02, 8.4794000000e+03
 1500505500, 5.5000000000e+01, 2.4566666667e+01, 1.1433333333e+01, 6.3666666667e-02, 8.4791166667e+03
 1500505800, 5.5000000000e+01, 2.5833333333e+01, 1.0000000000e+01, 7.6833333333e-02, 8.4802000000e+03
 1500506100, 5.5000000000e+01, 2.4000000000e+01, 1.0000000000e+01, 7.7166666667e-02, 8.4803666667e+03
 1500506400, 5.0583333333e+01, 2.2233333333e+01, 1.0000000000e+01, 6.2000000000e-02, 8.4808000000e+03
 1500506700, 5.0000000000e+01, 2.2000000000e+01, 1.0000000000e+01, 6.2000000000e-02, 8.4805166667e+03
 1500507000, 5.0000000000e+01, 2.2000000000e+01, 1.0000000000e+01, 6.0333333333e-02, 8.4804833333e+03
 1500507300, 5.0000000000e+01, 2.2000000000e+01, 1.0000000000e+01, 5.0000000000e-02, 8.4810000000e+03
 1500507600, 5.0000000000e+01, 2.2000000000e+01, 1.0000000000e+01, 5.0000000000e-02, 8.4802000000e+03
 1500507900, 5.0000000000e+01, 2.2000000000e+01, 1.0000000000e+01, 5.0000000000e-02, 8.4813166667e+03
 1500508200, 5.0000000000e+01, 2.2000000000e+01, 1.0000000000e+01, 5.0000000000e-02, 8.4804000000e+03
 1500508500, 5.0000000000e+01, 2.2000000000e+01, 1.0000000000e+01, 5.0000000000e-02, 8.4810000000e+03
 1500508800, 5.0000000000e+01, 2.2000000000e+01, 1.0000000000e+01, 5.8833333333e-02, 8.4809333333e+03
 1500509100, 5.0000000000e+01, 2.2000000000e+01, 1.0000000000e+01, 6.2000000000e-02, 8.4823166667e+03
 1500509400, 5.0000000000e+01, 2.2000000000e+01, 1.0000000000e+01, 5.3166666667e-02, 8.4829966667e+03
 1500509700, 5.0000000000e+01, 2.2000000000e+01, 1.0000000000e+01, 5.0000000000e-02, 8.4824333333e+03
 1500510000, 5.0000000000e+01, 2.2000000000e+01, 1.0000000000e+01, 5.0000000000e-02, 8.4810000000e+03
 1500510300, 5.0000000000e+01, 2.2000000000e+01, 1.0000000000e+01, 5.0000000000e-02, 8.4808833333e+03
 1500510600, 5.0000000000e+01, 2.2000000000e+01, 1.0000000000e+01, 5.2000000000e-02, 8.4814000000e+03
 1500510900, 5.0000000000e+01, 2.2000000000e+01, 1.0000000000e+01, 5.0000000000e-02, 8.4809166667e+03
 1500511200, 5.0000000000e+01, 2.2000000000e+01, 1.0000000000e+01, 5.0000000000e-02, 8.4810833333e+03
 1500511500, 5.0000000000e+01, 2.2000000000e+01, 1.0000000000e+01, 5.0000000000e-02, 8.4822833333e+03
 1500511800, 5.0000000000e+01, 2.2000000000e+01, 1.0000000000e+01, 6.1333333333e-02, 8.4825166667e+03
 1500512100, 5.3416666667e+01, 2.4733333333e+01, 1.1366666667e+01, 8.0333333333e-02, 8.4822000000e+03
 1500512400, 5.5000000000e+01, 2.6000000000e+01, 1.2000000000e+01, 7.2000000000e-02, 8.4828000000e+03
 1500512700, 5.3583333333e+01, 2.4866666667e+01, 1.1433333333e+01, 6.2333333333e-02, 8.4821166667e+03
 1500513000, 5.0000000000e+01, 2.2000000000e+01, 1.0000000000e+01, 5.0000000000e-02, 8.4812833333e+03
 1500513300, 5.0000000000e+01, 2.2000000000e+01, 1.0000000000e+01, 5.0000000000e-02, 8.4822833333e+03
 1500513600, 5.0000000000e+01, 2.2000000000e+01, 1.0000000000e+01, 5.0000000000e-02, 8.4821166667e+03
 1500513900, 5.0000000000e+01, 2.2000000000e+01, 1.1366666667e+01, 5.0000000000e-02, 8.4823166667e+03
 1500514200, 5.0000000000e+01, 2.2000000000e+01, 1.1033333333e+01, 5.2000000000e-02, 8.4810000000e+03
 1500514500, 5.0000000000e+01, 2.2000000000e+01, 1.0000000000e+01, 5.0000000000e-02, 8.4822833333e+03
 1500514800, 5.0000000000e+01, 2.2000000000e+01, 1.0000000000e+01, 5.0000000000e-02, 8.4809166667e+03
 1500515100, 5.0000000000e+01, 2.2000000000e+01, 1.0000000000e+01, 5.2000000000e-02, 8.4812800000e+03
 1500515400, 5.0000000000e+01, 2.2000000000e+01, 1.0000000000e+01, 5.0000000000e-02, 8.4828000000e+03
 1500515700, 5.0000000000e+01, 2.2000000000e+01, 1.0000000000e+01, 6.2000000000e-02, 8.4833166667e+03
 1500516000, 5.0000000000e+01, 2.2000000000e+01, 1.0000000000e+01, 5.0833333333e-02, 8.4818833333e+03
 1500516300, 5.0000000000e+01, 2.2000000000e+01, 1.0000000000e+01, 5.8000000000e-02, 8.4826500000e+03
 1500516600, 5.0000000000e+01, 2.2000000000e+01, 1.0000000000e+01, 5.9166666667e-02, 8.4828333333e+03
 1500516900, 5.0000000000e+01, 2.2000000000e+01, 1.0000000000e+01, 5.0000000000e-02, 8.4832000000e+03
 1500517200, 5.0000000000e+01, 2.2000000000e+01, 1.0000000000e+01, 5.0000000000e-02, 8.4850000000e+03
 1500517500, 5.0000000000e+01, 2.2000000000e+01, 1.0000000000e+01, 5.6500000000e-02, 8.4830833333e+03
 1500517800, 5.0000000000e+01, 2.2000000000e+01, 1.0000000000e+01, 9.0000000000e-02, 8.4831166667e+03
 1500518100, 5.0000000000e+01, 2.2000000000e+01, 1.0000000000e+01, 1.0133333333e-01, 8.4824000000e+03
 1500518400, 5.0000000000e+01, 2.2000000000e+01, 1.0000000000e+01, 1.1316666667e-01, 8.4830000000e+03
 1500518700, 5.0000000000e+01, 2.2000000000e+01, 1.0000000000e+01, 9.3500000000e-02, 8.4829166667e+03
 1500519000, 5.0000000000e+01, 2.2000000000e+01, 1.0000000000e+01, 6.7500000000e-02, 8.4820833333e+03
 1500519300, 5.3416666667e+01, 2.4733333333e+01, 1.1366666667e+01, 5.8000000000e-02, 8.4826000000e+03
 1500519600, 5.2583333333e+01, 2.4066666667e+01, 1.1033333333e+01, 5.0000000000e-02, 8.4835166667e+03
 1500519900, 5.0000000000e+01, 2.2000000000e+01, 1.0000000000e+01, 5.4000000000e-02, 8.4818833333e+03
 1500520200, 5.0000000000e+01, 2.2000000000e+01, 1.0000000000e+01, 5.0000000000e-02, 8.4842833333e+03
 1500520500, 5.0000000000e+01, 2.2000000000e+01, 1.0000000000e+01, 5.0000000000e-02, 8.4834333333e+03
 1500520800, 5.0000000000e+01, 2.2000000000e+01, 1.0000000000e+01, 5.0000000000e-02, 8.4828833333e+03
 1500521100, 5.0000000000e+01, 2.2000000000e+01, 1.0000000000e+01, 5.0833333333e-02, 8.4828000000e+03
 1500521400, 5.0000000000e+01, 2.2000000000e+01, 1.0000000000e+01, 6.2833333333e-02, 8.4832833333e+03
 1500521700, 5.0000000000e+01, 2.2000000000e+01, 1.0000000000e+01, 7.0000000000e-02, 8.4839166667e+03
 1500522000, 5.0000000000e+01, 2.2000000000e+01, 1.0000000000e+01, 9.5333333333e-02, 8.4840833333e+03
 1500522300, 5.0000000000e+01, 2.2000000000e+01, 1.0000000000e+01, 1.0033333333e-01, 8.4836833333e+03
 1500522600, 5.0000000000e+01, 2.2000000000e+01, 1.0000000000e+01, 8.1166666667e-02, 8.4839166667e+03
 1500522900, 5.0000000000e+01, 2.2000000000e+01, 1.0000000000e+01, 6.5500000000e-02, 8.4839166667e+03
 1500523200, 5.0000000000e+01, 2.2000000000e+01, 1.0000000000e+01, 5.6000000000e-02, 8.4845666667e+03
 1500523500, 5.0000000000e+01, 2.2000000000e+01, 1.0000000000e+01, 5.0000000000e-02, 8.4853166667e+03
 1500523800, 5.0000000000e+01, 2.2000000000e+01, 1.0000000000e+01, 5.0000000000e-02, 8.4850000000e+03
 1500524100, 5.0000000000e+01, 2.2000000000e+01, 1.0000000000e+01, 5.0000000000e-02, 8.4848833333e+03
 1500524400, 5.0000000000e+01, 2.2000000000e+01, 1.0000000000e+01, 7.2500000000e-02, 8.4845166667e+03
 1500524700, 5.0000000000e+01, 2.2000000000e+01, 1.0000000000e+01, 8.8833333333e-02, 8.4847666667e+03
 1500525000, 5.0000000000e+01, 2.2000000000e+01, 1.0000000000e+01, 8.5166666667e-02, 8.4857166667e+03
 1500525300, 5.0000000000e+01, 2.2000000000e+01, 1.0000000000e+01, 6.6333333333e-02, 8.4851666667e+03
 1500525600, 5.0000000000e+01, 2.2000000000e+01, 1.0000000000e+01, 5.4000000000e-02, 8.4850333333e+03
 1500525900, 5.0000000000e+01, 2.2000000000e+01, 1.0000000000e+01, 5.3166666667e-02, 8.4856833333e+03
 1500526200, 5.0000000000e+01, 2.3766666667e+01, 1.1766666667e+01, 5.8500000000e-02, 8.4854000000e+03
 1500526500, 5.0000000000e+01, 2.2633333333e+01, 1.0633333333e+01, 6.3500000000e-02, 8.4860000000e+03
 1500526800, 5.0000000000e+01, 2.2000000000e+01, 1.0000000000e+01, 5.0000000000e-02, 8.4856000000e+03
 1500527100, 5.0000000000e+01, 2.2000000000e+01, 1.0000000000e+01, 5.0000000000e-02, 8.4854000000e+03
 1500527400, 5.0000000000e+01, 2.2000000000e+01, 1.0000000000e+01, 5.0833333333e-02, 8.4855500000e+03
 1500527700, 5.0000000000e+01, 2.2000000000e+01, 1.0000000000e+01, 5.7166666667e-02, 8.4853666667e+03
 1500528000, 5.0000000000e+01, 2.2000000000e+01, 1.0000000000e+01, 5.0000000000e-02, 8.4850000000e+03
 1500528300, 5.0000000000e+01, 2.2000000000e+01, 1.0000000000e+01, 5.0000000000e-02, 8.4854833333e+03
 1500528600, 5.0000000000e+01, 2.2000000000e+01, 1.0000000000e+01, 5.4833333333e-02, 8.4860833333e+03
 1500528900, 5.0000000000e+01, 2.2000000000e+01, 1.0000000000e+01, 5.9166666667e-02, 8.4854333333e+03
 1500529200, 5.0000000000e+01, 2.2000000000e+01, 1.0166666667e+01, 5.2000000000e-02, 8.4857666667e+03
 1500529500, 5.0000000000e+01, 2.2000000000e+01, 1.2000000000e+01, 5.0000000000e-02, 8.4864000000e+03
 1500529800, 5.0000000000e+01, 2.2000000000e+01, 1.0233333333e+01, 5.2000000000e-02, 8.4858333333e+03
 1500530100, 5.0000000000e+01, 2.3366666667e+01, 1.0000000000e+01, 5.0833333333e-02, 8.4849166667e+03
 1500530400, 5.0000000000e+01, 2.3033333333e+01, 1.0966666667e+01, 7.1666666667e-02, 8.4855333333e+03
 1500530700, 5.0000000000e+01, 2.2566666667e+01, 1.2000000000e+01, 8.6000000000e-02, 8.4875166667e+03
 1500531000, 5.0000000000e+01, 2.3833333333e+01, 1.2000000000e+01, 7.5166666667e-02, 8.4863166667e+03
 1500531300, 5.0000000000e+01, 2.2000000000e+01, 1.2000000000e+01, 6.7166666667e-02, 8.4862833333e+03
 1500531600, 5.0000000000e+01, 2.2000000000e+01, 1.0233333333e+01, 5.1166666667e-02, 8.4866333333e+03
 1500531900, 5.0000000000e+01, 2.2000000000e+01, 1.0000000000e+01, 5.6000000000e-02, 8.4863666667e+03
 1500532200, 5.0000000000e+01, 2.2000000000e+01, 1.0000000000e+01, 5.0000000000e-02, 8.4874833333e+03
 1500532500, 5.1416666667e+01, 2.2566666667e+01, 1.0566666667e+01, 5.0000000000e-02, 8.4885166667e+03
 1500532800, 5.5000000000e+01, 2.4166666667e+01, 1.2000000000e+01, 5.0000000000e-02, 8.4870000000e+03
 1500533100, 5.5000000000e+01, 2.6000000000e+01, 1.2000000000e+01, 5.2833333333e-02, 8.4870833333e+03
 1500533400, 5.0583333333e+01, 2.2466666667e+01, 1.0233333333e+01, 5.1166666667e-02, 8.4872333333e+03
 1500533700, 5.0000000000e+01, 2.2000000000e+01, 1.0000000000e+01, 5.2833333333e-02, 8.4870833333e+03
 1500534000, 5.0000000000e+01, 2.2000000000e+01, 1.0000000000e+01, 5.1166666667e-02, 8.4872000000e+03
 1500534300, 5.0000000000e+01, 2.2000000000e+01, 1.0000000000e+01, 5.2833333333e-02, 8.4872000000e+03
 1500534600, 5.0000000000e+01, 2.2000000000e+01, 1.0000000000e+01, 5.1166666667e-02, 8.4881166667e+03
 1500534900, 5.0000000000e+01, 2.2000000000e+01, 1.0000000000e+01, 5.0000000000e-02, 8.4866833333e+03
 1500535200, 5.0000000000e+01, 2.2000000000e+01, 1.0000000000e+01, 5.0000000000e-02, 8.4870000000e+03
 1500535500, 5.0000000000e+01, 2.2000000000e+01, 1.0000000000e+01, 5.0000000000e-02, 8.4866000000e+03
 1500535800, 5.0000000000e+01, 2.2000000000e+01, 1.0000000000e+01, 5.0000000000e-02, 8.4876833333e+03
 1500536100, 5.0000000000e+01, 2.2000000000e+01, 1.0000000000e+01, 5.0000000000e-02, 8.4878833333e+03
 1500536400, 5.0000000000e+01, 2.2000000000e+01, 1.0000000000e+01, 5.6833333333e-02, 8.4877166667e+03
 1500536700, 5.0000000000e+01, 2.2000000000e+01, 1.0000000000e+01, 5.2000000000e-02, 8.4882000000e+03
 1500537000, 6.3250000000e+01, 2.7300000000e+01, 1.8833333333e+01, 6.2000000000e-02, 8.4879166667e+03
 1500537300, 5.4750000000e+01, 2.3900000000e+01, 1.3166666667e+01, 5.7166666667e-02, 8.4872833333e+03
 1500537600, 5.0000000000e+01, 2.2000000000e+01, 1.0000000000e+01, 5.0000000000e-02, 8.4884000000e+03
 1500537900, 5.0000000000e+01, 2.2000000000e+01, 1.0000000000e+01, 5.2000000000e-02, 8.4880000000e+03
 1500538200, 5.0000000000e+01, 2.2000000000e+01, 1.0000000000e+01, 5.2833333333e-02, 8.4874000000e+03
 1500538500, 5.0000000000e+01, 2.2000000000e+01, 1.0000000000e+01, 5.3166666667e-02, 8.4880000000e+03
 1500538800, 5.0000000000e+01, 2.2000000000e+01, 1.0000000000e+01, 5.0000000000e-02, 8.4882833333e+03
 1500539100, 5.3416666667e+01, 2.4733333333e+01, 1.2733333333e+01, 5.0000000000e-02, 8.4875500000e+03
 1500539400, 5.5000000000e+01, 2.6000000000e+01, 1.2066666667e+01, 5.0000000000e-02, 8.4868833333e+03
 1500539700, 5.3583333333e+01, 2.5433333333e+01, 1.0000000000e+01, 5.0000000000e-02, 8.4880000000e+03
 1500540000, 5.0000000000e+01, 2.3833333333e+01, 1.0000000000e+01, 5.0833333333e-02, 8.4867166667e+03
 1500540300, 5.0000000000e+01, 2.2000000000e+01, 1.0000000000e+01, 6.2000000000e-02, 8.4863666667e+03
 1500540600, 5.0000000000e+01, 2.2000000000e+01, 1.0000000000e+01, 6.3166666667e-02, 8.4871166667e+03
 1500540900, 5.0000000000e+01, 2.2000000000e+01, 1.0000000000e+01, 5.5666666667e-02, 8.4869166667e+03
 1500541200, 5.0000000000e+01, 2.2000000000e+01, 1.0000000000e+01, 6.1166666667e-02, 8.4867666667e+03
 1500541500, 5.0000000000e+01, 2.2000000000e+01, 1.0000000000e+01, 5.5166666667e-02, 8.4881166667e+03
 1500541800, 5.0000000000e+01, 2.2000000000e+01, 1.0000000000e+01, 5.2000000000e-02, 8.4882500000e+03
 1500542100, 5.0000000000e+01, 2.2000000000e+01, 1.0000000000e+01, 5.0833333333e-02, 8.4887166667e+03
 1500542400, 5.0000000000e+01, 2.2000000000e+01, 1.0000000000e+01, 5.4833333333e-02, 8.4894833333e+03
 1500542700, 5.0000000000e+01, 2.2000000000e+01, 1.0000000000e+01, 5.6333333333e-02, 8.4884000000e+03
 1500543000, 5.0000000000e+01, 2.2000000000e+01, 1.0000000000e+01, 6.8166666667e-02, 8.4890666667e+03
 1500543300, 5.5666666667e+01, 2.4833333333e+01, 1.3400000000e+01, 2.5583333333e-01, 8.4980833333e+03
 1500543600, 7.0000000000e+01, 3.2000000000e+01, 2.1833333333e+01, 5.2833333333e-01, 8.4982333333e+03
 1500543900, 7.0000000000e+01, 3.2000000000e+01, 2.0000000000e+01, 7.1933333333e-01, 8.4966000000e+03
 1500544200, 7.0000000000e+01, 3.2000000000e+01, 2.1766666667e+01, 8.5683333333e-01, 8.4977666667e+03
 1500544500, 7.3416666667e+01, 3.3366666667e+01, 2.2000000000e+01, 9.5950000000e-01, 8.4984333333e+03
 1500544800, 7.2583333333e+01, 3.3033333333e+01, 2.2000000000e+01, 1.0458333333e+00, 8.4977166667e+03
 1500545100, 7.1416666667e+01, 3.2566666667e+01, 2.2566666667e+01, 1.1271666667e+00, 8.4966833333e+03
 1500545400, 7.5000000000e+01, 3.3833333333e+01, 2.4000000000e+01, 1.2145000000e+00, 8.4989666667e+03
 1500545700, 7.5000000000e+01, 3.2000000000e+01, 2.4000000000e+01, 1.2280000000e+00, 8.4986000000e+03
 1500546000, 7.5000000000e+01, 3.3766666667e+01, 2.2233333333e+01, 1.2348333333e+00, 8.5001666667e+03
 1500546300, 7.1583333333e+01, 3.4000000000e+01, 2.0633333333e+01, 1.1625000000e+00, 8.4922333333e+03
 1500546600, 6.0333333333e+01, 2.8200000000e+01, 1.5166666667e+01, 8.8950000000e-01, 8.4866000000e+03
 1500546900, 5.0000000000e+01, 2.2000000000e+01, 1.0000000000e+01, 6.6383333333e-01, 8.4862333333e+03
 1500547200, 5.0000000000e+01, 2.2000000000e+01, 1.0000000000e+01, 5.1716666667e-01, 8.4858833333e+03
 1500547500, 5.0000000000e+01, 2.2000000000e+01, 1.0000000000e+01, 3.9400000000e-01, 8.4868166667e+03
 1500547800, 5.0000000000e+01, 2.2000000000e+01, 1.0000000000e+01, 2.9616666667e-01, 8.4893833333e+03
 1500548100, 5.0000000000e+01, 2.2000000000e+01, 1.0000000000e+01, 2.3266666667e-01, 8.4866833333e+03
 1500548400, 5.0000000000e+01, 2.2000000000e+01, 1.0000000000e+01, 1.9500000000e-01, 8.4875166667e+03
 1500548700, 5.0000000000e+01, 2.2566666667e+01, 1.0000000000e+01, 1.4550000000e-01, 8.4862000000e+03
 1500549000, 5.0000000000e+01, 2.3833333333e+01, 1.0000000000e+01, 1.3200000000e-01, 8.4866833333e+03
 1500549300, 5.0000000000e+01, 2.2000000000e+01, 1.0000000000e+01, 1.3483333333e-01, 8.4865166667e+03
 1500549600, 5.0000000000e+01, 2.2000000000e+01, 1.0000000000e+01, 1.3033333333e-01, 8.4872833333e+03
 1500549900, 5.0000000000e+01, 2.2000000000e+01, 1.0000000000e+01, 1.2516666667e-01, 8.4870833333e+03
 1500550200, 5.0000000000e+01, 2.2000000000e+01, 1.0000000000e+01, 1.0916666667e-01, 8.4870000000e+03
 1500550500, 5.0000000000e+01, 2.2000000000e+01, 1.0000000000e+01, 9.6333333333e-02, 8.4870333333e+03
 1500550800, 5.0000000000e+01, 2.2000000000e+01, 1.0000000000e+01, 7.2333333333e-02, 8.4863666667e+03
 1500551100, 5.0000000000e+01, 2.2000000000e+01, 1.0000000000e+01, 5.5166666667e-02, 8.4869166667e+03
 1500551400, 5.0000000000e+01, 2.2000000000e+01, 1.0000000000e+01, 5.0833333333e-02, 8.4878000000e+03
 1500551700, 5.0000000000e+01, 2.2000000000e+01, 1.0000000000e+01, 6.2000000000e-02, 8.4881666667e+03
 1500552000, 5.0000000000e+01, 2.2000000000e+01, 1.0000000000e+01, 5.3166666667e-02, 8.4880833333e+03
 1500552300, 5.0000000000e+01, 2.2000000000e+01, 1.0000000000e+01, 5.7666666667e-02, 8.4886333333e+03
 1500552600, 5.0000000000e+01, 2.2000000000e+01, 1.0000000000e+01, 8.2833333333e-02, 8.4894500000e+03
 1500552900, 5.0000000000e+01, 2.2000000000e+01, 1.0000000000e+01, 8.5666666667e-02, 8.4887500000e+03
 1500553200, 5.0000000000e+01, 2.3766666667e+01, 1.0000000000e+01, 9.2333333333e-02, 8.4884833333e+03
 1500553500, 5.0000000000e+01, 2.2633333333e+01, 1.0000000000e+01, 8.0833333333e-02, 8.4875500000e+03
 1500553800, 5.0000000000e+01, 2.2000000000e+01, 1.0000000000e+01, 7.6333333333e-02, 8.4868833333e+03
 1500554100, 5.0000000000e+01, 2.2000000000e+01, 1.0566666667e+01, 8.2833333333e-02, 8.4880833333e+03
 1500554400, 5.0000000000e+01, 2.2000000000e+01, 1.1833333333e+01, 8.1166666667e-02, 8.4880000000e+03
 1500554700, 5.0000000000e+01, 2.2000000000e+01, 1.0000000000e+01, 6.5166666667e-02, 8.4872000000e+03
 1500555000, 5.0000000000e+01, 2.2000000000e+01, 1.0000000000e+01, 5.5166666667e-02, 8.4867166667e+03
 1500555300, 5.0000000000e+01, 2.3366666667e+01, 1.1366666667e+01, 5.3666666667e-02, 8.4868000000e+03
 1500555600, 5.0000000000e+01, 2.3033333333e+01, 1.1033333333e+01, 7.8000000000e-02, 8.4872833333e+03
 1500555900, 5.0000000000e+01, 2.2000000000e+01, 1.0000000000e+01, 6.3166666667e-02, 8.4872000000e+03
 1500556200, 5.0000000000e+01, 2.2000000000e+01, 1.0000000000e+01, 6.0166666667e-02, 8.4878500000e+03
 1500556500, 5.0000000000e+01, 2.2000000000e+01, 1.0000000000e+01, 5.3166666667e-02, 8.4868833333e+03
 1500556800, 5.0000000000e+01, 2.2000000000e+01, 1.0000000000e+01, 5.0000000000e-02, 8.4873166667e+03
 1500557100, 5.0000000000e+01, 2.2000000000e+01, 1.0000000000e+01, 5.0000000000e-02, 8.4862833333e+03
 1500557400, 5.0000000000e+01, 2.2000000000e+01, 1.0000000000e+01, 5.0000000000e-02, 8.4867166667e+03
 1500557700, 5.0000000000e+01, 2.2000000000e+01, 1.0000000000e+01, 5.0000000000e-02, 8.4864000000e+03
 1500558000, 5.0000000000e+01, 2.2166666667e+01, 1.0000000000e+01, 5.0000000000e-02, 8.4864833333e+03
 1500558300, 5.0000000000e+01, 2.4000000000e+01, 1.0000000000e+01, 5.0000000000e-02, 8.4864800000e+03
 1500558600, 5.0000000000e+01, 2.4000000000e+01, 1.1766666667e+01, 5.0000000000e-02, 8.4862333333e+03
 1500558900, 5.0000000000e+01, 2.2633333333e+01, 1.0633333333e+01, 5.2000000000e-02, 8.4873666667e+03
 1500559200, 5.0000000000e+01, 2.2000000000e+01, 1.0000000000e+01, 5.2000000000e-02, 8.4870000000e+03
 1500559500, 5.0000000000e+01, 2.2000000000e+01, 1.0566666667e+01, 5.0833333333e-02, 8.4876833333e+03
 1500559800, 5.0416666667e+01, 2.2333333333e+01, 1.2000000000e+01, 5.5166666667e-02, 8.4880866667e+03
 1500560100, 5.5000000000e+01, 2.6000000000e+01, 1.2000000000e+01, 5.2000000000e-02, 8.4881166667e+03
 1500560400, 5.5000000000e+01, 2.6000000000e+01, 1.0233333333e+01, 5.0833333333e-02, 8.4889166667e+03
 1500560700, 5.1583333333e+01, 2.3266666667e+01, 1.0000000000e+01, 5.7166666667e-02, 8.4869166667e+03
 1500561000, 5.0000000000e+01, 2.2000000000e+01, 1.0000000000e+01, 5.0000000000e-02, 8.4870833333e+03
 1500561300, 5.0000000000e+01, 2.2566666667e+01, 1.0566666667e+01, 5.2833333333e-02, 8.4875666667e+03
 1500561600, 5.0000000000e+01, 2.3833333333e+01, 1.1833333333e+01, 5.3166666667e-02, 8.4876333333e+03
 1500561900, 5.0000000000e+01, 2.2000000000e+01, 1.0000000000e+01, 5.4000000000e-02, 8.4880833333e+03
 1500562200, 5.0000000000e+01, 2.2000000000e+01, 1.1766666667e+01, 6.5666666667e-02, 8.4886000000e+03
 1500562500, 5.0000000000e+01, 2.2000000000e+01, 1.0633333333e+01, 7.6000000000e-02, 8.4884333333e+03
 1500562800, 5.0000000000e+01, 2.2000000000e+01, 1.0000000000e+01, 7.4000000000e-02, 8.4883666667e+03
 1500563100, 5.0000000000e+01, 2.2000000000e+01, 1.0566666667e+01, 7.0000000000e-02, 8.4882000000e+03
 1500563400, 5.0000000000e+01, 2.2000000000e+01, 1.1833333333e+01, 6.5166666667e-02, 8.4888333333e+03
 1500563700, 5.0000000000e+01, 2.2000000000e+01, 1.0000000000e+01, 5.1166666667e-02, 8.4883666667e+03
 1500564000, 5.0000000000e+01, 2.2000000000e+01, 1.0000000000e+01, 5.2000000000e-02, 8.4884000000e+03
 1500564300, 5.0000000000e+01, 2.2000000000e+01, 1.0000000000e+01, 5.0000000000e-02, 8.4893166667e+03
 1500564600, 5.0000000000e+01, 2.2000000000e+01, 1.0000000000e+01, 5.0000000000e-02, 8.4884000000e+03
 1500564900, 5.0000000000e+01, 2.2000000000e+01, 1.0000000000e+01, 5.4500000000e-02, 8.4894000000e+03
 1500565200, 5.0000000000e+01, 2.2000000000e+01, 1.0000000000e+01, 6.6333333333e-02, 8.4889666667e+03
 1500565500, 5.0000000000e+01, 2.2000000000e+01, 1.0000000000e+01, 5.3166666667e-02, 8.4890000000e+03
 1500565800, 5.0000000000e+01, 2.2000000000e+01, 1.0000000000e+01, 5.2000000000e-02, 8.4888333333e+03
 1500566100, 5.0000000000e+01, 2.2000000000e+01, 1.0000000000e+01, 5.0000000000e-02, 8.4882000000e+03
 1500566400, 5.0000000000e+01, 2.2000000000e+01, 1.0000000000e+01, 6.2833333333e-02, 8.4890833333e+03
 1500566700, 5.0000000000e+01, 2.2000000000e+01, 1.0000000000e+01, 5.1166666667e-02, 8.4888833333e+03
 1500567000, 5.0000000000e+01, 2.2000000000e+01, 1.0166666667e+01, 5.0000000000e-02, 8.4905000000e+03
 1500567300, 5.0000000000e+01, 2.2000000000e+01, 1.2000000000e+01, 5.7666666667e-02, 8.4907233333e+03
 1500567600, 5.0000000000e+01, 2.2000000000e+01, 1.0233333333e+01, 7.3166666667e-02, 8.4876333333e+03
 1500567900, 5.0000000000e+01, 2.2000000000e+01, 1.0000000000e+01, 5.8000000000e-02, 8.4884833333e+03
 1500568200, 5.0000000000e+01, 2.2000000000e+01, 1.0000000000e+01, 6.2833333333e-02, 8.4886000000e+03
 1500568500, 5.0000000000e+01, 2.2000000000e+01, 1.0000000000e+01, 6.7166666667e-02, 8.4902000000e+03
 1500568800, 5.0000000000e+01, 2.2000000000e+01, 1.0000000000e+01, 5.6000000000e-02, 8.4890000000e+03
 1500569100, 5.0000000000e+01, 2.2000000000e+01, 1.0000000000e+01, 6.5333333333e-02, 8.6084166667e+03
 1500569400, 1.2066666667e+02, 8.2066666667e+01, 2.2366666667e+01, 1.3200000000e+00, 9.0232166667e+03
 1500569700, 1.4025000000e+02, 9.8200000000e+01, 2.4000000000e+01, 3.1711666667e+00, 3.2502600000e+04
 1500570000, 1.4500000000e+02, 1.0296666667e+02, 2.4000000000e+01, 4.5110000000e+00, 4.3575566667e+04
 1500570300, 1.4500000000e+02, 1.0400000000e+02, 2.4000000000e+01, 5.4775000000e+00, 4.3576316667e+04
 1500570600, 1.4500000000e+02, 1.0400000000e+02, 2.4000000000e+01, 6.1800000000e+00, 4.3576683333e+04
 1500570900, 1.4500000000e+02, 1.0400000000e+02, 2.4000000000e+01, 6.6910000000e+00, 4.3576400000e+04
 1500571200, 1.4500000000e+02, 1.0400000000e+02, 2.4000000000e+01, 7.0538333333e+00, 4.3512833333e+04
 1500571500, 8.0083333333e+01, 4.9333333333e+01, 1.5800000000e+01, 7.3143333333e+00, 4.7756516667e+04
 1500571800, 5.9666666667e+01, 2.8833333333e+01, 1.4900000000e+01, 7.5150000000e+00, 4.8695433333e+04
 1500572100, 6.7166666667e+01, 3.2866666667e+01, 1.7433333333e+01, 7.6030000000e+00, 5.3460766667e+04
 1500572400, 6.0000000000e+01, 3.0000000000e+01, 1.6000000000e+01, 7.7536666667e+00, 5.3463483333e+04
 1500572700, 6.0000000000e+01, 3.0000000000e+01, 1.6000000000e+01, 7.8671666667e+00, 5.3530133333e+04
 1500573000, 1.3950000000e+02, 9.7133333333e+01, 2.4833333333e+01, 7.6715000000e+00, 5.3617933333e+04
 1500573300, 1.5341666667e+02, 1.0736666667e+02, 2.7366666667e+01, 7.4465000000e+00, 5.3608833333e+04
 1500573600, 1.5500000000e+02, 1.0896666667e+02, 2.8000000000e+01, 7.1898333333e+00, 5.3579650000e+04
 1500573900, 1.5500000000e+02, 1.1000000000e+02, 2.8000000000e+01, 7.1816666667e+00, 5.3656866667e+04
 1500574200, 1.5500000000e+02, 1.0983333333e+02, 2.8000000000e+01, 6.9846666667e+00, 5.3685000000e+04
 1500574500, 1.5500000000e+02, 1.0800000000e+02, 2.8000000000e+01, 6.9806666667e+00, 5.3637200000e+04
 1500574800, 1.5500000000e+02, 1.0800000000e+02, 2.6233333333e+01, 6.9210000000e+00, 5.3589883333e+04
 1500575100, 1.4475000000e+02, 9.9800000000e+01, 2.4633333333e+01, 6.9000000000e+00, 5.3636883333e+04
 1500575400, 1.4000000000e+02, 9.6000000000e+01, 2.4000000000e+01, 6.8770000000e+00, 2.3428700000e+04
 1500575700, 1.4141666667e+02, 9.7133333333e+01, 2.4000000000e+01, 7.1318333333e+00, 8.5840000000e+03
 1500576000, 1.4500000000e+02, 1.0033333333e+02, 2.4000000000e+01, 7.3935000000e+00, 3.9459766667e+04
 1500576300, 1.4500000000e+02, 1.0400000000e+02, 2.4000000000e+01, 7.5656666667e+00, 4.3540316667e+04
 1500576600, 1.4500000000e+02, 1.0400000000e+02, 2.4000000000e+01, 7.6863333333e+00, 4.3540633333e+04
 1500576900, 1.4500000000e+02, 1.0400000000e+02, 2.4000000000e+01, 7.7795000000e+00, 4.3539883333e+04
 1500577200, 1.4500000000e+02, 1.0400000000e+02, 2.4000000000e+01, 7.8490000000e+00, 4.3539400000e+04
 1500577500, 1.4358333333e+02, 1.0173333333e+02, 2.4000000000e+01, 7.8973333333e+00, 4.3951900000e+04
 1500577800, 1.3416666667e+02, 9.0666666667e+01, 2.3833333333e+01, 7.8921666667e+00, 4.9797033333e+04
 1500578100, 7.0000000000e+01, 3.2000000000e+01, 2.2000000000e+01, 7.6493333333e+00, 5.3611666667e+04
 1500578400, 1.4508333333e+02, 9.9133333333e+01, 2.7300000000e+01, 7.1408333333e+00, 5.3590383333e+04
 1500578700, 1.5500000000e+02, 1.0800000000e+02, 2.8000000000e+01, 6.9295000000e+00, 5.3660216667e+04
 1500579000, 1.5500000000e+02, 1.0800000000e+02, 2.7033333333e+01, 6.7830000000e+00, 5.3657233333e+04
 1500579300, 1.5358333333e+02, 1.0743333333e+02, 2.6000000000e+01, 6.6006666667e+00, 4.9965633333e+04
 1500579600, 1.4916666667e+02, 1.0550000000e+02, 2.5833333333e+01, 6.8306666667e+00, 9.0432666667e+03
 1500579900, 1.4000000000e+02, 1.0000000000e+02, 2.4000000000e+01, 7.1670000000e+00, 2.5459116667e+04
 1500580200, 1.4441666667e+02, 1.0353333333e+02, 2.4000000000e+01, 7.4038333333e+00, 4.3518316667e+04
 1500580500, 1.4841666667e+02, 1.0400000000e+02, 2.4000000000e+01, 7.5861666667e+00, 4.3518883333e+04
 1500580800, 1.4758333333e+02, 1.0400000000e+02, 2.4000000000e+01, 7.7183333333e+00, 4.3519000000e+04
 1500581100, 1.4500000000e+02, 1.0400000000e+02, 2.4000000000e+01, 7.8038333333e+00, 4.3519200000e+04
 1500581400, 1.4500000000e+02, 1.0400000000e+02, 2.4000000000e+01, 7.8673333333e+00, 4.3519400000e+04
 1500581700, 1.4500000000e+02, 1.0400000000e+02, 2.4000000000e+01, 7.7608333333e+00, 5.2422966667e+04
 1500582000, 1.5383333333e+02, 1.0753333333e+02, 2.5766666667e+01, 7.2963333333e+00, 5.3661483333e+04
 1500582300, 1.5500000000e+02, 1.0936666667e+02, 2.6000000000e+01, 6.8096666667e+00, 5.3662283333e+04
 1500582600, 1.5500000000e+02, 1.1000000000e+02, 2.6966666667e+01, 6.5165000000e+00, 5.3663283333e+04
 1500582900, 1.5500000000e+02, 1.1000000000e+02, 2.8000000000e+01, 6.3456666667e+00, 5.3665000000e+04
 1500583200, 1.5500000000e+02, 1.1000000000e+02, 2.7833333333e+01, 6.1558333333e+00, 5.3663483333e+04
 1500583500, 1.5500000000e+02, 1.1000000000e+02, 2.6000000000e+01, 6.0176666667e+00, 5.3660516667e+04
 1500583800, 1.5500000000e+02, 1.1000000000e+02, 2.7766666667e+01, 5.9506666667e+00, 5.3663033333e+04
 1500584100, 1.5500000000e+02, 1.0863333333e+02, 2.6633333333e+01, 5.9078333333e+00, 4.1318016667e+04
 1500584400, 1.4775000000e+02, 1.0316666667e+02, 2.5033333333e+01, 6.3026666667e+00, 8.9792166667e+03
 1500584700, 1.4141666667e+02, 9.9700000000e+01, 2.4000000000e+01, 6.7765000000e+00, 3.2448066667e+04
 1500585000, 1.4500000000e+02, 1.0400000000e+02, 2.4000000000e+01, 7.1113333333e+00, 4.3517683333e+04
 1500585300, 1.4500000000e+02, 1.0400000000e+02, 2.4000000000e+01, 7.3671666667e+00, 4.3517366667e+04
 1500585600, 1.4500000000e+02, 1.0400000000e+02, 2.4000000000e+01, 7.5516666667e+00, 4.3517716667e+04
 1500585900, 1.4500000000e+02, 1.0400000000e+02, 2.4000000000e+01, 7.6840000000e+00, 4.3517683333e+04
 1500586200, 1.4500000000e+02, 1.0303333333e+02, 2.4000000000e+01, 7.7695000000e+00, 4.6514533333e+04
 1500586500, 1.4641666667e+02, 1.0313333333e+02, 2.4566666667e+01, 7.5636666667e+00, 5.3633316667e+04
 1500586800, 1.5041666667e+02, 1.0616666667e+02, 2.6166666667e+01, 7.0705000000e+00, 5.3662566667e+04
 1500587100, 1.5500000000e+02, 1.0800000000e+02, 2.8000000000e+01, 6.8240000000e+00, 5.3661000000e+04
 1500587400, 1.5500000000e+02, 1.0800000000e+02, 2.6233333333e+01, 6.8345000000e+00, 5.3664693333e+04
 1500587700, 1.5158333333e+02, 1.0800000000e+02, 2.7366666667e+01, 6.6868333333e+00, 2.3454650000e+04
 1500588000, 1.4516666667e+02, 1.0316666667e+02, 2.6066666667e+01, 6.9823333333e+00, 1.5557050000e+04
 1500588300, 1.4141666667e+02, 9.9700000000e+01, 2.4000000000e+01, 7.2688333333e+00, 4.3518800000e+04
 1500588600, 1.4500000000e+02, 1.0400000000e+02, 2.4000000000e+01, 7.4861666667e+00, 4.3519400000e+04
 1500588900, 1.4500000000e+02, 1.0400000000e+02, 2.4000000000e+01, 7.6300000000e+00, 4.3519083333e+04
 1500589200, 1.4500000000e+02, 1.0400000000e+02, 2.4000000000e+01, 7.7335000000e+00, 4.3520200000e+04
 1500589500, 1.4500000000e+02, 1.0400000000e+02, 2.4000000000e+01, 7.8138333333e+00, 4.3519433333e+04
 1500589800, 1.4500000000e+02, 1.0206666667e+02, 2.5933333333e+01, 7.8160000000e+00, 4.8311483333e+04
 1500590100, 1.4783333333e+02, 1.0226666667e+02, 2.8000000000e+01, 7.5621666667e+00, 5.3615483333e+04
 1500590400, 1.5500000000e+02, 1.0800000000e+02, 2.7833333333e+01, 7.1736666667e+00, 5.3661600000e+04
 1500590700, 1.5500000000e+02, 1.0800000000e+02, 2.6000000000e+01, 6.8388333333e+00, 5.3662216667e+04
 1500591000, 1.5500000000e+02, 1.0800000000e+02, 2.6000000000e+01, 6.6515000000e+00, 5.3656716667e+04
 1500591300, 1.5500000000e+02, 1.0800000000e+02, 2.7366666667e+01, 6.6248333333e+00, 5.3655683333e+04
 1500591600, 1.5500000000e+02, 1.0800000000e+02, 2.7033333333e+01, 6.4765000000e+00, 5.3664483333e+04
 1500591900, 1.5500000000e+02, 1.0800000000e+02, 2.6566666667e+01, 6.4905000000e+00, 5.3659716667e+04
 1500592200, 1.5500000000e+02, 1.0800000000e+02, 2.7833333333e+01, 6.5570000000e+00, 5.3644766667e+04
 1500592500, 1.5500000000e+02, 1.0800000000e+02, 2.6000000000e+01, 6.5285000000e+00, 1.4767153333e+04
 1500592800, 9.0250000000e+01, 4.5840000000e+01, 2.2546666667e+01, 6.5121666667e+00, 1.0450840000e+04
 1500593100, 7.6700000000e+01, 3.6000000000e+01, 2.0680000000e+01, 6.5719333333e+00, 1.0625700000e+04
 1500593400, 7.9600000000e+01, 3.8760000000e+01, 1.9080000000e+01, 6.5649666667e+00, 1.1356593333e+04
 1500593700, 1.2466666667e+02, 7.5433333333e+01, 2.4800000000e+01, 8.0159666667e+00, 2.9087626667e+04
 1500594000, 2.2620000000e+02, 1.6112000000e+02, 4.2320000000e+01, 1.4523600000e+01, 3.8402510000e+04
 1500594300, 2.4000000000e+02, 1.7400000000e+02, 4.6000000000e+01, 1.9578533333e+01, 3.9174096667e+04
 1500594600, 2.4000000000e+02, 1.7400000000e+02, 4.6000000000e+01, 2.3226300000e+01, 3.8839680000e+04
 1500594900, 2.4000000000e+02, 1.7536000000e+02, 4.6000000000e+01, 2.5818566667e+01, 3.8967343333e+04
 1500595200, 2.4000000000e+02, 1.7504000000e+02, 4.5040000000e+01, 2.7744533333e+01, 3.8876663333e+04
 1500595500, 2.4000000000e+02, 1.7400000000e+02, 4.4000000000e+01, 2.9270633333e+01, 3.8886666667e+04
 1500595800, 2.4036666667e+02, 1.7429333333e+02, 4.4146666667e+01, 3.0340333333e+01, 3.8943010000e+04
 1500596100, 2.4500000000e+02, 1.7800000000e+02, 4.6000000000e+01, 3.1146933333e+01, 3.8987336667e+04
 1500596400, 2.4060000000e+02, 1.7624000000e+02, 4.6000000000e+01, 3.1649800000e+01, 3.8954116667e+04
 1500596700, 2.4000000000e+02, 1.7463333333e+02, 4.6000000000e+01, 3.2003500000e+01, 3.9027786667e+04
 1500597000, 2.4241666667e+02, 1.7496666667e+02, 4.6000000000e+01, 3.2305600000e+01, 3.9098940000e+04
 1500597300, 2.4358333333e+02, 1.7600000000e+02, 4.6000000000e+01, 3.2467433333e+01, 3.9109923333e+04
 1500597600, 2.4000000000e+02, 1.7583333333e+02, 4.6000000000e+01, 3.2572833333e+01, 3.9101916667e+04
 1500597900, 2.4000000000e+02, 1.7400000000e+02, 4.6000000000e+01, 3.2688400000e+01, 3.9112570000e+04
 1500598200, 2.2690000000e+02, 1.6352000000e+02, 4.2506666667e+01, 3.0492433333e+01, 1.8646773333e+04
 1500598500, 1.0541666667e+02, 6.7700000000e+01, 2.0133333333e+01, 2.3102166667e+01, 8.4433833333e+03
 1500598800, 6.2083333333e+01, 2.8833333333e+01, 1.4833333333e+01, 1.7839833333e+01, 8.3668166667e+03
 1500599100, 7.6416666667e+01, 3.4000000000e+01, 2.1133333333e+01, 1.4114666667e+01, 8.3710500000e+03
 1500599400, 7.8700000000e+01, 3.3480000000e+01, 2.2960000000e+01, 1.1516466667e+01, 9.4806466667e+03
 1500599700, 7.5316666667e+01, 3.2253333333e+01, 2.0126666667e+01, 1.0282666667e+01, 1.0816786667e+04
 1500600000, 8.0000000000e+01, 3.6000000000e+01, 2.2000000000e+01, 9.7985666667e+00, 1.1114686667e+04
 1500600300, 5.3500000000e+01, 2.5400000000e+01, 1.1400000000e+01, 9.4383000000e+00, 2.5664646667e+04
 1500600600, 1.8260000000e+02, 1.2600000000e+02, 3.8560000000e+01, 1.4861900000e+01, 4.1929420000e+04
 1500600900, 2.4500000000e+02, 1.7496000000e+02, 5.2000000000e+01, 1.9896533333e+01, 4.2384876667e+04
 1500601200, 2.4500000000e+02, 1.7544666667e+02, 5.1446666667e+01, 2.3414466667e+01, 4.2514980000e+04
 1500601500, 2.4538333333e+02, 1.7415333333e+02, 5.0153333333e+01, 2.5971900000e+01, 4.2500776667e+04
 1500601800, 2.5000000000e+02, 1.7600000000e+02, 5.2000000000e+01, 2.7784000000e+01, 4.2436200000e+04
 1500602100, 2.4561666667e+02, 1.7249333333e+02, 5.0246666667e+01, 2.9108266667e+01, 4.2672923333e+04
 1500602400, 2.4500000000e+02, 1.7472000000e+02, 5.0000000000e+01, 3.0109533333e+01, 4.3185503333e+04
 1500602700, 2.4500000000e+02, 1.7600000000e+02, 5.0920000000e+01, 3.0884033333e+01, 4.3113693333e+04
 1500603000, 2.4640000000e+02, 1.7600000000e+02, 5.2000000000e+01, 3.1329300000e+01, 4.2961660000e+04
 1500603300, 2.4960000000e+02, 1.7584000000e+02, 5.2000000000e+01, 3.1657633333e+01, 4.2929483333e+04
 1500603600, 2.4500000000e+02, 1.7400000000e+02, 5.2000000000e+01, 3.1912300000e+01, 4.3185496667e+04
 1500603900, 2.4500000000e+02, 1.7400000000e+02, 5.2000000000e+01, 3.2130066667e+01, 4.3307080000e+04
 1500604200, 2.4500000000e+02, 1.7536000000e+02, 5.2000000000e+01, 3.2283500000e+01, 4.3304536667e+04
 1500604500, 2.4500000000e+02, 1.7600000000e+02, 5.2000000000e+01, 3.2244533333e+01, 4.3456466667e+04
 1500604800, 2.4500000000e+02, 1.7544666667e+02, 5.1446666667e+01, 3.2321900000e+01, 4.3677176667e+04
 1500605100, 2.4500000000e+02, 1.7415333333e+02, 5.0153333333e+01, 3.2394166667e+01, 4.3530436667e+04
 1500605400, 2.4500000000e+02, 1.7600000000e+02, 5.2000000000e+01, 3.2464933333e+01, 4.3533803333e+04
 1500605700, 2.4500000000e+02, 1.7424000000e+02, 5.0240000000e+01, 3.2592666667e+01, 4.3731790000e+04
 1500606000, 2.4841666667e+02, 1.7536666667e+02, 5.1366666667e+01, 3.2691833333e+01, 4.3848060000e+04
 1500606300, 2.4760000000e+02, 1.7600000000e+02, 5.2000000000e+01, 3.2696033333e+01, 4.3753976667e+04
 1500606600, 2.4500000000e+02, 1.7600000000e+02, 5.2000000000e+01, 3.2708300000e+01, 4.3670896667e+04
 1500606900, 2.4500000000e+02, 1.7600000000e+02, 5.2000000000e+01, 3.2754200000e+01, 4.3681293333e+04
 1500607200, 2.4500000000e+02, 1.7586666667e+02, 5.1866666667e+01, 3.2829733333e+01, 4.3562666667e+04
 1500607500, 2.4500000000e+02, 1.7400000000e+02, 5.0000000000e+01, 3.2198400000e+01, 3.6843520000e+04
 1500607800, 2.3175000000e+02, 1.6693333333e+02, 4.6466666667e+01, 2.9491333333e+01, 2.6157050000e+04
 1500608100, 1.8666666667e+02, 1.3000000000e+02, 3.8000000000e+01, 2.4716666667e+01, 1.7651756667e+04
 1500608400, 1.2150000000e+02, 7.4300000000e+01, 2.7233333333e+01, 2.0215500000e+01, 1.0776216667e+04
 1500608700, 8.1500000000e+01, 3.7466666667e+01, 2.1733333333e+01, 1.6582833333e+01, 1.6166916667e+04
 1500609000, 1.0700000000e+02, 5.9000000000e+01, 2.5700000000e+01, 1.5723733333e+01, 1.8870343333e+04
 1500609300, 1.5680000000e+02, 1.0728000000e+02, 3.1440000000e+01, 1.5379800000e+01, 2.9371656667e+04
 1500609600, 2.3500000000e+02, 1.6800000000e+02, 4.8000000000e+01, 1.7599000000e+01, 3.4326316667e+04
 1500609900, 2.3500000000e+02, 1.6623333333e+02, 4.8000000000e+01, 1.9323000000e+01, 3.4327433333e+04
 1500610200, 2.3158333333e+02, 1.6600000000e+02, 4.6633333333e+01, 2.0642500000e+01, 3.4293016667e+04
 1500610500, 2.3241666667e+02, 1.6696666667e+02, 4.6000000000e+01, 2.1534333333e+01, 3.4410383333e+04
 1500610800, 2.3500000000e+02, 1.6743333333e+02, 4.6566666667e+01, 2.2158666667e+01, 3.4504166667e+04
 1500611100, 2.3500000000e+02, 1.6600000000e+02, 4.7833333333e+01, 2.2644166667e+01, 3.4892450000e+04
 1500611400, 2.3500000000e+02, 1.6600000000e+02, 4.6000000000e+01, 2.2952666667e+01, 3.4871000000e+04
 1500611700, 2.3500000000e+02, 1.6776666667e+02, 4.7766666667e+01, 2.3147500000e+01, 3.4725083333e+04
 1500612000, 2.3500000000e+02, 1.6663333333e+02, 4.8000000000e+01, 2.3345833333e+01, 3.4515816667e+04
 1500612300, 2.3500000000e+02, 1.6696666667e+02, 4.8000000000e+01, 2.3531333333e+01, 3.4411533333e+04
 1500612600, 2.3500000000e+02, 1.6743333333e+02, 4.8000000000e+01, 2.3664333333e+01, 3.4446983333e+04
 1500612900, 2.3458333333e+02, 1.6566666667e+02, 4.7833333333e+01, 2.3749833333e+01, 3.4502333333e+04
 1500613200, 2.3000000000e+02, 1.6200000000e+02, 4.6000000000e+01, 2.3797166667e+01, 3.4646683333e+04
 1500613500, 2.3441666667e+02, 1.6553333333e+02, 4.7766666667e+01, 2.3827500000e+01, 3.4623700000e+04
 1500613800, 2.2475000000e+02, 1.5780000000e+02, 4.5266666667e+01, 2.3892166667e+01, 3.4904466667e+04
 1500614100, 2.2725000000e+02, 1.6076666667e+02, 4.5933333333e+01, 2.3938166667e+01, 3.4960433333e+04
 1500614400, 2.3500000000e+02, 1.6800000000e+02, 4.8000000000e+01, 2.3922333333e+01, 3.4956683333e+04
 1500614700, 2.3375000000e+02, 1.6716666667e+02, 4.7500000000e+01, 2.3789166667e+01, 3.1315583333e+04
 1500615000, 2.2000000000e+02, 1.5800000000e+02, 4.2000000000e+01, 2.1074266667e+01, 1.8396990000e+04
 1500615300, 1.5280000000e+02, 9.7520000000e+01, 3.1920000000e+01, 1.8686966667e+01, 1.8033260000e+04
 1500615600, 1.0666666667e+02, 5.9333333333e+01, 2.6000000000e+01, 1.7097800000e+01, 1.8680800000e+04
 1500615900, 9.2333333333e+01, 4.6933333333e+01, 2.4000000000e+01, 1.5818933333e+01, 2.1127426667e+04
 1500616200, 1.3750000000e+02, 8.3700000000e+01, 3.1933333333e+01, 1.7881166667e+01, 3.7277520000e+04
 1500616500, 2.4208333333e+02, 1.7166666667e+02, 5.1500000000e+01, 2.0172000000e+01, 3.3447133333e+04
 1500616800, 2.1000000000e+02, 1.4600000000e+02, 4.6000000000e+01, 2.1366500000e+01, 3.3567616667e+04
 1500617100, 2.3208333333e+02, 1.6543333333e+02, 4.7766666667e+01, 2.2083500000e+01, 3.3615650000e+04
 1500617400, 2.3500000000e+02, 1.6800000000e+02, 4.8000000000e+01, 2.2572500000e+01, 3.3689133333e+04
 1500617700, 2.3500000000e+02, 1.6800000000e+02, 4.8000000000e+01, 2.2929166667e+01, 3.3855850000e+04
 1500618000, 2.3500000000e+02, 1.6743333333e+02, 4.7433333333e+01, 2.3215500000e+01, 3.4447283333e+04
 1500618300, 2.3500000000e+02, 1.6600000000e+02, 4.6166666667e+01, 2.3401666667e+01, 3.4383750000e+04
 1500618600, 2.3500000000e+02, 1.6600000000e+02, 4.8000000000e+01, 2.3531166667e+01, 3.4210200000e+04
 1500618900, 2.3500000000e+02, 1.6600000000e+02, 4.8000000000e+01, 2.3608666667e+01, 3.4036100000e+04
 1500619200, 2.3158333333e+02, 1.6463333333e+02, 4.6633333333e+01, 2.3680166667e+01, 3.4029783333e+04
 1500619500, 2.3241666667e+02, 1.6786666667e+02, 4.6000000000e+01, 2.3742666667e+01, 3.4096366667e+04
 1500619800, 2.3358333333e+02, 1.6973333333e+02, 4.6566666667e+01, 2.3768000000e+01, 3.4291416667e+04
 1500620100, 2.3041666667e+02, 1.6416666667e+02, 4.8000000000e+01, 2.3800833333e+01, 3.4509850000e+04
 1500620400, 2.3500000000e+02, 1.6600000000e+02, 4.8000000000e+01, 2.3812500000e+01, 3.4694783333e+04
 1500620700, 2.3500000000e+02, 1.6600000000e+02, 4.6233333333e+01, 2.3849000000e+01, 3.4766866667e+04
 1500621000, 2.3500000000e+02, 1.6736666667e+02, 4.7366666667e+01, 2.3912166667e+01, 3.4595816667e+04
 1500621300, 2.3500000000e+02, 1.6703333333e+02, 4.8000000000e+01, 2.3930833333e+01, 3.4694766667e+04
 1500621600, 2.3500000000e+02, 1.6600000000e+02, 4.8000000000e+01, 2.3808466667e+01, 3.2351056667e+04
 1500621900, 2.0326666667e+02, 1.3970666667e+02, 4.2560000000e+01, 2.2347733333e+01, 2.6843153333e+04
 1500622200, 9.5000000000e+01, 5.0000000000e+01, 2.4000000000e+01, 2.0880300000e+01, 2.0996673333e+04
 1500622500, 9.5000000000e+01, 5.0000000000e+01, 2.4000000000e+01, 1.8679100000e+01, 1.9647606667e+04
 1500622800, 1.5241666667e+02, 9.9466666667e+01, 3.1066666667e+01, 1.7516833333e+01, 3.0906516667e+04
 1500623100, 2.1125000000e+02, 1.4836666667e+02, 4.1566666667e+01, 1.8560666667e+01, 2.9738783333e+04
 1500623400, 2.2291666667e+02, 1.5833333333e+02, 4.3100000000e+01, 1.8074000000e+01, 2.7259216667e+04
 1500623700, 2.1000000000e+02, 1.4913333333e+02, 4.0000000000e+01, 1.7540333333e+01, 2.7872166667e+04
 1500624000, 2.1083333333e+02, 1.5266666667e+02, 4.0000000000e+01, 1.7115333333e+01, 2.8090700000e+04
 1500624300, 2.2000000000e+02, 1.6000000000e+02, 4.0000000000e+01, 1.6979300000e+01, 2.9112830000e+04
 1500624600, 2.2883333333e+02, 1.6530000000e+02, 4.1766666667e+01, 1.8008000000e+01, 3.9166150000e+04
 1500624900, 2.3341666667e+02, 1.7010000000e+02, 4.2000000000e+01, 1.9786000000e+01, 4.0593150000e+04
 1500625200, 2.3258333333e+02, 1.7103333333e+02, 4.2000000000e+01, 2.0996666667e+01, 4.0755450000e+04
 1500625500, 2.3000000000e+02, 1.7000000000e+02, 4.2000000000e+01, 2.1888166667e+01, 4.0992466667e+04
 1500625800, 2.2480000000e+02, 1.6552000000e+02, 4.0880000000e+01, 2.2606633333e+01, 4.1172653333e+04
 1500626100, 1.6500000000e+02, 1.1400000000e+02, 2.8000000000e+01, 2.2531333333e+01, 3.5150183333e+04
 1500626400, 2.2683333333e+02, 1.6700000000e+02, 4.2133333333e+01, 2.2608400000e+01, 4.6271720000e+04
 1500626700, 2.4176666667e+02, 1.7264666667e+02, 4.8060000000e+01, 2.5311933333e+01, 5.4866440000e+04
 1500627000, 2.4261666667e+02, 1.7486000000e+02, 4.6186666667e+01, 2.7246166667e+01, 5.4564563333e+04
 1500627300, 2.3858333333e+02, 1.7573333333e+02, 4.2000000000e+01, 2.6946000000e+01, 4.6915500000e+04
 1500627600, 2.3500000000e+02, 1.7016666667e+02, 4.2000000000e+01, 2.6536000000e+01, 4.1275650000e+04
 1500627900, 2.3500000000e+02, 1.7200000000e+02, 4.2000000000e+01, 2.4313666667e+01, 2.6615766667e+04
 1500628200, 1.6875000000e+02, 1.1723333333e+02, 3.1400000000e+01, 2.0003000000e+01, 1.6078383333e+04
 1500628500, 1.2241666667e+02, 7.5833333333e+01, 2.5900000000e+01, 1.5697000000e+01, 1.6455950000e+04
 1500628800, 1.0500000000e+02, 5.9080000000e+01, 2.4920000000e+01, 1.4800700000e+01, 3.1775520000e+04
 1500629100, 1.2483333333e+02, 7.6700000000e+01, 2.7700000000e+01, 1.5963300000e+01, 3.5810733333e+04
 1500629400, 1.7833333333e+02, 1.2766666667e+02, 3.1833333333e+01, 1.5702500000e+01, 3.3721000000e+04
 1500629700, 2.1500000000e+02, 1.6800000000e+02, 3.0000000000e+01, 1.6336833333e+01, 3.1153383333e+04
 1500630000, 2.1058333333e+02, 1.6270000000e+02, 3.0000000000e+01, 1.6951833333e+01, 3.1775533333e+04
 1500630300, 2.1000000000e+02, 1.6336666667e+02, 2.8633333333e+01, 1.7253333333e+01, -nan
 1500630600, 1.9308333333e+02, 1.4756666667e+02, -nan, 1.6530500000e+01, -nan
 1500630900, 1.8883333333e+02, 1.4328000000e+02, -nan, 1.9075700000e+01, -nan
 1500631200, 2.2416666667e+02, 1.7733333333e+02, -nan, 2.2670833333e+01, -nan
 1500631500, 2.1500000000e+02, 1.7000000000e+02, -nan, 2.3856333333e+01, -nan
 1500631800, 2.1500000000e+02, 1.7176666667e+02, -nan, 2.4511666667e+01, -nan
 1500632100, 2.1500000000e+02, 1.7063333333e+02, -nan, 2.4992166667e+01, -nan
 1500632400, -nan, 1.7000000000e+02, -nan, 2.5178833333e+01, -nan
 1500632700, -nan, 1.7000000000e+02, -nan, 2.5133500000e+01, -nan
 1500633000, -nan, 1.6983333333e+02, -nan, 2.4908000000e+01, -nan
 1500633300, -nan, 1.6800000000e+02, -nan, 2.4692166667e+01, -nan
 1500633600, -nan, 1.6800000000e+02, -nan, -nan, -nan
 1500633900, -nan, 1.6936666667e+02, -nan, -nan, -nan
 1500634200, -nan, -nan, -nan, -nan, -nan
 1500634500, -nan, -nan, -nan, -nan, -nan
 1500634800, -nan, -nan, -nan, -nan, -nan
