 Time, ttl_pwr, cpu_pwr, mem_pwr, cpu_load, mem_load
 1500448500, 5.0000000000e+01, 2.4000000000e+01, 1.2000000000e+01, 5.0000000000e-02, 8.6186000000e+03
 1500448800, 5.4416666667e+01, 2.7533333333e+01, 1.0233333333e+01, 5.0000000000e-02, 8.6191200000e+03
 1500449100, 5.5000000000e+01, 2.8000000000e+01, 1.1366666667e+01, 5.0000000000e-02, 8.6184833333e+03
 1500449400, 5.5000000000e+01, 2.6066666667e+01, 1.2000000000e+01, 5.6000000000e-02, 8.6191166667e+03
 1500449700, 5.5000000000e+01, 2.4000000000e+01, 1.2000000000e+01, 5.0000000000e-02, 8.6194833333e+03
 1500450000, 5.5000000000e+01, 2.4000000000e+01, 1.2000000000e+01, 5.0000000000e-02, 8.6188333333e+03
 1500450300, 5.5000000000e+01, 2.4000000000e+01, 1.2000000000e+01, 5.0000000000e-02, 8.6197266667e+03
 1500450600, 5.5000000000e+01, 2.4000000000e+01, 1.2000000000e+01, 5.0000000000e-02, 8.6214833333e+03
 1500450900, 5.1583333333e+01, 2.4000000000e+01, 1.0633333333e+01, 5.0000000000e-02, 8.6191166667e+03
 1500451200, 5.0000000000e+01, 2.4000000000e+01, 1.0966666667e+01, 5.0833333333e-02, 8.6192833333e+03
 1500451500, 5.1416666667e+01, 2.4000000000e+01, 1.1433333333e+01, 5.2000000000e-02, 8.6198000000e+03
 1500451800, 5.5000000000e+01, 2.4000000000e+01, 1.0166666667e+01, 6.4000000000e-02, 8.6230833333e+03
 1500452100, 5.5000000000e+01, 2.4000000000e+01, 1.2000000000e+01, 5.1166666667e-02, 8.6206333333e+03
 1500452400, 5.0583333333e+01, 2.4000000000e+01, 1.0233333333e+01, 5.0000000000e-02, 8.6202833333e+03
 1500452700, 5.0000000000e+01, 2.4000000000e+01, 1.1366666667e+01, 5.2833333333e-02, 8.6212833333e+03
 1500453000, 5.2416666667e+01, 2.4000000000e+01, 1.1033333333e+01, 5.4000000000e-02, 8.6211166667e+03
 1500453300, 5.6416666667e+01, 2.5133333333e+01, 1.1133333333e+01, 7.4500000000e-02, 8.6214000000e+03
 1500453600, 5.9166666667e+01, 2.7666666667e+01, 1.3666666667e+01, 8.7166666667e-02, 8.6207666667e+03
 1500453900, 5.0000000000e+01, 2.4000000000e+01, 1.0000000000e+01, 7.2333333333e-02, 8.6210000000e+03
 1500454200, 5.4416666667e+01, 2.5766666667e+01, 1.1766666667e+01, 5.3166666667e-02, 8.6224000000e+03
 1500454500, 5.1583333333e+01, 2.4633333333e+01, 1.0633333333e+01, 5.0000000000e-02, 8.6211166667e+03
 1500454800, 5.2416666667e+01, 2.4000000000e+01, 1.0966666667e+01, 5.2000000000e-02, 8.6209166667e+03
 1500455100, 5.5000000000e+01, 2.5133333333e+01, 1.1433333333e+01, 5.0000000000e-02, 8.6221666667e+03
 1500455400, 5.5000000000e+01, 2.8000000000e+01, 1.0166666667e+01, 5.0000000000e-02, 8.6222833333e+03
 1500455700, 5.5000000000e+01, 2.8000000000e+01, 1.2000000000e+01, 5.0000000000e-02, 8.6225166667e+03
 1500456000, 5.0583333333e+01, 2.4466666667e+01, 1.0233333333e+01, 5.0833333333e-02, 8.6230000000e+03
 1500456300, 5.0000000000e+01, 2.4000000000e+01, 1.0000000000e+01, 5.7166666667e-02, 8.6230833333e+03
 1500456600, 5.0000000000e+01, 2.4000000000e+01, 1.0000000000e+01, 5.0000000000e-02, 8.6212000000e+03
 1500456900, 5.1416666667e+01, 2.4000000000e+01, 1.0566666667e+01, 5.5633333333e-02, 8.6201866667e+03
 1500457200, 5.5000000000e+01, 2.4000000000e+01, 1.1833333333e+01, 5.9166666667e-02, 8.6212000000e+03
 1500457500, 5.5000000000e+01, 2.4000000000e+01, 1.0000000000e+01, 5.1166666667e-02, 8.6210833333e+03
 1500457800, 5.5000000000e+01, 2.4000000000e+01, 1.1766666667e+01, 5.0000000000e-02, 8.6216833333e+03
 1500458100, 5.1583333333e+01, 2.4000000000e+01, 1.0633333333e+01, 5.0000000000e-02, 8.6225166667e+03
 1500458400, 5.0000000000e+01, 2.4000000000e+01, 1.0000000000e+01, 5.0000000000e-02, 8.6223266667e+03
 1500458700, 5.0000000000e+01, 2.4000000000e+01, 1.0000000000e+01, 5.0000000000e-02, 8.6217166667e+03
 1500459000, 5.0000000000e+01, 2.4000000000e+01, 1.0000000000e+01, 5.4833333333e-02, 8.6220500000e+03
 1500459300, 5.0000000000e+01, 2.4000000000e+01, 1.0000000000e+01, 6.4833333333e-02, 8.6217333333e+03
 1500459600, 5.0000000000e+01, 2.4000000000e+01, 1.0000000000e+01, 7.8000000000e-02, 8.6214833333e+03
 1500459900, 5.0000000000e+01, 2.4000000000e+01, 1.0000000000e+01, 7.8833333333e-02, 8.6222000000e+03
 1500460200, 5.2400000000e+01, 2.4000000000e+01, 1.0000000000e+01, 7.7200000000e-02, 8.6222000000e+03
 1500460500, 5.6383333333e+01, 2.4000000000e+01, 1.2213333333e+01, 6.3166666667e-02, 8.6231933333e+03
 1500460800, 5.9166666667e+01, 2.4000000000e+01, 1.7333333333e+01, 7.2000000000e-02, 8.6218833333e+03
 1500461100, 5.0000000000e+01, 2.4000000000e+01, 1.0000000000e+01, 6.6000000000e-02, 8.6220833333e+03
 1500461400, 5.4400000000e+01, 2.5760000000e+01, 1.1760000000e+01, 5.7166666667e-02, 8.6224366667e+03
 1500461700, 5.1583333333e+01, 2.4633333333e+01, 1.0633333333e+01, 5.4833333333e-02, 8.6228000000e+03
 1500462000, 5.9666666667e+01, 2.6900000000e+01, 1.4833333333e+01, 5.7166666667e-02, 8.6242500000e+03
 1500462300, 6.4333333333e+01, 2.8300000000e+01, 1.7166666667e+01, 5.0000000000e-02, 8.6242333333e+03
 1500462600, 5.0416666667e+01, 2.4000000000e+01, 1.0333333333e+01, 5.2833333333e-02, 8.6237166667e+03
 1500462900, 5.5000000000e+01, 2.4000000000e+01, 1.4000000000e+01, 5.1166666667e-02, 8.6218833333e+03
 1500463200, 5.0583333333e+01, 2.4000000000e+01, 1.0466666667e+01, 5.0000000000e-02, 8.6230000000e+03
 1500463500, 5.0000000000e+01, 2.4000000000e+01, 1.0000000000e+01, 5.2000000000e-02, 8.6215166667e+03
 1500463800, 5.0000000000e+01, 2.4000000000e+01, 1.0000000000e+01, 5.0000000000e-02, 8.6227666667e+03
 1500464100, 5.0000000000e+01, 2.4000000000e+01, 1.0000000000e+01, 5.0000000000e-02, 8.6234000000e+03
 1500464400, 5.0000000000e+01, 2.4000000000e+01, 1.0166666667e+01, 5.0000000000e-02, 8.6231166667e+03
 1500464700, 5.0000000000e+01, 2.4000000000e+01, 1.2000000000e+01, 5.0833333333e-02, 8.6238500000e+03
 1500465000, 5.4416666667e+01, 2.5766666667e+01, 1.0233333333e+01, 5.9166666667e-02, 8.6255000000e+03
 1500465300, 5.5000000000e+01, 2.4633333333e+01, 1.1366666667e+01, 5.6833333333e-02, 8.6262500000e+03
 1500465600, 5.9833333333e+01, 2.7866666667e+01, 1.2966666667e+01, 7.2500000000e-02, 8.6230833333e+03
 1500465900, 6.0750000000e+01, 2.9733333333e+01, 1.2866666667e+01, 9.2833333333e-02, 8.6221500000e+03
 1500466200, 5.0416666667e+01, 2.4000000000e+01, 1.0166666667e+01, 1.0400000000e-01, 8.6229666667e+03
 1500466500, 5.5000000000e+01, 2.4000000000e+01, 1.2000000000e+01, 9.1166666667e-02, 8.6239666667e+03
 1500466800, 5.0583333333e+01, 2.4000000000e+01, 1.0233333333e+01, 7.8333333333e-02, 8.6243166667e+03
 1500467100, 5.3416666667e+01, 2.4000000000e+01, 1.1366666667e+01, 6.1166666667e-02, 8.6242833333e+03
 1500467400, 5.5000000000e+01, 2.4000000000e+01, 1.2000000000e+01, 5.1166666667e-02, 8.6237166667e+03
 1500467700, 5.5000000000e+01, 2.4000000000e+01, 1.2000000000e+01, 5.0000000000e-02, 8.6250833333e+03
 1500468000, 5.5000000000e+01, 2.4000000000e+01, 1.2000000000e+01, 5.0000000000e-02, 8.6260833333e+03
 1500468300, 5.5000000000e+01, 2.4000000000e+01, 1.2000000000e+01, 5.2000000000e-02, 8.6241166667e+03
 1500468600, 5.5000000000e+01, 2.5766666667e+01, 1.3766666667e+01, 5.0000000000e-02, 8.6240000000e+03
 1500468900, 5.8416666667e+01, 2.7366666667e+01, 1.2633333333e+01, 5.0000000000e-02, 8.6239166667e+03
 1500469200, 5.5166666667e+01, 2.6066666667e+01, 1.2000000000e+01, 5.0000000000e-02, 8.6241666667e+03
 1500469500, 5.0000000000e+01, 2.4000000000e+01, 1.1433333333e+01, 5.0000000000e-02, 8.6246000000e+03
 1500469800, 5.0416666667e+01, 2.4000000000e+01, 1.0166666667e+01, 5.0000000000e-02, 8.6244000000e+03
 1500470100, 5.5000000000e+01, 2.4000000000e+01, 1.2000000000e+01, 5.0000000000e-02, 8.6248000000e+03
 1500470400, 5.0583333333e+01, 2.4000000000e+01, 1.0233333333e+01, 5.0000000000e-02, 8.6252333333e+03
 1500470700, 5.0000000000e+01, 2.4000000000e+01, 1.1366666667e+01, 5.0833333333e-02, 8.6242833333e+03
 1500471000, 5.0000000000e+01, 2.4000000000e+01, 1.1033333333e+01, 5.6000000000e-02, 8.6254833333e+03
 1500471300, 5.0000000000e+01, 2.4000000000e+01, 1.0000000000e+01, 5.1166666667e-02, 8.6253666667e+03
 1500471600, 5.0000000000e+01, 2.4000000000e+01, 1.0000000000e+01, 5.0833333333e-02, 8.6248000000e+03
 1500471900, 5.0000000000e+01, 2.4000000000e+01, 1.0000000000e+01, 7.2500000000e-02, 8.6250833333e+03
 1500472200, 5.4416666667e+01, 2.4000000000e+01, 1.1766666667e+01, 8.7166666667e-02, 8.6258333333e+03
 1500472500, 5.1583333333e+01, 2.4000000000e+01, 1.0633333333e+01, 7.1166666667e-02, 8.6253666667e+03
 1500472800, 5.0000000000e+01, 2.4000000000e+01, 1.0966666667e+01, 6.0333333333e-02, 8.6258833333e+03
 1500473100, 5.0000000000e+01, 2.4000000000e+01, 1.1433333333e+01, 5.0000000000e-02, 8.6265166667e+03
 1500473400, 5.0000000000e+01, 2.4000000000e+01, 1.0000000000e+01, 5.0000000000e-02, 8.6250833333e+03
 1500473700, 5.0000000000e+01, 2.4000000000e+01, 1.0000000000e+01, 5.0000000000e-02, 8.6249666667e+03
 1500474000, 5.8833333333e+01, 2.7533333333e+01, 1.3533333333e+01, 5.0000000000e-02, 8.6245333333e+03
 1500474300, 5.3166666667e+01, 2.5266666667e+01, 1.1266666667e+01, 5.6800000000e-02, 8.6238833333e+03
 1500474600, 5.0000000000e+01, 2.4000000000e+01, 1.0000000000e+01, 5.5166666667e-02, 8.6238000000e+03
 1500474900, 5.1416666667e+01, 2.4000000000e+01, 1.0566666667e+01, 5.2833333333e-02, 8.6244000000e+03
 1500475200, 5.5000000000e+01, 2.4333333333e+01, 1.2000000000e+01, 5.3166666667e-02, 8.6246000000e+03
 1500475500, 5.5000000000e+01, 2.8000000000e+01, 1.2000000000e+01, 5.0000000000e-02, 8.6250833333e+03
 1500475800, 5.9416666667e+01, 3.3300000000e+01, 1.2000000000e+01, 5.6000000000e-02, 8.6270333333e+03
 1500476100, 5.3166666667e+01, 2.7166666667e+01, 1.0633333333e+01, 5.0000000000e-02, 8.6242833333e+03
 1500476400, 5.0000000000e+01, 2.4000000000e+01, 1.0000000000e+01, 5.0000000000e-02, 8.6250833333e+03
 1500476700, 5.0000000000e+01, 2.4000000000e+01, 1.0000000000e+01, 5.0000000000e-02, 8.6244333333e+03
 1500477000, 5.0416666667e+01, 2.4000000000e+01, 1.0166666667e+01, 5.0000000000e-02, 8.6244000000e+03
 1500477300, 5.5000000000e+01, 2.4000000000e+01, 1.2000000000e+01, 5.0000000000e-02, 8.6238833333e+03
 1500477600, 5.0583333333e+01, 2.4000000000e+01, 1.0233333333e+01, 5.0000000000e-02, 8.6236833333e+03
 1500477900, 5.0000000000e+01, 2.4000000000e+01, 1.0000000000e+01, 5.2833333333e-02, 8.6240333333e+03
 1500478200, 5.2416666667e+01, 2.4000000000e+01, 1.0000000000e+01, 6.9333333333e-02, 8.6250000000e+03
 1500478500, 5.6416666667e+01, 2.5700000000e+01, 1.1700000000e+01, 2.5300000000e-01, 8.6354000000e+03
 1500478800, 6.0416666667e+01, 3.0166666667e+01, 1.6166666667e+01, 4.8700000000e-01, 8.6350000000e+03
 1500479100, 6.5000000000e+01, 3.2000000000e+01, 1.8000000000e+01, 6.4966666667e-01, 8.6350000000e+03
 1500479400, 6.9416666667e+01, 3.3766666667e+01, 1.9766666667e+01, 7.7316666667e-01, 8.6339500000e+03
 1500479700, 6.6583333333e+01, 3.1266666667e+01, 1.7266666667e+01, 8.7266666667e-01, 8.6342833333e+03
 1500480000, 6.5000000000e+01, 3.0000000000e+01, 1.6000000000e+01, 9.4383333333e-01, 8.6327166667e+03
 1500480300, 6.2166666667e+01, 2.8866666667e+01, 1.4866666667e+01, 9.9650000000e-01, 8.6361666667e+03
 1500480600, 5.6250000000e+01, 2.6500000000e+01, 1.2666666667e+01, 1.0321666667e+00, 8.6332333333e+03
 1500480900, 7.0000000000e+01, 3.2000000000e+01, 2.0000000000e+01, 1.0804666667e+00, 8.6320800000e+03
 1500481200, 6.5583333333e+01, 3.0233333333e+01, 1.8233333333e+01, 1.0900000000e+00, 8.6332000000e+03
 1500481500, 6.1583333333e+01, 3.0000000000e+01, 1.3900000000e+01, 1.0868333333e+00, 8.6335166667e+03
 1500481800, 6.4833333333e+01, 3.2900000000e+01, 1.5866666667e+01, 1.1000000000e+00, 8.6332000000e+03
 1500482100, 7.0000000000e+01, 3.4866666667e+01, 2.0000000000e+01, 1.0991666667e+00, 8.6334833333e+03
 1500482400, 7.0000000000e+01, 3.2000000000e+01, 2.0000000000e+01, 1.0980000000e+00, 8.6339166667e+03
 1500482700, 7.0000000000e+01, 3.2000000000e+01, 2.0000000000e+01, 1.1036666667e+00, 8.6343666667e+03
 1500483000, 7.0000000000e+01, 3.2000000000e+01, 2.0000000000e+01, 1.1196666667e+00, 8.6332333333e+03
 1500483300, 6.6583333333e+01, 3.0633333333e+01, 1.7266666667e+01, 1.1211666667e+00, 8.6324833333e+03
 1500483600, 6.5000000000e+01, 3.0000000000e+01, 1.7933333333e+01, 1.1228333333e+00, 8.6332000000e+03
 1500483900, 6.5000000000e+01, 3.0566666667e+01, 1.9433333333e+01, 1.1336666667e+00, 8.6326000000e+03
 1500484200, 6.5000000000e+01, 3.1833333333e+01, 1.7833333333e+01, 1.1351666667e+00, 8.6327166667e+03
 1500484500, 6.5000000000e+01, 3.0000000000e+01, 1.6000000000e+01, 1.1331666667e+00, 8.6322833333e+03
 1500484800, 6.0583333333e+01, 2.8233333333e+01, 1.4233333333e+01, 1.1336666667e+00, 8.6332833333e+03
 1500485100, 6.3416666667e+01, 2.9366666667e+01, 1.5366666667e+01, 1.1375000000e+00, 8.6344833333e+03
 1500485400, 6.9833333333e+01, 3.2900000000e+01, 1.8900000000e+01, 1.1356666667e+00, 8.6354000000e+03
 1500485700, 7.3583333333e+01, 3.4866666667e+01, 2.1433333333e+01, 1.1283333333e+00, 8.6359166667e+03
 1500486000, 6.9166666667e+01, 3.1666666667e+01, 1.9666666667e+01, 1.1260000000e+00, 8.6333200000e+03
 1500486300, 6.0000000000e+01, 2.8000000000e+01, 1.6000000000e+01, 1.1316666667e+00, 8.6334500000e+03
 1500486600, 5.5583333333e+01, 2.6233333333e+01, 1.2466666667e+01, 1.1283333333e+00, 8.6335166667e+03
 1500486900, 5.8416666667e+01, 2.6000000000e+01, 1.3366666667e+01, 1.1191666667e+00, 8.6344833333e+03
 1500487200, 6.4833333333e+01, 2.9866666667e+01, 1.7866666667e+01, 1.1088333333e+00, 8.6349166667e+03
 1500487500, 6.7166666667e+01, 3.2866666667e+01, 2.0300000000e+01, 1.1071666667e+00, 8.6334833333e+03
 1500487800, 6.0416666667e+01, 3.0166666667e+01, 1.6166666667e+01, 1.1128333333e+00, 8.6363333333e+03
 1500488100, 6.5000000000e+01, 3.2000000000e+01, 1.8000000000e+01, 1.1208333333e+00, 8.6368866667e+03
 1500488400, 5.6166666667e+01, 2.6700000000e+01, 1.4466666667e+01, 1.1280000000e+00, 8.6370000000e+03
 1500488700, 5.8416666667e+01, 2.7366666667e+01, 1.4000000000e+01, 1.0320000000e+00, 8.6279500000e+03
 1500489000, 6.0000000000e+01, 2.8000000000e+01, 1.4000000000e+01, 7.7083333333e-01, 8.6256833333e+03
 1500489300, 5.7166666667e+01, 2.6866666667e+01, 1.3433333333e+01, 5.7466666667e-01, 8.6269166667e+03
 1500489600, 5.0000000000e+01, 2.4000000000e+01, 1.1833333333e+01, 4.4883333333e-01, 8.6270000000e+03
 1500489900, 5.0000000000e+01, 2.4000000000e+01, 1.0000000000e+01, 3.3850000000e-01, 8.6278500000e+03
 1500490200, 5.4416666667e+01, 2.4000000000e+01, 1.1766666667e+01, 2.6300000000e-01, 8.6282333333e+03
 1500490500, 5.1583333333e+01, 2.4000000000e+01, 1.0633333333e+01, 2.1583333333e-01, 8.6277166667e+03
 1500490800, 5.0000000000e+01, 2.4000000000e+01, 1.0000000000e+01, 1.7750000000e-01, 8.6276833333e+03
 1500491100, 5.0000000000e+01, 2.4000000000e+01, 1.0566666667e+01, 1.5516666667e-01, 8.6282000000e+03
 1500491400, 5.0416666667e+01, 2.4000000000e+01, 1.2000000000e+01, 1.3433333333e-01, 8.6277166667e+03
 1500491700, 5.5000000000e+01, 2.4000000000e+01, 1.2000000000e+01, 1.2916666667e-01, 8.6282833333e+03
 1500492000, 5.0583333333e+01, 2.4000000000e+01, 1.0233333333e+01, 1.0550000000e-01, 8.6268000000e+03
 1500492300, 5.0000000000e+01, 2.4000000000e+01, 1.0000000000e+01, 8.3166666667e-02, 8.6269166667e+03
 1500492600, 5.0000000000e+01, 2.4000000000e+01, 1.0966666667e+01, 7.6333333333e-02, 8.6285000000e+03
 1500492900, 5.1416666667e+01, 2.4000000000e+01, 1.2000000000e+01, 5.9166666667e-02, 8.6296166667e+03
 1500493200, 5.5000000000e+01, 2.4000000000e+01, 1.1833333333e+01, 5.2000000000e-02, 8.6265666667e+03
 1500493500, 5.5000000000e+01, 2.4000000000e+01, 1.0000000000e+01, 5.6833333333e-02, 8.6283666667e+03
 1500493800, 5.5000000000e+01, 2.4000000000e+01, 1.1766666667e+01, 5.1166666667e-02, 8.6319333333e+03
 1500494100, 5.5000000000e+01, 2.4000000000e+01, 1.2000000000e+01, 5.0000000000e-02, 8.6305833333e+03
 1500494400, 5.9833333333e+01, 2.7866666667e+01, 1.3933333333e+01, 5.0000000000e-02, 8.6297166667e+03
 1500494700, 6.0750000000e+01, 2.9733333333e+01, 1.4300000000e+01, 5.0000000000e-02, 8.6272333333e+03
 1500495000, 5.0000000000e+01, 2.4000000000e+01, 1.0000000000e+01, 5.0000000000e-02, 8.6263333333e+03
 1500495300, 5.0000000000e+01, 2.4000000000e+01, 1.0000000000e+01, 5.0000000000e-02, 8.6283166667e+03
 1500495600, 5.4416666667e+01, 2.4000000000e+01, 1.1766666667e+01, 5.0000000000e-02, 8.6290000000e+03
 1500495900, 5.5000000000e+01, 2.4000000000e+01, 1.2000000000e+01, 5.0833333333e-02, 8.6283166667e+03
 1500496200, 5.5000000000e+01, 2.4000000000e+01, 1.2000000000e+01, 6.2000000000e-02, 8.6281666667e+03
 1500496500, 5.5000000000e+01, 2.4000000000e+01, 1.2000000000e+01, 6.2000000000e-02, 8.6287166667e+03
 1500496800, 5.5000000000e+01, 2.4000000000e+01, 1.2000000000e+01, 5.6000000000e-02, 8.6284000000e+03
 1500497100, 5.5000000000e+01, 2.4000000000e+01, 1.2000000000e+01, 7.3666666667e-02, 8.6287666667e+03
 1500497400, 5.5000000000e+01, 2.4000000000e+01, 1.2000000000e+01, 7.7166666667e-02, 8.6301166667e+03
 1500497700, 5.1583333333e+01, 2.4000000000e+01, 1.0633333333e+01, 6.9200000000e-02, 8.6284000000e+03
 1500498000, 5.0000000000e+01, 2.4000000000e+01, 1.0000000000e+01, 5.4000000000e-02, 8.6288000000e+03
 1500498300, 5.0000000000e+01, 2.4000000000e+01, 1.0000000000e+01, 5.7166666667e-02, 8.6285166667e+03
 1500498600, 5.0416666667e+01, 2.4000000000e+01, 1.0166666667e+01, 5.0000000000e-02, 8.6276033333e+03
 1500498900, 5.5000000000e+01, 2.4000000000e+01, 1.2000000000e+01, 5.0000000000e-02, 8.6266333333e+03
 1500499200, 5.5000000000e+01, 2.4000000000e+01, 1.2000000000e+01, 5.0000000000e-02, 8.6274833333e+03
 1500499500, 5.1583333333e+01, 2.4000000000e+01, 1.0633333333e+01, 5.0000000000e-02, 8.6280833333e+03
 1500499800, 5.0000000000e+01, 2.4000000000e+01, 1.0000000000e+01, 5.2000000000e-02, 8.6284000000e+03
 1500500100, 5.0000000000e+01, 2.4000000000e+01, 1.0000000000e+01, 5.0000000000e-02, 8.6278000000e+03
 1500500400, 5.0416666667e+01, 2.4000000000e+01, 1.0166666667e+01, 5.0000000000e-02, 8.6265166667e+03
 1500500700, 5.5000000000e+01, 2.4000000000e+01, 1.2000000000e+01, 5.4000000000e-02, 8.6266500000e+03
 1500501000, 5.5000000000e+01, 2.5766666667e+01, 1.3766666667e+01, 5.0000000000e-02, 8.6277166667e+03
 1500501300, 5.1583333333e+01, 2.4633333333e+01, 1.2633333333e+01, 5.0000000000e-02, 8.6272333333e+03
 1500501600, 5.2416666667e+01, 2.4000000000e+01, 1.2000000000e+01, 5.0833333333e-02, 8.6263666667e+03
 1500501900, 5.5000000000e+01, 2.4000000000e+01, 1.2000000000e+01, 5.6000000000e-02, 8.6270000000e+03
 1500502200, 5.5000000000e+01, 2.4000000000e+01, 1.2000000000e+01, 5.3166666667e-02, 8.6283666667e+03
 1500502500, 5.5000000000e+01, 2.4000000000e+01, 1.2000000000e+01, 5.0000000000e-02, 8.6288833333e+03
 1500502800, 5.5000000000e+01, 2.4000000000e+01, 1.2000000000e+01, 5.2000000000e-02, 8.6282833333e+03
 1500503100, 5.5000000000e+01, 2.4000000000e+01, 1.2000000000e+01, 6.0833333333e-02, 8.6298000000e+03
 1500503400, 5.5000000000e+01, 2.4000000000e+01, 1.2000000000e+01, 5.8833333333e-02, 8.6289833333e+03
 1500503700, 5.5000000000e+01, 2.4000000000e+01, 1.2000000000e+01, 6.2333333333e-02, 8.6287666667e+03
 1500504000, 5.4583333333e+01, 2.4000000000e+01, 1.2000000000e+01, 5.0000000000e-02, 8.6282333333e+03
 1500504300, 5.0000000000e+01, 2.4000000000e+01, 1.2000000000e+01, 5.0000000000e-02, 8.6297666667e+03
 1500504600, 5.0000000000e+01, 2.4000000000e+01, 1.0233333333e+01, 5.2833333333e-02, 8.6297500000e+03
 1500504900, 5.0000000000e+01, 2.4000000000e+01, 1.0000000000e+01, 5.5166666667e-02, 8.6292500000e+03
 1500505200, 5.0000000000e+01, 2.4000000000e+01, 1.0000000000e+01, 5.0833333333e-02, 8.6317166667e+03
 1500505500, 5.0000000000e+01, 2.4000000000e+01, 1.0566666667e+01, 5.3166666667e-02, 8.6298000000e+03
 1500505800, 5.0000000000e+01, 2.4000000000e+01, 1.1833333333e+01, 5.0000000000e-02, 8.6306000000e+03
 1500506100, 5.0000000000e+01, 2.4000000000e+01, 1.0000000000e+01, 5.0000000000e-02, 8.6299166667e+03
 1500506400, 5.0000000000e+01, 2.4000000000e+01, 1.0000000000e+01, 5.0000000000e-02, 8.6297166667e+03
 1500506700, 5.0000000000e+01, 2.4000000000e+01, 1.1366666667e+01, 5.0000000000e-02, 8.6280833333e+03
 1500507000, 5.2416666667e+01, 2.5933333333e+01, 1.2000000000e+01, 5.0833333333e-02, 8.6288000000e+03
 1500507300, 5.5000000000e+01, 2.8000000000e+01, 1.2000000000e+01, 5.9166666667e-02, 8.6289666667e+03
 1500507600, 5.4583333333e+01, 2.7666666667e+01, 1.2000000000e+01, 5.2833333333e-02, 8.6310166667e+03
 1500507900, 5.0000000000e+01, 2.4000000000e+01, 1.2000000000e+01, 5.1166666667e-02, 8.6305833333e+03
 1500508200, 5.0000000000e+01, 2.4000000000e+01, 1.0233333333e+01, 5.0000000000e-02, 8.6300000000e+03
 1500508500, 5.0000000000e+01, 2.4000000000e+01, 1.1366666667e+01, 5.0000000000e-02, 8.6297166667e+03
 1500508800, 5.2416666667e+01, 2.4000000000e+01, 1.1033333333e+01, 5.0000000000e-02, 8.6316833333e+03
 1500509100, 5.3583333333e+01, 2.4000000000e+01, 1.0000000000e+01, 5.4000000000e-02, 8.6309166667e+03
 1500509400, 5.0416666667e+01, 2.4000000000e+01, 1.0166666667e+01, 5.0000000000e-02, 8.6297966667e+03
 1500509700, 5.5000000000e+01, 2.4000000000e+01, 1.2000000000e+01, 5.7666666667e-02, 8.6294833333e+03
 1500510000, 5.5000000000e+01, 2.4000000000e+01, 1.0233333333e+01, 5.4333333333e-02, 8.6284333333e+03
 1500510300, 5.5000000000e+01, 2.4000000000e+01, 1.1366666667e+01, 5.0000000000e-02, 8.6291666667e+03
 1500510600, 5.5000000000e+01, 2.4000000000e+01, 1.1033333333e+01, 5.0000000000e-02, 8.6294000000e+03
 1500510900, 5.5000000000e+01, 2.4000000000e+01, 1.0566666667e+01, 5.0000000000e-02, 8.6298333333e+03
 1500511200, 5.4583333333e+01, 2.4000000000e+01, 1.1833333333e+01, 5.0000000000e-02, 8.6305333333e+03
 1500511500, 5.0000000000e+01, 2.4000000000e+01, 1.0000000000e+01, 5.4000000000e-02, 8.6308000000e+03
 1500511800, 5.4416666667e+01, 2.4000000000e+01, 1.1766666667e+01, 5.0000000000e-02, 8.6316333333e+03
 1500512100, 5.5000000000e+01, 2.4000000000e+01, 1.0633333333e+01, 5.0000000000e-02, 8.6310000000e+03
 1500512400, 5.5000000000e+01, 2.4000000000e+01, 1.0966666667e+01, 5.0000000000e-02, 8.6297666667e+03
 1500512700, 5.5000000000e+01, 2.4000000000e+01, 1.1433333333e+01, 5.0000000000e-02, 8.6307166667e+03
 1500513000, 5.5000000000e+01, 2.4000000000e+01, 1.0166666667e+01, 5.0000000000e-02, 8.6304000000e+03
 1500513300, 5.5000000000e+01, 2.4000000000e+01, 1.2000000000e+01, 5.0000000000e-02, 8.6311666667e+03
 1500513600, 5.5000000000e+01, 2.4000000000e+01, 1.0233333333e+01, 5.2833333333e-02, 8.6324333333e+03
 1500513900, 5.5000000000e+01, 2.6733333333e+01, 1.1366666667e+01, 6.4000000000e-02, 8.6322500000e+03
 1500514200, 5.5000000000e+01, 2.8000000000e+01, 1.1033333333e+01, 5.5166666667e-02, 8.6329166667e+03
 1500514500, 5.5000000000e+01, 2.6866666667e+01, 1.0566666667e+01, 5.0000000000e-02, 8.6325166667e+03
 1500514800, 5.5416666667e+01, 2.4333333333e+01, 1.2166666667e+01, 5.0000000000e-02, 8.6324833333e+03
 1500515100, 6.0000000000e+01, 2.8000000000e+01, 1.4000000000e+01, 5.0000000000e-02, 8.6317666667e+03
 1500515400, 5.5583333333e+01, 2.6233333333e+01, 1.2233333333e+01, 6.7666666667e-02, 8.6325166667e+03
 1500515700, 5.5000000000e+01, 2.4633333333e+01, 1.2000000000e+01, 6.6000000000e-02, 8.6327166667e+03
 1500516000, 5.5000000000e+01, 2.4000000000e+01, 1.2000000000e+01, 5.9166666667e-02, 8.6317666667e+03
 1500516300, 5.5000000000e+01, 2.4000000000e+01, 1.2000000000e+01, 6.4000000000e-02, 8.6328000000e+03
 1500516600, 5.5000000000e+01, 2.4000000000e+01, 1.1833333333e+01, 6.2000000000e-02, 8.6329166667e+03
 1500516900, 5.5000000000e+01, 2.4000000000e+01, 1.0000000000e+01, 5.7166666667e-02, 8.6340833333e+03
 1500517200, 5.5000000000e+01, 2.4000000000e+01, 1.1766666667e+01, 5.0000000000e-02, 8.6326833333e+03
 1500517500, 5.5000000000e+01, 2.4000000000e+01, 1.2000000000e+01, 5.0000000000e-02, 8.6334833333e+03
 1500517800, 5.5000000000e+01, 2.4000000000e+01, 1.1033333333e+01, 5.0000000000e-02, 8.6335666667e+03
 1500518100, 5.5000000000e+01, 2.4000000000e+01, 1.0566666667e+01, 5.2000000000e-02, 8.6336166667e+03
 1500518400, 5.5000000000e+01, 2.4000000000e+01, 1.2000000000e+01, 5.0833333333e-02, 8.6324833333e+03
 1500518700, 5.5000000000e+01, 2.4000000000e+01, 1.2000000000e+01, 6.0000000000e-02, 8.6326000000e+03
 1500519000, 5.5000000000e+01, 2.4000000000e+01, 1.0233333333e+01, 5.5166666667e-02, 8.6332833333e+03
 1500519300, 5.5000000000e+01, 2.4000000000e+01, 1.1366666667e+01, 5.0000000000e-02, 8.6332333333e+03
 1500519600, 5.5000000000e+01, 2.4000000000e+01, 1.2000000000e+01, 5.0000000000e-02, 8.6332000000e+03
 1500519900, 5.5000000000e+01, 2.4000000000e+01, 1.1433333333e+01, 5.0000000000e-02, 8.6331166667e+03
 1500520200, 5.5000000000e+01, 2.4000000000e+01, 1.0333333333e+01, 5.0833333333e-02, 8.6322766667e+03
 1500520500, 5.5000000000e+01, 2.4000000000e+01, 1.4000000000e+01, 5.3166666667e-02, 8.6328833333e+03
 1500520800, 5.9416666667e+01, 2.7533333333e+01, 1.2233333333e+01, 5.0000000000e-02, 8.6326333333e+03
 1500521100, 5.6583333333e+01, 2.5266666667e+01, 1.2000000000e+01, 5.0000000000e-02, 8.6324000000e+03
 1500521400, 5.5000000000e+01, 2.4000000000e+01, 1.2000000000e+01, 5.0000000000e-02, 8.6305166667e+03
 1500521700, 5.5000000000e+01, 2.4000000000e+01, 1.1433333333e+01, 5.6000000000e-02, 8.6315333333e+03
 1500522000, 5.5000000000e+01, 2.4000000000e+01, 1.0166666667e+01, 6.3666666667e-02, 8.6310333333e+03
 1500522300, 5.5000000000e+01, 2.4000000000e+01, 1.2000000000e+01, 6.8000000000e-02, 8.6320833333e+03
 1500522600, 5.5000000000e+01, 2.4000000000e+01, 1.2000000000e+01, 7.8833333333e-02, 8.6329166667e+03
 1500522900, 5.5000000000e+01, 2.4000000000e+01, 1.2000000000e+01, 7.2333333333e-02, 8.6334000000e+03
 1500523200, 5.5000000000e+01, 2.4000000000e+01, 1.2000000000e+01, 5.4000000000e-02, 8.6322000000e+03
 1500523500, 5.5000000000e+01, 2.4000000000e+01, 1.2000000000e+01, 5.7166666667e-02, 8.6320333333e+03
 1500523800, 5.5000000000e+01, 2.4000000000e+01, 1.2000000000e+01, 5.0000000000e-02, 8.6325666667e+03
 1500524100, 5.5000000000e+01, 2.4000000000e+01, 1.2000000000e+01, 5.0000000000e-02, 8.6330000000e+03
 1500524400, 5.5000000000e+01, 2.4000000000e+01, 1.2000000000e+01, 5.0000000000e-02, 8.6328000000e+03
 1500524700, 7.2083333333e+01, 3.2200000000e+01, 2.0200000000e+01, 5.2000000000e-02, 8.6322000000e+03
 1500525000, 7.0333333333e+01, 3.2133333333e+01, 1.8200000000e+01, 5.6833333333e-02, 8.6326000000e+03
 1500525300, 5.8583333333e+01, 2.6866666667e+01, 1.1433333333e+01, 5.3166666667e-02, 8.6330833333e+03
 1500525600, 5.5000000000e+01, 2.4000000000e+01, 1.0166666667e+01, 5.0000000000e-02, 8.6330000000e+03
 1500525900, 5.5000000000e+01, 2.4000000000e+01, 1.2000000000e+01, 5.0000000000e-02, 8.6326000000e+03
 1500526200, 5.5000000000e+01, 2.4000000000e+01, 1.0233333333e+01, 5.0000000000e-02, 8.6326333333e+03
 1500526500, 5.5000000000e+01, 2.4000000000e+01, 1.0000000000e+01, 5.2833333333e-02, 8.6326833333e+03
 1500526800, 5.7416666667e+01, 2.5933333333e+01, 1.0966666667e+01, 5.3166666667e-02, 8.6328833333e+03
 1500527100, 5.8583333333e+01, 2.6866666667e+01, 1.2000000000e+01, 5.0000000000e-02, 8.6320000000e+03
 1500527400, 5.5000000000e+01, 2.4000000000e+01, 1.2000000000e+01, 5.0000000000e-02, 8.6324000000e+03
 1500527700, 5.5000000000e+01, 2.4000000000e+01, 1.2000000000e+01, 5.0833333333e-02, 8.6326000000e+03
 1500528000, 5.5000000000e+01, 2.4000000000e+01, 1.2000000000e+01, 5.5166666667e-02, 8.6338833333e+03
 1500528300, 5.5000000000e+01, 2.4000000000e+01, 1.0633333333e+01, 6.0500000000e-02, 8.6334000000e+03
 1500528600, 5.5000000000e+01, 2.4000000000e+01, 1.0966666667e+01, 7.9166666667e-02, 8.6342000000e+03
 1500528900, 5.3583333333e+01, 2.4000000000e+01, 1.1433333333e+01, 7.4000000000e-02, 8.6340000000e+03
 1500529200, 5.0416666667e+01, 2.4000000000e+01, 1.0166666667e+01, 6.2333333333e-02, 8.6337166667e+03
 1500529500, 5.5000000000e+01, 2.4000000000e+01, 1.2000000000e+01, 5.0000000000e-02, 8.6339666667e+03
 1500529800, 5.5000000000e+01, 2.4000000000e+01, 1.0233333333e+01, 5.0000000000e-02, 8.6349166667e+03
 1500530100, 5.5000000000e+01, 2.4000000000e+01, 1.1366666667e+01, 5.0000000000e-02, 8.6327166667e+03
 1500530400, 5.5000000000e+01, 2.4000000000e+01, 1.2000000000e+01, 5.0000000000e-02, 8.6347333333e+03
 1500530700, 5.3583333333e+01, 2.4000000000e+01, 1.1433333333e+01, 5.0000000000e-02, 8.6337166667e+03
 1500531000, 5.0416666667e+01, 2.4000000000e+01, 1.0000000000e+01, 5.0000000000e-02, 8.6331500000e+03
 1500531300, 5.5000000000e+01, 2.4000000000e+01, 1.0000000000e+01, 5.2000000000e-02, 8.6334500000e+03
 1500531600, 5.0583333333e+01, 2.4000000000e+01, 1.0000000000e+01, 5.2000000000e-02, 8.6341166667e+03
 1500531900, 5.0000000000e+01, 2.4000000000e+01, 1.0000000000e+01, 5.0000000000e-02, 8.6342500000e+03
 1500532200, 5.2416666667e+01, 2.4000000000e+01, 1.0966666667e+01, 5.0000000000e-02, 8.6348833333e+03
 1500532500, 5.3583333333e+01, 2.4000000000e+01, 1.1433333333e+01, 5.2000000000e-02, 8.6355666667e+03
 1500532800, 5.0000000000e+01, 2.4000000000e+01, 1.0000000000e+01, 5.0000000000e-02, 8.6356666667e+03
 1500533100, 5.0000000000e+01, 2.4000000000e+01, 1.0000000000e+01, 5.2000000000e-02, 8.6341500000e+03
 1500533400, 5.8833333333e+01, 2.4000000000e+01, 1.3533333333e+01, 5.0000000000e-02, 8.6340333333e+03
 1500533700, 5.3166666667e+01, 2.4000000000e+01, 1.1266666667e+01, 5.0000000000e-02, 8.6333666667e+03
 1500534000, 5.0000000000e+01, 2.4000000000e+01, 1.0000000000e+01, 5.0000000000e-02, 8.6342000000e+03
 1500534300, 5.0000000000e+01, 2.4000000000e+01, 1.0566666667e+01, 5.2833333333e-02, 8.6343666667e+03
 1500534600, 5.0000000000e+01, 2.4000000000e+01, 1.1833333333e+01, 5.8000000000e-02, 8.6352333333e+03
 1500534900, 5.0000000000e+01, 2.4000000000e+01, 1.0000000000e+01, 6.4833333333e-02, 8.6342000000e+03
 1500535200, 5.0000000000e+01, 2.4000000000e+01, 1.0000000000e+01, 6.3166666667e-02, 8.6348000000e+03
 1500535500, 5.0000000000e+01, 2.4000000000e+01, 1.1366666667e+01, 6.8833333333e-02, 8.6356833333e+03
 1500535800, 5.0000000000e+01, 2.4000000000e+01, 1.1033333333e+01, 6.7166666667e-02, 8.6364833333e+03
 1500536100, 5.1416666667e+01, 2.4000000000e+01, 1.0566666667e+01, 5.9166666667e-02, 8.6355166667e+03
 1500536400, 5.5000000000e+01, 2.4000000000e+01, 1.2000000000e+01, 5.0000000000e-02, 8.6355166667e+03
 1500536700, 5.5000000000e+01, 2.4000000000e+01, 1.2000000000e+01, 5.0000000000e-02, 8.6351666667e+03
 1500537000, 5.0583333333e+01, 2.4000000000e+01, 1.2000000000e+01, 5.0000000000e-02, 8.6362000000e+03
 1500537300, 5.0000000000e+01, 2.4000000000e+01, 1.0633333333e+01, 5.0000000000e-02, 8.6361166667e+03
 1500537600, 5.2416666667e+01, 2.4000000000e+01, 1.0966666667e+01, 5.0000000000e-02, 8.6349166667e+03
 1500537900, 5.3583333333e+01, 2.4000000000e+01, 1.1433333333e+01, 5.0000000000e-02, 8.6356833333e+03
 1500538200, 5.0416666667e+01, 2.4000000000e+01, 1.0166666667e+01, 5.0000000000e-02, 8.6360000000e+03
 1500538500, 5.5000000000e+01, 2.4000000000e+01, 1.2000000000e+01, 5.8833333333e-02, 8.6364000000e+03
 1500538800, 5.0583333333e+01, 2.4000000000e+01, 1.2000000000e+01, 5.7166666667e-02, 8.6368833333e+03
 1500539100, 5.0000000000e+01, 2.4000000000e+01, 1.2000000000e+01, 5.0000000000e-02, 8.6360000000e+03
 1500539400, 5.2416666667e+01, 2.4000000000e+01, 1.2000000000e+01, 5.0000000000e-02, 8.6366000000e+03
 1500539700, 5.5000000000e+01, 2.4566666667e+01, 1.2000000000e+01, 5.1966666667e-02, 8.6361166667e+03
 1500540000, 5.4583333333e+01, 2.5833333333e+01, 1.1833333333e+01, 5.0000000000e-02, 8.6361666667e+03
 1500540300, 5.0000000000e+01, 2.4000000000e+01, 1.0000000000e+01, 5.6833333333e-02, 8.6364000000e+03
 1500540600, 5.0000000000e+01, 2.4000000000e+01, 1.0000000000e+01, 5.8033333333e-02, 8.6365233333e+03
 1500540900, 5.0000000000e+01, 2.4000000000e+01, 1.1366666667e+01, 7.0833333333e-02, 8.6360000000e+03
 1500541200, 5.0000000000e+01, 2.4000000000e+01, 1.1033333333e+01, 6.7166666667e-02, 8.6368833333e+03
 1500541500, 5.2833333333e+01, 2.5133333333e+01, 1.1133333333e+01, 6.4833333333e-02, 8.6389166667e+03
 1500541800, 5.9166666667e+01, 2.7666666667e+01, 1.3666666667e+01, 6.2333333333e-02, 8.6358000000e+03
 1500542100, 5.0000000000e+01, 2.4000000000e+01, 1.0000000000e+01, 5.0000000000e-02, 8.6362833333e+03
 1500542400, 5.0000000000e+01, 2.4000000000e+01, 1.0000000000e+01, 5.0000000000e-02, 8.6368000000e+03
 1500542700, 5.3416666667e+01, 2.4000000000e+01, 1.1366666667e+01, 5.0000000000e-02, 8.6376433333e+03
 1500543000, 5.2583333333e+01, 2.4000000000e+01, 1.1033333333e+01, 5.4833333333e-02, 8.6380333333e+03
 1500543300, 5.0000000000e+01, 2.4000000000e+01, 1.0000000000e+01, 5.1166666667e-02, 8.6378000000e+03
 1500543600, 5.0000000000e+01, 2.4000000000e+01, 1.0000000000e+01, 5.0833333333e-02, 8.6377166667e+03
 1500543900, 5.0000000000e+01, 2.4000000000e+01, 1.0000000000e+01, 5.6000000000e-02, 8.6400166667e+03
 1500544200, 5.0000000000e+01, 2.4000000000e+01, 1.0000000000e+01, 5.5166666667e-02, 8.6394666667e+03
 1500544500, 5.3416666667e+01, 2.4000000000e+01, 1.1366666667e+01, 5.0000000000e-02, 8.6390000000e+03
 1500544800, 5.2583333333e+01, 2.4000000000e+01, 1.1033333333e+01, 5.0000000000e-02, 8.6382000000e+03
 1500545100, 5.0000000000e+01, 2.4000000000e+01, 1.0000000000e+01, 5.0000000000e-02, 8.6374833333e+03
 1500545400, 5.0000000000e+01, 2.4000000000e+01, 1.0000000000e+01, 5.0000000000e-02, 8.6382000000e+03
 1500545700, 5.0000000000e+01, 2.4000000000e+01, 1.0000000000e+01, 5.2000000000e-02, 8.6380000000e+03
 1500546000, 5.0000000000e+01, 2.4000000000e+01, 1.1766666667e+01, 5.0000000000e-02, 8.6384000000e+03
 1500546300, 5.3416666667e+01, 2.5366666667e+01, 1.2000000000e+01, 5.0000000000e-02, 8.6392833333e+03
 1500546600, 5.2583333333e+01, 2.5033333333e+01, 1.1033333333e+01, 5.4000000000e-02, 8.6385666667e+03
 1500546900, 5.0000000000e+01, 2.4000000000e+01, 1.0000000000e+01, 5.0000000000e-02, 8.6383166667e+03
 1500547200, 5.0000000000e+01, 2.4000000000e+01, 1.0166666667e+01, 5.9666666667e-02, 8.6384500000e+03
 1500547500, 5.0000000000e+01, 2.4000000000e+01, 1.2000000000e+01, 7.6000000000e-02, 8.6389500000e+03
 1500547800, 5.0000000000e+01, 2.4000000000e+01, 1.0233333333e+01, 7.8833333333e-02, 8.6380633333e+03
 1500548100, 5.0000000000e+01, 2.4000000000e+01, 1.0000000000e+01, 8.6000000000e-02, 8.6377166667e+03
 1500548400, 5.0000000000e+01, 2.4000000000e+01, 1.0000000000e+01, 7.0333333333e-02, 8.6373666667e+03
 1500548700, 5.0000000000e+01, 2.4000000000e+01, 1.0566666667e+01, 5.3166666667e-02, 8.6379166667e+03
 1500549000, 5.0416666667e+01, 2.4000000000e+01, 1.2000000000e+01, 5.0833333333e-02, 8.6401566667e+03
 1500549300, 5.5000000000e+01, 2.4000000000e+01, 1.2000000000e+01, 6.0000000000e-02, 8.6385166667e+03
 1500549600, 5.0583333333e+01, 2.4000000000e+01, 1.0233333333e+01, 6.1166666667e-02, 8.6387166667e+03
 1500549900, 5.0000000000e+01, 2.4000000000e+01, 1.0000000000e+01, 5.4000000000e-02, 8.6384500000e+03
 1500550200, 5.0000000000e+01, 2.4000000000e+01, 1.0000000000e+01, 5.0000000000e-02, 8.6401166667e+03
 1500550500, 5.0000000000e+01, 2.4000000000e+01, 1.0000000000e+01, 5.0000000000e-02, 8.6405166667e+03
 1500550800, 5.0416666667e+01, 2.4000000000e+01, 1.0166666667e+01, 5.1666666667e-02, 8.6380833333e+03
 1500551100, 5.5000000000e+01, 2.4000000000e+01, 1.2000000000e+01, 6.2333333333e-02, 8.6388000000e+03
 1500551400, 5.0583333333e+01, 2.4000000000e+01, 1.2000000000e+01, 5.0000000000e-02, 8.6402833333e+03
 1500551700, 5.3416666667e+01, 2.4000000000e+01, 1.2000000000e+01, 5.0000000000e-02, 8.6409500000e+03
 1500552000, 5.2583333333e+01, 2.4000000000e+01, 1.1033333333e+01, 5.2833333333e-02, 8.6395666667e+03
 1500552300, 5.0000000000e+01, 2.4000000000e+01, 1.0566666667e+01, 5.7166666667e-02, 8.6389166667e+03
 1500552600, 5.0000000000e+01, 2.4000000000e+01, 1.1833333333e+01, 5.0000000000e-02, 8.6384000000e+03
 1500552900, 5.0000000000e+01, 2.4000000000e+01, 1.0000000000e+01, 6.3666666667e-02, 8.6379500000e+03
 1500553200, 5.0000000000e+01, 2.4000000000e+01, 1.0000000000e+01, 6.7166666667e-02, 8.6385666667e+03
 1500553500, 5.3416666667e+01, 2.4000000000e+01, 1.0000000000e+01, 7.1666666667e-02, 8.6398833333e+03
 1500553800, 5.2583333333e+01, 2.4000000000e+01, 1.0000000000e+01, 7.7166666667e-02, 8.6374833333e+03
 1500554100, 5.0000000000e+01, 2.4000000000e+01, 1.0000000000e+01, 7.0000000000e-02, 8.6403166667e+03
 1500554400, 5.0000000000e+01, 2.4000000000e+01, 1.0000000000e+01, 6.6000000000e-02, 8.6382000000e+03
 1500554700, 5.0000000000e+01, 2.4000000000e+01, 1.0000000000e+01, 6.1166666667e-02, 8.6385666667e+03
 1500555000, 5.0000000000e+01, 2.4000000000e+01, 1.0000000000e+01, 5.5166666667e-02, 8.6395166667e+03
 1500555300, 5.0000000000e+01, 2.4000000000e+01, 1.0000000000e+01, 5.0000000000e-02, 8.6400000000e+03
 1500555600, 5.0000000000e+01, 2.4000000000e+01, 1.0000000000e+01, 5.2000000000e-02, 8.6398833333e+03
 1500555900, 5.0000000000e+01, 2.4000000000e+01, 1.0000000000e+01, 5.0000000000e-02, 8.6401166667e+03
 1500556200, 5.0000000000e+01, 2.4000000000e+01, 1.0000000000e+01, 5.0000000000e-02, 8.6406833333e+03
 1500556500, 5.0000000000e+01, 2.4000000000e+01, 1.0000000000e+01, 5.0000000000e-02, 8.6390000000e+03
 1500556800, 5.0000000000e+01, 2.4000000000e+01, 1.0000000000e+01, 5.0000000000e-02, 8.6402833333e+03
 1500557100, 5.3416666667e+01, 2.4000000000e+01, 1.1366666667e+01, 5.0000000000e-02, 8.6398333333e+03
 1500557400, 5.2583333333e+01, 2.4000000000e+01, 1.1033333333e+01, 5.0000000000e-02, 8.6392833333e+03
 1500557700, 5.1416666667e+01, 2.4000000000e+01, 1.0566666667e+01, 5.0000000000e-02, 8.6394000000e+03
 1500558000, 5.5000000000e+01, 2.4000000000e+01, 1.2000000000e+01, 5.0000000000e-02, 8.6398833333e+03
 1500558300, 5.5000000000e+01, 2.4000000000e+01, 1.2000000000e+01, 5.0000000000e-02, 8.6403633333e+03
 1500558600, 5.5000000000e+01, 2.4000000000e+01, 1.2000000000e+01, 5.0833333333e-02, 8.6415500000e+03
 1500558900, 5.5000000000e+01, 2.5366666667e+01, 1.2000000000e+01, 5.9166666667e-02, 8.6396000000e+03
 1500559200, 5.5000000000e+01, 2.5033333333e+01, 1.2000000000e+01, 5.8833333333e-02, 8.6402000000e+03
 1500559500, 5.5000000000e+01, 2.4000000000e+01, 1.1433333333e+01, 7.4500000000e-02, 8.6386333333e+03
 1500559800, 5.5000000000e+01, 2.4000000000e+01, 1.0166666667e+01, 1.0933333333e-01, 8.6370833333e+03
 1500560100, 5.5000000000e+01, 2.4000000000e+01, 1.2000000000e+01, 1.2233333333e-01, 8.6372000000e+03
 1500560400, 5.5000000000e+01, 2.4000000000e+01, 1.2000000000e+01, 1.0433333333e-01, 8.6377166667e+03
 1500560700, 5.5000000000e+01, 2.4000000000e+01, 1.2000000000e+01, 9.1166666667e-02, 8.6380500000e+03
 1500561000, 5.5000000000e+01, 2.4000000000e+01, 1.2000000000e+01, 7.4333333333e-02, 8.6391166667e+03
 1500561300, 5.3583333333e+01, 2.4000000000e+01, 1.2000000000e+01, 7.0833333333e-02, 8.6380000000e+03
 1500561600, 5.0000000000e+01, 2.4000000000e+01, 1.1833333333e+01, 6.5166666667e-02, 8.6376833333e+03
 1500561900, 5.0000000000e+01, 2.4000000000e+01, 1.0000000000e+01, 5.3166666667e-02, 8.6387333333e+03
 1500562200, 5.4416666667e+01, 2.7533333333e+01, 1.1766666667e+01, 5.0000000000e-02, 8.6395333333e+03
 1500562500, 5.1583333333e+01, 2.5266666667e+01, 1.0633333333e+01, 5.0000000000e-02, 8.6384833333e+03
 1500562800, 5.0000000000e+01, 2.4000000000e+01, 1.0000000000e+01, 5.0000000000e-02, 8.6390833333e+03
 1500563100, 5.0000000000e+01, 2.4000000000e+01, 1.0000000000e+01, 5.0000000000e-02, 8.6387166667e+03
 1500563400, 5.0000000000e+01, 2.4000000000e+01, 1.0000000000e+01, 5.0000000000e-02, 8.6388000000e+03
 1500563700, 5.0000000000e+01, 2.4000000000e+01, 1.0000000000e+01, 5.2000000000e-02, 8.6388000000e+03
 1500564000, 5.0000000000e+01, 2.4000000000e+01, 1.0000000000e+01, 5.0000000000e-02, 8.6386000000e+03
 1500564300, 5.0000000000e+01, 2.4000000000e+01, 1.0000000000e+01, 5.0000000000e-02, 8.6389966667e+03
 1500564600, 5.0000000000e+01, 2.4000000000e+01, 1.0000000000e+01, 5.4166666667e-02, 8.6397500000e+03
 1500564900, 5.5666666667e+01, 2.6266666667e+01, 1.2833333333e+01, 2.4050000000e-01, 8.6459500000e+03
 1500565200, 7.0000000000e+01, 3.2333333333e+01, 1.9833333333e+01, 4.7183333333e-01, 8.6463666667e+03
 1500565500, 7.0000000000e+01, 3.6000000000e+01, 1.8000000000e+01, 6.4533333333e-01, 8.6447166667e+03
 1500565800, 6.5583333333e+01, 3.2466666667e+01, 1.6233333333e+01, 7.8483333333e-01, 8.6460000000e+03
 1500566100, 6.1583333333e+01, 2.9266666667e+01, 1.6000000000e+01, 8.9266666667e-01, 8.6443666667e+03
 1500566400, 5.7583333333e+01, 2.7033333333e+01, 1.4066666667e+01, 9.4733333333e-01, 8.6454333333e+03
 1500566700, 5.6416666667e+01, 2.6566666667e+01, 1.3133333333e+01, 9.7566666667e-01, 8.6452000000e+03
 1500567000, 6.0416666667e+01, 2.8333333333e+01, 1.6166666667e+01, 1.0230000000e+00, 8.6446333333e+03
 1500567300, 6.5000000000e+01, 3.2000000000e+01, 1.8000000000e+01, 1.0568333333e+00, 8.6477466667e+03
 1500567600, 6.0583333333e+01, 2.8466666667e+01, 1.4466666667e+01, 1.0600000000e+00, 8.6466833333e+03
 1500567900, 6.3416666667e+01, 2.9366666667e+01, 1.6733333333e+01, 1.0620000000e+00, 8.6464333333e+03
 1500568200, 6.0166666667e+01, 2.8066666667e+01, 1.5100000000e+01, 1.0551666667e+00, 8.6468833333e+03
 1500568500, 5.5000000000e+01, 2.6000000000e+01, 1.2000000000e+01, 1.0520000000e+00, 8.6460833333e+03
 1500568800, 5.5000000000e+01, 2.6166666667e+01, 1.2000000000e+01, 1.0540000000e+00, 8.6451166667e+03
 1500569100, 5.5000000000e+01, 2.8000000000e+01, 1.2000000000e+01, 1.0691666667e+00, 8.7656833333e+03
 1500569400, 1.3008333333e+02, 8.9833333333e+01, 2.4366666667e+01, 2.3655000000e+00, 9.1852500000e+03
 1500569700, 1.5025000000e+02, 1.0756666667e+02, 2.6000000000e+01, 4.2080000000e+00, 3.2656566667e+04
 1500570000, 1.5500000000e+02, 1.1200000000e+02, 2.6000000000e+01, 5.5393333333e+00, 4.3726516667e+04
 1500570300, 1.5500000000e+02, 1.1200000000e+02, 2.6000000000e+01, 6.5015000000e+00, 4.3727283333e+04
 1500570600, 1.5500000000e+02, 1.1216666667e+02, 2.6000000000e+01, 7.2148333333e+00, 4.3726516667e+04
 1500570900, 1.5500000000e+02, 1.1400000000e+02, 2.6000000000e+01, 7.7270000000e+00, 4.3727483333e+04
 1500571200, 1.5500000000e+02, 1.1223333333e+02, 2.6000000000e+01, 8.1026666667e+00, 4.3727683333e+04
 1500571500, 1.2766666667e+02, 8.6033333333e+01, 2.4633333333e+01, 8.3591666667e+00, 4.5746133333e+04
 1500571800, 1.1500000000e+02, 7.7866666667e+01, 2.1100000000e+01, 8.5098333333e+00, 5.0594116667e+04
 1500572100, 1.0083333333e+02, 6.7266666667e+01, 1.8566666667e+01, 8.6321666667e+00, 5.3629950000e+04
 1500572400, 6.7916666667e+01, 3.2500000000e+01, 2.0333333333e+01, 8.7951666667e+00, 5.3679250000e+04
 1500572700, 1.0000000000e+02, 6.0000000000e+01, 2.4000000000e+01, 8.8603333333e+00, 5.3701583333e+04
 1500573000, 1.5741666667e+02, 1.1123333333e+02, 2.7533333333e+01, 8.4135000000e+00, 5.3825666667e+04
 1500573300, 1.6841666667e+02, 1.1936666667e+02, 2.8000000000e+01, 8.0688333333e+00, 5.3824966667e+04
 1500573600, 1.6758333333e+02, 1.2000000000e+02, 2.8000000000e+01, 7.5780000000e+00, 5.3856450000e+04
 1500573900, 1.6641666667e+02, 1.2056666667e+02, 2.8000000000e+01, 7.3086666667e+00, 5.3741866667e+04
 1500574200, 1.6958333333e+02, 1.2183333333e+02, 2.8000000000e+01, 7.1978333333e+00, 5.3875366667e+04
 1500574500, 1.6500000000e+02, 1.2000000000e+02, 2.8000000000e+01, 7.1025000000e+00, 5.3875466667e+04
 1500574800, 1.6941666667e+02, 1.2176666667e+02, 2.8000000000e+01, 6.7008333333e+00, 5.3774300000e+04
 1500575100, 1.5633333333e+02, 1.0970000000e+02, 2.6633333333e+01, 6.6495000000e+00, 5.3826233333e+04
 1500575400, 1.5483333333e+02, 1.0980000000e+02, 2.6966666667e+01, 6.8138333333e+00, 2.4424633333e+04
 1500575700, 1.5858333333e+02, 1.1373333333e+02, 2.7433333333e+01, 7.3790000000e+00, 8.7546833333e+03
 1500576000, 1.5500000000e+02, 1.0850000000e+02, 2.6000000000e+01, 7.8376666667e+00, 3.9630266667e+04
 1500576300, 1.5500000000e+02, 1.1400000000e+02, 2.6000000000e+01, 8.1143333333e+00, 4.3704300000e+04
 1500576600, 1.5500000000e+02, 1.1223333333e+02, 2.6000000000e+01, 8.1131666667e+00, 4.3699083333e+04
 1500576900, 1.5500000000e+02, 1.1200000000e+02, 2.6000000000e+01, 8.0983333333e+00, 4.3699783333e+04
 1500577200, 1.5500000000e+02, 1.1200000000e+02, 2.6000000000e+01, 8.0823333333e+00, 4.3701550000e+04
 1500577500, 1.5358333333e+02, 1.0973333333e+02, 2.6000000000e+01, 8.0543333333e+00, 4.5594933333e+04
 1500577800, 1.5000000000e+02, 1.0400000000e+02, 2.6000000000e+01, 8.0106666667e+00, 5.2502166667e+04
 1500578100, 1.5000000000e+02, 1.0400000000e+02, 2.6000000000e+01, 7.6798333333e+00, 5.3746516667e+04
 1500578400, 1.6325000000e+02, 1.1636666667e+02, 2.7766666667e+01, 7.1956666667e+00, 5.3793600000e+04
 1500578700, 1.6500000000e+02, 1.1800000000e+02, 2.8000000000e+01, 6.7970000000e+00, 5.3795050000e+04
 1500579000, 1.6500000000e+02, 1.1800000000e+02, 2.8000000000e+01, 6.5010000000e+00, 5.3727166667e+04
 1500579300, 1.6075000000e+02, 1.1403333333e+02, 2.7433333333e+01, 6.7196666667e+00, 1.4609983333e+04
 1500579600, 1.5041666667e+02, 1.0466666667e+02, 2.6000000000e+01, 7.0690000000e+00, 2.5643916667e+04
 1500579900, 1.5500000000e+02, 1.1200000000e+02, 2.6000000000e+01, 7.3383333333e+00, 4.3712050000e+04
 1500580200, 1.5500000000e+02, 1.1200000000e+02, 2.6000000000e+01, 7.5261666667e+00, 4.3713916667e+04
 1500580500, 1.5500000000e+02, 1.1200000000e+02, 2.6000000000e+01, 7.6720000000e+00, 4.3713016667e+04
 1500580800, 1.5500000000e+02, 1.1200000000e+02, 2.6000000000e+01, 7.7726666667e+00, 4.3713100000e+04
 1500581100, 1.5500000000e+02, 1.1200000000e+02, 2.6000000000e+01, 7.8498333333e+00, 4.3712000000e+04
 1500581400, 1.5583333333e+02, 1.1233333333e+02, 2.6166666667e+01, 7.7860000000e+00, 5.1602333333e+04
 1500581700, 1.6500000000e+02, 1.1600000000e+02, 2.8000000000e+01, 7.4646666667e+00, 5.3844483333e+04
 1500582000, 1.6500000000e+02, 1.1776666667e+02, 2.8000000000e+01, 7.1623333333e+00, 5.3844833333e+04
 1500582300, 1.6500000000e+02, 1.1800000000e+02, 2.8000000000e+01, 6.8123333333e+00, 5.3798650000e+04
 1500582600, 1.6500000000e+02, 1.1800000000e+02, 2.8000000000e+01, 6.4130000000e+00, 5.3799000000e+04
 1500582900, 1.6500000000e+02, 1.1856666667e+02, 2.8000000000e+01, 6.4320000000e+00, 5.3799916667e+04
 1500583200, 1.6500000000e+02, 1.1983333333e+02, 2.8000000000e+01, 6.3000000000e+00, 5.3847966667e+04
 1500583500, 1.6500000000e+02, 1.1800000000e+02, 2.8000000000e+01, 6.1090000000e+00, 5.3847166667e+04
 1500583800, 1.6500000000e+02, 1.1800000000e+02, 2.8000000000e+01, 6.1621666667e+00, 3.2792833333e+04
 1500584100, 1.5475000000e+02, 1.0980000000e+02, 2.6633333333e+01, 6.6511666667e+00, 8.8995500000e+03
 1500584400, 1.5241666667e+02, 1.0890000000e+02, 2.6000000000e+01, 7.0486666667e+00, 3.9635233333e+04
 1500584700, 1.5641666667e+02, 1.1256666667e+02, 2.6000000000e+01, 7.3211666667e+00, 4.3715083333e+04
 1500585000, 1.5958333333e+02, 1.1383333333e+02, 2.6000000000e+01, 7.5246666667e+00, 4.3716000000e+04
 1500585300, 1.5500000000e+02, 1.1200000000e+02, 2.6000000000e+01, 7.6940000000e+00, 4.3715483333e+04
 1500585600, 1.5500000000e+02, 1.1200000000e+02, 2.6000000000e+01, 7.7838333333e+00, 4.3715633333e+04
 1500585900, 1.5500000000e+02, 1.1200000000e+02, 2.6000000000e+01, 7.8501666667e+00, 4.3715883333e+04
 1500586200, 1.5741666667e+02, 1.1393333333e+02, 2.6966666667e+01, 7.7955000000e+00, 5.1557916667e+04
 1500586500, 1.6141666667e+02, 1.1656666667e+02, 2.8000000000e+01, 7.4358333333e+00, 5.3847216667e+04
 1500586800, 1.6500000000e+02, 1.1800000000e+02, 2.8000000000e+01, 7.1575000000e+00, 5.3800566667e+04
 1500587100, 1.6500000000e+02, 1.1800000000e+02, 2.8000000000e+01, 6.8838333333e+00, 5.3850366667e+04
 1500587400, 1.6500000000e+02, 1.1800000000e+02, 2.8000000000e+01, 6.6805000000e+00, 5.3851493333e+04
 1500587700, 1.6500000000e+02, 1.1800000000e+02, 2.8000000000e+01, 6.4831666667e+00, 5.3851000000e+04
 1500588000, 1.6500000000e+02, 1.1800000000e+02, 2.8000000000e+01, 6.2766666667e+00, 5.3850833333e+04
 1500588300, 1.6075000000e+02, 1.1516666667e+02, 2.7433333333e+01, 6.4383333333e+00, 1.4642133333e+04
 1500588600, 1.5041666667e+02, 1.0833333333e+02, 2.6000000000e+01, 6.8668333333e+00, 2.5639150000e+04
 1500588900, 1.5500000000e+02, 1.1200000000e+02, 2.6000000000e+01, 7.1885000000e+00, 4.3698916667e+04
 1500589200, 1.5500000000e+02, 1.1200000000e+02, 2.6000000000e+01, 7.4178333333e+00, 4.3698966667e+04
 1500589500, 1.5500000000e+02, 1.1200000000e+02, 2.6000000000e+01, 7.5816666667e+00, 4.3700000000e+04
 1500589800, 1.5500000000e+02, 1.1200000000e+02, 2.6000000000e+01, 7.7091666667e+00, 4.3700083333e+04
 1500590100, 1.5500000000e+02, 1.1200000000e+02, 2.6000000000e+01, 7.7930000000e+00, 4.3700200000e+04
 1500590400, 1.5541666667e+02, 1.1233333333e+02, 2.6166666667e+01, 7.8208333333e+00, 4.7494683333e+04
 1500590700, 1.6000000000e+02, 1.1600000000e+02, 2.8000000000e+01, 7.5990000000e+00, 5.3842250000e+04
 1500591000, 1.6441666667e+02, 1.1776666667e+02, 2.8000000000e+01, 7.2270000000e+00, 5.3842800000e+04
 1500591300, 1.6500000000e+02, 1.1800000000e+02, 2.8000000000e+01, 7.0265000000e+00, 5.3843766667e+04
 1500591600, 1.6500000000e+02, 1.1800000000e+02, 2.8000000000e+01, 6.8295000000e+00, 5.3844166667e+04
 1500591900, 1.6500000000e+02, 1.1800000000e+02, 2.8000000000e+01, 6.7075000000e+00, 5.3789716667e+04
 1500592200, 1.6500000000e+02, 1.1800000000e+02, 2.8000000000e+01, 6.5606666667e+00, 5.3843366667e+04
 1500592500, 1.6500000000e+02, 1.1800000000e+02, 2.8000000000e+01, 6.3900000000e+00, 5.3845483333e+04
 1500592800, 1.6500000000e+02, 1.1800000000e+02, 2.8000000000e+01, 6.3243333333e+00, 5.3844733333e+04
 1500593100, 1.6500000000e+02, 1.1800000000e+02, 2.8000000000e+01, 6.1411666667e+00, 2.3339400000e+04
 1500593400, 1.0941666667e+02, 7.2566666667e+01, 1.9300000000e+01, 4.6918333333e+00, 8.6276833333e+03
 1500593700, 5.1416666667e+01, 2.4000000000e+01, 1.0566666667e+01, 3.4040000000e+00, 8.6278333333e+03
 1500594000, 5.5000000000e+01, 2.4000000000e+01, 1.1833333333e+01, 2.4833000000e+00, 8.6277800000e+03
 1500594300, 5.5000000000e+01, 2.4000000000e+01, 1.0000000000e+01, 1.8073333333e+00, 8.6280000000e+03
 1500594600, 5.0583333333e+01, 2.4000000000e+01, 1.0000000000e+01, 1.3218333333e+00, 8.6271500000e+03
 1500594900, 5.0000000000e+01, 2.4000000000e+01, 1.1366666667e+01, 9.6700000000e-01, 8.6275666667e+03
 1500595200, 5.0000000000e+01, 2.4000000000e+01, 1.1033333333e+01, 7.1050000000e-01, 8.6296833333e+03
 1500595500, 5.1416666667e+01, 2.4000000000e+01, 1.0566666667e+01, 5.3550000000e-01, 8.6291166667e+03
 1500595800, 5.5000000000e+01, 2.4000000000e+01, 1.2000000000e+01, 4.0083333333e-01, 8.6292833333e+03
 1500596100, 5.5000000000e+01, 2.4000000000e+01, 1.2000000000e+01, 3.0060000000e-01, 8.6289600000e+03
 1500596400, 5.0583333333e+01, 2.4000000000e+01, 1.0233333333e+01, 2.3583333333e-01, 8.6277166667e+03
 1500596700, 5.0000000000e+01, 2.4000000000e+01, 1.1366666667e+01, 2.0600000000e-01, 8.6276500000e+03
 1500597000, 5.2416666667e+01, 2.5933333333e+01, 1.2000000000e+01, 2.0233333333e-01, 8.6275500000e+03
 1500597300, 5.5000000000e+01, 2.8000000000e+01, 1.2000000000e+01, 1.9516666667e-01, 8.6273166667e+03
 1500597600, 5.4583333333e+01, 2.7666666667e+01, 1.1833333333e+01, 1.5583333333e-01, 8.6274833333e+03
 1500597900, 5.0000000000e+01, 2.4000000000e+01, 1.0000000000e+01, 1.3000000000e-01, 8.6272833333e+03
 1500598200, 5.0000000000e+01, 2.4000000000e+01, 1.0000000000e+01, 1.1703333333e-01, 8.6288666667e+03
 1500598500, 5.3416666667e+01, 2.4000000000e+01, 1.0000000000e+01, 1.3283333333e-01, 8.6281833333e+03
 1500598800, 5.5000000000e+01, 2.4000000000e+01, 1.0966666667e+01, 1.1716666667e-01, 8.6318000000e+03
 1500599100, 5.5000000000e+01, 2.4000000000e+01, 1.1433333333e+01, 1.1800000000e-01, 8.6269166667e+03
 1500599400, 5.4616666667e+01, 2.4000000000e+01, 1.0000000000e+01, 1.2076666667e-01, 8.6298100000e+03
 1500599700, 5.0000000000e+01, 2.4000000000e+01, 1.0000000000e+01, 1.3000000000e-01, 8.6284266667e+03
 1500600000, 5.4416666667e+01, 2.5766666667e+01, 1.1766666667e+01, 1.2233333333e-01, 8.6275166667e+03
 1500600300, 5.1583333333e+01, 2.4633333333e+01, 1.0633333333e+01, 1.0600000000e-01, 8.6276833333e+03
 1500600600, 5.0000000000e+01, 2.4000000000e+01, 1.0000000000e+01, 9.6333333333e-02, 8.6282533333e+03
 1500600900, 5.0000000000e+01, 2.4000000000e+01, 1.0000000000e+01, 8.0333333333e-02, 8.6291166667e+03
 1500601200, 5.0000000000e+01, 2.4000000000e+01, 1.0000000000e+01, 6.7166666667e-02, 8.6287166667e+03
 1500601500, 5.0000000000e+01, 2.4000000000e+01, 1.0000000000e+01, 6.0000000000e-02, 8.6288833333e+03
 1500601800, 5.0000000000e+01, 2.4000000000e+01, 1.1766666667e+01, 5.1166666667e-02, 8.6284000000e+03
 1500602100, 5.0000000000e+01, 2.4000000000e+01, 1.2000000000e+01, 5.0000000000e-02, 8.6290000000e+03
 1500602400, 5.0000000000e+01, 2.4000000000e+01, 1.1033333333e+01, 5.0000000000e-02, 8.6294833333e+03
 1500602700, 5.2333333333e+01, 2.4933333333e+01, 1.0933333333e+01, 5.0000000000e-02, 8.6325833333e+03
 1500603000, 5.5000000000e+01, 2.6566666667e+01, 1.2000000000e+01, 5.8000000000e-02, 8.6295500000e+03
 1500603300, 5.5000000000e+01, 2.8000000000e+01, 1.2000000000e+01, 5.4000000000e-02, 8.6288833333e+03
 1500603600, 5.5000000000e+01, 2.8000000000e+01, 1.2000000000e+01, 5.0000000000e-02, 8.6294000000e+03
 1500603900, 5.0583333333e+01, 2.4466666667e+01, 1.0233333333e+01, 5.2033333333e-02, 8.6289166667e+03
 1500604200, 5.0000000000e+01, 2.4000000000e+01, 1.1366666667e+01, 5.2000000000e-02, 8.6294833333e+03
 1500604500, 5.0000000000e+01, 2.4000000000e+01, 1.1033333333e+01, 5.0000000000e-02, 8.6300000000e+03
 1500604800, 5.0000000000e+01, 2.4000000000e+01, 1.0566666667e+01, 5.0000000000e-02, 8.6285166667e+03
 1500605100, 5.0000000000e+01, 2.4000000000e+01, 1.1833333333e+01, 5.0000000000e-02, 8.6292500000e+03
 1500605400, 5.0000000000e+01, 2.4000000000e+01, 1.0000000000e+01, 5.0000000000e-02, 8.6296000000e+03
 1500605700, 5.0000000000e+01, 2.4000000000e+01, 1.0000000000e+01, 5.4033333333e-02, 8.6300166667e+03
 1500606000, 5.0000000000e+01, 2.4000000000e+01, 1.1366666667e+01, 5.0000000000e-02, 8.6294833333e+03
 1500606300, 5.0000000000e+01, 2.4000000000e+01, 1.1033333333e+01, 5.0000000000e-02, 8.6292833333e+03
 1500606600, 5.0000000000e+01, 2.4000000000e+01, 1.0000000000e+01, 5.0833333333e-02, 8.6296833333e+03
 1500606900, 5.0416666667e+01, 2.4000000000e+01, 1.0166666667e+01, 5.1166666667e-02, 8.6329533333e+03
 1500607200, 5.4633333333e+01, 2.4000000000e+01, 1.1853333333e+01, 5.0000000000e-02, 8.6316633333e+03
 1500607500, 5.0000000000e+01, 2.4000000000e+01, 1.0000000000e+01, 5.0000000000e-02, 8.6307833333e+03
 1500607800, 5.0000000000e+01, 2.4000000000e+01, 1.1766666667e+01, 5.0000000000e-02, 8.6293500000e+03
 1500608100, 5.0000000000e+01, 2.4000000000e+01, 1.0633333333e+01, 5.0000000000e-02, 8.6292833333e+03
 1500608400, 5.0000000000e+01, 2.4000000000e+01, 1.0000000000e+01, 5.0000000000e-02, 8.6293166667e+03
 1500608700, 5.1416666667e+01, 2.4000000000e+01, 1.0566666667e+01, 5.0000000000e-02, 8.6289666667e+03
 1500609000, 5.5000000000e+01, 2.4333333333e+01, 1.1833333333e+01, 5.0833333333e-02, 8.6306000000e+03
 1500609300, 5.5000000000e+01, 2.8000000000e+01, 1.0000000000e+01, 6.0000000000e-02, 8.6300333333e+03
 1500609600, 5.5000000000e+01, 2.8000000000e+01, 1.0000000000e+01, 5.5166666667e-02, 8.6296833333e+03
 1500609900, 5.1583333333e+01, 2.5266666667e+01, 1.1366666667e+01, 5.2833333333e-02, 8.6296333333e+03
 1500610200, 5.0000000000e+01, 2.4000000000e+01, 1.1033333333e+01, 5.7166666667e-02, 8.6296833333e+03
 1500610500, 5.0000000000e+01, 2.4000000000e+01, 1.0000000000e+01, 5.0833333333e-02, 8.6300000000e+03
 1500610800, 5.0000000000e+01, 2.4000000000e+01, 1.0000000000e+01, 5.5166666667e-02, 8.6282833333e+03
 1500611100, 5.0000000000e+01, 2.4000000000e+01, 1.0000000000e+01, 5.0000000000e-02, 8.6287166667e+03
 1500611400, 5.0000000000e+01, 2.4000000000e+01, 1.0000000000e+01, 5.0000000000e-02, 8.6289666667e+03
 1500611700, 5.0000000000e+01, 2.4000000000e+01, 1.0000000000e+01, 5.2000000000e-02, 8.6298000000e+03
 1500612000, 5.2416666667e+01, 2.4000000000e+01, 1.0000000000e+01, 5.0000000000e-02, 8.6311166667e+03
 1500612300, 5.3583333333e+01, 2.4000000000e+01, 1.0000000000e+01, 5.5666666667e-02, 8.6302833333e+03
 1500612600, 5.0416666667e+01, 2.4000000000e+01, 1.0000000000e+01, 5.4333333333e-02, 8.6320833333e+03
 1500612900, 5.5000000000e+01, 2.4000000000e+01, 1.0000000000e+01, 5.0000000000e-02, 8.6312333333e+03
 1500613200, 5.5000000000e+01, 2.4000000000e+01, 1.0000000000e+01, 5.0000000000e-02, 8.6312833333e+03
 1500613500, 5.5000000000e+01, 2.4000000000e+01, 1.0000000000e+01, 5.0000000000e-02, 8.6320833333e+03
 1500613800, 5.5000000000e+01, 2.4000000000e+01, 1.0000000000e+01, 5.0000000000e-02, 8.6325666667e+03
 1500614100, 5.5000000000e+01, 2.4000000000e+01, 1.0000000000e+01, 5.0000000000e-02, 8.6308333333e+03
 1500614400, 5.5000000000e+01, 2.4000000000e+01, 1.0166666667e+01, 5.0000000000e-02, 8.6316833333e+03
 1500614700, 5.5000000000e+01, 2.4000000000e+01, 1.2000000000e+01, 5.4833333333e-02, 8.6311166667e+03
 1500615000, 5.5000000000e+01, 2.4000000000e+01, 1.0233333333e+01, 5.1166666667e-02, 8.6312833333e+03
 1500615300, 5.5000000000e+01, 2.4000000000e+01, 1.0000000000e+01, 5.0000000000e-02, 8.6319166667e+03
 1500615600, 5.5000000000e+01, 2.4000000000e+01, 1.0966666667e+01, 5.0000000000e-02, 8.6312000000e+03
 1500615900, 5.6416666667e+01, 2.5133333333e+01, 1.2000000000e+01, 5.9666666667e-02, 8.6317166667e+03
 1500616200, 5.9583333333e+01, 2.8000000000e+01, 1.2000000000e+01, 6.9166666667e-02, 8.6338500000e+03
 1500616500, 5.5000000000e+01, 2.8000000000e+01, 1.2000000000e+01, 6.0000000000e-02, 8.6307166667e+03
 1500616800, 5.5000000000e+01, 2.4466666667e+01, 1.2000000000e+01, 5.1166666667e-02, 8.6317166667e+03
 1500617100, 5.5000000000e+01, 2.4000000000e+01, 1.2000000000e+01, 5.4000000000e-02, 8.6309166667e+03
 1500617400, 5.5000000000e+01, 2.4000000000e+01, 1.2000000000e+01, 5.0000000000e-02, 8.6306000000e+03
 1500617700, 5.5000000000e+01, 2.4000000000e+01, 1.1433333333e+01, 5.2000000000e-02, 8.6312500000e+03
 1500618000, 5.5000000000e+01, 2.4000000000e+01, 1.0000000000e+01, 5.0000000000e-02, 8.6318333333e+03
 1500618300, 5.5000000000e+01, 2.4000000000e+01, 1.0000000000e+01, 5.0000000000e-02, 8.6324833333e+03
 1500618600, 5.5000000000e+01, 2.4000000000e+01, 1.1766666667e+01, 5.0000000000e-02, 8.6321166667e+03
 1500618900, 5.5000000000e+01, 2.4000000000e+01, 1.0633333333e+01, 5.0000000000e-02, 8.6320000000e+03
 1500619200, 5.5000000000e+01, 2.4000000000e+01, 1.0000000000e+01, 5.2833333333e-02, 8.6324500000e+03
 1500619500, 5.5000000000e+01, 2.4000000000e+01, 1.0566666667e+01, 5.1166666667e-02, 8.6320333333e+03
 1500619800, 5.5000000000e+01, 2.4000000000e+01, 1.2000000000e+01, 5.0000000000e-02, 8.6306000000e+03
 1500620100, 5.5000000000e+01, 2.4000000000e+01, 1.2000000000e+01, 5.0000000000e-02, 8.6313666667e+03
 1500620400, 5.5000000000e+01, 2.4000000000e+01, 1.0233333333e+01, 5.0000000000e-02, 8.6328000000e+03
 1500620700, 5.5000000000e+01, 2.4000000000e+01, 1.1366666667e+01, 5.0833333333e-02, 8.6337666667e+03
 1500621000, 5.5000000000e+01, 2.4000000000e+01, 1.1033333333e+01, 5.1166666667e-02, 8.6331166667e+03
 1500621300, 5.5000000000e+01, 2.4000000000e+01, 1.0000000000e+01, 5.0000000000e-02, 8.6333666667e+03
 1500621600, 5.5000000000e+01, 2.4000000000e+01, 1.0166666667e+01, 5.2833333333e-02, 8.6334833333e+03
 1500621900, 5.5000000000e+01, 2.4000000000e+01, 1.2000000000e+01, 5.3166666667e-02, 8.6343666667e+03
 1500622200, 5.9416666667e+01, 2.9300000000e+01, 1.2000000000e+01, 5.8833333333e-02, 8.6334500000e+03
 1500622500, 5.6583333333e+01, 2.8633333333e+01, 1.0633333333e+01, 9.1333333333e-02, 8.6330000000e+03
 1500622800, 5.5000000000e+01, 2.6066666667e+01, 1.0966666667e+01, 1.0200000000e-01, 8.6318000000e+03
 1500623100, 5.5000000000e+01, 2.4000000000e+01, 1.1433333333e+01, 8.5500000000e-02, 8.6333666667e+03
 1500623400, 5.5000000000e+01, 2.4000000000e+01, 1.0000000000e+01, 7.0833333333e-02, 8.6330333333e+03
 1500623700, 5.5000000000e+01, 2.4000000000e+01, 1.0000000000e+01, 7.6333333333e-02, 8.6318833333e+03
 1500624000, 5.5000000000e+01, 2.4000000000e+01, 1.0000000000e+01, 7.4833333333e-02, 8.6321166667e+03
 1500624300, 5.5000000000e+01, 2.4000000000e+01, 1.1366666667e+01, 5.6333333333e-02, 8.6320000000e+03
 1500624600, 5.5000000000e+01, 2.4000000000e+01, 1.1033333333e+01, 5.0000000000e-02, 8.6320833333e+03
 1500624900, 5.5000000000e+01, 2.4000000000e+01, 1.0566666667e+01, 5.0000000000e-02, 8.6329166667e+03
 1500625200, 5.5000000000e+01, 2.4000000000e+01, 1.1833333333e+01, 5.0000000000e-02, 8.6339666667e+03
 1500625500, 5.5000000000e+01, 2.4000000000e+01, 1.0000000000e+01, 5.0000000000e-02, 8.6326333333e+03
 1500625800, 5.5000000000e+01, 2.4000000000e+01, 1.1766666667e+01, 5.2000000000e-02, 8.6321666667e+03
 1500626100, 5.5000000000e+01, 2.4000000000e+01, 1.0633333333e+01, 5.0000000000e-02, 8.6339166667e+03
 1500626400, 5.5000000000e+01, 2.4000000000e+01, 1.0000000000e+01, 5.0000000000e-02, 8.6336000000e+03
 1500626700, 5.5000000000e+01, 2.4000000000e+01, 1.0566666667e+01, 5.0000000000e-02, 8.6339666667e+03
 1500627000, 5.5000000000e+01, 2.4000000000e+01, 1.2000000000e+01, 5.0000000000e-02, 8.6344833333e+03
 1500627300, 5.5000000000e+01, 2.4000000000e+01, 1.2000000000e+01, 5.0000000000e-02, 8.6343166667e+03
 1500627600, 5.5000000000e+01, 2.4000000000e+01, 1.0233333333e+01, 5.0000000000e-02, 8.6358833333e+03
 1500627900, 5.5000000000e+01, 2.4000000000e+01, 1.1366666667e+01, 6.0833333333e-02, 8.6350000000e+03
 1500628200, 5.7416666667e+01, 2.5933333333e+01, 1.2000000000e+01, 7.4833333333e-02, 8.6354333333e+03
 1500628500, 6.0000000000e+01, 2.8000000000e+01, 1.2000000000e+01, 6.8000000000e-02, 8.6338000000e+03
 1500628800, 5.9583333333e+01, 2.7666666667e+01, 1.2000000000e+01, 7.8833333333e-02, 8.6342833333e+03
 1500629100, 5.5000000000e+01, 2.4000000000e+01, 1.2000000000e+01, 8.0000000000e-02, 8.6350833333e+03
 1500629400, 5.5000000000e+01, 2.4000000000e+01, 1.0233333333e+01, 7.9166666667e-02, 8.6343166667e+03
 1500629700, 5.5000000000e+01, 2.4000000000e+01, 1.0000000000e+01, 6.7166666667e-02, 8.6350000000e+03
 1500630000, 5.5000000000e+01, 2.4000000000e+01, 1.0966666667e+01, 5.5166666667e-02, 8.6352000000e+03
 1500630300, 5.3583333333e+01, 2.4000000000e+01, 1.1433333333e+01, 5.0000000000e-02, 8.6386833333e+03
 1500630600, 5.0416666667e+01, 2.4000000000e+01, 1.0000000000e+01, -nan, 8.6364833333e+03
 1500630900, 5.5000000000e+01, 2.4000000000e+01, 1.0000000000e+01, -nan, 8.6365166667e+03
 1500631200, 5.0583333333e+01, 2.4000000000e+01, 1.0000000000e+01, -nan, 8.6352000000e+03
 1500631500, -nan, 2.4000000000e+01, 1.1366666667e+01, -nan, 8.6348000000e+03
 1500631800, -nan, 2.4000000000e+01, 1.1033333333e+01, -nan, 8.6350000000e+03
 1500632100, -nan, 2.4000000000e+01, 1.0000000000e+01, -nan, 8.6354833333e+03
 1500632400, -nan, 2.4000000000e+01, 1.0166666667e+01, -nan, 8.6360000000e+03
 1500632700, -nan, 2.4000000000e+01, 1.2000000000e+01, -nan, 8.6354000000e+03
 1500633000, -nan, 2.4000000000e+01, 1.0233333333e+01, -nan, 8.6350000000e+03
 1500633300, -nan, 2.4000000000e+01, 1.1366666667e+01, -nan, 8.6355166667e+03
 1500633600, -nan, 2.4966666667e+01, 1.2000000000e+01, -nan, 8.6358000000e+03
 1500633900, -nan, 2.5433333333e+01, 1.2000000000e+01, -nan, 8.6364833333e+03
 1500634200, -nan, -nan, 1.2000000000e+01, -nan, 8.6349166667e+03
 1500634500, -nan, -nan, 1.2000000000e+01, -nan, 8.6344833333e+03
 1500634800, -nan, -nan, -nan, -nan, -nan
