 Time, ttl_pwr, cpu_pwr, mem_pwr, cpu_load, mem_load
 1500448500, 5.5000000000e+01, 2.4966666667e+01, 1.0966666667e+01, 6.7166666667e-02, 8.2558833333e+03
 1500448800, 5.5000000000e+01, 2.6000000000e+01, 1.1433333333e+01, 5.5200000000e-02, 8.2557933333e+03
 1500449100, 5.5000000000e+01, 2.6000000000e+01, 1.0166666667e+01, 5.4000000000e-02, 8.2564000000e+03
 1500449400, 5.5000000000e+01, 2.6000000000e+01, 1.2000000000e+01, 5.0000000000e-02, 8.2580500000e+03
 1500449700, 5.5000000000e+01, 2.6000000000e+01, 1.2000000000e+01, 5.4000000000e-02, 8.2565500000e+03
 1500450000, 5.5000000000e+01, 2.6000000000e+01, 1.2000000000e+01, 5.0000000000e-02, 8.2560833333e+03
 1500450300, 5.5000000000e+01, 2.5033333333e+01, 1.1033333333e+01, 6.2500000000e-02, 8.2560833333e+03
 1500450600, 5.5000000000e+01, 2.4566666667e+01, 1.0566666667e+01, 8.8000000000e-02, 8.2557500000e+03
 1500450900, 5.5000000000e+01, 2.6000000000e+01, 1.2000000000e+01, 8.0000000000e-02, 8.2552833333e+03
 1500451200, 5.5000000000e+01, 2.6000000000e+01, 1.2000000000e+01, 7.2333333333e-02, 8.2563666667e+03
 1500451500, 5.5000000000e+01, 2.7766666667e+01, 1.0233333333e+01, 5.3166666667e-02, 8.2574000000e+03
 1500451800, 5.5000000000e+01, 2.8000000000e+01, 1.1366666667e+01, 5.0000000000e-02, 8.2578000000e+03
 1500452100, 5.5000000000e+01, 2.7033333333e+01, 1.1033333333e+01, 5.0000000000e-02, 8.2590833333e+03
 1500452400, 5.5000000000e+01, 2.6000000000e+01, 1.0000000000e+01, 5.0000000000e-02, 8.2567500000e+03
 1500452700, 5.5000000000e+01, 2.6000000000e+01, 1.0166666667e+01, 5.0000000000e-02, 8.2557666667e+03
 1500453000, 5.5000000000e+01, 2.6000000000e+01, 1.2000000000e+01, 5.4000000000e-02, 8.2566000000e+03
 1500453300, 5.5000000000e+01, 2.6000000000e+01, 1.0233333333e+01, 5.0000000000e-02, 8.2567166667e+03
 1500453600, 5.5000000000e+01, 2.6000000000e+01, 1.1366666667e+01, 5.0000000000e-02, 8.2563166667e+03
 1500453900, 5.5000000000e+01, 2.6000000000e+01, 1.1033333333e+01, 5.0000000000e-02, 8.2562900000e+03
 1500454200, 5.5000000000e+01, 2.6000000000e+01, 1.0000000000e+01, 5.0000000000e-02, 8.2562833333e+03
 1500454500, 5.5000000000e+01, 2.6000000000e+01, 1.0166666667e+01, 5.3666666667e-02, 8.2576833333e+03
 1500454800, 5.5000000000e+01, 2.6000000000e+01, 1.2000000000e+01, 6.5166666667e-02, 8.2584000000e+03
 1500455100, 5.5000000000e+01, 2.6000000000e+01, 1.2000000000e+01, 6.2833333333e-02, 8.2588833333e+03
 1500455400, 5.5000000000e+01, 2.6000000000e+01, 1.2000000000e+01, 7.5666666667e-02, 8.2583166667e+03
 1500455700, 5.5000000000e+01, 2.6000000000e+01, 1.2000000000e+01, 9.2000000000e-02, 8.2576833333e+03
 1500456000, 5.5000000000e+01, 2.6000000000e+01, 1.2000000000e+01, 8.6000000000e-02, 8.2576000000e+03
 1500456300, 5.5000000000e+01, 2.6000000000e+01, 1.1833333333e+01, 7.4333333333e-02, 8.2574000000e+03
 1500456600, 5.5000000000e+01, 2.6000000000e+01, 1.0000000000e+01, 7.4833333333e-02, 8.2574833333e+03
 1500456900, 5.5000000000e+01, 2.6000000000e+01, 1.1766666667e+01, 6.9166666667e-02, 8.2570266667e+03
 1500457200, 5.5000000000e+01, 2.6000000000e+01, 1.0633333333e+01, 6.1166666667e-02, 8.2582500000e+03
 1500457500, 5.7416666667e+01, 2.6966666667e+01, 1.1933333333e+01, 5.2000000000e-02, 8.2584900000e+03
 1500457800, 5.8583333333e+01, 2.6866666667e+01, 1.2866666667e+01, 6.2833333333e-02, 8.2594000000e+03
 1500458100, 5.5000000000e+01, 2.4166666667e+01, 1.0000000000e+01, 6.9166666667e-02, 8.2598500000e+03
 1500458400, 5.5000000000e+01, 2.6000000000e+01, 1.0000000000e+01, 6.2000000000e-02, 8.2595100000e+03
 1500458700, 5.5000000000e+01, 2.6000000000e+01, 1.0000000000e+01, 6.0000000000e-02, 8.2592000000e+03
 1500459000, 5.5000000000e+01, 2.6000000000e+01, 1.0000000000e+01, 6.0000000000e-02, 8.2607166667e+03
 1500459300, 5.5000000000e+01, 2.6000000000e+01, 1.0000000000e+01, 5.1166666667e-02, 8.2590833333e+03
 1500459600, 5.5000000000e+01, 2.6000000000e+01, 1.0966666667e+01, 5.2000000000e-02, 8.2587166667e+03
 1500459900, 5.5000000000e+01, 2.5433333333e+01, 1.1433333333e+01, 5.0000000000e-02, 8.2592800000e+03
 1500460200, 5.5000000000e+01, 2.4333333333e+01, 1.0166666667e+01, 5.0833333333e-02, 8.2610866667e+03
 1500460500, 5.5000000000e+01, 2.8000000000e+01, 1.2000000000e+01, 6.7600000000e-02, 8.2611233333e+03
 1500460800, 5.5000000000e+01, 2.8000000000e+01, 1.2000000000e+01, 8.6833333333e-02, 8.2601166667e+03
 1500461100, 5.8416666667e+01, 2.9366666667e+01, 1.3366666667e+01, 9.0000000000e-02, 8.2606833333e+03
 1500461400, 5.7583333333e+01, 2.8066666667e+01, 1.3033333333e+01, 8.2000000000e-02, 8.2605166667e+03
 1500461700, 5.5000000000e+01, 2.6000000000e+01, 1.2000000000e+01, 8.6000000000e-02, 8.2588000000e+03
 1500462000, 5.5000000000e+01, 2.5840000000e+01, 1.1840000000e+01, 7.8333333333e-02, 8.2588833333e+03
 1500462300, 5.5000000000e+01, 2.4000000000e+01, 1.0000000000e+01, 6.4333333333e-02, 8.2596000000e+03
 1500462600, 5.5000000000e+01, 2.5766666667e+01, 1.0000000000e+01, 5.0000000000e-02, 8.2590000000e+03
 1500462900, 5.5000000000e+01, 2.4633333333e+01, 1.1366666667e+01, 7.9333333333e-02, 8.2601666667e+03
 1500463200, 5.5000000000e+01, 2.4966666667e+01, 1.2000000000e+01, 7.8333333333e-02, 8.2607166667e+03
 1500463500, 5.5000000000e+01, 2.6000000000e+01, 1.2000000000e+01, 7.7666666667e-02, 8.2620000000e+03
 1500463800, 5.5000000000e+01, 2.6000000000e+01, 1.2000000000e+01, 8.0333333333e-02, 8.2618833333e+03
 1500464100, 5.5000000000e+01, 2.6000000000e+01, 1.2000000000e+01, 5.8333333333e-02, 8.2615200000e+03
 1500464400, 5.5000000000e+01, 2.6000000000e+01, 1.0233333333e+01, 5.4833333333e-02, 8.2600833333e+03
 1500464700, 5.5000000000e+01, 2.6000000000e+01, 1.1366666667e+01, 5.6000000000e-02, 8.2605166667e+03
 1500465000, 5.5000000000e+01, 2.6000000000e+01, 1.2000000000e+01, 5.3166666667e-02, 8.2612500000e+03
 1500465300, 5.5000000000e+01, 2.6000000000e+01, 1.1433333333e+01, 5.2000000000e-02, 8.2603500000e+03
 1500465600, 5.5000000000e+01, 2.6000000000e+01, 1.0000000000e+01, 5.2833333333e-02, 8.2603333333e+03
 1500465900, 5.5000000000e+01, 2.6000000000e+01, 1.0000000000e+01, 6.6833333333e-02, 8.2613833333e+03
 1500466200, 5.5000000000e+01, 2.6000000000e+01, 1.1766666667e+01, 9.2500000000e-02, 8.2607666667e+03
 1500466500, 5.5000000000e+01, 2.6000000000e+01, 1.2000000000e+01, 8.8333333333e-02, 8.2620833333e+03
 1500466800, 5.7416666667e+01, 2.6966666667e+01, 1.2966666667e+01, 8.2833333333e-02, 8.2622333333e+03
 1500467100, 5.8583333333e+01, 2.7433333333e+01, 1.2866666667e+01, 1.0650000000e-01, 8.2612833333e+03
 1500467400, 5.5000000000e+01, 2.6000000000e+01, 1.0000000000e+01, 1.2966666667e-01, 8.2614000000e+03
 1500467700, 5.5000000000e+01, 2.6000000000e+01, 1.0000000000e+01, 1.3516666667e-01, 8.2614000000e+03
 1500468000, 5.5000000000e+01, 2.6000000000e+01, 1.0000000000e+01, 1.2233333333e-01, 8.2610833333e+03
 1500468300, 5.5000000000e+01, 2.6000000000e+01, 1.1366666667e+01, 1.0916666667e-01, 8.2620000000e+03
 1500468600, 5.5000000000e+01, 2.6000000000e+01, 1.1033333333e+01, 1.0683333333e-01, 8.2622000000e+03
 1500468900, 5.9250000000e+01, 2.8266666667e+01, 1.2833333333e+01, 9.6333333333e-02, 8.2619166667e+03
 1500469200, 6.9166666667e+01, 3.3500000000e+01, 1.9333333333e+01, 1.1650000000e-01, 8.2625666667e+03
 1500469500, 6.0000000000e+01, 2.8000000000e+01, 1.2000000000e+01, 1.2600000000e-01, 8.2624000000e+03
 1500469800, 7.3250000000e+01, 3.5066666667e+01, 2.2600000000e+01, 1.1433333333e-01, 8.2637166667e+03
 1500470100, 6.1333333333e+01, 2.9166666667e+01, 1.5800000000e+01, 9.0333333333e-02, 8.2618833333e+03
 1500470400, 5.5000000000e+01, 2.6000000000e+01, 1.2000000000e+01, 8.4000000000e-02, 8.2615166667e+03
 1500470700, 5.5000000000e+01, 2.6000000000e+01, 1.2000000000e+01, 8.3166666667e-02, 8.2618000000e+03
 1500471000, 5.5000000000e+01, 2.5833333333e+01, 1.1833333333e+01, 7.4833333333e-02, 8.2610500000e+03
 1500471300, 5.5000000000e+01, 2.4000000000e+01, 1.0000000000e+01, 7.2333333333e-02, 8.2627166667e+03
 1500471600, 5.5000000000e+01, 2.5766666667e+01, 1.1766666667e+01, 5.1166666667e-02, 8.2618833333e+03
 1500471900, 5.5000000000e+01, 2.6000000000e+01, 1.2000000000e+01, 5.2000000000e-02, 8.2628000000e+03
 1500472200, 5.5000000000e+01, 2.6000000000e+01, 1.2000000000e+01, 5.0000000000e-02, 8.2636500000e+03
 1500472500, 5.5000000000e+01, 2.5433333333e+01, 1.1433333333e+01, 5.0000000000e-02, 8.2632333333e+03
 1500472800, 5.5000000000e+01, 2.4166666667e+01, 1.0000000000e+01, 5.0000000000e-02, 8.2635666667e+03
 1500473100, 5.5000000000e+01, 2.6000000000e+01, 1.0000000000e+01, 5.8833333333e-02, 8.2622166667e+03
 1500473400, 5.5000000000e+01, 2.6000000000e+01, 1.0000000000e+01, 8.7666666667e-02, 8.2622000000e+03
 1500473700, 5.5000000000e+01, 2.6000000000e+01, 1.0000000000e+01, 8.4000000000e-02, 8.2630833333e+03
 1500474000, 5.5000000000e+01, 2.6000000000e+01, 1.0000000000e+01, 8.9666666667e-02, 8.2632833333e+03
 1500474300, 5.5000000000e+01, 2.6000000000e+01, 1.0000000000e+01, 9.4833333333e-02, 8.2636000000e+03
 1500474600, 5.5000000000e+01, 2.6000000000e+01, 1.0000000000e+01, 1.0916666667e-01, 8.2634000000e+03
 1500474900, 5.5000000000e+01, 2.6000000000e+01, 1.0000000000e+01, 9.2333333333e-02, 8.2634333333e+03
 1500475200, 5.5000000000e+01, 2.6000000000e+01, 1.0000000000e+01, 8.1666666667e-02, 8.2631666667e+03
 1500475500, 5.5000000000e+01, 2.6000000000e+01, 1.0000000000e+01, 1.0566666667e-01, 8.2639166667e+03
 1500475800, 5.5000000000e+01, 2.5033333333e+01, 1.0000000000e+01, 1.1916666667e-01, 8.2640833333e+03
 1500476100, 5.5000000000e+01, 2.4000000000e+01, 1.0000000000e+01, 1.0116666667e-01, 8.2616333333e+03
 1500476400, 5.5000000000e+01, 2.4166666667e+01, 1.0000000000e+01, 1.0000000000e-01, 8.2624833333e+03
 1500476700, 5.5000000000e+01, 2.6000000000e+01, 1.0000000000e+01, 9.4333333333e-02, 8.2630833333e+03
 1500477000, 5.5000000000e+01, 2.6000000000e+01, 1.1766666667e+01, 7.3166666667e-02, 8.2637166667e+03
 1500477300, 5.5000000000e+01, 2.6000000000e+01, 1.0633333333e+01, 7.2000000000e-02, 8.2639666667e+03
 1500477600, 5.5000000000e+01, 2.6000000000e+01, 1.0966666667e+01, 6.7166666667e-02, 8.2641166667e+03
 1500477900, 5.5000000000e+01, 2.6000000000e+01, 1.2000000000e+01, 5.5166666667e-02, 8.2642833333e+03
 1500478200, 5.5000000000e+01, 2.6000000000e+01, 1.2000000000e+01, 5.0000000000e-02, 8.2652000000e+03
 1500478500, 5.5000000000e+01, 2.6000000000e+01, 1.2000000000e+01, 5.2000000000e-02, 8.2660333333e+03
 1500478800, 5.5000000000e+01, 2.6000000000e+01, 1.0233333333e+01, 5.2000000000e-02, 8.2642000000e+03
 1500479100, 5.5000000000e+01, 2.4633333333e+01, 1.1366666667e+01, 5.3333333333e-02, 8.2633833333e+03
 1500479400, 5.7416666667e+01, 2.6900000000e+01, 1.2966666667e+01, 2.2933333333e-01, 8.2680333333e+03
 1500479700, 6.1416666667e+01, 3.0000000000e+01, 1.4566666667e+01, 4.8350000000e-01, 8.2672000000e+03
 1500480000, 6.5416666667e+01, 3.0333333333e+01, 1.6333333333e+01, 6.4683333333e-01, 8.2663166667e+03
 1500480300, 7.0000000000e+01, 3.4000000000e+01, 2.0000000000e+01, 7.7400000000e-01, 8.2655166667e+03
 1500480600, 7.0000000000e+01, 3.2233333333e+01, 2.0000000000e+01, 8.6383333333e-01, 8.2669333333e+03
 1500480900, 6.6583333333e+01, 3.0633333333e+01, 1.5900000000e+01, 9.3016666667e-01, 8.2674300000e+03
 1500481200, 6.9833333333e+01, 3.1933333333e+01, 1.6900000000e+01, 9.6533333333e-01, 8.2675166667e+03
 1500481500, 7.5000000000e+01, 3.4000000000e+01, 2.0566666667e+01, 1.0033333333e+00, 8.2680833333e+03
 1500481800, 7.3750000000e+01, 3.3666666667e+01, 2.1333333333e+01, 1.0445000000e+00, 8.2689666667e+03
 1500482100, 6.0000000000e+01, 3.0000000000e+01, 1.4000000000e+01, 1.0620000000e+00, 8.2689166667e+03
 1500482400, 6.0000000000e+01, 2.8233333333e+01, 1.2233333333e+01, 1.0551666667e+00, 8.2680833333e+03
 1500482700, 6.0000000000e+01, 2.8000000000e+01, 1.3366666667e+01, 1.0600000000e+00, 8.2688000000e+03
 1500483000, 5.7583333333e+01, 2.7033333333e+01, 1.3033333333e+01, 1.0580000000e+00, 8.2682000000e+03
 1500483300, 5.5000000000e+01, 2.6000000000e+01, 1.2000000000e+01, 1.0500000000e+00, 8.2683166667e+03
 1500483600, 5.5416666667e+01, 2.6166666667e+01, 1.2166666667e+01, 1.0520000000e+00, 8.2684833333e+03
 1500483900, 6.0000000000e+01, 2.8000000000e+01, 1.4000000000e+01, 1.0580000000e+00, 8.2694833333e+03
 1500484200, 5.5583333333e+01, 2.6233333333e+01, 1.2233333333e+01, 1.0500000000e+00, 8.2702000000e+03
 1500484500, 5.8416666667e+01, 2.8733333333e+01, 1.4733333333e+01, 1.0500000000e+00, 8.2708833333e+03
 1500484800, 6.0000000000e+01, 2.9033333333e+01, 1.5033333333e+01, 1.0520000000e+00, 8.2702000000e+03
 1500485100, 6.0000000000e+01, 2.8000000000e+01, 1.4000000000e+01, 1.0508333333e+00, 8.2710833333e+03
 1500485400, 6.0000000000e+01, 2.8000000000e+01, 1.4000000000e+01, 1.0933333333e+00, 8.2705166667e+03
 1500485700, 6.0000000000e+01, 2.8000000000e+01, 1.4000000000e+01, 1.1108333333e+00, 8.2708833333e+03
 1500486000, 6.4416666667e+01, 2.9766666667e+01, 1.5766666667e+01, 1.1285000000e+00, 8.2707200000e+03
 1500486300, 6.5000000000e+01, 3.1366666667e+01, 1.6000000000e+01, 1.1331666667e+00, 8.2697666667e+03
 1500486600, 6.5000000000e+01, 3.1033333333e+01, 1.5033333333e+01, 1.1243333333e+00, 8.2709166667e+03
 1500486900, 6.3583333333e+01, 2.9433333333e+01, 1.4566666667e+01, 1.1285000000e+00, 8.2714166667e+03
 1500487200, 6.0000000000e+01, 2.8000000000e+01, 1.5833333333e+01, 1.1351666667e+00, 8.2724833333e+03
 1500487500, 6.0000000000e+01, 2.8000000000e+01, 1.4000000000e+01, 1.1320000000e+00, 8.2724500000e+03
 1500487800, 7.3250000000e+01, 3.5066666667e+01, 2.1066666667e+01, 1.1251666667e+00, 8.2712000000e+03
 1500488100, 7.1600000000e+01, 3.3280000000e+01, 1.9280000000e+01, 1.1247666667e+00, 8.2707733333e+03
 1500488400, 6.5166666667e+01, 3.0066666667e+01, 1.7033333333e+01, 1.1260000000e+00, 8.2720000000e+03
 1500488700, 5.8583333333e+01, 2.7433333333e+01, 1.4866666667e+01, 1.0545000000e+00, 8.2644833333e+03
 1500489000, 5.5416666667e+01, 2.6000000000e+01, 1.2166666667e+01, 7.9316666667e-01, 8.2608833333e+03
 1500489300, 6.0000000000e+01, 2.6000000000e+01, 1.4000000000e+01, 5.8783333333e-01, 8.2622000000e+03
 1500489600, 5.5583333333e+01, 2.6000000000e+01, 1.4000000000e+01, 4.3033333333e-01, 8.2646500000e+03
 1500489900, 5.5000000000e+01, 2.4633333333e+01, 1.2633333333e+01, 3.3300000000e-01, 8.2652000000e+03
 1500490200, 5.5000000000e+01, 2.4966666667e+01, 1.1033333333e+01, 2.7700000000e-01, 8.2646000000e+03
 1500490500, 5.5000000000e+01, 2.6000000000e+01, 1.0000000000e+01, 2.0616666667e-01, 8.2658000000e+03
 1500490800, 5.5000000000e+01, 2.6000000000e+01, 1.0000000000e+01, 1.4666666667e-01, 8.2644000000e+03
 1500491100, 5.5000000000e+01, 2.6000000000e+01, 1.0000000000e+01, 1.1950000000e-01, 8.2640000000e+03
 1500491400, 5.5000000000e+01, 2.6000000000e+01, 1.0000000000e+01, 9.5166666667e-02, 8.2640833333e+03
 1500491700, 5.5000000000e+01, 2.6000000000e+01, 1.1366666667e+01, 9.8833333333e-02, 8.2656833333e+03
 1500492000, 5.5000000000e+01, 2.5033333333e+01, 1.2000000000e+01, 9.5166666667e-02, 8.2653166667e+03
 1500492300, 5.5000000000e+01, 2.4566666667e+01, 1.2000000000e+01, 9.6000000000e-02, 8.2651166667e+03
 1500492600, 5.5000000000e+01, 2.6000000000e+01, 1.1833333333e+01, 9.4000000000e-02, 8.2642000000e+03
 1500492900, 5.5000000000e+01, 2.6000000000e+01, 1.0000000000e+01, 7.7500000000e-02, 8.2645166667e+03
 1500493200, 5.0583333333e+01, 2.4233333333e+01, 1.0000000000e+01, 5.5166666667e-02, 8.2650000000e+03
 1500493500, 5.3416666667e+01, 2.5366666667e+01, 1.1366666667e+01, 5.0000000000e-02, 8.2642000000e+03
 1500493800, 5.5000000000e+01, 2.6000000000e+01, 1.2000000000e+01, 5.0000000000e-02, 8.2634833333e+03
 1500494100, 5.5000000000e+01, 2.6000000000e+01, 1.2000000000e+01, 5.8833333333e-02, 8.2648000000e+03
 1500494400, 5.5000000000e+01, 2.6000000000e+01, 1.2000000000e+01, 5.3166666667e-02, 8.2652833333e+03
 1500494700, 5.5000000000e+01, 2.6000000000e+01, 1.2000000000e+01, 5.4833333333e-02, 8.2646000000e+03
 1500495000, 5.5000000000e+01, 2.7766666667e+01, 1.2000000000e+01, 5.3166666667e-02, 8.2645166667e+03
 1500495300, 5.5000000000e+01, 2.8000000000e+01, 1.2000000000e+01, 5.0000000000e-02, 8.2640000000e+03
 1500495600, 5.5000000000e+01, 2.7033333333e+01, 1.2000000000e+01, 5.0000000000e-02, 8.2648833333e+03
 1500495900, 5.5000000000e+01, 2.5433333333e+01, 1.1433333333e+01, 5.2000000000e-02, 8.2664000000e+03
 1500496200, 5.5000000000e+01, 2.4166666667e+01, 1.0000000000e+01, 5.0000000000e-02, 8.2656000000e+03
 1500496500, 5.5000000000e+01, 2.6000000000e+01, 1.0000000000e+01, 5.0000000000e-02, 8.2648000000e+03
 1500496800, 5.5000000000e+01, 2.6000000000e+01, 1.1766666667e+01, 5.0000000000e-02, 8.2650000000e+03
 1500497100, 5.5000000000e+01, 2.6000000000e+01, 1.2000000000e+01, 5.0000000000e-02, 8.2654500000e+03
 1500497400, 5.5000000000e+01, 2.6000000000e+01, 1.2000000000e+01, 5.0000000000e-02, 8.2671166667e+03
 1500497700, 5.5000000000e+01, 2.6000000000e+01, 1.2000000000e+01, 5.0000000000e-02, 8.2653966667e+03
 1500498000, 5.5000000000e+01, 2.6000000000e+01, 1.2000000000e+01, 5.2000000000e-02, 8.2661166667e+03
 1500498300, 5.5000000000e+01, 2.6000000000e+01, 1.2000000000e+01, 5.2833333333e-02, 8.2658833333e+03
 1500498600, 5.5000000000e+01, 2.6000000000e+01, 1.0233333333e+01, 8.3333333333e-02, 8.2658366667e+03
 1500498900, 5.5000000000e+01, 2.6000000000e+01, 1.0000000000e+01, 1.1850000000e-01, 8.2670000000e+03
 1500499200, 5.5000000000e+01, 2.6000000000e+01, 1.0966666667e+01, 1.2916666667e-01, 8.2663666667e+03
 1500499500, 5.5000000000e+01, 2.6000000000e+01, 1.1433333333e+01, 1.1716666667e-01, 8.2655166667e+03
 1500499800, 5.5000000000e+01, 2.6000000000e+01, 1.0166666667e+01, 1.1600000000e-01, 8.2651666667e+03
 1500500100, 5.5000000000e+01, 2.6000000000e+01, 1.2000000000e+01, 1.0116666667e-01, 8.2663166667e+03
 1500500400, 5.5000000000e+01, 2.6000000000e+01, 1.2000000000e+01, 1.0200000000e-01, 8.2649166667e+03
 1500500700, 5.5000000000e+01, 2.6000000000e+01, 1.0633333333e+01, 8.6333333333e-02, 8.2654000000e+03
 1500501000, 5.5000000000e+01, 2.5033333333e+01, 1.0000000000e+01, 7.3166666667e-02, 8.2646833333e+03
 1500501300, 5.5000000000e+01, 2.4566666667e+01, 1.0000000000e+01, 6.0333333333e-02, 8.2650833333e+03
 1500501600, 5.5000000000e+01, 2.6000000000e+01, 1.0000000000e+01, 5.0000000000e-02, 8.2653666667e+03
 1500501900, 5.5000000000e+01, 2.6000000000e+01, 1.0000000000e+01, 5.0000000000e-02, 8.2666000000e+03
 1500502200, 5.9416666667e+01, 2.9533333333e+01, 1.3533333333e+01, 5.7666666667e-02, 8.2672833333e+03
 1500502500, 5.6583333333e+01, 2.7266666667e+01, 1.2633333333e+01, 6.0333333333e-02, 8.2664166667e+03
 1500502800, 5.5000000000e+01, 2.6000000000e+01, 1.1033333333e+01, 5.0000000000e-02, 8.2660500000e+03
 1500503100, 5.5000000000e+01, 2.6000000000e+01, 1.0566666667e+01, 5.0000000000e-02, 8.2663166667e+03
 1500503400, 5.5000000000e+01, 2.6000000000e+01, 1.1833333333e+01, 5.0000000000e-02, 8.2687333333e+03
 1500503700, 5.5000000000e+01, 2.6000000000e+01, 1.0000000000e+01, 5.0000000000e-02, 8.2668666667e+03
 1500504000, 5.9416666667e+01, 2.7766666667e+01, 1.1766666667e+01, 5.0000000000e-02, 8.2666000000e+03
 1500504300, 5.6583333333e+01, 2.5266666667e+01, 1.0633333333e+01, 5.0000000000e-02, 8.2674833333e+03
 1500504600, 5.5000000000e+01, 2.4966666667e+01, 1.0000000000e+01, 5.9666666667e-02, 8.2675166667e+03
 1500504900, 5.5000000000e+01, 2.6000000000e+01, 1.0000000000e+01, 7.2000000000e-02, 8.2678000000e+03
 1500505200, 5.5000000000e+01, 2.6000000000e+01, 1.0166666667e+01, 5.6333333333e-02, 8.2672833333e+03
 1500505500, 5.5000000000e+01, 2.6000000000e+01, 1.2000000000e+01, 5.0000000000e-02, 8.2663500000e+03
 1500505800, 5.5000000000e+01, 2.6000000000e+01, 1.2000000000e+01, 5.0833333333e-02, 8.2661666667e+03
 1500506100, 5.5000000000e+01, 2.6000000000e+01, 1.0633333333e+01, 5.1166666667e-02, 8.2662000000e+03
 1500506400, 5.5000000000e+01, 2.6000000000e+01, 1.0966666667e+01, 5.0000000000e-02, 8.2664000000e+03
 1500506700, 5.5000000000e+01, 2.6000000000e+01, 1.1433333333e+01, 6.0833333333e-02, 8.2668833333e+03
 1500507000, 5.5000000000e+01, 2.6000000000e+01, 1.0000000000e+01, 5.8000000000e-02, 8.2670000000e+03
 1500507300, 5.5000000000e+01, 2.6000000000e+01, 1.0000000000e+01, 5.9166666667e-02, 8.2676000000e+03
 1500507600, 5.5000000000e+01, 2.6000000000e+01, 1.0000000000e+01, 5.0000000000e-02, 8.2680000000e+03
 1500507900, 5.5000000000e+01, 2.6000000000e+01, 1.0000000000e+01, 5.2000000000e-02, 8.2688000000e+03
 1500508200, 5.5000000000e+01, 2.5033333333e+01, 1.0000000000e+01, 5.0000000000e-02, 8.2689666667e+03
 1500508500, 5.5000000000e+01, 2.4566666667e+01, 1.0000000000e+01, 5.4000000000e-02, 8.2671500000e+03
 1500508800, 5.5000000000e+01, 2.6000000000e+01, 1.0166666667e+01, 5.6833333333e-02, 8.2670500000e+03
 1500509100, 5.5000000000e+01, 2.6000000000e+01, 1.2000000000e+01, 5.1166666667e-02, 8.2675500000e+03
 1500509400, 5.5000000000e+01, 2.6000000000e+01, 1.0240000000e+01, 5.0000000000e-02, 8.2671633333e+03
 1500509700, 5.5000000000e+01, 2.6000000000e+01, 1.1366666667e+01, 5.0000000000e-02, 8.2682000000e+03
 1500510000, 5.5000000000e+01, 2.6000000000e+01, 1.2000000000e+01, 5.0000000000e-02, 8.2683666667e+03
 1500510300, 5.5000000000e+01, 2.6000000000e+01, 1.1433333333e+01, 5.0000000000e-02, 8.2697166667e+03
 1500510600, 5.5000000000e+01, 2.6000000000e+01, 1.0000000000e+01, 5.0000000000e-02, 8.2698833333e+03
 1500510900, 5.5000000000e+01, 2.6000000000e+01, 1.0000000000e+01, 5.3666666667e-02, 8.2701166667e+03
 1500511200, 5.5000000000e+01, 2.6000000000e+01, 1.0000000000e+01, 6.9166666667e-02, 8.2681166667e+03
 1500511500, 5.5000000000e+01, 2.4633333333e+01, 1.0000000000e+01, 5.1166666667e-02, 8.2680000000e+03
 1500511800, 5.5000000000e+01, 2.4000000000e+01, 1.0000000000e+01, 5.0000000000e-02, 8.2684000000e+03
 1500512100, 5.5000000000e+01, 2.4566666667e+01, 1.0566666667e+01, 5.2000000000e-02, 8.2689666667e+03
 1500512400, 5.5416666667e+01, 2.6166666667e+01, 1.2000000000e+01, 5.0000000000e-02, 8.2699666667e+03
 1500512700, 6.0000000000e+01, 2.8000000000e+01, 1.2000000000e+01, 5.0833333333e-02, 8.2696666667e+03
 1500513000, 6.0000000000e+01, 2.8000000000e+01, 1.2000000000e+01, 6.9666666667e-02, 8.2690000000e+03
 1500513300, 5.6583333333e+01, 2.6633333333e+01, 1.2000000000e+01, 6.7500000000e-02, 8.2698000000e+03
 1500513600, 5.5000000000e+01, 2.6000000000e+01, 1.2000000000e+01, 5.2000000000e-02, 8.2695666667e+03
 1500513900, 5.5000000000e+01, 2.6000000000e+01, 1.2000000000e+01, 5.4000000000e-02, 8.2712000000e+03
 1500514200, 5.5000000000e+01, 2.6000000000e+01, 1.1833333333e+01, 5.0833333333e-02, 8.2696000000e+03
 1500514500, 5.5000000000e+01, 2.6000000000e+01, 1.0000000000e+01, 5.3166666667e-02, 8.2684000000e+03
 1500514800, 5.5000000000e+01, 2.6000000000e+01, 1.1766666667e+01, 5.0000000000e-02, 8.2692000000e+03
 1500515100, 5.5000000000e+01, 2.6000000000e+01, 1.2000000000e+01, 5.0000000000e-02, 8.2699666667e+03
 1500515400, 5.5000000000e+01, 2.6000000000e+01, 1.2000000000e+01, 5.0833333333e-02, 8.2697166667e+03
 1500515700, 5.5000000000e+01, 2.5433333333e+01, 1.1433333333e+01, 5.3166666667e-02, 8.2694833333e+03
 1500516000, 5.5000000000e+01, 2.4166666667e+01, 1.0000000000e+01, 5.4833333333e-02, 8.2707666667e+03
 1500516300, 5.5000000000e+01, 2.6000000000e+01, 1.0000000000e+01, 5.8000000000e-02, 8.2704000000e+03
 1500516600, 5.5000000000e+01, 2.6000000000e+01, 1.1766666667e+01, 5.5166666667e-02, 8.2706833333e+03
 1500516900, 5.5000000000e+01, 2.4633333333e+01, 1.0633333333e+01, 5.0833333333e-02, 8.2712500000e+03
 1500517200, 5.5000000000e+01, 2.4966666667e+01, 1.0000000000e+01, 8.1666666667e-02, 8.2704500000e+03
 1500517500, 5.5000000000e+01, 2.6000000000e+01, 1.0566666667e+01, 8.6833333333e-02, 8.2683166667e+03
 1500517800, 5.5000000000e+01, 2.6000000000e+01, 1.1833333333e+01, 8.6000000000e-02, 8.2699666667e+03
 1500518100, 5.5000000000e+01, 2.6000000000e+01, 1.0000000000e+01, 1.0000000000e-01, 8.2704333333e+03
 1500518400, 5.5000000000e+01, 2.4233333333e+01, 1.0000000000e+01, 8.2333333333e-02, 8.2692000000e+03
 1500518700, 5.5000000000e+01, 2.5366666667e+01, 1.0000000000e+01, 7.3166666667e-02, 8.2693666667e+03
 1500519000, 5.5000000000e+01, 2.6000000000e+01, 1.0966666667e+01, 5.4000000000e-02, 8.2703166667e+03
 1500519300, 5.5000000000e+01, 2.6000000000e+01, 1.2000000000e+01, 5.8000000000e-02, 8.2706833333e+03
 1500519600, 5.5000000000e+01, 2.6000000000e+01, 1.2000000000e+01, 5.9166666667e-02, 8.2720833333e+03
 1500519900, 5.5000000000e+01, 2.6000000000e+01, 1.2000000000e+01, 5.6000000000e-02, 8.2717166667e+03
 1500520200, 5.5000000000e+01, 2.6000000000e+01, 1.2000000000e+01, 5.0000000000e-02, 8.2715666667e+03
 1500520500, 5.5000000000e+01, 2.6000000000e+01, 1.0633333333e+01, 5.0000000000e-02, 8.2715166667e+03
 1500520800, 5.7416666667e+01, 2.6966666667e+01, 1.0966666667e+01, 5.0000000000e-02, 8.2718833333e+03
 1500521100, 6.0000000000e+01, 2.8000000000e+01, 1.2000000000e+01, 5.0000000000e-02, 8.2720000000e+03
 1500521400, 5.9583333333e+01, 2.7833333333e+01, 1.2000000000e+01, 5.0000000000e-02, 8.2707166667e+03
 1500521700, 5.5000000000e+01, 2.6000000000e+01, 1.2000000000e+01, 5.0000000000e-02, 8.2706333333e+03
 1500522000, 5.5000000000e+01, 2.6000000000e+01, 1.2000000000e+01, 5.0000000000e-02, 8.2712833333e+03
 1500522300, 5.5000000000e+01, 2.6000000000e+01, 1.2000000000e+01, 5.0000000000e-02, 8.2712833333e+03
 1500522600, 5.5000000000e+01, 2.5033333333e+01, 1.2000000000e+01, 5.0000000000e-02, 8.2726000000e+03
 1500522900, 5.5000000000e+01, 2.4566666667e+01, 1.2000000000e+01, 5.0000000000e-02, 8.2720000000e+03
 1500523200, 5.5000000000e+01, 2.6000000000e+01, 1.1833333333e+01, 5.2000000000e-02, 8.2715666667e+03
 1500523500, 5.5000000000e+01, 2.6000000000e+01, 1.0000000000e+01, 5.0000000000e-02, 8.2713500000e+03
 1500523800, 5.5000000000e+01, 2.6000000000e+01, 1.0000000000e+01, 5.4000000000e-02, 8.2714000000e+03
 1500524100, 5.5000000000e+01, 2.4633333333e+01, 1.0000000000e+01, 5.0000000000e-02, 8.2715666667e+03
 1500524400, 5.5000000000e+01, 2.4966666667e+01, 1.0000000000e+01, 5.0000000000e-02, 8.2712333333e+03
 1500524700, 5.5000000000e+01, 2.6000000000e+01, 1.0566666667e+01, 5.4000000000e-02, 8.2711666667e+03
 1500525000, 5.5000000000e+01, 2.6000000000e+01, 1.1833333333e+01, 5.0000000000e-02, 8.2725166667e+03
 1500525300, 5.5000000000e+01, 2.6000000000e+01, 1.0000000000e+01, 5.7666666667e-02, 8.2728000000e+03
 1500525600, 5.5000000000e+01, 2.6000000000e+01, 1.1766666667e+01, 6.1166666667e-02, 8.2720833333e+03
 1500525900, 5.5000000000e+01, 2.6000000000e+01, 1.2000000000e+01, 6.1166666667e-02, 8.2711166667e+03
 1500526200, 5.5000000000e+01, 2.6000000000e+01, 1.2000000000e+01, 5.0000000000e-02, 8.2722166667e+03
 1500526500, 5.5000000000e+01, 2.6000000000e+01, 1.2000000000e+01, 5.0000000000e-02, 8.2738666667e+03
 1500526800, 5.5000000000e+01, 2.6000000000e+01, 1.2000000000e+01, 5.0000000000e-02, 8.2722000000e+03
 1500527100, 5.5000000000e+01, 2.6000000000e+01, 1.2000000000e+01, 5.0000000000e-02, 8.2726000000e+03
 1500527400, 5.5000000000e+01, 2.6000000000e+01, 1.2000000000e+01, 5.0000000000e-02, 8.2730833333e+03
 1500527700, 5.5000000000e+01, 2.6000000000e+01, 1.0633333333e+01, 5.0000000000e-02, 8.2733166667e+03
 1500528000, 5.5000000000e+01, 2.6000000000e+01, 1.0000000000e+01, 5.2000000000e-02, 8.2722000000e+03
 1500528300, 5.5000000000e+01, 2.6000000000e+01, 1.0000000000e+01, 5.0000000000e-02, 8.2722833333e+03
 1500528600, 5.5416666667e+01, 2.6333333333e+01, 1.0333333333e+01, 5.6833333333e-02, 8.2732833333e+03
 1500528900, 6.0000000000e+01, 3.0000000000e+01, 1.4000000000e+01, 5.1166666667e-02, 8.2718333333e+03
 1500529200, 5.5583333333e+01, 2.6466666667e+01, 1.0466666667e+01, 5.0000000000e-02, 8.2726000000e+03
 1500529500, 5.5000000000e+01, 2.6000000000e+01, 1.0000000000e+01, 5.6000000000e-02, 8.2720000000e+03
 1500529800, 5.7416666667e+01, 2.6966666667e+01, 1.0966666667e+01, 5.7666666667e-02, 8.2724500000e+03
 1500530100, 5.8583333333e+01, 2.8000000000e+01, 1.1433333333e+01, 7.7666666667e-02, 8.2728833333e+03
 1500530400, 5.5000000000e+01, 2.7833333333e+01, 1.0166666667e+01, 8.6000000000e-02, 8.2742000000e+03
 1500530700, 5.5000000000e+01, 2.6000000000e+01, 1.2000000000e+01, 8.2333333333e-02, 8.2742833333e+03
 1500531000, 5.5000000000e+01, 2.6000000000e+01, 1.0233333333e+01, 7.2000000000e-02, 8.2734000000e+03
 1500531300, 5.5000000000e+01, 2.6000000000e+01, 1.0000000000e+01, 6.3166666667e-02, 8.2734000000e+03
 1500531600, 5.5000000000e+01, 2.6000000000e+01, 1.0000000000e+01, 6.8833333333e-02, 8.2736833333e+03
 1500531900, 5.5000000000e+01, 2.6000000000e+01, 1.0000000000e+01, 6.3166666667e-02, 8.2735000000e+03
 1500532200, 5.5000000000e+01, 2.5833333333e+01, 1.0000000000e+01, 6.6000000000e-02, 8.2720833333e+03
 1500532500, 5.5000000000e+01, 2.4000000000e+01, 1.0000000000e+01, 5.3166666667e-02, 8.2727166667e+03
 1500532800, 5.5000000000e+01, 2.5766666667e+01, 1.0000000000e+01, 5.6833333333e-02, 8.2722000000e+03
 1500533100, 5.5000000000e+01, 2.6000000000e+01, 1.1366666667e+01, 5.3166666667e-02, 8.2737666667e+03
 1500533400, 5.5000000000e+01, 2.6000000000e+01, 1.1033333333e+01, 5.0000000000e-02, 8.2741166667e+03
 1500533700, 5.5000000000e+01, 2.6000000000e+01, 1.0566666667e+01, 5.2000000000e-02, 8.2741166667e+03
 1500534000, 5.5000000000e+01, 2.6000000000e+01, 1.2000000000e+01, 5.0000000000e-02, 8.2735666667e+03
 1500534300, 5.5000000000e+01, 2.6000000000e+01, 1.2000000000e+01, 5.4000000000e-02, 8.2744833333e+03
 1500534600, 5.5000000000e+01, 2.6000000000e+01, 1.0233333333e+01, 5.0000000000e-02, 8.2748333333e+03
 1500534900, 5.5000000000e+01, 2.6000000000e+01, 1.0000000000e+01, 5.0000000000e-02, 8.2738833333e+03
 1500535200, 5.5000000000e+01, 2.6000000000e+01, 1.0966666667e+01, 5.0000000000e-02, 8.2739166667e+03
 1500535500, 5.5000000000e+01, 2.6000000000e+01, 1.1433333333e+01, 5.2000000000e-02, 8.2734833333e+03
 1500535800, 5.5000000000e+01, 2.6000000000e+01, 1.0000000000e+01, 5.0000000000e-02, 8.2740833333e+03
 1500536100, 5.5000000000e+01, 2.6000000000e+01, 1.0000000000e+01, 5.6833333333e-02, 8.2745166667e+03
 1500536400, 5.5000000000e+01, 2.4233333333e+01, 1.0000000000e+01, 5.1166666667e-02, 8.2745166667e+03
 1500536700, 5.5000000000e+01, 2.5366666667e+01, 1.0000000000e+01, 5.0000000000e-02, 8.2751666667e+03
 1500537000, 5.5000000000e+01, 2.6000000000e+01, 1.0000000000e+01, 5.0000000000e-02, 8.2748333333e+03
 1500537300, 5.5000000000e+01, 2.6000000000e+01, 1.0566666667e+01, 5.0000000000e-02, 8.2753666667e+03
 1500537600, 5.5000000000e+01, 2.6000000000e+01, 1.1833333333e+01, 7.4500000000e-02, 8.2760000000e+03
 1500537900, 5.5000000000e+01, 2.6000000000e+01, 1.0000000000e+01, 8.4000000000e-02, 8.2752000000e+03
 1500538200, 5.5000000000e+01, 2.6000000000e+01, 1.0000000000e+01, 7.5166666667e-02, 8.2754000000e+03
 1500538500, 5.5000000000e+01, 2.6000000000e+01, 1.0000000000e+01, 6.3166666667e-02, 8.2754000000e+03
 1500538800, 5.5000000000e+01, 2.6966666667e+01, 1.0000000000e+01, 5.1166666667e-02, 8.2748833333e+03
 1500539100, 5.5000000000e+01, 2.8000000000e+01, 1.0566666667e+01, 5.0000000000e-02, 8.2756333333e+03
 1500539400, 5.5000000000e+01, 2.7833333333e+01, 1.1833333333e+01, 5.0000000000e-02, 8.2749500000e+03
 1500539700, 5.5000000000e+01, 2.6000000000e+01, 1.0000000000e+01, 5.0000000000e-02, 8.2755166667e+03
 1500540000, 5.5000000000e+01, 2.4233333333e+01, 1.0000000000e+01, 5.4000000000e-02, 8.2760833333e+03
 1500540300, 5.5000000000e+01, 2.5366666667e+01, 1.0000000000e+01, 6.2833333333e-02, 8.2764000000e+03
 1500540600, 5.5000000000e+01, 2.6000000000e+01, 1.0000000000e+01, 5.1166666667e-02, 8.2766266667e+03
 1500540900, 5.5000000000e+01, 2.6000000000e+01, 1.0000000000e+01, 5.0833333333e-02, 8.2751166667e+03
 1500541200, 5.5000000000e+01, 2.6000000000e+01, 1.0166666667e+01, 5.1166666667e-02, 8.2760500000e+03
 1500541500, 5.5000000000e+01, 2.6000000000e+01, 1.2000000000e+01, 5.0000000000e-02, 8.2766333333e+03
 1500541800, 5.5000000000e+01, 2.6000000000e+01, 1.2000000000e+01, 6.0500000000e-02, 8.2754000000e+03
 1500542100, 5.5000000000e+01, 2.6000000000e+01, 1.0633333333e+01, 9.1666666667e-02, 8.2762000000e+03
 1500542400, 5.5000000000e+01, 2.6000000000e+01, 1.0000000000e+01, 9.4333333333e-02, 8.2756333333e+03
 1500542700, 5.5000000000e+01, 2.6000000000e+01, 1.0560000000e+01, 7.9166666667e-02, 8.2754733333e+03
 1500543000, 5.5000000000e+01, 2.6000000000e+01, 1.1833333333e+01, 7.3666666667e-02, 8.2760833333e+03
 1500543300, 5.5000000000e+01, 2.6000000000e+01, 1.0000000000e+01, 8.5166666667e-02, 8.2762000000e+03
 1500543600, 5.5000000000e+01, 2.6000000000e+01, 1.0000000000e+01, 8.0000000000e-02, 8.2752833333e+03
 1500543900, 5.5000000000e+01, 2.6000000000e+01, 1.1366666667e+01, 7.0333333333e-02, 8.2760833333e+03
 1500544200, 5.5000000000e+01, 2.6000000000e+01, 1.1033333333e+01, 7.2833333333e-02, 8.2766000000e+03
 1500544500, 5.5000000000e+01, 2.6000000000e+01, 1.0000000000e+01, 8.2833333333e-02, 8.2761166667e+03
 1500544800, 5.5000000000e+01, 2.6000000000e+01, 1.0166666667e+01, 7.2333333333e-02, 8.2760000000e+03
 1500545100, 5.5000000000e+01, 2.6000000000e+01, 1.2000000000e+01, 5.5166666667e-02, 8.2764833333e+03
 1500545400, 5.5000000000e+01, 2.6000000000e+01, 1.0233333333e+01, 5.0000000000e-02, 8.2762833333e+03
 1500545700, 5.5000000000e+01, 2.6000000000e+01, 1.0000000000e+01, 5.0833333333e-02, 8.2772000000e+03
 1500546000, 5.2583333333e+01, 2.5033333333e+01, 1.0000000000e+01, 5.4000000000e-02, 8.2770000000e+03
 1500546300, 5.4250000000e+01, 2.6266666667e+01, 1.1700000000e+01, 5.1166666667e-02, 8.2774500000e+03
 1500546600, 6.4166666667e+01, 3.1500000000e+01, 1.5500000000e+01, 5.0000000000e-02, 8.2773000000e+03
 1500546900, 5.5000000000e+01, 2.6000000000e+01, 1.0000000000e+01, 5.0000000000e-02, 8.2760833333e+03
 1500547200, 5.5000000000e+01, 2.4233333333e+01, 1.1766666667e+01, 5.0000000000e-02, 8.2774000000e+03
 1500547500, 5.5000000000e+01, 2.6733333333e+01, 1.2000000000e+01, 5.0000000000e-02, 8.2769166667e+03
 1500547800, 5.5000000000e+01, 2.7033333333e+01, 1.2000000000e+01, 5.0000000000e-02, 8.2774000000e+03
 1500548100, 5.5000000000e+01, 2.6000000000e+01, 1.1433333333e+01, 5.2833333333e-02, 8.2776833333e+03
 1500548400, 5.5000000000e+01, 2.6000000000e+01, 1.0000000000e+01, 7.0833333333e-02, 8.2781666667e+03
 1500548700, 5.5000000000e+01, 2.6000000000e+01, 1.0000000000e+01, 5.6333333333e-02, 8.2782333333e+03
 1500549000, 5.5000000000e+01, 2.4240000000e+01, 1.0000000000e+01, 5.0000000000e-02, 8.2775033333e+03
 1500549300, 5.8416666667e+01, 2.8100000000e+01, 1.2733333333e+01, 5.2000000000e-02, 8.2772000000e+03
 1500549600, 5.7583333333e+01, 2.8066666667e+01, 1.3033333333e+01, 5.0000000000e-02, 8.2775666667e+03
 1500549900, 5.5000000000e+01, 2.5433333333e+01, 1.1433333333e+01, 5.0000000000e-02, 8.2773166667e+03
 1500550200, 5.5000000000e+01, 2.4166666667e+01, 1.0000000000e+01, 5.0833333333e-02, 8.2772000000e+03
 1500550500, 5.5000000000e+01, 2.6000000000e+01, 1.0000000000e+01, 7.2833333333e-02, 8.2770000000e+03
 1500550800, 5.5000000000e+01, 2.6000000000e+01, 1.0000000000e+01, 8.2833333333e-02, 8.2773166667e+03
 1500551100, 5.5000000000e+01, 2.4633333333e+01, 1.0000000000e+01, 6.8333333333e-02, 8.2775666667e+03
 1500551400, 5.5000000000e+01, 2.4966666667e+01, 1.0966666667e+01, 5.3166666667e-02, 8.2782333333e+03
 1500551700, 5.5000000000e+01, 2.6000000000e+01, 1.1433333333e+01, 5.0000000000e-02, 8.2779666667e+03
 1500552000, 5.4583333333e+01, 2.5833333333e+01, 1.0000000000e+01, 5.0000000000e-02, 8.2786500000e+03
 1500552300, 5.0000000000e+01, 2.4000000000e+01, 1.0000000000e+01, 5.8833333333e-02, 8.2793500000e+03
 1500552600, 5.4416666667e+01, 2.5766666667e+01, 1.0000000000e+01, 5.1166666667e-02, 8.2772333333e+03
 1500552900, 5.5000000000e+01, 2.6000000000e+01, 1.0000000000e+01, 5.0000000000e-02, 8.2773666667e+03
 1500553200, 5.5000000000e+01, 2.6000000000e+01, 1.0000000000e+01, 5.0000000000e-02, 8.2774000000e+03
 1500553500, 5.5000000000e+01, 2.6000000000e+01, 1.0000000000e+01, 5.0000000000e-02, 8.2785166667e+03
 1500553800, 5.5000000000e+01, 2.5833333333e+01, 1.0000000000e+01, 5.0000000000e-02, 8.2790500000e+03
 1500554100, 5.5000000000e+01, 2.4000000000e+01, 1.0000000000e+01, 5.0000000000e-02, 8.2790333333e+03
 1500554400, 5.5000000000e+01, 2.5766666667e+01, 1.1766666667e+01, 5.6833333333e-02, 8.2786000000e+03
 1500554700, 5.5000000000e+01, 2.6000000000e+01, 1.0633333333e+01, 7.3666666667e-02, 8.2794833333e+03
 1500555000, 5.5000000000e+01, 2.6000000000e+01, 1.0000000000e+01, 7.9166666667e-02, 8.2789166667e+03
 1500555300, 5.5000000000e+01, 2.6000000000e+01, 1.0566666667e+01, 8.1666666667e-02, 8.2780000000e+03
 1500555600, 5.5000000000e+01, 2.6000000000e+01, 1.1833333333e+01, 7.1500000000e-02, 8.2774833333e+03
 1500555900, 5.5000000000e+01, 2.6000000000e+01, 1.0000000000e+01, 5.9166666667e-02, 8.2781166667e+03
 1500556200, 5.5000000000e+01, 2.7766666667e+01, 1.1766666667e+01, 5.2166666667e-02, 8.2785833333e+03
 1500556500, 5.5000000000e+01, 2.6633333333e+01, 1.0633333333e+01, 5.0833333333e-02, 8.2789666667e+03
 1500556800, 5.5000000000e+01, 2.6000000000e+01, 1.0000000000e+01, 6.2000000000e-02, 8.2780333333e+03
 1500557100, 5.5000000000e+01, 2.6000000000e+01, 1.0000000000e+01, 6.6000000000e-02, 8.2782833333e+03
 1500557400, 5.5000000000e+01, 2.6000000000e+01, 1.0000000000e+01, 5.8000000000e-02, 8.2793666667e+03
 1500557700, 5.5000000000e+01, 2.6000000000e+01, 1.0000000000e+01, 5.4000000000e-02, 8.2803166667e+03
 1500558000, 5.5000000000e+01, 2.4233333333e+01, 1.0000000000e+01, 6.6000000000e-02, 8.2806833333e+03
 1500558300, 5.5000000000e+01, 2.5366666667e+01, 1.1366666667e+01, 5.1166666667e-02, 8.2787100000e+03
 1500558600, 5.5000000000e+01, 2.6000000000e+01, 1.2000000000e+01, 5.0000000000e-02, 8.2790000000e+03
 1500558900, 5.5000000000e+01, 2.6000000000e+01, 1.2000000000e+01, 5.0000000000e-02, 8.2796000000e+03
 1500559200, 5.5000000000e+01, 2.6000000000e+01, 1.2000000000e+01, 5.0000000000e-02, 8.2779666667e+03
 1500559500, 5.5000000000e+01, 2.6000000000e+01, 1.2000000000e+01, 5.0000000000e-02, 8.2792000000e+03
 1500559800, 5.5000000000e+01, 2.6000000000e+01, 1.2000000000e+01, 5.0000000000e-02, 8.2790033333e+03
 1500560100, 5.5000000000e+01, 2.6000000000e+01, 1.2000000000e+01, 5.0000000000e-02, 8.2793166667e+03
 1500560400, 5.5000000000e+01, 2.6000000000e+01, 1.2000000000e+01, 5.0000000000e-02, 8.2792833333e+03
 1500560700, 5.5000000000e+01, 2.6000000000e+01, 1.2000000000e+01, 5.4000000000e-02, 8.2798833333e+03
 1500561000, 5.5000000000e+01, 2.6000000000e+01, 1.2000000000e+01, 5.6000000000e-02, 8.2803333333e+03
 1500561300, 5.5000000000e+01, 2.6000000000e+01, 1.2000000000e+01, 5.0000000000e-02, 8.2807333333e+03
 1500561600, 5.5000000000e+01, 2.6000000000e+01, 1.0233333333e+01, 5.0000000000e-02, 8.2810833333e+03
 1500561900, 5.5000000000e+01, 2.6000000000e+01, 1.0000000000e+01, 5.2000000000e-02, 8.2808833333e+03
 1500562200, 5.5000000000e+01, 2.6000000000e+01, 1.0000000000e+01, 5.0000000000e-02, 8.2831666667e+03
 1500562500, 5.3583333333e+01, 2.5433333333e+01, 1.0000000000e+01, 5.0000000000e-02, 8.2805500000e+03
 1500562800, 5.0416666667e+01, 2.4166666667e+01, 1.0000000000e+01, 5.3666666667e-02, 8.2800000000e+03
 1500563100, 5.5000000000e+01, 2.6000000000e+01, 1.0000000000e+01, 6.0333333333e-02, 8.2796333333e+03
 1500563400, 5.5000000000e+01, 2.4233333333e+01, 1.0000000000e+01, 5.0000000000e-02, 8.2805666667e+03
 1500563700, 5.5000000000e+01, 2.5366666667e+01, 1.0000000000e+01, 5.6833333333e-02, 8.2810833333e+03
 1500564000, 5.5000000000e+01, 2.6000000000e+01, 1.0000000000e+01, 5.1166666667e-02, 8.2819166667e+03
 1500564300, 5.5000000000e+01, 2.6000000000e+01, 1.0000000000e+01, 5.0000000000e-02, 8.2804800000e+03
 1500564600, 5.5416666667e+01, 2.6166666667e+01, 1.0166666667e+01, 5.0000000000e-02, 8.2810833333e+03
 1500564900, 6.0000000000e+01, 2.8000000000e+01, 1.2000000000e+01, 5.0000000000e-02, 8.2807500000e+03
 1500565200, 5.5583333333e+01, 2.8000000000e+01, 1.0233333333e+01, 5.0000000000e-02, 8.2806000000e+03
 1500565500, 5.5000000000e+01, 2.5266666667e+01, 1.0000000000e+01, 5.9000000000e-02, 8.2825000000e+03
 1500565800, 6.2250000000e+01, 2.7866666667e+01, 1.3866666667e+01, 2.5983333333e-01, 8.2838333333e+03
 1500566100, 7.1416666667e+01, 3.3133333333e+01, 1.9700000000e+01, 5.0783333333e-01, 8.2838833333e+03
 1500566400, 7.3750000000e+01, 3.5333333333e+01, 2.3166666667e+01, 6.6516666667e-01, 8.2852833333e+03
 1500566700, 6.0000000000e+01, 2.8000000000e+01, 1.4000000000e+01, 7.6833333333e-01, 8.2850000000e+03
 1500567000, 6.4416666667e+01, 2.8000000000e+01, 1.7533333333e+01, 8.7766666667e-01, 8.2863166667e+03
 1500567300, 7.1833333333e+01, 3.3466666667e+01, 2.0733333333e+01, 9.9096666667e-01, 8.2837200000e+03
 1500567600, 6.7750000000e+01, 3.2133333333e+01, 1.8133333333e+01, 1.0405000000e+00, 8.2834000000e+03
 1500567900, 6.1416666667e+01, 2.8566666667e+01, 1.4566666667e+01, 1.0540000000e+00, 8.2840833333e+03
 1500568200, 6.5000000000e+01, 2.9833333333e+01, 1.6000000000e+01, 1.0608333333e+00, 8.2838833333e+03
 1500568500, 6.5000000000e+01, 2.8000000000e+01, 1.6000000000e+01, 1.0580000000e+00, 8.2835500000e+03
 1500568800, 5.6166666667e+01, 2.6233333333e+01, 1.2466666667e+01, 1.0688333333e+00, 8.2848500000e+03
 1500569100, 6.1833333333e+01, 2.8733333333e+01, 1.4733333333e+01, 1.0890000000e+00, 8.4059833333e+03
 1500569400, 1.0850000000e+02, 6.8666666667e+01, 2.0833333333e+01, 2.3411666667e+00, 8.8231833333e+03
 1500569700, 1.5641666667e+02, 1.1113333333e+02, 2.6000000000e+01, 4.1920000000e+00, 3.2292150000e+04
 1500570000, 1.6000000000e+02, 1.1400000000e+02, 2.6000000000e+01, 5.5341666667e+00, 4.3361883333e+04
 1500570300, 1.6000000000e+02, 1.1400000000e+02, 2.6000000000e+01, 6.5015000000e+00, 4.3360000000e+04
 1500570600, 1.5558333333e+02, 1.1223333333e+02, 2.6000000000e+01, 7.1971666667e+00, 4.3361283333e+04
 1500570900, 1.5841666667e+02, 1.1473333333e+02, 2.6000000000e+01, 7.7070000000e+00, 4.3361600000e+04
 1500571200, 1.5758333333e+02, 1.1406666667e+02, 2.6000000000e+01, 8.0835000000e+00, 4.3361800000e+04
 1500571500, 1.2808333333e+02, 8.8766666667e+01, 2.2600000000e+01, 8.3443333333e+00, 4.7641383333e+04
 1500571800, 6.1250000000e+01, 3.0333333333e+01, 1.4666666667e+01, 8.5160000000e+00, 5.1708183333e+04
 1500572100, 7.5000000000e+01, 3.4000000000e+01, 2.2000000000e+01, 8.6613333333e+00, 5.3264800000e+04
 1500572400, 7.0583333333e+01, 3.2233333333e+01, 1.8466666667e+01, 8.8091666667e+00, 5.3311483333e+04
 1500572700, 7.0000000000e+01, 3.2000000000e+01, 1.8000000000e+01, 8.8748333333e+00, 5.3334933333e+04
 1500573000, 1.1350000000e+02, 7.1633333333e+01, 2.2833333333e+01, 8.5588333333e+00, 5.3459750000e+04
 1500573300, 1.5716666667e+02, 1.1173333333e+02, 2.7433333333e+01, 8.2258333333e+00, 5.3459366667e+04
 1500573600, 1.5125000000e+02, 1.0716666667e+02, 2.6166666667e+01, 7.9981666667e+00, 5.3487616667e+04
 1500573900, 1.6500000000e+02, 1.2000000000e+02, 2.8000000000e+01, 7.9086666667e+00, 5.3366183333e+04
 1500574200, 1.6500000000e+02, 1.1823333333e+02, 2.8000000000e+01, 7.7741666667e+00, 5.3507366667e+04
 1500574500, 1.6841666667e+02, 1.2073333333e+02, 2.8000000000e+01, 7.7175000000e+00, 5.3510000000e+04
 1500574800, 1.6516666667e+02, 1.1813333333e+02, 2.7033333333e+01, 7.5773333333e+00, 5.3414450000e+04
 1500575100, 1.6141666667e+02, 1.1513333333e+02, 2.6566666667e+01, 7.3626666667e+00, 5.3463516667e+04
 1500575400, 1.6333333333e+02, 1.1666666667e+02, 2.7833333333e+01, 7.4178333333e+00, 2.3251866667e+04
 1500575700, 1.4500000000e+02, 1.0200000000e+02, 2.6000000000e+01, 7.8041666667e+00, 8.4076833333e+03
 1500576000, 1.5383333333e+02, 1.1260000000e+02, 2.6000000000e+01, 8.1493333333e+00, 3.9295600000e+04
 1500576300, 1.5841666667e+02, 1.1400000000e+02, 2.6000000000e+01, 8.4063333333e+00, 4.3375216667e+04
 1500576600, 1.6000000000e+02, 1.1400000000e+02, 2.6000000000e+01, 8.5768333333e+00, 4.3375566667e+04
 1500576900, 1.6000000000e+02, 1.1400000000e+02, 2.6000000000e+01, 8.7040000000e+00, 4.3377850000e+04
 1500577200, 1.6000000000e+02, 1.1400000000e+02, 2.6000000000e+01, 8.8291666667e+00, 4.3379000000e+04
 1500577500, 1.6000000000e+02, 1.1400000000e+02, 2.6000000000e+01, 8.9010000000e+00, 4.5269166667e+04
 1500577800, 8.0500000000e+01, 4.3333333333e+01, 2.0700000000e+01, 8.8618333333e+00, 5.2172566667e+04
 1500578100, 1.2466666667e+02, 8.3200000000e+01, 2.4100000000e+01, 8.5270000000e+00, 5.3409333333e+04
 1500578400, 1.5725000000e+02, 1.1083333333e+02, 2.6966666667e+01, 7.9711666667e+00, 5.3455233333e+04
 1500578700, 1.6500000000e+02, 1.1656666667e+02, 2.8000000000e+01, 7.3333333333e+00, 5.3454916667e+04
 1500579000, 1.6500000000e+02, 1.1783333333e+02, 2.8000000000e+01, 7.1693333333e+00, 5.3387416667e+04
 1500579300, 1.6500000000e+02, 1.1600000000e+02, 2.8000000000e+01, 7.1686666667e+00, 1.4267883333e+04
 1500579600, 1.5175000000e+02, 1.0893333333e+02, 2.6233333333e+01, 7.3995000000e+00, 2.5293200000e+04
 1500579900, 1.5341666667e+02, 1.1073333333e+02, 2.6000000000e+01, 7.5725000000e+00, 4.3354200000e+04
 1500580200, 1.5500000000e+02, 1.1200000000e+02, 2.6000000000e+01, 7.7043333333e+00, 4.3354683333e+04
 1500580500, 1.5500000000e+02, 1.1200000000e+02, 2.6000000000e+01, 7.7866666667e+00, 4.3354683333e+04
 1500580800, 1.5500000000e+02, 1.1200000000e+02, 2.6000000000e+01, 7.8550000000e+00, 4.3356883333e+04
 1500581100, 1.5500000000e+02, 1.1200000000e+02, 2.6000000000e+01, 7.9005000000e+00, 4.3356200000e+04
 1500581400, 1.5500000000e+02, 1.1200000000e+02, 2.6000000000e+01, 7.8146666667e+00, 5.1257850000e+04
 1500581700, 1.6183333333e+02, 1.1610000000e+02, 2.7366666667e+01, 7.3396666667e+00, 5.3502650000e+04
 1500582000, 1.6741666667e+02, 1.1993333333e+02, 2.8000000000e+01, 7.0066666667e+00, 5.3503833333e+04
 1500582300, 1.6858333333e+02, 1.2086666667e+02, 2.8000000000e+01, 6.6065000000e+00, 5.3456933333e+04
 1500582600, 1.6500000000e+02, 1.1800000000e+02, 2.8000000000e+01, 6.4216666667e+00, 5.3456600000e+04
 1500582900, 1.6500000000e+02, 1.1800000000e+02, 2.8000000000e+01, 6.2575000000e+00, 5.3456750000e+04
 1500583200, 1.6500000000e+02, 1.1800000000e+02, 2.8000000000e+01, 6.2081666667e+00, 5.3504250000e+04
 1500583500, 1.6158333333e+02, 1.1390000000e+02, 2.6633333333e+01, 6.3496666667e+00, 5.3504400000e+04
 1500583800, 1.6241666667e+02, 1.1490000000e+02, 2.6966666667e+01, 6.2875000000e+00, 3.2450166667e+04
 1500584100, 1.6216666667e+02, 1.1573333333e+02, 2.7433333333e+01, 6.6998333333e+00, 8.5601500000e+03
 1500584400, 1.5500000000e+02, 1.1016666667e+02, 2.6000000000e+01, 7.0658333333e+00, 3.9283633333e+04
 1500584700, 1.5500000000e+02, 1.1200000000e+02, 2.6000000000e+01, 7.3311666667e+00, 4.3362683333e+04
 1500585000, 1.5500000000e+02, 1.1200000000e+02, 2.6000000000e+01, 7.5225000000e+00, 4.3360750000e+04
 1500585300, 1.5500000000e+02, 1.1200000000e+02, 2.6000000000e+01, 7.6551666667e+00, 4.3361883333e+04
 1500585600, 1.5500000000e+02, 1.1200000000e+02, 2.6000000000e+01, 7.7523333333e+00, 4.3360683333e+04
 1500585900, 1.5500000000e+02, 1.1200000000e+02, 2.6000000000e+01, 7.8390000000e+00, 4.3362000000e+04
 1500586200, 1.5583333333e+02, 1.1233333333e+02, 2.6166666667e+01, 7.7683333333e+00, 5.1210233333e+04
 1500586500, 1.6500000000e+02, 1.1600000000e+02, 2.8000000000e+01, 7.4245000000e+00, 5.3500500000e+04
 1500586800, 1.6500000000e+02, 1.1776666667e+02, 2.8000000000e+01, 7.0756666667e+00, 5.3458800000e+04
 1500587100, 1.6500000000e+02, 1.1800000000e+02, 2.8000000000e+01, 6.7806666667e+00, 5.3506083333e+04
 1500587400, 1.6500000000e+02, 1.1800000000e+02, 2.8000000000e+01, 6.5076333333e+00, 5.3505140000e+04
 1500587700, 1.6500000000e+02, 1.1800000000e+02, 2.8000000000e+01, 6.3988333333e+00, 5.3505566667e+04
 1500588000, 1.6500000000e+02, 1.1800000000e+02, 2.8000000000e+01, 6.3851666667e+00, 5.3506116667e+04
 1500588300, 1.6416666667e+02, 1.1750000000e+02, 2.7833333333e+01, 6.6526666667e+00, 1.4299666667e+04
 1500588600, 1.5500000000e+02, 1.1200000000e+02, 2.6000000000e+01, 7.0258333333e+00, 2.5305400000e+04
 1500588900, 1.5500000000e+02, 1.1200000000e+02, 2.6000000000e+01, 7.2971666667e+00, 4.3372400000e+04
 1500589200, 1.5500000000e+02, 1.1200000000e+02, 2.6000000000e+01, 7.4981666667e+00, 4.3372883333e+04
 1500589500, 1.5500000000e+02, 1.1200000000e+02, 2.6000000000e+01, 7.6380000000e+00, 4.3374850000e+04
 1500589800, 1.5500000000e+02, 1.1200000000e+02, 2.6000000000e+01, 7.7386666667e+00, 4.3376200000e+04
 1500590100, 1.5500000000e+02, 1.1200000000e+02, 2.6000000000e+01, 7.8090000000e+00, 4.3376683333e+04
 1500590400, 1.5500000000e+02, 1.1200000000e+02, 2.6000000000e+01, 7.8588333333e+00, 4.7164366667e+04
 1500590700, 1.5941666667e+02, 1.1200000000e+02, 2.6000000000e+01, 7.5840000000e+00, 5.3505800000e+04
 1500591000, 1.6341666667e+02, 1.1610000000e+02, 2.7366666667e+01, 7.2615000000e+00, 5.3506733333e+04
 1500591300, 1.6500000000e+02, 1.1800000000e+02, 2.8000000000e+01, 6.8150000000e+00, 5.3507566667e+04
 1500591600, 1.6500000000e+02, 1.1800000000e+02, 2.8000000000e+01, 6.4631666667e+00, 5.3507900000e+04
 1500591900, 1.6500000000e+02, 1.1800000000e+02, 2.8000000000e+01, 6.3421666667e+00, 5.3440900000e+04
 1500592200, 1.6500000000e+02, 1.1800000000e+02, 2.8000000000e+01, 6.2056666667e+00, 5.3504183333e+04
 1500592500, 1.6500000000e+02, 1.1800000000e+02, 2.8000000000e+01, 6.2405000000e+00, 5.3508633333e+04
 1500592800, 1.6500000000e+02, 1.1800000000e+02, 2.8000000000e+01, 6.2565000000e+00, 5.3508283333e+04
 1500593100, 1.5775000000e+02, 1.1220000000e+02, 2.7033333333e+01, 6.0821666667e+00, 2.3001050000e+04
 1500593400, 1.2308333333e+02, 8.3333333333e+01, 2.1466666667e+01, 4.6555000000e+00, 8.2845666667e+03
 1500593700, 5.5000000000e+01, 2.5833333333e+01, 1.0166666667e+01, 3.4085000000e+00, 8.2851166667e+03
 1500594000, 5.5000000000e+01, 2.4000000000e+01, 1.2000000000e+01, 2.5100000000e+00, 8.2843266667e+03
 1500594300, 5.5000000000e+01, 2.5766666667e+01, 1.0233333333e+01, 1.8706666667e+00, 8.2844000000e+03
 1500594600, 5.8416666667e+01, 2.8733333333e+01, 1.2733333333e+01, 1.4138333333e+00, 8.2850833333e+03
 1500594900, 5.7583333333e+01, 2.8066666667e+01, 1.3033333333e+01, 1.0561666667e+00, 8.2844833333e+03
 1500595200, 5.5000000000e+01, 2.5433333333e+01, 1.2000000000e+01, 7.8966666667e-01, 8.2852500000e+03
 1500595500, 5.5000000000e+01, 2.4166666667e+01, 1.2000000000e+01, 5.8500000000e-01, 8.2849833333e+03
 1500595800, 5.5000000000e+01, 2.6000000000e+01, 1.2000000000e+01, 4.5293333333e-01, 8.2847666667e+03
 1500596100, 5.5000000000e+01, 2.6000000000e+01, 1.2000000000e+01, 3.6216666667e-01, 8.2869900000e+03
 1500596400, 5.5000000000e+01, 2.6000000000e+01, 1.2000000000e+01, 2.7733333333e-01, 8.2860500000e+03
 1500596700, 5.5000000000e+01, 2.6000000000e+01, 1.2000000000e+01, 2.2066666667e-01, 8.2864333333e+03
 1500597000, 5.5000000000e+01, 2.6000000000e+01, 1.1433333333e+01, 1.8066666667e-01, 8.2868000000e+03
 1500597300, 5.5000000000e+01, 2.6000000000e+01, 1.0166666667e+01, 1.3950000000e-01, 8.2866000000e+03
 1500597600, 5.5000000000e+01, 2.6000000000e+01, 1.2000000000e+01, 1.2433333333e-01, 8.2872000000e+03
 1500597900, 5.5000000000e+01, 2.6000000000e+01, 1.2000000000e+01, 1.0033333333e-01, 8.2850333333e+03
 1500598200, 5.5000000000e+01, 2.6000000000e+01, 1.0633333333e+01, 1.0850000000e-01, 8.2865000000e+03
 1500598500, 5.5000000000e+01, 2.6000000000e+01, 1.0966666667e+01, 1.2316666667e-01, 8.2865833333e+03
 1500598800, 5.5000000000e+01, 2.6566666667e+01, 1.2000000000e+01, 1.0800000000e-01, 8.2864500000e+03
 1500599100, 5.5000000000e+01, 2.8000000000e+01, 1.2000000000e+01, 9.9166666667e-02, 8.2871166667e+03
 1500599400, 5.5000000000e+01, 2.7853333333e+01, 1.2000000000e+01, 1.0756666667e-01, 8.2897333333e+03
 1500599700, 5.5000000000e+01, 2.6000000000e+01, 1.2000000000e+01, 1.1916666667e-01, 8.2913433333e+03
 1500600000, 5.5000000000e+01, 2.4233333333e+01, 1.0233333333e+01, 1.1400000000e-01, 8.2886000000e+03
 1500600300, 5.5000000000e+01, 2.5366666667e+01, 1.0000000000e+01, 9.5166666667e-02, 8.2882000000e+03
 1500600600, 5.5000000000e+01, 2.6000000000e+01, 1.0000000000e+01, 1.1403333333e-01, 8.2890833333e+03
 1500600900, 5.5000000000e+01, 2.6000000000e+01, 1.0000000000e+01, 1.3833333333e-01, 8.2880333333e+03
 1500601200, 5.5000000000e+01, 2.6000000000e+01, 1.0000000000e+01, 1.3200000000e-01, 8.2876000000e+03
 1500601500, 5.5000000000e+01, 2.6000000000e+01, 1.0000000000e+01, 1.3483333333e-01, 8.2884833333e+03
 1500601800, 5.5000000000e+01, 2.6000000000e+01, 1.0000000000e+01, 1.3516666667e-01, 8.2872000000e+03
 1500602100, 5.5000000000e+01, 2.4633333333e+01, 1.0000000000e+01, 1.2916666667e-01, 8.2892833333e+03
 1500602400, 5.5000000000e+01, 2.4966666667e+01, 1.0000000000e+01, 1.2600000000e-01, 8.2895166667e+03
 1500602700, 5.5000000000e+01, 2.6000000000e+01, 1.0000000000e+01, 1.1233333333e-01, 8.2891866667e+03
 1500603000, 5.5000000000e+01, 2.6000000000e+01, 1.0566666667e+01, 1.0883333333e-01, 8.2888000000e+03
 1500603300, 5.5000000000e+01, 2.6000000000e+01, 1.1833333333e+01, 1.0116666667e-01, 8.2893666667e+03
 1500603600, 5.5000000000e+01, 2.6000000000e+01, 1.0000000000e+01, 9.1166666667e-02, 8.2882333333e+03
 1500603900, 7.7083333333e+01, 3.4833333333e+01, 2.2366666667e+01, 8.6000000000e-02, 8.2886166667e+03
 1500604200, 6.6333333333e+01, 3.3266666667e+01, 1.5800000000e+01, 7.3500000000e-02, 8.2871666667e+03
 1500604500, 5.7583333333e+01, 2.9100000000e+01, 1.1033333333e+01, 6.6833333333e-02, 8.2888833333e+03
 1500604800, 5.5000000000e+01, 2.6000000000e+01, 1.0000000000e+01, 7.1166666667e-02, 8.2897166667e+03
 1500605100, 5.5000000000e+01, 2.5833333333e+01, 1.0000000000e+01, 6.2833333333e-02, 8.2882833333e+03
 1500605400, 5.5000000000e+01, 2.4000000000e+01, 1.0000000000e+01, 6.2000000000e-02, 8.2886833333e+03
 1500605700, 5.5000000000e+01, 2.5766666667e+01, 1.1766666667e+01, 5.6333333333e-02, 8.2907000000e+03
 1500606000, 5.5000000000e+01, 2.4633333333e+01, 1.0633333333e+01, 5.2000000000e-02, 8.2912666667e+03
 1500606300, 5.5000000000e+01, 2.5933333333e+01, 1.0966666667e+01, 5.0000000000e-02, 8.2915500000e+03
 1500606600, 5.6416666667e+01, 2.8000000000e+01, 1.2566666667e+01, 5.6500000000e-02, 8.2934000000e+03
 1500606900, 5.9583333333e+01, 2.7833333333e+01, 1.3666666667e+01, 8.9633333333e-02, 8.2900300000e+03
 1500607200, 5.5000000000e+01, 2.6000000000e+01, 1.0000000000e+01, 9.5166666667e-02, 8.2898833333e+03
 1500607500, 5.5000000000e+01, 2.6000000000e+01, 1.0000000000e+01, 9.2000000000e-02, 8.2886333333e+03
 1500607800, 5.5000000000e+01, 2.6000000000e+01, 1.0000000000e+01, 7.8333333333e-02, 8.2882833333e+03
 1500608100, 5.5000000000e+01, 2.6000000000e+01, 1.0000000000e+01, 6.1166666667e-02, 8.2888000000e+03
 1500608400, 5.5000000000e+01, 2.6000000000e+01, 1.0000000000e+01, 5.3166666667e-02, 8.2900000000e+03
 1500608700, 5.5000000000e+01, 2.6000000000e+01, 1.0166666667e+01, 5.0000000000e-02, 8.2900000000e+03
 1500609000, 5.5000000000e+01, 2.6000000000e+01, 1.2000000000e+01, 5.0000000000e-02, 8.2906000000e+03
 1500609300, 5.5000000000e+01, 2.6000000000e+01, 1.0233333333e+01, 5.0000000000e-02, 8.2908833333e+03
 1500609600, 5.5000000000e+01, 2.6000000000e+01, 1.0000000000e+01, 5.2000000000e-02, 8.2898000000e+03
 1500609900, 5.5000000000e+01, 2.6000000000e+01, 1.0966666667e+01, 5.6833333333e-02, 8.2902000000e+03
 1500610200, 5.5000000000e+01, 2.6000000000e+01, 1.2000000000e+01, 5.1166666667e-02, 8.2897166667e+03
 1500610500, 5.5000000000e+01, 2.6000000000e+01, 1.2000000000e+01, 5.0000000000e-02, 8.2902833333e+03
 1500610800, 5.5000000000e+01, 2.6000000000e+01, 1.2000000000e+01, 5.9666666667e-02, 8.2905333333e+03
 1500611100, 5.5000000000e+01, 2.6000000000e+01, 1.2000000000e+01, 7.4000000000e-02, 8.2928666667e+03
 1500611400, 5.5000000000e+01, 2.6000000000e+01, 1.2000000000e+01, 5.8333333333e-02, 8.2916833333e+03
 1500611700, 5.5000000000e+01, 2.6000000000e+01, 1.1033333333e+01, 5.0000000000e-02, 8.2908333333e+03
 1500612000, 5.5000000000e+01, 2.6000000000e+01, 1.0000000000e+01, 5.2833333333e-02, 8.2908833333e+03
 1500612300, 5.5000000000e+01, 2.6000000000e+01, 1.0166666667e+01, 5.8000000000e-02, 8.2912833333e+03
 1500612600, 5.5000000000e+01, 2.6000000000e+01, 1.2000000000e+01, 6.3166666667e-02, 8.2908000000e+03
 1500612900, 5.5000000000e+01, 2.6000000000e+01, 1.0233333333e+01, 5.2833333333e-02, 8.2908000000e+03
 1500613200, 5.5000000000e+01, 2.4633333333e+01, 1.0000000000e+01, 7.1333333333e-02, 8.2916833333e+03
 1500613500, 5.5000000000e+01, 2.4966666667e+01, 1.0000000000e+01, 1.1283333333e-01, 8.2911166667e+03
 1500613800, 5.5000000000e+01, 2.6000000000e+01, 1.0566666667e+01, 1.1883333333e-01, 8.2924833333e+03
 1500614100, 5.5000000000e+01, 2.6000000000e+01, 1.1833333333e+01, 1.0150000000e-01, 8.2924500000e+03
 1500614400, 5.5000000000e+01, 2.6000000000e+01, 1.0000000000e+01, 9.3166666667e-02, 8.2933500000e+03
 1500614700, 5.9416666667e+01, 2.7766666667e+01, 1.1766666667e+01, 7.8000000000e-02, 8.2919166667e+03
 1500615000, 5.6583333333e+01, 2.6633333333e+01, 1.0633333333e+01, 6.4333333333e-02, 8.2927666667e+03
 1500615300, 5.5000000000e+01, 2.6000000000e+01, 1.0966666667e+01, 6.8833333333e-02, 8.2920333333e+03
 1500615600, 5.5000000000e+01, 2.6000000000e+01, 1.1433333333e+01, 5.7166666667e-02, 8.2916000000e+03
 1500615900, 5.5000000000e+01, 2.6000000000e+01, 1.0000000000e+01, 5.8833333333e-02, 8.2910833333e+03
 1500616200, 5.5000000000e+01, 2.6000000000e+01, 1.0000000000e+01, 5.6333333333e-02, 8.2921166667e+03
 1500616500, 5.5000000000e+01, 2.6000000000e+01, 1.0000000000e+01, 5.0000000000e-02, 8.2921333333e+03
 1500616800, 5.5000000000e+01, 2.6000000000e+01, 1.0000000000e+01, 5.5666666667e-02, 8.2919166667e+03
 1500617100, 5.5000000000e+01, 2.5033333333e+01, 1.0000000000e+01, 7.4000000000e-02, 8.2935166667e+03
 1500617400, 5.5000000000e+01, 2.4000000000e+01, 1.0000000000e+01, 6.9166666667e-02, 8.2936000000e+03
 1500617700, 5.5000000000e+01, 2.4166666667e+01, 1.0000000000e+01, 7.6500000000e-02, 8.2928833333e+03
 1500618000, 5.5000000000e+01, 2.6000000000e+01, 1.0000000000e+01, 8.0333333333e-02, 8.2940833333e+03
 1500618300, 5.5000000000e+01, 2.4233333333e+01, 1.0000000000e+01, 7.8833333333e-02, 8.2931166667e+03
 1500618600, 5.8416666667e+01, 2.8100000000e+01, 1.1366666667e+01, 8.5166666667e-02, 8.2915166667e+03
 1500618900, 6.4833333333e+01, 3.1933333333e+01, 1.4900000000e+01, 6.2333333333e-02, 8.2916000000e+03
 1500619200, 6.5750000000e+01, 3.1733333333e+01, 1.5733333333e+01, 6.5333333333e-02, 8.2921666667e+03
 1500619500, 5.5000000000e+01, 2.6000000000e+01, 1.0000000000e+01, 1.2216666667e-01, 8.2936000000e+03
 1500619800, 5.5000000000e+01, 2.6000000000e+01, 1.0000000000e+01, 1.3200000000e-01, 8.2925166667e+03
 1500620100, 5.5000000000e+01, 2.6000000000e+01, 1.1766666667e+01, 1.3033333333e-01, 8.2938500000e+03
 1500620400, 5.5000000000e+01, 2.6000000000e+01, 1.0633333333e+01, 1.1516666667e-01, 8.2944833333e+03
 1500620700, 5.5000000000e+01, 2.6000000000e+01, 1.0000000000e+01, 1.1483333333e-01, 8.2946000000e+03
 1500621000, 5.5000000000e+01, 2.5433333333e+01, 1.0000000000e+01, 1.1400000000e-01, 8.2937833333e+03
 1500621300, 5.5833333333e+01, 2.4500000000e+01, 1.0500000000e+01, 1.2200000000e-01, 8.2942000000e+03
 1500621600, 6.5000000000e+01, 3.0000000000e+01, 1.6000000000e+01, 1.1033333333e-01, 8.2934000000e+03
 1500621900, 5.6166666667e+01, 2.6466666667e+01, 1.0700000000e+01, 1.0600000000e-01, 8.2927166667e+03
 1500622200, 5.5000000000e+01, 2.6000000000e+01, 1.0000000000e+01, 1.0250000000e-01, 8.2928000000e+03
 1500622500, 5.5000000000e+01, 2.5033333333e+01, 1.0000000000e+01, 1.2600000000e-01, 8.2926833333e+03
 1500622800, 5.6416666667e+01, 2.5133333333e+01, 1.0566666667e+01, 1.2916666667e-01, 8.2944000000e+03
 1500623100, 6.0000000000e+01, 2.8000000000e+01, 1.2000000000e+01, 1.1683333333e-01, 8.2944000000e+03
 1500623400, 6.0000000000e+01, 2.8000000000e+01, 1.2000000000e+01, 1.2883333333e-01, 8.2956833333e+03
 1500623700, 5.5583333333e+01, 2.6233333333e+01, 1.2000000000e+01, 1.4683333333e-01, 8.2952000000e+03
 1500624000, 5.8416666667e+01, 2.7366666667e+01, 1.3366666667e+01, 1.4400000000e-01, 8.2947166667e+03
 1500624300, 5.7583333333e+01, 2.6066666667e+01, 1.2066666667e+01, 1.3833333333e-01, 8.2930000000e+03
 1500624600, 5.5000000000e+01, 2.4566666667e+01, 1.0566666667e+01, 1.2433333333e-01, 8.2938000000e+03
 1500624900, 5.5000000000e+01, 2.6000000000e+01, 1.2000000000e+01, 1.0316666667e-01, 8.2936000000e+03
 1500625200, 5.5000000000e+01, 2.6000000000e+01, 1.2000000000e+01, 9.0333333333e-02, 8.2938833333e+03
 1500625500, 5.5000000000e+01, 2.6000000000e+01, 1.0233333333e+01, 1.0300000000e-01, 8.2945166667e+03
 1500625800, 5.5000000000e+01, 2.6000000000e+01, 1.1366666667e+01, 1.7450000000e-01, 8.2930833333e+03
 1500626100, 5.5000000000e+01, 2.6000000000e+01, 1.2000000000e+01, 1.6633333333e-01, 8.2946000000e+03
 1500626400, 5.6416666667e+01, 2.6000000000e+01, 1.2566666667e+01, 1.3516666667e-01, 8.2952833333e+03
 1500626700, 5.9583333333e+01, 2.6000000000e+01, 1.3833333333e+01, 1.3516666667e-01, 8.2947166667e+03
 1500627000, 5.5000000000e+01, 2.6000000000e+01, 1.2000000000e+01, 1.2033333333e-01, 8.2946000000e+03
 1500627300, 5.5000000000e+01, 2.6000000000e+01, 1.2000000000e+01, 1.0116666667e-01, 8.2948766667e+03
 1500627600, 5.5000000000e+01, 2.6000000000e+01, 1.0633333333e+01, 9.6000000000e-02, 8.2954833333e+03
 1500627900, 5.5000000000e+01, 2.6000000000e+01, 1.0966666667e+01, 9.0333333333e-02, 8.2953166667e+03
 1500628200, 5.5000000000e+01, 2.6000000000e+01, 1.1433333333e+01, 9.0833333333e-02, 8.2951166667e+03
 1500628500, 5.5000000000e+01, 2.5833333333e+01, 1.0000000000e+01, 9.8833333333e-02, 8.2952833333e+03
 1500628800, 5.5000000000e+01, 2.4000000000e+01, 1.0000000000e+01, 9.5166666667e-02, 8.2952000000e+03
 1500629100, 5.5000000000e+01, 2.5766666667e+01, 1.0000000000e+01, 8.2000000000e-02, 8.2961666667e+03
 1500629400, 5.5000000000e+01, 2.4633333333e+01, 1.0000000000e+01, 8.0333333333e-02, 8.2974000000e+03
 1500629700, 5.5000000000e+01, 2.4966666667e+01, 1.0000000000e+01, 8.0500000000e-02, 8.2977166667e+03
 1500630000, 5.5000000000e+01, 2.6000000000e+01, 1.0566666667e+01, 8.3500000000e-02, 8.2960833333e+03
 1500630300, 5.5000000000e+01, 2.5833333333e+01, -nan, 6.8833333333e-02, 8.2966000000e+03
 1500630600, 5.5000000000e+01, 2.4000000000e+01, -nan, 7.7166666667e-02, -nan
 1500630900, -nan, 2.5766666667e+01, -nan, 6.0333333333e-02, -nan
 1500631200, -nan, -nan, -nan, 5.6000000000e-02, -nan
 1500631500, -nan, -nan, -nan, 5.8000000000e-02, -nan
 1500631800, -nan, -nan, -nan, 8.0166666667e-02, -nan
 1500632100, -nan, -nan, -nan, 9.9166666667e-02, -nan
 1500632400, -nan, -nan, -nan, 9.4833333333e-02, -nan
 1500632700, -nan, -nan, -nan, 8.6333333333e-02, -nan
 1500633000, -nan, -nan, -nan, -nan, -nan
 1500633300, -nan, -nan, -nan, -nan, -nan
 1500633600, -nan, -nan, -nan, -nan, -nan
 1500633900, -nan, -nan, -nan, -nan, -nan
 1500634200, -nan, -nan, -nan, -nan, -nan
 1500634500, -nan, -nan, -nan, -nan, -nan
 1500634800, -nan, -nan, -nan, -nan, -nan
