 Time, ttl_pwr, cpu_pwr, mem_pwr, cpu_load, mem_load
 1500448500, 5.0000000000e+01, 2.4000000000e+01, 1.0000000000e+01, 5.0000000000e-02, 6.7740000000e+03
 1500448800, 5.4550000000e+01, 2.4000000000e+01, 1.1820000000e+01, 5.2000000000e-02, 6.7745100000e+03
 1500449100, 5.1450000000e+01, 2.4000000000e+01, 1.0580000000e+01, 5.0000000000e-02, 6.7744000000e+03
 1500449400, 5.2550000000e+01, 2.4000000000e+01, 1.0000000000e+01, 5.0000000000e-02, 6.7748000000e+03
 1500449700, 5.5000000000e+01, 2.4000000000e+01, 1.0000000000e+01, 5.0000000000e-02, 6.7740900000e+03
 1500450000, 5.4450000000e+01, 2.4000000000e+01, 1.0000000000e+01, 5.0000000000e-02, 6.7740000000e+03
 1500450300, 5.0000000000e+01, 2.4000000000e+01, 1.0000000000e+01, 5.0000000000e-02, 6.7738000000e+03
 1500450600, 5.0000000000e+01, 2.4000000000e+01, 1.0000000000e+01, 5.0000000000e-02, 6.7742000000e+03
 1500450900, 5.0000000000e+01, 2.4000000000e+01, 1.0000000000e+01, 5.0000000000e-02, 6.7736000000e+03
 1500451200, 5.7650000000e+01, 2.8080000000e+01, 1.2040000000e+01, 5.0000000000e-02, 6.7743100000e+03
 1500451500, 6.1900000000e+01, 2.9520000000e+01, 1.2760000000e+01, 5.0000000000e-02, 6.7741800000e+03
 1500451800, 5.5000000000e+01, 2.4000000000e+01, 1.0000000000e+01, 5.0000000000e-02, 6.7737100000e+03
 1500452100, 5.5000000000e+01, 2.4000000000e+01, 1.0000000000e+01, 5.0000000000e-02, 6.7736000000e+03
 1500452400, 5.0450000000e+01, 2.4000000000e+01, 1.0000000000e+01, 5.0000000000e-02, 6.7747100000e+03
 1500452700, 5.0000000000e+01, 2.4000000000e+01, 1.0000000000e+01, 5.0000000000e-02, 6.7742900000e+03
 1500453000, 5.2550000000e+01, 2.4000000000e+01, 1.0000000000e+01, 5.0000000000e-02, 6.7740000000e+03
 1500453300, 5.3450000000e+01, 2.4000000000e+01, 1.0000000000e+01, 6.1100000000e-02, 6.7747100000e+03
 1500453600, 5.0000000000e+01, 2.4000000000e+01, 1.0000000000e+01, 5.2900000000e-02, 6.7742000000e+03
 1500453900, 5.0000000000e+01, 2.4000000000e+01, 1.0000000000e+01, 5.0000000000e-02, 6.7739800000e+03
 1500454200, 5.0000000000e+01, 2.4000000000e+01, 1.0000000000e+01, 5.0000000000e-02, 6.7739100000e+03
 1500454500, 5.3550000000e+01, 2.4000000000e+01, 1.0000000000e+01, 5.0000000000e-02, 6.7744000000e+03
 1500454800, 5.2450000000e+01, 2.4000000000e+01, 1.0000000000e+01, 5.0000000000e-02, 6.7744000000e+03
 1500455100, 5.1550000000e+01, 2.4000000000e+01, 1.0000000000e+01, 5.0000000000e-02, 6.7744000000e+03
 1500455400, 5.5000000000e+01, 2.4000000000e+01, 1.0000000000e+01, 5.1100000000e-02, 6.7734000000e+03
 1500455700, 5.5000000000e+01, 2.4000000000e+01, 1.0000000000e+01, 5.0900000000e-02, 6.7735100000e+03
 1500456000, 5.0450000000e+01, 2.4000000000e+01, 1.0000000000e+01, 5.0000000000e-02, 6.7746000000e+03
 1500456300, 5.0000000000e+01, 2.4000000000e+01, 1.0000000000e+01, 5.0000000000e-02, 6.7749100000e+03
 1500456600, 5.0000000000e+01, 2.4000000000e+01, 1.0000000000e+01, 5.3300000000e-02, 6.7757700000e+03
 1500456900, 5.7750000000e+01, 2.7720000000e+01, 1.3720000000e+01, 2.4900000000e-01, 6.7805600000e+03
 1500457200, 7.5000000000e+01, 3.6000000000e+01, 2.1780000000e+01, 4.8310000000e-01, 6.7799100000e+03
 1500457500, 7.5000000000e+01, 3.6000000000e+01, 2.0000000000e+01, 6.8256666667e-01, 6.7823233333e+03
 1500457800, 7.5000000000e+01, 3.6000000000e+01, 2.1820000000e+01, 8.0610000000e-01, 6.7822000000e+03
 1500458100, 7.5000000000e+01, 3.6000000000e+01, 2.2000000000e+01, 8.9860000000e-01, 6.7834200000e+03
 1500458400, 7.5000000000e+01, 3.6000000000e+01, 2.2000000000e+01, 9.6860000000e-01, 6.7832900000e+03
 1500458700, 7.5000000000e+01, 3.6000000000e+01, 2.2000000000e+01, 1.0275000000e+00, 6.7850000000e+03
 1500459000, 7.5000000000e+01, 3.6000000000e+01, 2.2000000000e+01, 1.0513000000e+00, 6.7833833333e+03
 1500459300, 7.5000000000e+01, 3.6000000000e+01, 2.2000000000e+01, 1.0620000000e+00, 6.7826200000e+03
 1500459600, 7.5000000000e+01, 3.4180000000e+01, 2.2000000000e+01, 1.1088000000e+00, 6.7830000000e+03
 1500459900, 7.5000000000e+01, 3.5420000000e+01, 2.3420000000e+01, 1.1571000000e+00, 6.7832000000e+03
 1500460200, 7.5000000000e+01, 3.6000000000e+01, 2.2980000000e+01, 1.1501000000e+00, 6.7807000000e+03
 1500460500, 6.8866666667e+01, 3.2933333333e+01, 1.8933333333e+01, 9.1533333333e-01, 6.7728866667e+03
 1500460800, 5.5000000000e+01, 2.5780000000e+01, 1.2000000000e+01, 6.7890000000e-01, 6.7731100000e+03
 1500461100, 5.5000000000e+01, 2.4000000000e+01, 1.2000000000e+01, 5.0150000000e-01, 6.7739100000e+03
 1500461400, 5.5000000000e+01, 2.4000000000e+01, 1.0180000000e+01, 3.6990000000e-01, 6.7772200000e+03
 1500461700, 5.5000000000e+01, 2.4000000000e+01, 1.0000000000e+01, 2.8630000000e-01, 6.7764900000e+03
 1500462000, 5.5000000000e+01, 2.4000000000e+01, 1.0000000000e+01, 2.2270000000e-01, 6.7765100000e+03
 1500462300, 5.3450000000e+01, 2.4000000000e+01, 1.0000000000e+01, 1.9160000000e-01, 6.7762900000e+03
 1500462600, 5.0550000000e+01, 2.4000000000e+01, 1.0000000000e+01, 1.5450000000e-01, 6.7762000000e+03
 1500462900, 5.5000000000e+01, 2.4000000000e+01, 1.0000000000e+01, 1.2380000000e-01, 6.7752900000e+03
 1500463200, 5.0450000000e+01, 2.4000000000e+01, 1.0000000000e+01, 9.9800000000e-02, 6.7759100000e+03
 1500463500, 5.0000000000e+01, 2.4000000000e+01, 1.0000000000e+01, 8.1800000000e-02, 6.7762000000e+03
 1500463800, 5.2550000000e+01, 2.4000000000e+01, 1.0000000000e+01, 5.9800000000e-02, 6.7768200000e+03
 1500464100, 6.1200000000e+01, 2.7720000000e+01, 1.4340000000e+01, 5.0000000000e-02, 6.7765800000e+03
 1500464400, 7.2800000000e+01, 3.4680000000e+01, 2.2460000000e+01, 5.1100000000e-02, 6.7762000000e+03
 1500464700, 5.5000000000e+01, 2.4000000000e+01, 1.0000000000e+01, 5.2900000000e-02, 6.7760000000e+03
 1500465000, 5.5000000000e+01, 2.4000000000e+01, 1.0000000000e+01, 5.2000000000e-02, 6.7760000000e+03
 1500465300, 5.1450000000e+01, 2.4000000000e+01, 1.0000000000e+01, 5.0000000000e-02, 6.7767100000e+03
 1500465600, 5.0000000000e+01, 2.4000000000e+01, 1.0000000000e+01, 5.0000000000e-02, 6.7764000000e+03
 1500465900, 5.0000000000e+01, 2.4000000000e+01, 1.0000000000e+01, 7.2400000000e-02, 6.7762900000e+03
 1500466200, 5.0000000000e+01, 2.4000000000e+01, 1.0000000000e+01, 9.5100000000e-02, 6.7762000000e+03
 1500466500, 5.0000000000e+01, 2.4000000000e+01, 1.0000000000e+01, 9.1800000000e-02, 6.7771100000e+03
 1500466800, 5.0000000000e+01, 2.4000000000e+01, 1.0000000000e+01, 7.6900000000e-02, 6.7778000000e+03
 1500467100, 5.0000000000e+01, 2.4000000000e+01, 1.0000000000e+01, 5.9800000000e-02, 6.7767100000e+03
 1500467400, 5.2550000000e+01, 2.4000000000e+01, 1.0000000000e+01, 5.2000000000e-02, 6.7774900000e+03
 1500467700, 5.5000000000e+01, 2.4000000000e+01, 1.0000000000e+01, 5.0000000000e-02, 6.7767100000e+03
 1500468000, 5.4450000000e+01, 2.4000000000e+01, 1.0000000000e+01, 5.0000000000e-02, 6.7767800000e+03
 1500468300, 5.0000000000e+01, 2.4000000000e+01, 1.0000000000e+01, 5.0000000000e-02, 6.7769100000e+03
 1500468600, 5.4550000000e+01, 2.4000000000e+01, 1.0000000000e+01, 5.0000000000e-02, 6.7777100000e+03
 1500468900, 5.1450000000e+01, 2.4000000000e+01, 1.0000000000e+01, 5.0000000000e-02, 6.7769800000e+03
 1500469200, 5.2550000000e+01, 2.4000000000e+01, 1.0000000000e+01, 5.0000000000e-02, 6.7766200000e+03
 1500469500, 5.3466666667e+01, 2.4000000000e+01, 1.0000000000e+01, 5.0000000000e-02, 6.7774000000e+03
 1500469800, 5.0550000000e+01, 2.4000000000e+01, 1.0000000000e+01, 5.0000000000e-02, 6.7770900000e+03
 1500470100, 5.5000000000e+01, 2.4000000000e+01, 1.0000000000e+01, 5.0000000000e-02, 6.7766900000e+03
 1500470400, 5.0450000000e+01, 2.4000000000e+01, 1.0000000000e+01, 5.0000000000e-02, 6.7774200000e+03
 1500470700, 5.0000000000e+01, 2.4000000000e+01, 1.0000000000e+01, 5.0000000000e-02, 6.7776000000e+03
 1500471000, 5.0000000000e+01, 2.4000000000e+01, 1.0000000000e+01, 5.0000000000e-02, 6.7770900000e+03
 1500471300, 5.0000000000e+01, 2.4000000000e+01, 1.0000000000e+01, 5.0000000000e-02, 6.7770000000e+03
 1500471600, 5.0000000000e+01, 2.4000000000e+01, 1.0000000000e+01, 5.0000000000e-02, 6.7770000000e+03
 1500471900, 5.0000000000e+01, 2.4000000000e+01, 1.0000000000e+01, 5.1100000000e-02, 6.7772000000e+03
 1500472200, 5.0000000000e+01, 2.4000000000e+01, 1.0000000000e+01, 6.4000000000e-02, 6.7760900000e+03
 1500472500, 5.0000000000e+01, 2.4000000000e+01, 1.0000000000e+01, 7.1100000000e-02, 6.7770000000e+03
 1500472800, 5.0000000000e+01, 2.4000000000e+01, 1.0000000000e+01, 5.7800000000e-02, 6.7764200000e+03
 1500473100, 5.1550000000e+01, 2.4000000000e+01, 1.0000000000e+01, 5.0000000000e-02, 6.7776900000e+03
 1500473400, 5.4450000000e+01, 2.4000000000e+01, 1.0000000000e+01, 5.1100000000e-02, 6.7775100000e+03
 1500473700, 5.0000000000e+01, 2.4000000000e+01, 1.0000000000e+01, 7.0000000000e-02, 6.7774000000e+03
 1500474000, 5.0000000000e+01, 2.4000000000e+01, 1.0000000000e+01, 5.2900000000e-02, 6.7776000000e+03
 1500474300, 5.0000000000e+01, 2.4000000000e+01, 1.0000000000e+01, 5.0000000000e-02, 6.7776700000e+03
 1500474600, 5.0000000000e+01, 2.4000000000e+01, 1.0000000000e+01, 5.0000000000e-02, 6.7763300000e+03
 1500474900, 5.0000000000e+01, 2.4000000000e+01, 1.0000000000e+01, 5.0000000000e-02, 6.7771800000e+03
 1500475200, 5.0550000000e+01, 2.4000000000e+01, 1.0000000000e+01, 5.0000000000e-02, 6.7768000000e+03
 1500475500, 5.5000000000e+01, 2.4000000000e+01, 1.0000000000e+01, 5.0000000000e-02, 6.7774200000e+03
 1500475800, 5.5000000000e+01, 2.4000000000e+01, 1.0000000000e+01, 5.0000000000e-02, 6.7782000000e+03
 1500476100, 5.5000000000e+01, 2.4000000000e+01, 1.1420000000e+01, 5.0000000000e-02, 6.7776000000e+03
 1500476400, 5.2450000000e+01, 2.4000000000e+01, 1.0980000000e+01, 5.0000000000e-02, 6.7774900000e+03
 1500476700, 5.0000000000e+01, 2.4000000000e+01, 1.0000000000e+01, 5.0000000000e-02, 6.7768000000e+03
 1500477000, 5.0550000000e+01, 2.4000000000e+01, 1.0220000000e+01, 5.0000000000e-02, 6.7770000000e+03
 1500477300, 5.5000000000e+01, 2.4000000000e+01, 1.2000000000e+01, 5.5100000000e-02, 6.7774000000e+03
 1500477600, 5.0450000000e+01, 2.4000000000e+01, 1.0180000000e+01, 6.0900000000e-02, 6.7776000000e+03
 1500477900, 5.3550000000e+01, 2.5420000000e+01, 1.0000000000e+01, 5.0000000000e-02, 6.7771100000e+03
 1500478200, 5.2450000000e+01, 2.4980000000e+01, 1.0000000000e+01, 5.6200000000e-02, 6.7788200000e+03
 1500478500, 5.0000000000e+01, 2.4000000000e+01, 1.0000000000e+01, 7.3100000000e-02, 6.7780700000e+03
 1500478800, 5.0550000000e+01, 2.4220000000e+01, 1.0220000000e+01, 8.7100000000e-02, 6.7768900000e+03
 1500479100, 5.5000000000e+01, 2.6000000000e+01, 1.2000000000e+01, 7.5800000000e-02, 6.7776200000e+03
 1500479400, 5.5000000000e+01, 2.4180000000e+01, 1.0180000000e+01, 7.0900000000e-02, 6.7780000000e+03
 1500479700, 5.1450000000e+01, 2.4000000000e+01, 1.0000000000e+01, 6.6000000000e-02, 6.7794000000e+03
 1500480000, 5.0000000000e+01, 2.4000000000e+01, 1.0000000000e+01, 5.2900000000e-02, 6.7776000000e+03
 1500480300, 5.1550000000e+01, 2.4000000000e+01, 1.0000000000e+01, 5.4000000000e-02, 6.7774900000e+03
 1500480600, 5.5000000000e+01, 2.4000000000e+01, 1.0000000000e+01, 5.2000000000e-02, 6.7778000000e+03
 1500480900, 5.5000000000e+01, 2.4000000000e+01, 1.0000000000e+01, 5.0000000000e-02, 6.7769100000e+03
 1500481200, 5.0450000000e+01, 2.4000000000e+01, 1.0000000000e+01, 5.0000000000e-02, 6.7770000000e+03
 1500481500, 5.0000000000e+01, 2.4000000000e+01, 1.0000000000e+01, 5.0000000000e-02, 6.7774900000e+03
 1500481800, 5.2550000000e+01, 2.4000000000e+01, 1.0000000000e+01, 5.0000000000e-02, 6.7777100000e+03
 1500482100, 5.5000000000e+01, 2.4000000000e+01, 1.0000000000e+01, 5.0000000000e-02, 6.7776000000e+03
 1500482400, 5.4450000000e+01, 2.4000000000e+01, 1.0000000000e+01, 5.0000000000e-02, 6.7772900000e+03
 1500482700, 5.0000000000e+01, 2.4000000000e+01, 1.0000000000e+01, 5.0000000000e-02, 6.7768933333e+03
 1500483000, 5.0000000000e+01, 2.4000000000e+01, 1.0000000000e+01, 5.0000000000e-02, 6.7768200000e+03
 1500483300, 5.0000000000e+01, 2.4000000000e+01, 1.0000000000e+01, 5.0000000000e-02, 6.7777100000e+03
 1500483600, 5.2550000000e+01, 2.4000000000e+01, 1.0000000000e+01, 5.0000000000e-02, 6.7776900000e+03
 1500483900, 5.5000000000e+01, 2.4000000000e+01, 1.0000000000e+01, 5.0000000000e-02, 6.7774900000e+03
 1500484200, 5.4450000000e+01, 2.4000000000e+01, 1.0000000000e+01, 5.0000000000e-02, 6.7772000000e+03
 1500484500, 5.0000000000e+01, 2.4000000000e+01, 1.0000000000e+01, 5.5100000000e-02, 6.7781100000e+03
 1500484800, 5.0000000000e+01, 2.4000000000e+01, 1.0000000000e+01, 5.4900000000e-02, 6.7772900000e+03
 1500485100, 5.3550000000e+01, 2.4000000000e+01, 1.0000000000e+01, 5.0000000000e-02, 6.7772000000e+03
 1500485400, 5.5000000000e+01, 2.4000000000e+01, 1.0000000000e+01, 5.7100000000e-02, 6.7775100000e+03
 1500485700, 5.5000000000e+01, 2.4000000000e+01, 1.0000000000e+01, 5.2900000000e-02, 6.7776000000e+03
 1500486000, 5.4450000000e+01, 2.4000000000e+01, 1.0000000000e+01, 5.0000000000e-02, 6.7766900000e+03
 1500486300, 5.0000000000e+01, 2.4000000000e+01, 1.0000000000e+01, 5.4000000000e-02, 6.7772000000e+03
 1500486600, 5.4550000000e+01, 2.4000000000e+01, 1.0000000000e+01, 5.0000000000e-02, 6.7776000000e+03
 1500486900, 5.1450000000e+01, 2.4000000000e+01, 1.0000000000e+01, 5.0000000000e-02, 6.7765100000e+03
 1500487200, 5.0000000000e+01, 2.4000000000e+01, 1.0000000000e+01, 5.0000000000e-02, 6.7776000000e+03
 1500487500, 5.1550000000e+01, 2.4000000000e+01, 1.0000000000e+01, 5.0000000000e-02, 6.7776900000e+03
 1500487800, 5.4450000000e+01, 2.4000000000e+01, 1.0000000000e+01, 5.0000000000e-02, 6.7762000000e+03
 1500488100, 5.0000000000e+01, 2.4000000000e+01, 1.0000000000e+01, 5.0000000000e-02, 6.7764000000e+03
 1500488400, 5.0000000000e+01, 2.4000000000e+01, 1.0000000000e+01, 5.0000000000e-02, 6.7757800000e+03
 1500488700, 5.0000000000e+01, 2.4000000000e+01, 1.0000000000e+01, 5.0000000000e-02, 6.7757100000e+03
 1500489000, 5.2550000000e+01, 2.4000000000e+01, 1.0000000000e+01, 5.2000000000e-02, 6.7754000000e+03
 1500489300, 5.3450000000e+01, 2.4000000000e+01, 1.0000000000e+01, 5.0000000000e-02, 6.7754000000e+03
 1500489600, 5.0000000000e+01, 2.4000000000e+01, 1.0000000000e+01, 5.0000000000e-02, 6.7750900000e+03
 1500489900, 5.0000000000e+01, 2.4000000000e+01, 1.0000000000e+01, 5.0000000000e-02, 6.7748000000e+03
 1500490200, 5.0000000000e+01, 2.4000000000e+01, 1.0000000000e+01, 5.0000000000e-02, 6.7755100000e+03
 1500490500, 5.3550000000e+01, 2.4000000000e+01, 1.0000000000e+01, 5.0000000000e-02, 6.7750900000e+03
 1500490800, 5.5000000000e+01, 2.4000000000e+01, 1.0000000000e+01, 6.2200000000e-02, 6.7755100000e+03
 1500491100, 5.5000000000e+01, 2.4000000000e+01, 1.0620000000e+01, 8.1100000000e-02, 6.7752900000e+03
 1500491400, 5.5000000000e+01, 2.4220000000e+01, 1.2000000000e+01, 9.0000000000e-02, 6.7755100000e+03
 1500491700, 5.5000000000e+01, 2.6000000000e+01, 1.2000000000e+01, 7.4900000000e-02, 6.7758000000e+03
 1500492000, 5.5000000000e+01, 2.4180000000e+01, 1.0180000000e+01, 7.6000000000e-02, 6.7764900000e+03
 1500492300, 5.5000000000e+01, 2.4000000000e+01, 1.1420000000e+01, 6.8000000000e-02, 6.7750000000e+03
 1500492600, 5.5000000000e+01, 2.4000000000e+01, 1.2000000000e+01, 5.6900000000e-02, 6.7751100000e+03
 1500492900, 5.5000000000e+01, 2.4620000000e+01, 1.2000000000e+01, 5.2900000000e-02, 6.7752900000e+03
 1500493200, 5.5000000000e+01, 2.5780000000e+01, 1.1780000000e+01, 5.0000000000e-02, 6.7753100000e+03
 1500493500, 5.5000000000e+01, 2.4000000000e+01, 1.0000000000e+01, 5.0000000000e-02, 6.7769100000e+03
 1500493800, 5.0450000000e+01, 2.4000000000e+01, 1.0000000000e+01, 5.0000000000e-02, 6.7768000000e+03
 1500494100, 5.0000000000e+01, 2.4000000000e+01, 1.0000000000e+01, 5.0000000000e-02, 6.7769800000e+03
 1500494400, 5.0000000000e+01, 2.4000000000e+01, 1.0000000000e+01, 5.0000000000e-02, 6.7760200000e+03
 1500494700, 5.1550000000e+01, 2.4000000000e+01, 1.0000000000e+01, 5.0000000000e-02, 6.7776900000e+03
 1500495000, 5.5000000000e+01, 2.4000000000e+01, 1.0000000000e+01, 5.0000000000e-02, 6.7759100000e+03
 1500495300, 5.5000000000e+01, 2.4000000000e+01, 1.0000000000e+01, 5.0000000000e-02, 6.7769100000e+03
 1500495600, 5.0450000000e+01, 2.4000000000e+01, 1.0000000000e+01, 5.0000000000e-02, 6.7767800000e+03
 1500495900, 5.0000000000e+01, 2.4000000000e+01, 1.0000000000e+01, 5.0000000000e-02, 6.7758000000e+03
 1500496200, 5.0000000000e+01, 2.4000000000e+01, 1.0000000000e+01, 5.0000000000e-02, 6.7759100000e+03
 1500496500, 5.1550000000e+01, 2.4000000000e+01, 1.0000000000e+01, 5.0000000000e-02, 6.7764900000e+03
 1500496800, 5.5000000000e+01, 2.4000000000e+01, 1.0000000000e+01, 5.0000000000e-02, 6.7769100000e+03
 1500497100, 5.5000000000e+01, 2.4000000000e+01, 1.0000000000e+01, 5.7100000000e-02, 6.7764000000e+03
 1500497400, 5.5000000000e+01, 2.4000000000e+01, 1.0000000000e+01, 5.6000000000e-02, 6.7768900000e+03
 1500497700, 5.5000000000e+01, 2.4000000000e+01, 1.0000000000e+01, 6.4000000000e-02, 6.7764000000e+03
 1500498000, 5.5000000000e+01, 2.4000000000e+01, 1.0000000000e+01, 5.9100000000e-02, 6.7762000000e+03
 1500498300, 5.3450000000e+01, 2.4000000000e+01, 1.0000000000e+01, 6.0900000000e-02, 6.7765100000e+03
 1500498600, 5.0550000000e+01, 2.4000000000e+01, 1.0000000000e+01, 6.4000000000e-02, 6.7760900000e+03
 1500498900, 5.5000000000e+01, 2.4000000000e+01, 1.0000000000e+01, 5.2900000000e-02, 6.7762000000e+03
 1500499200, 5.5000000000e+01, 2.4000000000e+01, 1.0000000000e+01, 5.2000000000e-02, 6.7763100000e+03
 1500499500, 5.5000000000e+01, 2.5420000000e+01, 1.0000000000e+01, 5.0000000000e-02, 6.7764900000e+03
 1500499800, 5.5000000000e+01, 2.4980000000e+01, 1.0000000000e+01, 5.0000000000e-02, 6.7766200000e+03
 1500500100, 5.5000000000e+01, 2.4000000000e+01, 1.0000000000e+01, 5.0000000000e-02, 6.7767800000e+03
 1500500400, 5.5000000000e+01, 2.4220000000e+01, 1.0220000000e+01, 5.0000000000e-02, 6.7763100000e+03
 1500500700, 5.5000000000e+01, 2.6000000000e+01, 1.2000000000e+01, 5.0000000000e-02, 6.7766900000e+03
 1500501000, 5.5000000000e+01, 2.4180000000e+01, 1.0180000000e+01, 5.0000000000e-02, 6.7767300000e+03
 1500501300, 5.5000000000e+01, 2.4000000000e+01, 1.0000000000e+01, 5.0000000000e-02, 6.7787800000e+03
 1500501600, 5.5000000000e+01, 2.4000000000e+01, 1.0000000000e+01, 5.0000000000e-02, 6.7773100000e+03
 1500501900, 5.5000000000e+01, 2.4000000000e+01, 1.0000000000e+01, 5.0000000000e-02, 6.7772900000e+03
 1500502200, 5.5000000000e+01, 2.4000000000e+01, 1.0000000000e+01, 5.0000000000e-02, 6.7774000000e+03
 1500502500, 5.5000000000e+01, 2.4000000000e+01, 1.0000000000e+01, 5.0000000000e-02, 6.7764900000e+03
 1500502800, 5.5000000000e+01, 2.4000000000e+01, 1.0000000000e+01, 5.0000000000e-02, 6.7764200000e+03
 1500503100, 5.5000000000e+01, 2.4000000000e+01, 1.0000000000e+01, 5.0000000000e-02, 6.7762900000e+03
 1500503400, 5.5000000000e+01, 2.4000000000e+01, 1.1020000000e+01, 5.8000000000e-02, 6.7761800000e+03
 1500503700, 5.5000000000e+01, 2.4000000000e+01, 1.2000000000e+01, 6.4200000000e-02, 6.7762200000e+03
 1500504000, 5.5000000000e+01, 2.4000000000e+01, 1.1780000000e+01, 7.5100000000e-02, 6.7764000000e+03
 1500504300, 5.5000000000e+01, 2.4000000000e+01, 1.0000000000e+01, 7.0900000000e-02, 6.7764000000e+03
 1500504600, 5.0450000000e+01, 2.4000000000e+01, 1.0000000000e+01, 6.4000000000e-02, 6.7774000000e+03
 1500504900, 5.3550000000e+01, 2.4000000000e+01, 1.0000000000e+01, 6.0900000000e-02, 6.7772000000e+03
 1500505200, 5.5000000000e+01, 2.4000000000e+01, 1.0000000000e+01, 5.0900000000e-02, 6.7768000000e+03
 1500505500, 5.5000000000e+01, 2.4000000000e+01, 1.0000000000e+01, 5.0000000000e-02, 6.7770000000e+03
 1500505800, 5.5000000000e+01, 2.4220000000e+01, 1.0220000000e+01, 5.0000000000e-02, 6.7760000000e+03
 1500506100, 5.5000000000e+01, 2.6000000000e+01, 1.2000000000e+01, 5.0000000000e-02, 6.7768000000e+03
 1500506400, 5.5000000000e+01, 2.4180000000e+01, 1.2000000000e+01, 5.0000000000e-02, 6.7778000000e+03
 1500506700, 5.5000000000e+01, 2.4000000000e+01, 1.0580000000e+01, 5.0000000000e-02, 6.7770000000e+03
 1500507000, 5.5000000000e+01, 2.4000000000e+01, 1.0000000000e+01, 5.0000000000e-02, 6.7777100000e+03
 1500507300, 5.5000000000e+01, 2.4000000000e+01, 1.0000000000e+01, 5.0000000000e-02, 6.7774900000e+03
 1500507600, 5.5000000000e+01, 2.4000000000e+01, 1.0220000000e+01, 5.0000000000e-02, 6.7769100000e+03
 1500507900, 5.5000000000e+01, 2.4000000000e+01, 1.2000000000e+01, 5.0000000000e-02, 6.7774900000e+03
 1500508200, 5.5000000000e+01, 2.4000000000e+01, 1.2000000000e+01, 5.0000000000e-02, 6.7770000000e+03
 1500508500, 5.5000000000e+01, 2.4000000000e+01, 1.2000000000e+01, 5.0000000000e-02, 6.7773100000e+03
 1500508800, 5.5000000000e+01, 2.5020000000e+01, 1.2000000000e+01, 5.0000000000e-02, 6.7774000000e+03
 1500509100, 5.5000000000e+01, 2.5380000000e+01, 1.2000000000e+01, 5.0000000000e-02, 6.7778000000e+03
 1500509400, 5.5000000000e+01, 2.4000000000e+01, 1.1780000000e+01, 5.1100000000e-02, 6.7778700000e+03
 1500509700, 5.5000000000e+01, 2.4000000000e+01, 1.0000000000e+01, 7.3066666667e-02, 6.7765066667e+03
 1500510000, 5.5000000000e+01, 2.4000000000e+01, 1.0000000000e+01, 8.2200000000e-02, 6.7768200000e+03
 1500510300, 5.1450000000e+01, 2.4000000000e+01, 1.0000000000e+01, 1.0420000000e-01, 6.7782900000e+03
 1500510600, 5.2550000000e+01, 2.4000000000e+01, 1.0000000000e+01, 1.0290000000e-01, 6.7776000000e+03
 1500510900, 5.5000000000e+01, 2.4000000000e+01, 1.0000000000e+01, 8.6700000000e-02, 6.7766000000e+03
 1500511200, 5.5000000000e+01, 2.4000000000e+01, 1.0000000000e+01, 5.9800000000e-02, 6.7761800000e+03
 1500511500, 5.5000000000e+01, 2.4000000000e+01, 1.0000000000e+01, 5.0000000000e-02, 6.7772400000e+03
 1500511800, 5.5000000000e+01, 2.5820000000e+01, 1.1820000000e+01, 5.0000000000e-02, 6.7776700000e+03
 1500512100, 5.5000000000e+01, 2.4580000000e+01, 1.0580000000e+01, 5.0000000000e-02, 6.7766000000e+03
 1500512400, 5.5000000000e+01, 2.4000000000e+01, 1.0000000000e+01, 5.0000000000e-02, 6.7765100000e+03
 1500512700, 5.5000000000e+01, 2.4000000000e+01, 1.0000000000e+01, 5.0000000000e-02, 6.7769100000e+03
 1500513000, 5.5000000000e+01, 2.4000000000e+01, 1.0000000000e+01, 5.0000000000e-02, 6.7774000000e+03
 1500513300, 5.5000000000e+01, 2.4000000000e+01, 1.0000000000e+01, 5.0000000000e-02, 6.7772900000e+03
 1500513600, 5.5000000000e+01, 2.4000000000e+01, 1.0000000000e+01, 5.0000000000e-02, 6.7775100000e+03
 1500513900, 5.5000000000e+01, 2.4000000000e+01, 1.0000000000e+01, 5.0000000000e-02, 6.7778900000e+03
 1500514200, 5.5000000000e+01, 2.4000000000e+01, 1.0000000000e+01, 5.0000000000e-02, 6.7768000000e+03
 1500514500, 5.5000000000e+01, 2.4000000000e+01, 1.0000000000e+01, 5.0000000000e-02, 6.7762900000e+03
 1500514800, 5.5000000000e+01, 2.4000000000e+01, 1.0000000000e+01, 5.0000000000e-02, 6.7759100000e+03
 1500515100, 5.5000000000e+01, 2.4000000000e+01, 1.0000000000e+01, 5.0000000000e-02, 6.7764900000e+03
 1500515400, 5.5000000000e+01, 2.4000000000e+01, 1.0000000000e+01, 5.0000000000e-02, 6.7777100000e+03
 1500515700, 5.5000000000e+01, 2.4000000000e+01, 1.0000000000e+01, 5.2200000000e-02, 6.7776000000e+03
 1500516000, 5.5000000000e+01, 2.4000000000e+01, 1.0000000000e+01, 8.0200000000e-02, 6.7780200000e+03
 1500516300, 5.5000000000e+01, 2.4620000000e+01, 1.0620000000e+01, 8.4900000000e-02, 6.7771800000e+03
 1500516600, 5.5000000000e+01, 2.5780000000e+01, 1.1780000000e+01, 8.0000000000e-02, 6.7768000000e+03
 1500516900, 5.5000000000e+01, 2.4000000000e+01, 1.0000000000e+01, 6.0700000000e-02, 6.7759800000e+03
 1500517200, 5.5000000000e+01, 2.4000000000e+01, 1.0000000000e+01, 5.0000000000e-02, 6.7756000000e+03
 1500517500, 5.5000000000e+01, 2.4000000000e+01, 1.0000000000e+01, 5.0000000000e-02, 6.7757100000e+03
 1500517800, 5.2450000000e+01, 2.4000000000e+01, 1.0000000000e+01, 5.0000000000e-02, 6.7760200000e+03
 1500518100, 5.1550000000e+01, 2.4000000000e+01, 1.0000000000e+01, 5.0000000000e-02, 6.7768900000e+03
 1500518400, 5.5000000000e+01, 2.4000000000e+01, 1.0000000000e+01, 5.0000000000e-02, 6.7760900000e+03
 1500518700, 5.5000000000e+01, 2.4000000000e+01, 1.0000000000e+01, 5.0000000000e-02, 6.7763100000e+03
 1500519000, 5.9550000000e+01, 2.4000000000e+01, 1.3640000000e+01, 5.0000000000e-02, 6.7758000000e+03
 1500519300, 5.6450000000e+01, 2.4000000000e+01, 1.2580000000e+01, 5.0000000000e-02, 6.7762000000e+03
 1500519600, 5.5000000000e+01, 2.4000000000e+01, 1.0980000000e+01, 5.0000000000e-02, 6.7767100000e+03
 1500519900, 5.5000000000e+01, 2.4000000000e+01, 1.0000000000e+01, 5.0000000000e-02, 6.7769800000e+03
 1500520200, 5.5000000000e+01, 2.4000000000e+01, 1.0000000000e+01, 5.0000000000e-02, 6.7772200000e+03
 1500520500, 5.5000000000e+01, 2.4000000000e+01, 1.0000000000e+01, 5.0000000000e-02, 6.7778000000e+03
 1500520800, 5.5000000000e+01, 2.4000000000e+01, 1.0000000000e+01, 5.0000000000e-02, 6.7782000000e+03
 1500521100, 5.5000000000e+01, 2.4000000000e+01, 1.1420000000e+01, 5.0000000000e-02, 6.7773800000e+03
 1500521400, 5.5000000000e+01, 2.4000000000e+01, 1.2000000000e+01, 5.0000000000e-02, 6.7771100000e+03
 1500521700, 5.5000000000e+01, 2.4000000000e+01, 1.1380000000e+01, 5.0000000000e-02, 6.7775100000e+03
 1500522000, 5.5000000000e+01, 2.4000000000e+01, 1.0000000000e+01, 5.3100000000e-02, 6.7763800000e+03
 1500522300, 5.5000000000e+01, 2.4000000000e+01, 1.0000000000e+01, 6.1100000000e-02, 6.7763100000e+03
 1500522600, 5.5000000000e+01, 2.4000000000e+01, 1.0000000000e+01, 5.9800000000e-02, 6.7758900000e+03
 1500522900, 5.5000000000e+01, 2.4000000000e+01, 1.0000000000e+01, 5.0000000000e-02, 6.7781300000e+03
 1500523200, 5.5000000000e+01, 2.4000000000e+01, 1.1020000000e+01, 5.0000000000e-02, 6.7784900000e+03
 1500523500, 5.5000000000e+01, 2.4000000000e+01, 1.1380000000e+01, 5.0000000000e-02, 6.7778900000e+03
 1500523800, 5.5000000000e+01, 2.4000000000e+01, 1.0000000000e+01, 5.0000000000e-02, 6.7774000000e+03
 1500524100, 5.5000000000e+01, 2.4000000000e+01, 1.0000000000e+01, 5.0000000000e-02, 6.7778200000e+03
 1500524400, 5.5000000000e+01, 2.4000000000e+01, 1.1820000000e+01, 5.0000000000e-02, 6.7776700000e+03
 1500524700, 5.5000000000e+01, 2.4000000000e+01, 1.0580000000e+01, 5.0000000000e-02, 6.7760900000e+03
 1500525000, 5.5000000000e+01, 2.4000000000e+01, 1.0000000000e+01, 5.0000000000e-02, 6.7765100000e+03
 1500525300, 5.5000000000e+01, 2.4000000000e+01, 1.0000000000e+01, 5.0000000000e-02, 6.7762000000e+03
 1500525600, 5.5000000000e+01, 2.4000000000e+01, 1.0220000000e+01, 5.0000000000e-02, 6.7764200000e+03
 1500525900, 5.5000000000e+01, 2.4000000000e+01, 1.2000000000e+01, 5.0000000000e-02, 6.7772000000e+03
 1500526200, 5.5000000000e+01, 2.4000000000e+01, 1.0180000000e+01, 5.2000000000e-02, 6.7774000000e+03
 1500526500, 5.5000000000e+01, 2.4000000000e+01, 1.0000000000e+01, 5.2000000000e-02, 6.7774900000e+03
 1500526800, 5.5000000000e+01, 2.4000000000e+01, 1.0000000000e+01, 5.0000000000e-02, 6.7772200000e+03
 1500527100, 5.3450000000e+01, 2.4000000000e+01, 1.0000000000e+01, 5.0000000000e-02, 6.7780900000e+03
 1500527400, 5.0000000000e+01, 2.4000000000e+01, 1.0000000000e+01, 5.0000000000e-02, 6.7778900000e+03
 1500527700, 5.0000000000e+01, 2.4000000000e+01, 1.0000000000e+01, 5.0000000000e-02, 6.7782000000e+03
 1500528000, 5.0000000000e+01, 2.4000000000e+01, 1.0000000000e+01, 5.0000000000e-02, 6.7780000000e+03
 1500528300, 5.0000000000e+01, 2.4000000000e+01, 1.0000000000e+01, 6.1300000000e-02, 6.7764000000e+03
 1500528600, 5.0000000000e+01, 2.4000000000e+01, 1.0000000000e+01, 8.0000000000e-02, 6.7762000000e+03
 1500528900, 5.1550000000e+01, 2.4000000000e+01, 1.0000000000e+01, 8.7100000000e-02, 6.7768900000e+03
 1500529200, 5.5000000000e+01, 2.4000000000e+01, 1.0000000000e+01, 7.3800000000e-02, 6.7762000000e+03
 1500529500, 5.5000000000e+01, 2.4000000000e+01, 1.0000000000e+01, 5.5800000000e-02, 6.7775100000e+03
 1500529800, 5.0450000000e+01, 2.4000000000e+01, 1.0000000000e+01, 5.0000000000e-02, 6.7776000000e+03
 1500530100, 5.3550000000e+01, 2.4000000000e+01, 1.0000000000e+01, 5.0000000000e-02, 6.7770000000e+03
 1500530400, 5.5000000000e+01, 2.4000000000e+01, 1.0000000000e+01, 5.0000000000e-02, 6.7771100000e+03
 1500530700, 5.3450000000e+01, 2.4000000000e+01, 1.0000000000e+01, 5.0000000000e-02, 6.7772000000e+03
 1500531000, 5.0000000000e+01, 2.4000000000e+01, 1.0000000000e+01, 5.0000000000e-02, 6.7778900000e+03
 1500531300, 5.0000000000e+01, 2.4000000000e+01, 1.0000000000e+01, 5.0000000000e-02, 6.7786200000e+03
 1500531600, 5.0000000000e+01, 2.4000000000e+01, 1.0000000000e+01, 5.0000000000e-02, 6.7782933333e+03
 1500531900, 5.0000000000e+01, 2.4000000000e+01, 1.0000000000e+01, 5.0000000000e-02, 6.7778900000e+03
 1500532200, 5.0000000000e+01, 2.4000000000e+01, 1.0000000000e+01, 5.0000000000e-02, 6.7787300000e+03
 1500532500, 5.1550000000e+01, 2.4000000000e+01, 1.0620000000e+01, 5.0000000000e-02, 6.7783800000e+03
 1500532800, 5.5000000000e+01, 2.4000000000e+01, 1.1780000000e+01, 5.0000000000e-02, 6.7782000000e+03
 1500533100, 5.5000000000e+01, 2.4000000000e+01, 1.0000000000e+01, 5.0000000000e-02, 6.7782000000e+03
 1500533400, 5.5000000000e+01, 2.4000000000e+01, 1.1820000000e+01, 5.0000000000e-02, 6.7779800000e+03
 1500533700, 5.5000000000e+01, 2.4000000000e+01, 1.0580000000e+01, 5.0000000000e-02, 6.7778200000e+03
 1500534000, 5.2450000000e+01, 2.4000000000e+01, 1.0000000000e+01, 5.0000000000e-02, 6.7783100000e+03
 1500534300, 5.0000000000e+01, 2.4000000000e+01, 1.0000000000e+01, 5.0000000000e-02, 6.7780900000e+03
 1500534600, 5.0550000000e+01, 2.4000000000e+01, 1.0000000000e+01, 5.0000000000e-02, 6.7776900000e+03
 1500534900, 5.5000000000e+01, 2.4000000000e+01, 1.0000000000e+01, 5.0000000000e-02, 6.7773100000e+03
 1500535200, 5.0450000000e+01, 2.4000000000e+01, 1.0000000000e+01, 5.5100000000e-02, 6.7772900000e+03
 1500535500, 5.0000000000e+01, 2.4000000000e+01, 1.0000000000e+01, 5.6900000000e-02, 6.7772000000e+03
 1500535800, 5.2550000000e+01, 2.4000000000e+01, 1.0000000000e+01, 5.6000000000e-02, 6.7771100000e+03
 1500536100, 5.5000000000e+01, 2.4000000000e+01, 1.0000000000e+01, 5.0000000000e-02, 6.7778000000e+03
 1500536400, 5.4450000000e+01, 2.4000000000e+01, 1.0000000000e+01, 5.0000000000e-02, 6.7778000000e+03
 1500536700, 5.0000000000e+01, 2.4000000000e+01, 1.0000000000e+01, 5.0000000000e-02, 6.7780000000e+03
 1500537000, 5.0000000000e+01, 2.4000000000e+01, 1.0000000000e+01, 5.0000000000e-02, 6.7776900000e+03
 1500537300, 5.0000000000e+01, 2.4000000000e+01, 1.0000000000e+01, 5.0000000000e-02, 6.7786200000e+03
 1500537600, 5.2550000000e+01, 2.4000000000e+01, 1.0000000000e+01, 5.0000000000e-02, 6.7795100000e+03
 1500537900, 5.5000000000e+01, 2.4000000000e+01, 1.0000000000e+01, 5.0000000000e-02, 6.7799100000e+03
 1500538200, 5.5000000000e+01, 2.4000000000e+01, 1.0220000000e+01, 5.0000000000e-02, 6.7796900000e+03
 1500538500, 5.5000000000e+01, 2.4000000000e+01, 1.2000000000e+01, 5.0000000000e-02, 6.7798000000e+03
 1500538800, 5.5000000000e+01, 2.5820000000e+01, 1.2000000000e+01, 5.0000000000e-02, 6.7790900000e+03
 1500539100, 5.5000000000e+01, 2.4580000000e+01, 1.2000000000e+01, 5.0000000000e-02, 6.7784000000e+03
 1500539400, 5.5000000000e+01, 2.4000000000e+01, 1.2000000000e+01, 5.0000000000e-02, 6.7782000000e+03
 1500539700, 5.5000000000e+01, 2.4000000000e+01, 1.2000000000e+01, 5.0000000000e-02, 6.7788000000e+03
 1500540000, 5.4450000000e+01, 2.4000000000e+01, 1.1780000000e+01, 5.0000000000e-02, 6.7794000000e+03
 1500540300, 5.0000000000e+01, 2.4000000000e+01, 1.0000000000e+01, 5.0000000000e-02, 6.7788000000e+03
 1500540600, 5.0000000000e+01, 2.4000000000e+01, 1.0000000000e+01, 5.0000000000e-02, 6.7793966667e+03
 1500540900, 5.0000000000e+01, 2.4000000000e+01, 1.0000000000e+01, 5.6000000000e-02, 6.7796000000e+03
 1500541200, 5.0000000000e+01, 2.4000000000e+01, 1.0000000000e+01, 5.5100000000e-02, 6.7790900000e+03
 1500541500, 5.0000000000e+01, 2.4000000000e+01, 1.0000000000e+01, 5.0900000000e-02, 6.7792200000e+03
 1500541800, 5.0550000000e+01, 2.4000000000e+01, 1.0000000000e+01, 5.0000000000e-02, 6.7796000000e+03
 1500542100, 5.5000000000e+01, 2.4000000000e+01, 1.0000000000e+01, 5.0000000000e-02, 6.7794000000e+03
 1500542400, 5.5000000000e+01, 2.4000000000e+01, 1.0000000000e+01, 5.0000000000e-02, 6.7796900000e+03
 1500542700, 5.1450000000e+01, 2.4000000000e+01, 1.0000000000e+01, 5.0000000000e-02, 6.7800000000e+03
 1500543000, 5.2550000000e+01, 2.4000000000e+01, 1.0000000000e+01, 5.3300000000e-02, 6.7800800000e+03
 1500543300, 6.1200000000e+01, 2.7100000000e+01, 1.3100000000e+01, 2.4700000000e-01, 6.7868900000e+03
 1500543600, 7.5550000000e+01, 3.4440000000e+01, 2.0440000000e+01, 4.9110000000e-01, 6.7879100000e+03
 1500543900, 8.0000000000e+01, 3.8000000000e+01, 2.4000000000e+01, 6.8910000000e-01, 6.7869100000e+03
 1500544200, 8.0000000000e+01, 3.8000000000e+01, 2.4000000000e+01, 8.8450000000e-01, 6.7873800000e+03
 1500544500, 8.0000000000e+01, 3.8000000000e+01, 2.4000000000e+01, 9.7750000000e-01, 6.7882000000e+03
 1500544800, 8.0000000000e+01, 3.8000000000e+01, 2.4000000000e+01, 1.0195000000e+00, 6.7874200000e+03
 1500545100, 8.0000000000e+01, 3.7380000000e+01, 2.4000000000e+01, 1.0806000000e+00, 6.7865800000e+03
 1500545400, 7.9450000000e+01, 3.6000000000e+01, 2.3780000000e+01, 1.1304000000e+00, 6.7874200000e+03
 1500545700, 7.5000000000e+01, 3.6000000000e+01, 2.2000000000e+01, 1.1449000000e+00, 6.7878000000e+03
 1500546000, 7.9550000000e+01, 3.6000000000e+01, 2.3820000000e+01, 1.1473000000e+00, 6.7891300000e+03
 1500546300, 7.6450000000e+01, 3.6000000000e+01, 2.1160000000e+01, 1.0878000000e+00, 6.7812600000e+03
 1500546600, 6.2250000000e+01, 2.9880000000e+01, 1.4900000000e+01, 8.0740000000e-01, 6.7778000000e+03
 1500546900, 5.0000000000e+01, 2.4000000000e+01, 1.0000000000e+01, 5.8510000000e-01, 6.7760900000e+03
 1500547200, 5.0000000000e+01, 2.4000000000e+01, 1.0000000000e+01, 4.3790000000e-01, 6.7749800000e+03
 1500547500, 5.0000000000e+01, 2.4000000000e+01, 1.0000000000e+01, 3.4010000000e-01, 6.7776400000e+03
 1500547800, 5.0000000000e+01, 2.4000000000e+01, 1.0000000000e+01, 2.7230000000e-01, 6.7780000000e+03
 1500548100, 5.0000000000e+01, 2.4000000000e+01, 1.0000000000e+01, 2.1360000000e-01, 6.7778900000e+03
 1500548400, 5.0000000000e+01, 2.4000000000e+01, 1.0000000000e+01, 1.6360000000e-01, 6.7781100000e+03
 1500548700, 5.0000000000e+01, 2.4000000000e+01, 1.0000000000e+01, 1.2870000000e-01, 6.7782900000e+03
 1500549000, 5.0000000000e+01, 2.4000000000e+01, 1.0000000000e+01, 1.0670000000e-01, 6.7774200000e+03
 1500549300, 5.0000000000e+01, 2.4000000000e+01, 1.0000000000e+01, 9.1100000000e-02, 6.7780700000e+03
 1500549600, 5.0000000000e+01, 2.4000000000e+01, 1.0000000000e+01, 8.9800000000e-02, 6.7784200000e+03
 1500549900, 5.0000000000e+01, 2.4000000000e+01, 1.0000000000e+01, 7.1800000000e-02, 6.7776900000e+03
 1500550200, 5.0000000000e+01, 2.4000000000e+01, 1.0000000000e+01, 5.6900000000e-02, 6.7784200000e+03
 1500550500, 5.0000000000e+01, 2.4000000000e+01, 1.0000000000e+01, 5.0000000000e-02, 6.7778900000e+03
 1500550800, 5.0000000000e+01, 2.4000000000e+01, 1.0000000000e+01, 5.0000000000e-02, 6.7782200000e+03
 1500551100, 5.0000000000e+01, 2.4000000000e+01, 1.0000000000e+01, 5.0000000000e-02, 6.7786900000e+03
 1500551400, 5.0000000000e+01, 2.4000000000e+01, 1.0000000000e+01, 5.0000000000e-02, 6.7774900000e+03
 1500551700, 5.3550000000e+01, 2.4000000000e+01, 1.0000000000e+01, 5.0000000000e-02, 6.7776000000e+03
 1500552000, 5.2450000000e+01, 2.4000000000e+01, 1.0000000000e+01, 5.0000000000e-02, 6.7770000000e+03
 1500552300, 5.0000000000e+01, 2.4000000000e+01, 1.0000000000e+01, 5.0000000000e-02, 6.7774900000e+03
 1500552600, 5.0000000000e+01, 2.4000000000e+01, 1.0000000000e+01, 5.0000000000e-02, 6.7776966667e+03
 1500552900, 5.0000000000e+01, 2.4000000000e+01, 1.0000000000e+01, 5.0000000000e-02, 6.7778000000e+03
 1500553200, 5.4550000000e+01, 2.4000000000e+01, 1.0000000000e+01, 5.0000000000e-02, 6.7773800000e+03
 1500553500, 5.1450000000e+01, 2.4000000000e+01, 1.0000000000e+01, 5.6000000000e-02, 6.7778200000e+03
 1500553800, 5.2550000000e+01, 2.4000000000e+01, 1.0000000000e+01, 5.9100000000e-02, 6.7788000000e+03
 1500554100, 5.5000000000e+01, 2.4000000000e+01, 1.0620000000e+01, 5.0900000000e-02, 6.7780900000e+03
 1500554400, 5.5000000000e+01, 2.4000000000e+01, 1.2000000000e+01, 5.0000000000e-02, 6.7775100000e+03
 1500554700, 5.5000000000e+01, 2.4000000000e+01, 1.2000000000e+01, 5.0000000000e-02, 6.7784000000e+03
 1500555000, 5.5000000000e+01, 2.5820000000e+01, 1.0180000000e+01, 5.0000000000e-02, 6.7783100000e+03
 1500555300, 5.5000000000e+01, 2.4580000000e+01, 1.0000000000e+01, 5.0000000000e-02, 6.7780900000e+03
 1500555600, 5.5000000000e+01, 2.5020000000e+01, 1.0000000000e+01, 5.0000000000e-02, 6.7781100000e+03
 1500555900, 5.5000000000e+01, 2.5380000000e+01, 1.0000000000e+01, 5.0000000000e-02, 6.7780000000e+03
 1500556200, 5.5000000000e+01, 2.4000000000e+01, 1.0000000000e+01, 5.0000000000e-02, 6.7786000000e+03
 1500556500, 5.5000000000e+01, 2.4000000000e+01, 1.0000000000e+01, 5.0000000000e-02, 6.7780000000e+03
 1500556800, 5.0450000000e+01, 2.4000000000e+01, 1.0000000000e+01, 5.0000000000e-02, 6.7788000000e+03
 1500557100, 5.0000000000e+01, 2.4000000000e+01, 1.0000000000e+01, 5.0000000000e-02, 6.7780000000e+03
 1500557400, 5.0000000000e+01, 2.4000000000e+01, 1.0000000000e+01, 5.0000000000e-02, 6.7784900000e+03
 1500557700, 5.1550000000e+01, 2.4000000000e+01, 1.0000000000e+01, 5.0000000000e-02, 6.7788000000e+03
 1500558000, 5.5000000000e+01, 2.4000000000e+01, 1.0220000000e+01, 5.0000000000e-02, 6.7787100000e+03
 1500558300, 5.5000000000e+01, 2.4000000000e+01, 1.2000000000e+01, 5.0000000000e-02, 6.7786000000e+03
 1500558600, 5.0450000000e+01, 2.4000000000e+01, 1.0180000000e+01, 5.0000000000e-02, 6.7781800000e+03
 1500558900, 5.0000000000e+01, 2.4000000000e+01, 1.0000000000e+01, 5.0000000000e-02, 6.7778200000e+03
 1500559200, 5.2550000000e+01, 2.4000000000e+01, 1.0000000000e+01, 5.0000000000e-02, 6.7782900000e+03
 1500559500, 5.5000000000e+01, 2.4000000000e+01, 1.0000000000e+01, 5.3100000000e-02, 6.7776000000e+03
 1500559800, 5.4450000000e+01, 2.4000000000e+01, 1.0000000000e+01, 5.0900000000e-02, 6.7775066667e+03
 1500560100, 5.0000000000e+01, 2.4000000000e+01, 1.0000000000e+01, 5.4000000000e-02, 6.7774900000e+03
 1500560400, 5.0000000000e+01, 2.4000000000e+01, 1.0000000000e+01, 5.4000000000e-02, 6.7780900000e+03
 1500560700, 5.0000000000e+01, 2.4000000000e+01, 1.0000000000e+01, 5.0000000000e-02, 6.7779100000e+03
 1500561000, 5.2550000000e+01, 2.4000000000e+01, 1.0000000000e+01, 5.2000000000e-02, 6.7781100000e+03
 1500561300, 5.3450000000e+01, 2.4000000000e+01, 1.0000000000e+01, 5.0000000000e-02, 6.7788900000e+03
 1500561600, 5.0550000000e+01, 2.4000000000e+01, 1.0000000000e+01, 5.0000000000e-02, 6.7787100000e+03
 1500561900, 5.5000000000e+01, 2.4000000000e+01, 1.0000000000e+01, 5.0000000000e-02, 6.7781800000e+03
 1500562200, 5.5000000000e+01, 2.4000000000e+01, 1.0000000000e+01, 5.0000000000e-02, 6.7774000000e+03
 1500562500, 5.1450000000e+01, 2.4000000000e+01, 1.0000000000e+01, 5.0000000000e-02, 6.7771100000e+03
 1500562800, 5.2550000000e+01, 2.4000000000e+01, 1.0000000000e+01, 5.0000000000e-02, 6.7783100000e+03
 1500563100, 5.5000000000e+01, 2.4000000000e+01, 1.0620000000e+01, 5.0000000000e-02, 6.7788900000e+03
 1500563400, 5.4450000000e+01, 2.4000000000e+01, 1.1780000000e+01, 5.0000000000e-02, 6.7784900000e+03
 1500563700, 5.0000000000e+01, 2.4000000000e+01, 1.0000000000e+01, 5.0000000000e-02, 6.7781100000e+03
 1500564000, 5.0000000000e+01, 2.4000000000e+01, 1.0000000000e+01, 5.0000000000e-02, 6.7788000000e+03
 1500564300, 5.3550000000e+01, 2.4000000000e+01, 1.0000000000e+01, 5.0000000000e-02, 6.7787100000e+03
 1500564600, 5.5000000000e+01, 2.4000000000e+01, 1.0000000000e+01, 5.0000000000e-02, 6.7790000000e+03
 1500564900, 5.3450000000e+01, 2.4000000000e+01, 1.0000000000e+01, 5.0000000000e-02, 6.7788900000e+03
 1500565200, 5.0550000000e+01, 2.4000000000e+01, 1.0000000000e+01, 5.0000000000e-02, 6.7788000000e+03
 1500565500, 5.5000000000e+01, 2.4000000000e+01, 1.0000000000e+01, 5.0000000000e-02, 6.7784000000e+03
 1500565800, 5.5000000000e+01, 2.4000000000e+01, 1.0000000000e+01, 5.5100000000e-02, 6.7780000000e+03
 1500566100, 5.5000000000e+01, 2.4000000000e+01, 1.0000000000e+01, 6.2000000000e-02, 6.7802200000e+03
 1500566400, 5.5000000000e+01, 2.4000000000e+01, 1.0000000000e+01, 6.8200000000e-02, 6.7784900000e+03
 1500566700, 5.5000000000e+01, 2.4000000000e+01, 1.0000000000e+01, 7.3800000000e-02, 6.7792000000e+03
 1500567000, 5.4450000000e+01, 2.4000000000e+01, 1.0000000000e+01, 5.2900000000e-02, 6.7782900000e+03
 1500567300, 5.0000000000e+01, 2.4000000000e+01, 1.0000000000e+01, 5.0000000000e-02, 6.7771800000e+03
 1500567600, 5.4550000000e+01, 2.4000000000e+01, 1.1820000000e+01, 5.2000000000e-02, 6.7770000000e+03
 1500567900, 5.5000000000e+01, 2.4000000000e+01, 1.2000000000e+01, 5.0000000000e-02, 6.7775100000e+03
 1500568200, 5.5000000000e+01, 2.4000000000e+01, 1.2000000000e+01, 5.0000000000e-02, 6.7772200000e+03
 1500568500, 5.5000000000e+01, 2.4620000000e+01, 1.2000000000e+01, 5.0000000000e-02, 6.7778900000e+03
 1500568800, 5.5000000000e+01, 2.5780000000e+01, 1.1780000000e+01, 5.0000000000e-02, 6.7780000000e+03
 1500569100, 5.5000000000e+01, 2.4000000000e+01, 1.0000000000e+01, 6.3200000000e-02, 6.9351000000e+03
 1500569400, 1.4145000000e+02, 9.6800000000e+01, 2.4560000000e+01, 1.3296000000e+00, 7.2783000000e+03
 1500569700, 1.5000000000e+02, 1.0684000000e+02, 2.4580000000e+01, 3.1778000000e+00, 3.1714430000e+04
 1500570000, 1.5000000000e+02, 1.0902000000e+02, 2.4000000000e+01, 4.5123000000e+00, 4.1849890000e+04
 1500570300, 1.5000000000e+02, 1.1000000000e+02, 2.4000000000e+01, 5.4802000000e+00, 4.1850420000e+04
 1500570600, 1.5055000000e+02, 1.1000000000e+02, 2.4220000000e+01, 6.1769000000e+00, 4.1851600000e+04
 1500570900, 1.5500000000e+02, 1.1000000000e+02, 2.6000000000e+01, 6.6793000000e+00, 4.1851800000e+04
 1500571200, 1.5045000000e+02, 1.1000000000e+02, 2.4180000000e+01, 7.0441000000e+00, 4.1851090000e+04
 1500571500, 8.9650000000e+01, 5.4620000000e+01, 1.8320000000e+01, 7.2973000000e+00, 4.6259640000e+04
 1500571800, 9.8150000000e+01, 6.2600000000e+01, 1.9060000000e+01, 7.4761000000e+00, 4.8067470000e+04
 1500572100, 1.0675000000e+02, 7.1540000000e+01, 1.8900000000e+01, 7.6145000000e+00, 5.1752000000e+04
 1500572400, 5.9400000000e+01, 2.8640000000e+01, 1.3320000000e+01, 7.7700000000e+00, 5.1753310000e+04
 1500572700, 9.5000000000e+01, 5.0000000000e+01, 2.4000000000e+01, 7.9023000000e+00, 5.1806150000e+04
 1500573000, 1.5415000000e+02, 1.0824000000e+02, 2.7640000000e+01, 7.5571000000e+00, 5.1927360000e+04
 1500573300, 1.6000000000e+02, 1.1400000000e+02, 2.6580000000e+01, 7.1946000000e+00, 5.1918910000e+04
 1500573600, 1.6000000000e+02, 1.1502000000e+02, 2.6000000000e+01, 6.9349000000e+00, 5.1943800000e+04
 1500573900, 1.6000000000e+02, 1.1538000000e+02, 2.6620000000e+01, 6.7393000000e+00, 5.1876180000e+04
 1500574200, 1.6000000000e+02, 1.1422000000e+02, 2.8000000000e+01, 6.5781000000e+00, 5.1993000000e+04
 1500574500, 1.6000000000e+02, 1.1600000000e+02, 2.8000000000e+01, 6.4126000000e+00, 5.1943900000e+04
 1500574800, 1.6000000000e+02, 1.1418000000e+02, 2.8000000000e+01, 6.1951000000e+00, 5.1943370000e+04
 1500575100, 1.4935000000e+02, 1.0548000000e+02, 2.5160000000e+01, 6.0627000000e+00, 5.1944020000e+04
 1500575400, 1.4500000000e+02, 1.0200000000e+02, 2.4000000000e+01, 6.2165000000e+00, 2.0993550000e+04
 1500575700, 1.4655000000e+02, 1.0386000000e+02, 2.4000000000e+01, 6.6344000000e+00, 6.9086900000e+03
 1500576000, 1.5055000000e+02, 1.0822000000e+02, 2.4000000000e+01, 7.0092000000e+00, 3.8706470000e+04
 1500576300, 1.5500000000e+02, 1.1000000000e+02, 2.4000000000e+01, 7.2833000000e+00, 4.1855130000e+04
 1500576600, 1.5500000000e+02, 1.1000000000e+02, 2.4000000000e+01, 7.4807000000e+00, 4.1856200000e+04
 1500576900, 1.5145000000e+02, 1.1000000000e+02, 2.4000000000e+01, 7.6283000000e+00, 4.1856110000e+04
 1500577200, 1.5255000000e+02, 1.1000000000e+02, 2.5020000000e+01, 7.7339000000e+00, 4.1856090000e+04
 1500577500, 1.5190000000e+02, 1.0690000000e+02, 2.5380000000e+01, 7.7791000000e+00, 4.3739500000e+04
 1500577800, 1.4665000000e+02, 1.0154000000e+02, 2.4220000000e+01, 7.7511000000e+00, 5.0849550000e+04
 1500578100, 1.6000000000e+02, 1.1400000000e+02, 2.6000000000e+01, 7.3536000000e+00, 5.1960490000e+04
 1500578400, 1.6000000000e+02, 1.1400000000e+02, 2.7820000000e+01, 6.9726000000e+00, 5.2010200000e+04
 1500578700, 1.6000000000e+02, 1.1542000000e+02, 2.6580000000e+01, 6.6276000000e+00, 5.2010000000e+04
 1500579000, 1.5235000000e+02, 1.0784000000e+02, 2.4980000000e+01, 6.5436000000e+00, 5.1959490000e+04
 1500579300, 1.4345000000e+02, 9.9380000000e+01, 2.4000000000e+01, 6.6701000000e+00, 1.2668620000e+04
 1500579600, 1.4110000000e+02, 9.9100000000e+01, 2.4000000000e+01, 7.0192000000e+00, 1.9359360000e+04
 1500579900, 1.5000000000e+02, 1.0800000000e+02, 2.4000000000e+01, 7.2984000000e+00, 4.1845780000e+04
 1500580200, 1.5000000000e+02, 1.0982000000e+02, 2.4000000000e+01, 7.4936000000e+00, 4.1846710000e+04
 1500580500, 1.5000000000e+02, 1.1000000000e+02, 2.4000000000e+01, 7.6443000000e+00, 4.1846910000e+04
 1500580800, 1.5255000000e+02, 1.1000000000e+02, 2.5020000000e+01, 7.7499000000e+00, 4.1846600000e+04
 1500581100, 1.5500000000e+02, 1.0938000000e+02, 2.5380000000e+01, 7.8257000000e+00, 4.1846890000e+04
 1500581400, 1.5555000000e+02, 1.0866000000e+02, 2.4440000000e+01, 7.7315000000e+00, 4.9969330000e+04
 1500581700, 1.6000000000e+02, 1.1400000000e+02, 2.8000000000e+01, 7.1600000000e+00, 5.1989110000e+04
 1500582000, 1.6000000000e+02, 1.1400000000e+02, 2.8000000000e+01, 6.7641000000e+00, 5.1989780000e+04
 1500582300, 1.6000000000e+02, 1.1400000000e+02, 2.6580000000e+01, 6.5601000000e+00, 5.1989710000e+04
 1500582600, 1.6000000000e+02, 1.1400000000e+02, 2.6000000000e+01, 6.4345000000e+00, 5.1990710000e+04
 1500582900, 1.6000000000e+02, 1.1400000000e+02, 2.6620000000e+01, 6.3012000000e+00, 5.1990000000e+04
 1500583200, 1.6000000000e+02, 1.1400000000e+02, 2.8000000000e+01, 6.1256000000e+00, 5.1989600000e+04
 1500583500, 1.6000000000e+02, 1.1400000000e+02, 2.8000000000e+01, 6.0393000000e+00, 5.1981490000e+04
 1500583800, 1.6000000000e+02, 1.1582000000e+02, 2.8000000000e+01, 5.8764000000e+00, 2.9873890000e+04
 1500584100, 1.5290000000e+02, 1.0890000000e+02, 2.5160000000e+01, 6.3245000000e+00, 1.0607040000e+04
 1500584400, 1.5000000000e+02, 1.0804000000e+02, 2.4000000000e+01, 6.7886000000e+00, 4.1639906667e+04
 1500584700, 1.5155000000e+02, 1.1000000000e+02, 2.4000000000e+01, 7.1319000000e+00, 4.1852400000e+04
 1500585000, 1.5445000000e+02, 1.1000000000e+02, 2.4000000000e+01, 7.3802000000e+00, 4.1853420000e+04
 1500585300, 1.5000000000e+02, 1.1000000000e+02, 2.4000000000e+01, 7.5676000000e+00, 4.1854000000e+04
 1500585600, 1.5455000000e+02, 1.1000000000e+02, 2.4000000000e+01, 7.6910000000e+00, 4.1854290000e+04
 1500585900, 1.5145000000e+02, 1.0858000000e+02, 2.4000000000e+01, 7.7817000000e+00, 4.1855530000e+04
 1500586200, 1.3215000000e+02, 8.7600000000e+01, 2.6040000000e+01, 7.7689000000e+00, 4.9983450000e+04
 1500586500, 1.2895000000e+02, 8.2880000000e+01, 2.8000000000e+01, 7.2196000000e+00, 5.1961490000e+04
 1500586800, 1.6000000000e+02, 1.1600000000e+02, 2.7780000000e+01, 6.7541000000e+00, 5.2011840000e+04
 1500587100, 1.6000000000e+02, 1.1600000000e+02, 2.6000000000e+01, 6.3483000000e+00, 5.2011290000e+04
 1500587400, 1.6000000000e+02, 1.1600000000e+02, 2.7820000000e+01, 6.1011000000e+00, 5.2014910000e+04
 1500587700, 1.6000000000e+02, 1.1600000000e+02, 2.6580000000e+01, 5.9895000000e+00, 5.2015710000e+04
 1500588000, 1.6000000000e+02, 1.1600000000e+02, 2.7020000000e+01, 5.7755000000e+00, 5.2015090000e+04
 1500588300, 1.5535000000e+02, 1.1228000000e+02, 2.6760000000e+01, 5.9793000000e+00, 1.2540816667e+04
 1500588600, 1.4610000000e+02, 1.0466000000e+02, 2.4000000000e+01, 6.5248000000e+00, 2.4249200000e+04
 1500588900, 1.5500000000e+02, 1.1000000000e+02, 2.4000000000e+01, 6.9314000000e+00, 4.1854310000e+04
 1500589200, 1.5045000000e+02, 1.1000000000e+02, 2.4000000000e+01, 7.2306000000e+00, 4.1855310000e+04
 1500589500, 1.5000000000e+02, 1.1000000000e+02, 2.4000000000e+01, 7.4458000000e+00, 4.1855490000e+04
 1500589800, 1.5000000000e+02, 1.1000000000e+02, 2.4000000000e+01, 7.6074000000e+00, 4.1855510000e+04
 1500590100, 1.5000000000e+02, 1.0938000000e+02, 2.4000000000e+01, 7.7210000000e+00, 4.1856200000e+04
 1500590400, 1.5110000000e+02, 1.0844000000e+02, 2.4440000000e+01, 7.7833000000e+00, 4.5973650000e+04
 1500590700, 1.6000000000e+02, 1.1200000000e+02, 2.8000000000e+01, 7.4113000000e+00, 5.2011800000e+04
 1500591000, 1.6000000000e+02, 1.1200000000e+02, 2.8000000000e+01, 6.7972000000e+00, 5.2012020000e+04
 1500591300, 1.6000000000e+02, 1.1342000000e+02, 2.6580000000e+01, 6.3383000000e+00, 5.2013200000e+04
 1500591600, 1.6000000000e+02, 1.1400000000e+02, 2.6000000000e+01, 5.9960000000e+00, 5.2013400000e+04
 1500591900, 1.6000000000e+02, 1.1400000000e+02, 2.6000000000e+01, 5.7174000000e+00, 5.2012470000e+04
 1500592200, 1.6000000000e+02, 1.1400000000e+02, 2.6220000000e+01, 5.6289000000e+00, 5.2012330000e+04
 1500592500, 1.6000000000e+02, 1.1400000000e+02, 2.8000000000e+01, 5.6235000000e+00, 5.1969000000e+04
 1500592800, 1.6000000000e+02, 1.1400000000e+02, 2.8000000000e+01, 5.6585000000e+00, 5.2012600000e+04
 1500593100, 1.6000000000e+02, 1.1400000000e+02, 2.8000000000e+01, 5.5216000000e+00, 2.1106760000e+04
 1500593400, 1.0390000000e+02, 6.8100000000e+01, 1.8820000000e+01, 4.2384000000e+00, 6.7682900000e+03
 1500593700, 5.0000000000e+01, 2.4000000000e+01, 1.0000000000e+01, 3.0842000000e+00, 6.7689100000e+03
 1500594000, 5.0000000000e+01, 2.4000000000e+01, 1.0000000000e+01, 2.2382000000e+00, 6.7703300000e+03
 1500594300, 5.0000000000e+01, 2.4000000000e+01, 1.0000000000e+01, 1.6282333333e+00, 6.7711833333e+03
 1500594600, 5.4550000000e+01, 2.4000000000e+01, 1.0000000000e+01, 1.1902000000e+00, 6.7703100000e+03
 1500594900, 5.1450000000e+01, 2.4000000000e+01, 1.0000000000e+01, 8.6940000000e-01, 6.7711100000e+03
 1500595200, 5.0000000000e+01, 2.4000000000e+01, 1.0000000000e+01, 6.4800000000e-01, 6.7720900000e+03
 1500595500, 5.0000000000e+01, 2.4000000000e+01, 1.0000000000e+01, 4.7460000000e-01, 6.7718000000e+03
 1500595800, 5.0500000000e+01, 2.4000000000e+01, 1.0200000000e+01, 3.5520000000e-01, 6.7717000000e+03
 1500596100, 5.5000000000e+01, 2.4000000000e+01, 1.2000000000e+01, 2.7746666667e-01, 6.7724900000e+03
 1500596400, 5.0450000000e+01, 2.4000000000e+01, 1.0180000000e+01, 2.1030000000e-01, 6.7724000000e+03
 1500596700, 5.3550000000e+01, 2.4000000000e+01, 1.0000000000e+01, 1.5450000000e-01, 6.7722900000e+03
 1500597000, 5.2450000000e+01, 2.4000000000e+01, 1.0000000000e+01, 1.3220000000e-01, 6.7722200000e+03
 1500597300, 5.0000000000e+01, 2.4000000000e+01, 1.0000000000e+01, 1.3380000000e-01, 6.7729800000e+03
 1500597600, 5.0000000000e+01, 2.4000000000e+01, 1.0000000000e+01, 1.2490000000e-01, 6.7727100000e+03
 1500597900, 5.0000000000e+01, 2.4000000000e+01, 1.0000000000e+01, 1.2000000000e-01, 6.7722000000e+03
 1500598200, 5.0000000000e+01, 2.4000000000e+01, 1.0000000000e+01, 1.0583333333e-01, 6.7725833333e+03
 1500598500, 5.0000000000e+01, 2.4000000000e+01, 1.0000000000e+01, 1.0510000000e-01, 6.7712000000e+03
 1500598800, 5.0000000000e+01, 2.4000000000e+01, 1.0000000000e+01, 1.1290000000e-01, 6.7710000000e+03
 1500599100, 5.1550000000e+01, 2.4000000000e+01, 1.0620000000e+01, 1.0600000000e-01, 6.7715100000e+03
 1500599400, 5.5000000000e+01, 2.4000000000e+01, 1.2000000000e+01, 9.4900000000e-02, 6.7711933333e+03
 1500599700, 5.5000000000e+01, 2.4000000000e+01, 1.2000000000e+01, 8.1800000000e-02, 6.7716000000e+03
 1500600000, 5.0450000000e+01, 2.4000000000e+01, 1.0180000000e+01, 6.2900000000e-02, 6.7714000000e+03
 1500600300, 5.3550000000e+01, 2.4000000000e+01, 1.0000000000e+01, 5.6900000000e-02, 6.7716000000e+03
 1500600600, 5.2450000000e+01, 2.4000000000e+01, 1.0000000000e+01, 5.0000000000e-02, 6.7725066667e+03
 1500600900, 5.1550000000e+01, 2.4000000000e+01, 1.0000000000e+01, 5.0000000000e-02, 6.7713800000e+03
 1500601200, 5.4450000000e+01, 2.4000000000e+01, 1.0000000000e+01, 5.0000000000e-02, 6.7717100000e+03
 1500601500, 5.0000000000e+01, 2.4000000000e+01, 1.0000000000e+01, 5.0000000000e-02, 6.7712000000e+03
 1500601800, 5.4550000000e+01, 2.4000000000e+01, 1.0000000000e+01, 5.0000000000e-02, 6.7727100000e+03
 1500602100, 5.5000000000e+01, 2.4000000000e+01, 1.0000000000e+01, 5.0000000000e-02, 6.7717800000e+03
 1500602400, 5.5000000000e+01, 2.4000000000e+01, 1.0000000000e+01, 5.0000000000e-02, 6.7713100000e+03
 1500602700, 5.5000000000e+01, 2.4000000000e+01, 1.0000000000e+01, 5.0000000000e-02, 6.7720100000e+03
 1500603000, 5.3450000000e+01, 2.4000000000e+01, 1.0000000000e+01, 5.2000000000e-02, 6.7723100000e+03
 1500603300, 5.0550000000e+01, 2.4000000000e+01, 1.0000000000e+01, 5.3100000000e-02, 6.7719800000e+03
 1500603600, 5.5000000000e+01, 2.4000000000e+01, 1.0000000000e+01, 8.0200000000e-02, 6.7721100000e+03
 1500603900, 5.5000000000e+01, 2.4000000000e+01, 1.0000000000e+01, 9.2166666667e-02, 6.7725066667e+03
 1500604200, 5.5000000000e+01, 2.4000000000e+01, 1.0000000000e+01, 8.5800000000e-02, 6.7725100000e+03
 1500604500, 5.2450000000e+01, 2.4000000000e+01, 1.0000000000e+01, 8.2000000000e-02, 6.7726900000e+03
 1500604800, 5.1550000000e+01, 2.4000000000e+01, 1.0000000000e+01, 7.4900000000e-02, 6.7720000000e+03
 1500605100, 5.5000000000e+01, 2.4220000000e+01, 1.0000000000e+01, 7.9100000000e-02, 6.7723100000e+03
 1500605400, 5.5000000000e+01, 2.6000000000e+01, 1.0000000000e+01, 8.6000000000e-02, 6.7725800000e+03
 1500605700, 5.5000000000e+01, 2.4180000000e+01, 1.0000000000e+01, 7.1800000000e-02, 6.7725066667e+03
 1500606000, 5.5000000000e+01, 2.4000000000e+01, 1.0000000000e+01, 5.4900000000e-02, 6.7719800000e+03
 1500606300, 5.5000000000e+01, 2.4000000000e+01, 1.0000000000e+01, 5.1100000000e-02, 6.7716000000e+03
 1500606600, 5.5000000000e+01, 2.4000000000e+01, 1.0000000000e+01, 5.0900000000e-02, 6.7718200000e+03
 1500606900, 5.5000000000e+01, 2.4000000000e+01, 1.0000000000e+01, 5.1100000000e-02, 6.7728033333e+03
 1500607200, 5.5000000000e+01, 2.4000000000e+01, 1.0000000000e+01, 5.2900000000e-02, 6.7728933333e+03
 1500607500, 5.5000000000e+01, 2.4000000000e+01, 1.0000000000e+01, 5.6000000000e-02, 6.7725100000e+03
 1500607800, 5.5000000000e+01, 2.4000000000e+01, 1.0000000000e+01, 5.0000000000e-02, 6.7735100000e+03
 1500608100, 5.5000000000e+01, 2.4000000000e+01, 1.0000000000e+01, 5.0000000000e-02, 6.7731800000e+03
 1500608400, 5.5000000000e+01, 2.4000000000e+01, 1.0000000000e+01, 5.0000000000e-02, 6.7725100000e+03
 1500608700, 5.5000000000e+01, 2.4000000000e+01, 1.0000000000e+01, 5.0000000000e-02, 6.7733100000e+03
 1500609000, 5.5000000000e+01, 2.4000000000e+01, 1.0000000000e+01, 5.3100000000e-02, 6.7721600000e+03
 1500609300, 5.5000000000e+01, 2.4000000000e+01, 1.0000000000e+01, 5.2900000000e-02, 6.7731300000e+03
 1500609600, 5.5000000000e+01, 2.4000000000e+01, 1.0000000000e+01, 5.4000000000e-02, 6.7728000000e+03
 1500609900, 5.5000000000e+01, 2.4000000000e+01, 1.0000000000e+01, 5.9300000000e-02, 6.7728000000e+03
 1500610200, 5.5000000000e+01, 2.4000000000e+01, 1.0000000000e+01, 8.9100000000e-02, 6.7724900000e+03
 1500610500, 5.5000000000e+01, 2.4000000000e+01, 1.0000000000e+01, 9.2900000000e-02, 6.7723100000e+03
 1500610800, 5.5000000000e+01, 2.4000000000e+01, 1.0000000000e+01, 9.4200000000e-02, 6.7726900000e+03
 1500611100, 5.5000000000e+01, 2.4000000000e+01, 1.0000000000e+01, 9.2900000000e-02, 6.7726000000e+03
 1500611400, 5.5000000000e+01, 2.4000000000e+01, 1.0000000000e+01, 9.0900000000e-02, 6.7729100000e+03
 1500611700, 5.5000000000e+01, 2.4000000000e+01, 1.0000000000e+01, 7.8900000000e-02, 6.7733100000e+03
 1500612000, 5.5000000000e+01, 2.4000000000e+01, 1.0620000000e+01, 5.5800000000e-02, 6.7726900000e+03
 1500612300, 5.5000000000e+01, 2.4000000000e+01, 1.1780000000e+01, 5.0000000000e-02, 6.7730000000e+03
 1500612600, 5.5000000000e+01, 2.4000000000e+01, 1.0000000000e+01, 5.0000000000e-02, 6.7728000000e+03
 1500612900, 5.5000000000e+01, 2.5820000000e+01, 1.0000000000e+01, 5.0000000000e-02, 6.7735100000e+03
 1500613200, 5.5000000000e+01, 2.4580000000e+01, 1.0000000000e+01, 5.0000000000e-02, 6.7732900000e+03
 1500613500, 5.5000000000e+01, 2.4000000000e+01, 1.0000000000e+01, 5.0000000000e-02, 6.7732000000e+03
 1500613800, 5.5000000000e+01, 2.4000000000e+01, 1.0000000000e+01, 5.0000000000e-02, 6.7722900000e+03
 1500614100, 5.5000000000e+01, 2.4000000000e+01, 1.0220000000e+01, 5.0000000000e-02, 6.7723100000e+03
 1500614400, 5.5000000000e+01, 2.4000000000e+01, 1.2000000000e+01, 5.0000000000e-02, 6.7718900000e+03
 1500614700, 5.5000000000e+01, 2.4000000000e+01, 1.0180000000e+01, 5.0000000000e-02, 6.7724000000e+03
 1500615000, 5.5000000000e+01, 2.4000000000e+01, 1.0000000000e+01, 5.0000000000e-02, 6.7729100000e+03
 1500615300, 5.5000000000e+01, 2.4000000000e+01, 1.0000000000e+01, 5.0000000000e-02, 6.7724900000e+03
 1500615600, 5.5000000000e+01, 2.4000000000e+01, 1.0000000000e+01, 5.0000000000e-02, 6.7727100000e+03
 1500615900, 5.5000000000e+01, 2.4000000000e+01, 1.0000000000e+01, 5.9100000000e-02, 6.7731100000e+03
 1500616200, 5.5000000000e+01, 2.4000000000e+01, 1.0000000000e+01, 7.0200000000e-02, 6.7723800000e+03
 1500616500, 5.5000000000e+01, 2.4000000000e+01, 1.0000000000e+01, 6.9800000000e-02, 6.7723100000e+03
 1500616800, 5.5000000000e+01, 2.4000000000e+01, 1.0000000000e+01, 6.4000000000e-02, 6.7726900000e+03
 1500617100, 5.5000000000e+01, 2.4000000000e+01, 1.0000000000e+01, 5.0900000000e-02, 6.7730200000e+03
 1500617400, 5.5000000000e+01, 2.4000000000e+01, 1.0000000000e+01, 5.0000000000e-02, 6.7726900000e+03
 1500617700, 5.5000000000e+01, 2.4000000000e+01, 1.0000000000e+01, 5.3100000000e-02, 6.7734000000e+03
 1500618000, 5.5000000000e+01, 2.4000000000e+01, 1.0000000000e+01, 5.0900000000e-02, 6.7724000000e+03
 1500618300, 5.5000000000e+01, 2.4000000000e+01, 1.0000000000e+01, 5.0000000000e-02, 6.7739100000e+03
 1500618600, 5.5000000000e+01, 2.4000000000e+01, 1.0000000000e+01, 5.0000000000e-02, 6.7740000000e+03
 1500618900, 5.2450000000e+01, 2.4000000000e+01, 1.0000000000e+01, 5.0000000000e-02, 6.7732900000e+03
 1500619200, 5.1550000000e+01, 2.4000000000e+01, 1.0000000000e+01, 5.0000000000e-02, 6.7730933333e+03
 1500619500, 5.5000000000e+01, 2.4000000000e+01, 1.0000000000e+01, 5.0000000000e-02, 6.7736400000e+03
 1500619800, 5.5000000000e+01, 2.4000000000e+01, 1.0000000000e+01, 5.0000000000e-02, 6.7739800000e+03
 1500620100, 5.5000000000e+01, 2.4000000000e+01, 1.0000000000e+01, 5.0000000000e-02, 6.7730900000e+03
 1500620400, 5.5000000000e+01, 2.4000000000e+01, 1.0000000000e+01, 5.0000000000e-02, 6.7743100000e+03
 1500620700, 5.5000000000e+01, 2.4000000000e+01, 1.0000000000e+01, 5.0000000000e-02, 6.7742000000e+03
 1500621000, 5.5000000000e+01, 2.4620000000e+01, 1.0000000000e+01, 5.0000000000e-02, 6.7740000000e+03
 1500621300, 5.5000000000e+01, 2.6000000000e+01, 1.0000000000e+01, 5.0000000000e-02, 6.7742000000e+03
 1500621600, 5.5000000000e+01, 2.6000000000e+01, 1.0000000000e+01, 5.0000000000e-02, 6.7738000000e+03
 1500621900, 5.5000000000e+01, 2.4180000000e+01, 1.0000000000e+01, 5.0000000000e-02, 6.7738900000e+03
 1500622200, 5.5000000000e+01, 2.4000000000e+01, 1.1420000000e+01, 5.6000000000e-02, 6.7732000000e+03
 1500622500, 5.5000000000e+01, 2.4000000000e+01, 1.0980000000e+01, 5.0000000000e-02, 6.7728000000e+03
 1500622800, 5.5000000000e+01, 2.4000000000e+01, 1.0000000000e+01, 5.2000000000e-02, 6.7722900000e+03
 1500623100, 5.5000000000e+01, 2.4000000000e+01, 1.0000000000e+01, 5.4000000000e-02, 6.7726200000e+03
 1500623400, 5.5000000000e+01, 2.4000000000e+01, 1.0000000000e+01, 5.0000000000e-02, 6.7724000000e+03
 1500623700, 5.5000000000e+01, 2.4000000000e+01, 1.0000000000e+01, 5.0000000000e-02, 6.7719800000e+03
 1500624000, 5.5000000000e+01, 2.4000000000e+01, 1.0000000000e+01, 5.0000000000e-02, 6.7726200000e+03
 1500624300, 5.5000000000e+01, 2.4000000000e+01, 1.0000000000e+01, 5.0000000000e-02, 6.7725800000e+03
 1500624600, 5.5000000000e+01, 2.4000000000e+01, 1.0000000000e+01, 5.0000000000e-02, 6.7722000000e+03
 1500624900, 5.5000000000e+01, 2.4000000000e+01, 1.0000000000e+01, 5.0000000000e-02, 6.7729100000e+03
 1500625200, 5.5000000000e+01, 2.4000000000e+01, 1.0000000000e+01, 5.0000000000e-02, 6.7724900000e+03
 1500625500, 5.5000000000e+01, 2.4000000000e+01, 1.0000000000e+01, 5.2000000000e-02, 6.7722000000e+03
 1500625800, 5.5000000000e+01, 2.4000000000e+01, 1.0000000000e+01, 5.0000000000e-02, 6.7724000000e+03
 1500626100, 5.5000000000e+01, 2.4000000000e+01, 1.0000000000e+01, 5.0000000000e-02, 6.7734200000e+03
 1500626400, 5.5000000000e+01, 2.4000000000e+01, 1.0000000000e+01, 5.0000000000e-02, 6.7724900000e+03
 1500626700, 5.5000000000e+01, 2.4000000000e+01, 1.0000000000e+01, 5.0000000000e-02, 6.7729100000e+03
 1500627000, 5.5000000000e+01, 2.4000000000e+01, 1.0000000000e+01, 5.0000000000e-02, 6.7734000000e+03
 1500627300, 5.5000000000e+01, 2.4000000000e+01, 1.0000000000e+01, 5.0000000000e-02, 6.7730900000e+03
 1500627600, 5.5000000000e+01, 2.4000000000e+01, 1.0000000000e+01, 5.0000000000e-02, 6.7736200000e+03
 1500627900, 5.5000000000e+01, 2.4000000000e+01, 1.0000000000e+01, 5.0000000000e-02, 6.7736900000e+03
 1500628200, 5.8100000000e+01, 2.6480000000e+01, 1.1860000000e+01, 5.2000000000e-02, 6.7738000000e+03
 1500628500, 6.3900000000e+01, 3.1120000000e+01, 1.5340000000e+01, 5.3100000000e-02, 6.7732900000e+03
 1500628800, 5.5000000000e+01, 2.4000000000e+01, 1.0000000000e+01, 6.1100000000e-02, 6.7729100000e+03
 1500629100, 5.5000000000e+01, 2.4000000000e+01, 1.0000000000e+01, 5.9800000000e-02, 6.7732900000e+03
 1500629400, 5.5000000000e+01, 2.4000000000e+01, 1.0000000000e+01, 5.9300000000e-02, 6.7745000000e+03
 1500629700, 6.5200000000e+01, 3.0120000000e+01, 1.6120000000e+01, 2.4210000000e-01, 6.7806700000e+03
 1500630000, 7.5000000000e+01, 3.6000000000e+01, 2.2000000000e+01, 5.0530000000e-01, 6.7798900000e+03
 1500630300, 7.5000000000e+01, 3.6000000000e+01, 2.2000000000e+01, 7.0760000000e-01, 6.7797100000e+03
 1500630600, 7.5000000000e+01, 3.6000000000e+01, 2.2000000000e+01, 8.3120000000e-01, 6.7798000000e+03
 1500630900, 7.5000000000e+01, 3.6000000000e+01, 2.2000000000e+01, 9.6210000000e-01, -nan
 1500631200, 7.5000000000e+01, -nan, 2.2000000000e+01, 1.0619000000e+00, -nan
 1500631500, 7.5000000000e+01, -nan, 2.2000000000e+01, 1.1042000000e+00, -nan
 1500631800, 7.5000000000e+01, -nan, 2.2000000000e+01, 1.1293000000e+00, -nan
 1500632100, -nan, -nan, 2.0900000000e+01, 1.1279000000e+00, -nan
 1500632400, -nan, -nan, 1.2000000000e+01, 8.8610000000e-01, -nan
 1500632700, -nan, -nan, 1.0180000000e+01, 6.4510000000e-01, -nan
 1500633000, -nan, -nan, 1.1420000000e+01, 4.7750000000e-01, -nan
 1500633300, -nan, -nan, 1.0980000000e+01, 3.5390000000e-01, -nan
 1500633600, -nan, -nan, 1.0000000000e+01, 2.6320000000e-01, -nan
 1500633900, -nan, -nan, 1.0000000000e+01, 1.9650000000e-01, -nan
 1500634200, -nan, -nan, -nan, 1.4760000000e-01, -nan
 1500634500, -nan, -nan, -nan, 1.1780000000e-01, -nan
 1500634800, -nan, -nan, -nan, -nan, -nan
