 Time, ttl_pwr, cpu_pwr, mem_pwr, cpu_load, mem_load
 1500441000, 2,5958333333e+02, 1,9000000000e+02, 4,9666666667e+01, 2,3361833333e+01, 4,1070783333e+04
 1500441300, 2,5641666667e+02, 1,8856666667e+02, 4,8566666667e+01, 2,3877500000e+01, 3,8697933333e+04
 1500441600, 2,5241666667e+02, 1,8593333333e+02, 4,5933333333e+01, 2,4172833333e+01, 3,8794833333e+04
 1500441900, 2,5158333333e+02, 1,8526666667e+02, 4,4633333333e+01, 2,4356333333e+01, 3,8807450000e+04
 1500442200, 2,5500000000e+02, 1,8800000000e+02, 4,6000000000e+01, 2,4506333333e+01, 3,9047333333e+04
 1500442500, 2,5500000000e+02, 1,8800000000e+02, 4,6000000000e+01, 2,4622833333e+01, 3,9192950000e+04
 1500442800, 2,5500000000e+02, 1,8616666667e+02, 4,6000000000e+01, 2,4716500000e+01, 3,9266083333e+04
 1500443100, 2,5500000000e+02, 1,8743333333e+02, 4,7433333333e+01, 2,4786333333e+01, 3,9660500000e+04
 1500443400, 2,5758333333e+02, 1,8903333333e+02, 5,0066666667e+01, 2,4798500000e+01, 3,9546666667e+04
 1500443700, 2,5841666667e+02, 1,8873333333e+02, 5,0100000000e+01, 2,4694000000e+01, 3,6186233333e+04
 1500444000, 2,4566666667e+02, 1,7830000000e+02, 4,4600000000e+01, 2,3901666667e+01, 2,5999033333e+04
 1500444300, 1,7500000000e+02, 1,2000000000e+02, 3,4000000000e+01, 2,0084666667e+01, 1,5272766667e+04
 1500444600, 9,7083333333e+01, 4,8500000000e+01, 2,4833333333e+01, 1,5906766667e+01, 7,5388600000e+03
 1500444900, 8,3133333333e+01, 3,9253333333e+01, 2,2626666667e+01, 1,3034133333e+01, 8,5103266667e+03
 1500445200, 8,5166666667e+01, 4,2133333333e+01, 2,3033333333e+01, 1,0448733333e+01, 9,4784633333e+03
 1500445500, 9,2366666667e+01, 4,7420000000e+01, 2,4000000000e+01, 9,3844666667e+00, 1,0859376667e+04
 1500445800, 1,1575000000e+02, 6,6466666667e+01, 2,5866666667e+01, 1,0002000000e+01, 2,4353800000e+04
 1500446100, 2,3500000000e+02, 1,7600000000e+02, 4,0000000000e+01, 1,4776566667e+01, 3,9771606667e+04
 1500446400, 2,6696666667e+02, 1,9244000000e+02, 5,0960000000e+01, 1,9715966667e+01, 4,0160016667e+04
 1500446700, 2,6641666667e+02, 1,9400000000e+02, 5,2000000000e+01, 2,3375833333e+01, 4,0487350000e+04
 1500447000, 2,6500000000e+02, 1,9400000000e+02, 5,0973333333e+01, 2,5983200000e+01, 4,0914306667e+04
 1500447300, 2,6500000000e+02, 1,9400000000e+02, 5,0626666667e+01, 2,7856100000e+01, 4,1288310000e+04
 1500447600, 2,6500000000e+02, 1,9400000000e+02, 5,2000000000e+01, 2,9167533333e+01, 4,1286106667e+04
 1500447900, 2,6500000000e+02, 1,9400000000e+02, 5,2000000000e+01, 3,0110933333e+01, 4,1333953333e+04
 1500448200, 2,6956666667e+02, 1,9400000000e+02, 5,2000000000e+01, 3,0812300000e+01, 4,1542230000e+04
 1500448500, 2,6643333333e+02, 1,9114666667e+02, 5,2000000000e+01, 3,1363400000e+01, 4,1750380000e+04
 1500448800, 2,5986666667e+02, 1,8692000000e+02, 5,0973333333e+01, 3,1376566667e+01, 3,8239266667e+04
 1500449100, 2,5183333333e+02, 1,8146666667e+02, 4,9366666667e+01, 2,9684666667e+01, 3,4766600000e+04
 1500449400, 2,4558333333e+02, 1,7693333333e+02, 4,8000000000e+01, 2,8254500000e+01, 3,4736983333e+04
 1500449700, 2,5000000000e+02, 1,8400000000e+02, 4,8000000000e+01, 2,7100033333e+01, 3,4760783333e+04
 1500450000, 2,5458333333e+02, 1,8400000000e+02, 4,8000000000e+01, 2,6692300000e+01, 3,5211166667e+04
 1500450300, 2,4783333333e+02, 1,7970000000e+02, 4,5133333333e+01, 2,6525333333e+01, 3,5573150000e+04
 1500450600, 2,4758333333e+02, 1,7903333333e+02, 4,5033333333e+01, 2,6090333333e+01, 3,7897063333e+04
 1500450900, 2,5626666667e+02, 1,8689333333e+02, 4,6626666667e+01, 2,7416666667e+01, 4,3028380000e+04
 1500451200, 2,6825000000e+02, 1,9990000000e+02, 4,8000000000e+01, 2,8681133333e+01, 4,0439193333e+04
 1500451500, 2,5500000000e+02, 1,8400000000e+02, 4,8000000000e+01, 2,8188000000e+01, 3,4326866667e+04
 1500451800, 2,4583333333e+02, 1,7666666667e+02, 4,6166666667e+01, 2,6570166667e+01, 2,7078083333e+04
 1500452100, 2,3783333333e+02, 1,7170000000e+02, 4,4566666667e+01, 2,3521000000e+01, 1,8014550000e+04
 1500452400, 1,9883333333e+02, 1,3900000000e+02, 3,8833333333e+01, 1,9886833333e+01, 1,5180950000e+04
 1500452700, 1,5150000000e+02, 9,7400000000e+01, 3,2200000000e+01, 1,7422433333e+01, 1,6269400000e+04
 1500453000, 1,2700000000e+02, 7,4533333333e+01, 2,8700000000e+01, 1,5351333333e+01, 1,7609883333e+04
 1500453300, 1,8000000000e+02, 1,2400000000e+02, 3,4000000000e+01, 1,5089833333e+01, 2,4471016667e+04
 1500453600, 2,3500000000e+02, 1,6983333333e+02, 4,3166666667e+01, 1,5548666667e+01, 2,4588066667e+04
 1500453900, 2,4000000000e+02, 1,7400000000e+02, 4,4000000000e+01, 1,5856833333e+01, 2,4763503333e+04
 1500454200, 2,4000000000e+02, 1,7296666667e+02, 4,4000000000e+01, 1,6101333333e+01, 2,4856316667e+04
 1500454500, 2,3841666667e+02, 1,7200000000e+02, 4,4000000000e+01, 1,6252333333e+01, 2,4841516667e+04
 1500454800, 2,3558333333e+02, 1,7246666667e+02, 4,4000000000e+01, 1,6383833333e+01, 2,4849483333e+04
 1500455100, 2,3263333333e+02, 1,6954000000e+02, 4,2980000000e+01, 1,7303266667e+01, 2,5575223333e+04
 1500455400, 1,1000000000e+02, 6,2000000000e+01, 2,6000000000e+01, 1,8420100000e+01, 2,6016203333e+04
 1500455700, 2,1541666667e+02, 1,5183333333e+02, 4,0666666667e+01, 1,8540633333e+01, 3,0793106667e+04
 1500456000, 2,5710000000e+02, 1,8425333333e+02, 5,0560000000e+01, 2,1859300000e+01, 4,0710170000e+04
 1500456300, 2,7000000000e+02, 1,9400000000e+02, 5,4000000000e+01, 2,4866033333e+01, 4,0697766667e+04
 1500456600, 2,7000000000e+02, 1,9400000000e+02, 5,3366666667e+01, 2,6969000000e+01, 4,0924556667e+04
 1500456900, 2,7000000000e+02, 1,9400000000e+02, 5,2000000000e+01, 2,8479666667e+01, 4,1125706667e+04
 1500457200, 2,7000000000e+02, 1,9400000000e+02, 5,2000000000e+01, 2,9625500000e+01, 4,1059053333e+04
 1500457500, 2,7000000000e+02, 1,9582666667e+02, 5,3826666667e+01, 3,0452533333e+01, 3,9375343333e+04
 1500457800, 2,6283333333e+02, 1,8883333333e+02, 4,9700000000e+01, 2,9427833333e+01, 3,2716183333e+04
 1500458100, 2,4708333333e+02, 1,7566666667e+02, 4,5933333333e+01, 2,8230666667e+01, 3,2675333333e+04
 1500458400, 2,4133333333e+02, 1,7233333333e+02, 4,5266666667e+01, 2,7193833333e+01, 3,2794766667e+04
 1500458700, 2,5500000000e+02, 1,8576666667e+02, 4,8000000000e+01, 2,6425833333e+01, 3,2927016667e+04
 1500459000, 2,5500000000e+02, 1,8400000000e+02, 4,8000000000e+01, 2,6961333333e+01, 3,3907276667e+04
 1500459300, 2,6416666667e+02, 1,9500000000e+02, 4,8000000000e+01, 2,8531966667e+01, 3,4025980000e+04
 1500459600, 2,6500000000e+02, 1,9600000000e+02, 4,8000000000e+01, 2,9674133333e+01, 3,4295383333e+04
 1500459900, 2,5725000000e+02, 1,9083333333e+02, 4,4900000000e+01, 2,9665800000e+01, 2,7162923333e+04
 1500460200, 2,5000000000e+02, 1,8536666667e+02, 4,2000000000e+01, 2,8330666667e+01, 2,5743316667e+04
 1500460500, 2,5306666667e+02, 1,8768000000e+02, 4,1386666667e+01, 2,8551233333e+01, 2,6398083333e+04
 1500460800, 2,5943333333e+02, 1,9600000000e+02, 4,0000000000e+01, 2,9658100000e+01, 2,6776573333e+04
 1500461100, 2,5500000000e+02, 1,9600000000e+02, 4,0000000000e+01, 3,0421000000e+01, 2,7024610000e+04
 1500461400, 2,5955000000e+02, 1,9782000000e+02, 4,1820000000e+01, 3,0969666667e+01, 2,7034560000e+04
 1500461700, 2,6000000000e+02, 1,9800000000e+02, 4,2000000000e+01, 3,1405033333e+01, 2,7234646667e+04
 1500462000, 2,6000000000e+02, 1,9800000000e+02, 4,0980000000e+01, 3,1702533333e+01, 2,7317493333e+04
 1500462300, 2,5555000000e+02, 1,9444000000e+02, 4,0000000000e+01, 3,2099766667e+01, 2,7174640000e+04
 1500462600, 2,4330000000e+02, 1,8441333333e+02, 3,9320000000e+01, 3,1191133333e+01, 2,5272086667e+04
 1500462900, 2,3000000000e+02, 1,7200000000e+02, 3,4000000000e+01, 2,9824100000e+01, 2,0205176667e+04
 1500463200, 2,3916666667e+02, 1,8483333333e+02, 3,4000000000e+01, 2,8433833333e+01, 1,8367240000e+04
 1500463500, 2,3300000000e+02, 1,7900000000e+02, 3,4000000000e+01, 2,8534600000e+01, 1,9193360000e+04
 1500463800, 2,3256666667e+02, 1,7908000000e+02, 3,2973333333e+01, 2,9150433333e+01, 1,9141613333e+04
 1500464100, 2,3500000000e+02, 1,8200000000e+02, 3,2000000000e+01, 2,8010633333e+01, 1,5492570000e+04
 1500464400, 2,3441666667e+02, 1,8153333333e+02, 3,1533333333e+01, 2,6663500000e+01, 1,1216366667e+04
 1500464700, 2,3000000000e+02, 1,7800000000e+02, 2,8000000000e+01, 2,5695200000e+01, 1,1995530000e+04
 1500465000, 2,3000000000e+02, 1,7800000000e+02, 2,8000000000e+01, 2,5387866667e+01, 1,2668626667e+04
 1500465300, 2,2641666667e+02, 1,7656666667e+02, 2,8000000000e+01, 2,4794000000e+01, 1,4273100000e+04
 1500465600, 2,3533333333e+02, 1,8323333333e+02, 3,2133333333e+01, 2,5601800000e+01, 2,0011470000e+04
 1500465900, 2,4653333333e+02, 1,8877333333e+02, 3,6613333333e+01, 2,6322400000e+01, 2,0053146667e+04
 1500466200, 2,5051666667e+02, 1,8682666667e+02, 3,8206666667e+01, 2,6950533333e+01, 2,0303763333e+04
 1500466500, 2,5500000000e+02, 1,9400000000e+02, 4,0000000000e+01, 2,7295566667e+01, 1,9866350000e+04
 1500466800, 2,6416666667e+02, 1,9216666667e+02, 4,9166666667e+01, 2,6781333333e+01, 1,9198183333e+04
 1500467100, 2,3000000000e+02, 1,6680000000e+02, 4,0200000000e+01, 2,5690766667e+01, 1,8715356667e+04
 1500467400, 2,3020000000e+02, 1,6816000000e+02, 3,8026666667e+01, 2,4538533333e+01, 1,8541903333e+04
 1500467700, 2,1860000000e+02, 1,5829333333e+02, 3,5893333333e+01, 2,3356800000e+01, 1,8632976667e+04
 1500468000, 1,6200000000e+02, 1,1206666667e+02, 2,6933333333e+01, 2,2076733333e+01, 1,9220440000e+04
 1500468300, 2,1500000000e+02, 1,5800000000e+02, 3,4000000000e+01, 2,0899166667e+01, 2,7687306667e+04
 1500468600, 2,6066666667e+02, 1,9270666667e+02, 4,4960000000e+01, 2,3187666667e+01, 3,5426176667e+04
 1500468900, 2,6500000000e+02, 1,9600000000e+02, 4,7433333333e+01, 2,5137933333e+01, 3,5448530000e+04
 1500469200, 2,5983333333e+02, 1,9083333333e+02, 4,5933333333e+01, 2,6623666667e+01, 3,5664700000e+04
 1500469500, 2,5658333333e+02, 1,8663333333e+02, 4,5266666667e+01, 2,7654000000e+01, 3,6057616667e+04
 1500469800, 2,5943333333e+02, 1,8754666667e+02, 4,8000000000e+01, 2,8218100000e+01, 3,5990420000e+04
 1500470100, 2,5500000000e+02, 1,8400000000e+02, 4,8000000000e+01, 2,8496333333e+01, 3,5527083333e+04
 1500470400, 2,1375000000e+02, 1,4916666667e+02, 4,0666666667e+01, 2,7872166667e+01, 3,5113333333e+04
 1500470700, 2,3866666667e+02, 1,7180000000e+02, 4,5733333333e+01, 2,6815333333e+01, 3,5005366667e+04
 1500471000, 2,5258333333e+02, 1,8406666667e+02, 4,8000000000e+01, 2,5992500000e+01, 3,4993650000e+04
 1500471300, 2,5500000000e+02, 1,8536666667e+02, 4,8000000000e+01, 2,5373000000e+01, 3,5092000000e+04
 1500471600, 2,5500000000e+02, 1,8446666667e+02, 4,8000000000e+01, 2,5017000000e+01, 3,5150116667e+04
 1500471900, 2,5500000000e+02, 1,8800000000e+02, 4,8000000000e+01, 2,4750000000e+01, 3,5098316667e+04
 1500472200, 2,5041666667e+02, 1,8250000000e+02, 4,6166666667e+01, 2,4421700000e+01, 3,2264170000e+04
 1500472500, 2,4641666667e+02, 1,8056666667e+02, 4,4566666667e+01, 2,2511333333e+01, 2,6159283333e+04
 1500472800, 2,0740000000e+02, 1,4710000000e+02, 3,8360000000e+01, 2,1390833333e+01, 2,6562256667e+04
 1500473100, 1,6500000000e+02, 1,1126666667e+02, 3,2633333333e+01, 1,9516000000e+01, 1,8532950000e+04
 1500473400, 1,6091666667e+02, 1,0933333333e+02, 3,3766666667e+01, 1,7386733333e+01, 1,9356636667e+04
 1500473700, 1,2820000000e+02, 7,2640000000e+01, 3,1680000000e+01, 1,7076300000e+01, 2,6634803333e+04
 1500474000, 8,5000000000e+01, 4,0000000000e+01, 2,4000000000e+01, 1,7231666667e+01, 2,4373516667e+04
 1500474300, 1,9958333333e+02, 1,3716666667e+02, 4,0500000000e+01, 1,7810000000e+01, 3,1565306667e+04
 1500474600, 2,3866666667e+02, 1,7036666667e+02, 4,6300000000e+01, 1,9486166667e+01, 3,3494066667e+04
 1500474900, 2,5253333333e+02, 1,8202666667e+02, 4,9013333333e+01, 2,0905933333e+01, 3,3758233333e+04
 1500475200, 2,5500000000e+02, 1,8400000000e+02, 4,9366666667e+01, 2,2241766667e+01, 3,4090436667e+04
 1500475500, 2,5616666667e+02, 1,8493333333e+02, 4,8466666667e+01, 2,3415100000e+01, 3,9037263333e+04
 1500475800, 2,6500000000e+02, 1,9200000000e+02, 5,2000000000e+01, 2,5828200000e+01, 4,2222796667e+04
 1500476100, 2,6956666667e+02, 1,9382666667e+02, 5,3826666667e+01, 2,7715033333e+01, 4,2006920000e+04
 1500476400, 2,7000000000e+02, 1,9400000000e+02, 5,4000000000e+01, 2,9018666667e+01, 4,1917560000e+04
 1500476700, 2,7000000000e+02, 1,9400000000e+02, 5,4000000000e+01, 3,0026333333e+01, 4,1931726667e+04
 1500477000, 2,7000000000e+02, 1,9400000000e+02, 5,4000000000e+01, 3,0797933333e+01, 4,1899093333e+04
 1500477300, 2,7000000000e+02, 1,9400000000e+02, 5,3773333333e+01, 3,1335066667e+01, 4,2342456667e+04
 1500477600, 2,7000000000e+02, 1,9400000000e+02, 5,2000000000e+01, 3,1712800000e+01, 4,2652370000e+04
 1500477900, 2,7000000000e+02, 1,9400000000e+02, 5,3826666667e+01, 3,1933733333e+01, 4,2531986667e+04
 1500478200, 2,7000000000e+02, 1,9400000000e+02, 5,4000000000e+01, 3,2143633333e+01, 4,2300120000e+04
 1500478500, 2,7000000000e+02, 1,9400000000e+02, 5,4000000000e+01, 3,2285400000e+01, 4,2433303333e+04
 1500478800, 2,7000000000e+02, 1,9400000000e+02, 5,4000000000e+01, 3,2397533333e+01, 4,2709713333e+04
 1500479100, 2,7000000000e+02, 1,9400000000e+02, 5,4000000000e+01, 3,2583700000e+01, 4,2961460000e+04
 1500479400, 2,7000000000e+02, 1,9400000000e+02, 5,4000000000e+01, 3,1914600000e+01, 3,5728430000e+04
 1500479700, 2,6083333333e+02, 1,8666666667e+02, 5,0333333333e+01, 2,9932333333e+01, 3,3274616667e+04
 1500480000, 2,5641666667e+02, 1,8456666667e+02, 5,0000000000e+01, 2,8538833333e+01, 3,3035633333e+04
 1500480300, 2,5500000000e+02, 1,8400000000e+02, 5,0000000000e+01, 2,7518333333e+01, 3,3050800000e+04
 1500480600, 2,5500000000e+02, 1,8463333333e+02, 5,0000000000e+01, 2,6837233333e+01, 3,3258586667e+04
 1500480900, 2,5500000000e+02, 1,8600000000e+02, 5,0000000000e+01, 2,6298166667e+01, 3,2461250000e+04
 1500481200, 2,5500000000e+02, 1,8600000000e+02, 5,0000000000e+01, 2,5748933333e+01, 2,4805493333e+04
 1500481500, 2,5041666667e+02, 1,8416666667e+02, 4,2666666667e+01, 2,5559166667e+01, 2,5182900000e+04
 1500481800, 2,4641666667e+02, 1,8400000000e+02, 4,2000000000e+01, 2,5060166667e+01, 2,1164933333e+04
 1500482100, 2,3208333333e+02, 1,7366666667e+02, 3,7866666667e+01, 2,3156333333e+01, 1,7237950000e+04
 1500482400, 2,2316666667e+02, 1,6653333333e+02, 3,4633333333e+01, 2,1703666667e+01, 1,7096483333e+04
 1500482700, 2,2766666667e+02, 1,6966666667e+02, 3,5766666667e+01, 2,0641000000e+01, 1,7064083333e+04
 1500483000, 2,1000000000e+02, 1,5200000000e+02, 3,4000000000e+01, 1,9629033333e+01, 1,2986130000e+04
 1500483300, 2,0083333333e+02, 1,5200000000e+02, 3,0333333333e+01, 1,9133100000e+01, 9,5239166667e+03
 1500483600, 1,7491666667e+02, 1,2763333333e+02, 2,7133333333e+01, 1,9159900000e+01, 9,8229300000e+03
 1500483900, 1,9600000000e+02, 1,4693333333e+02, 2,7033333333e+01, 1,8910500000e+01, 9,8910333333e+03
 1500484200, 2,2500000000e+02, 1,7463333333e+02, 2,7366666667e+01, 1,8657566667e+01, 1,0306963333e+04
 1500484500, 2,2500000000e+02, 1,7600000000e+02, 2,6000000000e+01, 1,8397166667e+01, 1,3379566667e+04
 1500484800, 2,2500000000e+02, 1,7600000000e+02, 2,6000000000e+01, 1,8308666667e+01, 1,3687750000e+04
 1500485100, 2,2500000000e+02, 1,7600000000e+02, 2,7833333333e+01, 1,8197833333e+01, 1,3689226667e+04
 1500485400, 2,2850000000e+02, 1,7600000000e+02, 3,0800000000e+01, 1,8123833333e+01, 1,3550586667e+04
 1500485700, 2,3513333333e+02, 1,7702666667e+02, 3,6106666667e+01, 1,8132933333e+01, 1,3337453333e+04
 1500486000, 2,3208333333e+02, 1,7293333333e+02, 3,8100000000e+01, 1,7760133333e+01, 1,2719226667e+04
 1500486300, 2,0858333333e+02, 1,5640000000e+02, 3,3066666667e+01, 1,6242166667e+01, 1,1875133333e+04
 1500486600, 1,6000000000e+02, 1,1400000000e+02, 2,6000000000e+01, 1,4287666667e+01, 1,1817433333e+04
 1500486900, 1,6000000000e+02, 1,1400000000e+02, 2,6000000000e+01, 1,2846366667e+01, 1,1850573333e+04
 1500487200, 1,6356666667e+02, 1,1685333333e+02, 2,8853333333e+01, 1,1765433333e+01, 1,1659600000e+04
 1500487500, 1,4691666667e+02, 1,0043333333e+02, 2,7933333333e+01, 1,0352833333e+01, 8,9881500000e+03
 1500487800, 1,2841666667e+02, 8,2733333333e+01, 2,6000000000e+01, 8,7473333333e+00, 7,5617000000e+03
 1500488100, 1,2383333333e+02, 7,8600000000e+01, 2,6000000000e+01, 7,1528333333e+00, 7,1754333333e+03
 1500488400, 1,1500000000e+02, 6,8000000000e+01, 2,6000000000e+01, 5,6441666667e+00, 6,8896500000e+03
 1500488700, 6,0000000000e+01, 2,7666666667e+01, 1,3166666667e+01, 4,2005000000e+00, 6,7327666667e+03
 1500489000, 5,5000000000e+01, 2,4000000000e+01, 1,2000000000e+01, 3,0508333333e+00, 6,7328333333e+03
 1500489300, 5,5000000000e+01, 2,4000000000e+01, 1,0966666667e+01, 2,2255000000e+00, 6,7323666667e+03
 1500489600, 5,5000000000e+01, 2,4000000000e+01, 1,0633333333e+01, 1,6580000000e+00, 6,7350666667e+03
 1500489900, 5,5000000000e+01, 2,4000000000e+01, 1,2000000000e+01, 1,2460000000e+00, 6,7360000000e+03
 1500490200, 5,5000000000e+01, 2,4000000000e+01, 1,2000000000e+01, 9,2933333333e-01, 6,7352833333e+03
 1500490500, 5,5000000000e+01, 2,4000000000e+01, 1,2000000000e+01, 6,8350000000e-01, 6,7357166667e+03
 1500490800, 5,5000000000e+01, 2,4000000000e+01, 1,2000000000e+01, 5,0733333333e-01, 6,7362333333e+03
 1500491100, 5,5000000000e+01, 2,4000000000e+01, 1,2000000000e+01, 3,7840000000e-01, 6,7365733333e+03
 1500491400, 5,5000000000e+01, 2,4000000000e+01, 1,2000000000e+01, 2,8983333333e-01, 6,7361166667e+03
 1500491700, 5,5000000000e+01, 2,4000000000e+01, 1,2000000000e+01, 2,2700000000e-01, 6,7364833333e+03
 1500492000, 5,5000000000e+01, 2,4000000000e+01, 1,2000000000e+01, 1,7933333333e-01, 6,7361166667e+03
 1500492300, 5,5000000000e+01, 2,4000000000e+01, 1,2000000000e+01, 1,3733333333e-01, 6,7361333333e+03
 1500492600, 5,5000000000e+01, 2,4000000000e+01, 1,2000000000e+01, 1,2283333333e-01, 6,7329166667e+03
 1500492900, 5,5000000000e+01, 2,5033333333e+01, 1,2000000000e+01, 1,0283333333e-01, 6,7344000000e+03
 1500493200, 5,5000000000e+01, 2,5366666667e+01, 1,2000000000e+01, 8,7666666667e-02, 6,7350333333e+03
 1500493500, 5,5000000000e+01, 2,4000000000e+01, 1,2000000000e+01, 6,4500000000e-02, 6,7352000000e+03
 1500493800, 5,5000000000e+01, 2,4000000000e+01, 1,2000000000e+01, 5,0000000000e-02, 6,7341666667e+03
 1500494100, 5,5000000000e+01, 2,4000000000e+01, 1,2000000000e+01, 5,0000000000e-02, 6,7345166667e+03
 1500494400, 5,5000000000e+01, 2,4000000000e+01, 1,2000000000e+01, 5,0000000000e-02, 6,7349166667e+03
 1500494700, 5,5000000000e+01, 2,4000000000e+01, 1,2000000000e+01, 5,0000000000e-02, 6,7344833333e+03
 1500495000, 5,5000000000e+01, 2,4000000000e+01, 1,2000000000e+01, 5,0000000000e-02, 6,7351166667e+03
 1500495300, 5,5000000000e+01, 2,4000000000e+01, 1,2000000000e+01, 5,0000000000e-02, 6,7350833333e+03
 1500495600, 5,5000000000e+01, 2,4000000000e+01, 1,2000000000e+01, 5,4333333333e-02, 6,7354000000e+03
 1500495900, 5,5000000000e+01, 2,4000000000e+01, 1,2000000000e+01, 6,6833333333e-02, 6,7359166667e+03
 1500496200, 5,5000000000e+01, 2,4000000000e+01, 1,2000000000e+01, 5,4833333333e-02, 6,7360000000e+03
 1500496500, 5,5000000000e+01, 2,4000000000e+01, 1,2000000000e+01, 5,0000000000e-02, 6,7382000000e+03
 1500496800, 5,5000000000e+01, 2,4000000000e+01, 1,2000000000e+01, 5,0000000000e-02, 6,7358833333e+03
 1500497100, 5,5000000000e+01, 2,4000000000e+01, 1,2000000000e+01, 5,0000000000e-02, 6,7357166667e+03
 1500497400, 5,5000000000e+01, 2,4000000000e+01, 1,2000000000e+01, 5,0000000000e-02, 6,7360833333e+03
 1500497700, 5,5000000000e+01, 2,4000000000e+01, 1,2000000000e+01, 5,0000000000e-02, 6,7354333333e+03
 1500498000, 5,5000000000e+01, 2,4000000000e+01, 1,2000000000e+01, 5,0000000000e-02, 6,7362000000e+03
 1500498300, 5,5000000000e+01, 2,4000000000e+01, 1,2000000000e+01, 5,0000000000e-02, 6,7366000000e+03
 1500498600, 5,5000000000e+01, 2,4000000000e+01, 1,2000000000e+01, 5,0000000000e-02, 6,7360833333e+03
 1500498900, 5,5000000000e+01, 2,4233333333e+01, 1,2000000000e+01, 5,1166666667e-02, 6,7365166667e+03
 1500499200, 5,5000000000e+01, 2,6000000000e+01, 1,2000000000e+01, 5,0833333333e-02, 6,7359666667e+03
 1500499500, 5,5000000000e+01, 2,4166666667e+01, 1,2000000000e+01, 5,0000000000e-02, 6,7368333333e+03
 1500499800, 5,5000000000e+01, 2,4000000000e+01, 1,2000000000e+01, 5,0000000000e-02, 6,7364833333e+03
 1500500100, 5,5000000000e+01, 2,4000000000e+01, 1,0966666667e+01, 5,0000000000e-02, 6,7365166667e+03
 1500500400, 5,5000000000e+01, 2,4000000000e+01, 1,0633333333e+01, 5,0000000000e-02, 6,7365166667e+03
 1500500700, 5,5000000000e+01, 2,4000000000e+01, 1,2000000000e+01, 5,0000000000e-02, 6,7364833333e+03
 1500501000, 5,5000000000e+01, 2,4000000000e+01, 1,2000000000e+01, 5,0000000000e-02, 6,7362833333e+03
 1500501300, 5,5000000000e+01, 2,4000000000e+01, 1,2000000000e+01, 5,0000000000e-02, 6,7367166667e+03
 1500501600, 5,5000000000e+01, 2,4000000000e+01, 1,2000000000e+01, 5,0000000000e-02, 6,7360000000e+03
 1500501900, 5,5000000000e+01, 2,4000000000e+01, 1,2000000000e+01, 6,1500000000e-02, 6,7356833333e+03
 1500502200, 5,5000000000e+01, 2,4000000000e+01, 1,2000000000e+01, 6,5666666667e-02, 6,7356833333e+03
 1500502500, 5,5000000000e+01, 2,4000000000e+01, 1,2000000000e+01, 6,2000000000e-02, 6,7358333333e+03
 1500502800, 5,5000000000e+01, 2,4000000000e+01, 1,2000000000e+01, 5,6833333333e-02, 6,7363166667e+03
 1500503100, 5,5000000000e+01, 2,4000000000e+01, 1,2000000000e+01, 5,0000000000e-02, 6,7366833333e+03
 1500503400, 5,5000000000e+01, 2,4000000000e+01, 1,2000000000e+01, 5,0000000000e-02, 6,7359666667e+03
 1500503700, 6,5333333333e+01, 2,8133333333e+01, 1,8200000000e+01, 5,0000000000e-02, 6,7364333333e+03
 1500504000, 6,8666666667e+01, 2,9466666667e+01, 2,0200000000e+01, 5,0000000000e-02, 6,7366000000e+03
 1500504300, 5,5000000000e+01, 2,4000000000e+01, 1,2000000000e+01, 5,0000000000e-02, 6,7372000000e+03
 1500504600, 5,5000000000e+01, 2,4000000000e+01, 1,2000000000e+01, 5,0000000000e-02, 6,7364000000e+03
 1500504900, 5,5000000000e+01, 2,4000000000e+01, 1,2000000000e+01, 5,0000000000e-02, 6,7374000000e+03
 1500505200, 5,5000000000e+01, 2,4000000000e+01, 1,2000000000e+01, 5,4000000000e-02, 6,7376000000e+03
 1500505500, 5,5000000000e+01, 2,4000000000e+01, 1,2000000000e+01, 5,0000000000e-02, 6,7366000000e+03
 1500505800, 5,5000000000e+01, 2,4000000000e+01, 1,2000000000e+01, 5,0000000000e-02, 6,7368833333e+03
 1500506100, 5,5000000000e+01, 2,4000000000e+01, 1,2000000000e+01, 5,0000000000e-02, 6,7369166667e+03
 1500506400, 5,5000000000e+01, 2,4000000000e+01, 1,2000000000e+01, 5,0000000000e-02, 6,7377166667e+03
 1500506700, 5,5000000000e+01, 2,4000000000e+01, 1,2000000000e+01, 5,0000000000e-02, 6,7383166667e+03
 1500507000, 5,5000000000e+01, 2,4000000000e+01, 1,2000000000e+01, 5,0000000000e-02, 6,7386000000e+03
 1500507300, 5,5000000000e+01, 2,4000000000e+01, 1,2000000000e+01, 5,0000000000e-02, 6,7382833333e+03
 1500507600, 5,5000000000e+01, 2,4000000000e+01, 1,2000000000e+01, 5,0000000000e-02, 6,7385166667e+03
 1500507900, 5,5000000000e+01, 2,4000000000e+01, 1,2000000000e+01, 5,0000000000e-02, 6,7380000000e+03
 1500508200, 5,5000000000e+01, 2,4000000000e+01, 1,2000000000e+01, 5,8000000000e-02, 6,7382833333e+03
 1500508500, 5,5000000000e+01, 2,4000000000e+01, 1,2000000000e+01, 5,2333333333e-02, 6,7376000000e+03
 1500508800, 5,5000000000e+01, 2,4000000000e+01, 1,2000000000e+01, 6,6833333333e-02, 6,7378000000e+03
 1500509100, 5,5000000000e+01, 2,4000000000e+01, 1,2000000000e+01, 6,7166666667e-02, 6,7376000000e+03
 1500509400, 5,5000000000e+01, 2,4000000000e+01, 1,2000000000e+01, 5,5666666667e-02, 6,7378833333e+03
 1500509700, 5,5000000000e+01, 2,4000000000e+01, 1,2000000000e+01, 5,0000000000e-02, 6,7382333333e+03
 1500510000, 5,5000000000e+01, 2,4000000000e+01, 1,2000000000e+01, 5,0000000000e-02, 6,7382833333e+03
 1500510300, 5,5000000000e+01, 2,4000000000e+01, 1,0166666667e+01, 5,0000000000e-02, 6,7398333333e+03
 1500510600, 5,5000000000e+01, 2,4000000000e+01, 1,1433333333e+01, 5,0000000000e-02, 6,7400833333e+03
 1500510900, 5,5000000000e+01, 2,5033333333e+01, 1,2000000000e+01, 5,4000000000e-02, 6,7398333333e+03
 1500511200, 5,5000000000e+01, 2,5366666667e+01, 1,2000000000e+01, 5,0000000000e-02, 6,7397666667e+03
 1500511500, 5,5000000000e+01, 2,4000000000e+01, 1,2000000000e+01, 5,0000000000e-02, 6,7395166667e+03
 1500511800, 5,5000000000e+01, 2,4000000000e+01, 1,2000000000e+01, 5,0000000000e-02, 6,7394833333e+03
 1500512100, 5,5000000000e+01, 2,4000000000e+01, 1,2000000000e+01, 5,2000000000e-02, 6,7390833333e+03
 1500512400, 5,5000000000e+01, 2,4000000000e+01, 1,2000000000e+01, 5,0000000000e-02, 6,7390000000e+03
 1500512700, 5,5000000000e+01, 2,4000000000e+01, 1,2000000000e+01, 5,0000000000e-02, 6,7387166667e+03
 1500513000, 5,5000000000e+01, 2,4000000000e+01, 1,1366666667e+01, 5,2000000000e-02, 6,7390000000e+03
 1500513300, 5,5000000000e+01, 2,4000000000e+01, 1,0233333333e+01, 5,0000000000e-02, 6,7390000000e+03
 1500513600, 5,5000000000e+01, 2,4000000000e+01, 1,2000000000e+01, 5,0000000000e-02, 6,7382833333e+03
 1500513900, 5,5000000000e+01, 2,4000000000e+01, 1,2000000000e+01, 5,0000000000e-02, 6,7387166667e+03
 1500514200, 5,5000000000e+01, 2,4000000000e+01, 1,2000000000e+01, 5,2000000000e-02, 6,7393166667e+03
 1500514500, 5,5000000000e+01, 2,4000000000e+01, 1,2000000000e+01, 5,4000000000e-02, 6,7386833333e+03
 1500514800, 5,5000000000e+01, 2,4000000000e+01, 1,2000000000e+01, 5,0000000000e-02, 6,7392000000e+03
 1500515100, 5,5000000000e+01, 2,4000000000e+01, 1,2000000000e+01, 5,0000000000e-02, 6,7393133333e+03
 1500515400, 5,5000000000e+01, 2,4000000000e+01, 1,2000000000e+01, 5,0000000000e-02, 6,7396833333e+03
 1500515700, 5,5000000000e+01, 2,4000000000e+01, 1,0166666667e+01, 5,0000000000e-02, 6,7388833333e+03
 1500516000, 6,5750000000e+01, 2,8300000000e+01, 1,7166666667e+01, 5,2000000000e-02, 6,7387166667e+03
 1500516300, 6,2250000000e+01, 2,6900000000e+01, 1,5866666667e+01, 5,0000000000e-02, 6,7382000000e+03
 1500516600, 5,5000000000e+01, 2,4000000000e+01, 1,2000000000e+01, 5,0000000000e-02, 6,7378833333e+03
 1500516900, 5,5000000000e+01, 2,4000000000e+01, 1,2000000000e+01, 5,1166666667e-02, 6,7381166667e+03
 1500517200, 5,5000000000e+01, 2,4000000000e+01, 1,2000000000e+01, 5,0833333333e-02, 6,7382833333e+03
 1500517500, 5,5000000000e+01, 2,4000000000e+01, 1,0166666667e+01, 5,4033333333e-02, 6,7385200000e+03
 1500517800, 5,5000000000e+01, 2,4000000000e+01, 1,1433333333e+01, 5,2000000000e-02, 6,7390000000e+03
 1500518100, 5,5000000000e+01, 2,4000000000e+01, 1,2000000000e+01, 5,0000000000e-02, 6,7413166667e+03
 1500518400, 5,5000000000e+01, 2,4000000000e+01, 1,2000000000e+01, 5,0000000000e-02, 6,7394833333e+03
 1500518700, 5,5000000000e+01, 2,4000000000e+01, 1,2000000000e+01, 5,0000000000e-02, 6,7386833333e+03
 1500519000, 5,5000000000e+01, 2,4000000000e+01, 1,2000000000e+01, 5,0000000000e-02, 6,7386000000e+03
 1500519300, 5,5000000000e+01, 2,4000000000e+01, 1,2000000000e+01, 5,0000000000e-02, 6,7383166667e+03
 1500519600, 5,5000000000e+01, 2,4000000000e+01, 1,2000000000e+01, 5,0000000000e-02, 6,7396000000e+03
 1500519900, 5,5000000000e+01, 2,4000000000e+01, 1,2000000000e+01, 5,0000000000e-02, 6,7396000000e+03
 1500520200, 5,5000000000e+01, 2,4000000000e+01, 1,2000000000e+01, 5,0000000000e-02, 6,7393166667e+03
 1500520500, 5,5583333333e+01, 2,4700000000e+01, 1,1766666667e+01, 5,0000000000e-02, 6,7392000000e+03
 1500520800, 6,0000000000e+01, 3,0000000000e+01, 1,0000000000e+01, 5,4000000000e-02, 6,7391966667e+03
 1500521100, 5,5416666667e+01, 2,4500000000e+01, 1,1833333333e+01, 5,0000000000e-02, 6,7404000000e+03
 1500521400, 5,5000000000e+01, 2,5433333333e+01, 1,2000000000e+01, 5,0000000000e-02, 6,7398833333e+03
 1500521700, 5,5000000000e+01, 2,4966666667e+01, 1,2000000000e+01, 5,0000000000e-02, 6,7394000000e+03
 1500522000, 5,5000000000e+01, 2,4000000000e+01, 1,2000000000e+01, 5,3166666667e-02, 6,7393166667e+03
 1500522300, 5,5000000000e+01, 2,4000000000e+01, 1,2000000000e+01, 5,8833333333e-02, 6,7394000000e+03
 1500522600, 5,5000000000e+01, 2,4000000000e+01, 1,2000000000e+01, 5,0000000000e-02, 6,7392833333e+03
 1500522900, 5,5000000000e+01, 2,4000000000e+01, 1,0166666667e+01, 5,0000000000e-02, 6,7401166667e+03
 1500523200, 5,5000000000e+01, 2,4000000000e+01, 1,1433333333e+01, 5,0000000000e-02, 6,7410333333e+03
 1500523500, 5,5000000000e+01, 2,4000000000e+01, 1,2000000000e+01, 5,0000000000e-02, 6,7404500000e+03
 1500523800, 5,5000000000e+01, 2,4000000000e+01, 1,2000000000e+01, 5,0000000000e-02, 6,7396000000e+03
 1500524100, 5,5000000000e+01, 2,4000000000e+01, 1,2000000000e+01, 5,0000000000e-02, 6,7399500000e+03
 1500524400, 5,5000000000e+01, 2,4000000000e+01, 1,2000000000e+01, 5,0000000000e-02, 6,7402833333e+03
 1500524700, 5,5000000000e+01, 2,5833333333e+01, 1,2000000000e+01, 5,0000000000e-02, 6,7404000000e+03
 1500525000, 5,5000000000e+01, 2,4566666667e+01, 1,2000000000e+01, 5,0000000000e-02, 6,7409166667e+03
 1500525300, 5,5000000000e+01, 2,4000000000e+01, 1,2000000000e+01, 5,0000000000e-02, 6,7401666667e+03
 1500525600, 5,5000000000e+01, 2,4000000000e+01, 1,2000000000e+01, 5,0000000000e-02, 6,7400000000e+03
 1500525900, 5,5000000000e+01, 2,4000000000e+01, 1,1766666667e+01, 5,0000000000e-02, 6,7398833333e+03
 1500526200, 5,5000000000e+01, 2,4000000000e+01, 1,0000000000e+01, 5,0000000000e-02, 6,7403166667e+03
 1500526500, 5,5000000000e+01, 2,4000000000e+01, 1,1833333333e+01, 5,0000000000e-02, 6,7398833333e+03
 1500526800, 5,5000000000e+01, 2,4000000000e+01, 1,2000000000e+01, 5,1166666667e-02, 6,7399166667e+03
 1500527100, 5,5000000000e+01, 2,4000000000e+01, 1,2000000000e+01, 5,6833333333e-02, 6,7405166667e+03
 1500527400, 5,5000000000e+01, 2,4000000000e+01, 1,2000000000e+01, 5,0000000000e-02, 6,7402833333e+03
 1500527700, 5,5000000000e+01, 2,4000000000e+01, 1,2000000000e+01, 5,0000000000e-02, 6,7397166667e+03
 1500528000, 5,5000000000e+01, 2,4000000000e+01, 1,2000000000e+01, 5,0000000000e-02, 6,7400833333e+03
 1500528300, 5,5000000000e+01, 2,4000000000e+01, 1,2000000000e+01, 5,0000000000e-02, 6,7403166667e+03
 1500528600, 5,5000000000e+01, 2,4000000000e+01, 1,2000000000e+01, 5,0000000000e-02, 6,7406833333e+03
 1500528900, 5,5000000000e+01, 2,4000000000e+01, 1,2000000000e+01, 5,0000000000e-02, 6,7407166667e+03
 1500529200, 5,5000000000e+01, 2,4000000000e+01, 1,1366666667e+01, 5,0000000000e-02, 6,7404833333e+03
 1500529500, 5,5000000000e+01, 2,4000000000e+01, 1,0233333333e+01, 5,0000000000e-02, 6,7397166667e+03
 1500529800, 5,5000000000e+01, 2,4000000000e+01, 1,2000000000e+01, 5,0000000000e-02, 6,7402833333e+03
 1500530100, 5,5000000000e+01, 2,4000000000e+01, 1,2000000000e+01, 5,0000000000e-02, 6,7410333333e+03
 1500530400, 5,5000000000e+01, 2,4000000000e+01, 1,2000000000e+01, 5,0000000000e-02, 6,7403666667e+03
 1500530700, 5,5000000000e+01, 2,4000000000e+01, 1,2000000000e+01, 5,0000000000e-02, 6,7410000000e+03
 1500531000, 5,5000000000e+01, 2,4000000000e+01, 1,2000000000e+01, 5,0000000000e-02, 6,7409933333e+03
 1500531300, 5,5000000000e+01, 2,4000000000e+01, 1,2000000000e+01, 5,0000000000e-02, 6,7405166667e+03
 1500531600, 5,5000000000e+01, 2,4000000000e+01, 1,2000000000e+01, 5,0000000000e-02, 6,7404000000e+03
 1500531900, 5,5000000000e+01, 2,5833333333e+01, 1,2000000000e+01, 5,0000000000e-02, 6,7406833333e+03
 1500532200, 5,5000000000e+01, 2,4566666667e+01, 1,2000000000e+01, 5,0000000000e-02, 6,7404000000e+03
 1500532500, 5,5000000000e+01, 2,4000000000e+01, 1,2000000000e+01, 5,0000000000e-02, 6,7411133333e+03
 1500532800, 5,5000000000e+01, 2,4000000000e+01, 1,2000000000e+01, 5,0000000000e-02, 6,7404833333e+03
 1500533100, 5,5000000000e+01, 2,4000000000e+01, 1,2000000000e+01, 5,1166666667e-02, 6,7406333333e+03
 1500533400, 5,5000000000e+01, 2,4000000000e+01, 1,2000000000e+01, 5,2833333333e-02, 6,7404833333e+03
 1500533700, 5,5000000000e+01, 2,4000000000e+01, 1,0166666667e+01, 6,6333333333e-02, 6,7408666667e+03
 1500534000, 5,5000000000e+01, 2,4000000000e+01, 1,1433333333e+01, 6,0833333333e-02, 6,7408333333e+03
 1500534300, 5,5000000000e+01, 2,4000000000e+01, 1,2000000000e+01, 5,4833333333e-02, 6,7404833333e+03
 1500534600, 5,5000000000e+01, 2,4633333333e+01, 1,2633333333e+01, 5,0000000000e-02, 6,7409166667e+03
 1500534900, 5,5000000000e+01, 2,5766666667e+01, 1,3766666667e+01, 5,0000000000e-02, 6,7415166667e+03
 1500535200, 5,5000000000e+01, 2,4000000000e+01, 1,2000000000e+01, 5,0000000000e-02, 6,7421666667e+03
 1500535500, 5,5000000000e+01, 2,4000000000e+01, 1,2000000000e+01, 5,0000000000e-02, 6,7416000000e+03
 1500535800, 5,5000000000e+01, 2,4000000000e+01, 1,2000000000e+01, 5,0000000000e-02, 6,7420000000e+03
 1500536100, 5,5000000000e+01, 2,4000000000e+01, 1,2000000000e+01, 5,0000000000e-02, 6,7418833333e+03
 1500536400, 5,5000000000e+01, 2,4000000000e+01, 1,2000000000e+01, 5,0000000000e-02, 6,7413166667e+03
 1500536700, 5,5000000000e+01, 2,4000000000e+01, 1,2000000000e+01, 5,0000000000e-02, 6,7417166667e+03
 1500537000, 5,5000000000e+01, 2,4000000000e+01, 1,2000000000e+01, 5,2000000000e-02, 6,7416000000e+03
 1500537300, 5,5000000000e+01, 2,4000000000e+01, 1,2000000000e+01, 5,0000000000e-02, 6,7427166667e+03
 1500537600, 5,5000000000e+01, 2,4000000000e+01, 1,0566666667e+01, 5,2333333333e-02, 6,7454666667e+03
 1500537900, 6,7916666667e+01, 3,0200000000e+01, 1,7233333333e+01, 2,3933333333e-01, 6,7887000000e+03
 1500538200, 8,0000000000e+01, 3,6633333333e+01, 2,4000000000e+01, 5,2600000000e-01, 6,7897500000e+03
 1500538500, 8,0000000000e+01, 3,7766666667e+01, 2,4000000000e+01, 7,0750000000e-01, 6,7920833333e+03
 1500538800, 8,0000000000e+01, 3,6000000000e+01, 2,4000000000e+01, 8,6233333333e-01, 6,7912000000e+03
 1500539100, 8,0000000000e+01, 3,6000000000e+01, 2,4000000000e+01, 9,6733333333e-01, 6,7912000000e+03
 1500539400, 8,0000000000e+01, 3,7433333333e+01, 2,4000000000e+01, 1,0505000000e+00, 6,7924333333e+03
 1500539700, 8,0000000000e+01, 3,8000000000e+01, 2,4000000000e+01, 1,1218333333e+00, 6,7923666667e+03
 1500540000, 8,0000000000e+01, 3,8000000000e+01, 2,4000000000e+01, 1,1658333333e+00, 6,7910000000e+03
 1500540300, 8,0000000000e+01, 3,7773333333e+01, 2,4000000000e+01, 1,2003333333e+00, 6,7903966667e+03
 1500540600, 8,0000000000e+01, 3,6000000000e+01, 2,4000000000e+01, 1,2076666667e+00, 6,7911166667e+03
 1500540900, 8,0000000000e+01, 3,6000000000e+01, 2,4000000000e+01, 1,1943333333e+00, 6,7916000000e+03
 1500541200, 8,0000000000e+01, 3,6000000000e+01, 2,4000000000e+01, 1,1983333333e+00, 6,7949666667e+03
 1500541500, 6,7083333333e+01, 2,9800000000e+01, 1,7800000000e+01, 9,4700000000e-01, 6,8012833333e+03
 1500541800, 5,5000000000e+01, 2,4000000000e+01, 1,1366666667e+01, 6,9233333333e-01, 6,8014000000e+03
 1500542100, 5,5000000000e+01, 2,4000000000e+01, 1,0233333333e+01, 5,1166666667e-01, 6,8010333333e+03
 1500542400, 5,5000000000e+01, 2,4000000000e+01, 1,2000000000e+01, 3,8000000000e-01, 6,8014500000e+03
 1500542700, 5,5000000000e+01, 2,4000000000e+01, 1,2000000000e+01, 2,8150000000e-01, 6,8008000000e+03
 1500543000, 5,5000000000e+01, 2,4000000000e+01, 1,2000000000e+01, 2,0900000000e-01, 6,8013500000e+03
 1500543300, 5,5000000000e+01, 2,4000000000e+01, 1,2000000000e+01, 1,5416666667e-01, 6,8018833333e+03
 1500543600, 5,5000000000e+01, 2,4000000000e+01, 1,2000000000e+01, 1,1566666667e-01, 6,8011666667e+03
 1500543900, 5,5000000000e+01, 2,4000000000e+01, 1,2000000000e+01, 9,0500000000e-02, 6,8008333333e+03
 1500544200, 5,5000000000e+01, 2,4000000000e+01, 1,2000000000e+01, 7,0833333333e-02, 6,8020000000e+03
 1500544500, 5,5000000000e+01, 2,4000000000e+01, 1,2000000000e+01, 5,5666666667e-02, 6,8018833333e+03
 1500544800, 5,5000000000e+01, 2,4000000000e+01, 1,2000000000e+01, 5,0000000000e-02, 6,8013166667e+03
 1500545100, 5,5000000000e+01, 2,4000000000e+01, 1,2000000000e+01, 5,0000000000e-02, 6,8018833333e+03
 1500545400, 5,5000000000e+01, 2,4000000000e+01, 1,1366666667e+01, 5,0000000000e-02, 6,8018333333e+03
 1500545700, 5,5000000000e+01, 2,4000000000e+01, 1,0233333333e+01, 5,7166666667e-02, 6,8021166667e+03
 1500546000, 5,5000000000e+01, 2,4000000000e+01, 1,2000000000e+01, 6,5166666667e-02, 6,8023666667e+03
 1500546300, 5,5000000000e+01, 2,4000000000e+01, 1,2000000000e+01, 5,5666666667e-02, 6,8016833333e+03
 1500546600, 5,5000000000e+01, 2,4000000000e+01, 1,2000000000e+01, 5,0000000000e-02, 6,8020333333e+03
 1500546900, 5,5000000000e+01, 2,4000000000e+01, 1,2000000000e+01, 5,0000000000e-02, 6,8021666667e+03
 1500547200, 5,5000000000e+01, 2,4000000000e+01, 1,1366666667e+01, 5,0000000000e-02, 6,8019133333e+03
 1500547500, 5,6750000000e+01, 2,5166666667e+01, 1,0933333333e+01, 5,0000000000e-02, 6,8017166667e+03
 1500547800, 7,0000000000e+01, 3,4000000000e+01, 1,8000000000e+01, 5,0000000000e-02, 6,8022000000e+03
 1500548100, 5,6250000000e+01, 2,4833333333e+01, 1,2500000000e+01, 5,0000000000e-02, 6,8021666667e+03
 1500548400, 5,5000000000e+01, 2,4000000000e+01, 1,2000000000e+01, 5,0000000000e-02, 6,8021166667e+03
 1500548700, 5,5000000000e+01, 2,4000000000e+01, 1,2000000000e+01, 5,0000000000e-02, 6,8024000000e+03
 1500549000, 5,5000000000e+01, 2,4000000000e+01, 1,2000000000e+01, 5,0000000000e-02, 6,8021133333e+03
 1500549300, 5,5000000000e+01, 2,4000000000e+01, 1,2000000000e+01, 5,0000000000e-02, 6,8022000000e+03
 1500549600, 5,5000000000e+01, 2,4000000000e+01, 1,2000000000e+01, 5,0000000000e-02, 6,8020833333e+03
 1500549900, 5,5000000000e+01, 2,4000000000e+01, 1,2000000000e+01, 5,0000000000e-02, 6,8021166667e+03
 1500550200, 5,5000000000e+01, 2,4000000000e+01, 1,2000000000e+01, 5,0000000000e-02, 6,8014000000e+03
 1500550500, 5,5000000000e+01, 2,4000000000e+01, 1,2000000000e+01, 5,0000000000e-02, 6,8020833333e+03
 1500550800, 5,5000000000e+01, 2,4000000000e+01, 1,2000000000e+01, 5,0000000000e-02, 6,8007666667e+03
 1500551100, 5,5000000000e+01, 2,4000000000e+01, 1,2000000000e+01, 5,0000000000e-02, 6,8015500000e+03
 1500551400, 5,5000000000e+01, 2,4000000000e+01, 1,2000000000e+01, 5,0000000000e-02, 6,8021666667e+03
 1500551700, 5,5000000000e+01, 2,4000000000e+01, 1,2000000000e+01, 5,0000000000e-02, 6,8014000000e+03
 1500552000, 5,5000000000e+01, 2,4000000000e+01, 1,2000000000e+01, 5,7166666667e-02, 6,8020333333e+03
 1500552300, 5,5000000000e+01, 2,4000000000e+01, 1,2000000000e+01, 6,5166666667e-02, 6,8017666667e+03
 1500552600, 5,5000000000e+01, 2,4000000000e+01, 1,2000000000e+01, 6,2833333333e-02, 6,8017166667e+03
 1500552900, 5,5000000000e+01, 2,4000000000e+01, 1,2000000000e+01, 5,4833333333e-02, 6,8016000000e+03
 1500553200, 5,5000000000e+01, 2,4000000000e+01, 1,2000000000e+01, 5,4000000000e-02, 6,8012833333e+03
 1500553500, 5,5000000000e+01, 2,4000000000e+01, 1,2000000000e+01, 5,0000000000e-02, 6,8013166667e+03
 1500553800, 5,5000000000e+01, 2,4000000000e+01, 1,2000000000e+01, 5,0000000000e-02, 6,8018000000e+03
 1500554100, 5,5000000000e+01, 2,4000000000e+01, 1,2000000000e+01, 5,0000000000e-02, 6,8016000000e+03
 1500554400, 5,5000000000e+01, 2,4000000000e+01, 1,2000000000e+01, 5,0000000000e-02, 6,8016833333e+03
 1500554700, 5,5000000000e+01, 2,4000000000e+01, 1,2000000000e+01, 5,0000000000e-02, 6,8015166667e+03
 1500555000, 5,5000000000e+01, 2,4000000000e+01, 1,2000000000e+01, 5,0000000000e-02, 6,8024000000e+03
 1500555300, 5,5000000000e+01, 2,4000000000e+01, 1,2000000000e+01, 5,0000000000e-02, 6,8016000000e+03
 1500555600, 5,5000000000e+01, 2,5433333333e+01, 1,2000000000e+01, 5,2000000000e-02, 6,8018000000e+03
 1500555900, 5,5000000000e+01, 2,4966666667e+01, 1,2000000000e+01, 5,0000000000e-02, 6,8023166667e+03
 1500556200, 5,5000000000e+01, 2,4000000000e+01, 1,1366666667e+01, 5,0000000000e-02, 6,8025666667e+03
 1500556500, 5,5000000000e+01, 2,4000000000e+01, 1,0233333333e+01, 5,0000000000e-02, 6,8011166667e+03
 1500556800, 5,5000000000e+01, 2,4000000000e+01, 1,2000000000e+01, 5,0000000000e-02, 6,8020000000e+03
 1500557100, 5,5000000000e+01, 2,4000000000e+01, 1,2000000000e+01, 5,0000000000e-02, 6,8018000000e+03
 1500557400, 5,5000000000e+01, 2,4000000000e+01, 1,2000000000e+01, 5,0000000000e-02, 6,8020000000e+03
 1500557700, 5,5000000000e+01, 2,4000000000e+01, 1,2000000000e+01, 5,0000000000e-02, 6,8016000000e+03
 1500558000, 5,5000000000e+01, 2,4000000000e+01, 1,2000000000e+01, 5,0000000000e-02, 6,8021166667e+03
 1500558300, 5,5000000000e+01, 2,4000000000e+01, 1,2000000000e+01, 5,9166666667e-02, 6,8024000000e+03
 1500558600, 5,5000000000e+01, 2,4000000000e+01, 1,2000000000e+01, 6,1166666667e-02, 6,8022000000e+03
 1500558900, 5,5000000000e+01, 2,4000000000e+01, 1,2000000000e+01, 6,6833333333e-02, 6,8029166667e+03
 1500559200, 5,5000000000e+01, 2,4000000000e+01, 1,0566666667e+01, 5,4833333333e-02, 6,8025666667e+03
 1500559500, 5,5000000000e+01, 2,4000000000e+01, 1,1033333333e+01, 5,0000000000e-02, 6,8019166667e+03
 1500559800, 5,5000000000e+01, 2,4000000000e+01, 1,2000000000e+01, 5,0000000000e-02, 6,8032000000e+03
 1500560100, 5,5000000000e+01, 2,4000000000e+01, 1,2000000000e+01, 5,0000000000e-02, 6,8028000000e+03
 1500560400, 5,5000000000e+01, 2,4000000000e+01, 1,2000000000e+01, 5,0000000000e-02, 6,8026833333e+03
 1500560700, 5,5000000000e+01, 2,4000000000e+01, 1,2000000000e+01, 5,0000000000e-02, 6,8022333333e+03
 1500561000, 5,5000000000e+01, 2,4000000000e+01, 1,0566666667e+01, 5,0000000000e-02, 6,8032833333e+03
 1500561300, 5,5000000000e+01, 2,4000000000e+01, 1,0000000000e+01, 5,0000000000e-02, 6,8037166667e+03
 1500561600, 5,5000000000e+01, 2,4000000000e+01, 1,0633333333e+01, 5,0000000000e-02, 6,8034833333e+03
 1500561900, 5,5000000000e+01, 2,4000000000e+01, 1,2000000000e+01, 5,0000000000e-02, 6,8031166667e+03
 1500562200, 5,5000000000e+01, 2,4000000000e+01, 1,2000000000e+01, 5,2000000000e-02, 6,8030833333e+03
 1500562500, 5,5000000000e+01, 2,4000000000e+01, 1,2000000000e+01, 5,0000000000e-02, 6,8032000000e+03
 1500562800, 5,5000000000e+01, 2,4000000000e+01, 1,2000000000e+01, 5,0000000000e-02, 6,8032000000e+03
 1500563100, 5,5000000000e+01, 2,4000000000e+01, 1,0966666667e+01, 5,0000000000e-02, 6,8026000000e+03
 1500563400, 5,5000000000e+01, 2,4000000000e+01, 1,0000000000e+01, 5,0000000000e-02, 6,8028000000e+03
 1500563700, 5,5000000000e+01, 2,4000000000e+01, 1,0233333333e+01, 5,0000000000e-02, 6,8037166667e+03
 1500564000, 5,5000000000e+01, 2,4000000000e+01, 1,2000000000e+01, 5,0000000000e-02, 6,8034000000e+03
 1500564300, 5,5000000000e+01, 2,4000000000e+01, 1,2000000000e+01, 5,0000000000e-02, 6,8032833333e+03
 1500564600, 5,5000000000e+01, 2,4000000000e+01, 1,2000000000e+01, 5,2000000000e-02, 6,8036333333e+03
 1500564900, 5,5000000000e+01, 2,4000000000e+01, 1,2000000000e+01, 5,0000000000e-02, 6,8029666667e+03
 1500565200, 5,5000000000e+01, 2,4000000000e+01, 1,2000000000e+01, 5,3166666667e-02, 6,8030833333e+03
 1500565500, 5,5000000000e+01, 2,4000000000e+01, 1,1766666667e+01, 6,2000000000e-02, 6,8029166667e+03
 1500565800, 5,5000000000e+01, 2,4000000000e+01, 1,0000000000e+01, 5,0833333333e-02, 6,8028000000e+03
 1500566100, 7,3333333333e+01, 3,3166666667e+01, 2,2833333333e+01, 5,5133333333e-02, 6,8024866667e+03
 1500566400, 6,0666666667e+01, 2,6833333333e+01, 1,5400000000e+01, 5,2833333333e-02, 6,8027166667e+03
 1500566700, 5,5000000000e+01, 2,4000000000e+01, 1,2000000000e+01, 5,0000000000e-02, 6,8028000000e+03
 1500567000, 5,5000000000e+01, 2,4000000000e+01, 1,2000000000e+01, 5,0000000000e-02, 6,8026000000e+03
 1500567300, 5,5000000000e+01, 2,4000000000e+01, 1,2000000000e+01, 5,0000000000e-02, 6,8025166667e+03
 1500567600, 5,5000000000e+01, 2,4000000000e+01, 1,2000000000e+01, 5,0000000000e-02, 6,8027666667e+03
 1500567900, 5,5000000000e+01, 2,4000000000e+01, 1,2000000000e+01, 5,0000000000e-02, 6,8028333333e+03
 1500568200, 5,5000000000e+01, 2,4000000000e+01, 1,2000000000e+01, 5,0000000000e-02, 6,8038000000e+03
 1500568500, 5,5000000000e+01, 2,4000000000e+01, 1,2000000000e+01, 5,0000000000e-02, 6,8040000000e+03
 1500568800, 5,5000000000e+01, 2,4000000000e+01, 1,2000000000e+01, 5,0000000000e-02, 6,8031666667e+03
 1500569100, 5,5000000000e+01, 2,4000000000e+01, 1,2000000000e+01, 5,0000000000e-02, 6,8034333333e+03
 1500569400, 5,5000000000e+01, 2,4000000000e+01, 1,2000000000e+01, 9,8016666667e-01, 7,4101166667e+03
 1500569700, 2,5666666667e+02, 1,8350000000e+02, 5,0500000000e+01, 2,9290000000e+00, 6,9074666667e+03
 1500570000, 2,6783333333e+02, 1,9370000000e+02, 5,4000000000e+01, 4,4403333333e+00, 7,7479166667e+03
 1500570300, 1,5650000000e+02, 1,0623333333e+02, 3,2300000000e+01, 5,0815000000e+00, 7,1752333333e+03
 1500570600, 5,5000000000e+01, 2,6000000000e+01, 1,2000000000e+01, 6,3075000000e+00, 7,1430166667e+03
 1500570900, 8,0666666667e+01, 4,6300000000e+01, 1,6900000000e+01, 6,5141666667e+00, 7,7392166667e+03
 1500571200, 2,7500000000e+02, 2,0000000000e+02, 5,4000000000e+01, 6,4356666667e+00, 7,1768500000e+03
 1500571500, 2,7500000000e+02, 1,9633333333e+02, 5,9500000000e+01, 7,2890000000e+00, 7,1433000000e+03
 1500571800, 1,3525000000e+02, 8,7066666667e+01, 2,9900000000e+01, 7,1145000000e+00, 7,7352000000e+03
 1500572100, 6,7083333333e+01, 3,3666666667e+01, 1,4900000000e+01, 7,2246666667e+00, 7,1676000000e+03
 1500572400, 5,5000000000e+01, 2,4633333333e+01, 1,2000000000e+01, 7,7630000000e+00, 7,1365500000e+03
 1500572700, 8,0666666667e+01, 4,6300000000e+01, 1,7133333333e+01, 7,5218333333e+00, 7,7189000000e+03
 1500573000, 2,7500000000e+02, 2,0000000000e+02, 5,6000000000e+01, 7,5496666667e+00, 7,1561500000e+03
 1500573300, 1,6500000000e+02, 1,1750000000e+02, 2,8500000000e+01, 7,6243333333e+00, 2,4971966667e+04
 1500573600, 1,5500000000e+02, 1,1143333333e+02, 2,6000000000e+01, 7,7345000000e+00, 4,1855000000e+04
 1500573900, 1,5500000000e+02, 1,1200000000e+02, 2,6000000000e+01, 7,8070000000e+00, 4,1854683333e+04
 1500574200, 1,5500000000e+02, 1,1200000000e+02, 2,6000000000e+01, 7,8658333333e+00, 4,1855633333e+04
 1500574500, 1,5500000000e+02, 1,1200000000e+02, 2,6000000000e+01, 7,9026666667e+00, 4,1855716667e+04
 1500574800, 1,5500000000e+02, 1,1200000000e+02, 2,6000000000e+01, 7,9403333333e+00, 4,1855883333e+04
 1500575100, 1,5500000000e+02, 1,1200000000e+02, 2,6000000000e+01, 7,9330000000e+00, 4,3871433333e+04
 1500575400, 1,5500000000e+02, 1,1056666667e+02, 2,7433333333e+01, 7,8615000000e+00, 5,1857166667e+04
 1500575700, 1,6016666667e+02, 1,1310000000e+02, 2,8000000000e+01, 7,4836666667e+00, 5,1924833333e+04
 1500576000, 1,6500000000e+02, 1,1600000000e+02, 2,8000000000e+01, 7,3076666667e+00, 5,1926316667e+04
 1500576300, 1,6441666667e+02, 1,1600000000e+02, 2,8000000000e+01, 7,0470000000e+00, 5,1957600000e+04
 1500576600, 1,6000000000e+02, 1,1600000000e+02, 2,8000000000e+01, 6,8813333333e+00, 5,1925566667e+04
 1500576900, 1,6000000000e+02, 1,1600000000e+02, 2,8000000000e+01, 6,6250000000e+00, 5,1974433333e+04
 1500577200, 1,6358333333e+02, 1,1600000000e+02, 2,8000000000e+01, 6,3766666667e+00, 5,1921400000e+04
 1500577500, 1,6241666667e+02, 1,1393333333e+02, 2,8000000000e+01, 6,2763333333e+00, 5,1946716667e+04
 1500577800, 1,6158333333e+02, 1,1326666667e+02, 2,8000000000e+01, 6,3173333333e+00, 4,6866250000e+04
 1500578100, 1,6383333333e+02, 1,1506666667e+02, 2,7766666667e+01, 6,6310000000e+00, 7,3636666667e+03
 1500578400, 1,5500000000e+02, 1,0800000000e+02, 2,6000000000e+01, 7,0113333333e+00, 3,1934833333e+04
 1500578700, 1,5500000000e+02, 1,1166666667e+02, 2,6000000000e+01, 7,2920000000e+00, 4,1839316667e+04
 1500579000, 1,5500000000e+02, 1,1200000000e+02, 2,6000000000e+01, 7,4845666667e+00, 4,1838906667e+04
 1500579300, 1,5500000000e+02, 1,1200000000e+02, 2,6000000000e+01, 7,6311666667e+00, 4,1839450000e+04
 1500579600, 1,5658333333e+02, 1,1200000000e+02, 2,6000000000e+01, 7,7405000000e+00, 4,1839433333e+04
 1500579900, 1,5941666667e+02, 1,1200000000e+02, 2,6000000000e+01, 7,8150000000e+00, 4,2406533333e+04
 1500580200, 1,5500000000e+02, 1,1200000000e+02, 2,6000000000e+01, 7,5945000000e+00, 5,1503216667e+04
 1500580500, 1,6416666667e+02, 1,1566666667e+02, 2,7833333333e+01, 7,0130000000e+00, 5,1948150000e+04
 1500580800, 1,6500000000e+02, 1,1600000000e+02, 2,8000000000e+01, 6,5290000000e+00, 5,1997000000e+04
 1500581100, 1,6500000000e+02, 1,1600000000e+02, 2,8000000000e+01, 6,2838333333e+00, 5,1998083333e+04
 1500581400, 1,6500000000e+02, 1,1663333333e+02, 2,8000000000e+01, 5,9525000000e+00, 5,1998233333e+04
 1500581700, 1,6383333333e+02, 1,1730000000e+02, 2,7766666667e+01, 5,6656666667e+00, 4,7430533333e+04
 1500582000, 1,5500000000e+02, 1,1200000000e+02, 2,6000000000e+01, 5,9723333333e+00, 7,9007500000e+03
 1500582300, 1,5500000000e+02, 1,1016666667e+02, 2,6000000000e+01, 6,5351666667e+00, 3,1934216667e+04
 1500582600, 1,5858333333e+02, 1,1143333333e+02, 2,6000000000e+01, 6,9528333333e+00, 4,1841316667e+04
 1500582900, 1,6000000000e+02, 1,1200000000e+02, 2,6000000000e+01, 7,2420000000e+00, 4,1843083333e+04
 1500583200, 1,6000000000e+02, 1,1263333333e+02, 2,6000000000e+01, 7,4601666667e+00, 4,1840916667e+04
 1500583500, 1,6000000000e+02, 1,1376666667e+02, 2,6000000000e+01, 7,6215000000e+00, 4,1840200000e+04
 1500583800, 1,6000000000e+02, 1,1200000000e+02, 2,6000000000e+01, 7,7401666667e+00, 4,2414300000e+04
 1500584100, 9,5833333333e+01, 4,7833333333e+01, 2,7833333333e+01, 7,5391666667e+00, 5,1621866667e+04
 1500584400, 1,4375000000e+02, 9,5033333333e+01, 2,8000000000e+01, 6,9013333333e+00, 5,2138000000e+04
 1500584700, 1,6500000000e+02, 1,1600000000e+02, 2,8000000000e+01, 6,4757000000e+00, 5,2138546667e+04
 1500585000, 1,6500000000e+02, 1,1600000000e+02, 2,8000000000e+01, 6,2361666667e+00, 5,2139833333e+04
 1500585300, 1,6500000000e+02, 1,1623333333e+02, 2,8000000000e+01, 6,0370000000e+00, 5,2139916667e+04
 1500585600, 1,6500000000e+02, 1,1800000000e+02, 2,8000000000e+01, 5,7773333333e+00, 5,2073883333e+04
 1500585900, 1,6500000000e+02, 1,1616666667e+02, 2,8000000000e+01, 5,5815000000e+00, 5,2121550000e+04
 1500586200, 1,6500000000e+02, 1,1743333333e+02, 2,8000000000e+01, 5,4756666667e+00, 5,2140250000e+04
 1500586500, 1,6500000000e+02, 1,1800000000e+02, 2,8000000000e+01, 5,5658333333e+00, 3,9163200000e+04
 1500586800, 1,6183333333e+02, 1,1483333333e+02, 2,7366666667e+01, 6,1103333333e+00, 7,2435000000e+03
 1500587100, 1,5500000000e+02, 1,0846666667e+02, 2,6000000000e+01, 6,6313333333e+00, 3,8914116667e+04
 1500587400, 1,5500000000e+02, 1,1200000000e+02, 2,6000000000e+01, 7,0116666667e+00, 4,1827600000e+04
 1500587700, 1,5958333333e+02, 1,1200000000e+02, 2,6000000000e+01, 7,3020000000e+00, 4,1826883333e+04
 1500588000, 1,6000000000e+02, 1,1200000000e+02, 2,6000000000e+01, 7,5018333333e+00, 4,1828666667e+04
 1500588300, 1,6000000000e+02, 1,1200000000e+02, 2,6000000000e+01, 7,6400000000e+00, 4,1829283333e+04
 1500588600, 1,6316666667e+02, 1,1326666667e+02, 2,9166666667e+01, 7,7401666667e+00, 4,6009316667e+04
 1500588900, 1,6941666667e+02, 1,1600000000e+02, 3,5066666667e+01, 7,4333333333e+00, 5,1948033333e+04
 1500589200, 1,6500000000e+02, 1,1600000000e+02, 2,8000000000e+01, 6,9733333333e+00, 5,1972833333e+04
 1500589500, 1,6500000000e+02, 1,1600000000e+02, 2,8000000000e+01, 6,7001666667e+00, 5,1973166667e+04
 1500589800, 1,6500000000e+02, 1,1600000000e+02, 2,8000000000e+01, 6,4366666667e+00, 5,1973116667e+04
 1500590100, 1,6500000000e+02, 1,1600000000e+02, 2,8000000000e+01, 6,2668333333e+00, 5,1972800000e+04
 1500590400, 1,6025000000e+02, 1,1283333333e+02, 2,7366666667e+01, 6,0485000000e+00, 5,1926833333e+04
 1500590700, 1,5175000000e+02, 1,0716666667e+02, 2,6233333333e+01, 6,1681666667e+00, 5,1972200000e+04
 1500591000, 1,6500000000e+02, 1,1600000000e+02, 2,8000000000e+01, 6,0630000000e+00, 4,6930883333e+04
 1500591300, 1,5125000000e+02, 1,0500000000e+02, 2,6166666667e+01, 6,4488333333e+00, 7,2919333333e+03
 1500591600, 1,5358333333e+02, 1,0830000000e+02, 2,6000000000e+01, 6,8791666667e+00, 2,8376616667e+04
 1500591900, 1,5500000000e+02, 1,1103333333e+02, 2,6000000000e+01, 7,1903333333e+00, 4,1836766667e+04
 1500592200, 1,5658333333e+02, 1,1200000000e+02, 2,6000000000e+01, 7,4121666667e+00, 4,1837033333e+04
 1500592500, 1,6000000000e+02, 1,1200000000e+02, 2,6000000000e+01, 7,5743333333e+00, 4,1838233333e+04
 1500592800, 1,6000000000e+02, 1,1200000000e+02, 2,6000000000e+01, 7,6996666667e+00, 4,1838683333e+04
 1500593100, 1,6000000000e+02, 1,1200000000e+02, 2,6000000000e+01, 7,7833333333e+00, 4,1753366667e+04
 1500593400, 1,0625000000e+02, 5,8966666667e+01, 2,6000000000e+01, 7,6535000000e+00, 4,9946333333e+04
 1500593700, 1,2633333333e+02, 7,8300000000e+01, 2,7033333333e+01, 7,2675000000e+00, 5,1974883333e+04
 1500594000, 1,6500000000e+02, 1,1600000000e+02, 2,8000000000e+01, 6,8424666667e+00, 5,1994990000e+04
 1500594300, 1,6500000000e+02, 1,1600000000e+02, 2,8000000000e+01, 6,4805000000e+00, 5,1981333333e+04
 1500594600, 1,6500000000e+02, 1,1600000000e+02, 2,8000000000e+01, 6,2738333333e+00, 5,1984666667e+04
 1500594900, 1,6500000000e+02, 1,1600000000e+02, 2,8000000000e+01, 6,1133333333e+00, 5,1973600000e+04
 1500595200, 1,6500000000e+02, 1,1600000000e+02, 2,8000000000e+01, 5,8655000000e+00, 5,1996716667e+04
 1500595500, 1,0816666667e+02, 6,9500000000e+01, 1,9733333333e+01, 5,4263333333e+00, 1,1739850000e+04
 1500595800, 5,5000000000e+01, 2,5366666667e+01, 1,2000000000e+01, 4,0013000000e+00, 6,7520600000e+03
 1500596100, 5,5000000000e+01, 2,4000000000e+01, 1,1766666667e+01, 2,9478666667e+00, 6,7521166667e+03
 1500596400, 5,5000000000e+01, 2,4000000000e+01, 1,0000000000e+01, 2,1623333333e+00, 6,7522833333e+03
 1500596700, 5,5000000000e+01, 2,4000000000e+01, 1,1833333333e+01, 1,5788333333e+00, 6,7522000000e+03
 1500597000, 5,5000000000e+01, 2,4000000000e+01, 1,2000000000e+01, 1,1528333333e+00, 6,7513166667e+03
 1500597300, 5,5000000000e+01, 2,4000000000e+01, 1,2000000000e+01, 8,4483333333e-01, 6,7520000000e+03
 1500597600, 5,5000000000e+01, 2,4000000000e+01, 1,2000000000e+01, 6,2183333333e-01, 6,7518000000e+03
 1500597900, 5,5000000000e+01, 2,4000000000e+01, 1,2000000000e+01, 4,6166666667e-01, 6,7523166667e+03
 1500598200, 5,5000000000e+01, 2,4000000000e+01, 1,1786666667e+01, 3,5580000000e-01, 6,7524933333e+03
 1500598500, 5,5000000000e+01, 2,4000000000e+01, 1,0000000000e+01, 2,6550000000e-01, 6,7522833333e+03
 1500598800, 5,5000000000e+01, 2,4000000000e+01, 1,1833333333e+01, 2,0133333333e-01, 6,7528333333e+03
 1500599100, 5,5000000000e+01, 2,4000000000e+01, 1,2000000000e+01, 1,5533333333e-01, 6,7519666667e+03
 1500599400, 5,5000000000e+01, 2,4000000000e+01, 1,2000000000e+01, 1,2583333333e-01, 6,7516733333e+03
 1500599700, 5,5000000000e+01, 2,4000000000e+01, 1,2000000000e+01, 1,0780000000e-01, 6,7525633333e+03
 1500600000, 5,5000000000e+01, 2,4000000000e+01, 1,2000000000e+01, 8,3666666667e-02, 6,7524500000e+03
 1500600300, 5,5000000000e+01, 2,4000000000e+01, 1,2000000000e+01, 6,7666666667e-02, 6,7520833333e+03
 1500600600, 5,5000000000e+01, 2,4000000000e+01, 1,2000000000e+01, 5,8000000000e-02, 6,7515166667e+03
 1500600900, 5,5000000000e+01, 2,4000000000e+01, 1,2000000000e+01, 5,2833333333e-02, 6,7526000000e+03
 1500601200, 5,5000000000e+01, 2,4000000000e+01, 1,2000000000e+01, 5,0000000000e-02, 6,7523166667e+03
 1500601500, 5,5000000000e+01, 2,4000000000e+01, 1,2000000000e+01, 5,0000000000e-02, 6,7520833333e+03
 1500601800, 5,5000000000e+01, 2,4000000000e+01, 1,2000000000e+01, 5,0000000000e-02, 6,7521166667e+03
 1500602100, 5,5000000000e+01, 2,4000000000e+01, 1,2000000000e+01, 5,7166666667e-02, 6,7520833333e+03
 1500602400, 5,5000000000e+01, 2,5833333333e+01, 1,2000000000e+01, 5,8000000000e-02, 6,7525166667e+03
 1500602700, 5,5000000000e+01, 2,4566666667e+01, 1,2000000000e+01, 5,8000000000e-02, 6,7534000000e+03
 1500603000, 5,5000000000e+01, 2,4000000000e+01, 1,2000000000e+01, 5,2833333333e-02, 6,7526000000e+03
 1500603300, 5,5000000000e+01, 2,4000000000e+01, 1,1366666667e+01, 5,0000000000e-02, 6,7528833333e+03
 1500603600, 5,5000000000e+01, 2,4000000000e+01, 1,0233333333e+01, 5,0000000000e-02, 6,7520833333e+03
 1500603900, 5,5000000000e+01, 2,4000000000e+01, 1,2000000000e+01, 5,0000000000e-02, 6,7514000000e+03
 1500604200, 5,5000000000e+01, 2,4000000000e+01, 1,2000000000e+01, 5,2000000000e-02, 6,7517166667e+03
 1500604500, 5,5000000000e+01, 2,4000000000e+01, 1,2000000000e+01, 5,0000000000e-02, 6,7529166667e+03
 1500604800, 5,5000000000e+01, 2,4000000000e+01, 1,0966666667e+01, 5,0000000000e-02, 6,7522833333e+03
 1500605100, 5,5000000000e+01, 2,4000000000e+01, 1,0633333333e+01, 5,0000000000e-02, 6,7523166667e+03
 1500605400, 5,5000000000e+01, 2,4000000000e+01, 1,2000000000e+01, 5,0000000000e-02, 6,7516833333e+03
 1500605700, 5,5000000000e+01, 2,4000000000e+01, 1,2000000000e+01, 5,0000000000e-02, 6,7520000000e+03
 1500606000, 5,5000000000e+01, 2,4000000000e+01, 1,2000000000e+01, 5,0000000000e-02, 6,7527166667e+03
 1500606300, 5,5000000000e+01, 2,4000000000e+01, 1,2000000000e+01, 5,0000000000e-02, 6,7528000000e+03
 1500606600, 5,5000000000e+01, 2,4000000000e+01, 1,2000000000e+01, 5,0000000000e-02, 6,7536000000e+03
 1500606900, 5,5000000000e+01, 2,4000000000e+01, 1,2000000000e+01, 5,0000000000e-02, 6,7526000000e+03
 1500607200, 5,5000000000e+01, 2,4200000000e+01, 1,2000000000e+01, 5,0000000000e-02, 6,7525833333e+03
 1500607500, 5,5000000000e+01, 2,6000000000e+01, 1,2000000000e+01, 5,4000000000e-02, 6,7532000000e+03
 1500607800, 5,5000000000e+01, 2,4166666667e+01, 1,0166666667e+01, 5,0000000000e-02, 6,7528000000e+03
 1500608100, 5,5000000000e+01, 2,4000000000e+01, 1,1433333333e+01, 5,1166666667e-02, 6,7532833333e+03
 1500608400, 5,5000000000e+01, 2,4000000000e+01, 1,2000000000e+01, 5,6833333333e-02, 6,7525166667e+03
 1500608700, 5,5000000000e+01, 2,4000000000e+01, 1,2000000000e+01, 5,7166666667e-02, 6,7538333333e+03
 1500609000, 5,5000000000e+01, 2,4000000000e+01, 1,1766666667e+01, 5,2000000000e-02, 6,7534833333e+03
 1500609300, 5,5000000000e+01, 2,4000000000e+01, 1,0000000000e+01, 5,6833333333e-02, 6,7536833333e+03
 1500609600, 5,5000000000e+01, 2,4000000000e+01, 1,1833333333e+01, 5,0000000000e-02, 6,7548333333e+03
 1500609900, 5,5000000000e+01, 2,4000000000e+01, 1,2000000000e+01, 5,0000000000e-02, 6,7542833333e+03
 1500610200, 5,5000000000e+01, 2,4000000000e+01, 1,2000000000e+01, 5,0000000000e-02, 6,7533666667e+03
 1500610500, 5,5000000000e+01, 2,4000000000e+01, 1,1366666667e+01, 5,0000000000e-02, 6,7533500000e+03
 1500610800, 5,5000000000e+01, 2,4000000000e+01, 1,0233333333e+01, 5,0000000000e-02, 6,7544833333e+03
 1500611100, 5,5000000000e+01, 2,4000000000e+01, 1,2000000000e+01, 5,0000000000e-02, 6,7544000000e+03
 1500611400, 5,5000000000e+01, 2,4000000000e+01, 1,2000000000e+01, 5,0000000000e-02, 6,7542000000e+03
 1500611700, 5,5000000000e+01, 2,4000000000e+01, 1,0566666667e+01, 5,0000000000e-02, 6,7540833333e+03
 1500612000, 5,5000000000e+01, 2,4000000000e+01, 1,1033333333e+01, 5,0000000000e-02, 6,7544333333e+03
 1500612300, 5,5000000000e+01, 2,4000000000e+01, 1,2000000000e+01, 5,0000000000e-02, 6,7546000000e+03
 1500612600, 5,5000000000e+01, 2,4000000000e+01, 1,2000000000e+01, 5,2000000000e-02, 6,7543166667e+03
 1500612900, 5,5000000000e+01, 2,4000000000e+01, 1,2000000000e+01, 5,0000000000e-02, 6,7539666667e+03
 1500613200, 5,5000000000e+01, 2,4000000000e+01, 1,0166666667e+01, 5,0000000000e-02, 6,7543166667e+03
 1500613500, 5,5000000000e+01, 2,4000000000e+01, 1,1433333333e+01, 5,0000000000e-02, 6,7548000000e+03
 1500613800, 5,5000000000e+01, 2,4000000000e+01, 1,2000000000e+01, 5,0000000000e-02, 6,7544833333e+03
 1500614100, 5,5000000000e+01, 2,4000000000e+01, 1,2000000000e+01, 5,0000000000e-02, 6,7534000000e+03
 1500614400, 5,5000000000e+01, 2,4000000000e+01, 1,2000000000e+01, 5,4333333333e-02, 6,7542000000e+03
 1500614700, 5,5000000000e+01, 2,4000000000e+01, 1,2000000000e+01, 6,0833333333e-02, 6,7544000000e+03
 1500615000, 5,5000000000e+01, 2,4000000000e+01, 1,2000000000e+01, 5,2833333333e-02, 6,7546333333e+03
 1500615300, 5,5000000000e+01, 2,4000000000e+01, 1,2000000000e+01, 5,0000000000e-02, 6,7537666667e+03
 1500615600, 5,5000000000e+01, 2,4000000000e+01, 1,2000000000e+01, 5,0000000000e-02, 6,7546000000e+03
 1500615900, 5,5000000000e+01, 2,4000000000e+01, 1,2000000000e+01, 5,4000000000e-02, 6,7538000000e+03
 1500616200, 5,5000000000e+01, 2,4233333333e+01, 1,2000000000e+01, 5,0000000000e-02, 6,7534000000e+03
 1500616500, 5,5000000000e+01, 2,6000000000e+01, 1,2000000000e+01, 5,2000000000e-02, 6,7536833333e+03
 1500616800, 5,5000000000e+01, 2,4166666667e+01, 1,2000000000e+01, 5,0000000000e-02, 6,7539166667e+03
 1500617100, 5,5000000000e+01, 2,4000000000e+01, 1,2000000000e+01, 5,0000000000e-02, 6,7542000000e+03
 1500617400, 5,5000000000e+01, 2,4000000000e+01, 1,2000000000e+01, 5,1166666667e-02, 6,7536000000e+03
 1500617700, 5,5000000000e+01, 2,4000000000e+01, 1,2000000000e+01, 5,0833333333e-02, 6,7548000000e+03
 1500618000, 5,5000000000e+01, 2,4000000000e+01, 1,2000000000e+01, 5,0000000000e-02, 6,7542000000e+03
 1500618300, 5,5000000000e+01, 2,4000000000e+01, 1,2000000000e+01, 5,0000000000e-02, 6,7548000000e+03
 1500618600, 5,5000000000e+01, 2,4000000000e+01, 1,2000000000e+01, 5,0000000000e-02, 6,7536833333e+03
 1500618900, 5,5000000000e+01, 2,4000000000e+01, 1,2000000000e+01, 5,0000000000e-02, 6,7537166667e+03
 1500619200, 5,5000000000e+01, 2,4000000000e+01, 1,2000000000e+01, 5,0000000000e-02, 6,7544000000e+03
 1500619500, 5,5000000000e+01, 2,4000000000e+01, 1,2000000000e+01, 5,0000000000e-02, 6,7540000000e+03
 1500619800, 5,5000000000e+01, 2,4000000000e+01, 1,2000000000e+01, 5,0000000000e-02, 6,7541166667e+03
 1500620100, 5,5000000000e+01, 2,4000000000e+01, 1,2000000000e+01, 5,0000000000e-02, 6,7538500000e+03
 1500620400, 5,5000000000e+01, 2,4000000000e+01, 1,2000000000e+01, 5,0000000000e-02, 6,7534333333e+03
 1500620700, 5,5000000000e+01, 2,4000000000e+01, 1,2000000000e+01, 5,6333333333e-02, 6,7542000000e+03
 1500621000, 5,5000000000e+01, 2,4000000000e+01, 1,2000000000e+01, 7,2000000000e-02, 6,7537666667e+03
 1500621300, 5,5000000000e+01, 2,4000000000e+01, 1,1366666667e+01, 6,2833333333e-02, 6,7539500000e+03
 1500621600, 5,5000000000e+01, 2,4000000000e+01, 1,0233333333e+01, 5,0833333333e-02, 6,7540000000e+03
 1500621900, 5,5000000000e+01, 2,4000000000e+01, 1,2000000000e+01, 5,0000000000e-02, 6,7548000000e+03
 1500622200, 5,5000000000e+01, 2,4000000000e+01, 1,2000000000e+01, 5,0000000000e-02, 6,7540000000e+03
 1500622500, 5,5000000000e+01, 2,4000000000e+01, 1,2000000000e+01, 5,0000000000e-02, 6,7544000000e+03
 1500622800, 5,5000000000e+01, 2,4000000000e+01, 1,2000000000e+01, 5,0000000000e-02, 6,7544833333e+03
 1500623100, 5,5000000000e+01, 2,4000000000e+01, 1,1366666667e+01, 5,0000000000e-02, 6,7541166667e+03
 1500623400, -nan, 2,4000000000e+01, 1,0233333333e+01, 5,0000000000e-02, 6,7542000000e+03
 1500623700, -nan, -nan, 1,2000000000e+01, 5,0000000000e-02, 6,7536833333e+03
 1500624000, -nan, -nan, 1,2000000000e+01, 5,2333333333e-02, 6,7553166667e+03
 1500624300, -nan, -nan, 1,9166666667e+01, -nan, 6,7661666667e+03
 1500624600, -nan, -nan, 2,3033333333e+01, -nan, 6,7656000000e+03
 1500624900, -nan, -nan, 2,4000000000e+01, -nan, 6,7657166667e+03
 1500625200, -nan, -nan, 2,3766666667e+01, -nan, 6,7652833333e+03
 1500625500, -nan, -nan, 2,2000000000e+01, -nan, 6,7643166667e+03
 1500625800, -nan, -nan, 2,3833333333e+01, -nan, 6,7658000000e+03
 1500626100, -nan, -nan, -nan, -nan, -nan
 1500626400, -nan, -nan, -nan, -nan, -nan
 1500626700, -nan, -nan, -nan, -nan, -nan
 1500627000, -nan, -nan, -nan, -nan, -nan
 1500627300, -nan, -nan, -nan, -nan, -nan
